-0.036741 -0.012918 0.10458 0.01165 -0.064261 0.066202 -0.031244 0.46776 -0.26326 -0.77192 0.24022 -0.16639 0.43971 -0.81716 0.83156 -0.16896 -0.71254 0.7433 0.41763 -0.73473 -0.68554 0.44713 0.65802 -0.54082 -0.92025 -0.89028 -0.77823 -0.58795 -0.37191 -0.10515 0.29273 0.69595 0.9298 0.832 0.43878 -0.086829 -0.55787 -0.85206 -0.94744 -0.85671 -0.6298 -0.31165 0.032164 0.35126 0.61969 0.81733 0.92975 0.95375 0.88625
-0.039117 -0.049494 -0.095307 -0.13391 -0.1439 0.13672 -0.41994 -0.66141 -0.45069 0.57967 0.044882 0.11657 -0.58274 0.92765 -0.55158 -0.44149 0.90239 -0.0288 -0.9179 -0.18226 0.79385 0.66353 -0.72872 -0.69025 -0.037418 0.23502 0.45349 0.64886 0.78493 0.89107 0.94687 0.81612 0.43029 -0.10477 -0.59942 -0.89837 -0.94254 -0.775 -0.46554 -0.096699 0.26199 0.57724 0.80416 0.93057 0.96155 0.90414 0.77065 0.57366 0.32174
0.026788 -0.0019806 0.087798 -0.062668 -0.10862 0.12604 -0.2656 -0.10471 0.76517 -0.36433 -0.087362 -0.30056 0.83253 -0.8169 -0.1049 0.91199 -0.34046 -0.82103 0.3369 0.92282 0.33151 -0.69801 -0.5415 0.59617 0.93255 0.93858 0.90582 0.82834 0.7314 0.58812 0.29882 -0.11798 -0.58024 -0.89014 -0.94131 -0.73843 -0.37191 0.035116 0.41632 0.71034 0.89183 0.96201 0.92368 0.80004 0.61215 0.37951 0.12468 -0.13811 -0.39844
-0.0022422 0.055459 -0.0052129 0.079963 -0.036423 -0.14019 0.5607 0.69288 -0.8081 0.30365 -0.082484 0.63625 -0.94212 0.26248 0.80755 -0.59811 -0.66024 0.64717 0.77754 -0.15861 -0.88327 -0.6259 0.6957 0.80259 0.31948 0.14845 0.0064197 -0.15052 -0.28004 -0.43319 -0.67737 -0.88966 -0.94733 -0.76324 -0.3842 0.074597 0.48988 0.78008 0.9356 0.95524 0.86281 0.67968 0.44166 0.18214 -0.081414 -0.33279 -0.55438 -0.73841 -0.87761
0.041345 -0.017148 -0.13597 0.13213 0.015104 -0.31851 -0.17974 -0.88872 0.79966 -0.41892 0.43389 -0.92898 0.59363 0.5813 -0.81071 -0.45046 0.80807 0.54897 -0.5726 -0.91828 -0.35507 0.59859 0.73497 -0.27241 -0.75778 -0.83073 -0.87836 -0.9171 -0.93746 -0.95035 -0.92567 -0.77236 -0.43377 0.019434 0.46455 0.79321 0.94861 0.93881 0.79979 0.57426 0.30566 0.012867 -0.26346 -0.50135 -0.69618 -0.84218 -0.93318 -0.96866 -0.94493
0.027497 -0.0064156 -0.075603 0.091231 -0.059715 0.28237 -0.29189 0.90564 -0.83408 0.66323 -0.82938 0.82924 0.25461 -0.94395 -0.17202 0.9124 0.34923 -0.78571 -0.75532 0.069755 0.79658 0.83428 -0.33986 -0.94246 -0.8138 -0.76362 -0.72721 -0.67023 -0.62256 -0.54251 -0.33248 -0.0044482 0.40622 0.75329 0.9406 0.93618 0.7689 0.50887 0.19897 -0.11078 -0.3875 -0.62637 -0.80257 -0.91312 -0.96446 -0.96006 -0.90405 -0.79995 -0.64612
-0.017138 -0.037782 0.022072 -0.028508 -0.092022 0.12991 0.57651 -0.91349 0.88298 -0.88916 0.94601 -0.11326 -0.94362 0.175 0.9537 0.12211 -0.88599 -0.55221 0.45574 0.93287 0.68579 -0.14377 -0.93573 -0.41902 0.078079 0.13019 0.15719 0.20558 0.23678 0.30532 0.4998 0.73428 0.92253 0.95041 0.79846 0.50909 0.15806 -0.17707 -0.47535 -0.70679 -0.8627 -0.95042 -0.9676 -0.9263 -0.83696 -0.70734 -0.54719 -0.36044 -0.14624
0.040657 0.053372 0.048293 -0.12637 0.20423 -0.4601 -0.70227 0.95014 -0.81907 0.82828 -0.44518 -0.7879 0.53705 0.88476 -0.16388 -0.94615 -0.38214 0.67556 0.90489 0.36987 -0.3809 -0.91459 -0.39811 0.554 0.86075 0.86788 0.86796 0.87471 0.87475 0.89125 0.94675 0.95563 0.83982 0.57703 0.21592 -0.16824 -0.5032 -0.74457 -0.89906 -0.96496 -0.95502 -0.88021 -0.75638 -0.60179 -0.4244 -0.23152 -0.033745 0.16662 0.37006
0.025802 0.025369 0.00016355 -0.023632 -0.017165 0.59407 0.74686 -0.94205 0.47376 -0.26018 -0.51112 0.82971 0.65891 -0.49898 -0.94565 -0.17432 0.79764 0.80058 0.010537 -0.68359 -0.94767 -0.61194 0.54817 0.94874 0.82581 0.83568 0.85746 0.86242 0.87227 0.86425 0.78611 0.6072 0.29601 -0.081325 -0.44651 -0.73432 -0.90786 -0.96807 -0.93817 -0.83815 -0.69124 -0.50413 -0.3017 -0.10037 0.097593 0.2879 0.46233 0.62049 0.7621
-0.048928 -0.048336 -0.10409 0.077758 -0.26109 -0.62506 -0.72749 0.73849 0.18824 -0.59577 0.97775 0.27949 -0.80743 -0.82377 0.11012 0.90156 0.69392 -0.23808 -0.88005 -0.88198 -0.44121 0.31199 0.94312 0.49345 0.11549 0.16687 0.23629 0.27551 0.32448 0.33072 0.19788 -0.042184 -0.36884 -0.67154 -0.88124 -0.9667 -0.9328 -0.8154 -0.63832 -0.43061 -0.21475 0.010406 0.22003 0.40423 0.56622 0.70514 0.81646 0.9009 0.95675
-0.023382 -0.016066 -0.16407 -0.13026 0.43198 0.6501 0.59067 -0.21321 -0.83234 0.93123 -0.18094 -0.97783 -0.52407 0.46586 0.96831 0.53551 -0.40531 -0.94528 -0.70149 -0.11348 0.49215 0.91894 0.5212 -0.33497 -0.65271 -0.58964 -0.51035 -0.45124 -0.38131 -0.3532 -0.46215 -0.64299 -0.84172 -0.95602 -0.94955 -0.82804 -0.62665 -0.3959 -0.14869 0.088359 0.30079 0.49659 0.65734 0.78083 0.87342 0.93673 0.96979 0.97331 0.94375
-0.024952 -0.049973 -0.0010331 0.082334 -0.48889 -0.70636 -0.25509 -0.52756 0.81832 -0.15501 -0.91973 -0.055432 0.80749 0.92226 0.27422 -0.59332 -0.95741 -0.52343 0.22452 0.74383 0.95319 0.74416 -0.28474 -0.89578 -0.96241 -0.95548 -0.93537 -0.90697 -0.86653 -0.84182 -0.88923 -0.94962 -0.96288 -0.87279 -0.68118 -0.42012 -0.13683 0.12265 0.36004 0.55826 0.71318 0.83585 0.91729 0.96166 0.97558 0.96164 0.92163 0.85529 0.75736
0.0024696 -0.098407 0.2234 0.098111 0.50599 0.76474 -0.28149 0.99457 0.082027 -0.87869 0.47567 0.98783 0.66834 -0.11642 -0.80593 -0.9299 -0.37453 0.44367 0.90666 0.91696 0.62632 0.020273 -0.86598 -0.86532 -0.69157 -0.78164 -0.86365 -0.90923 -0.94234 -0.95483 -0.94547 -0.8884 -0.73966 -0.50295 -0.21058 0.094393 0.36899 0.58388 0.75253 0.86959 0.93983 0.97301 0.9698 0.93824 0.88286 0.80592 0.71087 0.5961 0.45511
-0.029636 -0.109 -0.048874 -0.29565 -0.54434 -0.73086 0.80142 -0.61274 -0.93432 0.53878 0.86886 0.1766 -0.57652 -0.96924 -0.80841 -0.16416 0.59103 0.95698 0.77527 0.35237 -0.14767 -0.69167 -0.88874 -0.33958 -0.063394 -0.22802 -0.39641 -0.51939 -0.63446 -0.70121 -0.66247 -0.53178 -0.29221 0.00076611 0.29837 0.56014 0.75765 0.88251 0.95351 0.97564 0.95925 0.9094 0.83475 0.74464 0.64024 0.52264 0.39599 0.25744 0.10002
0.02437 -0.070276 -0.24525 0.43095 0.62366 0.47588 -0.86873 -0.46049 0.46015 0.76647 -0.44175 -0.93216 -0.93424 -0.50971 0.15343 0.758 0.96098 0.62122 0.034235 -0.4479 -0.7969 -0.95717 -0.41233 0.34197 0.57038 0.4051 0.21672 0.056272 -0.10846 -0.21876 -0.17883 -0.0298 0.21899 0.48197 0.70848 0.86952 0.95488 0.97514 0.94752 0.88405 0.79704 0.68517 0.5625 0.43766 0.3082 0.17384 0.038688 -0.10095 -0.25156
0.052966 0.004074 0.31327 -0.50921 -0.71316 0.053279 0.20484 1 0.78194 -0.5992 -0.95331 -0.56526 0.0024531 0.56189 0.92533 0.91849 0.47949 -0.1955 -0.70709 -0.92727 -0.94505 -0.6854 0.25576 0.83684 0.93098 0.84894 0.72315 0.5883 0.43125 0.31088 0.33611 0.45872 0.65153 0.82471 0.93721 0.97525 0.9454 0.87158 0.76428 0.63885 0.50658 0.35988 0.21542 0.079805 -0.052344 -0.18252 -0.30711 -0.43002 -0.55644
0.035772 0.025488 -0.15887 0.56913 0.7234 -0.66323 0.73256 -0.11179 -0.64 -0.82329 0.11351 0.60809 0.91722 0.98262 0.76082 0.26105 -0.36921 -0.84542 -0.96179 -0.83792 -0.57301 -0.080576 0.78109 0.9564 0.91004 0.96374 0.96202 0.91082 0.81984 0.73132 0.74089 0.81284 0.91333 0.97066 0.96033 0.88343 0.75889 0.61716 0.45951 0.30135 0.15105 -0.0037555 -0.14633 -0.27264 -0.38985 -0.5002 -0.60087 -0.69528 -0.78671
-0.013718 -0.078101 -0.061777 -0.63695 -0.52604 0.87937 -0.85486 -0.97353 -0.75609 0.40456 0.99457 0.95841 0.7531 0.39246 -0.087057 -0.58789 -0.92339 -0.91983 -0.63578 -0.29757 0.06972 0.53875 0.95948 0.70119 0.56356 0.75288 0.89271 0.95629 0.97017 0.94838 0.95176 0.96924 0.97034 0.91593 0.80045 0.63691 0.45115 0.27389 0.097269 -0.065576 -0.21 -0.35088 -0.47345 -0.57623 -0.66686 -0.7478 -0.81706 -0.87708 -0.92884
-0.095353 -0.082523 0.24536 0.70352 0.04797 -0.32437 -0.19018 0.34601 0.57008 0.96749 0.47504 0.14282 -0.20326 -0.54747 -0.83846 -0.97685 -0.84764 -0.44129 0.024072 0.3708 0.65774 0.91181 0.76481 0.20846 0.046485 0.3219 0.57389 0.74764 0.87492 0.93706 0.94698 0.92077 0.83769 0.69651 0.50926 0.29677 0.086552 -0.095064 -0.26309 -0.408 -0.5288 -0.64044 -0.7315 -0.80274 -0.86103 -0.90853 -0.94409 -0.96878 -0.98118
-0.025091 0.16238 -0.36795 -0.71317 0.56711 -0.63176 0.98475 0.94604 0.88956 0.076131 -0.64381 -0.81217 -0.93739 -0.99327 -0.93237 -0.69341 -0.26015 0.26273 0.64922 0.84807 0.95297 0.92573 0.31066 -0.3327 -0.46448 -0.18136 0.11967 0.36735 0.58647 0.72836 0.75459 0.70239 0.56304 0.37036 0.15006 -0.073423 -0.27505 -0.4358 -0.57472 -0.68639 -0.77283 -0.84688 -0.9013 -0.93848 -0.96361 -0.97818 -0.98175 -0.97389 -0.95084
0.0076302 0.059423 0.44046 0.57087 -0.88956 0.87851 -0.13851 -0.28608 -0.24309 -0.90807 -0.97816 -0.91347 -0.81571 -0.64718 -0.37553 0.010778 0.45274 0.81134 0.95788 0.95785 0.87751 0.61822 -0.22589 -0.75558 -0.82928 -0.61926 -0.34506 -0.078826 0.18873 0.38743 0.43312 0.37298 0.20894 0.0011984 -0.21606 -0.41849 -0.58632 -0.70909 -0.80648 -0.87706 -0.92495 -0.95921 -0.97704 -0.98195 -0.97677 -0.96211 -0.93814 -0.90291 -0.85063
0.002864 -0.19648 -0.47166 -0.1947 0.48995 0.084167 -0.97805 -0.99241 -0.99797 -0.71773 -0.23923 -0.15272 -0.028395 0.15515 0.40381 0.68631 0.9112 0.96829 0.85685 0.70066 0.50078 0.12538 -0.67688 -0.95895 -0.9732 -0.89685 -0.71742 -0.49184 -0.22908 -0.0085815 0.052439 -0.0016412 -0.16185 -0.3534 -0.53912 -0.69759 -0.81579 -0.89178 -0.94281 -0.97088 -0.9813 -0.9783 -0.96343 -0.94073 -0.91046 -0.8722 -0.82667 -0.77051 -0.69633
0.035983 0.12622 0.45105 -0.37203 0.45163 -0.95927 0.1795 -0.035824 -0.34904 0.31521 0.72191 0.71948 0.7574 0.83012 0.9215 0.98091 0.92717 0.71071 0.43136 0.20851 -0.021841 -0.38637 -0.92999 -0.91745 -0.8887 -0.97316 -0.93357 -0.79817 -0.59126 -0.38792 -0.32147 -0.36144 -0.49629 -0.64904 -0.78446 -0.886 -0.94783 -0.97548 -0.98148 -0.97054 -0.94827 -0.91375 -0.87239 -0.82836 -0.77938 -0.72403 -0.66345 -0.59315 -0.50461
0.053815 -0.037847 -0.3471 0.85573 -0.94865 0.24428 1 0.95885 0.74148 0.98288 0.98714 0.99056 0.99176 0.97633 0.92404 0.79318 0.54223 0.18534 -0.13145 -0.33329 -0.51966 -0.7763 -0.94466 -0.66868 -0.6201 -0.85632 -0.97168 -0.9574 -0.84581 -0.69509 -0.63615 -0.65989 -0.75632 -0.85727 -0.93344 -0.97418 -0.98044 -0.96377 -0.93048 -0.8872 -0.83924 -0.78065 -0.72011 -0.66157 -0.60047 -0.53455 -0.46525 -0.38727 -0.29146
-0.071383 0.040335 0.12247 -0.8314 0.23291 0.93302 0.039801 0.55401 0.92203 0.64257 0.39645 0.52037 0.58036 0.56647 0.46497 0.25888 -0.045924 -0.38887 -0.6324 -0.758 -0.86002 -0.96068 -0.7442 -0.28872 -0.24101 -0.5896 -0.84556 -0.96103 -0.96719 -0.8955 -0.85714 -0.86718 -0.92019 -0.96521 -0.98162 -0.96497 -0.92207 -0.86873 -0.80453 -0.73727 -0.67147 -0.59684 -0.52451 -0.45801 -0.39095 -0.32041 -0.24805 -0.16808 -0.071208
-0.26379 -0.10094 0.22665 0.11611 0.86084 -0.30701 -0.98194 -0.58213 0.071182 -0.29168 -0.4935 -0.29243 -0.16415 -0.12641 -0.19408 -0.36446 -0.59788 -0.81519 -0.92695 -0.96169 -0.97473 -0.91964 -0.39479 0.13353 0.16754 -0.23466 -0.59338 -0.82598 -0.95374 -0.97538 -0.96826 -0.96997 -0.98114 -0.97324 -0.93581 -0.87028 -0.78812 -0.70769 -0.62206 -0.53955 -0.46367 -0.38066 -0.30333 -0.23463 -0.16691 -0.096781 -0.026044 0.051235 0.14404
-0.16125 0.16348 -0.61342 0.78535 -0.62785 -0.96124 -0.47471 -0.96455 -0.83506 -0.94929 -0.99362 -0.8951 -0.79519 -0.73646 -0.74928 -0.82925 -0.9285 -0.97787 -0.95492 -0.91638 -0.86151 -0.68632 0.018964 0.51712 0.5339 0.14358 -0.26557 -0.58584 -0.82204 -0.93857 -0.96926 -0.96904 -0.94456 -0.89173 -0.81054 -0.70763 -0.59776 -0.5003 -0.40265 -0.3131 -0.23404 -0.14939 -0.072795 -0.0065958 0.057596 0.12336 0.18886 0.25987 0.34467
0.11588 -0.21177 0.83126 -0.89267 -0.69477 0.13125 0.71244 -0.21807 -0.91604 -0.82323 -0.79801 -0.95219 -1 -0.99741 -0.9904 -0.98733 -0.95603 -0.85811 -0.73719 -0.65909 -0.56892 -0.32717 0.41519 0.80198 0.8058 0.48811 0.085682 -0.2821 -0.6004 -0.80181 -0.87204 -0.87578 -0.82446 -0.73755 -0.62483 -0.49717 -0.37131 -0.26629 -0.16509 -0.075571 0.00095115 0.081768 0.15315 0.21336 0.27096 0.32954 0.38727 0.44948 0.52347
-0.13201 0.26401 -0.63644 -0.098656 0.76203 0.99855 0.92087 0.74266 -0.17343 -0.081936 -0.099666 -0.48653 -0.72361 -0.83548 -0.86034 -0.81816 -0.70355 -0.51682 -0.35149 -0.26804 -0.17401 0.078986 0.72915 0.95437 0.95418 0.75653 0.41421 0.043173 -0.32252 -0.58976 -0.69643 -0.70853 -0.64004 -0.53096 -0.39937 -0.25928 -0.12822 -0.023823 0.073847 0.15772 0.2274 0.3003 0.36329 0.41518 0.46423 0.51383 0.56223 0.61413 0.67556
-0.11086 -0.34894 -0.017642 1 0.66753 0.26806 -0.035544 0.92548 0.69562 0.6968 0.63706 0.2124 -0.1364 -0.35583 -0.44104 -0.40641 -0.26843 -0.060521 0.099142 0.16386 0.23964 0.45841 0.92038 0.96611 0.97216 0.92353 0.68446 0.35266 -0.022359 -0.33041 -0.46634 -0.48911 -0.41271 -0.29294 -0.15433 -0.012874 0.11421 0.21147 0.3002 0.37435 0.43429 0.49655 0.54916 0.59146 0.63099 0.67074 0.70912 0.75 0.79802
0.69736 0.48619 0.74856 -0.43472 -0.72138 -0.85636 -0.93183 0.23084 1 1 1 0.78927 0.48868 0.23676 0.10499 0.1069 0.22052 0.39488 0.5149 0.55119 0.59904 0.75402 0.97366 0.85003 0.8709 0.98033 0.87345 0.61697 0.26963 -0.05149 -0.20644 -0.24005 -0.16363 -0.043322 0.092109 0.22578 0.34168 0.42705 0.50312 0.56495 0.61352 0.66364 0.70498 0.73732 0.76713 0.79692 0.82527 0.85514 0.88965
-0.2971 -0.66769 -0.87794 -0.84525 -0.79802 -0.76663 -0.78097 -0.64498 0.56847 0.68658 0.83718 1 0.90749 0.73175 0.60304 0.57611 0.64237 0.75255 0.81917 0.83056 0.85211 0.93085 0.89566 0.63349 0.67414 0.932 0.97055 0.81605 0.52877 0.22217 0.060198 0.017551 0.087902 0.20054 0.32468 0.44358 0.54313 0.6136 0.67483 0.72308 0.75976 0.7973 0.82734 0.85006 0.87059 0.89089 0.90976 0.92915 0.95063
-0.69845 0.83886 0.10907 0.67402 0.49297 0.32976 0.17385 -0.96122 -0.23816 -0.0080943 0.2769 0.79238 0.98955 0.98312 0.91973 0.88992 0.91065 0.95106 0.96826 0.96698 0.97161 0.97644 0.70914 0.35157 0.41256 0.79386 0.97592 0.93912 0.73729 0.47019 0.31377 0.26542 0.32559 0.42451 0.53149 0.63083 0.71083 0.76492 0.81047 0.845 0.87013 0.89546 0.91485 0.92881 0.94098 0.95269 0.963 0.97283 0.98221
1 -0.89084 0.84293 0.74077 0.97905 1 0.93771 -0.52586 -0.87127 -0.67895 -0.39089 0.28627 0.73934 0.94036 0.99044 0.99106 0.98494 0.969 0.9522 0.95353 0.9539 0.89775 0.44657 0.041218 0.11875 0.58761 0.8981 0.98369 0.88433 0.67745 0.53858 0.48888 0.53665 0.61794 0.70406 0.78107 0.84004 0.87758 0.90771 0.92922 0.94381 0.95793 0.96781 0.97422 0.97924 0.98354 0.98646 0.9879 0.98641
-0.49787 0.69166 -0.77537 -0.7041 -0.026221 0.49776 0.83049 0.27495 -0.96788 -0.99353 -0.87447 -0.30743 0.26643 0.64288 0.82129 0.87788 0.86933 0.82044 0.78925 0.80643 0.81441 0.71606 0.14401 -0.26345 -0.17665 0.33779 0.75146 0.954 0.96544 0.8341 0.72335 0.67713 0.71192 0.77363 0.83713 0.89082 0.92873 0.95053 0.96635 0.97616 0.98165 0.98599 0.98779 0.98807 0.98732 0.98555 0.98239 0.97676 0.9658
-0.099362 -0.17997 -0.3729 -0.77563 -0.97885 -0.53625 0.017505 0.86251 -0.5215 -0.83686 -0.99973 -0.77968 -0.26988 0.19061 0.47285 0.59314 0.60236 0.54501 0.51706 0.55787 0.58158 0.46134 -0.16375 -0.53414 -0.44759 0.068881 0.55368 0.85922 0.98153 0.93524 0.8611 0.82315 0.84571 0.88752 0.92827 0.9591 0.97706 0.98468 0.98787 0.9877 0.9858 0.98202 0.97735 0.97299 0.9679 0.96144 0.95356 0.94222 0.9233
0.33073 -0.50858 0.99806 0.56624 -0.59628 -0.997 -0.78801 0.88162 0.18542 -0.31957 -0.75287 -0.99184 -0.71647 -0.29362 0.035411 0.2062 0.24293 0.19616 0.18304 0.24821 0.29057 0.16697 -0.44671 -0.75005 -0.67413 -0.19682 0.32362 0.71178 0.93773 0.98019 0.94871 0.92338 0.9354 0.95832 0.97747 0.987 0.98694 0.98243 0.97501 0.96681 0.95931 0.94918 0.93968 0.93216 0.92411 0.91434 0.90303 0.88735 0.86199
-0.21527 1 -0.031131 0.90401 0.53531 -0.48477 -0.97795 0.37334 0.78129 0.31388 -0.2531 -0.90431 -0.96643 -0.69789 -0.3961 -0.20537 -0.14383 -0.16989 -0.16425 -0.080794 -0.022241 -0.13464 -0.68169 -0.89832 -0.84297 -0.44063 0.079571 0.52571 0.84213 0.97172 0.98634 0.97724 0.98101 0.98698 0.98663 0.97721 0.9616 0.94724 0.9314 0.91717 0.90585 0.89112 0.87837 0.86907 0.85937 0.84754 0.83406 0.81531 0.78497
-0.043065 -0.87661 -1 -0.23795 1 0.45495 -0.46937 -0.32729 0.99953 0.80873 0.31405 -0.56834 -0.97692 -0.94391 -0.7418 -0.57125 -0.49821 -0.50284 -0.48177 -0.39135 -0.3236 -0.41517 -0.85322 -0.97353 -0.94716 -0.6482 -0.16195 0.31539 0.70469 0.91515 0.97673 0.98651 0.9846 0.97618 0.95905 0.93353 0.90513 0.88329 0.86125 0.84292 0.82943 0.81177 0.79721 0.78736 0.77717 0.76442 0.74986 0.72922 0.69529
0.28997 0.088127 0.22347 -0.97886 0.32305 0.9803 0.33817 -0.83103 0.77754 0.99735 0.76878 -0.094011 -0.7667 -0.99682 -0.94876 -0.83857 -0.7738 -0.76396 -0.73625 -0.65315 -0.58622 -0.65234 -0.95336 -0.97673 -0.98544 -0.80972 -0.387 0.094534 0.53622 0.81752 0.92459 0.95481 0.94983 0.92991 0.89905 0.86053 0.82221 0.79519 0.76903 0.74838 0.73419 0.71508 0.7 0.69065 0.68095 0.66828 0.6536 0.63209 0.59583
-0.4688 0.7829 0.97467 -0.26934 -0.68054 0.69964 0.90996 -0.904 0.24403 0.84158 0.98974 0.38953 -0.39994 -0.8636 -0.99503 -0.97687 -0.94147 -0.92884 -0.90613 -0.84517 -0.79032 -0.83075 -0.98094 -0.91404 -0.96122 -0.91972 -0.58464 -0.12455 0.3476 0.6869 0.83591 0.88707 0.88142 0.85298 0.81156 0.76316 0.71772 0.68764 0.65927 0.63787 0.62422 0.60495 0.59044 0.58244 0.57403 0.56224 0.54824 0.52676 0.4893
0.57701 -0.8942 -0.21335 0.78497 -0.96952 -0.10638 0.92561 -0.55053 -0.36835 0.42076 0.93705 0.76917 0.036152 -0.58367 -0.88728 -0.97825 -0.98989 -0.98754 -0.98173 -0.95596 -0.924 -0.9419 -0.94032 -0.79526 -0.88138 -0.97655 -0.747 -0.33141 0.14916 0.53175 0.71744 0.78899 0.78477 0.75068 0.70179 0.64654 0.59657 0.5653 0.53638 0.51555 0.50345 0.48509 0.47201 0.466 0.45949 0.44923 0.43655 0.41584 0.37815
-0.61978 0.06493 -0.9777 0.77256 -0.32572 -0.81272 0.42284 0.034411 -0.8298 -0.11525 0.64748 0.97067 0.45307 -0.21585 -0.65432 -0.85415 -0.9236 -0.94299 -0.96396 -0.98299 -0.98283 -0.98358 -0.84001 -0.63243 -0.75522 -0.98182 -0.86918 -0.51764 -0.049766 0.36041 0.57623 0.6667 0.66555 0.62844 0.57496 0.51564 0.4635 0.43263 0.40454 0.38533 0.37552 0.35891 0.34791 0.34436 0.34018 0.33192 0.32104 0.30168 0.26459
0.59058 0.78371 0.024376 -0.19463 0.59188 -0.94564 -0.28861 0.58515 -0.99419 -0.60361 0.21084 0.96746 0.77799 0.17511 -0.33871 -0.63029 -0.75949 -0.80826 -0.86228 -0.93112 -0.96879 -0.95883 -0.6913 -0.43864 -0.59339 -0.93964 -0.94897 -0.67697 -0.24112 0.18074 0.41925 0.52635 0.52948 0.49164 0.43615 0.37524 0.32294 0.29375 0.26757 0.25077 0.24378 0.22952 0.22105 0.22023 0.21864 0.21269 0.20395 0.18639 0.15058
-0.47849 -0.59286 0.95506 -0.89033 0.97491 -0.46643 -0.83496 0.88658 -0.83262 -0.9164 -0.26119 0.77721 0.96381 0.52974 0.011763 -0.34071 -0.52257 -0.60331 -0.69218 -0.81087 -0.88892 -0.87475 -0.50695 -0.22697 -0.40699 -0.85596 -0.98645 -0.8052 -0.41825 -0.00013664 0.25308 0.37391 0.38204 0.34538 0.29008 0.22969 0.17892 0.15238 0.12893 0.11506 0.11117 0.09967 0.093995 0.096003 0.097124 0.093654 0.087251 0.071799 0.037813
0.28806 -0.3607 0.31089 -0.56386 0.55724 0.28217 -0.97087 0.84749 -0.42127 -0.98815 -0.66414 0.45031 0.99237 0.80172 0.3513 -0.02231 -0.24184 -0.35184 -0.47273 -0.63651 -0.75387 -0.74129 -0.30009 -0.0097349 -0.20689 -0.7379 -0.98357 -0.89996 -0.57598 -0.17602 0.083777 0.21494 0.22834 0.19434 0.14105 0.082934 0.035032 0.011804 -0.0083837 -0.019002 -0.019712 -0.02824 -0.03103 -0.026233 -0.022436 -0.023381 -0.02737 -0.040521 -0.07227
-0.064095 0.68843 -0.78542 0.34129 -0.27314 0.84537 -0.66895 0.51097 0.10032 -0.82098 -0.92169 0.054704 0.87214 0.96201 0.64149 0.28985 0.053343 -0.078393 -0.22434 -0.42429 -0.57651 -0.57006 -0.083397 0.20211 -0.0031788 -0.59316 -0.94375 -0.96056 -0.71051 -0.3417 -0.08333 0.054482 0.072999 0.042747 -0.0071104 -0.061591 -0.10563 -0.12514 -0.14177 -0.14905 -0.14666 -0.15218 -0.15214 -0.14472 -0.13838 -0.13687 -0.13847 -0.14924 -0.17846
-0.10998 0.053923 -0.68687 0.85925 -0.87644 0.92977 -0.092975 0.015163 0.58011 -0.47208 -0.99598 -0.33901 0.63214 0.99964 0.85449 0.56593 0.33617 0.19388 0.033103 -0.19087 -0.37065 -0.3733 0.13161 0.3993 0.19522 -0.42961 -0.87141 -0.98767 -0.81941 -0.49301 -0.24367 -0.10305 -0.079916 -0.10573 -0.15112 -0.20095 -0.24045 -0.25608 -0.26906 -0.27309 -0.26784 -0.27045 -0.26775 -0.25798 -0.24935 -0.24554 -0.24487 -0.25326 -0.27975
0.15114 -0.59287 0.3617 0.53362 -0.85458 0.53039 0.50316 -0.46906 0.89665 -0.031138 -0.88805 -0.6697 0.31417 0.91987 0.97432 0.78334 0.58434 0.44492 0.28164 0.047855 -0.14997 -0.16306 0.33498 0.57446 0.38075 -0.25484 -0.77166 -0.98307 -0.90139 -0.62676 -0.39347 -0.2539 -0.22694 -0.24797 -0.28821 -0.33272 -0.36726 -0.37906 -0.3885 -0.38951 -0.38176 -0.38168 -0.37661 -0.36483 -0.35422 -0.34835 -0.3456 -0.35169 -0.37536
-0.047636 0.065835 0.87872 -0.2566 -0.27454 -0.11691 0.89034 -0.79691 0.98475 0.40441 -0.63085 -0.89352 -0.035115 0.74074 0.99648 0.92773 0.78122 0.65878 0.50622 0.27771 0.072742 0.049453 0.51859 0.72212 0.54739 -0.075899 -0.64993 -0.94938 -0.95619 -0.7407 -0.52974 -0.39497 -0.36519 -0.38142 -0.41613 -0.45493 -0.48437 -0.49257 -0.49871 -0.49706 -0.48726 -0.48481 -0.47773 -0.46435 -0.45212 -0.44449 -0.4399 -0.44384 -0.46468
-0.099551 0.46952 0.26124 -0.78353 0.45501 -0.68946 0.94496 -0.88771 0.84156 0.75045 -0.27805 -0.98749 -0.37106 0.48885 0.92643 0.99276 0.9162 0.82412 0.69518 0.48682 0.28621 0.25434 0.67622 0.83868 0.69057 0.10089 -0.51173 -0.88985 -0.98444 -0.83346 -0.65024 -0.52379 -0.49238 -0.50402 -0.53312 -0.5661 -0.59049 -0.59545 -0.59867 -0.59481 -0.58345 -0.57903 -0.57035 -0.55583 -0.5424 -0.53334 -0.52721 -0.5292 -0.54725
0.13363 -0.059309 -0.63444 -0.64153 0.88919 -0.93891 0.67446 -0.73624 0.51662 0.95013 0.10823 -0.9491 -0.65616 0.19496 0.77736 0.97939 0.98453 0.9342 0.84045 0.66591 0.48104 0.44328 0.80356 0.92218 0.8072 0.27006 -0.3624 -0.8081 -0.98742 -0.90438 -0.7534 -0.63851 -0.60674 -0.61425 -0.63787 -0.66513 -0.6847 -0.6869 -0.68765 -0.68208 -0.66974 -0.66378 -0.65396 -0.63878 -0.62458 -0.61448 -0.60712 -0.6074 -0.62276
0.0091648 -0.36141 -0.75176 -0.0092372 0.80814 -0.78564 0.19259 -0.40114 0.09217 0.97959 0.46854 -0.79322 -0.86322 -0.10982 0.56772 0.89448 0.98668 0.98657 0.93745 0.80843 0.64988 0.60968 0.89805 0.97222 0.89549 0.4271 -0.20701 -0.70796 -0.96697 -0.95347 -0.83829 -0.73786 -0.70704 -0.711 -0.72949 -0.75129 -0.76641 -0.7664 -0.76522 -0.75849 -0.74574 -0.73873 -0.72825 -0.7129 -0.69839 -0.68761 -0.67937 -0.67821 -0.69104
-0.19807 -0.0065322 -0.043126 0.59356 0.29854 -0.32305 -0.33465 0.020883 -0.33937 0.84666 0.75439 -0.54732 -0.97665 -0.39716 0.31868 0.74936 0.92742 0.98256 0.98479 0.91045 0.78743 0.7487 0.95873 0.98959 0.95483 0.56839 -0.050145 -0.59331 -0.92532 -0.98129 -0.90452 -0.82102 -0.79247 -0.7936 -0.80743 -0.82421 -0.83535 -0.83371 -0.83116 -0.82386 -0.81128 -0.80372 -0.79306 -0.77803 -0.76365 -0.75261 -0.74384 -0.74152 -0.752
0.21418 0.25549 0.66442 0.74324 -0.34365 0.24785 -0.74807 0.42476 -0.6954 0.58436 0.9333 -0.24601 -0.99222 -0.64368 0.051964 0.55819 0.8148 0.92651 0.98379 0.97038 0.89042 0.85717 0.986 0.97617 0.98561 0.69125 0.10409 -0.46794 -0.86497 -0.98883 -0.95216 -0.88766 -0.86262 -0.86172 -0.87149 -0.88375 -0.89146 -0.88883 -0.88549 -0.87819 -0.86636 -0.85873 -0.84838 -0.83416 -0.82036 -0.80944 -0.8005 -0.79732 -0.80567
-0.012137 0.077489 0.66677 0.3854 -0.79519 0.71099 -0.94016 0.72252 -0.91705 0.24153 0.99047 0.074064 -0.91562 -0.83223 -0.21195 0.33651 0.65913 0.82507 0.93801 0.98876 0.95739 0.93347 0.98139 0.93459 0.98905 0.79383 0.25215 -0.33547 -0.78854 -0.9774 -0.98166 -0.9378 -0.91744 -0.91534 -0.9217 -0.93006 -0.93494 -0.93193 -0.92839 -0.92165 -0.91112 -0.90392 -0.89435 -0.88138 -0.86859 -0.85818 -0.84942 -0.84568 -0.85212
-0.18217 -0.13572 0.039249 -0.19758 -0.86275 0.9143 -0.87624 0.85968 -0.97599 -0.12698 0.92788 0.3786 -0.76032 -0.95235 -0.45521 0.09999 0.47195 0.68646 0.85267 0.96783 0.98844 0.97733 0.94733 0.86806 0.96703 0.87506 0.39108 -0.19926 -0.69875 -0.9486 -0.99382 -0.97178 -0.95717 -0.95469 -0.95835 -0.96344 -0.96612 -0.96335 -0.96017 -0.95453 -0.94582 -0.93952 -0.93118 -0.9199 -0.90853 -0.89899 -0.89074 -0.88675 -0.89153
0.1392 -0.10576 -0.57897 -0.62488 -0.54831 0.81067 -0.59181 0.8211 -0.87429 -0.46918 0.76132 0.63887 -0.54508 -1 -0.66342 -0.13663 0.26518 0.51975 0.73418 0.91116 0.98504 0.98965 0.88692 0.78017 0.9219 0.93453 0.51847 -0.062369 -0.59828 -0.90418 -0.98966 -0.9902 -0.98226 -0.98022 -0.98191 -0.98441 -0.9855 -0.98355 -0.98127 -0.97725 -0.97083 -0.96587 -0.95917 -0.94999 -0.94041 -0.9321 -0.92469 -0.92072 -0.9241
0.049408 0.015824 -0.65386 -0.66248 -0.015881 0.45622 -0.17238 0.62757 -0.63938 -0.74255 0.51639 0.83372 -0.29152 -0.97694 -0.82612 -0.36031 0.05039 0.33432 0.58962 0.82334 0.94972 0.97225 0.80369 0.67471 0.85639 0.97246 0.63247 0.07247 -0.4897 -0.846 -0.97039 -0.99389 -0.9934 -0.99256 -0.99299 -0.99356 -0.99368 -0.99309 -0.99222 -0.99027 -0.98659 -0.98338 -0.9787 -0.97198 -0.96453 -0.95777 -0.95151 -0.94786 -0.95007
-0.1002 0.061619 -0.18597 -0.32975 0.50251 -0.02354 0.27485 0.3261 -0.3157 -0.91811 0.22414 0.9504 -0.021814 -0.88962 -0.93682 -0.56016 -0.16177 0.13931 0.42631 0.70958 0.88581 0.92769 0.70147 0.55551 0.77342 0.98952 0.73174 0.20289 -0.3755 -0.77597 -0.93736 -0.98381 -0.99139 -0.99247 -0.99232 -0.99161 -0.99135 -0.99262 -0.99362 -0.99416 -0.99359 -0.99249 -0.9902 -0.98625 -0.98126 -0.97634 -0.9715 -0.96843 -0.96973
-0.015232 0.053362 0.39196 0.15734 0.80896 -0.48162 0.6489 -0.022738 0.044474 -0.98194 -0.083104 0.98441 0.24312 -0.74808 -0.99286 -0.72782 -0.36197 -0.056771 0.25152 0.57543 0.79721 0.85909 0.58417 0.42633 0.676 0.98679 0.8154 0.32686 -0.25795 -0.69602 -0.89201 -0.96105 -0.97718 -0.98079 -0.98073 -0.97936 -0.97926 -0.98283 -0.9861 -0.9895 -0.99237 -0.99372 -0.99411 -0.99323 -0.99096 -0.98816 -0.98501 -0.98276 -0.98339
0.044554 0.033122 0.63068 0.53434 0.80829 -0.79422 0.87604 -0.35747 0.38972 -0.93454 -0.37515 0.93869 0.48505 -0.56466 -0.99491 -0.85742 -0.54245 -0.24628 0.072097 0.42653 0.68815 0.76989 0.45568 0.29078 0.56716 0.96568 0.88298 0.44273 -0.13917 -0.60801 -0.83582 -0.92678 -0.95176 -0.95847 -0.95908 -0.95763 -0.9582 -0.96445 -0.97035 -0.97692 -0.98351 -0.9876 -0.99093 -0.99336 -0.99406 -0.99361 -0.99237 -0.99118 -0.99137
0.057869 -0.02148 0.39828 0.62887 0.5256 -0.89036 0.92095 -0.626 0.6763 -0.78857 -0.62657 0.82218 0.68936 -0.35289 -0.94651 -0.94561 -0.69715 -0.42271 -0.10566 0.26837 0.56303 0.66373 0.31975 0.1522 0.44984 0.92781 0.9344 0.54914 -0.021038 -0.51375 -0.77026 -0.8822 -0.91619 -0.92646 -0.92828 -0.92728 -0.92897 -0.93824 -0.94707 -0.95706 -0.96759 -0.97466 -0.98116 -0.9871 -0.99097 -0.99308 -0.99396 -0.99403 -0.99401
-0.038448 -0.09119 -0.088081 0.42614 0.078385 -0.76195 0.78793 -0.79238 0.87272 -0.56568 -0.81836 0.64826 0.84549 -0.12649 -0.85338 -0.99127 -0.82174 -0.5807 -0.27622 0.10614 0.42622 0.54431 0.17992 0.013656 0.32686 0.87498 0.96987 0.64508 0.094757 -0.41494 -0.69682 -0.82854 -0.87157 -0.88577 -0.88927 -0.8892 -0.8924 -0.90494 -0.91694 -0.93057 -0.94521 -0.95545 -0.96531 -0.97493 -0.98212 -0.98697 -0.99014 -0.99167 -0.99164
-0.10577 -0.086209 -0.47633 0.047432 -0.37672 -0.45613 0.51405 -0.83984 0.96178 -0.29289 -0.93862 0.43304 0.94709 0.10151 -0.72285 -0.9953 -0.91354 -0.71616 -0.43486 -0.055404 0.28194 0.41528 0.039418 -0.12212 0.20084 0.80906 0.98988 0.72981 0.20676 -0.31317 -0.61691 -0.76703 -0.81898 -0.83738 -0.84297 -0.84423 -0.8493 -0.86531 -0.88067 -0.89808 -0.91696 -0.93053 -0.94389 -0.9573 -0.96796 -0.97569 -0.98131 -0.98445 -0.98461
0.0576 0.025345 -0.53318 -0.32728 -0.69936 -0.055781 0.15747 -0.77025 0.94057 0.00089043 -0.98256 0.19379 0.99181 0.31937 -0.56321 -0.96023 -0.9714 -0.82621 -0.57774 -0.21203 0.13416 0.28011 -0.098834 -0.25274 0.074183 0.73197 0.99512 0.80285 0.31372 -0.20992 -0.5319 -0.69886 -0.75949 -0.78229 -0.7903 -0.79325 -0.80046 -0.82009 -0.83895 -0.86024 -0.88343 -0.90045 -0.9174 -0.93469 -0.94891 -0.95964 -0.96784 -0.97274 -0.97327
0.13339 0.13979 -0.26529 -0.54518 -0.80516 0.34457 -0.21585 -0.60109 0.81868 0.28787 -0.95186 -0.052462 0.98082 0.51711 -0.38322 -0.88992 -0.99552 -0.90908 -0.7019 -0.36009 -0.013472 0.14208 -0.23228 -0.37617 -0.050946 0.64565 0.98648 0.86396 0.41459 -0.10652 -0.44308 -0.6252 -0.69415 -0.72146 -0.73214 -0.73708 -0.74666 -0.76998 -0.79244 -0.81766 -0.84518 -0.86572 -0.88633 -0.90755 -0.92541 -0.93922 -0.95009 -0.95688 -0.95794
-0.067092 0.1242 0.13153 -0.53714 -0.6814 0.6609 -0.54437 -0.36083 0.61535 0.54379 -0.85356 -0.29 0.91829 0.68677 -0.19157 -0.78919 -0.98726 -0.96407 -0.80521 -0.49654 -0.15769 0.0041696 -0.35872 -0.49074 -0.17263 0.55197 0.96495 0.91309 0.50854 -0.0041639 -0.35166 -0.54714 -0.62396 -0.6558 -0.66935 -0.67651 -0.68864 -0.71569 -0.74177 -0.77094 -0.80277 -0.82688 -0.85118 -0.87634 -0.89787 -0.91482 -0.92844 -0.93722 -0.93896
-0.14382 -0.025027 0.42092 -0.32953 -0.37942 0.83556 -0.78024 -0.083643 0.35608 0.74954 -0.69884 -0.50531 0.8107 0.82252 0.0034278 -0.66347 -0.94891 -0.99136 -0.88635 -0.61893 -0.29565 -0.13093 -0.47634 -0.59511 -0.28922 0.45273 0.93164 0.9504 0.59488 0.096075 -0.25875 -0.46573 -0.54988 -0.5862 -0.60275 -0.61231 -0.62709 -0.65787 -0.68756 -0.72065 -0.75673 -0.7844 -0.8124 -0.84149 -0.86669 -0.88682 -0.90324 -0.9141 -0.91665
0.051522 -0.16763 0.46276 -0.017683 0.0087554 0.84483 -0.89467 0.1956 0.069162 0.89207 -0.50157 -0.68754 0.66616 0.92068 0.1942 -0.51855 -0.8835 -0.99196 -0.94471 -0.72542 -0.42493 -0.26089 -0.58364 -0.68824 -0.39931 0.34964 0.88771 0.97617 0.67314 0.19327 -0.16537 -0.38194 -0.47282 -0.5135 -0.53311 -0.54518 -0.5627 -0.59714 -0.6304 -0.66732 -0.70757 -0.73878 -0.77043 -0.80341 -0.83226 -0.85558 -0.87483 -0.88783 -0.89131
0.13956 -0.16268 0.26752 0.28 0.38012 0.69855 -0.87946 0.4455 -0.21745 0.96455 -0.277 -0.82884 0.49379 0.97953 0.37408 -0.36028 -0.79458 -0.96748 -0.98033 -0.81472 -0.54354 -0.38367 -0.6795 -0.7694 -0.50174 0.2443 0.83435 0.99081 0.74295 0.28663 -0.072444 -0.29668 -0.39362 -0.43847 -0.46116 -0.47581 -0.49608 -0.53408 -0.57082 -0.61148 -0.65577 -0.69046 -0.7257 -0.7625 -0.79495 -0.82145 -0.84355 -0.85873 -0.86324
-0.013668 -0.0084572 -0.038858 0.46639 0.64749 0.43341 -0.74528 0.64122 -0.47866 0.96607 -0.040582 -0.92437 0.30308 0.99917 0.5375 -0.19436 -0.68604 -0.92007 -0.99378 -0.88603 -0.64991 -0.49762 -0.7631 -0.83815 -0.59558 0.13818 0.77277 0.99485 0.80411 0.37546 0.019203 -0.21078 -0.31306 -0.36185 -0.38757 -0.40482 -0.42783 -0.46924 -0.50934 -0.5536 -0.60178 -0.63986 -0.6786 -0.71913 -0.75512 -0.78477 -0.80971 -0.8271 -0.83273
-0.1148 0.16025 -0.29857 0.49369 0.75767 0.1027 -0.51751 0.76619 -0.69411 0.9009 0.19309 -0.97213 0.10341 0.98123 0.67999 -0.026171 -0.56194 -0.85225 -0.98613 -0.93904 -0.74287 -0.60138 -0.83391 -0.89426 -0.68014 0.032621 0.70417 0.98888 0.85654 0.45923 0.10884 -0.12499 -0.23186 -0.2843 -0.31295 -0.33279 -0.35847 -0.40313 -0.44644 -0.49413 -0.54602 -0.58738 -0.62953 -0.67366 -0.71311 -0.74585 -0.7736 -0.79322 -0.80004
-0.029554 0.19957 -0.40131 0.36992 0.69837 -0.23506 -0.23092 0.81272 -0.84924 0.77748 0.411 -0.97275 -0.096359 0.92862 0.79825 0.13936 -0.42637 -0.76677 -0.95878 -0.97385 -0.82162 -0.69391 -0.89165 -0.93773 -0.7549 -0.071191 0.6297 0.97356 0.90026 0.53746 0.19582 -0.040003 -0.15066 -0.20643 -0.23789 -0.26025 -0.2885 -0.33621 -0.38255 -0.43348 -0.48889 -0.5334 -0.57882 -0.62643 -0.66923 -0.705 -0.73552 -0.75736 -0.76543
0.064725 0.079471 -0.32371 0.14683 0.49484 -0.52637 0.076067 0.78151 -0.93574 0.60726 0.60233 -0.92901 -0.28824 0.84526 0.89008 0.29788 -0.28333 -0.66658 -0.91345 -0.9909 -0.88568 -0.77448 -0.93628 -0.96875 -0.81955 -0.17219 0.5505 0.94959 0.93538 0.60983 0.2796 0.043586 -0.070076 -0.12881 -0.16291 -0.18767 -0.21838 -0.26891 -0.31809 -0.37206 -0.43075 -0.47826 -0.52681 -0.57775 -0.62377 -0.66249 -0.69573 -0.71978 -0.72915
0.051402 -0.10153 -0.12187 -0.10256 0.19915 -0.73038 0.36648 0.68043 -0.95131 0.40354 0.75872 -0.84551 -0.46535 0.73575 0.95432 0.44563 -0.13661 -0.55466 -0.85206 -0.99094 -0.93491 -0.8426 -0.96798 -0.98766 -0.87394 -0.26945 0.46765 0.91772 0.96209 0.67606 0.35971 0.12523 0.0093774 -0.051934 -0.08846 -0.11551 -0.14852 -0.20163 -0.25342 -0.3102 -0.37195 -0.4223 -0.47381 -0.52791 -0.57703 -0.6186 -0.65448 -0.68071 -0.69142
-0.00065168 -0.20555 0.10767 -0.30806 -0.12422 -0.82332 0.60895 0.52282 -0.89913 0.18041 0.87441 -0.72816 -0.622 0.60514 0.99076 0.57951 0.010254 -0.43396 -0.77667 -0.97496 -0.96941 -0.89804 -0.98708 -0.99493 -0.91805 -0.36219 0.38215 0.87869 0.98067 0.73598 0.43575 0.20448 0.087227 0.023747 -0.014977 -0.044154 -0.079285 -0.13471 -0.18889 -0.24823 -0.31279 -0.36579 -0.42009 -0.47719 -0.52926 -0.57357 -0.61201 -0.64039 -0.65245
-0.02923 -0.16209 0.27411 -0.42068 -0.41258 -0.79952 0.78045 0.32556 -0.78681 -0.048289 0.94626 -0.58375 -0.75384 0.45871 1 0.69707 0.15407 -0.30734 -0.68943 -0.94412 -0.9895 -0.94077 -0.99407 -0.99115 -0.952 -0.44974 0.29496 0.83324 0.99141 0.78951 0.50742 0.2809 0.16306 0.097836 0.057166 0.026046 -0.011013 -0.068481 -0.12479 -0.18645 -0.25356 -0.30903 -0.36593 -0.42583 -0.48069 -0.52763 -0.56855 -0.59902 -0.61245
-0.04277 -0.010308 0.32556 -0.42169 -0.61647 -0.66983 0.86769 0.10713 -0.62534 -0.26967 0.97349 -0.41955 -0.85779 0.30173 0.98336 0.7965 0.29202 -0.17753 -0.59249 -0.89976 -0.99575 -0.97097 -0.98956 -0.97699 -0.97602 -0.53155 0.20695 0.78214 0.9947 0.83659 0.57445 0.35417 0.23651 0.16998 0.12764 0.094778 0.056003 -0.0032226 -0.061407 -0.12512 -0.19452 -0.25225 -0.31156 -0.37407 -0.43157 -0.481 -0.52429 -0.5568 -0.57161
-0.030571 0.1418 0.25995 -0.32221 -0.70663 -0.45785 0.86719 -0.1141 -0.42787 -0.47248 0.95747 -0.24293 -0.93203 0.1393 0.94274 0.87658 0.42164 -0.047049 -0.488 -0.84331 -0.98882 -0.98896 -0.97423 -0.9532 -0.99044 -0.60719 0.11893 0.7261 0.99091 0.87727 0.63665 0.42399 0.30728 0.23988 0.19616 0.16177 0.1215 0.060812 0.001017 -0.064478 -0.1359 -0.19568 -0.25721 -0.32213 -0.38208 -0.43388 -0.47943 -0.51392 -0.53009
0.027114 0.19773 0.1155 -0.15551 -0.67621 -0.19523 0.78436 -0.32134 -0.2086 -0.64749 0.90136 -0.061055 -0.9759 -0.023793 0.88045 0.93668 0.5409 0.081781 -0.37801 -0.77624 -0.96956 -0.9952 -0.94888 -0.92054 -0.99565 -0.67634 0.031639 0.66585 0.98049 0.91162 0.6939 0.49012 0.3751 0.30728 0.26246 0.22678 0.18526 0.1234 0.062264 -0.0047466 -0.077918 -0.13954 -0.20307 -0.27019 -0.33242 -0.38644 -0.43415 -0.47053 -0.48806
0.078852 0.13186 -0.050402 0.034406 -0.53875 0.083361 0.63184 -0.50045 0.0183 -0.78769 0.80973 0.11938 -0.98976 -0.18317 0.79918 0.97665 0.64816 0.20689 -0.26452 -0.70008 -0.9389 -0.99028 -0.91431 -0.87985 -0.99212 -0.73876 -0.054274 0.60208 0.96386 0.93977 0.74611 0.55239 0.43975 0.37195 0.32635 0.28961 0.24708 0.18435 0.12214 0.053889 -0.020753 -0.083994 -0.14932 -0.21843 -0.28276 -0.33886 -0.3886 -0.42681 -0.44567
0.045608 -0.0056468 -0.18372 0.20439 -0.32323 0.34478 0.42734 -0.64067 0.23949 -0.88846 0.68822 0.29233 -0.97488 -0.33496 0.70179 0.9968 0.74213 0.32647 -0.14937 -0.61634 -0.89782 -0.97486 -0.87141 -0.83194 -0.98036 -0.79431 -0.13822 0.53542 0.94148 0.96187 0.79324 0.61065 0.50107 0.43372 0.38763 0.35009 0.30679 0.24348 0.18049 0.11126 0.035424 -0.029219 -0.096124 -0.16703 -0.23327 -0.2913 -0.34295 -0.38288 -0.40305
-0.054824 -0.13 -0.24982 0.32129 -0.067402 0.56103 0.19146 -0.73492 0.44317 -0.9474 0.54314 0.45257 -0.93326 -0.47583 0.5913 0.99781 0.82193 0.43894 -0.034286 -0.52651 -0.84739 -0.94967 -0.82104 -0.77766 -0.96092 -0.84291 -0.21967 0.46652 0.91382 0.97811 0.8353 0.66478 0.5589 0.49243 0.44617 0.40807 0.36425 0.30067 0.23715 0.16722 0.090464 0.02464 -0.043635 -0.11611 -0.18409 -0.24388 -0.29732 -0.3389 -0.36034
-0.10714 -0.17525 -0.23969 0.36717 0.18901 0.71177 -0.054509 -0.77983 0.61959 -0.96426 0.38114 0.59575 -0.86748 -0.60302 0.47072 0.98071 0.88698 0.54301 0.079176 -0.43203 -0.78867 -0.91552 -0.7641 -0.71782 -0.93437 -0.88457 -0.29818 0.39595 0.88133 0.98873 0.87231 0.71474 0.61316 0.54796 0.50184 0.46344 0.41935 0.35578 0.29201 0.22165 0.14424 0.077453 0.0080204 -0.065819 -0.13534 -0.19675 -0.25184 -0.29497 -0.31764
-0.041438 -0.12689 -0.16709 0.34038 0.4103 0.78545 -0.29042 -0.77551 0.76127 -0.94062 0.20889 0.71844 -0.78058 -0.71435 0.34304 0.94677 0.93703 0.63761 0.18961 -0.33428 -0.72276 -0.87321 -0.70146 -0.65325 -0.90131 -0.91935 -0.37337 0.32426 0.84447 0.99395 0.90436 0.76049 0.66376 0.60025 0.55456 0.5161 0.47199 0.40872 0.34496 0.27443 0.19663 0.1291 0.058726 -0.016267 -0.087138 -0.15002 -0.20663 -0.25121 -0.27507
0.074843 -0.02065 -0.059881 0.25321 0.56921 0.77947 -0.49876 -0.72511 0.86317 -0.87964 0.032872 0.81816 -0.6759 -0.80821 0.21114 0.89747 0.97209 0.72192 0.29577 -0.23457 -0.65072 -0.82359 -0.63398 -0.58472 -0.86233 -0.94736 -0.4449 0.25196 0.80369 0.99403 0.93152 0.80201 0.71066 0.64921 0.60425 0.56599 0.52211 0.45941 0.39591 0.32548 0.24755 0.1795 0.10838 0.032441 -0.039599 -0.10378 -0.16178 -0.20772 -0.23273
0.11571 0.084686 0.05033 0.12732 0.64947 0.69923 -0.66571 -0.63422 0.92264 -0.78574 -0.1409 0.89331 -0.55694 -0.88351 0.077705 0.83445 0.99243 0.79535 0.3966 -0.1341 -0.57363 -0.76752 -0.5625 -0.51299 -0.81803 -0.96877 -0.5125 0.17953 0.75942 0.98925 0.95394 0.83935 0.75384 0.69482 0.65088 0.61306 0.56963 0.50778 0.44481 0.37471 0.29691 0.22854 0.1569 0.080214 0.0071881 -0.058147 -0.1174 -0.1646 -0.19069
0.039927 0.14024 0.13702 -0.011729 0.64641 0.55667 -0.7817 -0.51028 0.93925 -0.66422 -0.307 0.94314 -0.42726 -0.93967 -0.054743 0.75945 0.99853 0.8575 0.49116 -0.034006 -0.49249 -0.70583 -0.48783 -0.43878 -0.76902 -0.98377 -0.57596 0.10739 0.7121 0.97988 0.97173 0.87253 0.79332 0.73706 0.69441 0.65727 0.61454 0.5538 0.49158 0.42208 0.34464 0.27617 0.20419 0.12697 0.05314 -0.013191 -0.073564 -0.12191 -0.14905
-0.071022 0.12815 0.18407 -0.13949 0.56608 0.3683 -0.84164 -0.36186 0.91456 -0.52099 -0.4607 0.96768 -0.29036 -0.97658 -0.18394 0.67424 0.99102 0.90817 0.57872 0.064704 -0.40829 -0.63935 -0.41073 -0.36278 -0.71587 -0.99261 -0.63511 0.035932 0.66213 0.96621 0.98506 0.90163 0.8291 0.77593 0.73484 0.69861 0.65681 0.59742 0.5362 0.46752 0.39068 0.32231 0.25021 0.17264 0.098185 0.031011 -0.03035 -0.07975 -0.10787
-0.10942 0.063743 0.18719 -0.23663 0.42305 0.15316 -0.84468 -0.19811 0.85184 -0.36225 -0.59808 0.96761 -0.14965 -0.99451 -0.30785 0.58066 0.97072 0.94734 0.65866 0.1611 -0.32196 -0.56889 -0.33193 -0.28562 -0.65915 -0.99554 -0.68982 -0.034478 0.60991 0.94852 0.9941 0.92673 0.86124 0.81146 0.77218 0.73709 0.69642 0.63863 0.57864 0.511 0.435 0.36692 0.29488 0.21716 0.14226 0.074393 0.012176 -0.038172 -0.067214
-0.048982 -0.018038 0.15224 -0.29117 0.23764 -0.069166 -0.79379 -0.028162 0.75566 -0.19424 -0.71604 0.94421 -0.008302 -0.99411 -0.42472 0.48047 0.93853 0.97513 0.73052 0.25438 -0.23438 -0.49523 -0.25211 -0.2079 -0.59941 -0.99284 -0.74 -0.10352 0.5558 0.9271 0.99901 0.94793 0.88979 0.84368 0.80646 0.77271 0.7334 0.67742 0.61888 0.5525 0.47756 0.40997 0.33818 0.26049 0.1853 0.1169 0.053954 0.0027606 -0.027144
0.044035 -0.081591 0.09166 -0.29925 0.032856 -0.28029 -0.69513 0.13935 0.63161 -0.022967 -0.81229 0.89923 0.13074 -0.97631 -0.53305 0.37543 0.89546 0.9918 0.79396 0.34381 -0.14635 -0.4191 -0.17189 -0.13018 -0.53718 -0.98481 -0.78562 -0.17092 0.50018 0.90224 1 0.96534 0.91482 0.87263 0.83769 0.8055 0.76774 0.7138 0.65691 0.59201 0.51833 0.45141 0.38005 0.30258 0.22728 0.15847 0.094932 0.042996 0.012291
0.088086 -0.1056 0.020492 -0.26436 -0.16845 -0.46435 -0.55725 0.29666 0.4859 0.14594 -0.88536 0.8348 0.26484 -0.9423 -0.63162 0.26721 0.84258 0.99771 0.84878 0.42877 -0.058642 -0.34122 -0.091869 -0.052957 -0.47296 -0.97177 -0.82666 -0.23642 0.44336 0.87421 0.99725 0.97907 0.93641 0.89839 0.86595 0.8355 0.79948 0.74779 0.69273 0.6295 0.55729 0.49122 0.42047 0.34339 0.26814 0.19908 0.13507 0.082487 0.051045
0.059166 -0.088336 -0.047154 -0.19565 -0.34602 -0.60899 -0.3903 0.43715 0.32506 0.30738 -0.93453 0.75333 0.39167 -0.89345 -0.71945 0.15739 0.781 0.99334 0.89486 0.50874 0.028066 -0.26225 -0.012578 0.023301 -0.40723 -0.95404 -0.86313 -0.29979 0.38567 0.84329 0.99095 0.98927 0.95466 0.92102 0.89127 0.86275 0.82866 0.77939 0.72637 0.665 0.59444 0.5294 0.45941 0.38289 0.30785 0.23867 0.17432 0.12119 0.089077
-0.0041196 -0.043905 -0.10043 -0.10578 -0.48391 -0.70589 -0.20523 0.55554 0.15567 0.45693 -0.95975 0.65741 0.50922 -0.83129 -0.79581 0.047452 0.71186 0.97924 0.93222 0.58329 0.11314 -0.1828 0.065495 0.098177 -0.34043 -0.93193 -0.89508 -0.36086 0.3274 0.80976 0.98131 0.99606 0.96967 0.94059 0.91372 0.88731 0.85531 0.80865 0.75784 0.6985 0.62978 0.56592 0.49687 0.42107 0.34638 0.27723 0.21265 0.15908 0.12636
-0.048716 0.0069298 -0.1329 -0.0085386 -0.57155 -0.7509 -0.013074 0.64796 -0.015966 0.59085 -0.96161 0.54976 0.61585 -0.75746 -0.86021 -0.061245 0.63627 0.95603 0.96094 0.65207 0.19603 -0.10345 0.14191 0.17129 -0.27298 -0.90578 -0.92257 -0.41945 0.26882 0.77387 0.96852 0.99959 0.98155 0.9572 0.93338 0.90924 0.87948 0.8356 0.78716 0.73002 0.66331 0.60079 0.53283 0.45791 0.38373 0.31472 0.25003 0.19612 0.16285
-0.052164 0.046043 -0.14249 0.083113 -0.60409 -0.74386 0.17567 0.71198 -0.18394 0.7062 -0.94122 0.43312 0.71023 -0.67363 -0.91235 -0.16746 0.55537 0.92436 0.98118 0.7148 0.27623 -0.024724 0.21628 0.24232 -0.20527 -0.87591 -0.9457 -0.47543 0.2102 0.73587 0.95279 1 0.9904 0.97094 0.95032 0.92859 0.90123 0.86028 0.81436 0.75958 0.69505 0.63401 0.5673 0.4934 0.41986 0.35113 0.28645 0.23229 0.19853
-0.027991 0.063775 -0.13083 0.1586 -0.58215 -0.68814 0.35157 0.74654 -0.34297 0.80075 -0.90014 0.3102 0.79137 -0.58154 -0.95216 -0.2701 0.47024 0.88494 0.99319 0.7713 0.35331 0.052894 0.28824 0.31095 -0.13768 -0.84264 -0.96457 -0.52869 0.15177 0.69602 0.93431 0.99744 0.99634 0.9819 0.96462 0.94545 0.92062 0.88274 0.83948 0.78721 0.725 0.66559 0.60026 0.52753 0.45477 0.38644 0.32188 0.26756 0.23338
-0.00085022 0.060098 -0.10211 0.21069 -0.51108 -0.59001 0.50661 0.75185 -0.48847 0.87306 -0.84027 0.18363 0.85857 -0.48289 -0.97972 -0.36817 0.38194 0.8385 0.99725 0.82144 0.42688 0.12897 0.35751 0.37695 -0.070519 -0.80629 -0.97929 -0.57914 0.093735 0.65454 0.91327 0.99207 0.9995 0.99018 0.97637 0.95988 0.93771 0.90303 0.86257 0.81293 0.75319 0.69555 0.63172 0.5603 0.48845 0.42064 0.3563 0.30191 0.26739
0.016712 0.04184 -0.061965 0.2358 -0.39994 -0.45791 0.63449 0.72925 -0.61666 0.92236 -0.76381 0.055875 0.91146 -0.37936 -0.99528 -0.46083 0.29148 0.78577 0.99371 0.86515 0.49662 0.20311 0.42381 0.44008 -0.0041055 -0.76718 -0.99001 -0.62671 0.036305 0.61165 0.88987 0.98402 1 0.99589 0.98565 0.97196 0.95256 0.92121 0.88366 0.83679 0.77964 0.72389 0.6617 0.59171 0.5209 0.45372 0.38972 0.33535 0.30053
0.026596 0.018312 -0.016476 0.23389 -0.26024 -0.30165 0.73066 0.68098 -0.72459 0.94855 -0.67313 -0.070732 0.94988 -0.27255 -0.99922 -0.54736 0.19981 0.72749 0.98295 0.90243 0.56227 0.27497 0.48693 0.50016 0.061285 -0.7256 -0.99686 -0.67135 -0.020344 0.56757 0.86429 0.97346 0.99796 0.99913 0.99256 0.98178 0.96525 0.93732 0.9028 0.85881 0.80438 0.75064 0.69021 0.62178 0.55212 0.48568 0.42211 0.36785 0.33279
0.032755 -0.0026826 0.028604 0.20787 -0.10476 -0.13165 0.79246 0.61006 -0.81013 0.95211 -0.57072 -0.19408 0.97396 -0.16402 -0.99204 -0.62716 0.10782 0.66441 0.96538 0.93333 0.6236 0.34424 0.54666 0.55704 0.1254 -0.68184 -1 -0.71304 -0.076048 0.52251 0.83672 0.96052 0.99349 1 0.9972 0.98941 0.97585 0.95144 0.92004 0.87904 0.82745 0.77582 0.71726 0.6505 0.58211 0.51652 0.45348 0.3994 0.36418
0.031685 -0.017015 0.068347 0.16283 0.05368 0.041729 0.81892 0.52006 -0.87199 0.93402 -0.45914 -0.31227 0.98401 -0.055192 -0.97432 -0.69976 0.01634 0.59724 0.94146 0.95793 0.68045 0.41066 0.60288 0.6106 0.18802 -0.63618 -0.99959 -0.75175 -0.13066 0.47664 0.80732 0.94536 0.98674 0.99862 0.99964 0.99493 0.98443 0.96361 0.93544 0.89753 0.84886 0.79946 0.74288 0.6779 0.61088 0.54624 0.48381 0.43001 0.39468
0.015878 -0.024371 0.098938 0.10514 0.20319 0.2088 0.81072 0.41493 -0.90962 0.89571 -0.3409 -0.42364 0.98055 0.052578 -0.94675 -0.76479 -0.073867 0.5267 0.91163 0.97637 0.73267 0.47399 0.65545 0.66073 0.24894 -0.5889 -0.99578 -0.7875 -0.18405 0.43015 0.77628 0.92812 0.97781 0.99508 1 0.99843 0.99105 0.97392 0.94904 0.9143 0.86867 0.82158 0.76708 0.70398 0.63844 0.57484 0.51313 0.45967 0.42428
-0.015068 -0.026845 0.11781 0.041614 0.33361 0.36101 0.76993 0.29878 -0.92319 0.83895 -0.21849 -0.52676 0.96424 0.15807 -0.91006 -0.822 -0.16211 0.45346 0.87637 0.9888 0.7802 0.53405 0.70428 0.70738 0.30798 -0.54025 -0.98876 -0.82028 -0.2361 0.38322 0.74375 0.90894 0.96684 0.98951 0.99836 1 0.99581 0.98241 0.9609 0.92942 0.8869 0.84222 0.78989 0.72877 0.6648 0.60233 0.54142 0.48839 0.453
-0.048202 -0.027038 0.12367 -0.02126 0.43701 0.4913 0.69978 0.17579 -0.91347 0.76578 -0.094261 -0.62046 0.93588 0.26017 -0.86504 -0.87122 -0.24776 0.37818 0.83615 0.99544 0.82297 0.59068 0.74932 0.75049 0.365 -0.49049 -0.97868 -0.85012 -0.28671 0.33599 0.70989 0.88796 0.95394 0.98199 0.99481 0.99971 0.99877 0.98916 0.97108 0.94292 0.9036 0.8614 0.81133 0.75229 0.68997 0.62873 0.5687 0.51616 0.48083
-0.063119 -0.026535 0.11647 -0.077898 0.50805 0.59428 0.60441 0.049984 -0.88179 0.67846 0.029563 -0.70377 0.89639 0.35791 -0.81251 -0.91237 -0.33027 0.30149 0.79146 0.99649 0.86097 0.64375 0.79053 0.79004 0.41985 -0.43983 -0.96573 -0.87706 -0.33579 0.28863 0.67486 0.86531 0.93923 0.97264 0.98945 0.99766 1 0.99423 0.97964 0.95486 0.91881 0.87917 0.83143 0.77454 0.71397 0.65404 0.59496 0.54299 0.50778
-0.045869 -0.025277 0.097294 -0.12401 0.54402 0.66638 0.48862 -0.074803 -0.82992 0.57935 0.15093 -0.77598 0.84673 0.45041 -0.75329 -0.94548 -0.40915 0.22398 0.74277 0.9922 0.89422 0.69316 0.8279 0.82603 0.47242 -0.3885 -0.95007 -0.90115 -0.38326 0.24125 0.63879 0.84113 0.92282 0.96156 0.98238 0.99392 0.99958 0.99768 0.98662 0.96528 0.93256 0.89555 0.85022 0.79557 0.73683 0.67827 0.62023 0.56889 0.53384
-0.00033647 -0.021911 0.068232 -0.15677 0.54472 0.70578 0.35759 -0.19508 -0.75999 0.47089 0.26799 -0.83659 0.78798 0.53695 -0.68824 -0.97062 -0.48397 0.14619 0.69055 0.98283 0.92275 0.73885 0.86143 0.85847 0.52261 -0.33672 -0.93186 -0.92243 -0.42906 0.19401 0.60183 0.81554 0.90483 0.94885 0.97367 0.98857 0.99759 0.99958 0.99209 0.97423 0.9449 0.91059 0.86773 0.81539 0.75854 0.70144 0.6445 0.59387 0.55903
0.051834 -0.014762 0.032172 -0.17487 0.51219 0.71236 0.21666 -0.30774 -0.6744 0.35553 0.3791 -0.8853 0.7212 0.6169 -0.6182 -0.98794 -0.55438 0.068642 0.63527 0.96866 0.94663 0.78078 0.89116 0.88738 0.57036 -0.28466 -0.91129 -0.94097 -0.47313 0.147 0.56411 0.78867 0.88537 0.93461 0.96343 0.98171 0.9941 1 0.99611 0.98177 0.95587 0.92431 0.88399 0.83402 0.77915 0.72357 0.6678 0.61792 0.58336
0.082987 -0.0029383 -0.0074426 -0.17837 0.45032 0.68749 0.071119 -0.41014 -0.57571 0.23566 0.48281 -0.92199 0.64752 0.68976 -0.54399 -0.99765 -0.62008 -0.0081838 0.57738 0.94995 0.96595 0.81891 0.91712 0.91282 0.6156 -0.23253 -0.88852 -0.95683 -0.51543 0.10036 0.52575 0.76062 0.86454 0.91893 0.95174 0.97339 0.98917 0.99899 0.99873 0.98794 0.96551 0.93675 0.89902 0.85149 0.79866 0.74467 0.69014 0.64108 0.60683
0.075193 0.01289 -0.046904 -0.16848 0.36443 0.63382 -0.073989 -0.5001 -0.46661 0.11359 0.57792 -0.94673 0.56803 0.75514 -0.46643 -1 -0.68082 -0.083851 0.5173 0.92701 0.98082 0.85326 0.93938 0.93484 0.65828 -0.18047 -0.8637 -0.97009 -0.55592 0.05416 0.48687 0.73152 0.84245 0.9019 0.93868 0.96371 0.98288 0.99663 1 0.99279 0.97387 0.94795 0.91287 0.86783 0.8171 0.76475 0.71152 0.66334 0.62944
0.030398 0.030324 -0.082552 -0.14728 0.26076 0.55505 -0.21401 -0.57593 -0.34982 -0.0084902 0.66343 -0.95974 0.48385 0.81275 -0.3863 -0.99529 -0.73643 -0.15796 0.45545 0.90013 0.99136 0.88384 0.95801 0.95351 0.69837 -0.12867 -0.837 -0.98081 -0.59458 0.008513 0.44758 0.70147 0.81919 0.88363 0.92433 0.95274 0.9753 0.99297 0.99999 0.99638 0.98099 0.95796 0.92557 0.88307 0.83448 0.78385 0.73197 0.68472 0.65123
-0.030634 0.045714 -0.11109 -0.11743 0.14603 0.45564 -0.3448 -0.63643 -0.22802 -0.12856 0.73856 -0.96137 0.39604 0.8624 -0.30435 -0.98386 -0.78675 -0.23015 0.39224 0.8696 0.9977 0.91069 0.9731 0.9689 0.73586 -0.077247 -0.80858 -0.98908 -0.63138 -0.036503 0.40799 0.67058 0.79487 0.8642 0.90878 0.94056 0.96649 0.98807 0.99874 0.99874 0.98691 0.96679 0.93713 0.89723 0.85085 0.80197 0.75151 0.70523 0.67219
-0.079326 0.055103 -0.12988 -0.081864 0.026996 0.34054 -0.4628 -0.68087 -0.10378 -0.24476 0.80274 -0.95208 0.30565 0.904 -0.2213 -0.96607 -0.83171 -0.3001 0.32804 0.83572 1 0.93385 0.98473 0.98111 0.77073 -0.026351 -0.77858 -0.99497 -0.66632 -0.08081 0.36819 0.63895 0.76957 0.84368 0.89211 0.92723 0.95653 0.982 0.99632 0.99993 0.99167 0.9745 0.94761 0.91033 0.86621 0.81915 0.77014 0.72488 0.69233
-0.093635 0.055318 -0.13716 -0.043535 -0.089916 0.21495 -0.56513 -0.70896 0.02042 -0.35543 0.85558 -0.93244 0.21367 0.93752 -0.13782 -0.9423 -0.87125 -0.36751 0.26322 0.79878 0.99842 0.9534 0.99302 0.99022 0.80298 0.023898 -0.74715 -0.99859 -0.6994 -0.12434 0.32828 0.60666 0.74339 0.82218 0.87439 0.91282 0.94547 0.97481 0.99276 1 0.99532 0.98112 0.95703 0.92242 0.88059 0.83539 0.78788 0.7437 0.71168
-0.068063 0.044895 -0.1322 -0.0051899 -0.19893 0.084074 -0.64955 -0.72081 0.14231 -0.45913 0.8969 -0.90312 0.12104 0.96302 -0.054549 -0.91297 -0.90538 -0.43214 0.19811 0.75908 0.99312 0.96942 0.99807 0.99633 0.83264 0.073388 -0.71444 -1 -0.7306 -0.16703 0.28835 0.57382 0.71641 0.79975 0.8557 0.89741 0.93339 0.96656 0.98814 0.99899 0.9979 0.98669 0.96542 0.93352 0.89402 0.85071 0.80476 0.76169 0.73024
-0.014955 0.02458 -0.11535 0.030785 -0.29513 -0.047061 -0.71452 -0.71691 0.2598 -0.55462 0.92665 -0.86483 0.028657 0.98064 0.027928 -0.87849 -0.93411 -0.49377 0.13302 0.7169 0.98428 0.98198 1 0.99956 0.85971 0.12202 -0.68057 -0.9993 -0.75995 -0.20882 0.24847 0.54051 0.68871 0.77649 0.8361 0.88106 0.92033 0.95731 0.98249 0.99695 0.99944 0.99124 0.97282 0.94364 0.90652 0.86515 0.82079 0.77888 0.74803
0.042474 -0.0026951 -0.087989 0.062468 -0.37465 -0.1738 -0.75915 -0.69805 0.37105 -0.64085 0.94497 -0.81834 -0.062664 0.99056 0.10907 -0.83929 -0.95751 -0.5522 0.068269 0.67251 0.97209 0.9912 0.99893 1 0.88424 0.16969 -0.64568 -0.99658 -0.78744 -0.24967 0.20873 0.5068 0.66038 0.75247 0.81567 0.86383 0.90636 0.94711 0.97587 0.99392 1 0.99481 0.97925 0.95283 0.91811 0.87872 0.83599 0.79527 0.76506
0.08111 -0.032359 -0.052414 0.08846 -0.43472 -0.292 -0.78318 -0.66529 0.47442 -0.717 0.95211 -0.76447 -0.15216 0.99302 0.18838 -0.7958 -0.97567 -0.60729 0.0041128 0.62619 0.95671 0.99717 0.99499 0.99778 0.90626 0.21633 -0.6099 -0.99192 -0.81311 -0.28952 0.16919 0.47278 0.63148 0.72774 0.79447 0.84579 0.89154 0.93601 0.96833 0.98994 0.9996 0.99744 0.98476 0.96112 0.92882 0.89144 0.85037 0.81089 0.78135
0.087484 -0.0591 -0.011583 0.10788 -0.47369 -0.39809 -0.7869 -0.6199 0.56856 -0.78246 0.94845 -0.70406 -0.23915 0.9883 0.2654 -0.74844 -0.98871 -0.65891 -0.059189 0.5782 0.93834 1 0.98831 0.993 0.92581 0.26185 -0.57335 -0.98542 -0.83696 -0.32835 0.12992 0.43851 0.60208 0.7024 0.77256 0.82699 0.87592 0.92406 0.95991 0.98507 0.9983 0.99915 0.98936 0.96852 0.93868 0.90333 0.86397 0.82575 0.79691
0.062007 -0.077915 0.031134 0.12036 -0.49101 -0.48919 -0.77113 -0.56335 0.65233 -0.83679 0.93448 -0.63794 -0.323 0.97674 0.33974 -0.69765 -0.99677 -0.70696 -0.12141 0.52878 0.91716 0.99981 0.97901 0.98578 0.94294 0.30619 -0.53613 -0.97716 -0.85903 -0.36612 0.090974 0.40408 0.57226 0.67649 0.75002 0.80749 0.85955 0.91132 0.95065 0.97934 0.99611 1 0.9931 0.97507 0.9477 0.91442 0.87679 0.83987 0.81176
0.016986 -0.08507 0.072251 0.12595 -0.48711 -0.56311 -0.7371 -0.4972 0.72486 -0.87975 0.91077 -0.56697 -0.40317 0.95869 0.41104 -0.64384 -1 -0.75136 -0.18232 0.47819 0.89336 0.99673 0.96723 0.97624 0.9577 0.3493 -0.49837 -0.96723 -0.87935 -0.4028 0.052414 0.36953 0.54209 0.65008 0.72688 0.78735 0.84249 0.89783 0.94061 0.9728 0.9931 1 0.99601 0.98079 0.95591 0.92473 0.88885 0.85326 0.82591
-0.029736 -0.078795 0.10847 0.12507 -0.4633 -0.61835 -0.68641 -0.42311 0.78552 -0.91125 0.87797 -0.49199 -0.47917 0.93453 0.47898 -0.58743 -0.99859 -0.79207 -0.24175 0.42666 0.86711 0.99088 0.9531 0.9645 0.97015 0.39112 -0.46016 -0.95571 -0.89793 -0.43837 0.014291 0.33494 0.51161 0.62323 0.70322 0.76662 0.82479 0.88364 0.92983 0.96548 0.98928 0.9992 0.99811 0.98571 0.96335 0.93427 0.90018 0.86594 0.83938
-0.062191 -0.059585 0.13692 0.11843 -0.42163 -0.65413 -0.62097 -0.34275 0.83389 -0.93138 0.83679 -0.41383 -0.55059 0.90466 0.5433 -0.52882 -0.99271 -0.82904 -0.29951 0.37439 0.83861 0.98238 0.93675 0.95067 0.98036 0.43161 -0.4216 -0.9427 -0.91482 -0.47281 -0.02335 0.30036 0.48089 0.59599 0.67908 0.74535 0.80649 0.8688 0.91834 0.95742 0.9847 0.99762 0.99943 0.98986 0.97002 0.94308 0.91079 0.87793 0.85218
-0.071696 -0.030081 0.15542 0.10692 -0.36468 -0.67028 -0.54288 -0.25782 0.86978 -0.94035 0.78797 -0.33328 -0.61706 0.86952 0.60376 -0.4684 -0.98259 -0.86229 -0.35546 0.32161 0.80804 0.97136 0.91831 0.93487 0.98837 0.47073 -0.38278 -0.92827 -0.93005 -0.50609 -0.060465 0.26584 0.44999 0.56843 0.65452 0.72359 0.78764 0.85334 0.9062 0.94866 0.97938 0.9953 1 0.99327 0.97596 0.95116 0.9207 0.88925 0.86434
-0.058612 0.0054072 0.16258 0.091557 -0.29548 -0.66723 -0.4544 -0.16998 0.89319 -0.9385 0.73231 -0.25113 -0.67831 0.82953 0.66018 -0.40655 -0.96842 -0.89181 -0.40945 0.26852 0.77555 0.95796 0.89792 0.91721 0.99428 0.50845 -0.3438 -0.91251 -0.94367 -0.53822 -0.097015 0.23143 0.41895 0.54058 0.62958 0.70139 0.76829 0.83731 0.89343 0.93924 0.97338 0.99227 0.99986 0.99595 0.98118 0.95855 0.92993 0.89991 0.87586
-0.030525 0.041646 0.15787 0.073391 -0.21726 -0.64594 -0.35785 -0.080822 0.90429 -0.92629 0.6706 -0.1681 -0.7341 0.78512 0.7124 -0.34361 -0.95043 -0.91763 -0.46138 0.21529 0.74134 0.94229 0.8757 0.89782 0.99813 0.54475 -0.30474 -0.8955 -0.95569 -0.56919 -0.13297 0.19719 0.38783 0.51251 0.60431 0.67878 0.74847 0.82075 0.88008 0.92919 0.96671 0.98855 0.99902 0.99795 0.98572 0.96525 0.9385 0.90992 0.88676
0.0017073 0.07332 0.1417 0.05346 -0.13335 -0.6078 -0.2556 0.0081466 0.90344 -0.90425 0.60366 -0.084893 -0.78426 0.73675 0.7603 -0.27994 -0.92883 -0.9398 -0.51112 0.16211 0.70557 0.9245 0.85178 0.8768 1 0.57961 -0.26567 -0.87732 -0.96618 -0.59898 -0.16828 0.16315 0.35668 0.48425 0.57876 0.65582 0.72823 0.80369 0.86618 0.91855 0.95941 0.98419 0.99752 0.99927 0.98959 0.9713 0.94643 0.91932 0.89705
0.028192 0.095841 0.11526 0.032737 -0.04704 -0.55458 -0.14995 0.095515 0.89113 -0.87301 0.5323 -0.0021641 -0.82867 0.68484 0.8038 -0.21585 -0.90387 -0.95837 -0.5586 0.10914 0.66839 0.90471 0.82627 0.85426 0.99997 0.61301 -0.22667 -0.85804 -0.97517 -0.6276 -0.20294 0.12935 0.32552 0.45584 0.55297 0.63255 0.70761 0.78619 0.85177 0.90735 0.95151 0.97921 0.99538 0.99994 0.99281 0.97672 0.95373 0.9281 0.90676
0.042964 0.106 0.080458 0.012094 0.038545 -0.48831 -0.043127 0.17999 0.86794 -0.83326 0.45732 0.079478 -0.86725 0.62983 0.84285 -0.15166 -0.87576 -0.97342 -0.60375 0.056538 0.62998 0.88305 0.79931 0.83031 0.9981 0.64494 -0.1878 -0.83774 -0.9827 -0.65504 -0.23692 0.095834 0.29441 0.42734 0.52697 0.60899 0.68665 0.76826 0.83689 0.89562 0.94305 0.97363 0.99264 1 0.99541 0.98151 0.96043 0.93629 0.91589
0.044911 0.10235 0.039718 -0.0077185 0.12055 -0.41123 0.06275 0.26043 0.83461 -0.78572 0.37951 0.15947 -0.89998 0.57215 0.87742 -0.087656 -0.84474 -0.98501 -0.6465 0.0044439 0.59047 0.85964 0.77102 0.80506 0.99447 0.6754 -0.14914 -0.8165 -0.98881 -0.68132 -0.27018 0.062634 0.26339 0.39877 0.50081 0.5852 0.66537 0.74995 0.82156 0.8834 0.93404 0.96749 0.98931 0.99946 0.99741 0.98571 0.96654 0.94391 0.92447
0.036827 0.085367 -0.0041927 -0.026085 0.19644 -0.3257 0.16573 0.33579 0.79193 -0.73118 0.29965 0.2373 -0.92688 0.51222 0.90751 -0.0241 -0.81104 -0.99323 -0.6868 -0.047009 0.55001 0.8346 0.74149 0.7786 0.98915 0.70438 -0.11073 -0.79437 -0.99356 -0.70643 -0.30272 0.029783 0.23249 0.37018 0.47453 0.5612 0.64382 0.73129 0.80582 0.87071 0.92453 0.9608 0.98541 0.99834 0.99882 0.98933 0.97208 0.95097 0.9325
0.023413 0.057253 -0.048378 -0.042525 0.26409 -0.23413 0.26405 0.40522 0.74075 -0.67044 0.21845 0.3125 -0.948 0.45043 0.93315 0.038752 -0.77488 -0.9982 -0.72463 -0.097699 0.50876 0.80806 0.71086 0.75105 0.98221 0.7319 -0.072643 -0.77144 -0.99697 -0.73038 -0.33451 -0.0026896 0.20174 0.3416 0.44815 0.53703 0.62202 0.71231 0.78969 0.85758 0.91453 0.95361 0.98099 0.99667 0.99968 0.99239 0.97706 0.95749 0.94
0.0092205 0.021596 -0.090009 -0.056693 0.3218 -0.13891 0.35614 0.46796 0.682 -0.6043 0.13663 0.38465 -0.96344 0.38719 0.95438 0.10067 -0.7365 -1 -0.75996 -0.14751 0.46684 0.78014 0.67921 0.72248 0.97374 0.75795 -0.034922 -0.74776 -0.99911 -0.75318 -0.36554 -0.034758 0.17118 0.31305 0.42171 0.51271 0.60001 0.69304 0.77321 0.84405 0.90407 0.94592 0.97605 0.99447 1 0.99491 0.98151 0.96348 0.94699
-0.0027404 -0.017194 -0.12651 -0.068362 0.36828 -0.042364 0.44065 0.52344 0.61661 -0.53358 0.054841 0.45338 -0.97331 0.32286 0.97128 0.16144 -0.6961 -0.99875 -0.79278 -0.19635 0.42437 0.75095 0.64667 0.69301 0.96379 0.78254 0.0023827 -0.7234 -1 -0.77485 -0.3958 -0.066397 0.14083 0.28459 0.39524 0.48829 0.57782 0.67351 0.75641 0.83013 0.89318 0.93777 0.97061 0.99176 0.9998 0.9969 0.98543 0.96895 0.95348
-0.011437 -0.05447 -0.1557 -0.077418 0.40273 0.053315 0.51643 0.5712 0.54555 -0.4591 -0.026284 0.51838 -0.97777 0.25781 0.98392 0.22086 -0.65392 -0.99457 -0.82309 -0.24411 0.38149 0.72059 0.61333 0.66271 0.95245 0.80568 0.039228 -0.69843 -0.9997 -0.79539 -0.42528 -0.097584 0.11072 0.25622 0.36877 0.46379 0.55547 0.65375 0.73931 0.81586 0.88189 0.92918 0.96472 0.98856 0.99909 0.99839 0.98885 0.97393 0.95948
-0.017379 -0.085925 -0.17592 -0.083836 0.42473 0.1461 0.58259 0.61094 0.4698 -0.38164 -0.10617 0.57935 -0.97699 0.19238 0.99241 0.27876 -0.61015 -0.98758 -0.85088 -0.29072 0.33832 0.68919 0.57928 0.63167 0.93978 0.8274 0.075574 -0.67289 -0.99825 -0.81483 -0.45397 -0.1283 0.080883 0.22798 0.34233 0.43923 0.533 0.63378 0.72193 0.80126 0.87021 0.92017 0.95837 0.98489 0.99791 0.99939 0.99179 0.97843 0.96501
-0.021633 -0.10807 -0.18612 -0.087671 0.43427 0.23414 0.63842 0.64245 0.3903 -0.302 -0.18428 0.63608 -0.97116 0.12688 0.99687 0.33497 -0.56499 -0.97789 -0.87618 -0.33609 0.29495 0.65685 0.54462 0.59999 0.92585 0.8477 0.11138 -0.64685 -0.99569 -0.83317 -0.48186 -0.15852 0.051332 0.19989 0.31594 0.41465 0.51042 0.61363 0.70431 0.78635 0.85818 0.91077 0.9516 0.98078 0.99626 0.99992 0.99425 0.98245 0.97008
-0.024899 -0.11861 -0.18583 -0.089039 0.43171 0.31584 0.68346 0.66568 0.30802 -0.22092 -0.26012 0.68838 -0.9605 0.061638 0.99742 0.38936 -0.51866 -0.96564 -0.89901 -0.38016 0.2515 0.62366 0.50944 0.56774 0.91073 0.86661 0.14662 -0.62036 -0.99206 -0.85043 -0.50895 -0.18824 0.022091 0.17197 0.28962 0.39006 0.48776 0.59332 0.68647 0.77115 0.84581 0.90099 0.94443 0.97623 0.99416 1 0.99625 0.98603 0.9747
-0.027016 -0.11664 -0.17523 -0.088103 0.41769 0.38981 0.71743 0.68066 0.22386 -0.13912 -0.33326 0.73608 -0.94524 -0.003076 0.99419 0.44178 -0.47134 -0.95094 -0.91939 -0.42287 0.20806 0.58972 0.47383 0.53499 0.89449 0.88414 0.18126 -0.59348 -0.98741 -0.86662 -0.53524 -0.21743 -0.0068183 0.14426 0.2634 0.36549 0.46505 0.57288 0.66842 0.7557 0.83312 0.89086 0.93686 0.97127 0.99163 0.99964 0.99782 0.98916 0.9789
-0.026968 -0.1026 -0.15504 -0.085058 0.39316 0.45492 0.74026 0.68754 0.1387 -0.057271 -0.40329 0.77908 -0.92562 -0.066991 0.98735 0.49214 -0.42321 -0.93394 -0.93736 -0.46418 0.16474 0.55514 0.43786 0.50182 0.8772 0.90032 0.21527 -0.56625 -0.98179 -0.88178 -0.56072 -0.24609 -0.035379 0.11676 0.2373 0.34095 0.44231 0.55232 0.6502 0.74 0.82014 0.88039 0.92894 0.96592 0.9887 0.99885 0.99895 0.99187 0.98267
-0.023355 -0.078193 -0.12652 -0.080124 0.35926 0.51028 0.75202 0.68655 0.053398 0.02397 -0.46986 0.81731 -0.90189 -0.12986 0.97703 0.54033 -0.37445 -0.91476 -0.95295 -0.50402 0.12161 0.51999 0.40161 0.46831 0.85891 0.91518 0.24862 -0.53872 -0.97522 -0.89591 -0.5854 -0.27421 -0.063575 0.089501 0.21134 0.31648 0.41955 0.53167 0.63181 0.72408 0.80688 0.86961 0.92066 0.9602 0.98536 0.99766 0.99968 0.99417 0.98604
-0.015183 -0.046098 -0.091274 -0.073534 0.3173 0.55527 0.75299 0.67801 -0.031271 0.10401 -0.53267 0.85072 -0.87432 -0.19146 0.96341 0.58627 -0.32522 -0.89352 -0.96622 -0.54237 0.078763 0.48437 0.36516 0.43451 0.8397 0.92873 0.2813 -0.51094 -0.96776 -0.90904 -0.60928 -0.30177 -0.091391 0.062494 0.18554 0.29209 0.39679 0.51096 0.61329 0.70797 0.79337 0.85853 0.91205 0.95411 0.98165 0.99608 1 0.99607 0.98901
-0.0024822 -0.0096535 -0.051235 -0.065525 0.26869 0.58947 0.74356 0.66229 -0.11456 0.18229 -0.59145 0.87931 -0.84316 -0.25158 0.94664 0.62989 -0.27569 -0.87035 -0.97722 -0.57919 0.036271 0.44836 0.32857 0.40049 0.81962 0.941 0.31328 -0.48294 -0.95944 -0.92118 -0.63235 -0.32876 -0.11881 0.035758 0.15991 0.2678 0.37406 0.49019 0.59464 0.69167 0.77962 0.84718 0.90314 0.94768 0.97757 0.99411 0.99994 0.99758 0.9916
0.013403 0.027558 -0.0084962 -0.056338 0.21494 0.61271 0.72425 0.63983 -0.1958 0.2583 -0.64598 0.90309 -0.80868 -0.31002 0.9269 0.67113 -0.226 -0.84539 -0.98599 -0.61445 -0.0057931 0.41204 0.29192 0.36632 0.79873 0.95202 0.34454 -0.45478 -0.95031 -0.93237 -0.65463 -0.35518 -0.14583 0.0093068 0.13448 0.24361 0.35138 0.46938 0.5759 0.67521 0.76565 0.83556 0.89392 0.94092 0.97315 0.99179 0.99951 0.99871 0.99382
0.02983 0.062048 0.034797 -0.046207 0.15754 0.62503 0.6957 0.61114 -0.27435 0.33159 -0.6961 0.9221 -0.77116 -0.36662 0.90436 0.70994 -0.17631 -0.81875 -0.99259 -0.64814 -0.047363 0.37549 0.25526 0.33206 0.77709 0.96182 0.37508 -0.42649 -0.94039 -0.94261 -0.67611 -0.38103 -0.17243 -0.016846 0.10925 0.21956 0.32875 0.44855 0.55707 0.6586 0.75148 0.8237 0.88442 0.93386 0.96839 0.98911 0.99872 0.99949 0.99568
0.043468 0.090741 0.076559 -0.035363 0.097996 0.62665 0.65863 0.57673 -0.34965 0.40172 -0.74164 0.93643 -0.73087 -0.42123 0.87918 0.7463 -0.12674 -0.79057 -0.99708 -0.68024 -0.088376 0.33877 0.21866 0.29775 0.75476 0.97043 0.40488 -0.39811 -0.92973 -0.95192 -0.69681 -0.40629 -0.1986 -0.042687 0.084243 0.19566 0.30619 0.42773 0.53816 0.64186 0.73712 0.81161 0.87466 0.92649 0.96331 0.9861 0.99758 0.99991 0.9972
0.051091 0.11127 0.11485 -0.024026 0.037749 0.61797 0.61383 0.53716 -0.4212 0.46835 -0.78252 0.94615 -0.68807 -0.4737 0.85156 0.78017 -0.077428 -0.76095 -0.99953 -0.71074 -0.12878 0.30196 0.18218 0.26345 0.73179 0.97788 0.43393 -0.36968 -0.91837 -0.96035 -0.71673 -0.43096 -0.22433 -0.068207 0.059468 0.17191 0.28372 0.40691 0.51921 0.62501 0.72259 0.7993 0.86465 0.91885 0.95792 0.98277 0.99611 1 0.99838
0.050295 0.12211 0.14798 -0.01241 -0.021846 0.59954 0.56215 0.49302 -0.48856 0.53114 -0.81865 0.95139 -0.64302 -0.52393 0.82165 0.81154 -0.028491 -0.73002 -1 -0.73964 -0.16851 0.26511 0.14585 0.2292 0.70824 0.98419 0.46221 -0.34122 -0.90634 -0.96789 -0.73587 -0.45505 -0.24963 -0.093393 0.034938 0.14833 0.26135 0.38612 0.50022 0.60806 0.70791 0.7868 0.8544 0.91094 0.95225 0.97913 0.99432 0.99976 0.99923
0.040305 0.12262 0.17456 -0.00071659 -0.079534 0.57204 0.50448 0.44489 -0.55135 0.58982 -0.85002 0.95226 -0.596 -0.57179 0.78963 0.84041 0.019959 -0.69789 -0.99855 -0.76692 -0.20753 0.2283 0.10974 0.19507 0.68415 0.9894 0.48972 -0.31278 -0.89368 -0.97458 -0.75425 -0.47854 -0.27447 -0.11824 0.010664 0.12494 0.2391 0.36538 0.4812 0.59102 0.69308 0.77412 0.84394 0.90277 0.94629 0.97519 0.99222 0.99921 0.99977
0.022146 0.11311 0.19355 0.010861 -0.13419 0.53624 0.44173 0.39338 -0.60923 0.64415 -0.8766 0.94892 -0.54725 -0.61721 0.75567 0.86678 0.067817 -0.66469 -0.99525 -0.7926 -0.24579 0.19157 0.073895 0.16108 0.65957 0.99354 0.51646 -0.28437 -0.88041 -0.98044 -0.77188 -0.50145 -0.29886 -0.14273 -0.013344 0.10174 0.21697 0.34468 0.46217 0.57391 0.67813 0.76126 0.83326 0.89436 0.94006 0.97096 0.98982 0.99835 1
-0.0015176 0.094709 0.20429 0.022143 -0.18483 0.49302 0.37481 0.33908 -0.66196 0.69395 -0.89843 0.94152 -0.49702 -0.66011 0.71994 0.89067 0.11499 -0.6305 -0.99018 -0.81668 -0.28326 0.15499 0.038352 0.12728 0.63456 0.99664 0.54242 -0.25604 -0.86658 -0.98549 -0.78875 -0.52376 -0.32278 -0.16687 -0.037077 0.078743 0.19498 0.32405 0.44314 0.55675 0.66307 0.74825 0.82239 0.88572 0.93358 0.96646 0.98713 0.99719 0.99994
-0.026703 0.069157 0.2065 0.032956 -0.23061 0.44331 0.30465 0.28257 -0.70931 0.73907 -0.91555 0.93023 -0.44556 -0.70043 0.68261 0.91209 0.16138 -0.59545 -0.98339 -0.83917 -0.31989 0.11861 0.0031534 0.09371 0.60915 0.99873 0.5676 -0.2278 -0.85222 -0.98975 -0.8049 -0.54548 -0.34625 -0.19064 -0.060527 0.055962 0.17314 0.3035 0.42413 0.53953 0.6479 0.73509 0.81134 0.87687 0.92686 0.9617 0.98417 0.99576 0.99959
-0.049079 0.038704 0.20027 0.043144 -0.27086 0.38807 0.23214 0.22444 -0.75114 0.77938 -0.92803 0.91524 -0.39309 -0.73813 0.64383 0.93107 0.20691 -0.55964 -0.97495 -0.86009 -0.35566 0.082467 -0.031662 0.060405 0.58339 0.99984 0.592 -0.19968 -0.83735 -0.99324 -0.82031 -0.56662 -0.36924 -0.21404 -0.083685 0.033403 0.15145 0.28304 0.40514 0.52229 0.63265 0.7218 0.80011 0.86781 0.9199 0.95669 0.98095 0.99405 0.99897
-0.06462 0.005833 0.18602 0.052558 -0.30505 0.32832 0.15817 0.16524 -0.78734 0.81483 -0.93597 0.89672 -0.33986 -0.77317 0.60376 0.94764 0.2515 -0.52316 -0.96495 -0.87944 -0.39053 0.046614 -0.06606 0.027399 0.55733 1 0.61561 -0.17171 -0.82201 -0.99599 -0.83501 -0.58716 -0.39177 -0.23706 -0.10655 0.011075 0.12993 0.26267 0.38619 0.50502 0.61731 0.70839 0.78873 0.85856 0.91273 0.95143 0.97746 0.99207 0.99808
-0.070464 -0.02693 0.16452 0.061066 -0.33281 0.26505 0.083584 0.10551 -0.81784 0.84537 -0.93948 0.87486 -0.28606 -0.80552 0.56257 0.96183 0.29508 -0.48612 -0.95345 -0.89725 -0.42449 0.011093 -0.10001 -0.0052774 0.531 0.99924 0.63844 -0.14391 -0.80623 -0.99802 -0.849 -0.60712 -0.41382 -0.25971 -0.1291 -0.011015 0.10859 0.24241 0.36728 0.48773 0.60191 0.69487 0.7772 0.84913 0.90534 0.94595 0.97374 0.98984 0.99694
-0.065437 -0.057206 0.13673 0.068548 -0.35392 0.19925 0.0091786 0.045754 -0.84264 0.87099 -0.93868 0.84988 -0.23191 -0.83517 0.52039 0.9737 0.3376 -0.44859 -0.94051 -0.91354 -0.4575 -0.024059 -0.13347 -0.037594 0.50444 0.9976 0.6605 -0.1163 -0.79003 -0.99935 -0.8623 -0.62651 -0.4354 -0.28197 -0.15135 -0.032861 0.087424 0.22227 0.34843 0.47045 0.58646 0.68125 0.76553 0.83952 0.89776 0.94025 0.96977 0.98737 0.99554
-0.050046 -0.082961 0.10387 0.074899 -0.36828 0.13191 -0.064286 -0.01354 -0.86176 0.89172 -0.93374 0.82197 -0.17761 -0.86213 0.47738 0.98329 0.37899 -0.41068 -0.92621 -0.92832 -0.48956 -0.058802 -0.16643 -0.069525 0.47769 0.9951 0.68177 -0.088896 -0.77345 -1 -0.87492 -0.64531 -0.45651 -0.30384 -0.17328 -0.054455 0.066451 0.20225 0.32964 0.45318 0.57096 0.66755 0.75374 0.82976 0.88999 0.93433 0.96558 0.98466 0.99391
-0.026672 -0.10256 0.067259 0.080032 -0.37595 0.063967 -0.1361 -0.071923 -0.87527 0.9076 -0.9248 0.79133 -0.12334 -0.8864 0.43366 0.99064 0.4192 -0.37246 -0.91061 -0.94163 -0.52063 -0.093105 -0.19886 -0.10104 0.45079 0.99177 0.70228 -0.061721 -0.75651 -0.99999 -0.88687 -0.66355 -0.47714 -0.32533 -0.19489 -0.075793 0.045674 0.18236 0.31092 0.43592 0.55542 0.65376 0.74182 0.81984 0.88203 0.92822 0.96118 0.98172 0.99205
0.0012032 -0.11494 0.028325 0.083875 -0.37709 -0.0036968 -0.20563 -0.12898 -0.88327 0.91872 -0.91202 0.75816 -0.069285 -0.90799 0.38939 0.99582 0.45818 -0.33402 -0.89379 -0.9535 -0.55072 -0.12693 -0.23073 -0.13213 0.42376 0.98765 0.72201 -0.034791 -0.73923 -0.99935 -0.89817 -0.68121 -0.4973 -0.34642 -0.21618 -0.096869 0.0251 0.16261 0.29229 0.41868 0.53986 0.63991 0.72981 0.80978 0.87391 0.92191 0.95656 0.97857 0.98996
0.029357 -0.11957 -0.011493 0.086375 -0.37196 -0.070238 -0.27227 -0.18431 -0.88589 0.92516 -0.89561 0.72268 -0.015609 -0.92694 0.34468 0.99888 0.49591 -0.29544 -0.8758 -0.96394 -0.5798 -0.16026 -0.26202 -0.16276 0.39665 0.98275 0.74099 -0.0081225 -0.72165 -0.99809 -0.90881 -0.69832 -0.51699 -0.36712 -0.23715 -0.11768 0.0047339 0.143 0.27374 0.40148 0.52428 0.626 0.71769 0.79959 0.86563 0.91542 0.95175 0.9752 0.98766
0.053698 -0.11645 -0.05079 0.087498 -0.36092 -0.13489 -0.33549 -0.23758 -0.88329 0.92704 -0.87573 0.68509 0.037529 -0.94327 0.29965 0.99988 0.53234 -0.25678 -0.85673 -0.97298 -0.60788 -0.19306 -0.29272 -0.19291 0.36948 0.97712 0.75921 0.018271 -0.70378 -0.99623 -0.91883 -0.71486 -0.53621 -0.38742 -0.25779 -0.13822 -0.015419 0.12355 0.25529 0.38433 0.50869 0.61203 0.70548 0.78927 0.85719 0.90876 0.94675 0.97163 0.98515
0.070741 -0.10614 -0.088227 0.087229 -0.34441 -0.19693 -0.39484 -0.28848 -0.87565 0.92451 -0.85258 0.64558 0.089982 -0.95701 0.25444 0.99889 0.56744 -0.21813 -0.83662 -0.98067 -0.63494 -0.2253 -0.3228 -0.22257 0.34228 0.97078 0.77669 0.044374 -0.68565 -0.9938 -0.92822 -0.73086 -0.55496 -0.40733 -0.27809 -0.15848 -0.035354 0.10426 0.23695 0.36722 0.4931 0.59802 0.6932 0.77884 0.84861 0.90193 0.94156 0.96787 0.98245
0.078222 -0.089553 -0.12261 0.085574 -0.32293 -0.25573 -0.44991 -0.33671 -0.86319 0.91772 -0.82637 0.60436 0.14161 -0.96822 0.20915 0.99596 0.60118 -0.17953 -0.81555 -0.98702 -0.66098 -0.25697 -0.35226 -0.25172 0.31508 0.96376 0.79343 0.070175 -0.66728 -0.99081 -0.93701 -0.74631 -0.57324 -0.42685 -0.29806 -0.17847 -0.055067 0.085127 0.21871 0.35017 0.47751 0.58398 0.68084 0.76831 0.8399 0.89494 0.93619 0.96392 0.97955
0.075337 -0.067996 -0.15286 0.082557 -0.29702 -0.31073 -0.50035 -0.38203 -0.84613 0.90683 -0.79729 0.56162 0.19229 -0.97695 0.16388 0.99117 0.63356 -0.14107 -0.79358 -0.99208 -0.686 -0.28805 -0.38107 -0.28034 0.28791 0.95608 0.80943 0.095663 -0.6487 -0.98729 -0.94521 -0.76123 -0.59107 -0.44597 -0.3177 -0.19818 -0.074554 0.066165 0.20058 0.33318 0.46194 0.56991 0.66842 0.75767 0.83105 0.8878 0.93066 0.95979 0.97646
0.062655 -0.042962 -0.17813 0.078222 -0.26726 -0.36145 -0.54588 -0.42424 -0.82471 0.89203 -0.76554 0.51755 0.2419 -0.98325 0.11874 0.98458 0.66454 -0.1028 -0.77076 -0.99587 -0.70999 -0.31851 -0.40923 -0.30843 0.26079 0.94778 0.82472 0.12083 -0.62992 -0.98325 -0.95282 -0.77561 -0.60843 -0.46469 -0.337 -0.21761 -0.093812 0.047375 0.18258 0.31626 0.44639 0.55582 0.65594 0.74694 0.82209 0.88052 0.92497 0.95548 0.9732
0.042199 -0.016079 -0.19773 0.072632 -0.23428 -0.40748 -0.58629 -0.46315 -0.79919 0.8735 -0.73134 0.47234 0.29034 -0.98717 0.073834 0.97627 0.69412 -0.064767 -0.74716 -0.99843 -0.73297 -0.34833 -0.43673 -0.33597 0.23374 0.93888 0.83929 0.14565 -0.61096 -0.97871 -0.95986 -0.78947 -0.62534 -0.48303 -0.35597 -0.23676 -0.11284 0.028762 0.1647 0.29941 0.43086 0.54171 0.6434 0.73613 0.81302 0.8731 0.91913 0.95101 0.96976
0.016768 0.01104 -0.2112 0.065869 -0.19868 -0.44849 -0.62141 -0.49863 -0.76983 0.85144 -0.69488 0.42618 0.3375 -0.98879 0.029241 0.96629 0.72229 -0.027034 -0.72284 -0.9998 -0.75492 -0.37752 -0.46355 -0.36295 0.20679 0.9294 0.85316 0.17014 -0.59185 -0.9737 -0.96635 -0.80282 -0.64179 -0.50097 -0.3746 -0.25561 -0.13163 0.01033 0.14695 0.28265 0.41537 0.5276 0.63083 0.72524 0.80384 0.86556 0.91314 0.94639 0.96616
-0.01021 0.036847 -0.21829 0.05803 -0.16108 -0.48421 -0.65112 -0.53055 -0.73691 0.82606 -0.65638 0.37922 0.38329 -0.98817 -0.01495 0.95472 0.74905 0.010351 -0.69786 -1 -0.77587 -0.40604 -0.4897 -0.38936 0.17996 0.91937 0.86634 0.19427 -0.5726 -0.96822 -0.97229 -0.81566 -0.6578 -0.51852 -0.3929 -0.27419 -0.15018 -0.0079179 0.12933 0.26597 0.39992 0.51349 0.61822 0.71428 0.79456 0.85789 0.90701 0.94161 0.9624
-0.03541 0.059999 -0.21893 0.049226 -0.1221 -0.51447 -0.67537 -0.55884 -0.7007 0.79758 -0.61603 0.33165 0.42764 -0.98538 -0.058659 0.94164 0.77438 0.047342 -0.67226 -0.99908 -0.7958 -0.4339 -0.51516 -0.4152 0.15327 0.90882 0.87883 0.21804 -0.55322 -0.96229 -0.9777 -0.82799 -0.67336 -0.53569 -0.41086 -0.29247 -0.16849 -0.025978 0.11186 0.24938 0.38451 0.49938 0.60558 0.70326 0.78519 0.85011 0.90074 0.93668 0.95849
-0.055861 0.079356 -0.21329 0.039585 -0.082332 -0.53915 -0.69415 -0.58344 -0.6615 0.7662 -0.57403 0.28363 0.47046 -0.98049 -0.10181 0.9271 0.7983 0.083896 -0.6461 -0.99706 -0.81474 -0.46107 -0.53993 -0.44045 0.12674 0.89777 0.89066 0.24145 -0.53375 -0.95594 -0.98259 -0.83983 -0.68848 -0.55247 -0.42848 -0.31047 -0.18656 -0.043848 0.094523 0.23289 0.36915 0.48528 0.59291 0.69218 0.77573 0.84223 0.89435 0.93162 0.95443
-0.069407 0.09409 -0.20166 0.029242 -0.042347 -0.55818 -0.7075 -0.60432 -0.61959 0.73214 -0.53058 0.23531 0.51171 -0.97358 -0.14433 0.91118 0.8208 0.11997 -0.61943 -0.99399 -0.83268 -0.48756 -0.564 -0.46512 0.10039 0.88625 0.90183 0.26449 -0.51418 -0.94919 -0.98698 -0.85119 -0.70317 -0.56887 -0.44577 -0.32818 -0.20439 -0.061524 0.077334 0.21649 0.35384 0.4712 0.58023 0.68105 0.76619 0.83423 0.88784 0.92642 0.95023
-0.074703 0.10365 -0.18453 0.018345 -0.0026786 -0.57159 -0.71548 -0.62148 -0.57525 0.69562 -0.48587 0.18684 0.55131 -0.96472 -0.18616 0.89395 0.8419 0.15553 -0.59231 -0.98989 -0.84964 -0.51336 -0.58738 -0.48919 0.074232 0.87427 0.91235 0.28715 -0.49455 -0.94203 -0.99087 -0.86206 -0.71743 -0.58488 -0.46273 -0.3456 -0.22198 -0.079006 0.060295 0.2002 0.33859 0.45715 0.56753 0.66987 0.75658 0.82615 0.88122 0.92109 0.94589
-0.071865 0.10777 -0.16251 0.0070444 0.036166 -0.57944 -0.71822 -0.63494 -0.52878 0.65686 -0.44009 0.13837 0.58922 -0.95399 -0.22724 0.87548 0.86159 0.19054 -0.56479 -0.98481 -0.86563 -0.53845 -0.61006 -0.51266 0.048281 0.86186 0.92223 0.30943 -0.47486 -0.9345 -0.99429 -0.87247 -0.73126 -0.60052 -0.47936 -0.36273 -0.23932 -0.096289 0.043408 0.18402 0.32341 0.44312 0.55482 0.65865 0.7469 0.81797 0.87448 0.91564 0.94143
