-8.1052e-05 0.0028233 -0.015403 -0.068279 -0.02308 -0.10037 0.1775 0.18489 -0.0696 0.041894 0.056565 0.084084 -0.47973 -0.6441 -0.39039 0.54875 0.37259 -0.78554 0.7828 -0.67829 0.60967 -0.62184 0.76003 -0.83494 0.55178 0.21042 -0.84165 0.41108 0.68352 -0.56324 -0.7265 0.33294 0.88424 0.26792 -0.64821 -0.86424 -0.35255 0.35813 0.83691 0.84614 0.38422 -0.27535 -0.79592 -0.85629 -0.23331 0.60424 0.91461 0.79662 0.47827
0.0072586 0.010501 -0.054182 0.035756 -0.0074895 -0.055011 -0.17299 -0.14118 0.035333 0.094339 0.21906 0.069593 -0.3069 -0.27567 0.45138 0.65734 -0.78213 0.48233 -0.26753 0.16824 -0.19856 0.34123 -0.64569 0.86083 -0.58484 -0.2882 0.87783 -0.17511 -0.85311 0.19437 0.89661 0.22608 -0.72458 -0.80256 -0.031653 0.72879 0.89526 0.53147 -0.092895 -0.67237 -0.92325 -0.73121 -0.18465 0.53864 0.92762 0.57146 -0.053112 -0.55943 -0.83726
-0.012856 0.01928 -0.019036 -0.0025585 -0.033375 -0.015608 0.1725 0.0045271 -0.022363 0.02431 0.26506 0.31132 0.26344 0.56948 0.69545 -0.64904 0.12081 0.20636 -0.27946 0.23222 -0.063472 -0.2141 0.6386 -0.86909 0.43533 0.54256 -0.8057 -0.28043 0.8417 0.40821 -0.67269 -0.80443 0.021939 0.80472 0.79944 0.14684 -0.53977 -0.89807 -0.84137 -0.42124 0.18413 0.70126 0.92868 0.68808 -0.04718 -0.76238 -0.93342 -0.761 -0.4593
-0.014865 -0.050858 0.048272 -0.030313 0.045117 0.045026 -0.21834 0.073996 -0.12201 -0.016138 0.1636 0.6096 0.73661 0.52775 -0.64051 -0.10649 0.51251 -0.63098 0.57058 -0.40993 0.12079 0.27747 -0.75001 0.81732 -0.081094 -0.8249 0.4453 0.76644 -0.38595 -0.88028 -0.08677 0.78835 0.78843 0.038772 -0.71589 -0.90578 -0.56204 0.00027942 0.54236 0.88252 0.88705 0.56032 0.010803 -0.62622 -0.93458 -0.59271 -0.029622 0.44363 0.7365
0.0078846 -0.017114 -0.064334 -0.077172 0.12311 -0.062207 0.082028 0.014934 -0.17734 0.051999 -0.1804 0.30366 -0.054522 -0.75072 -0.08509 0.65279 -0.79772 0.79457 -0.66572 0.40457 0.0129 -0.50181 0.87393 -0.55822 -0.44492 0.84631 0.24106 -0.8498 -0.43841 0.64199 0.84527 0.095788 -0.71307 -0.88763 -0.37758 0.34265 0.81295 0.92539 0.71646 0.26707 -0.27832 -0.72256 -0.93222 -0.7597 -0.12047 0.61441 0.91581 0.91028 0.75523
-0.013822 -0.0076791 0.017266 -0.058609 -0.11014 0.14541 0.16073 0.010203 -0.23811 0.24963 -0.49983 -0.60428 -0.72584 0.18715 0.62088 -0.85489 0.87653 -0.83338 0.62771 -0.22681 -0.31758 0.78062 -0.79996 -0.0061859 0.86564 -0.32648 -0.84863 0.18752 0.90698 0.33965 -0.61285 -0.90429 -0.39895 0.39749 0.88684 0.82804 0.40806 -0.10765 -0.57148 -0.8747 -0.92019 -0.69402 -0.24724 0.37977 0.87781 0.84996 0.47492 0.054683 -0.27763
-0.020266 -0.024971 0.02306 0.024189 0.072425 -0.14714 0.06001 0.023599 -0.27814 0.35687 -0.027254 -0.13327 0.68991 0.37534 -0.83781 0.89585 -0.8926 0.79821 -0.44018 -0.13309 0.69718 -0.87685 0.32188 0.67715 -0.70676 -0.54481 0.66645 0.74235 -0.27587 -0.91412 -0.53283 0.31661 0.87464 0.80735 0.245 -0.40128 -0.81024 -0.93754 -0.81458 -0.48071 -0.012692 0.45205 0.81051 0.93502 0.60058 -0.090541 -0.58601 -0.84951 -0.94054
-0.0096773 0.03068 0.07206 0.0009017 -0.037458 -0.15848 0.014754 -0.016137 -0.1145 -0.056667 0.56693 0.68582 -0.25889 -0.67929 0.89392 -0.90681 0.87507 -0.64047 0.056065 0.59921 -0.89418 0.50796 0.45827 -0.86984 -0.15671 0.88704 0.35182 -0.71555 -0.79074 0.05818 0.8082 0.8505 0.29257 -0.42855 -0.87723 -0.88336 -0.58174 -0.16516 0.27256 0.6587 0.89945 0.92791 0.72883 0.23879 -0.43518 -0.89574 -0.92629 -0.76188 -0.55284
0.018739 -0.022871 0.056927 0.043589 -0.010102 0.033751 0.019941 -0.15745 0.31128 -0.45313 -0.38825 -0.71778 -0.12732 0.79551 -0.90635 0.9024 -0.75344 0.27226 0.47775 -0.89962 0.5775 0.30198 -0.9068 0.15891 0.89432 -0.068731 -0.90401 -0.44004 0.55095 0.91941 0.44438 -0.33538 -0.85593 -0.87597 -0.45751 0.11495 0.57276 0.84831 0.94385 0.85621 0.58831 0.20177 -0.24856 -0.72152 -0.94742 -0.69837 -0.28202 0.094393 0.36135
-0.0008451 0.065039 -0.012686 -0.085514 -0.054374 0.1409 0.010281 -0.27722 0.30971 0.29141 -0.083049 0.50757 0.34132 -0.81753 0.88682 -0.80275 0.41406 0.30395 -0.88631 0.65173 0.25445 -0.89557 0.36415 0.79852 -0.40394 -0.88635 -0.032568 0.83708 0.73145 -0.07883 -0.77675 -0.9067 -0.5105 0.1298 0.67845 0.92627 0.88659 0.68069 0.36532 -0.023182 -0.42059 -0.73693 -0.9245 -0.89021 -0.48119 0.17476 0.60584 0.83606 0.92871
-0.020554 0.0069352 0.017929 0.12048 0.048632 0.15401 -0.075082 -0.018036 -0.42983 0.17792 0.44389 -0.30979 -0.39571 0.76309 -0.7604 0.4844 0.17296 -0.83378 0.73525 0.19027 -0.89678 0.46299 0.69627 -0.61126 -0.75477 0.32049 0.92359 0.40752 -0.50767 -0.93203 -0.63962 0.024862 0.63229 0.9278 0.83209 0.46916 0.050114 -0.32113 -0.62854 -0.85317 -0.94848 -0.88819 -0.66586 -0.20928 0.40788 0.86542 0.95312 0.87452 0.75155
-0.015647 0.04314 0.049038 -0.060666 0.15725 0.11396 -0.17591 0.39622 -0.037914 -0.50299 -0.62484 0.22714 0.30603 -0.57931 0.41801 0.098657 -0.77688 0.83537 0.09323 -0.89579 0.46837 0.63623 -0.72178 -0.60709 0.57202 0.86903 0.059168 -0.78282 -0.84866 -0.22677 0.50481 0.90685 0.85994 0.46091 -0.083731 -0.54994 -0.82416 -0.94062 -0.9293 -0.79554 -0.54201 -0.21128 0.17594 0.62718 0.93284 0.852 0.56828 0.27647 0.055698
0.0015076 0.023553 -0.087382 -0.093172 0.20149 0.037703 -0.018279 -0.097484 0.4729 0.61234 0.69742 -0.28082 -0.063132 0.19717 0.16586 -0.73566 0.89497 -0.071364 -0.88129 0.50182 0.65114 -0.76079 -0.50044 0.71485 0.74606 -0.24306 -0.91076 -0.63933 0.17114 0.81267 0.91044 0.54561 -0.020877 -0.55751 -0.8808 -0.93703 -0.80968 -0.60106 -0.33339 -0.013667 0.32449 0.6198 0.84844 0.95348 0.75254 0.23692 -0.18827 -0.47962 -0.6485
0.021272 0.025762 0.060622 0.023729 0.21971 -0.035351 0.30255 -0.37666 -0.62136 -0.61329 -0.72317 0.45819 -0.32289 0.35973 -0.77174 0.92641 -0.20232 -0.82634 0.5722 0.64243 -0.74726 -0.45801 0.7856 0.6271 -0.46685 -0.92764 -0.38049 0.48932 0.92822 0.71949 0.12709 -0.47812 -0.85733 -0.93539 -0.73326 -0.37887 -0.026795 0.27218 0.53173 0.75422 0.90644 0.95513 0.88474 0.60816 0.079101 -0.50644 -0.80107 -0.92444 -0.95804
-0.031974 -0.018066 0.007831 0.032708 0.22115 -0.052457 -0.048649 0.54 0.57603 0.60646 0.70903 -0.70283 0.741 -0.85238 0.9224 -0.29751 -0.76251 0.69652 0.59467 -0.76125 -0.49803 0.80312 0.55109 -0.59944 -0.88107 -0.1291 0.71255 0.91354 0.44322 -0.27041 -0.78926 -0.94446 -0.76698 -0.36604 0.10765 0.50551 0.75532 0.89478 0.95304 0.93355 0.82196 0.6271 0.34181 -0.10532 -0.61704 -0.93023 -0.9473 -0.86038 -0.76525
0.016989 -0.098531 -0.028059 -0.0088884 0.15615 -0.058007 -0.35248 -0.40967 -0.48678 -0.6378 -0.60915 0.87943 -0.93078 0.86032 -0.28265 -0.69881 0.79152 0.469 -0.80755 -0.49918 0.77937 0.53214 -0.66537 -0.82256 0.077875 0.84735 0.81615 0.15853 -0.56701 -0.93087 -0.83625 -0.44027 0.057848 0.52058 0.83076 0.94774 0.92268 0.83143 0.68427 0.47475 0.20877 -0.077175 -0.38392 -0.73296 -0.95177 -0.85265 -0.61321 -0.38437 -0.22544
0.00030404 0.03131 -0.093139 -0.047859 -0.010027 -0.055526 0.44838 0.18325 0.44448 0.70147 0.35272 -0.78155 0.60176 -0.16099 -0.70003 0.86005 0.34025 -0.88882 -0.44588 0.7862 0.58443 -0.6741 -0.78637 0.21004 0.91352 0.6803 -0.10046 -0.76677 -0.92999 -0.60942 -0.063331 0.45751 0.80868 0.94942 0.87829 0.66793 0.429 0.20772 -0.016625 -0.26027 -0.50551 -0.71288 -0.87685 -0.96001 -0.80413 -0.37413 -0.012968 0.24129 0.3881
-0.031486 -0.052284 0.030786 -0.095655 -0.15269 0.12569 -0.25393 0.0042646 -0.4832 -0.74206 0.087711 0.26621 0.21934 -0.75325 0.87576 0.21161 -0.94367 -0.29651 0.82967 0.59287 -0.62928 -0.78294 0.27469 0.93527 0.54428 -0.31306 -0.88345 -0.84975 -0.34771 0.28152 0.74528 0.94362 0.89172 0.64723 0.29444 -0.057723 -0.32616 -0.52298 -0.68368 -0.8238 -0.92401 -0.96115 -0.92278 -0.72887 -0.30085 0.24753 0.56977 0.747 0.82954
-0.023437 0.1117 0.13755 -0.15807 -0.074871 0.037534 -0.026561 -0.10353 0.59791 0.65961 -0.59286 0.49707 -0.90917 0.841 0.16458 -0.97116 -0.13632 0.90935 0.54303 -0.63088 -0.82421 0.27381 0.9424 0.44807 -0.46945 -0.9359 -0.72441 -0.096953 0.54015 0.90425 0.9218 0.68722 0.32158 -0.092708 -0.46361 -0.72376 -0.86334 -0.9347 -0.96134 -0.94655 -0.87678 -0.7523 -0.55539 -0.19491 0.30686 0.74865 0.91566 0.96288 0.96515
-0.037712 -0.11 0.12027 -0.17789 0.062305 -0.23755 0.25752 0.10266 -0.74201 -0.3521 0.85055 -0.92666 0.65336 0.18981 -0.97701 0.033299 0.96111 0.39095 -0.68976 -0.83408 0.2033 0.9415 0.40266 -0.55897 -0.94621 -0.58422 0.1263 0.7239 0.94785 0.79091 0.40292 -0.047121 -0.44576 -0.75064 -0.91933 -0.95622 -0.91591 -0.85177 -0.75856 -0.62295 -0.44036 -0.23049 0.024941 0.39548 0.77735 0.96266 0.93343 0.85227 0.78886
-0.019055 0.02556 0.074328 -0.05238 0.010933 0.30075 -0.40278 0.005294 0.81441 -0.1771 -0.53262 0.47085 0.43433 -0.97 0.1315 0.97731 0.21225 -0.81397 -0.80239 0.20102 0.93961 0.41 -0.59816 -0.93835 -0.45557 0.31028 0.84413 0.92477 0.60908 0.104 -0.37734 -0.72852 -0.91615 -0.95259 -0.85542 -0.68279 -0.51335 -0.37064 -0.22267 -0.044401 0.16025 0.36245 0.57495 0.82315 0.96468 0.85304 0.65675 0.48816 0.38998
-0.0025784 0.046237 0.047729 0.16945 0.036206 -0.23061 0.46914 -0.2221 -0.67363 0.69679 -0.28343 0.55623 -0.95009 0.17029 0.96793 0.0067687 -0.91442 -0.68486 0.28326 0.94735 0.47906 -0.5896 -0.93389 -0.37024 0.44776 0.91301 0.85808 0.41735 -0.15437 -0.6325 -0.89597 -0.95526 -0.85659 -0.64134 -0.36252 -0.092061 0.10872 0.25408 0.38621 0.53128 0.67964 0.80466 0.90863 0.966 0.84281 0.4911 0.2009 0.0024 -0.097779
0.034442 0.084635 0.015339 0.16162 -0.057605 0.10738 -0.46055 0.51599 0.22512 -0.78661 0.87568 -0.90534 -0.0046959 0.9467 -0.14299 -0.97544 -0.51894 0.47783 0.96386 0.48155 -0.53209 -0.93523 -0.33282 0.52661 0.94444 0.76945 0.23012 -0.36797 -0.79446 -0.95699 -0.87857 -0.65194 -0.35601 -0.026491 0.28212 0.51944 0.66442 0.75662 0.82815 0.89555 0.9472 0.96705 0.9452 0.81353 0.48282 0.0068621 -0.2914 -0.46605 -0.54355
-0.020618 -0.10656 -0.064222 -0.11931 -0.031374 0.002703 0.36128 -0.78216 0.42215 0.20338 -0.47218 -0.053453 0.97035 -0.24841 -0.98595 -0.29714 0.67217 0.95653 0.40006 -0.54141 -0.94972 -0.34316 0.56077 0.95273 0.67987 0.061418 -0.53925 -0.89348 -0.93506 -0.72771 -0.39167 -0.029313 0.29816 0.58041 0.78528 0.90051 0.94622 0.96575 0.967 0.95047 0.90598 0.83174 0.7076 0.44175 0.0079713 -0.46165 -0.69491 -0.80847 -0.85087
0.015223 -0.12278 -0.1761 -0.094935 0.17089 -0.065346 -0.1443 0.83532 -0.86886 0.63836 -0.58146 0.95376 -0.15943 -0.96344 -0.099366 0.84523 0.88751 0.18336 -0.62948 -0.95619 -0.40964 0.55182 0.95603 0.61691 -0.075932 -0.66934 -0.94358 -0.87141 -0.54916 -0.12355 0.27359 0.58744 0.80054 0.92665 0.96316 0.93317 0.88357 0.84274 0.79128 0.7133 0.60228 0.46976 0.29015 -0.029341 -0.45197 -0.80557 -0.92815 -0.9645 -0.97101
0.019351 -0.045067 -0.18441 0.10799 -0.28655 0.063346 -0.19585 -0.49949 0.64834 -0.79718 0.82186 -0.21265 -0.97221 0.077751 0.94347 0.73185 -0.081626 -0.79894 -0.94592 -0.39763 0.49832 0.95525 0.58812 -0.16074 -0.76015 -0.95743 -0.78054 -0.36981 0.10887 0.52222 0.79353 0.93236 0.96216 0.90633 0.78547 0.64347 0.53419 0.46201 0.38751 0.28322 0.1471 -0.00029343 -0.184 -0.4771 -0.79415 -0.96374 -0.96118 -0.92344 -0.90156
0.0018598 -0.075764 0.035104 -0.031747 0.35642 0.016658 0.59084 -0.18953 0.21757 -0.077722 0.25604 -0.93722 0.070961 0.9824 0.53884 -0.38333 -0.93442 -0.86508 -0.28674 0.52174 0.95724 0.59288 -0.2004 -0.80935 -0.94831 -0.6776 -0.19629 0.3058 0.69527 0.91408 0.96255 0.89574 0.75758 0.56515 0.34978 0.15842 0.034926 -0.038736 -0.10864 -0.20609 -0.32915 -0.45421 -0.60013 -0.80589 -0.95946 -0.92447 -0.80942 -0.71443 -0.67564
-0.035041 -0.15831 0.23808 0.02501 -0.39805 -0.18271 -0.86129 0.82111 -0.90404 0.88201 -0.91513 0.22882 0.98617 0.31693 -0.62729 -0.99185 -0.69386 -0.024319 0.63207 0.96621 0.64062 -0.19649 -0.83284 -0.93256 -0.57862 -0.038112 0.47051 0.81704 0.9562 0.91399 0.74999 0.53032 0.29612 0.049184 -0.18065 -0.35756 -0.45775 -0.51265 -0.56081 -0.62935 -0.7137 -0.79307 -0.8762 -0.96169 -0.93466 -0.71622 -0.51983 -0.39142 -0.3474
0.04245 -0.21221 0.032983 -0.071434 0.43895 0.41892 0.76628 -0.79612 0.50441 -0.32276 -0.1251 0.96603 0.2445 -0.81396 -0.94373 -0.40726 0.28893 0.82308 0.97003 0.61726 -0.14449 -0.83189 -0.9238 -0.5084 0.094142 0.60256 0.89718 0.9547 0.81628 0.56128 0.27188 -0.0049733 -0.24633 -0.46544 -0.64204 -0.75921 -0.81571 -0.84471 -0.86658 -0.89799 -0.93337 -0.95924 -0.97262 -0.93333 -0.74421 -0.39277 -0.15499 -0.017928 0.022052
-0.025272 -0.20841 -0.17127 0.098179 -0.49812 -0.65671 -0.19575 -0.03439 0.6098 -0.80566 0.93154 -0.018019 -0.87596 -0.7977 -0.08337 0.62042 0.9622 0.90401 0.49821 -0.18956 -0.81047 -0.92208 -0.47048 0.18022 0.70093 0.94305 0.91997 0.69893 0.36872 0.018019 -0.28326 -0.52219 -0.69816 -0.83223 -0.91694 -0.95542 -0.96576 -0.97275 -0.97374 -0.97162 -0.96123 -0.93882 -0.89034 -0.74481 -0.43711 -0.017959 0.22111 0.34557 0.37589
-0.049036 -0.12849 0.062913 -0.076451 0.57628 0.76083 -0.58407 0.87967 -0.84543 0.48639 0.21234 -0.96993 -0.69614 0.25872 0.85902 0.98269 0.71932 0.21597 -0.34705 -0.8436 -0.93736 -0.46354 0.22792 0.75914 0.96247 0.863 0.56843 0.18538 -0.19661 -0.51498 -0.73283 -0.86948 -0.94169 -0.96873 -0.95501 -0.92011 -0.89489 -0.88984 -0.88045 -0.85563 -0.81154 -0.75436 -0.66147 -0.44303 -0.073016 0.34709 0.55351 0.65011 0.66896
0.04377 0.0065285 -0.014189 0.021438 -0.64791 -0.57434 0.93933 -0.65039 -0.29371 0.78625 -0.89432 -0.39267 0.44294 0.98293 0.85028 0.3811 -0.14874 -0.62771 -0.92248 -0.92748 -0.49721 0.23934 0.79169 0.96481 0.79645 0.43482 0.011872 -0.37877 -0.68025 -0.87225 -0.95505 -0.96735 -0.93375 -0.86385 -0.77068 -0.68394 -0.63987 -0.63346 -0.62437 -0.58992 -0.52788 -0.45271 -0.33683 -0.08494 0.28965 0.65269 0.80232 0.8627 0.87134
0.08347 0.061449 -0.0032501 0.038212 0.65603 0.050977 -0.40074 -0.49881 0.94431 -0.45947 -0.48578 0.76039 0.9929 0.56923 -0.024022 -0.55513 -0.87567 -0.98666 -0.86327 -0.44008 0.21111 0.80049 0.96406 0.74087 0.31053 -0.14598 -0.53299 -0.80177 -0.93985 -0.96652 -0.91087 -0.81455 -0.70053 -0.56509 -0.42566 -0.31521 -0.26862 -0.26832 -0.26683 -0.23406 -0.16914 -0.091826 0.026386 0.27348 0.60213 0.86522 0.94496 0.9671 0.96885
0.030379 -0.10877 0.11881 -0.07709 -0.52205 0.58791 -0.61554 0.9287 0.15768 -0.8638 0.69897 0.84706 0.32654 -0.44879 -0.85763 -0.99734 -0.9141 -0.65289 -0.26204 0.28774 0.79054 0.96104 0.7036 0.21886 -0.28012 -0.65887 -0.88676 -0.96588 -0.92122 -0.79693 -0.63678 -0.47166 -0.31645 -0.15507 -0.0054235 0.10237 0.13983 0.13166 0.12324 0.14716 0.20349 0.27073 0.37457 0.58512 0.82997 0.9681 0.97527 0.96228 0.96133
-0.036425 -0.29093 -0.29255 0.074263 0.18785 -0.86666 0.9273 0.15239 -0.96217 0.24385 0.82853 -0.17335 -0.70245 -0.99506 -0.90588 -0.63178 -0.2943 0.097002 0.47892 0.84277 0.96674 0.68393 0.15776 -0.37304 -0.75486 -0.93963 -0.95742 -0.84753 -0.65519 -0.43114 -0.21972 -0.033621 0.1228 0.27349 0.40316 0.48905 0.51218 0.49825 0.48249 0.4952 0.53636 0.58617 0.66451 0.81621 0.95452 0.96028 0.90079 0.85926 0.85966
-0.034208 -0.019355 0.40849 -0.010473 0.30733 0.41849 -0.00015556 -0.98914 -0.22762 0.95186 -0.21727 -0.96789 -0.95873 -0.58779 -0.19177 0.19975 0.50943 0.76973 0.93708 0.95979 0.69358 0.12519 -0.43492 -0.8149 -0.96526 -0.92191 -0.75022 -0.5045 -0.23182 0.025878 0.23394 0.39861 0.52493 0.63849 0.72864 0.78264 0.79236 0.77893 0.76192 0.76528 0.78949 0.81938 0.86694 0.94786 0.97185 0.85306 0.73898 0.67736 0.68226
-0.11387 0.37372 -0.41325 -0.12935 -0.76001 0.48622 -0.95769 -0.0017701 0.92763 0.17385 -0.96541 -0.63148 -0.24097 0.33477 0.6579 0.87133 0.97167 0.98638 0.89845 0.62104 0.12823 -0.46853 -0.85337 -0.97053 -0.86885 -0.63755 -0.34631 -0.044016 0.2342 0.46411 0.62595 0.74038 0.81858 0.88165 0.92456 0.94547 0.94696 0.94174 0.93111 0.92981 0.93915 0.95062 0.96728 0.97517 0.89018 0.66629 0.51331 0.4405 0.45174
-0.1212 0.05216 0.33231 0.34309 0.84673 -0.92098 0.42727 1 0.47713 -0.85915 -0.49036 0.38817 0.69254 0.95758 1 0.9501 0.84515 0.66861 0.42388 0.015862 -0.47454 -0.87283 -0.96904 -0.81556 -0.52094 -0.18776 0.13404 0.41402 0.63535 0.79376 0.88494 0.93672 0.96238 0.97394 0.97212 0.96535 0.96573 0.97574 0.97868 0.97856 0.97758 0.97478 0.96432 0.90496 0.72646 0.42456 0.24969 0.17394 0.19188
-0.051813 -0.25191 -0.22269 -0.58932 -0.35934 0.25553 0.83445 0.057533 -0.75535 -0.69131 0.56293 0.99251 0.98678 0.81179 0.63586 0.4352 0.24932 0.021574 -0.23254 -0.58062 -0.88151 -0.96229 -0.77065 -0.42299 -0.039388 0.29766 0.56939 0.76762 0.89358 0.95986 0.97502 0.9665 0.94615 0.91458 0.87764 0.85235 0.8584 0.88824 0.9099 0.91643 0.91064 0.89903 0.86769 0.75269 0.50295 0.15381 -0.026485 -0.098303 -0.074666
0.0037337 0.04562 0.13547 0.76888 -0.47557 0.78725 -0.6174 -0.99432 -0.81087 0.38564 0.97216 0.62464 0.44118 0.066028 -0.13793 -0.32259 -0.46318 -0.61976 -0.77268 -0.93503 -0.96313 -0.73409 -0.34503 0.076985 0.43944 0.69869 0.8659 0.95174 0.97068 0.94613 0.8954 0.83949 0.78645 0.72553 0.66662 0.6329 0.64937 0.70029 0.74278 0.75989 0.7545 0.73961 0.6947 0.53918 0.24397 -0.12129 -0.29249 -0.35528 -0.32805
0.060862 -0.053897 -0.10481 -0.73901 0.96282 -0.73673 -0.7697 -0.30098 0.32572 0.97451 0.34546 -0.30804 -0.44471 -0.70946 -0.80809 -0.88412 -0.92903 -0.96865 -0.98695 -0.93649 -0.71892 -0.28547 0.16738 0.54366 0.79899 0.93162 0.97285 0.94461 0.86798 0.77043 0.67367 0.5887 0.51878 0.44384 0.37644 0.34312 0.37179 0.4414 0.50349 0.53287 0.53189 0.5184 0.46713 0.28763 -0.026673 -0.37929 -0.52968 -0.58018 -0.55224
0.14703 0.23383 0.15091 0.38984 -0.51071 -0.45984 0.63247 0.89151 1 0.41068 -0.61878 -0.95743 -0.97728 -0.99879 -0.99029 -0.97197 -0.95008 -0.90162 -0.82001 -0.61344 -0.25335 0.23453 0.62186 0.86415 0.96671 0.96092 0.88498 0.76373 0.61858 0.47513 0.35587 0.26081 0.18874 0.1136 0.049131 0.022418 0.061887 0.14457 0.22188 0.26284 0.26854 0.25972 0.20836 0.021063 -0.28762 -0.6031 -0.72415 -0.76086 -0.73544
0.16291 -0.15132 -0.28233 0.2249 -0.54838 0.92934 0.81958 0.6686 0.34869 -0.60497 -0.98264 -0.81297 -0.80408 -0.65864 -0.62222 -0.58048 -0.55256 -0.47876 -0.36282 -0.098131 0.27608 0.67719 0.90824 0.97567 0.92221 0.79763 0.63499 0.45523 0.27553 0.11557 -0.0041287 -0.093184 -0.15619 -0.22116 -0.27472 -0.29182 -0.24571 -0.15795 -0.072238 -0.02261 -0.0097886 -0.012343 -0.058945 -0.23953 -0.52122 -0.78043 -0.86688 -0.8898 -0.87016
-0.092109 -0.26329 0.49078 -0.79889 0.99377 0.22105 -0.49196 -0.55569 -0.73146 -0.97064 -0.46007 -0.043914 -0.094832 0.061774 0.060972 0.07061 0.064744 0.11282 0.20596 0.43459 0.71459 0.93406 0.97189 0.87073 0.69195 0.48851 0.28033 0.080474 -0.10054 -0.25096 -0.35392 -0.42585 -0.47315 -0.52193 -0.56049 -0.56804 -0.52137 -0.43781 -0.35201 -0.29832 -0.27966 -0.27594 -0.31462 -0.4765 -0.7142 -0.90388 -0.95349 -0.96378 -0.95286
-0.6135 0.72984 -0.73855 0.88588 -0.13391 -0.98184 -0.93975 -0.9764 -0.93068 -0.36149 0.44445 0.74186 0.65892 0.73121 0.69783 0.67508 0.64166 0.65007 0.6949 0.82777 0.95248 0.9572 0.81639 0.5886 0.33528 0.10065 -0.11143 -0.2969 -0.45222 -0.5739 -0.64953 -0.69882 -0.72839 -0.75917 -0.78225 -0.78275 -0.74252 -0.67255 -0.59548 -0.54337 -0.52147 -0.51285 -0.54207 -0.67624 -0.8578 -0.97048 -0.98365 -0.98326 -0.98346
-0.82919 -0.99324 0.94667 -0.27478 -0.95059 -0.15342 0.17169 -0.070716 -0.079946 0.58195 0.9766 0.9989 1 1 0.99484 0.98555 0.96675 0.95723 0.96194 0.98391 0.94562 0.75975 0.49222 0.19877 -0.072853 -0.29415 -0.47573 -0.62129 -0.73321 -0.81519 -0.85957 -0.88582 -0.89951 -0.91399 -0.92392 -0.92143 -0.8945 -0.84659 -0.78661 -0.74202 -0.72035 -0.7092 -0.72887 -0.82941 -0.94754 -0.98112 -0.96035 -0.95171 -0.96471
-0.065177 1 -1 -0.63384 0.60988 0.98581 1 0.9141 0.84364 0.98904 0.75568 0.59662 0.7646 0.76398 0.84687 0.90264 0.94504 0.95477 0.9477 0.88073 0.71475 0.40213 0.077778 -0.21794 -0.45826 -0.63235 -0.7606 -0.85192 -0.91266 -0.95199 -0.96686 -0.97364 -0.97589 -0.97815 -0.97909 -0.97827 -0.97049 -0.95133 -0.9155 -0.88406 -0.86644 -0.85568 -0.86687 -0.93082 -0.98274 -0.93976 -0.88915 -0.87484 -0.90151
1 -0.8405 0.78862 0.97361 0.73075 0.25985 0.31722 0.76685 0.897 0.54685 -0.007105 -0.16749 0.12248 0.17267 0.34949 0.48712 0.61025 0.66715 0.67767 0.56367 0.32922 -0.029359 -0.34113 -0.5863 -0.76009 -0.86732 -0.93225 -0.96591 -0.97655 -0.9768 -0.96795 -0.96117 -0.9577 -0.95303 -0.94991 -0.95518 -0.97068 -0.98461 -0.97813 -0.96455 -0.95467 -0.9474 -0.95196 -0.97897 -0.96591 -0.85268 -0.77735 -0.75991 -0.8003
0.58028 0.63672 -0.28806 -0.26993 -0.83588 -0.93584 -0.80812 -0.26995 0.085045 -0.33098 -0.75115 -0.81692 -0.56764 -0.48217 -0.27402 -0.089525 0.091682 0.19771 0.2407 0.12315 -0.11688 -0.44465 -0.68877 -0.84884 -0.93836 -0.97351 -0.97663 -0.95816 -0.92646 -0.89565 -0.87099 -0.85747 -0.854 -0.84779 -0.84535 -0.86019 -0.90101 -0.94974 -0.97558 -0.98329 -0.98432 -0.98343 -0.98368 -0.97555 -0.90201 -0.72771 -0.63336 -0.61504 -0.6684
-0.79548 -0.4773 -0.35795 -0.78126 -0.56824 -0.51159 -0.81425 -0.99055 -0.79075 -0.94013 -0.99276 -0.99633 -0.96695 -0.91715 -0.78009 -0.62263 -0.44184 -0.31353 -0.2442 -0.33397 -0.52877 -0.768 -0.91129 -0.9723 -0.97653 -0.94638 -0.8979 -0.83894 -0.77666 -0.72508 -0.69297 -0.67905 -0.68034 -0.67718 -0.67932 -0.70583 -0.77173 -0.85432 -0.91308 -0.94395 -0.95826 -0.96614 -0.96451 -0.92476 -0.79774 -0.57349 -0.46601 -0.44868 -0.51358
-0.37482 0.40501 0.83691 0.863 0.90301 0.75295 0.23581 -0.65495 -0.96193 -0.85233 -0.61641 -0.64362 -0.91237 -0.97268 -0.99708 -0.94652 -0.83791 -0.73294 -0.66145 -0.71045 -0.83004 -0.94947 -0.98212 -0.94874 -0.8799 -0.7995 -0.7148 -0.63 -0.55035 -0.48857 -0.45641 -0.44703 -0.45622 -0.45937 -0.46862 -0.50731 -0.59589 -0.70895 -0.79894 -0.85324 -0.88218 -0.90054 -0.89935 -0.83263 -0.66095 -0.39899 -0.28405 -0.26912 -0.34353
0.76365 -0.42653 -0.82569 0.23569 0.54419 0.82108 0.97307 0.33123 -0.33267 -0.17406 0.11469 0.0257 -0.46044 -0.65497 -0.87273 -0.97911 -1 -0.96567 -0.92458 -0.93724 -0.97408 -0.96934 -0.90168 -0.79245 -0.67119 -0.5597 -0.45587 -0.36015 -0.27568 -0.21303 -0.18635 -0.18452 -0.2028 -0.21384 -0.23122 -0.28099 -0.38797 -0.526 -0.64351 -0.71991 -0.76377 -0.7935 -0.79471 -0.70643 -0.49995 -0.2129 -0.095782 -0.084192 -0.16563
-0.12765 0.52344 0.26682 -1 -0.86747 -0.34551 0.54707 0.98161 0.547 0.60727 0.7676 0.66826 0.17233 -0.10665 -0.47179 -0.73228 -0.90372 -0.97179 -0.99008 -0.98237 -0.9475 -0.83631 -0.69279 -0.53418 -0.38463 -0.26155 -0.15459 -0.061018 0.017965 0.074377 0.092376 0.085789 0.059118 0.040308 0.015313 -0.043026 -0.16265 -0.31857 -0.45819 -0.55396 -0.61197 -0.6531 -0.65822 -0.55409 -0.32313 -0.023356 0.091276 0.099062 0.01338
-0.43377 -0.65654 0.46125 0.21989 -0.65675 -1 -0.48472 0.72495 0.99845 0.9927 1 0.99259 0.72267 0.46587 0.063372 -0.29314 -0.59106 -0.76631 -0.85927 -0.85086 -0.76703 -0.58146 -0.39366 -0.21433 -0.059764 0.057981 0.15517 0.23675 0.30301 0.34875 0.35723 0.34331 0.31064 0.28568 0.25492 0.19165 0.066149 -0.099532 -0.25459 -0.36582 -0.43625 -0.48801 -0.49799 -0.38369 -0.13849 0.16235 0.27056 0.2745 0.18754
0.38079 0.76859 -0.75216 0.91269 0.71771 -0.27227 -0.97172 -0.1557 0.72613 0.77666 0.72219 0.87975 0.9891 0.87221 0.56772 0.2112 -0.14969 -0.40705 -0.57076 -0.57783 -0.47183 -0.24995 -0.050107 0.12387 0.26417 0.36403 0.44273 0.50626 0.55591 0.58921 0.58944 0.57088 0.53585 0.50755 0.4739 0.41009 0.28597 0.11917 -0.043873 -0.16577 -0.24607 -0.30694 -0.32218 -0.20308 0.04661 0.33797 0.43657 0.43699 0.35176
-0.10631 -0.79312 0.3279 -0.46938 0.84939 0.79977 -0.45078 -0.88846 -0.03612 0.12155 0.10213 0.40639 0.8959 0.99658 0.90398 0.65224 0.3143 0.024083 -0.18731 -0.21765 -0.11382 0.10772 0.29177 0.4401 0.55263 0.6272 0.68312 0.72631 0.75857 0.78003 0.77486 0.75543 0.72243 0.69439 0.6614 0.6018 0.48631 0.32702 0.16378 0.036585 -0.050413 -0.11827 -0.13861 -0.019592 0.22567 0.49835 0.58494 0.58245 0.50187
0.0036225 0.67686 0.3776 -0.80409 -0.40492 0.84843 0.49821 -0.90299 -0.75908 -0.58737 -0.55242 -0.21642 0.49979 0.82144 0.9954 0.93125 0.70227 0.44091 0.21916 0.16784 0.25206 0.44343 0.59142 0.70118 0.77881 0.8257 0.85856 0.88236 0.89902 0.911 0.90428 0.88828 0.86194 0.8381 0.8096 0.75894 0.6589 0.51525 0.35952 0.23266 0.14256 0.070305 0.045504 0.1602 0.39318 0.63946 0.71238 0.70783 0.63466
-0.026074 -0.41358 -0.58691 0.54658 -1 -0.12147 0.95645 -0.236 -0.99558 -0.97823 -0.95218 -0.74464 -0.049555 0.41726 0.836 0.99728 0.94216 0.7697 0.58116 0.5201 0.57606 0.71737 0.81782 0.88367 0.92515 0.94619 0.95891 0.96671 0.97135 0.97735 0.9733 0.96501 0.94972 0.93397 0.91371 0.87634 0.79775 0.67703 0.53605 0.41514 0.32575 0.25198 0.22376 0.33061 0.54463 0.75838 0.81667 0.81104 0.74775
0.008389 0.073769 0.085219 0.76105 -0.085572 -0.93067 0.54744 0.58575 -0.63704 -0.87759 -0.94662 -0.99541 -0.57124 -0.090648 0.48113 0.85094 0.99856 0.96031 0.84582 0.79196 0.81956 0.90161 0.95159 0.97479 0.98368 0.98376 0.98137 0.97805 0.97525 0.97923 0.98189 0.98511 0.98459 0.98039 0.97173 0.95136 0.89915 0.80748 0.68772 0.57807 0.49324 0.42098 0.39071 0.48693 0.6766 0.85323 0.89653 0.89087 0.83964
0.067818 0.20329 0.44346 -0.49518 0.92704 -0.69896 -0.31827 0.98517 0.074355 -0.36439 -0.56424 -0.90147 -0.9127 -0.5638 0.025007 0.53628 0.87373 0.99108 0.98076 0.9525 0.95828 0.98165 0.98527 0.97214 0.95525 0.941 0.92957 0.92057 0.91515 0.92096 0.93371 0.95135 0.96838 0.9785 0.98414 0.98361 0.96145 0.90357 0.81052 0.71694 0.64036 0.57265 0.54189 0.62544 0.78661 0.92305 0.95153 0.94691 0.90954
-0.13018 -0.27689 -0.29573 -0.78658 0.63717 0.26204 -0.89963 0.72693 0.73017 0.30322 0.024922 -0.51627 -0.98952 -0.88766 -0.4263 0.12545 0.60143 0.86797 0.97573 0.9887 0.9831 0.95595 0.9223 0.88227 0.84812 0.82669 0.81228 0.80283 0.79921 0.81007 0.83529 0.86918 0.90538 0.93166 0.9535 0.97466 0.98483 0.96402 0.90199 0.82863 0.76369 0.70341 0.67386 0.74338 0.87317 0.96772 0.98199 0.97943 0.95733
0.13774 0.11367 -0.23737 0.32958 -0.48293 0.93481 -0.76074 0.01745 0.99435 0.82712 0.59312 0.021073 -0.79853 -0.99578 -0.77935 -0.29934 0.23638 0.6195 0.84073 0.90442 0.89884 0.83417 0.77502 0.71878 0.67612 0.65411 0.64201 0.63647 0.63818 0.65639 0.69525 0.74597 0.80171 0.84502 0.88401 0.92766 0.97103 0.98904 0.96111 0.91132 0.86097 0.81078 0.78414 0.83893 0.93557 0.98781 0.98883 0.98926 0.98343
-0.10504 0.1445 0.31127 0.83036 -0.9565 0.68802 -0.056213 -0.68546 0.76132 1 0.94399 0.54064 -0.40658 -0.87801 -0.97058 -0.66232 -0.15777 0.28913 0.6016 0.71741 0.72165 0.63451 0.56217 0.50004 0.45669 0.43935 0.43353 0.43498 0.44433 0.47107 0.52348 0.59035 0.66476 0.7249 0.78108 0.84694 0.92304 0.98015 0.9881 0.96435 0.93104 0.89326 0.87118 0.91109 0.97389 0.9845 0.97348 0.97773 0.98874
0.064393 -0.25225 0.11503 -0.053544 -0.25471 -0.18821 0.66806 -0.97642 0.17348 0.77548 0.97454 0.89566 0.076638 -0.57447 -0.97433 -0.90641 -0.51978 -0.07307 0.29442 0.45516 0.47555 0.38059 0.30625 0.24691 0.20897 0.19976 0.20249 0.21254 0.23052 0.26576 0.33041 0.41156 0.50262 0.57842 0.65086 0.73766 0.84478 0.93988 0.98422 0.9881 0.97369 0.95024 0.93424 0.9596 0.9888 0.95941 0.93776 0.94647 0.97454
-0.034744 0.073633 -0.25295 -0.80411 0.71818 -0.87315 0.91208 -0.72171 -0.4799 0.26306 0.69515 1 0.53134 -0.15968 -0.80208 -1 -0.79964 -0.41815 -0.040477 0.1504 0.18887 0.098494 0.030931 -0.019289 -0.047935 -0.047543 -0.035691 -0.01697 0.0092979 0.051923 0.12639 0.21893 0.32363 0.41299 0.49994 0.60553 0.74082 0.87154 0.95163 0.9838 0.98957 0.98191 0.97332 0.98485 0.98149 0.91452 0.88373 0.89743 0.94239
0.017081 0.23905 -0.080066 -0.29564 0.85311 -0.79627 0.54845 -0.091974 -0.9109 -0.33417 0.21023 0.84239 0.85683 0.27751 -0.49504 -0.93834 -0.96407 -0.7045 -0.36384 -0.16315 -0.10921 -0.18601 -0.24101 -0.27853 -0.29627 -0.28673 -0.26682 -0.24073 -0.2077 -0.1598 -0.07882 0.02141 0.13593 0.23601 0.33499 0.45642 0.61612 0.77902 0.89311 0.95339 0.97999 0.98912 0.98905 0.98777 0.95356 0.85205 0.8137 0.8327 0.89404
-0.0037072 -0.33989 0.18238 0.6106 0.068396 -0.072295 -0.15034 0.56876 -0.95433 -0.80414 -0.32607 0.47865 0.99105 0.65322 -0.11278 -0.74039 -0.99874 -0.9019 -0.64177 -0.45444 -0.39149 -0.44962 -0.48947 -0.51337 -0.52073 -0.50412 -0.47858 -0.44758 -0.41029 -0.35997 -0.27642 -0.17279 -0.052849 0.054513 0.16246 0.2962 0.47579 0.66654 0.81192 0.89935 0.94681 0.97326 0.98255 0.96974 0.90692 0.77439 0.73003 0.75449 0.8314
-0.01245 0.062168 0.09648 0.60554 -0.75553 0.68665 -0.73699 0.93711 -0.61729 -0.99864 -0.76079 0.0085613 0.91832 0.90349 0.27917 -0.44267 -0.90742 -0.99356 -0.84862 -0.69773 -0.63499 -0.67314 -0.69812 -0.70982 -0.70908 -0.68875 -0.66099 -0.62837 -0.59002 -0.54065 -0.45886 -0.35645 -0.23581 -0.12501 -0.011597 0.13048 0.32491 0.53846 0.71165 0.82451 0.89234 0.93616 0.95539 0.93245 0.84369 0.684 0.63513 0.66506 0.75645
0.033022 0.31633 -0.11032 -0.21198 -0.79845 0.90669 -0.87788 0.86023 -0.052397 -0.87249 -0.98374 -0.45367 0.66596 0.99286 0.62052 -0.091642 -0.709 -0.97609 -0.96849 -0.8743 -0.82229 -0.84238 -0.85513 -0.85785 -0.85253 -0.83262 -0.80665 -0.77618 -0.74038 -0.69556 -0.61998 -0.52349 -0.407 -0.29682 -0.18169 -0.03555 0.16834 0.39915 0.59602 0.73199 0.81915 0.87996 0.90943 0.87787 0.76613 0.58335 0.53141 0.56662 0.67119
-0.053387 -0.33274 -0.12968 -0.69816 -0.08062 0.46582 -0.52531 0.40125 0.51911 -0.48344 -0.95052 -0.8071 0.293 0.91646 0.86459 0.26391 -0.43306 -0.85803 -0.99545 -0.97316 -0.94224 -0.94859 -0.95337 -0.95145 -0.94581 -0.93075 -0.91077 -0.88636 -0.85679 -0.82014 -0.75507 -0.66906 -0.56146 -0.456 -0.34303 -0.19719 0.010609 0.25285 0.46876 0.625 0.73002 0.80704 0.84675 0.80812 0.67657 0.47485 0.42116 0.46135 0.57761
0.064485 -0.063458 0.028427 -0.28185 0.68004 -0.28407 0.097421 -0.21816 0.89583 0.038989 -0.6847 -0.98398 -0.12528 0.6966 0.98318 0.57955 -0.11495 -0.65731 -0.93273 -0.99094 -0.98996 -0.98834 -0.99023 -0.98851 -0.98695 -0.98102 -0.97102 -0.95643 -0.93663 -0.91151 -0.8609 -0.78957 -0.6953 -0.59855 -0.49157 -0.35036 -0.14418 0.10355 0.33356 0.50682 0.6278 0.71988 0.76961 0.72542 0.57732 0.36083 0.30658 0.35132 0.47762
-0.056695 0.36282 0.14919 0.43958 0.80982 -0.82102 0.65088 -0.73235 0.96261 0.54022 -0.26294 -0.95927 -0.51306 0.37554 0.96802 0.8201 0.20888 -0.39813 -0.79117 -0.93112 -0.96639 -0.96301 -0.96719 -0.97037 -0.97699 -0.98392 -0.98739 -0.98589 -0.97898 -0.96834 -0.93561 -0.88265 -0.80571 -0.72138 -0.62402 -0.49161 -0.29239 -0.04509 0.19388 0.38061 0.51536 0.62104 0.68029 0.63202 0.47066 0.24348 0.18974 0.23847 0.37307
0.025335 -0.15628 0.067312 0.59924 0.24939 -0.81518 0.86593 -0.94439 0.71673 0.88642 0.20992 -0.74986 -0.8072 0.0063558 0.82913 0.96257 0.50503 -0.10779 -0.58723 -0.80286 -0.8774 -0.87809 -0.88915 -0.90131 -0.91947 -0.94215 -0.96179 -0.97599 -0.98451 -0.9907 -0.97861 -0.94706 -0.89085 -0.82227 -0.73789 -0.61815 -0.43095 -0.18978 0.052989 0.24943 0.39549 0.51306 0.58113 0.53016 0.35877 0.12484 0.072514 0.1246 0.26568
0.02379 -0.24289 -0.12566 0.083077 -0.48829 -0.30775 0.66355 -0.79274 0.25375 0.99706 0.62795 -0.40569 -0.96599 -0.35621 0.59108 0.99717 0.74608 0.18625 -0.34087 -0.61949 -0.73275 -0.74224 -0.76372 -0.78788 -0.81994 -0.86021 -0.89777 -0.92947 -0.95521 -0.9799 -0.99041 -0.98259 -0.94984 -0.89985 -0.83143 -0.72784 -0.55728 -0.32764 -0.086166 0.11613 0.27088 0.39841 0.47439 0.422 0.24371 0.0067585 -0.043376 0.01135 0.15705
-0.07252 0.23579 -0.16063 -0.47861 -0.80972 0.36532 0.16484 -0.35573 -0.27472 0.85832 0.90692 0.0037696 -0.97289 -0.66363 0.28801 0.92662 0.91259 0.45888 -0.073416 -0.39699 -0.54487 -0.56634 -0.60038 -0.63828 -0.68542 -0.74392 -0.80011 -0.85017 -0.89414 -0.93823 -0.9725 -0.98991 -0.98263 -0.95351 -0.90358 -0.81918 -0.66937 -0.45622 -0.22095 -0.016653 0.14403 0.27943 0.36228 0.30961 0.12741 -0.10909 -0.15641 -0.099812 0.048642
0.095894 0.12038 0.038989 -0.50152 -0.50602 0.80811 -0.39064 0.19509 -0.71279 0.51775 0.99882 0.40439 -0.83582 -0.87927 -0.041672 0.76421 0.99383 0.68918 0.19423 -0.15249 -0.32771 -0.36253 -0.40971 -0.46169 -0.52382 -0.60001 -0.67448 -0.74282 -0.80517 -0.86879 -0.92714 -0.97048 -0.98989 -0.98335 -0.95391 -0.89122 -0.7657 -0.57352 -0.34906 -0.14657 0.017257 0.15834 0.24687 0.19492 0.011606 -0.22123 -0.26524 -0.20758 -0.058213
-0.07654 -0.2149 0.20913 -0.027275 0.15031 0.79311 -0.76398 0.66638 -0.94469 0.065191 0.89663 0.73053 -0.58274 -0.98161 -0.36027 0.53108 0.98767 0.86158 0.44316 0.097062 -0.095668 -0.14335 -0.20268 -0.26771 -0.34353 -0.43572 -0.52705 -0.61269 -0.69274 -0.77525 -0.85718 -0.92636 -0.97292 -0.99002 -0.98256 -0.94356 -0.84526 -0.67796 -0.46858 -0.27152 -0.10735 0.037176 0.1301 0.079746 -0.10211 -0.32838 -0.36873 -0.31084 -0.16234
0.020331 -0.058898 0.099427 0.43006 0.66992 0.3599 -0.81546 0.90971 -0.92094 -0.39297 0.6304 0.93472 -0.25509 -0.96491 -0.63482 0.25311 0.89964 0.96644 0.65752 0.33597 0.13734 0.079027 0.0099537 -0.065811 -0.15292 -0.25838 -0.36424 -0.46532 -0.56163 -0.66167 -0.76591 -0.86007 -0.93352 -0.97472 -0.99017 -0.97626 -0.90747 -0.76834 -0.57788 -0.38972 -0.22793 -0.082218 0.013735 -0.034296 -0.21235 -0.42946 -0.4659 -0.40861 -0.26272
0.039583 0.15751 -0.16072 0.45106 0.71309 -0.24176 -0.54656 0.86289 -0.66265 -0.759 0.25699 0.99273 0.099606 -0.83791 -0.83999 -0.042143 0.74146 1 0.82526 0.55066 0.35864 0.29338 0.21818 0.13505 0.040019 -0.07514 -0.19241 -0.30634 -0.41676 -0.53232 -0.65691 -0.77449 -0.87387 -0.93901 -0.97777 -0.9898 -0.95217 -0.84389 -0.67573 -0.49966 -0.34287 -0.19819 -0.10061 -0.14574 -0.31789 -0.52356 -0.55598 -0.50009 -0.35845
-0.061241 0.054052 -0.22569 0.072017 0.29136 -0.70472 -0.080267 0.55779 -0.24715 -0.96316 -0.15335 0.90431 0.43473 -0.62094 -0.95971 -0.32812 0.52932 0.96394 0.93846 0.73023 0.55737 0.48994 0.4131 0.32681 0.22791 0.10728 -0.017622 -0.1412 -0.26301 -0.39153 -0.5339 -0.67273 -0.79642 -0.8848 -0.94672 -0.985 -0.97953 -0.90413 -0.76119 -0.6001 -0.45079 -0.30931 -0.2115 -0.25329 -0.41769 -0.60997 -0.63831 -0.58465 -0.4488
0.028433 -0.096116 0.0007735 -0.33127 -0.2916 -0.81935 0.40063 0.098725 0.21783 -0.97422 -0.5306 0.69021 0.71042 -0.34222 -0.98751 -0.58151 0.28203 0.86455 0.99329 0.86676 0.72481 0.66066 0.58722 0.5025 0.40425 0.28281 0.15449 0.024945 -0.10505 -0.24354 -0.40061 -0.55797 -0.70382 -0.81421 -0.89867 -0.96298 -0.99006 -0.94896 -0.8336 -0.69008 -0.55055 -0.41434 -0.31771 -0.35582 -0.51088 -0.68812 -0.71245 -0.66176 -0.53314
0.027351 -0.07974 0.23915 -0.42271 -0.66926 -0.55723 0.72659 -0.37657 0.62316 -0.80078 -0.81643 0.38659 0.8975 -0.033842 -0.926 -0.78379 0.019274 0.71173 0.98979 0.95539 0.85459 0.79941 0.73461 0.65639 0.56355 0.44618 0.31892 0.18738 0.052728 -0.092369 -0.2607 -0.43345 -0.59882 -0.72951 -0.83544 -0.92506 -0.98451 -0.9785 -0.89261 -0.7689 -0.64125 -0.51224 -0.41815 -0.4524 -0.59675 -0.75761 -0.77805 -0.73106 -0.61097
-0.04773 0.034713 0.19496 -0.17088 -0.63821 -0.059522 0.7977 -0.73895 0.88297 -0.48469 -0.97191 0.03826 0.97968 0.27201 -0.78549 -0.92212 -0.23996 0.51789 0.93132 0.99422 0.94274 0.90202 0.85095 0.78413 0.70141 0.59296 0.4713 0.34191 0.20635 0.058206 -0.11764 -0.30231 -0.48417 -0.63307 -0.75898 -0.87276 -0.96386 -0.99316 -0.9381 -0.83607 -0.72217 -0.60217 -0.51195 -0.54223 -0.67477 -0.81817 -0.83491 -0.7923 -0.68193
0.0050443 0.11012 -0.081347 0.18453 -0.25038 0.44637 0.60753 -0.90095 0.95036 -0.089429 -0.98113 -0.30827 0.95373 0.5463 -0.58208 -0.98969 -0.4786 0.29686 0.82403 0.98404 0.98755 0.96623 0.93352 0.88267 0.81454 0.71965 0.60806 0.48494 0.3523 0.20478 0.025316 -0.16756 -0.36258 -0.52726 -0.67131 -0.8077 -0.92923 -0.99352 -0.97017 -0.89134 -0.79284 -0.68348 -0.59836 -0.62467 -0.74451 -0.86968 -0.88295 -0.84533 -0.74573
0.058581 0.032939 -0.27064 0.36608 0.2531 0.75267 0.23293 -0.83385 0.8224 0.31355 -0.85066 -0.61084 0.82828 0.7655 -0.33567 -0.98548 -0.68245 0.062843 0.67613 0.92795 0.98941 0.99156 0.98113 0.95026 0.90074 0.82368 0.72635 0.61351 0.48755 0.34434 0.16522 -0.032029 -0.23666 -0.41442 -0.57447 -0.73159 -0.88189 -0.98034 -0.98911 -0.93464 -0.85293 -0.75567 -0.67681 -0.69925 -0.80572 -0.9121 -0.92219 -0.89012 -0.80221
-0.067292 -0.12241 -0.16355 0.26843 0.59792 0.75182 -0.20052 -0.56737 0.53529 0.6578 -0.60595 -0.83625 0.62146 0.91314 -0.067786 -0.91362 -0.84076 -0.17046 0.49721 0.83095 0.95052 0.97909 0.99396 0.98636 0.95887 0.90336 0.82408 0.72526 0.60962 0.47429 0.29943 0.1017 -0.10888 -0.29683 -0.47051 -0.64616 -0.8232 -0.95453 -0.99537 -0.96607 -0.90231 -0.81842 -0.7469 -0.7656 -0.85823 -0.94553 -0.95274 -0.92671 -0.85127
0.00088574 -0.1079 0.1181 -0.0012569 0.62255 0.46493 -0.56217 -0.17537 0.15258 0.89203 -0.28559 -0.96306 0.35791 0.98043 0.20025 -0.78251 -0.9465 -0.39056 0.29759 0.69947 0.87458 0.93129 0.97342 0.99151 0.98873 0.95782 0.89989 0.81848 0.71652 0.59248 0.42568 0.23129 0.018472 -0.17663 -0.36138 -0.55314 -0.75457 -0.9171 -0.98954 -0.98588 -0.94096 -0.87154 -0.80832 -0.82351 -0.90202 -0.97013 -0.97479 -0.95522 -0.89292
0.067578 0.096614 0.2768 -0.23855 0.34205 0.017064 -0.75445 0.24655 -0.25007 0.98634 0.065387 -0.98264 0.065573 0.96605 0.44898 -0.60372 -0.99634 -0.58678 0.087674 0.5409 0.76648 0.85169 0.9219 0.96715 0.99094 0.98697 0.9531 0.89203 0.8068 0.69717 0.54201 0.35469 0.14332 -0.055851 -0.24898 -0.45425 -0.67744 -0.86912 -0.97234 -0.99446 -0.96904 -0.91499 -0.86092 -0.87286 -0.93712 -0.98614 -0.9886 -0.97584 -0.92719
-0.054703 0.17619 0.15848 -0.29596 -0.084819 -0.42146 -0.73573 0.60491 -0.6001 0.9342 0.40195 -0.89856 -0.22734 0.87545 0.66196 -0.39086 -0.99043 -0.75055 -0.12252 0.36314 0.63193 0.74466 0.84265 0.91553 0.96689 0.99139 0.98363 0.94533 0.87948 0.78708 0.64687 0.47013 0.26379 0.063667 -0.13507 -0.35112 -0.59323 -0.81174 -0.94454 -0.9923 -0.98679 -0.94881 -0.90464 -0.91362 -0.96367 -0.99388 -0.99448 -0.98882 -0.95423
-0.019769 -0.021918 -0.10962 -0.16525 -0.4502 -0.70037 -0.52438 0.82809 -0.84037 0.75067 0.68466 -0.72482 -0.49499 0.71957 0.82666 -0.15848 -0.93197 -0.87565 -0.32382 0.17421 0.47713 0.61516 0.73948 0.8395 0.91855 0.97225 0.99198 0.9783 0.93404 0.8613 0.73903 0.57615 0.37826 0.18024 -0.021305 -0.24531 -0.50337 -0.74612 -0.90702 -0.97996 -0.99456 -0.97319 -0.93952 -0.94589 -0.9819 -0.99371 -0.9928 -0.99446 -0.97421
0.052088 -0.20717 -0.26914 0.046207 -0.59759 -0.73757 -0.18639 0.87851 -0.93704 0.46778 0.88368 -0.48319 -0.7159 0.51337 0.9348 0.078945 -0.82668 -0.95824 -0.50821 -0.018099 0.30852 0.46846 0.61666 0.74236 0.84837 0.93119 0.97908 0.99131 0.97037 0.91932 0.81758 0.67153 0.48533 0.29239 0.090801 -0.13832 -0.40921 -0.67342 -0.86067 -0.9581 -0.99279 -0.98836 -0.96572 -0.96981 -0.99207 -0.98602 -0.98395 -0.99309 -0.98733
-0.0036289 -0.089643 -0.1825 0.20356 -0.48245 -0.53716 0.18707 0.75607 -0.88235 0.12818 0.98112 -0.20016 -0.87432 0.27423 0.98245 0.30786 -0.6822 -0.99674 -0.66906 -0.20651 0.13248 0.30995 0.47866 0.62771 0.75915 0.87024 0.94627 0.98511 0.98871 0.96094 0.88194 0.75538 0.58384 0.3988 0.19989 -0.031493 -0.31207 -0.59481 -0.80643 -0.92743 -0.98198 -0.99465 -0.98342 -0.9856 -0.9945 -0.97127 -0.96836 -0.98507 -0.99386
-0.037894 0.16641 0.058796 0.22801 -0.17483 -0.17721 0.50494 0.49373 -0.69283 -0.22167 0.97164 0.096129 -0.96084 0.020401 0.96979 0.51631 -0.50751 -0.99172 -0.80121 -0.3845 -0.044889 0.14497 0.33002 0.49935 0.65394 0.79173 0.89523 0.96079 0.98965 0.98631 0.93183 0.82704 0.67284 0.49837 0.30476 0.073906 -0.21318 -0.51143 -0.74524 -0.88867 -0.96267 -0.99247 -0.99292 -0.99354 -0.98958 -0.94992 -0.94649 -0.97079 -0.9941
0.00089083 0.19259 0.24052 0.12873 0.18564 0.22349 0.69751 0.14737 -0.40397 -0.5379 0.86164 0.37866 -0.97247 -0.23035 0.90059 0.69441 -0.31227 -0.94555 -0.90109 -0.54644 -0.21794 -0.021412 0.17522 0.36109 0.53592 0.69818 0.82786 0.91968 0.97403 0.99582 0.9672 0.88608 0.75162 0.59018 0.40436 0.17675 -0.11372 -0.42436 -0.67807 -0.8426 -0.93547 -0.98224 -0.99454 -0.99397 -0.97769 -0.92246 -0.9188 -0.95067 -0.98834
0.043036 -0.045289 0.21909 -0.021476 0.4547 0.54565 0.72969 -0.21694 -0.06274 -0.78426 0.66722 0.62385 -0.91211 -0.46194 0.78164 0.83467 -0.10633 -0.86214 -0.96662 -0.68774 -0.38162 -0.18449 0.018525 0.21669 0.40831 0.59224 0.74623 0.86334 0.94293 0.99011 0.98826 0.93232 0.81964 0.67347 0.49778 0.27602 -0.014736 -0.33467 -0.60583 -0.79 -0.90101 -0.96445 -0.98866 -0.98725 -0.95929 -0.88937 -0.88577 -0.92512 -0.97693
-0.002281 -0.22005 0.027687 -0.13842 0.53915 0.70366 0.60439 -0.53574 0.28039 -0.93571 0.41151 0.81318 -0.7877 -0.66079 0.62196 0.93209 0.10078 -0.7466 -0.99715 -0.80483 -0.53157 -0.34003 -0.13608 0.069757 0.27427 0.47659 0.65255 0.79348 0.8976 0.97 0.99541 0.96577 0.87659 0.74767 0.58428 0.37085 0.082774 -0.24335 -0.52944 -0.73164 -0.85992 -0.93961 -0.97569 -0.97379 -0.9348 -0.85116 -0.84787 -0.89456 -0.9602
-0.055916 -0.10917 -0.17351 -0.17184 0.42407 0.66515 0.35736 -0.75863 0.57889 -0.97995 0.12163 0.93417 -0.61105 -0.81646 0.43207 0.98417 0.30025 -0.60489 -0.99335 -0.89524 -0.66418 -0.48433 -0.28499 -0.076331 0.13688 0.35392 0.54906 0.71192 0.83944 0.93648 0.98922 0.98662 0.92231 0.81237 0.66326 0.46045 0.17793 -0.15133 -0.44979 -0.66831 -0.81287 -0.90826 -0.95608 -0.95399 -0.9047 -0.80832 -0.80557 -0.85944 -0.93852
0.014952 0.1301 -0.23548 -0.12213 0.167 0.45303 0.045832 -0.85504 0.79596 -0.91748 -0.17433 0.98079 -0.39661 -0.92194 0.22326 0.99072 0.48429 -0.44348 -0.95699 -0.95753 -0.77664 -0.61429 -0.42502 -0.21848 -0.00098824 0.22682 0.43801 0.62053 0.76994 0.89069 0.97041 0.99522 0.95679 0.86731 0.73423 0.54419 0.26993 -0.059473 -0.36772 -0.60077 -0.7605 -0.87096 -0.93028 -0.92832 -0.86946 -0.76136 -0.75936 -0.82016 -0.91225
0.060767 0.20038 -0.1272 -0.028049 -0.13227 0.13276 -0.26545 -0.81682 0.90825 -0.76008 -0.44994 0.95314 -0.16019 -0.97366 0.0068814 0.95366 0.64635 -0.26907 -0.8908 -0.99121 -0.8669 -0.72743 -0.55345 -0.35394 -0.13665 0.097777 0.32161 0.52119 0.69065 0.83381 0.93984 0.99204 0.98019 0.91236 0.79685 0.62154 0.35809 0.031416 -0.28403 -0.52974 -0.70349 -0.82824 -0.89877 -0.89721 -0.82955 -0.71076 -0.70968 -0.77717 -0.88176
-0.027497 0.037654 0.060056 0.060692 -0.37125 -0.20937 -0.5176 -0.65696 0.90728 -0.5284 -0.68265 0.85685 0.082259 -0.97138 -0.20624 0.87666 0.78126 -0.08828 -0.79826 -0.9967 -0.9337 -0.82186 -0.66803 -0.48029 -0.2677 -0.030894 0.20198 0.41578 0.60315 0.76714 0.89844 0.97768 0.99277 0.94752 0.85091 0.69207 0.4418 0.12061 -0.19947 -0.45596 -0.64245 -0.78068 -0.86203 -0.86114 -0.78543 -0.657 -0.657 -0.73086 -0.84739
-0.056298 -0.15056 0.19351 0.1085 -0.47856 -0.48981 -0.66793 -0.40528 0.7989 -0.24886 -0.85526 0.702 0.31564 -0.91779 -0.40628 0.76481 0.88531 0.092545 -0.6834 -0.97517 -0.97645 -0.89629 -0.76699 -0.59551 -0.39198 -0.15705 0.081143 0.30611 0.50902 0.69199 0.84721 0.95284 0.9949 0.9729 0.89629 0.75547 0.52055 0.20747 -0.11475 -0.3801 -0.57803 -0.72883 -0.82056 -0.82056 -0.73758 -0.60053 -0.60174 -0.68165 -0.80952
0.030217 -0.16031 0.193 0.10574 -0.43216 -0.64727 -0.6958 -0.10221 0.60097 0.049558 -0.95678 0.50201 0.52658 -0.81811 -0.58476 0.62427 0.95619 0.26756 -0.55063 -0.92845 -0.99525 -0.95001 -0.84905 -0.69795 -0.50763 -0.27877 -0.039021 0.19393 0.40981 0.60968 0.78722 0.91826 0.98706 0.98871 0.93297 0.81149 0.59391 0.29139 -0.030526 -0.3028 -0.51082 -0.67323 -0.77484 -0.77592 -0.68644 -0.54179 -0.54433 -0.62993 -0.7685
0.048347 -0.0078933 0.073737 0.065693 -0.25916 -0.65402 -0.60363 0.20803 0.34004 0.33834 -0.9827 0.27226 0.70407 -0.67948 -0.73487 0.46187 0.99299 0.43155 -0.40454 -0.85891 -0.99076 -0.98281 -0.91336 -0.78631 -0.61311 -0.39434 -0.15678 0.080897 0.30703 0.52153 0.71955 0.87478 0.96977 0.99523 0.96103 0.86002 0.66153 0.37188 0.052616 -0.22469 -0.44141 -0.61441 -0.72534 -0.72768 -0.63247 -0.48122 -0.48515 -0.57607 -0.72468
-0.021298 0.13062 -0.078787 0.012535 -0.020915 -0.51811 -0.41383 0.48388 0.047461 0.59205 -0.93462 0.028925 0.83982 -0.51044 -0.85152 0.28475 0.99604 0.58004 -0.24974 -0.76933 -0.96416 -0.99498 -0.9595 -0.8597 -0.70715 -0.50229 -0.27058 -0.031458 0.20212 0.42884 0.64528 0.82325 0.94365 0.99284 0.98061 0.90099 0.72314 0.44848 0.13413 -0.14631 -0.37035 -0.55288 -0.67253 -0.67629 -0.57607 -0.41922 -0.4246 -0.52043 -0.67838
-0.040729 0.12771 -0.17183 -0.031769 0.2095 -0.27735 -0.16281 0.69163 -0.24452 0.79027 -0.81949 -0.2122 0.92848 -0.32035 -0.93144 0.10009 0.9668 0.70938 -0.090763 -0.6628 -0.91703 -0.9872 -0.98744 -0.91752 -0.78878 -0.60136 -0.37903 -0.14172 0.096428 0.33286 0.56551 0.76456 0.90934 0.98197 0.99193 0.93442 0.77855 0.52081 0.21352 -0.068221 -0.29816 -0.48915 -0.61688 -0.62216 -0.51768 -0.35617 -0.36304 -0.46337 -0.62993
0.0038801 0.013886 -0.16048 -0.055485 0.36941 0.012145 0.10648 0.80887 -0.50622 0.91889 -0.64856 -0.43666 0.96758 -0.11882 -0.97313 -0.085202 0.90765 0.81675 0.068107 -0.54258 -0.85132 -0.96054 -0.9975 -0.95952 -0.85729 -0.69054 -0.48092 -0.24861 -0.0087631 0.2348 0.48132 0.69959 0.86753 0.96309 0.99529 0.96039 0.82763 0.58856 0.29035 0.0091066 -0.22534 -0.42369 -0.55881 -0.56572 -0.45767 -0.29242 -0.30081 -0.4052 -0.57965
0.032469 -0.090036 -0.064318 -0.058232 0.42222 0.28953 0.352 0.82603 -0.71328 0.9706 -0.43613 -0.63206 0.95745 0.084711 -0.9767 -0.26471 0.82178 0.90015 0.2229 -0.41202 -0.76923 -0.91634 -0.99031 -0.98573 -0.91226 -0.76903 -0.57523 -0.35098 -0.11229 0.13578 0.39374 0.62924 0.81892 0.93672 0.991 0.97903 0.87031 0.65148 0.36423 0.085222 -0.15235 -0.35694 -0.49877 -0.50737 -0.39643 -0.22833 -0.23821 -0.34623 -0.52784
0.017171 -0.10285 0.054861 -0.046935 0.36342 0.5018 0.53884 0.74622 -0.84851 0.94486 -0.19824 -0.78863 0.90081 0.28144 -0.94376 -0.4327 0.71296 0.95843 0.37003 -0.27446 -0.67314 -0.85621 -0.96676 -0.99645 -0.95348 -0.83625 -0.66112 -0.44784 -0.21309 0.036875 0.30377 0.55439 0.76425 0.90341 0.97945 0.99054 0.90657 0.70935 0.43484 0.15972 -0.079613 -0.28934 -0.43715 -0.44748 -0.3343 -0.1642 -0.17556 -0.28677 -0.47477
-0.019944 -0.038276 0.13349 -0.030094 0.2174 0.61301 0.64356 0.58344 -0.90277 0.84718 0.048584 -0.89949 0.80248 0.46349 -0.87714 -0.58422 0.58536 0.99119 0.50638 -0.13315 -0.56554 -0.78193 -0.92796 -0.99219 -0.98099 -0.89182 -0.73791 -0.53832 -0.3102 -0.060932 0.21236 0.47592 0.70424 0.86373 0.96103 0.99515 0.93647 0.76203 0.50187 0.23223 -0.007535 -0.22128 -0.37434 -0.38643 -0.27162 -0.10033 -0.11313 -0.22707 -0.42072
-0.035939 0.037299 0.13894 -0.0135 0.027302 0.60907 0.65622 0.35988 -0.87501 0.68813 0.28847 -0.96078 0.66888 0.62417 -0.78072 -0.71525 0.44341 0.99872 0.62931 0.0087984 -0.44898 -0.6954 -0.8752 -0.97368 -0.99501 -0.93554 -0.80508 -0.62171 -0.40279 -0.15674 0.12042 0.39464 0.6396 0.81828 0.9362 0.99314 0.96007 0.80941 0.56509 0.30243 0.063525 -0.15313 -0.31071 -0.32454 -0.2087 -0.036983 -0.051174 -0.1674 -0.36595
0.00037991 0.072856 0.079492 0.0010829 -0.15798 0.49772 0.58029 0.1026 -0.77152 0.482 0.50712 -0.97151 0.50758 0.75814 -0.65914 -0.82268 0.29161 0.98194 0.73667 0.1485 -0.326 -0.59862 -0.80991 -0.9418 -0.99594 -0.9674 -0.86229 -0.69742 -0.49011 -0.24973 0.028781 0.31137 0.57106 0.76763 0.9054 0.9848 0.97751 0.85145 0.6243 0.37004 0.13323 -0.08526 -0.24659 -0.26216 -0.14584 0.025585 0.010075 -0.10798 -0.31069
0.045386 0.060709 -0.0079023 0.014596 -0.29614 0.30467 0.4307 -0.15989 -0.60465 0.24543 0.69256 -0.93341 0.32684 0.86149 -0.51758 -0.90435 0.13442 0.94233 0.82683 0.28332 -0.19907 -0.49363 -0.73361 -0.89758 -0.98434 -0.98752 -0.90933 -0.76499 -0.57156 -0.33917 -0.061776 0.22688 0.4993 0.71238 0.86911 0.97046 0.98893 0.88812 0.67933 0.43479 0.20129 -0.017974 -0.18233 -0.19957 -0.083296 0.087148 0.070399 -0.049048 -0.25518
0.024671 0.020501 -0.080628 0.028167 -0.36029 0.067218 0.2306 -0.40071 -0.39112 -0.0040463 0.83561 -0.85048 0.13518 0.93173 -0.36151 -0.95904 -0.023881 0.88177 0.89864 0.41089 -0.070574 -0.38244 -0.6479 -0.84214 -0.96089 -0.99617 -0.94613 -0.82409 -0.64659 -0.42442 -0.15054 0.14187 0.42501 0.65312 0.82779 0.95048 0.99455 0.91944 0.73007 0.49648 0.26744 0.048426 -0.1182 -0.13708 -0.021328 0.1475 0.1296 0.0092084 -0.19963
-0.039118 -0.025214 -0.1106 0.041055 -0.34283 -0.17333 0.0075769 -0.59724 -0.15022 -0.24929 0.93014 -0.72865 -0.059056 0.96779 -0.19649 -0.98637 -0.17928 0.80253 0.95142 0.52918 0.057263 -0.26704 -0.55439 -0.77669 -0.92638 -0.99375 -0.97273 -0.8745 -0.71481 -0.50492 -0.23687 0.057019 0.34882 0.59043 0.78195 0.92521 0.99455 0.94547 0.77643 0.55493 0.33142 0.11367 -0.054506 -0.074925 0.039836 0.20646 0.18751 0.066602 -0.14423
-0.047406 -0.059178 -0.093088 0.050125 -0.25451 -0.37873 -0.21027 -0.73283 0.098021 -0.47466 0.97314 -0.57524 -0.24799 0.96989 -0.02796 -0.98678 -0.32812 0.70714 0.98495 0.63646 0.18237 -0.14933 -0.45471 -0.70249 -0.88169 -0.98076 -0.9893 -0.9161 -0.77587 -0.58019 -0.32017 -0.027039 0.27136 0.52488 0.73205 0.89504 0.9892 0.96629 0.81835 0.60997 0.39303 0.17751 0.0085095 -0.013367 0.099988 0.26385 0.24396 0.12297 -0.089161
0.015609 -0.066811 -0.043226 0.050978 -0.11964 -0.5195 -0.39775 -0.79781 0.33447 -0.66687 0.96459 -0.39851 -0.42451 0.93941 0.1389 -0.9614 -0.46716 0.59831 0.99939 0.73131 0.30288 -0.031147 -0.35046 -0.62083 -0.82777 -0.95777 -0.99609 -0.94887 -0.82956 -0.64985 -0.39995 -0.10973 0.19321 0.457 0.67858 0.86035 0.97874 0.98201 0.85582 0.6615 0.45209 0.23973 0.070605 0.047376 0.15894 0.31953 0.29882 0.17815 -0.034602
0.055778 -0.03898 0.014776 0.04007 0.030737 -0.57842 -0.53519 -0.78973 0.54226 -0.81566 0.90712 -0.20718 -0.5825 0.87875 0.29933 -0.91197 -0.59363 0.47886 0.99528 0.81264 0.4171 0.085828 -0.24318 -0.533 -0.76559 -0.92544 -0.99344 -0.9729 -0.87573 -0.71356 -0.47574 -0.19053 0.11492 0.38732 0.622 0.82152 0.96343 0.99276 0.88883 0.70941 0.50845 0.30012 0.13157 0.1071 0.21651 0.37337 0.35196 0.23201 0.019296
0.016935 0.017342 0.059195 0.016775 0.16598 -0.55177 -0.61009 -0.71277 0.7078 -0.91406 0.80569 -0.0099977 -0.71693 0.79112 0.44908 -0.84075 -0.70523 0.35162 0.97345 0.87969 0.52359 0.20003 -0.13437 -0.4403 -0.69618 -0.88448 -0.98178 -0.98833 -0.91431 -0.77109 -0.54717 -0.26897 0.036996 0.31634 0.56278 0.77893 0.94357 0.9987 0.91741 0.75365 0.56196 0.35852 0.1912 0.16561 0.27255 0.42526 0.40327 0.28444 0.07239
-0.040899 0.074052 0.078071 -0.015545 0.26175 -0.44836 -0.61775 -0.57679 0.82145 -0.95856 0.66707 0.18464 -0.82402 0.68039 0.5845 -0.75037 -0.80016 0.21939 0.93504 0.93196 0.62109 0.31003 -0.025439 -0.34397 -0.62057 -0.83566 -0.96158 -0.99538 -0.9453 -0.82225 -0.6139 -0.34461 -0.040078 0.24454 0.50135 0.73298 0.91945 1 0.94161 0.79416 0.61252 0.41477 0.24932 0.22276 0.32693 0.47509 0.45265 0.33532 0.12455
-0.040744 0.094396 0.070652 -0.049937 0.30381 -0.2869 -0.56096 -0.39587 0.87783 -0.94895 0.49934 0.36904 -0.9012 0.55088 0.70258 -0.64377 -0.87709 0.084911 0.88138 0.96924 0.70861 0.41458 0.08231 -0.24524 -0.53979 -0.77977 -0.93337 -0.99434 -0.96877 -0.86694 -0.67568 -0.41708 -0.11587 0.17238 0.43815 0.68404 0.89135 0.99684 0.96151 0.83092 0.66004 0.46873 0.30577 0.27837 0.37951 0.52279 0.50003 0.38456 0.17566
0.0071374 0.057996 0.044349 -0.077591 0.28928 -0.092411 -0.44893 -0.18675 0.87575 -0.88806 0.31139 0.5364 -0.9471 0.40718 0.80098 -0.52405 -0.93519 -0.049259 0.81398 0.99158 0.78531 0.51256 0.18766 -0.14526 -0.45485 -0.7176 -0.89772 -0.98555 -0.98485 -0.90509 -0.73228 -0.48606 -0.18997 0.10027 0.37358 0.63248 0.85957 0.98941 0.97718 0.86394 0.70446 0.52029 0.36043 0.33233 0.43021 0.56828 0.54534 0.43208 0.22561
0.038284 -0.020668 0.0099058 -0.090346 0.22564 0.10784 -0.29564 0.032806 0.81791 -0.78125 0.11244 0.68109 -0.96152 0.25398 0.87802 -0.39445 -0.97406 -0.18072 0.73451 0.99926 0.85062 0.60304 0.28952 -0.04515 -0.36676 -0.64997 -0.85523 -0.96939 -0.99373 -0.93671 -0.78355 -0.55125 -0.26203 0.028601 0.30803 0.57865 0.82442 0.97792 0.98874 0.89322 0.74573 0.56936 0.41315 0.38451 0.47892 0.61152 0.58852 0.4778 0.27431
0.02425 -0.096776 -0.022747 -0.083122 0.12803 0.28811 -0.11805 0.24551 0.71034 -0.63596 -0.088447 0.79869 -0.94529 0.095958 0.93269 -0.25817 -0.99372 -0.30727 0.64471 0.99276 0.90413 0.68522 0.38688 0.054077 -0.27647 -0.57771 -0.80652 -0.94627 -0.99562 -0.96185 -0.82938 -0.61243 -0.33171 -0.042252 0.24189 0.52292 0.78619 0.96259 0.99631 0.91881 0.78382 0.61585 0.46384 0.43481 0.52557 0.65245 0.62954 0.52167 0.32167
-0.0089706 -0.12205 -0.046717 -0.055551 0.015632 0.42727 0.065934 0.43582 0.56173 -0.46108 -0.28271 0.88606 -0.90017 -0.06241 0.96459 -0.11837 -0.99458 -0.42697 0.54636 0.97272 0.94563 0.75847 0.4789 0.15146 -0.18491 -0.50161 -0.75224 -0.91665 -0.99078 -0.9806 -0.8697 -0.66939 -0.39874 -0.11196 0.17549 0.46562 0.74517 0.94363 1 0.94075 0.81871 0.65971 0.51241 0.48314 0.57009 0.69105 0.66836 0.56365 0.36763
-0.027844 -0.076244 -0.058505 -0.012329 -0.092085 0.51093 0.23917 0.59097 0.38261 -0.2664 -0.46265 0.94139 -0.8287 -0.21693 0.9739 0.021913 -0.97737 -0.5381 0.44129 0.93997 0.97507 0.82231 0.5648 0.24614 -0.092937 -0.42246 -0.69302 -0.88101 -0.97953 -0.99309 -0.90448 -0.72198 -0.46284 -0.1802 0.10918 0.40707 0.70165 0.92127 0.99996 0.95911 0.8504 0.70089 0.55877 0.52943 0.61244 0.7273 0.70495 0.60368 0.41211
-0.022582 0.018359 -0.057315 0.037771 -0.17856 0.53244 0.3868 0.70158 0.18461 -0.061985 -0.62164 0.96408 -0.73404 -0.36377 0.96131 0.15985 -0.94312 -0.6392 0.3313 0.89543 0.99259 0.87641 0.64396 0.33732 -0.0013835 -0.34102 -0.6295 -0.83982 -0.96219 -0.99949 -0.93375 -0.77008 -0.52382 -0.24671 0.043245 0.34759 0.65592 0.89573 0.99634 0.97395 0.87891 0.73936 0.60287 0.57361 0.65257 0.76118 0.73931 0.64175 0.45505
-0.00067118 0.1091 -0.044236 0.083927 -0.23238 0.49286 0.49736 0.76206 -0.020393 0.14228 -0.75436 0.95468 -0.61986 -0.49956 0.92796 0.29284 -0.8931 -0.72909 0.21813 0.84015 0.99843 0.92056 0.71585 0.4243 0.088991 -0.25803 -0.56233 -0.79359 -0.9391 -1 -0.95754 -0.8136 -0.58146 -0.31123 -0.022013 0.28746 0.60825 0.86724 0.98929 0.98536 0.90427 0.77509 0.64466 0.61563 0.69046 0.79269 0.77142 0.67783 0.49642
0.023557 0.14392 -0.021796 0.11578 -0.24838 0.40004 0.56341 0.77061 -0.22091 0.33717 -0.85681 0.91479 -0.49011 -0.62143 0.8754 0.41854 -0.82877 -0.80682 0.10348 0.77524 0.99298 0.95468 0.78006 0.50647 0.17748 -0.17419 -0.49213 -0.74284 -0.91064 -0.99485 -0.97594 -0.8525 -0.63563 -0.37353 -0.086334 0.22697 0.5589 0.83601 0.97897 0.99344 0.92652 0.80807 0.68409 0.65545 0.72608 0.82185 0.8013 0.7119 0.53617
0.03131 0.10161 0.0061298 0.12577 -0.2276 0.26702 0.58176 0.72898 -0.40646 0.51449 -0.92641 0.84687 -0.34895 -0.72704 0.80547 0.5349 -0.75177 -0.8717 -0.011042 0.70187 0.97675 0.97881 0.83627 0.58329 0.26345 -0.090165 -0.41951 -0.68805 -0.87719 -0.98428 -0.98906 -0.88676 -0.68619 -0.43341 -0.14947 0.16638 0.50814 0.80227 0.96555 0.99828 0.94569 0.83832 0.72114 0.69304 0.75943 0.84866 0.82895 0.74396 0.57428
0.010899 0.0034701 0.034427 0.11086 -0.17627 0.1101 0.55337 0.64206 -0.56807 0.66733 -0.96195 0.75412 -0.20057 -0.81456 0.72029 0.64018 -0.66382 -0.9233 -0.12394 0.62123 0.95032 0.99308 0.88428 0.65432 0.3463 -0.0065703 -0.34505 -0.62975 -0.83913 -0.96856 -0.99703 -0.91637 -0.73304 -0.49071 -0.21121 0.10594 0.45622 0.76625 0.94918 1 0.96185 0.86584 0.7558 0.72839 0.79049 0.87314 0.8544 0.77402 0.61071
-0.024577 -0.099344 0.057249 0.07308 -0.10426 -0.053224 0.48278 0.51722 -0.69857 0.79028 -0.96353 0.64028 -0.049101 -0.88273 0.62213 0.73296 -0.56673 -0.96138 -0.23383 0.53455 0.91436 0.99775 0.92397 0.71919 0.42554 0.07601 -0.26933 -0.56842 -0.79688 -0.94798 -1 -0.94139 -0.77611 -0.54526 -0.27135 0.045871 0.40336 0.72815 0.93003 0.99871 0.97507 0.89066 0.78805 0.76148 0.81928 0.89533 0.87765 0.80207 0.64545
-0.041646 -0.154 0.069063 0.019103 -0.023196 -0.2062 0.37746 0.36366 -0.79282 0.8795 -0.93242 0.5095 0.10153 -0.9308 0.51339 0.81211 -0.46235 -0.98594 -0.33946 0.44304 0.86961 0.99312 0.9553 0.77761 0.50069 0.15704 -0.19288 -0.50455 -0.75081 -0.92283 -0.99815 -0.96185 -0.81535 -0.59695 -0.3297 -0.0136 0.3498 0.68819 0.90829 0.99452 0.98542 0.9128 0.81791 0.79231 0.84582 0.91525 0.89874 0.82812 0.67848
-0.019399 -0.13338 0.066051 -0.041182 0.055379 -0.33443 0.24694 0.19169 -0.84779 0.93278 -0.87092 0.36615 0.24765 -0.9585 0.39654 0.87684 -0.35251 -0.99716 -0.4397 0.34789 0.81685 0.9796 0.97833 0.82936 0.57137 0.23602 -0.1162 -0.43862 -0.70135 -0.8934 -0.99167 -0.97784 -0.85073 -0.64566 -0.38611 -0.072277 0.29576 0.64657 0.8841 0.98756 0.99296 0.93231 0.84537 0.82089 0.87011 0.93294 0.91771 0.85221 0.7098
0.024514 -0.048556 0.047388 -0.096666 0.12154 -0.42701 0.10192 0.01198 -0.86249 0.94946 -0.7822 0.21469 0.38593 -0.96603 0.27402 0.92663 -0.23901 -0.99539 -0.53356 0.25026 0.75689 0.95763 0.99316 0.87429 0.63723 0.31252 -0.039799 -0.37108 -0.64887 -0.86002 -0.98077 -0.98945 -0.88225 -0.69131 -0.44042 -0.12998 0.24145 0.60349 0.85765 0.97795 0.99779 0.94923 0.87045 0.84722 0.89218 0.94845 0.93459 0.87434 0.73941
0.048204 0.058913 0.015931 -0.13716 0.16808 -0.47726 -0.046684 -0.16508 -0.83789 0.93032 -0.67011 0.059529 0.51344 -0.95401 0.14826 0.96126 -0.12362 -0.98115 -0.62019 0.15128 0.69059 0.92772 1 0.91232 0.69801 0.38613 0.035893 -0.30238 -0.59377 -0.82299 -0.96566 -0.99679 -0.90991 -0.73384 -0.49253 -0.18653 0.18704 0.55914 0.82909 0.96583 1 0.96361 0.89318 0.87132 0.91207 0.96181 0.94941 0.89455 0.76731
0.027709 0.13876 -0.022056 -0.15522 0.19105 -0.48291 -0.18846 -0.32993 -0.77667 0.87744 -0.53901 -0.095102 0.62768 -0.92342 0.021568 0.98074 -0.0080036 -0.95507 -0.69889 0.052013 0.6188 0.89042 0.99907 0.94343 0.75347 0.45649 0.11045 -0.23293 -0.53642 -0.78263 -0.94656 -1 -0.93375 -0.7732 -0.5423 -0.24179 0.13273 0.51371 0.79859 0.95131 0.99967 0.97551 0.9136 0.89323 0.9298 0.97309 0.96223 0.91285 0.79351
-0.018456 0.15595 -0.058162 -0.14743 0.18986 -0.44587 -0.31424 -0.47431 -0.68293 0.79402 -0.39356 -0.24525 0.72661 -0.87553 -0.10385 0.98536 0.10627 -0.9179 -0.76908 -0.046543 0.54238 0.84632 0.99068 0.96764 0.80344 0.52328 0.18349 -0.16313 -0.47721 -0.73924 -0.9237 -0.9992 -0.95381 -0.80934 -0.58967 -0.2956 0.078693 0.46739 0.76631 0.93453 0.9969 0.98498 0.93172 0.91296 0.94542 0.98232 0.97309 0.92929 0.81801
-0.048031 0.10543 -0.083776 -0.11484 0.16689 -0.37163 -0.41654 -0.59157 -0.56195 0.68414 -0.23858 -0.3873 0.80866 -0.8119 -0.22596 0.97558 0.21773 -0.87051 -0.83032 -0.14345 0.46217 0.79603 0.97515 0.98505 0.84781 0.58625 0.25466 -0.093365 -0.41649 -0.69314 -0.89733 -0.99456 -0.97016 -0.84227 -0.63454 -0.34786 0.025082 0.42033 0.73241 0.91561 0.99178 0.9921 0.9476 0.93056 0.95897 0.98957 0.98204 0.94391 0.84084
-0.035768 0.011758 -0.092226 -0.062614 0.1268 -0.26846 -0.48996 -0.67691 -0.41978 0.55256 -0.078874 -0.51809 0.87273 -0.73429 -0.34289 0.95209 0.32505 -0.8138 -0.88229 -0.23783 0.37902 0.74017 0.95286 0.99578 0.88649 0.64515 0.32364 -0.023986 -0.35459 -0.64464 -0.86767 -0.98621 -0.98286 -0.87198 -0.67686 -0.39843 -0.027952 0.37271 0.69704 0.89468 0.98442 0.99693 0.96128 0.94605 0.9705 0.9949 0.98913 0.95673 0.86201
0.005178 -0.083928 -0.080495 0.00097744 0.075705 -0.1464 -0.5313 -0.72744 -0.263 0.40447 0.080913 -0.63491 0.91814 -0.64461 -0.45298 0.91571 0.42703 -0.74877 -0.92479 -0.32892 0.29373 0.67938 0.92421 1 0.91946 0.69981 0.39013 0.044676 -0.29187 -0.59404 -0.83498 -0.97435 -0.992 -0.89848 -0.71658 -0.44724 -0.080272 0.32468 0.66035 0.87187 0.97491 0.99954 0.9728 0.95949 0.98004 0.99835 0.99442 0.9678 0.88155
0.038879 -0.14279 -0.050105 0.066021 0.020247 -0.016285 -0.53956 -0.74216 -0.098334 0.24532 0.23641 -0.73555 0.94468 -0.54488 -0.55478 0.86741 0.52261 -0.67642 -0.95775 -0.416 0.2071 0.61429 0.88963 0.99792 0.94671 0.75005 0.45389 0.11231 -0.22862 -0.54162 -0.79949 -0.95912 -0.99768 -0.92179 -0.75367 -0.49418 -0.13175 0.27639 0.62248 0.84731 0.96336 1 0.98222 0.97091 0.98767 1 0.99796 0.97716 0.89947
0.039937 -0.14381 -0.0068688 0.12259 -0.033195 0.11124 -0.5158 -0.72185 0.067582 0.080587 0.38364 -0.81831 0.95252 -0.43718 -0.64705 0.80826 0.61087 -0.5978 -0.98118 -0.49843 0.11986 0.54555 0.84958 0.98976 0.9683 0.79578 0.51468 0.17864 -0.16515 -0.48767 -0.76144 -0.94071 -1 -0.94196 -0.78809 -0.53919 -0.18227 0.22797 0.58358 0.82112 0.94985 0.9984 0.98959 0.98037 0.99342 0.9999 0.9998 0.98486 0.9158
0.012088 -0.090404 0.040347 0.16228 -0.079196 0.22651 -0.46292 -0.66889 0.22848 -0.084424 0.51905 -0.882 0.94217 -0.3236 -0.72876 0.73944 0.69104 -0.51397 -0.99519 -0.57568 0.032736 0.47378 0.8045 0.97581 0.98431 0.8369 0.57231 0.24339 -0.10175 -0.43247 -0.72107 -0.91931 -0.99907 -0.95902 -0.81984 -0.5822 -0.23172 0.17958 0.54378 0.79342 0.93451 0.9948 0.99497 0.98791 0.99735 0.99812 1 0.99093 0.93058
-0.020192 -0.0063452 0.08159 0.17936 -0.11373 0.32152 -0.38524 -0.58699 0.37867 -0.2447 0.63964 -0.92594 0.9145 -0.20621 -0.79913 0.66216 0.7625 -0.42597 -1 -0.64726 -0.053607 0.3996 0.75488 0.95635 0.99483 0.87337 0.62661 0.30633 -0.038675 -0.37627 -0.67861 -0.89508 -0.99501 -0.97304 -0.84892 -0.62316 -0.28 0.13132 0.50321 0.76432 0.91741 0.98929 0.99842 0.99359 0.99953 0.99471 0.99862 0.99544 0.94383
-0.034433 0.075443 0.10799 0.17152 -0.13444 0.39037 -0.28824 -0.48093 0.51318 -0.39566 0.74295 -0.94989 0.87062 -0.087019 -0.85757 0.57769 0.82475 -0.33482 -0.99588 -0.7128 -0.13855 0.32361 0.70118 0.93168 1 0.90516 0.67744 0.36724 0.023814 -0.31935 -0.63429 -0.86822 -0.98793 -0.98407 -0.87533 -0.66203 -0.32704 0.083317 0.462 0.73395 0.89867 0.98194 1 0.99746 1 0.98974 0.99572 0.99842 0.95559
-0.025479 0.1261 0.11368 0.14001 -0.14063 0.42948 -0.17803 -0.35622 0.62792 -0.5333 0.82709 -0.95409 0.81191 0.032039 -0.90368 0.48731 0.87744 -0.24154 -0.98317 -0.77196 -0.2215 0.24638 0.64389 0.90213 0.99998 0.93227 0.72468 0.42593 0.085487 -0.26193 -0.58834 -0.8389 -0.97798 -0.99219 -0.8991 -0.69876 -0.37274 0.035683 0.42027 0.70242 0.87838 0.97284 0.99977 0.99958 0.99883 0.98328 0.99136 0.99992 0.96588
-0.0038194 0.13079 0.096984 0.089269 -0.13313 0.43765 -0.061045 -0.21884 0.7197 -0.6542 0.89076 -0.93914 0.73992 0.14916 -0.9373 0.39232 0.92034 -0.14709 -0.96229 -0.82451 -0.30195 0.16846 0.58347 0.86803 0.99496 0.95474 0.76825 0.48224 0.14613 -0.20424 -0.54097 -0.80731 -0.96527 -0.99747 -0.92024 -0.73335 -0.41704 -0.011481 0.37812 0.66984 0.85663 0.96206 0.99779 1 0.99607 0.97539 0.98558 1 0.97474
0.016025 0.091994 0.060712 0.026183 -0.11402 0.41591 0.056376 -0.074922 0.78635 -0.75563 0.9332 -0.90603 0.65634 0.26265 -0.95841 0.29397 0.95334 -0.052398 -0.9337 -0.87027 -0.37941 0.090384 0.5204 0.82973 0.98512 0.97262 0.80808 0.536 0.20554 -0.14652 -0.4924 -0.77364 -0.94995 -1 -0.93879 -0.76576 -0.45988 -0.058078 0.33568 0.63632 0.83353 0.94968 0.99413 0.99878 0.99179 0.96612 0.97846 0.9987 0.98222
0.02516 0.026497 0.011534 -0.040982 -0.086229 0.36723 0.16829 0.069523 0.82661 -0.83555 0.95421 -0.85603 0.56298 0.37101 -0.96718 0.1935 0.97645 0.041661 -0.8979 -0.90913 -0.45345 0.012648 0.45512 0.78758 0.97069 0.98599 0.84413 0.58708 0.26353 -0.088958 -0.44283 -0.73804 -0.93215 -0.99986 -0.95479 -0.796 -0.50119 -0.10402 0.29305 0.60195 0.80917 0.93578 0.98885 0.99598 0.98604 0.95555 0.97005 0.99606 0.98833
0.022192 -0.042213 -0.041425 -0.10371 -0.053182 0.29616 0.26945 0.20883 0.84019 -0.89261 0.95407 -0.79068 0.4617 0.47285 -0.96393 0.092098 0.98978 0.13427 -0.85542 -0.94103 -0.52368 -0.06428 0.38809 0.74192 0.95189 0.99493 0.87636 0.63539 0.31995 -0.031757 -0.39245 -0.70072 -0.912 -0.99714 -0.96828 -0.82406 -0.54095 -0.14923 0.25032 0.56684 0.78363 0.92044 0.98201 0.99166 0.97888 0.94373 0.9604 0.99215 0.99313
0.010074 -0.092525 -0.08839 -0.15432 -0.018369 0.20838 0.35544 0.33786 0.82764 -0.92617 0.93352 -0.71171 0.35439 0.56699 -0.94911 -0.0090957 0.99354 0.22466 -0.80683 -0.96599 -0.58979 -0.13996 0.31974 0.69312 0.92895 0.99956 0.90479 0.68082 0.37463 0.024902 -0.34145 -0.66182 -0.88964 -0.99194 -0.9793 -0.84994 -0.5791 -0.19362 0.20759 0.53109 0.75701 0.90374 0.97369 0.98588 0.97038 0.93073 0.94958 0.98701 0.99665
-0.0065162 -0.1113 -0.12078 -0.1869 0.014969 0.11022 0.42291 0.45222 0.79031 -0.93619 0.89372 -0.62103 0.24293 0.65242 -0.92329 -0.10902 0.98801 0.31215 -0.7527 -0.98406 -0.65147 -0.214 0.25048 0.64152 0.90213 1 0.92941 0.7233 0.42744 0.080848 -0.29002 -0.62153 -0.86521 -0.98436 -0.98793 -0.87366 -0.61561 -0.23713 0.16495 0.49479 0.72939 0.88575 0.96395 0.9787 0.96058 0.9166 0.93763 0.98068 0.99893
-0.02157 -0.096624 -0.13275 -0.19788 0.044111 0.0081739 0.46958 0.54829 0.73021 -0.92326 0.83613 -0.52063 0.12916 0.72829 -0.88715 -0.20667 0.97355 0.39609 -0.69365 -0.99534 -0.70849 -0.28602 0.18072 0.58747 0.87167 0.99639 0.95026 0.76277 0.47827 0.13592 -0.23833 -0.58 -0.83885 -0.97449 -0.99421 -0.89524 -0.65046 -0.27969 0.12248 0.45802 0.70087 0.86655 0.95284 0.97016 0.94956 0.9014 0.92462 0.97322 1
-0.028187 -0.056648 -0.12214 -0.18632 0.067032 -0.09145 0.49425 0.62334 0.6499 -0.88847 0.76255 -0.41258 0.014859 0.79394 -0.84146 -0.30114 0.9506 0.47592 -0.63025 -1 -0.76066 -0.35568 0.11082 0.53131 0.83783 0.98888 0.96739 0.79918 0.527 0.18998 -0.18654 -0.5374 -0.81069 -0.96244 -0.99821 -0.91468 -0.68362 -0.32126 0.08026 0.42088 0.67151 0.84622 0.94044 0.96035 0.93737 0.8852 0.91059 0.96468 0.99991
-0.021366 -0.0055368 -0.090733 -0.15391 0.082489 -0.18296 0.49682 0.67556 0.55241 -0.83341 0.67495 -0.29896 -0.0983 0.84888 -0.78703 -0.39159 0.91965 0.55114 -0.56313 -0.99821 -0.80783 -0.42267 0.041152 0.47337 0.80087 0.97764 0.98085 0.83252 0.57354 0.24289 -0.13481 -0.49388 -0.78086 -0.9483 -1 -0.93204 -0.71508 -0.36176 0.038366 0.38344 0.64141 0.82481 0.92681 0.9493 0.92406 0.86805 0.89561 0.95509 0.99869
-0.0020568 0.041614 -0.043779 -0.10457 0.090025 -0.26151 0.47814 0.70404 0.44105 -0.76004 0.57552 -0.18182 -0.20874 0.89279 -0.72478 -0.47728 0.88123 0.62131 -0.49287 -0.99021 -0.84987 -0.48673 -0.027948 0.41398 0.76105 0.96282 0.99072 0.86277 0.61781 0.29451 -0.08328 -0.44958 -0.74949 -0.93219 -0.99964 -0.94732 -0.74483 -0.40117 -0.0031348 0.34578 0.61063 0.80241 0.912 0.93708 0.9097 0.85 0.87972 0.94452 0.99638
0.021226 0.073173 0.01102 -0.043915 0.089904 -0.32336 0.43992 0.70873 0.31935 -0.67063 0.46653 -0.063188 -0.31501 0.9255 -0.65561 -0.55755 0.83591 0.68607 -0.42007 -0.97624 -0.88672 -0.5476 -0.096163 0.35345 0.71863 0.9446 0.99707 0.88992 0.65976 0.34475 -0.032093 -0.40466 -0.71672 -0.9142 -0.9972 -0.96057 -0.77287 -0.43944 -0.044177 0.30798 0.57926 0.77909 0.89609 0.92375 0.89434 0.83112 0.86297 0.933 0.99303
0.035852 0.083496 0.064879 0.021466 0.082993 -0.36594 0.38458 0.69038 0.19091 -0.5677 0.35031 0.055028 -0.4158 0.94699 -0.58049 -0.63184 0.7843 0.7451 -0.3453 -0.95659 -0.91834 -0.60509 -0.1632 0.29209 0.67387 0.92316 1 0.91398 0.69931 0.3935 0.018621 -0.35924 -0.68267 -0.89444 -0.99276 -0.97183 -0.79919 -0.47653 -0.084701 0.27011 0.54736 0.75491 0.87913 0.90936 0.87802 0.81144 0.84542 0.92058 0.98866
0.032373 0.073262 0.10939 0.084752 0.070603 -0.38791 0.31509 0.65042 0.059308 -0.45392 0.22921 0.17101 -0.50995 0.95739 -0.50038 -0.69966 0.72703 0.79815 -0.26912 -0.93156 -0.94473 -0.659 -0.22878 0.23019 0.62702 0.89869 0.99961 0.93499 0.73644 0.44067 0.068742 -0.31346 -0.64747 -0.873 -0.9864 -0.98114 -0.8238 -0.51241 -0.12465 0.23223 0.515 0.72994 0.86119 0.89397 0.86081 0.79103 0.82711 0.90731 0.98332
0.010856 0.048049 0.13782 0.13961 0.054329 -0.38911 0.23479 0.59093 -0.071988 -0.33205 0.10552 0.28309 -0.59645 0.95693 -0.41624 -0.76062 0.66472 0.84506 -0.19207 -0.90147 -0.9659 -0.70919 -0.29265 0.16802 0.57833 0.87137 0.996 0.95296 0.7711 0.48618 0.11816 -0.26744 -0.61122 -0.85 -0.97818 -0.98854 -0.8467 -0.54706 -0.16398 0.19441 0.48226 0.70424 0.84231 0.87763 0.84277 0.76994 0.8081 0.89322 0.97705
-0.018166 0.015884 0.14606 0.18082 0.035872 -0.37049 0.14724 0.51444 -0.19972 -0.20487 -0.018514 0.38974 -0.67444 0.94599 -0.32904 -0.81441 0.59804 0.88567 -0.11467 -0.86666 -0.98192 -0.75554 -0.35459 0.10585 0.52805 0.84139 0.9893 0.96794 0.80328 0.52995 0.16676 -0.22131 -0.57406 -0.82553 -0.96818 -0.99407 -0.86791 -0.58044 -0.20263 0.1567 0.44919 0.67787 0.82256 0.86039 0.82393 0.74821 0.78842 0.87837 0.96987
-0.039259 -0.015258 0.13315 0.20471 0.016894 -0.33394 0.05606 0.42387 -0.3209 -0.075143 -0.14079 0.48958 -0.74324 0.92502 -0.23971 -0.86081 0.52762 0.91991 -0.037414 -0.82747 -0.99287 -0.79794 -0.41438 0.043932 0.47642 0.80893 0.97962 0.97998 0.83296 0.57192 0.21445 -0.17518 -0.53609 -0.79969 -0.95649 -0.99779 -0.88745 -0.61256 -0.24056 0.11918 0.41586 0.6509 0.80199 0.84231 0.80435 0.7259 0.76812 0.86279 0.96184
-0.040837 -0.039317 0.10121 0.20938 -0.0011144 -0.28212 -0.03523 0.32241 -0.43285 0.054499 -0.25934 0.58143 -0.80228 0.89456 -0.14916 -0.89966 0.45412 0.94777 0.03924 -0.78426 -0.99886 -0.83632 -0.47183 -0.017497 0.42367 0.7742 0.96709 0.98914 0.86014 0.61205 0.26115 -0.12915 -0.49743 -0.77259 -0.94317 -0.99975 -0.90532 -0.64337 -0.27774 0.08188 0.38232 0.62338 0.78066 0.82344 0.78407 0.70304 0.74725 0.84653 0.95298
-0.021681 -0.053054 0.054995 0.19486 -0.016927 -0.21825 -0.12332 0.21336 -0.53328 0.18155 -0.37236 0.66428 -0.8512 0.85524 -0.058269 -0.93088 0.37817 0.96925 0.11485 -0.7374 -1 -0.87065 -0.52679 -0.078216 0.37002 0.73738 0.95183 0.99549 0.88482 0.65027 0.30676 -0.083335 -0.45818 -0.7443 -0.92831 -1 -0.92156 -0.67289 -0.31412 0.044862 0.34864 0.59537 0.75863 0.80383 0.76316 0.67969 0.72585 0.82962 0.94334
0.0084791 -0.056002 0.0010918 0.16288 -0.029645 -0.14593 -0.20522 0.10005 -0.62028 0.30368 -0.47823 0.73729 -0.88972 0.80775 0.032143 -0.95448 0.3004 0.98442 0.18901 -0.68724 -0.99645 -0.90088 -0.5791 -0.13802 0.31569 0.69864 0.93398 0.99908 0.90701 0.68657 0.35122 -0.037822 -0.41844 -0.71494 -0.91198 -0.99859 -0.93618 -0.7011 -0.34968 0.0081706 0.31485 0.56692 0.73593 0.78352 0.74164 0.65589 0.70395 0.81211 0.93294
0.034457 -0.049746 -0.053105 0.11668 -0.03872 -0.068898 -0.27835 -0.014226 -0.69236 0.4188 -0.57553 0.7998 -0.91775 0.75283 0.12129 -0.9705 0.2214 0.99338 0.26134 -0.63415 -0.98837 -0.92702 -0.62864 -0.19671 0.26089 0.65819 0.91368 1 0.92674 0.7209 0.39445 0.0072942 -0.37831 -0.68458 -0.89426 -0.99558 -0.94921 -0.72798 -0.38439 -0.028149 0.28103 0.53809 0.71263 0.76256 0.71958 0.63167 0.68161 0.79403 0.92182
0.04376 -0.036954 -0.10043 0.06061 -0.043955 0.0091338 -0.34059 -0.12636 -0.74844 0.52504 -0.66306 0.85134 -0.93531 0.69124 0.20844 -0.97906 0.14175 0.99627 0.3315 -0.57849 -0.97594 -0.94909 -0.67529 -0.2541 0.20581 0.61619 0.89105 0.99833 0.94403 0.75325 0.43641 0.05193 -0.33788 -0.65333 -0.87523 -0.99102 -0.96068 -0.75356 -0.41821 -0.064057 0.24721 0.50893 0.68877 0.74101 0.697 0.60709 0.65886 0.77542 0.91001
0.032694 -0.020493 -0.1349 -0.00034091 -0.045467 0.084656 -0.39031 -0.23348 -0.78785 0.62079 -0.73982 0.8916 -0.94252 0.62379 0.29291 -0.98033 0.06202 0.99327 0.39916 -0.52062 -0.95935 -0.96711 -0.71897 -0.31005 0.15066 0.57283 0.86624 0.99415 0.95891 0.7836 0.47702 0.096005 -0.29725 -0.62126 -0.85495 -0.98496 -0.97061 -0.77781 -0.45113 -0.099513 0.21343 0.47948 0.6644 0.71889 0.67395 0.58217 0.63574 0.75631 0.89755
0.0074733 -0.0028619 -0.1524 -0.060988 -0.043645 0.1545 -0.42641 -0.33298 -0.81032 0.70472 -0.80503 0.92044 -0.93964 0.5513 0.37409 -0.97452 -0.017272 0.98456 0.46404 -0.46089 -0.9388 -0.98114 -0.7596 -0.36438 0.095609 0.52827 0.83938 0.98755 0.97142 0.81194 0.51625 0.13945 -0.2565 -0.58846 -0.83351 -0.97747 -0.97904 -0.80075 -0.48313 -0.13448 0.17976 0.44979 0.63956 0.69627 0.65048 0.55696 0.61227 0.73674 0.88447
-0.019671 0.014012 -0.15112 -0.1164 -0.039077 0.21596 -0.44828 -0.42262 -0.81596 0.77578 -0.85812 0.93785 -0.92702 0.47459 0.45143 -0.9619 -0.095627 0.97039 0.52588 -0.39964 -0.91451 -0.99124 -0.79713 -0.41698 0.04083 0.48269 0.81061 0.97862 0.98159 0.83827 0.55405 0.18218 -0.21571 -0.55502 -0.81097 -0.9686 -0.986 -0.82238 -0.51418 -0.16893 0.14621 0.41991 0.61431 0.67317 0.62662 0.53149 0.58851 0.71675 0.87081
-0.036818 0.028691 -0.13162 -0.1623 -0.032487 0.26685 -0.45583 -0.50051 -0.80519 0.83319 -0.89872 0.94399 -0.90509 0.3945 0.52442 -0.94277 -0.17258 0.95099 0.58446 -0.33721 -0.88669 -0.9975 -0.83151 -0.4677 -0.013516 0.43625 0.78007 0.96746 0.98949 0.86259 0.59039 0.22415 -0.17496 -0.52101 -0.78741 -0.9584 -0.99153 -0.84271 -0.54427 -0.20283 0.11285 0.38988 0.58867 0.64964 0.60241 0.50581 0.56447 0.69636 0.85658
-0.037717 0.040023 -0.096644 -0.19534 -0.024658 0.30557 -0.44939 -0.56518 -0.77879 0.87645 -0.92667 0.93914 -0.87436 0.31183 0.59263 -0.91745 -0.24769 0.92663 0.63958 -0.27391 -0.85556 -1 -0.86271 -0.51645 -0.067274 0.3891 0.74788 0.95416 0.99515 0.8849 0.62523 0.26529 -0.13432 -0.48651 -0.7629 -0.94694 -0.99566 -0.86175 -0.5734 -0.23615 0.079692 0.35973 0.5627 0.62573 0.57789 0.47993 0.5402 0.67561 0.84183
-0.023744 0.046973 -0.050637 -0.21333 -0.016373 0.33114 -0.42972 -0.61554 -0.73776 0.90529 -0.94199 0.9237 -0.83541 0.22738 0.65568 -0.88631 -0.32056 0.8976 0.69108 -0.21006 -0.82135 -0.99885 -0.89073 -0.56313 -0.1203 0.3414 0.71419 0.93881 0.99864 0.90523 0.65855 0.30556 -0.093869 -0.45159 -0.7375 -0.93426 -0.99842 -0.87952 -0.60154 -0.26887 0.046782 0.32952 0.53644 0.60146 0.55308 0.45389 0.51572 0.65453 0.82658
-0.0021512 0.048608 0.00086451 -0.21532 -0.0083491 0.34315 -0.39793 -0.65092 -0.68337 0.91972 -0.94485 0.89815 -0.78887 0.14192 0.71326 -0.84974 -0.39082 0.86419 0.73881 -0.14596 -0.7843 -0.99416 -0.91557 -0.60764 -0.17247 0.2933 0.67912 0.92152 1 0.92358 0.69033 0.34489 -0.053669 -0.41633 -0.71129 -0.92043 -0.99985 -0.89602 -0.6287 -0.30096 0.014152 0.29928 0.50991 0.57687 0.52804 0.42773 0.49107 0.63315 0.81087
0.017937 0.044239 0.051944 -0.20158 -0.0011993 0.34175 -0.35543 -0.67102 -0.61706 0.91997 -0.93562 0.86311 -0.73541 0.056203 0.76511 -0.80813 -0.45815 0.82671 0.78265 -0.081889 -0.74463 -0.98606 -0.93723 -0.64993 -0.22364 0.24493 0.6428 0.90238 0.9993 0.93998 0.72055 0.38325 -0.013782 -0.3808 -0.68433 -0.9055 -1 -0.91127 -0.65486 -0.3324 -0.018169 0.26903 0.48316 0.55201 0.50279 0.40148 0.46627 0.6115 0.79471
0.02945 0.033686 0.097002 -0.17353 0.0046041 0.32761 -0.30383 -0.67592 -0.54044 0.90646 -0.91477 0.81923 -0.67575 -0.029068 0.81103 -0.76189 -0.52224 0.78547 0.82253 -0.018123 -0.70258 -0.97467 -0.95574 -0.68991 -0.27371 0.19644 0.60536 0.88149 0.99661 0.95445 0.7492 0.4206 0.025732 -0.34505 -0.65668 -0.88952 -0.99889 -0.92529 -0.68003 -0.36317 -0.050151 0.23883 0.45623 0.52689 0.47735 0.37515 0.44135 0.5896 0.77814
