0.006194 -0.023211 -0.031217 0.041824 -0.037558 -0.044755 -0.13516 0.11066 0.1127 -0.16436 -0.27651 0.72822 0.15163 -0.71495 0.85793 -0.86075 0.83534 -0.6801 0.33179 0.17487 -0.69069 0.84135 -0.19408 -0.78829 0.43162 0.81483 -0.20948 -0.89722 -0.32942 0.61489 0.88408 0.32623 -0.47316 -0.90647 -0.73043 -0.11219 0.56615 0.91196 0.81361 0.38487 -0.18758 -0.71261 -0.93437 -0.67619 -0.18879 0.26843 0.65774 0.89084 0.93447
-0.0094238 0.034273 -0.033481 0.11571 0.11216 0.18885 -0.20554 0.17833 0.085179 0.37315 0.67739 0.25396 -0.81134 0.8694 -0.81247 0.85577 -0.87738 0.6578 -0.14933 -0.4758 0.87327 -0.58532 -0.41687 0.84837 0.34294 -0.76819 -0.66615 0.37508 0.91666 0.44732 -0.42582 -0.91169 -0.71152 -0.0629 0.60954 0.93161 0.75989 0.23428 -0.36462 -0.79538 -0.94422 -0.74703 -0.20085 0.45196 0.83446 0.95038 0.86684 0.6157 0.25103
0.015185 0.025581 -0.00090573 -0.073675 -0.11147 -0.039953 -0.1758 0.23844 -0.11686 0.55086 0.23475 -0.86142 0.84398 -0.73855 0.72863 -0.86317 0.85375 -0.44433 -0.25439 0.81503 -0.75795 -0.080289 0.88426 -0.20813 -0.90598 -0.13464 0.81479 0.70201 -0.19993 -0.86796 -0.77217 -0.10354 0.60018 0.93216 0.75934 0.21641 -0.42548 -0.85085 -0.93192 -0.69896 -0.24966 0.31384 0.80158 0.94451 0.74776 0.42504 0.025864 -0.36488 -0.68966
-0.012842 0.033314 -0.019571 0.021903 -0.084307 -0.12976 -0.15706 0.20576 -0.27955 -0.43647 -0.80888 0.84749 -0.67272 0.64613 -0.753 0.90695 -0.6999 0.00047458 0.72584 -0.84085 0.12536 0.78843 -0.56981 -0.72437 0.39664 0.9111 0.24325 -0.69191 -0.88144 -0.28581 0.50205 0.91756 0.77266 0.23627 -0.40207 -0.84662 -0.92459 -0.63907 -0.14966 0.35523 0.75504 0.94848 0.80337 0.32389 -0.17043 -0.5374 -0.8102 -0.94462 -0.93219
0.023554 -0.047756 0.037173 -0.043678 0.1945 -0.094066 -0.098248 -0.11786 0.12642 -0.2535 0.7692 -0.63831 0.56998 -0.68627 0.86492 -0.86522 0.28453 0.58566 -0.88807 0.25057 0.70404 -0.73711 -0.45792 0.73847 0.72682 -0.24792 -0.90937 -0.59371 0.25895 0.86148 0.84079 0.31119 -0.35444 -0.82797 -0.93284 -0.66188 -0.13454 0.41067 0.79983 0.9498 0.85641 0.51299 -0.046767 -0.60353 -0.88717 -0.95737 -0.88077 -0.67937 -0.38435
0.020912 0.0208 0.056887 0.029 0.19479 -0.04701 0.054523 -0.40419 0.27271 0.67648 -0.52386 0.50848 -0.61376 0.82815 -0.92944 0.54817 0.37669 -0.91501 0.35449 0.65228 -0.79871 -0.27817 0.87443 0.42048 -0.63281 -0.88405 -0.19145 0.66532 0.9209 0.49882 -0.21337 -0.77444 -0.93526 -0.70104 -0.19803 0.36488 0.79753 0.95122 0.83054 0.51584 0.084228 -0.40547 -0.8209 -0.95483 -0.81349 -0.57066 -0.2504 0.092164 0.42111
0.0071845 -0.049605 -0.056246 0.079848 0.11241 -0.03388 0.1218 0.18037 -0.42634 -0.76045 0.35078 -0.53674 0.77531 -0.93761 0.7249 0.11793 -0.89749 0.49399 0.60303 -0.82666 -0.20645 0.90939 0.1639 -0.84272 -0.68544 0.21428 0.88074 0.75877 0.062804 -0.63351 -0.93622 -0.76104 -0.26926 0.30037 0.75201 0.94781 0.83989 0.49551 0.045064 -0.3859 -0.7342 -0.94001 -0.88903 -0.53911 -0.12778 0.21369 0.52686 0.76716 0.91778
-0.010548 -0.049594 0.010314 0.072523 0.077604 -0.10204 -0.11008 0.32936 0.34327 0.71843 -0.33548 0.70396 -0.93286 0.78864 -0.10489 -0.80791 0.66642 0.50622 -0.85255 -0.18816 0.91599 0.038066 -0.9093 -0.42757 0.54822 0.93137 0.48727 -0.32974 -0.87346 -0.86706 -0.41853 0.19379 0.69427 0.93819 0.87778 0.55923 0.0775 -0.39539 -0.7502 -0.93234 -0.93734 -0.73892 -0.30784 0.23459 0.61352 0.82617 0.9443 0.95655 0.86798
0.026871 -0.011697 0.045894 -0.028972 0.067902 -0.18964 -0.067271 -0.55804 -0.19995 -0.70157 0.47819 -0.91019 0.86586 -0.20883 -0.68517 0.82459 0.33627 -0.89725 -0.16487 0.92131 0.021714 -0.92255 -0.23281 0.7573 0.8502 0.17056 -0.62205 -0.93926 -0.64491 -0.023434 0.57388 0.90747 0.90296 0.626 0.17382 -0.31545 -0.72283 -0.93218 -0.93485 -0.7693 -0.47163 -0.048243 0.44716 0.82963 0.95835 0.94114 0.82672 0.63474 0.38189
-0.021169 -0.046484 -0.023813 -0.10361 0.02769 0.022642 0.22447 0.50765 0.10683 0.75503 -0.72431 0.95286 -0.36814 -0.60543 0.92198 0.10113 -0.94129 -0.072002 0.92874 0.048033 -0.92444 -0.16048 0.8462 0.70397 -0.1394 -0.81936 -0.88284 -0.36292 0.33491 0.82296 0.93812 0.70387 0.26204 -0.22908 -0.65082 -0.90625 -0.94453 -0.77485 -0.46863 -0.10766 0.27051 0.64195 0.91274 0.94225 0.7825 0.57475 0.31284 0.031394 -0.25305
0.0072523 -0.050212 -0.10748 -0.10513 -0.0087574 0.3172 -0.25702 -0.37222 -0.10402 -0.84058 0.92937 -0.59273 -0.45374 0.95304 -0.1251 -0.9382 0.10777 0.94015 0.056613 -0.92585 -0.18626 0.86868 0.58599 -0.37751 -0.92128 -0.74398 -0.083197 0.60514 0.9344 0.8277 0.41331 -0.11478 -0.57562 -0.87207 -0.95628 -0.82842 -0.51733 -0.12386 0.26669 0.58959 0.8297 0.95871 0.89034 0.58752 0.24643 -0.03445 -0.31314 -0.55724 -0.75718
0.017951 0.034024 -0.015493 -0.024532 0.096266 -0.21988 0.19672 0.28282 0.20228 0.8437 -0.85234 -0.19026 0.96845 -0.26242 -0.88069 0.34676 0.93248 -0.018188 -0.92995 -0.24387 0.85471 0.55853 -0.50157 -0.9408 -0.5532 0.1843 0.78473 0.93543 0.63061 0.094474 -0.4412 -0.81392 -0.95147 -0.872 -0.60633 -0.22417 0.20713 0.57231 0.82476 0.94786 0.94895 0.80224 0.46064 -0.0095265 -0.36944 -0.60233 -0.78934 -0.91146 -0.96702
0.0060152 0.030065 0.048083 0.1086 0.12883 -0.14389 -0.11615 -0.29103 -0.38894 -0.60351 0.30415 0.90703 -0.48571 -0.80901 0.56638 0.86116 -0.19221 -0.94567 -0.27368 0.82907 0.60348 -0.52029 -0.92453 -0.36935 0.42053 0.89662 0.86652 0.40528 -0.20172 -0.69011 -0.93236 -0.90705 -0.67158 -0.31515 0.097028 0.48499 0.78943 0.94285 0.95175 0.844 0.63588 0.30738 -0.13993 -0.57659 -0.81854 -0.92675 -0.96978 -0.94532 -0.85689
-0.00058501 -0.056956 0.033318 0.1495 -0.2434 0.43403 0.066298 0.4052 0.5973 0.038208 0.53516 -0.77428 -0.63744 0.70096 0.72959 -0.43401 -0.95208 -0.21242 0.81723 0.66508 -0.46462 -0.92467 -0.26224 0.58713 0.94529 0.74746 0.18604 -0.44082 -0.85093 -0.94758 -0.76975 -0.41285 0.0063162 0.40176 0.72003 0.91503 0.96017 0.85735 0.64967 0.3862 0.078447 -0.28526 -0.66271 -0.91458 -0.96997 -0.93505 -0.83913 -0.69392 -0.50449
-0.020892 0.006718 -0.015195 -0.009163 -0.010292 -0.55579 -0.073626 -0.59592 -0.67735 0.64706 -0.97343 -0.28578 0.87854 0.59 -0.66094 -0.89579 -0.038637 0.85507 0.69781 -0.39019 -0.93752 -0.26447 0.66091 0.9426 0.59326 -0.032478 -0.62062 -0.93132 -0.88454 -0.57492 -0.13806 0.30329 0.6551 0.88214 0.96397 0.90043 0.69792 0.4135 0.09902 -0.2004 -0.48413 -0.75304 -0.94178 -0.94568 -0.81785 -0.66851 -0.47785 -0.26591 -0.036609
-0.0010075 0.046524 -0.065051 -0.064413 0.33896 0.57647 0.15194 0.77062 0.44575 -0.90946 0.38672 0.99569 0.3036 -0.80519 -0.76298 0.22951 0.92964 0.65868 -0.35243 -0.94726 -0.34385 0.65451 0.92477 0.44837 -0.23949 -0.76292 -0.95383 -0.77728 -0.35769 0.12596 0.54774 0.83284 0.95316 0.92871 0.76858 0.50567 0.16597 -0.17016 -0.46498 -0.69321 -0.86312 -0.96332 -0.92469 -0.70226 -0.44596 -0.23616 -0.010672 0.20835 0.41928
0.010333 -0.042373 -0.067909 0.11533 -0.493 -0.58171 -0.29983 -0.76199 0.12236 0.31946 0.71919 -0.18613 -0.95934 -0.59562 0.50847 0.97357 0.51841 -0.41603 -0.95246 -0.43281 0.58904 0.92987 0.37203 -0.39489 -0.86606 -0.93454 -0.65117 -0.15224 0.35609 0.73365 0.93027 0.9441 0.80934 0.57683 0.26999 -0.067378 -0.40511 -0.6713 -0.85272 -0.94803 -0.96779 -0.88918 -0.65537 -0.28531 0.021916 0.23445 0.43888 0.61598 0.76616
-0.050835 0.055878 0.037623 -0.11291 0.47184 0.62027 0.47819 0.40465 -0.67687 0.67761 -0.83285 -0.95436 -0.2493 0.71272 0.92958 0.2572 -0.58588 -0.96102 -0.47547 0.51211 0.94524 0.39391 -0.46174 -0.92051 -0.87806 -0.50307 0.029737 0.53609 0.8584 0.95919 0.8691 0.64034 0.33852 0.014489 -0.30845 -0.59439 -0.81944 -0.94116 -0.96948 -0.92199 -0.80477 -0.587 -0.23441 0.18204 0.46515 0.63405 0.77748 0.88241 0.95017
0.031575 0.12732 0.17781 -0.051658 -0.38099 -0.69675 -0.58458 0.26348 0.62809 -0.84172 -0.38408 0.32412 0.93733 0.80114 -0.070095 -0.80102 -0.94464 -0.41475 0.47731 0.95405 0.48019 -0.43816 -0.93378 -0.80805 -0.33914 0.20762 0.67126 0.92761 0.93357 0.74723 0.44433 0.093961 -0.24121 -0.53146 -0.76123 -0.91211 -0.97049 -0.9307 -0.81728 -0.65753 -0.44899 -0.15828 0.22229 0.59076 0.79367 0.89111 0.95381 0.97625 0.9594
0.010916 0.10229 0.092307 0.27799 0.31092 0.76852 0.47112 -0.82412 0.15309 -0.22851 0.94616 0.95809 0.46511 -0.3686 -0.95729 -0.83075 -0.2211 0.54712 0.95846 0.56572 -0.34976 -0.92882 -0.76786 -0.19978 0.3767 0.78376 0.95684 0.87407 0.59939 0.23742 -0.13569 -0.46615 -0.71672 -0.88503 -0.96396 -0.95327 -0.84876 -0.67741 -0.46785 -0.24781 -0.0059806 0.28733 0.61469 0.86632 0.95885 0.97628 0.95721 0.90339 0.81449
-0.02762 0.050969 -0.1538 -0.4227 -0.31108 -0.74358 -0.060147 0.68358 -0.79401 0.95893 0.28755 -0.18002 -0.76217 -0.98882 -0.59087 0.10474 0.71797 0.96699 0.60034 -0.2577 -0.90352 -0.78834 -0.13698 0.50219 0.87113 0.95756 0.7967 0.45027 0.038094 -0.34286 -0.64682 -0.85117 -0.9505 -0.9639 -0.88956 -0.74032 -0.51834 -0.2721 -0.025714 0.19948 0.42077 0.65861 0.87562 0.97469 0.95187 0.8965 0.80855 0.69583 0.55623
0.022953 0.0013996 -0.056077 0.45252 0.40051 0.50716 -0.47526 0.21188 0.30229 0.00073895 -0.93805 -1 -0.82377 -0.2751 0.47424 0.90802 0.94251 0.53211 -0.22466 -0.87144 -0.84175 -0.17148 0.55117 0.92052 0.92928 0.69625 0.30913 -0.13456 -0.5173 -0.78478 -0.93091 -0.96369 -0.90342 -0.779 -0.59017 -0.35578 -0.081149 0.17721 0.40473 0.58987 0.75132 0.89645 0.97523 0.91792 0.79474 0.68411 0.54835 0.39951 0.23378
0.067242 -0.053885 0.10596 -0.41782 -0.57046 -0.011449 0.68397 -0.90748 0.70753 -0.97301 -0.44716 -0.22112 0.26788 0.76638 0.99397 0.79567 0.32316 -0.31956 -0.86283 -0.8866 -0.26793 0.52269 0.93274 0.88541 0.57374 0.15692 -0.28045 -0.65086 -0.87952 -0.96384 -0.92924 -0.80353 -0.62056 -0.40745 -0.16321 0.093607 0.35674 0.57393 0.74149 0.85802 0.93884 0.97666 0.91664 0.72441 0.52855 0.385 0.2253 0.063751 -0.1047
-0.06569 -0.079008 -0.024021 0.38355 0.76877 -0.59003 -0.22273 0.37738 -0.50687 -0.041009 0.80058 0.87206 0.99355 0.9083 0.48788 -0.040463 -0.54576 -0.91109 -0.90141 -0.3563 0.43947 0.92541 0.85818 0.46182 -0.0041087 -0.42383 -0.75091 -0.93463 -0.9575 -0.85741 -0.67468 -0.4432 -0.19794 0.043586 0.28334 0.50723 0.70908 0.84993 0.93546 0.97261 0.96959 0.9052 0.727 0.43754 0.20219 0.04827 -0.11286 -0.26651 -0.41823
-0.036045 0.019843 0.010375 -0.39642 -0.88121 0.90121 -0.55054 0.75755 -0.66673 0.96951 0.77007 0.75087 0.51023 0.082076 -0.46724 -0.82149 -0.97738 -0.86134 -0.3776 0.36067 0.8974 0.87453 0.40911 -0.1355 -0.56143 -0.8371 -0.96099 -0.92455 -0.76034 -0.52589 -0.25991 0.0089554 0.25361 0.4692 0.65733 0.81017 0.92171 0.97137 0.97108 0.93325 0.85692 0.70963 0.44717 0.10547 -0.13663 -0.28138 -0.42547 -0.55539 -0.67635
-0.1123 0.20302 -0.09147 0.47969 0.74937 -0.53692 0.67249 -0.66072 0.51632 0.32035 -0.3941 -0.32459 -0.53302 -0.8062 -0.98992 -0.93971 -0.71042 -0.26626 0.34861 0.86725 0.91089 0.44007 -0.19171 -0.66282 -0.90558 -0.9666 -0.87525 -0.6554 -0.3703 -0.076348 0.20051 0.44327 0.63712 0.78867 0.89734 0.96138 0.97465 0.93623 0.8607 0.7629 0.63244 0.42961 0.12251 -0.22675 -0.44741 -0.56828 -0.68222 -0.77809 -0.86003
-0.071601 0.17635 0.1876 -0.63007 -0.27 -0.36544 0.1749 -0.63532 0.74849 -0.83761 -1 -0.9922 -1 -0.93554 -0.69523 -0.37317 0.011958 0.46859 0.86792 0.93767 0.5195 -0.16026 -0.70168 -0.94355 -0.94781 -0.80356 -0.54924 -0.22534 0.096361 0.37518 0.60221 0.77333 0.88637 0.95561 0.97679 0.95288 0.87727 0.76689 0.63585 0.49871 0.33707 0.10853 -0.2043 -0.52213 -0.70016 -0.78785 -0.86413 -0.92099 -0.96089
-0.032131 -0.07715 -0.24526 0.80531 -0.43691 0.94833 -0.8004 0.72757 -0.3384 -0.73794 -0.31611 -0.54921 -0.49053 -0.26594 0.1164 0.42941 0.70709 0.92705 0.94308 0.58395 -0.073779 -0.68159 -0.95182 -0.91254 -0.70694 -0.42398 -0.092758 0.24449 0.52571 0.73244 0.8711 0.94811 0.97146 0.95836 0.90034 0.80315 0.65972 0.5009 0.33804 0.18347 0.013275 -0.21304 -0.49787 -0.75429 -0.87626 -0.92668 -0.96285 -0.98033 -0.97954
-0.1143 -0.12867 0.26593 -0.91006 0.9425 -0.42011 0.083614 0.67364 -0.87778 0.38897 0.7323 0.44821 0.44773 0.59712 0.82496 0.94144 0.98584 0.90302 0.58328 -0.0031738 -0.62098 -0.94824 -0.88741 -0.61095 -0.27894 0.051849 0.37091 0.64444 0.83139 0.93484 0.97128 0.95345 0.89567 0.81386 0.69575 0.54811 0.36362 0.18208 0.010765 -0.14133 -0.30057 -0.50153 -0.7325 -0.90784 -0.96783 -0.98125 -0.97902 -0.96031 -0.92337
-0.18672 -0.071715 -0.27922 0.80718 -0.74529 -0.70064 0.82106 -0.62921 -0.062069 0.99541 0.94313 0.99055 0.98756 0.99774 0.97585 0.89131 0.74208 0.45461 -0.014779 -0.57166 -0.93152 -0.89837 -0.55941 -0.15002 0.20684 0.50009 0.73753 0.8983 0.96646 0.96129 0.90296 0.80602 0.68731 0.5583 0.40435 0.23179 0.033611 -0.14676 -0.30643 -0.4402 -0.57373 -0.73251 -0.89269 -0.97748 -0.97602 -0.95602 -0.92009 -0.87082 -0.80436
-0.16001 0.13853 0.31757 -0.38954 -0.1607 0.8334 -0.1508 -0.8441 0.84683 0.38012 0.16691 0.63136 0.74173 0.7023 0.52891 0.35931 0.14451 -0.18011 -0.58956 -0.91696 -0.92551 -0.57833 -0.085842 0.33508 0.62813 0.82366 0.94077 0.97161 0.92369 0.82516 0.69421 0.54362 0.38953 0.23736 0.072089 -0.10139 -0.28906 -0.4488 -0.58175 -0.68635 -0.78469 -0.89115 -0.97236 -0.96616 -0.90884 -0.86118 -0.79814 -0.72533 -0.63703
-0.017032 0.18462 -0.4036 -0.28583 0.95268 0.36287 -0.85373 0.32014 0.60543 -0.65921 -0.75446 -0.24694 -0.039094 -0.035543 -0.206 -0.33953 -0.50163 -0.72313 -0.92971 -0.94376 -0.63544 -0.1051 0.39551 0.7251 0.89724 0.96776 0.95758 0.86912 0.72806 0.56427 0.39018 0.21458 0.0507 -0.10225 -0.2576 -0.41235 -0.57078 -0.69621 -0.79292 -0.86252 -0.92129 -0.97155 -0.97335 -0.88301 -0.7789 -0.71052 -0.62787 -0.53901 -0.43678
0.19657 -0.52069 0.5411 0.89446 -0.65337 -0.96304 0.026305 0.99078 -0.40745 -0.97604 -0.96629 -0.90821 -0.77273 -0.73222 -0.81159 -0.8587 -0.91748 -0.97526 -0.93949 -0.67387 -0.172 0.38153 0.7668 0.94161 0.97296 0.92206 0.80318 0.6253 0.42536 0.22943 0.042469 -0.13152 -0.28334 -0.41913 -0.54864 -0.67083 -0.78769 -0.87109 -0.9274 -0.96065 -0.97983 -0.97526 -0.90346 -0.74117 -0.60141 -0.51954 -0.42485 -0.32727 -0.2186
0.28353 0.53337 -0.70207 -0.95619 -0.51055 -0.19243 0.87873 0.22803 -0.92892 -0.30887 -0.34759 -0.88574 -0.99379 -1 -0.99859 -0.98486 -0.95937 -0.87342 -0.64659 -0.2146 0.3238 0.76027 0.9542 0.9558 0.85913 0.71303 0.52 0.29206 0.070428 -0.12608 -0.29968 -0.45083 -0.57466 -0.68106 -0.77488 -0.85675 -0.92608 -0.96519 -0.98146 -0.98057 -0.96353 -0.90959 -0.77456 -0.55589 -0.39239 -0.30392 -0.20428 -0.10459 0.0038832
0.030071 -0.23605 0.81358 0.25508 0.97309 0.98613 0.28273 -0.83904 -0.40365 0.6358 0.53419 -0.25571 -0.61521 -0.73644 -0.7178 -0.70146 -0.64593 -0.48413 -0.16756 0.2901 0.72429 0.95388 0.93522 0.78397 0.59431 0.3914 0.16475 -0.073245 -0.28307 -0.45454 -0.59542 -0.70958 -0.79606 -0.86675 -0.92082 -0.9602 -0.98156 -0.97859 -0.95867 -0.92839 -0.88082 -0.78572 -0.60076 -0.34293 -0.16738 -0.078404 0.020016 0.11622 0.21895
-0.28681 -0.17904 -0.76255 0.72556 0.059008 0.23271 -0.76459 -0.82415 0.5438 1 0.99242 0.52135 0.097606 -0.11855 -0.13333 -0.15521 -0.1181 0.044764 0.34502 0.7061 0.94405 0.93771 0.73274 0.47487 0.23753 0.01839 -0.20369 -0.41753 -0.58994 -0.71898 -0.8157 -0.88594 -0.93194 -0.96581 -0.98099 -0.9802 -0.95754 -0.91795 -0.868 -0.81463 -0.74354 -0.61711 -0.39692 -0.11734 0.059526 0.14399 0.23616 0.32441 0.41708
-0.061374 0.55007 0.44513 -1 -1 -0.95355 -0.69043 0.18227 0.94273 0.52702 0.73878 0.96158 0.73985 0.53701 0.48928 0.43204 0.43323 0.54578 0.75217 0.9411 0.95107 0.73412 0.40116 0.09413 -0.14607 -0.34622 -0.53344 -0.69856 -0.81764 -0.89558 -0.94423 -0.97001 -0.9775 -0.97754 -0.95835 -0.92297 -0.86329 -0.79457 -0.72207 -0.6525 -0.56538 -0.418 -0.17749 0.1074 0.2763 0.3524 0.4345 0.51155 0.59107
0.19278 -0.80985 0.13059 0.13298 0.17989 -0.45973 0.34792 0.96929 0.45681 -0.34678 0.0019171 0.84373 0.99992 0.9427 0.90812 0.85652 0.83777 0.88374 0.96203 0.95811 0.76295 0.39851 0.009879 -0.29055 -0.49694 -0.65277 -0.78556 -0.88831 -0.94778 -0.97372 -0.97667 -0.96241 -0.93704 -0.90899 -0.86231 -0.79993 -0.71199 -0.62259 -0.53534 -0.4564 -0.36054 -0.20233 0.044386 0.31988 0.47326 0.53834 0.60776 0.67148 0.7359
-0.47689 0.95502 -0.74343 0.91769 0.96973 0.79514 0.93142 0.70927 -0.42523 -0.94664 -0.71688 0.27918 0.78972 0.95484 0.99016 0.99655 0.99244 0.98577 0.94296 0.77275 0.43342 0.0022128 -0.37184 -0.62077 -0.76897 -0.86667 -0.93655 -0.97359 -0.97543 -0.95457 -0.9187 -0.87213 -0.82169 -0.77282 -0.70665 -0.62567 -0.5189 -0.41731 -0.32279 -0.24071 -0.14269 0.017084 0.25736 0.51102 0.64316 0.69567 0.75088 0.80018 0.84857
-0.36741 -1 0.99068 -0.71788 -0.20499 0.78592 0.3566 -0.26177 -0.94361 -0.87862 -0.99607 -0.40949 0.24122 0.60244 0.73655 0.83451 0.8772 0.84757 0.71903 0.4396 0.034797 -0.38334 -0.68624 -0.85454 -0.93343 -0.97005 -0.97824 -0.95464 -0.90694 -0.84857 -0.78344 -0.71396 -0.64711 -0.58506 -0.50753 -0.41628 -0.29985 -0.19393 -0.098776 -0.018815 0.075802 0.22912 0.45221 0.67414 0.78111 0.82044 0.8609 0.89555 0.92784
1 0.94841 -0.56348 -0.54125 -0.96767 -0.39428 -0.63663 -0.96767 -0.71752 -0.23989 -0.7173 -0.88519 -0.39132 0.04338 0.25651 0.44197 0.54426 0.52119 0.35397 0.033808 -0.35874 -0.69859 -0.89379 -0.96911 -0.9794 -0.96072 -0.91574 -0.84247 -0.75715 -0.67261 -0.5888 -0.50612 -0.43126 -0.36322 -0.28177 -0.18781 -0.070004 0.033466 0.12378 0.19748 0.28429 0.42462 0.62193 0.80481 0.88435 0.91069 0.93665 0.95713 0.97395
-0.086554 -0.78849 -0.35376 0.93179 0.044105 -1 -0.91908 -0.79164 0.034333 0.53124 -0.072213 -0.9534 -0.85564 -0.51526 -0.2871 -0.057106 0.091351 0.092557 -0.069407 -0.36687 -0.68425 -0.90302 -0.97545 -0.96032 -0.91174 -0.84938 -0.7643 -0.65565 -0.54621 -0.44723 -0.35498 -0.26805 -0.19256 -0.12466 -0.045581 0.044755 0.15698 0.25257 0.33385 0.39833 0.47415 0.59652 0.76165 0.90068 0.95196 0.96614 0.97845 0.98579 0.98829
-0.91839 0.50503 1 0.2475 0.95477 -0.25785 -0.23406 0.053374 0.75083 0.97621 0.5912 -0.61946 -0.99596 -0.89479 -0.73548 -0.52858 -0.36983 -0.34319 -0.46883 -0.69628 -0.89806 -0.97753 -0.9314 -0.83967 -0.74746 -0.65601 -0.54582 -0.41702 -0.29676 -0.19411 -0.10236 -0.018676 0.051603 0.11459 0.18648 0.26831 0.36953 0.45323 0.52261 0.57605 0.63884 0.7398 0.86847 0.96113 0.9846 0.98787 0.98786 0.98347 0.97318
0.8293 -0.10513 -0.65622 -0.95796 0.27453 0.79682 0.67915 0.83933 0.96213 0.87617 0.96265 -0.049496 -0.79045 -0.99536 -0.97702 -0.86312 -0.74095 -0.70243 -0.77744 -0.90874 -0.97888 -0.92317 -0.77744 -0.62993 -0.5116 -0.40598 -0.28538 -0.1508 -0.031482 0.065926 0.15014 0.22494 0.28587 0.3407 0.40211 0.47205 0.55841 0.62766 0.68348 0.72506 0.77384 0.85137 0.94125 0.98704 0.98413 0.97805 0.96734 0.95288 0.93157
-0.1826 -0.35264 -0.42531 -0.13793 -0.81234 0.87132 0.94521 0.97207 0.5717 0.32527 0.90226 0.52304 -0.3341 -0.81098 -0.96783 -0.99713 -0.9552 -0.92683 -0.95247 -0.9824 -0.92671 -0.75725 -0.54013 -0.36046 -0.23299 -0.12657 -0.0083733 0.11983 0.22884 0.31439 0.38618 0.44842 0.49759 0.54245 0.59157 0.64769 0.71687 0.77035 0.81203 0.84181 0.87648 0.9298 0.9803 0.98045 0.95335 0.93964 0.92002 0.89726 0.86682
-0.21148 0.74626 0.99593 0.92404 -0.65957 -0.049753 0.36534 0.40299 -0.14841 -0.37145 0.4696 0.8947 0.21251 -0.41419 -0.73024 -0.91849 -0.98478 -0.98915 -0.97782 -0.91822 -0.75896 -0.5082 -0.25173 -0.06284 0.059307 0.15602 0.26187 0.37444 0.46654 0.53606 0.59267 0.64055 0.67711 0.71151 0.74781 0.78945 0.84048 0.87799 0.90584 0.92455 0.94573 0.97514 0.98712 0.94426 0.89569 0.87611 0.84943 0.82018 0.78253
0.21473 -0.91951 -0.25822 0.2006 0.41653 -0.89492 -0.51734 -0.42871 -0.77335 -0.87932 -0.13567 0.95687 0.68314 0.07712 -0.33576 -0.65978 -0.83911 -0.89231 -0.86176 -0.73567 -0.50507 -0.21015 0.05439 0.23278 0.33883 0.41876 0.50561 0.59651 0.66788 0.71949 0.76009 0.79342 0.81784 0.84231 0.86636 0.89391 0.92695 0.9492 0.96424 0.9731 0.98196 0.98862 0.96414 0.88196 0.81502 0.79128 0.75936 0.72536 0.68234
-0.078018 0.7636 -0.82611 -0.849 0.89357 -0.79865 -0.97465 -0.9658 -0.97926 -0.98936 -0.6746 0.71449 0.95417 0.5372 0.11946 -0.284 -0.55657 -0.66354 -0.63135 -0.46685 -0.20076 0.10191 0.34744 0.50038 0.58367 0.64321 0.70768 0.77392 0.82328 0.85706 0.8824 0.90231 0.91604 0.93194 0.94508 0.95977 0.9759 0.98427 0.988 0.98858 0.98667 0.97237 0.91443 0.79743 0.71537 0.68906 0.65361 0.6165 0.56988
-0.005174 -0.31571 0.64293 -0.39211 0.21245 0.075345 -0.68419 -0.89971 -0.69184 -0.68574 -0.96217 0.26456 0.97047 0.86355 0.53916 0.13263 -0.19293 -0.34597 -0.32544 -0.15024 0.11724 0.39608 0.60183 0.71971 0.77754 0.8162 0.85778 0.89906 0.92725 0.94483 0.95684 0.96538 0.97057 0.97974 0.98391 0.98751 0.98848 0.98481 0.97908 0.97312 0.9622 0.92925 0.84151 0.69469 0.60081 0.57335 0.53593 0.49721 0.44856
0.0061208 -0.20689 0.5487 0.67952 -0.69793 0.85564 0.09686 -0.31222 -0.081639 -0.1194 -0.92155 -0.2483 0.74765 0.99596 0.84609 0.51645 0.19055 0.010353 0.012502 0.17508 0.41542 0.64621 0.79865 0.8771 0.91013 0.92992 0.95042 0.96858 0.97801 0.9821 0.98351 0.98332 0.98248 0.98704 0.98443 0.9791 0.9671 0.95353 0.94032 0.92961 0.91156 0.86255 0.74913 0.57777 0.47529 0.44793 0.40992 0.37087 0.32162
0.025849 0.51158 -0.76657 0.63122 -0.7623 0.85842 0.80021 0.43441 0.55393 0.47779 -0.59068 -0.68044 0.35619 0.92208 0.99338 0.80839 0.53736 0.35651 0.34062 0.47394 0.66644 0.83349 0.92626 0.96544 0.97691 0.98154 0.98441 0.98283 0.97699 0.97092 0.96485 0.9588 0.95454 0.95666 0.94961 0.93762 0.91511 0.89388 0.8752 0.86147 0.83818 0.77586 0.64112 0.4506 0.34257 0.31631 0.27889 0.24061 0.19198
-0.045026 -0.43905 -0.36702 -0.35108 0.015371 0.13978 0.97074 0.93641 0.94079 0.89096 -0.09117 -0.92705 -0.10412 0.67181 0.9678 0.97091 0.80306 0.6509 0.62334 0.7183 0.8508 0.94691 0.98 0.98364 0.97843 0.97261 0.96226 0.94525 0.92816 0.91549 0.90512 0.89609 0.8909 0.89261 0.88334 0.86698 0.83647 0.80981 0.7876 0.77246 0.74569 0.67285 0.52125 0.31686 0.2061 0.18174 0.14587 0.10927 0.062273
0.034838 0.10434 0.75548 -0.77274 0.74101 -0.66953 0.53608 0.9603 0.9383 0.99385 0.42143 -0.94205 -0.53094 0.3045 0.78639 0.99016 0.95937 0.86317 0.83435 0.88888 0.95741 0.98292 0.96145 0.93571 0.91949 0.90818 0.88938 0.86163 0.83744 0.82161 0.80991 0.80052 0.79661 0.79967 0.79021 0.77161 0.73556 0.70556 0.6816 0.66644 0.63783 0.5572 0.39314 0.17994 0.068992 0.047133 0.013566 -0.020646 -0.065187
-0.0016384 0.19629 0.31971 -0.12152 0.6911 -0.94451 -0.20814 0.52847 0.57365 0.77588 0.80675 -0.73934 -0.8411 -0.1068 0.48866 0.87403 0.99515 0.97594 0.95784 0.97564 0.98318 0.94449 0.87723 0.82961 0.80806 0.79592 0.77328 0.7394 0.71201 0.6961 0.68565 0.67812 0.67727 0.6831 0.67517 0.65621 0.61691 0.58547 0.5613 0.54731 0.51828 0.43246 0.26014 0.042904 -0.065984 -0.084962 -0.11566 -0.14697 -0.18842
-0.037025 -0.25564 -0.67793 0.64096 -0.015754 -0.52552 -0.8229 -0.13173 0.0054091 0.32678 0.9745 -0.37979 -0.98398 -0.49034 0.12682 0.64752 0.91498 0.9846 0.98849 0.9772 0.93194 0.83981 0.73771 0.67609 0.65429 0.64523 0.62282 0.587 0.5598 0.54633 0.53915 0.53521 0.53875 0.54834 0.54327 0.52553 0.48505 0.45379 0.43071 0.41881 0.39058 0.30195 0.12534 -0.091554 -0.19645 -0.21234 -0.2398 -0.26786 -0.30576
0.060847 0.11741 -0.37799 0.55852 -0.67338 0.24414 -0.98642 -0.72002 -0.55368 -0.20629 0.89924 0.049683 -0.94576 -0.78729 -0.24392 0.34668 0.7361 0.89578 0.93017 0.89955 0.81308 0.68082 0.55566 0.48749 0.46953 0.46644 0.4475 0.41323 0.38894 0.37976 0.3773 0.37812 0.38684 0.40077 0.39953 0.38425 0.34432 0.3146 0.29363 0.28449 0.25803 0.16876 -0.0084966 -0.22111 -0.32041 -0.33317 -0.35717 -0.38179 -0.41584
-0.053386 0.044703 0.5394 -0.17505 -0.71278 0.82854 -0.64365 -1 -0.91758 -0.66967 0.61612 0.45825 -0.74604 -0.95902 -0.57362 0.012324 0.48439 0.72481 0.79423 0.75437 0.63985 0.48175 0.34504 0.27676 0.26545 0.27006 0.25686 0.22682 0.2074 0.20368 0.20673 0.21292 0.22714 0.24556 0.2487 0.23677 0.19883 0.17169 0.15357 0.14762 0.12368 0.035653 -0.13897 -0.34383 -0.43621 -0.44593 -0.46642 -0.48755 -0.51757
0.0092625 -0.13146 0.48469 -0.65542 -0.15861 0.87271 0.0061888 -0.88347 -0.98336 -0.94591 0.20318 0.76972 -0.42912 -0.98971 -0.82341 -0.31558 0.19029 0.49294 0.59723 0.55719 0.42782 0.2578 0.11989 0.056577 0.053401 0.066247 0.060053 0.036026 0.022628 0.024844 0.033611 0.045262 0.064826 0.087505 0.095194 0.087154 0.052303 0.028487 0.013708 0.011137 -0.0097656 -0.094918 -0.264 -0.4581 -0.54255 -0.54944 -0.56648 -0.58418 -0.61016
0.058943 0.12452 -0.32123 -0.39365 0.49265 0.39089 0.64129 -0.44111 -0.75054 -0.97849 -0.24256 0.93459 -0.052931 -0.88502 -0.9687 -0.60236 -0.1151 0.22436 0.35874 0.32558 0.19337 0.02393 -0.10652 -0.16134 -0.15621 -0.13567 -0.13458 -0.15168 -0.15864 -0.15064 -0.1365 -0.11978 -0.095447 -0.069075 -0.056996 -0.060933 -0.091915 -0.11194 -0.12314 -0.12235 -0.13991 -0.22083 -0.38188 -0.56269 -0.63846 -0.64282 -0.65658 -0.671 -0.693
-0.12041 -0.0049294 -0.55792 0.25125 0.73644 -0.29979 0.98052 0.1474 -0.30586 -0.77637 -0.62835 0.93472 0.32217 -0.66799 -1 -0.82154 -0.40311 -0.056353 0.099322 0.077518 -0.047517 -0.20597 -0.32235 -0.36672 -0.35425 -0.32751 -0.31972 -0.32979 -0.33057 -0.31748 -0.29878 -0.27779 -0.2496 -0.22038 -0.20438 -0.20429 -0.23092 -0.24694 -0.25454 -0.25059 -0.26469 -0.34031 -0.49121 -0.65665 -0.72323 -0.72544 -0.73617 -0.74755 -0.76574
0.13866 -0.15242 0.029876 0.59599 0.43367 -0.80361 0.8986 0.6722 0.21425 -0.40187 -0.88367 0.7816 0.64277 -0.37336 -0.92165 -0.95637 -0.64985 -0.32639 -0.16123 -0.16992 -0.28026 -0.4198 -0.51765 -0.55102 -0.53313 -0.50241 -0.48922 -0.49286 -0.48828 -0.47126 -0.44917 -0.42504 -0.39417 -0.36319 -0.34397 -0.34017 -0.36226 -0.37429 -0.37847 -0.3717 -0.38239 -0.45186 -0.59089 -0.73934 -0.79645 -0.79693 -0.80495 -0.81359 -0.82819
-0.096664 0.12856 0.50498 0.35174 -0.15349 -0.86965 0.45509 0.96723 0.66783 0.05143 -0.9703 0.50993 0.86893 -0.041429 -0.74928 -1 -0.83758 -0.5663 -0.40524 -0.40157 -0.49237 -0.60767 -0.68457 -0.70762 -0.68691 -0.65496 -0.63823 -0.63658 -0.62794 -0.60846 -0.58443 -0.55852 -0.52635 -0.49483 -0.47329 -0.46633 -0.4839 -0.49217 -0.49324 -0.48414 -0.49161 -0.55433 -0.68012 -0.81036 -0.85791 -0.85712 -0.86279 -0.86904 -0.88033
0.017965 0.1077 0.25986 -0.18746 -0.60713 -0.49748 -0.15568 0.95636 0.94484 0.48355 -0.8844 0.16868 0.97761 0.28761 -0.50642 -0.95465 -0.95534 -0.76094 -0.61806 -0.60491 -0.67386 -0.76208 -0.81747 -0.83186 -0.81133 -0.78118 -0.76314 -0.75778 -0.74665 -0.72641 -0.70209 -0.67591 -0.64394 -0.61319 -0.59038 -0.58095 -0.59424 -0.59912 -0.59756 -0.58668 -0.59124 -0.64683 -0.75835 -0.86954 -0.90761 -0.90602 -0.90974 -0.91397 -0.92227
0.039924 -0.19498 -0.27689 -0.51792 -0.65054 0.10108 -0.69712 0.66313 0.98972 0.80959 -0.65212 -0.1884 0.96315 0.57824 -0.22097 -0.83004 -0.99882 -0.90004 -0.78861 -0.77041 -0.81747 -0.87801 -0.91286 -0.92092 -0.90376 -0.87849 -0.86156 -0.85432 -0.84251 -0.82332 -0.80042 -0.77555 -0.74532 -0.71672 -0.69376 -0.68266 -0.69209 -0.69408 -0.69044 -0.67843 -0.68048 -0.72872 -0.82528 -0.91691 -0.94572 -0.94381 -0.946 -0.94859 -0.95427
-0.029737 -0.059544 -0.40838 -0.39241 -0.29596 0.63348 -0.98169 0.18929 0.80666 0.9743 -0.32068 -0.51122 0.83542 0.80285 0.078202 -0.64147 -0.9697 -0.97814 -0.90961 -0.89167 -0.91866 -0.95277 -0.96926 -0.97371 -0.96302 -0.9456 -0.93221 -0.92507 -0.91445 -0.89813 -0.87837 -0.85641 -0.82945 -0.80433 -0.78238 -0.77051 -0.7766 -0.7763 -0.7712 -0.75873 -0.75874 -0.7996 -0.88078 -0.95266 -0.97255 -0.97078 -0.97186 -0.97322 -0.97664
-0.033782 0.21865 -0.055191 0.030809 0.21148 0.86977 -0.92872 -0.32472 0.45015 0.95812 0.052197 -0.75964 0.61632 0.94346 0.36405 -0.4077 -0.87471 -0.99432 -0.97742 -0.96533 -0.97541 -0.98582 -0.98696 -0.99066 -0.98926 -0.98235 -0.97484 -0.96977 -0.96218 -0.95048 -0.9355 -0.91797 -0.89576 -0.8754 -0.85562 -0.8439 -0.84729 -0.84535 -0.83946 -0.82722 -0.82571 -0.8593 -0.92491 -0.97713 -0.98854 -0.98736 -0.98775 -0.98826 -0.9898
0.073615 0.038066 0.30449 0.39134 0.57262 0.73193 -0.57611 -0.74274 0.0060477 0.77558 0.40874 -0.90733 0.3356 0.99213 0.61353 -0.14898 -0.72435 -0.95156 -0.99178 -0.99083 -0.98804 -0.97846 -0.96777 -0.97346 -0.98374 -0.98958 -0.99004 -0.98893 -0.98609 -0.98062 -0.97192 -0.96023 -0.94411 -0.92969 -0.91319 -0.90256 -0.90393 -0.90106 -0.89504 -0.88372 -0.88124 -0.90778 -0.95789 -0.99077 -0.99421 -0.99403 -0.99413 -0.99419 -0.99422
-0.026692 -0.21836 0.29084 0.43485 0.60696 0.30323 -0.051832 -0.96693 -0.43062 0.46792 0.69959 -0.94309 0.026418 0.95031 0.80897 0.11471 -0.53167 -0.85603 -0.95534 -0.97 -0.95878 -0.93353 -0.91471 -0.92484 -0.94865 -0.96897 -0.97915 -0.98369 -0.98713 -0.98929 -0.98819 -0.9836 -0.97476 -0.96733 -0.95516 -0.94651 -0.94658 -0.94347 -0.93802 -0.92829 -0.92538 -0.94521 -0.98006 -0.99412 -0.99015 -0.99137 -0.99156 -0.99152 -0.99042
-0.071567 -0.047023 -0.0088235 0.1731 0.32764 -0.22859 0.47741 -0.95623 -0.77582 0.092414 0.88957 -0.87001 -0.27859 0.82736 0.93878 0.36512 -0.31106 -0.71626 -0.87306 -0.90667 -0.89146 -0.85508 -0.83174 -0.84833 -0.88687 -0.92281 -0.94409 -0.95569 -0.96671 -0.97765 -0.98526 -0.98882 -0.98828 -0.98875 -0.98183 -0.97601 -0.97552 -0.97287 -0.96863 -0.96112 -0.95833 -0.97184 -0.99186 -0.9878 -0.97703 -0.97998 -0.98063 -0.98084 -0.97894
0.10829 0.20077 -0.24857 -0.17781 -0.097402 -0.65797 0.86005 -0.728 -0.97107 -0.28893 0.96044 -0.70313 -0.55056 0.63861 0.99753 0.58675 -0.077107 -0.54232 -0.75169 -0.80622 -0.79107 -0.748 -0.72345 -0.748 -0.80181 -0.85391 -0.8872 -0.907 -0.9266 -0.94721 -0.96437 -0.97693 -0.98551 -0.9946 -0.99376 -0.99155 -0.9912 -0.98967 -0.98726 -0.98255 -0.98042 -0.98808 -0.99382 -0.97247 -0.95552 -0.96052 -0.96195 -0.96272 -0.96037
-0.028834 0.077211 -0.22186 -0.38067 -0.45228 -0.83882 1 -0.34599 -0.99063 -0.61955 0.91089 -0.46608 -0.76663 0.40324 0.98546 0.7675 0.1563 -0.34504 -0.59913 -0.67504 -0.66343 -0.61775 -0.59485 -0.62824 -0.69721 -0.76541 -0.81118 -0.83996 -0.86884 -0.89971 -0.92701 -0.94918 -0.9675 -0.98577 -0.99168 -0.99377 -0.99424 -0.99445 -0.99443 -0.99305 -0.99207 -0.99438 -0.98652 -0.94883 -0.92636 -0.93365 -0.93616 -0.93778 -0.93528
-0.075043 -0.16397 -0.010731 -0.33102 -0.5815 -0.72698 0.87495 0.099828 -0.84157 -0.85585 0.75436 -0.18733 -0.91129 0.14215 0.90771 0.89902 0.37669 -0.13534 -0.42393 -0.52022 -0.5148 -0.47004 -0.45109 -0.49362 -0.57699 -0.66064 -0.7189 -0.75709 -0.79564 -0.83706 -0.87483 -0.907 -0.93545 -0.96326 -0.97648 -0.98345 -0.98536 -0.98787 -0.99076 -0.99316 -0.99381 -0.9913 -0.97059 -0.91762 -0.89025 -0.90006 -0.9039 -0.90662 -0.90427
0.07453 -0.11203 0.16774 -0.093134 -0.44957 -0.38022 0.5322 0.51548 -0.55821 -0.97156 0.51541 0.10333 -0.9767 -0.12387 0.77331 0.97674 0.57352 0.076327 -0.23477 -0.34904 -0.35159 -0.31064 -0.29727 -0.34867 -0.4451 -0.54302 -0.61335 -0.66104 -0.70933 -0.7613 -0.8096 -0.85192 -0.89069 -0.92823 -0.94915 -0.96148 -0.9654 -0.97071 -0.97694 -0.98352 -0.98621 -0.97942 -0.94672 -0.87955 -0.84793 -0.86042 -0.86582 -0.86986 -0.86791
0.013419 0.10731 0.18143 0.17197 -0.13664 0.075011 0.067713 0.82226 -0.19293 -0.95894 0.22538 0.37799 -0.96238 -0.37574 0.59401 0.99956 0.73846 0.28045 -0.04007 -0.16872 -0.18012 -0.14508 -0.13833 -0.19774 -0.30539 -0.41594 -0.4975 -0.55444 -0.61225 -0.6745 -0.73316 -0.78556 -0.83463 -0.8819 -0.91076 -0.92883 -0.93526 -0.94378 -0.95373 -0.96481 -0.96991 -0.9594 -0.91557 -0.83536 -0.80011 -0.8154 -0.82254 -0.8281 -0.82678
-0.049335 0.13205 0.061508 0.31653 0.21341 0.49255 -0.40316 0.96969 0.1944 -0.8273 -0.081998 0.61292 -0.87422 -0.59722 0.3832 0.96954 0.8656 0.46879 0.15233 0.013874 -0.0063406 0.021406 0.021158 -0.044969 -0.16156 -0.28268 -0.37428 -0.43993 -0.50674 -0.57874 -0.64733 -0.70953 -0.76869 -0.82554 -0.86245 -0.88651 -0.89586 -0.90796 -0.92191 -0.93774 -0.94556 -0.93188 -0.87785 -0.78578 -0.74749 -0.76567 -0.7747 -0.78192 -0.78144
-0.0048759 -0.040059 -0.073424 0.28253 0.46056 0.75295 -0.77463 0.94104 0.54636 -0.59959 -0.37448 0.79025 -0.72319 -0.77567 0.15484 0.89131 0.95135 0.63453 0.33545 0.19248 0.16427 0.18408 0.17702 0.1059 -0.017028 -0.14635 -0.24649 -0.32 -0.39507 -0.47605 -0.55395 -0.62548 -0.69433 -0.76045 -0.80537 -0.83556 -0.84817 -0.86411 -0.8823 -0.90305 -0.91387 -0.89755 -0.83425 -0.73151 -0.69074 -0.71185 -0.72289 -0.7319 -0.73242
0.027828 -0.12427 -0.13148 0.11287 0.52167 0.79394 -0.97252 0.75186 0.8159 -0.30779 -0.62444 0.8987 -0.52382 -0.90244 -0.077454 0.77149 0.99437 0.77248 0.5033 0.36154 0.32685 0.33876 0.32559 0.25149 0.12508 -0.0098238 -0.11675 -0.19705 -0.2794 -0.3684 -0.45479 -0.535 -0.61299 -0.6879 -0.74068 -0.77704 -0.79317 -0.81315 -0.83573 -0.8615 -0.87553 -0.85707 -0.78545 -0.67322 -0.63052 -0.65456 -0.66769 -0.67857 -0.68025
0.028675 -0.019165 -0.09977 -0.091207 0.39199 0.61967 -0.96586 0.44301 0.97156 0.01192 -0.81095 0.93371 -0.29268 -0.9729 -0.30113 0.61812 0.9953 0.87901 0.65103 0.51635 0.47725 0.48188 0.46372 0.38889 0.26199 0.12428 0.012519 -0.073289 -0.16175 -0.25764 -0.35154 -0.43963 -0.52606 -0.60918 -0.66952 -0.71198 -0.73183 -0.75596 -0.78301 -0.81384 -0.83123 -0.81112 -0.73212 -0.61158 -0.56744 -0.59437 -0.60964 -0.62246 -0.62542
-0.036923 0.091698 -0.022364 -0.23072 0.13437 0.29037 -0.76768 0.070746 0.99969 0.32376 -0.92089 0.8969 -0.04695 -0.98619 -0.50527 0.44008 0.9565 0.95202 0.7749 0.65309 0.61206 0.61051 0.58882 0.51565 0.39129 0.25364 0.13914 0.049263 -0.043996 -0.14551 -0.2458 -0.34084 -0.43488 -0.52551 -0.59303 -0.64143 -0.66508 -0.69342 -0.72495 -0.76082 -0.78167 -0.76036 -0.67491 -0.54719 -0.50209 -0.53185 -0.54928 -0.56406 -0.56839
-0.04679 0.055021 0.048856 -0.25385 -0.15299 -0.10076 -0.42687 -0.30419 0.90389 0.59614 -0.9492 0.79519 0.19686 -0.94484 -0.68096 0.24649 0.88172 0.99085 0.87234 0.76883 0.72861 0.72237 0.69886 0.62976 0.51097 0.37625 0.26118 0.16879 0.072159 -0.033587 -0.13905 -0.24 -0.34073 -0.43806 -0.51226 -0.56636 -0.59384 -0.62637 -0.66233 -0.70315 -0.72752 -0.70543 -0.61443 -0.48066 -0.43502 -0.46751 -0.48708 -0.50384 -0.50961
0.058153 -0.05098 0.084995 -0.16858 -0.3746 -0.45507 -0.014369 -0.62637 0.70246 0.80435 -0.89819 0.63953 0.42389 -0.85415 -0.8215 0.046369 0.77578 0.9961 0.94185 0.86155 0.82496 0.8158 0.79232 0.72969 0.61937 0.49041 0.37697 0.28369 0.1852 0.076672 -0.032655 -0.13839 -0.24479 -0.34796 -0.42826 -0.48773 -0.519 -0.55564 -0.59592 -0.64154 -0.66944 -0.64695 -0.55127 -0.41252 -0.36674 -0.40184 -0.42351 -0.44223 -0.44948
0.050526 -0.069052 0.081833 -0.026267 -0.46757 -0.69263 0.39248 -0.85309 0.42436 0.93219 -0.7765 0.44369 0.62164 -0.72156 -0.92246 -0.15185 0.64423 0.96945 0.98294 0.93004 0.89988 0.88972 0.8682 0.81431 0.71521 0.5947 0.48508 0.39259 0.29378 0.18398 0.072145 -0.037194 -0.14818 -0.25624 -0.342 -0.40645 -0.4414 -0.48199 -0.52644 -0.57667 -0.60805 -0.58552 -0.486 -0.3433 -0.29772 -0.33528 -0.359 -0.37964 -0.3884
-0.071213 0.013368 0.047952 0.10879 -0.41589 -0.76804 0.72432 -0.95882 0.10456 0.97247 -0.59757 0.22283 0.78048 -0.55599 -0.98158 -0.34057 0.49304 0.91348 0.99599 0.97386 0.9528 0.94362 0.92595 0.88291 0.79755 0.68803 0.58434 0.49431 0.39675 0.2872 0.17425 0.062535 -0.051913 -0.16387 -0.25439 -0.32335 -0.36182 -0.40618 -0.45458 -0.50917 -0.54395 -0.52169 -0.41914 -0.27346 -0.22841 -0.26826 -0.29395 -0.31644 -0.32671
-0.048225 0.072406 -0.0036674 0.18744 -0.24783 -0.67583 0.93055 -0.93652 -0.22054 0.92649 -0.37797 -0.0075911 0.89384 -0.3672 -0.99868 -0.51322 0.32836 0.83148 0.98218 0.99326 0.9837 0.97746 0.96547 0.93517 0.86578 0.76957 0.67384 0.58791 0.49315 0.38536 0.27268 0.15984 0.043092 -0.071744 -0.16626 -0.23923 -0.28101 -0.32888 -0.38098 -0.43966 -0.47772 -0.45601 -0.35117 -0.20345 -0.15921 -0.20117 -0.22871 -0.25298 -0.26475
0.068524 0.028343 -0.056653 0.19076 -0.020979 -0.44637 0.98528 -0.79627 -0.51722 0.80297 -0.13576 -0.23294 0.95823 -0.16517 -0.97532 -0.66445 0.15622 0.72723 0.94331 0.98911 0.99309 0.99164 0.98699 0.97106 0.91958 0.83877 0.75286 0.67262 0.58216 0.47762 0.3666 0.25389 0.13601 0.019329 -0.078393 -0.15482 -0.19964 -0.25074 -0.30625 -0.3687 -0.40989 -0.38896 -0.28256 -0.13366 -0.090475 -0.13434 -0.16363 -0.18958 -0.20281
0.046819 -0.058213 -0.091411 0.12997 0.19816 -0.13483 0.88839 -0.56187 -0.75755 0.6163 0.111 -0.4402 0.97301 0.040386 -0.91461 -0.79012 -0.017614 0.60483 0.88171 0.96273 0.98192 0.98694 0.9911 0.99087 0.95891 0.8953 0.82094 0.74787 0.66316 0.56329 0.45529 0.34395 0.2261 0.10862 0.0085087 -0.070786 -0.11834 -0.17236 -0.23095 -0.29683 -0.34096 -0.32102 -0.21373 -0.064471 -0.02255 -0.06811 -0.099014 -0.12654 -0.14118
-0.050871 -0.075381 -0.090616 0.035596 0.35332 0.19295 0.66246 -0.26627 -0.92152 0.38472 0.34553 -0.61854 0.94013 0.24045 -0.82084 -0.88738 -0.18783 0.46855 0.80008 0.91591 0.95151 0.96445 0.97865 0.99513 0.98395 0.93906 0.87779 0.81328 0.73567 0.64184 0.53815 0.42938 0.31272 0.19549 0.093812 0.012254 -0.037701 -0.094274 -0.1556 -0.22454 -0.27139 -0.25262 -0.14505 0.0037986 0.044272 -0.0027574 -0.035129 -0.064106 -0.080106
-0.045336 0.001122 -0.048806 -0.057297 0.41138 0.47455 0.34672 0.053405 -0.99798 0.12839 0.55336 -0.75975 0.86369 0.42701 -0.69917 -0.95457 -0.34969 0.32268 0.70139 0.85071 0.90346 0.92549 0.9507 0.9846 0.99509 0.97016 0.92329 0.8686 0.79936 0.71284 0.61471 0.50968 0.39533 0.27936 0.17695 0.093756 0.041767 -0.016988 -0.080674 -0.15228 -0.20163 -0.18416 -0.076894 0.07085 0.10973 0.061456 0.027772 -0.0025268 -0.019808
0.022714 0.085302 0.021016 -0.12139 0.36709 0.66204 -0.010475 0.36065 -0.98467 -0.13246 0.72297 -0.85833 0.74951 0.59331 -0.55537 -0.99116 -0.4991 0.17138 0.58878 0.76943 0.83958 0.8716 0.90852 0.96021 0.99291 0.98884 0.95749 0.91375 0.85402 0.77599 0.68458 0.58441 0.47345 0.35974 0.25743 0.17323 0.1196 0.059053 -0.0066004 -0.08047 -0.13206 -0.116 -0.0095677 0.13642 0.17357 0.1243 0.089467 0.057987 0.039508
0.037094 0.082716 0.090096 -0.14359 0.24015 0.72873 -0.35938 0.62347 -0.88737 -0.37898 0.84618 -0.9115 0.60462 0.734 -0.39546 -0.99762 -0.63267 0.018605 0.46543 0.67453 0.76187 0.80445 0.85347 0.923 0.97812 0.99552 0.98059 0.94877 0.89957 0.8311 0.74749 0.65323 0.5467 0.4362 0.33481 0.25025 0.19537 0.13345 0.066231 -0.0094874 -0.063044 -0.048477 0.056638 0.20028 0.23561 0.18557 0.14976 0.11725 0.097661
0.0078243 -0.0081925 0.12626 -0.12532 0.066812 0.67108 -0.65556 0.81729 -0.71847 -0.59495 0.91829 -0.91905 0.43681 0.84515 -0.22555 -0.97532 -0.74772 -0.13198 0.33452 0.56853 0.67239 0.72579 0.78705 0.87414 0.95155 0.99074 0.99291 0.97381 0.93604 0.87809 0.80326 0.71589 0.61477 0.5084 0.40872 0.32442 0.26873 0.20584 0.13747 0.060328 0.0050864 0.018107 0.12147 0.26222 0.29566 0.2451 0.20848 0.17508 0.15449
-0.015613 -0.098966 0.10964 -0.078451 -0.11076 0.50638 -0.865 0.92656 -0.49517 -0.76761 0.93793 -0.88301 0.2542 0.92426 -0.051532 -0.92636 -0.8423 -0.27708 0.19912 0.45397 0.57327 0.63745 0.71077 0.81489 0.91413 0.97512 0.99484 0.98913 0.96353 0.91694 0.85179 0.77221 0.67741 0.57605 0.47885 0.39544 0.33934 0.27592 0.20682 0.12867 0.072037 0.083482 0.18469 0.32207 0.35357 0.30272 0.26547 0.23135 0.20986
-0.028127 -0.10195 0.043205 -0.019343 -0.25456 0.26732 -0.96708 0.94532 -0.23753 -0.88811 0.90676 -0.80731 0.064817 0.97022 0.12104 -0.85341 -0.91515 -0.41379 0.062125 0.33334 0.46661 0.54123 0.6262 0.7465 0.86685 0.94939 0.9869 0.99508 0.98227 0.94774 0.89305 0.82209 0.73446 0.63891 0.54493 0.46303 0.40695 0.34342 0.27399 0.19527 0.13754 0.14741 0.24611 0.37967 0.4092 0.35831 0.32061 0.28592 0.26364
-0.017991 -0.012215 -0.047431 0.036453 -0.33817 -0.0050002 -0.95552 0.8766 0.033405 -0.95163 0.82905 -0.69737 -0.12368 0.98315 0.28712 -0.75959 -0.96562 -0.53963 -0.073754 0.20905 0.3545 0.43894 0.53488 0.6703 0.81074 0.91433 0.96966 0.99205 0.99251 0.97063 0.92709 0.86548 0.7858 0.69681 0.60676 0.52695 0.47132 0.40809 0.33876 0.25988 0.20137 0.20966 0.30555 0.43491 0.46245 0.41175 0.37378 0.33868 0.31573
0.024571 0.092757 -0.125 0.077718 -0.35043 -0.26839 -0.83746 0.73115 0.29734 -0.95729 0.71112 -0.5597 -0.30432 0.96429 0.44226 -0.64834 -0.99368 -0.65256 -0.20605 0.083376 0.23892 0.33232 0.43833 0.58759 0.74686 0.87076 0.94374 0.98053 0.99459 0.98583 0.954 0.90239 0.83136 0.74964 0.66418 0.58703 0.53225 0.46975 0.40092 0.32231 0.26332 0.27007 0.36286 0.48767 0.51324 0.46295 0.4249 0.38954 0.36604
0.049715 0.12472 -0.15672 0.098851 -0.29541 -0.48584 -0.63117 0.52557 0.53611 -0.90766 0.56078 -0.40144 -0.47098 0.91581 0.58272 -0.52324 -0.99981 -0.75098 -0.33258 -0.041572 0.12177 0.22304 0.33803 0.49963 0.67629 0.81953 0.90981 0.96103 0.98889 0.99359 0.97395 0.93289 0.87114 0.79731 0.71707 0.64312 0.58961 0.52824 0.46031 0.38237 0.3232 0.32846 0.41791 0.53788 0.56149 0.51184 0.47388 0.43844 0.4145
0.0070401 0.058096 -0.12812 0.099396 -0.18936 -0.63018 -0.3628 0.2802 0.73475 -0.80834 0.38682 -0.23001 -0.61853 0.84064 0.70542 -0.38797 -0.98496 -0.83372 -0.45143 -0.16386 0.0048137 0.11267 0.23537 0.40768 0.60008 0.76151 0.86857 0.9341 0.97584 0.99422 0.98713 0.9571 0.90517 0.8398 0.76534 0.69511 0.64327 0.58342 0.51678 0.43991 0.38086 0.3847 0.47061 0.58548 0.60716 0.55837 0.52067 0.48529 0.46104
-0.056751 -0.054345 -0.048695 0.082588 -0.055958 -0.68657 -0.062744 0.016992 0.88218 -0.66718 0.1984 -0.052786 -0.74294 0.74231 0.80807 -0.24613 -0.95045 -0.89998 -0.56096 -0.28174 -0.11034 0.002668 0.13167 0.31294 0.51927 0.69757 0.82072 0.90033 0.9559 0.98806 0.99378 0.97515 0.93351 0.87711 0.80897 0.74294 0.69313 0.63519 0.57022 0.4948 0.43618 0.43866 0.52086 0.6304 0.6502 0.60248 0.56521 0.53006 0.50562
-0.05044 -0.1279 0.052471 0.053663 0.079089 -0.65306 0.23788 -0.24247 0.9715 -0.4937 0.0046038 0.12326 -0.84126 0.62475 0.88903 -0.10121 -0.8979 -0.94938 -0.65985 -0.3937 -0.22221 -0.10561 0.028182 0.21652 0.43488 0.62859 0.767 0.8603 0.92953 0.97548 0.99417 0.98723 0.95628 0.90928 0.84794 0.78656 0.73916 0.68349 0.62055 0.54694 0.48904 0.49025 0.5686 0.67263 0.69061 0.64416 0.60749 0.57271 0.5482
0.025032 -0.11081 0.13845 0.018459 0.19281 -0.53924 0.51042 -0.47864 1 -0.29833 -0.18595 0.29174 -0.91166 0.49212 0.94739 0.043524 -0.8292 -0.98186 -0.74705 -0.4984 -0.32949 -0.21096 -0.073976 0.1195 0.34787 0.5554 0.70812 0.81462 0.89724 0.95686 0.98858 0.99356 0.97361 0.93638 0.88227 0.82595 0.78131 0.72826 0.66769 0.59626 0.53936 0.53939 0.61377 0.71215 0.72837 0.68338 0.64747 0.61322 0.58875
0.071707 -0.017994 0.17843 -0.017508 0.26848 -0.36373 0.73111 -0.67529 0.96888 -0.09177 -0.36549 0.44704 -0.95332 0.34871 0.98284 0.18504 -0.7464 -0.99767 -0.82177 -0.59474 -0.43105 -0.31228 -0.17377 0.022863 0.25917 0.47883 0.6448 0.76391 0.85953 0.93261 0.97735 0.99436 0.98566 0.95851 0.91201 0.86114 0.81958 0.76948 0.71161 0.64269 0.58707 0.58602 0.65635 0.74895 0.76348 0.72014 0.68515 0.65157 0.62726
0.029872 0.085456 0.15849 -0.049509 0.29748 -0.15081 0.88278 -0.82035 0.88275 0.11555 -0.5273 0.58447 -0.96638 0.19873 0.99565 0.32062 -0.65165 -0.99733 -0.88351 -0.68182 -0.5259 -0.40863 -0.27028 -0.072481 0.16964 0.39967 0.57772 0.70875 0.81691 0.90315 0.9608 0.98989 0.99261 0.97579 0.93724 0.89216 0.85399 0.80714 0.75228 0.6862 0.63211 0.6301 0.6963 0.78305 0.79597 0.75445 0.72053 0.68775 0.66372
-0.045462 0.13225 0.085499 -0.07379 0.27949 0.073043 0.95566 -0.90635 0.74901 0.314 -0.66589 0.70032 -0.9518 0.046267 0.98659 0.44788 -0.54718 -0.9816 -0.93197 -0.75893 -0.61323 -0.49919 -0.36268 -0.16571 0.080087 0.31867 0.50757 0.64974 0.76988 0.86891 0.93926 0.98042 0.99466 0.98836 0.95804 0.91906 0.88456 0.84125 0.7897 0.72675 0.67446 0.67159 0.73363 0.81446 0.82585 0.78631 0.75361 0.72177 0.69814
-0.06399 0.096156 -0.016408 -0.087648 0.22138 0.28248 0.94746 -0.93042 0.57713 0.49508 -0.77713 0.79188 -0.91129 -0.10486 0.95689 0.56478 -0.43521 -0.95142 -0.9671 -0.82556 -0.69237 -0.58326 -0.45026 -0.25607 -0.0087288 0.23656 0.435 0.58746 0.71895 0.83031 0.9131 0.96623 0.99203 0.99637 0.97453 0.94192 0.91135 0.87185 0.82387 0.76434 0.71408 0.71048 0.76834 0.84321 0.85316 0.81577 0.78442 0.75364 0.73051
-0.012401 0.0038005 -0.11472 -0.089526 0.13514 0.45591 0.86275 -0.89401 0.37789 0.65173 -0.85822 0.85744 -0.84717 -0.25114 0.90811 0.66964 -0.31795 -0.90791 -0.98904 -0.88137 -0.76282 -0.66028 -0.53242 -0.34292 -0.096127 0.15399 0.36063 0.52248 0.66462 0.78777 0.88267 0.94761 0.98495 1 0.98683 0.96082 0.93442 0.89898 0.85482 0.79897 0.75098 0.74676 0.80043 0.86934 0.87794 0.84284 0.81297 0.78338 0.76086
0.043827 -0.08714 -0.17939 -0.079127 0.035419 0.57739 0.71187 -0.80234 0.16271 0.77849 -0.90769 0.89622 -0.76219 -0.38945 0.8421 0.76113 -0.1975 -0.85231 -0.9981 -0.92619 -0.8242 -0.7298 -0.60865 -0.42567 -0.18148 0.071597 0.28504 0.45532 0.60735 0.7417 0.84832 0.92485 0.97364 0.99943 0.99507 0.97587 0.95386 0.9227 0.88259 0.83066 0.78516 0.78043 0.82994 0.89289 0.90024 0.86755 0.83929 0.81101 0.78919
0.048023 -0.12512 -0.1918 -0.057524 -0.06297 0.63769 0.50951 -0.66367 -0.057063 0.87156 -0.92529 0.90835 -0.65949 -0.51709 0.76094 0.83827 -0.075891 -0.78592 -0.99474 -0.96001 -0.87629 -0.79149 -0.67853 -0.50383 -0.26424 -0.010046 0.2088 0.3865 0.54763 0.69253 0.81041 0.89825 0.95836 0.99485 0.99941 0.98719 0.96975 0.94307 0.90723 0.85944 0.81663 0.81153 0.85689 0.91392 0.92011 0.88996 0.86342 0.83656 0.81555
0.0089892 -0.093094 -0.1495 -0.027167 -0.14709 0.63438 0.27313 -0.48845 -0.27068 0.92879 -0.91193 0.8947 -0.54239 -0.63179 0.66685 0.90039 0.045003 -0.71015 -0.97955 -0.98292 -0.91895 -0.84512 -0.74175 -0.57698 -0.3439 -0.090408 0.13242 0.31651 0.48588 0.64065 0.76929 0.86811 0.93935 0.98646 1 0.9949 0.9822 0.96017 0.92879 0.88535 0.84542 0.84006 0.88133 0.93247 0.9376 0.91012 0.8854 0.86006 0.83995
-0.026738 -0.013598 -0.06566 0.0082843 -0.20735 0.5714 0.021356 -0.2885 -0.46849 0.94964 -0.86945 0.85683 -0.41435 -0.73173 0.56215 0.94716 0.16344 -0.62639 -0.95326 -0.99517 -0.95219 -0.89055 -0.79808 -0.64477 -0.42003 -0.16901 0.056383 0.24581 0.42255 0.58645 0.72529 0.83472 0.91685 0.97447 0.99701 0.99912 0.99131 0.9741 0.94734 0.90844 0.87156 0.86606 0.90329 0.94862 0.95278 0.92806 0.90527 0.88156 0.86243
-0.032002 0.068111 0.035836 0.044322 -0.23833 0.4579 -0.22749 -0.076142 -0.64226 0.93498 -0.80053 0.79687 -0.27883 -0.81555 0.44918 0.97852 0.27785 -0.53608 -0.91664 -0.99711 -0.9761 -0.92776 -0.84735 -0.70693 -0.49225 -0.24542 -0.018861 0.17483 0.35803 0.53031 0.67875 0.79838 0.89112 0.95907 0.9906 1 0.99721 0.98495 0.96295 0.92875 0.89509 0.88957 0.92283 0.96242 0.96571 0.94385 0.92308 0.90108 0.88303
-0.0157 0.11051 0.12769 0.076143 -0.23885 0.30686 -0.45667 0.13654 -0.78545 0.88695 -0.70848 0.71739 -0.13923 -0.88231 0.33027 0.99465 0.38684 -0.44062 -0.87056 -0.98915 -0.99086 -0.95677 -0.88949 -0.76326 -0.56024 -0.31924 -0.092905 0.10398 0.29272 0.47257 0.63 0.75937 0.8624 0.94049 0.98095 0.99768 1 0.99281 0.97571 0.94636 0.91607 0.91064 0.94001 0.97395 0.97646 0.95754 0.93888 0.91868 0.90179
0.0023265 0.096206 0.18668 0.099289 -0.21154 0.13349 -0.65196 0.33833 -0.89332 0.80874 -0.59707 0.62127 0.0012158 -0.93149 0.20767 0.99598 0.48917 -0.34138 -0.81594 -0.97181 -0.99674 -0.9777 -0.92448 -0.8136 -0.62374 -0.39015 -0.16538 0.033636 0.22698 0.41358 0.57935 0.71797 0.83094 0.91892 0.96824 0.99231 0.99982 0.99779 0.98571 0.96133 0.93454 0.92932 0.95488 0.98327 0.9851 0.9692 0.95273 0.93441 0.91875
0.014611 0.037351 0.19924 0.11029 -0.16202 -0.046348 -0.80242 0.51943 -0.96296 0.70438 -0.4704 0.51162 0.13949 -0.96294 0.08356 0.98313 0.58381 -0.2397 -0.75372 -0.94565 -0.99407 -0.99074 -0.95237 -0.85786 -0.68254 -0.45784 -0.23594 -0.035869 0.16114 0.35367 0.52711 0.67445 0.79697 0.89458 0.95264 0.98403 0.99679 1 0.99302 0.97373 0.95057 0.94566 0.9675 0.99046 0.9917 0.97889 0.96468 0.9483 0.93395
0.022548 -0.034204 0.16396 0.1072 -0.097796 -0.21756 -0.90073 0.67178 -0.99322 0.5785 -0.33271 0.39165 0.27283 -0.97686 -0.040026 0.9569 0.66989 -0.13682 -0.68486 -0.91131 -0.98324 -0.99611 -0.97326 -0.89602 -0.73647 -0.52206 -0.3043 -0.10421 0.095526 0.29315 0.47355 0.62908 0.76074 0.86767 0.93432 0.973 0.99106 0.99955 0.99775 0.98364 0.96421 0.95973 0.97795 0.9956 0.99634 0.98667 0.97478 0.96042 0.94744
0.022811 -0.084473 0.09093 0.089891 -0.027169 -0.36699 -0.9433 0.78935 -0.98464 0.43611 -0.18822 0.26462 0.39877 -0.97376 -0.1612 0.91822 0.74671 -0.033947 -0.61035 -0.86944 -0.96468 -0.9941 -0.9873 -0.92807 -0.7854 -0.58259 -0.37019 -0.17111 0.030429 0.2323 0.41895 0.58212 0.72247 0.83839 0.91347 0.95937 0.98274 0.99656 1 0.99114 0.97554 0.97158 0.9863 0.99875 0.99908 0.9926 0.9831 0.97082 0.95926
0.0080822 -0.093201 -0.0017348 0.060122 0.041807 -0.48424 -0.93014 0.86819 -0.9392 0.28241 -0.041074 0.13369 0.51518 -0.95443 -0.27824 0.86812 0.81377 0.067824 -0.53114 -0.82074 -0.93886 -0.98504 -0.99468 -0.95408 -0.82928 -0.63926 -0.43337 -0.2363 -0.033881 0.17139 0.36358 0.53379 0.68237 0.80694 0.89025 0.94329 0.97197 0.99115 0.99986 0.99631 0.98463 0.98128 0.9926 1 1 0.99675 0.98969 0.97954 0.96947
-0.01911 -0.060915 -0.092684 0.021317 0.10216 -0.56222 -0.86447 0.90644 -0.86015 0.12258 0.10482 0.0019024 0.62026 -0.91987 -0.38963 0.80775 0.87068 0.16748 -0.44817 -0.76589 -0.90631 -0.96928 -0.99563 -0.97414 -0.86805 -0.69192 -0.49364 -0.29955 -0.097155 0.11069 0.30769 0.48435 0.64068 0.77352 0.86484 0.92492 0.95888 0.98342 0.99743 0.99923 0.99154 0.9889 0.99694 0.99942 0.99918 0.9992 0.99462 0.98665 0.97812
-0.040367 -0.0058504 -0.16238 -0.021881 0.1486 -0.59732 -0.75227 0.90423 -0.75174 -0.038369 0.24586 -0.12789 0.71254 -0.87129 -0.494 0.7383 0.91722 0.26408 -0.36238 -0.70563 -0.86754 -0.94722 -0.99042 -0.98836 -0.90171 -0.74048 -0.55084 -0.36065 -0.15917 0.050408 0.2515 0.43401 0.59759 0.73832 0.83741 0.90439 0.94362 0.9735 0.99281 1 0.99636 0.99451 0.99938 0.9971 0.99669 1 0.99794 0.99219 0.98526
-0.034962 0.04641 -0.19713 -0.064231 0.17781 -0.58932 -0.60163 0.86342 -0.61899 -0.19575 0.37882 -0.25309 0.79091 -0.81002 -0.59022 0.66098 0.95333 0.35682 -0.27463 -0.64065 -0.8231 -0.91926 -0.97933 -0.99692 -0.93029 -0.78486 -0.60482 -0.41944 -0.21972 -0.0092205 0.19523 0.38299 0.55331 0.70152 0.80812 0.88185 0.9263 0.9615 0.98611 0.9987 0.99915 0.99819 1 0.9931 0.9926 0.99922 0.99971 0.99623 0.99093
-0.00075752 0.074662 -0.19141 -0.10056 0.18855 -0.54107 -0.42214 0.78744 -0.46739 -0.3453 0.50089 -0.37136 0.8546 -0.73754 -0.67733 0.57706 0.97904 0.44495 -0.18578 -0.57168 -0.77354 -0.88584 -0.96267 -1 -0.95385 -0.825 -0.65547 -0.47573 -0.27861 -0.068001 0.13909 0.33148 0.50802 0.66329 0.77713 0.85746 0.90706 0.94753 0.97743 0.99542 1 0.99999 0.99887 0.98751 0.98699 0.99693 1 0.99881 0.99519
0.039681 0.070138 -0.14821 -0.12642 0.18146 -0.45791 -0.22422 0.6809 -0.30274 -0.48325 0.60972 -0.48067 0.90313 -0.65537 -0.75457 0.48777 0.99451 0.52784 -0.096622 -0.49941 -0.71942 -0.84739 -0.94077 -0.9978 -0.97247 -0.8609 -0.70269 -0.52942 -0.3357 -0.12575 0.083273 0.27968 0.46191 0.62381 0.74461 0.83135 0.88603 0.93172 0.96687 0.99024 0.99898 1 0.99608 0.98039 0.97993 0.9932 0.99886 1 0.99809
0.055499 0.038338 -0.077613 -0.13861 0.15877 -0.34713 -0.018477 0.54936 -0.13083 -0.60644 0.70341 -0.57932 0.93632 -0.56511 -0.82135 0.39434 1 0.60495 -0.007904 -0.42451 -0.66131 -0.80436 -0.91396 -0.99054 -0.98626 -0.89255 -0.74642 -0.58037 -0.39083 -0.18231 0.027948 0.22775 0.41515 0.58324 0.71069 0.80366 0.86333 0.91417 0.95452 0.98326 0.99617 0.99829 0.99168 0.97183 0.97149 0.98808 0.99636 0.99985 0.99967
0.032602 -0.0052163 0.0058082 -0.13554 0.1239 -0.21722 0.1848 0.39896 0.042655 -0.71229 0.78055 -0.66591 0.95427 -0.46834 -0.87729 0.29797 0.99586 0.67583 0.079681 -0.34763 -0.59974 -0.7572 -0.88259 -0.97847 -0.99534 -0.91999 -0.78662 -0.62851 -0.44387 -0.23752 -0.02672 0.17588 0.36791 0.54174 0.67553 0.77453 0.83908 0.89499 0.9405 0.97456 0.99166 0.99493 0.98575 0.9619 0.96174 0.98165 0.99256 0.9984 1
-0.014524 -0.042365 0.086192 -0.11738 0.080925 -0.077241 0.37616 0.23617 0.2124 -0.79886 0.8402 -0.73937 0.95732 -0.36666 -0.92213 0.1998 0.98252 0.74011 0.16549 -0.2694 -0.53525 -0.70635 -0.84703 -0.96185 -0.99987 -0.94326 -0.82326 -0.67375 -0.49472 -0.29124 -0.080581 0.1242 0.32033 0.49947 0.63926 0.74407 0.8134 0.8743 0.92488 0.96422 0.9855 0.98999 0.97837 0.95067 0.95075 0.97396 0.9875 0.99572 0.99912
-0.053445 -0.05961 0.1494 -0.085965 0.034192 0.063829 0.54734 0.067469 0.37354 -0.86482 0.88183 -0.79895 0.94603 -0.26161 -0.9558 0.10094 0.96046 0.79752 0.24895 -0.19041 -0.46837 -0.65225 -0.80761 -0.94093 -1 -0.96242 -0.85633 -0.71604 -0.54329 -0.34337 -0.1335 0.072883 0.27258 0.45655 0.60203 0.71243 0.78641 0.85219 0.90778 0.95234 0.97779 0.98354 0.9696 0.93821 0.93859 0.96508 0.98126 0.99187 0.99707
-0.057843 -0.052535 0.18536 -0.044559 -0.01213 0.19763 0.69156 -0.1009 0.52178 -0.90944 0.90534 -0.8442 0.92114 -0.15468 -0.97837 0.0024029 0.93024 0.84787 0.32953 -0.11123 -0.39961 -0.59534 -0.76472 -0.91598 -0.9959 -0.97756 -0.88585 -0.75535 -0.58949 -0.3938 -0.18535 0.022045 0.22477 0.41314 0.56397 0.67971 0.75822 0.82877 0.88929 0.939 0.9686 0.97566 0.95952 0.9246 0.92533 0.95507 0.97388 0.98688 0.99391
-0.025618 -0.026276 0.18944 0.0025636 -0.054369 0.31685 0.80369 -0.2631 0.65348 -0.93255 0.91101 -0.87495 0.88356 -0.047312 -0.99001 -0.09484 0.89243 0.89102 0.40677 -0.032389 -0.32944 -0.53605 -0.71869 -0.88728 -0.98776 -0.98878 -0.91184 -0.79165 -0.63327 -0.44242 -0.23602 -0.028186 0.17705 0.36935 0.52519 0.64604 0.72894 0.80415 0.86949 0.92429 0.958 0.96642 0.94819 0.90989 0.91102 0.94399 0.96542 0.98081 0.98969
0.021253 0.0076129 0.16264 0.05061 -0.089593 0.41557 0.88033 -0.41393 0.76571 -0.93449 0.89944 -0.89126 0.83431 0.059173 -0.99103 -0.18991 0.84767 0.92693 0.48024 0.045629 -0.25835 -0.47478 -0.66987 -0.85511 -0.97577 -0.99618 -0.93434 -0.82492 -0.67457 -0.48917 -0.2854 -0.077694 0.12954 0.32532 0.48581 0.61154 0.69867 0.77841 0.84847 0.90827 0.94606 0.95588 0.93568 0.89415 0.89573 0.93189 0.95594 0.97372 0.98445
0.05331 0.036051 0.11089 0.094787 -0.11575 0.48943 0.91978 -0.54888 0.85625 -0.91608 0.87155 -0.89347 0.77453 0.16353 -0.98184 -0.28199 0.7966 0.9556 0.54959 0.12237 -0.18676 -0.41193 -0.61862 -0.81975 -0.96012 -0.99987 -0.95342 -0.85518 -0.71337 -0.53397 -0.33342 -0.12638 0.082341 0.28116 0.44596 0.57629 0.66752 0.75166 0.82633 0.89103 0.93287 0.94411 0.92206 0.87746 0.87952 0.91884 0.94549 0.96565 0.97824
0.052919 0.049216 0.043604 0.13079 -0.13171 0.53575 0.92199 -0.66429 0.9236 -0.8785 0.82849 -0.8821 0.70543 0.26463 -0.96292 -0.37036 0.73987 0.9771 0.61453 0.19741 -0.1151 -0.34789 -0.56526 -0.78147 -0.94103 -1 -0.96912 -0.88244 -0.74964 -0.57678 -0.37998 -0.17414 0.035565 0.23697 0.40573 0.54042 0.63557 0.72398 0.80315 0.87266 0.91849 0.93118 0.90739 0.85986 0.86245 0.90489 0.93411 0.95665 0.97111
0.023641 0.043547 -0.028167 0.1552 -0.13724 0.5535 0.8884 -0.75736 0.96697 -0.82332 0.77161 -0.85785 0.62827 0.36144 -0.93484 -0.45438 0.67816 0.99154 0.67478 0.27037 -0.043757 -0.28301 -0.51013 -0.74054 -0.91869 -0.99669 -0.98153 -0.90673 -0.78335 -0.61753 -0.42503 -0.22089 -0.010692 0.19286 0.36523 0.50402 0.60294 0.69546 0.779 0.85322 0.90298 0.91716 0.89173 0.84143 0.84458 0.89009 0.92187 0.94676 0.96309
-0.015013 0.022256 -0.093565 0.16578 -0.1329 0.54318 0.82173 -0.82614 0.98623 -0.75235 0.70245 -0.82159 0.54435 0.45306 -0.89822 -0.53347 0.61214 0.99911 0.73016 0.34091 0.026906 -0.21765 -0.45353 -0.69725 -0.89332 -0.99009 -0.99073 -0.92808 -0.81452 -0.6562 -0.46849 -0.26655 -0.056341 0.14892 0.32456 0.46718 0.5697 0.66619 0.75398 0.83278 0.88643 0.90211 0.87515 0.82222 0.82596 0.8745 0.9088 0.93604 0.95424
-0.041377 -0.0064196 -0.14353 0.16164 -0.1199 0.50668 0.72581 -0.8696 0.98183 -0.66761 0.62264 -0.7743 0.45495 0.53869 -0.85375 -0.60717 0.54248 1 0.7805 0.40873 0.096548 -0.15213 -0.39577 -0.65184 -0.86513 -0.98034 -0.99681 -0.94654 -0.84314 -0.69276 -0.51031 -0.31106 -0.1013 0.10525 0.2838 0.42999 0.53593 0.63624 0.72814 0.81143 0.86889 0.88608 0.8577 0.80228 0.80665 0.85816 0.89497 0.92453 0.94459
-0.044062 -0.0324 -0.17194 0.14323 -0.099924 0.44701 0.60527 -0.88748 0.95479 -0.57128 0.5339 -0.71708 0.36137 0.61767 -0.80212 -0.67506 0.46981 0.99446 0.82568 0.47355 0.16486 -0.08676 -0.33714 -0.60458 -0.83432 -0.9676 -0.99986 -0.96216 -0.86924 -0.7272 -0.55046 -0.35435 -0.14549 0.061926 0.24305 0.39254 0.50173 0.6057 0.70158 0.78923 0.85042 0.86914 0.83945 0.78168 0.7867 0.84113 0.8804 0.91227 0.93418
-0.02609 -0.047143 -0.17613 0.11223 -0.07496 0.36807 0.46537 -0.8803 0.90658 -0.46564 0.438 -0.65107 0.26487 0.68943 -0.74408 -0.73681 0.39479 0.98277 0.86563 0.53513 0.23155 -0.021832 -0.27791 -0.55573 -0.80111 -0.95201 -1 -0.975 -0.89283 -0.7595 -0.58889 -0.39637 -0.18885 0.019025 0.20237 0.35491 0.46718 0.57464 0.67436 0.76624 0.8311 0.85136 0.82044 0.76046 0.76616 0.82344 0.86515 0.89931 0.92306
-6.3408e-05 -0.046161 -0.15696 0.071379 -0.047103 0.27439 0.31168 -0.84926 0.83907 -0.35298 0.33671 -0.57749 0.16666 0.75352 -0.68038 -0.79217 0.31802 0.96522 0.90033 0.59329 0.29637 0.042385 -0.21835 -0.50551 -0.76569 -0.93374 -0.99732 -0.98513 -0.91394 -0.78965 -0.62559 -0.43707 -0.23132 -0.02338 0.16186 0.31717 0.43233 0.54313 0.64654 0.74253 0.81098 0.83277 0.80073 0.73867 0.74507 0.80516 0.84927 0.88568 0.91126
0.020677 -0.030054 -0.11829 0.024141 -0.018408 0.17084 0.14992 -0.79612 0.75446 -0.23561 0.23176 -0.49759 0.067901 0.8096 -0.61177 -0.84094 0.24009 0.94214 0.92975 0.64783 0.35907 0.10564 -0.15871 -0.45418 -0.72828 -0.91294 -0.99195 -0.99261 -0.93261 -0.81768 -0.66052 -0.4764 -0.27283 -0.065224 0.12158 0.2794 0.39727 0.51124 0.6182 0.71816 0.79011 0.81345 0.78038 0.71637 0.72349 0.78632 0.83279 0.87142 0.89883
0.028905 -0.0039528 -0.066193 -0.025606 0.009241 0.062377 -0.014288 -0.72314 0.65517 -0.11576 0.12486 -0.4126 -0.030303 0.85743 -0.53903 -0.88302 0.16158 0.91388 0.95395 0.69863 0.41946 0.16771 -0.09921 -0.40194 -0.68906 -0.88977 -0.98398 -0.99753 -0.94888 -0.84357 -0.69367 -0.51434 -0.31335 -0.10645 0.081585 0.24166 0.36206 0.47903 0.58939 0.69319 0.76857 0.79344 0.75943 0.6936 0.70145 0.76696 0.81575 0.85658 0.88579
0.025177 0.024293 -0.0079064 -0.07391 0.034239 -0.046174 -0.1756 -0.63297 0.54381 0.0044325 0.017618 -0.32377 -0.12693 0.89688 -0.46288 -0.91832 0.08301 0.88079 0.97297 0.74557 0.47734 0.22838 -0.040081 -0.34902 -0.64823 -0.86438 -0.97355 -0.99997 -0.9628 -0.86736 -0.72504 -0.55085 -0.35281 -0.14699 0.041951 0.20402 0.32676 0.44657 0.56018 0.66769 0.74639 0.7728 0.73793 0.67041 0.679 0.74712 0.79819 0.84119 0.87219
0.014867 0.046511 0.049159 -0.11707 0.055325 -0.15032 -0.32909 -0.52852 0.42305 0.12293 -0.088432 -0.2323 -0.22103 0.92788 -0.38408 -0.94686 0.0048905 0.84323 0.98691 0.78858 0.53255 0.28746 0.018475 -0.29563 -0.60598 -0.83693 -0.96076 -1 -0.97442 -0.88906 -0.75461 -0.58592 -0.3912 -0.18681 0.0027298 0.16653 0.29144 0.41392 0.53062 0.64169 0.72364 0.75157 0.71593 0.64684 0.65618 0.72685 0.78016 0.82528 0.85805
0.0036475 0.056457 0.098357 -0.15189 0.071621 -0.24606 -0.47039 -0.41287 0.29562 0.23788 -0.19187 -0.13938 -0.31174 0.95048 -0.30333 -0.96867 -0.072311 0.80158 0.99587 0.82758 0.58496 0.34477 0.076269 -0.24195 -0.56248 -0.80758 -0.94574 -0.99772 -0.98379 -0.9087 -0.7824 -0.61951 -0.42846 -0.22585 -0.036025 0.12925 0.25615 0.38113 0.50077 0.61527 0.70036 0.72981 0.69348 0.62292 0.63304 0.70619 0.76168 0.8089 0.84342
-0.0054663 0.051359 0.13452 -0.17594 0.082634 -0.33003 -0.59575 -0.2892 0.16422 0.34756 -0.29141 -0.046107 -0.39829 0.96478 -0.22132 -0.98385 -0.14816 0.75621 1 0.86255 0.63445 0.40017 0.13312 -0.18817 -0.51793 -0.77647 -0.92861 -0.99321 -0.99097 -0.92631 -0.8084 -0.65163 -0.46458 -0.26408 -0.074266 0.092244 0.22095 0.34825 0.47069 0.58847 0.6766 0.70755 0.67061 0.59871 0.6096 0.68516 0.7428 0.79207 0.82832
-0.012235 0.032428 0.1544 -0.18764 0.088243 -0.39951 -0.70214 -0.1607 0.031442 0.45048 -0.38588 0.046452 -0.48 0.97096 -0.13871 -0.99253 -0.22224 0.70749 0.99944 0.89348 0.68092 0.4535 0.18888 -0.13447 -0.47248 -0.74375 -0.90948 -0.98656 -0.99602 -0.94192 -0.83263 -0.68225 -0.49952 -0.30145 -0.11195 0.055547 0.18587 0.31534 0.44041 0.56133 0.65241 0.68485 0.64737 0.57424 0.5859 0.66381 0.72354 0.77483 0.81279
-0.017343 0.0043318 0.15684 -0.18635 0.088655 -0.45258 -0.78727 -0.030447 -0.10023 0.54532 -0.47425 0.13731 -0.55625 0.96925 -0.056113 -0.99489 -0.29421 0.65581 0.99436 0.92037 0.7243 0.50465 0.24338 -0.081014 -0.4263 -0.70957 -0.88847 -0.97786 -0.99901 -0.95557 -0.8551 -0.71139 -0.53327 -0.33794 -0.14903 0.019209 0.15098 0.28244 0.40999 0.53391 0.62784 0.66175 0.6238 0.54954 0.56199 0.64216 0.70394 0.75721 0.79685
-0.020472 -0.026131 0.14267 -0.17237 0.084353 -0.48803 -0.84957 0.098607 -0.22847 0.63096 -0.55565 0.22557 -0.62655 0.95996 0.025873 -0.99114 -0.36371 0.60152 0.98495 0.94326 0.76452 0.55352 0.2965 -0.027952 -0.37954 -0.67406 -0.86571 -0.96722 -1 -0.96731 -0.87584 -0.73902 -0.56581 -0.37351 -0.18547 -0.016729 0.11631 0.2496 0.37947 0.50625 0.60293 0.63828 0.59993 0.52465 0.53788 0.62025 0.68403 0.73924 0.78053
-0.019826 -0.051759 0.11443 -0.14684 0.076035 -0.50539 -0.88822 0.22372 -0.35118 0.70649 -0.62931 0.3104 -0.69047 0.94342 0.1067 -0.98151 -0.43045 0.54498 0.97139 0.96219 0.80155 0.60001 0.34812 0.024572 -0.33235 -0.63737 -0.8413 -0.9547 -0.99906 -0.97717 -0.89485 -0.76516 -0.59713 -0.40815 -0.22125 -0.052227 0.081901 0.21685 0.34891 0.47839 0.57771 0.61449 0.57581 0.4996 0.51361 0.59812 0.66383 0.72094 0.76386
-0.013353 -0.06662 0.075881 -0.11164 0.064542 -0.50486 -0.90307 0.34239 -0.46644 0.77121 -0.69465 0.39105 -0.74767 0.92001 0.18587 -0.96626 -0.49418 0.48656 0.95389 0.97721 0.83535 0.64406 0.39812 0.076423 -0.28488 -0.59963 -0.81537 -0.94042 -0.99626 -0.9852 -0.91217 -0.78981 -0.62721 -0.44182 -0.25632 -0.08725 0.047797 0.18425 0.31832 0.45038 0.55224 0.59042 0.55147 0.47443 0.48922 0.57578 0.64339 0.70235 0.74687
-0.00071453 -0.067318 0.031524 -0.069183 0.050799 -0.48726 -0.89462 0.45241 -0.57261 0.82462 -0.75119 0.46688 -0.7979 0.89015 0.2629 -0.94569 -0.55464 0.4266 0.93266 0.98841 0.86592 0.68559 0.4464 0.12748 -0.23726 -0.56097 -0.78801 -0.92446 -0.99166 -0.99144 -0.92783 -0.81299 -0.65605 -0.47451 -0.29066 -0.12177 0.014031 0.15182 0.28776 0.42224 0.52654 0.56609 0.52694 0.44916 0.46473 0.55327 0.62272 0.6835 0.72959
0.015426 -0.053596 -0.013964 -0.022269 0.035749 -0.45394 -0.86395 0.55188 -0.66828 0.86638 -0.7986 0.53731 -0.84098 0.85429 0.33737 -0.92009 -0.61166 0.36543 0.90792 0.99588 0.89327 0.72456 0.49289 0.17762 -0.18962 -0.5215 -0.75936 -0.90691 -0.98535 -0.99596 -0.94184 -0.8347 -0.68365 -0.5062 -0.32425 -0.15574 -0.019364 0.1196 0.25726 0.39403 0.50066 0.54155 0.50225 0.42382 0.44016 0.53062 0.60186 0.6644 0.71203
0.029768 -0.02823 -0.056198 0.026146 0.0203 -0.40668 -0.81261 0.63923 -0.75228 0.89636 -0.83667 0.60188 -0.8768 0.81288 0.4089 -0.88978 -0.66504 0.30336 0.8799 0.9997 0.91739 0.76093 0.5375 0.22675 -0.14208 -0.48137 -0.7295 -0.88786 -0.97738 -0.9988 -0.95425 -0.85495 -0.71 -0.53688 -0.35706 -0.18915 -0.052358 0.087621 0.22686 0.36576 0.47463 0.51683 0.47743 0.39845 0.41555 0.50785 0.58082 0.64508 0.69422
0.036359 0.0036943 -0.091483 0.073134 0.0052808 -0.3476 -0.74261 0.71322 -0.82371 0.91459 -0.86532 0.66017 -0.90533 0.76642 0.47714 -0.85509 -0.71466 0.24071 0.84881 1 0.93833 0.79468 0.58018 0.27476 -0.094754 -0.44067 -0.69855 -0.86741 -0.96784 -1 -0.96509 -0.87377 -0.73512 -0.56654 -0.38908 -0.22198 -0.084924 0.055918 0.19658 0.33748 0.44847 0.49197 0.45251 0.37305 0.39091 0.48498 0.55963 0.62557 0.67619
0.031274 0.03592 -0.11709 0.11597 -0.008594 -0.27908 -0.65627 0.77294 -0.88193 0.92125 -0.88456 0.71189 -0.92658 0.71539 0.54179 -0.81636 -0.7604 0.17777 0.81488 0.99689 0.95612 0.82579 0.62086 0.32157 -0.047748 -0.39951 -0.66661 -0.84564 -0.95678 -0.99963 -0.97439 -0.89117 -0.75899 -0.59517 -0.42029 -0.25418 -0.11703 0.024515 0.16646 0.30922 0.42223 0.46698 0.42753 0.34767 0.36628 0.46204 0.53831 0.60589 0.65796
0.014651 0.062292 -0.1314 0.15228 -0.020748 -0.20361 -0.55615 0.81779 -0.92651 0.91665 -0.89453 0.7568 -0.94066 0.66028 0.60259 -0.77392 -0.80218 0.11481 0.77834 0.99049 0.97081 0.85426 0.6595 0.36711 -0.0011617 -0.35802 -0.63378 -0.82263 -0.94429 -0.99773 -0.98219 -0.90718 -0.78163 -0.62277 -0.45067 -0.28576 -0.14867 -0.0065591 0.13652 0.281 0.39593 0.4419 0.4025 0.32232 0.34166 0.43905 0.51689 0.58606 0.63955
-0.008904 0.077912 -0.13393 0.18016 -0.030754 -0.12375 -0.44502 0.8475 -0.95728 0.90125 -0.89543 0.79474 -0.94769 0.60161 0.65932 -0.72811 -0.83993 0.052103 0.73942 0.98093 0.98246 0.8801 0.69607 0.4113 0.044909 -0.31627 -0.60015 -0.79847 -0.93043 -0.99437 -0.98852 -0.92181 -0.80306 -0.64934 -0.48021 -0.31669 -0.1798 -0.037282 0.10679 0.25286 0.3696 0.41675 0.37744 0.29702 0.31709 0.41603 0.49539 0.56609 0.62097
-0.03178 0.07998 -0.12527 0.19826 -0.038342 -0.042013 -0.32571 0.8621 -0.97427 0.87558 -0.88758 0.82563 -0.94785 0.53986 0.71179 -0.67929 -0.87363 -0.010109 0.69833 0.96836 0.99112 0.90331 0.73055 0.45407 0.090379 -0.27438 -0.56582 -0.77325 -0.91527 -0.98958 -0.99343 -0.9351 -0.82326 -0.67486 -0.50891 -0.34694 -0.21041 -0.06763 0.077297 0.22482 0.34327 0.39157 0.3524 0.2718 0.29258 0.393 0.47383 0.54602 0.60225
-0.046099 0.068176 -0.10688 0.20581 -0.043391 0.039175 -0.20107 0.86185 -0.9777 0.84031 -0.87134 0.84946 -0.94139 0.47552 0.75985 -0.62779 -0.90324 -0.071593 0.6553 0.95291 0.99688 0.92393 0.7629 0.49538 0.13517 -0.23244 -0.53087 -0.74704 -0.89888 -0.98344 -0.99695 -0.94705 -0.84227 -0.69935 -0.53675 -0.37652 -0.24049 -0.097583 0.048063 0.1969 0.31696 0.36637 0.32738 0.24667 0.26815 0.36998 0.45221 0.52586 0.5834
-0.046592 0.044587 -0.080921 0.20264 -0.045918 0.11757 -0.073932 0.84729 -0.96798 0.79614 -0.84716 0.86626 -0.92856 0.40909 0.80339 -0.57394 -0.92878 -0.13213 0.61054 0.93473 0.99981 0.94197 0.79312 0.53517 0.17919 -0.19052 -0.49539 -0.71993 -0.88133 -0.97599 -0.99913 -0.95771 -0.8601 -0.7228 -0.56374 -0.40541 -0.27001 -0.12712 0.019108 0.16913 0.2907 0.34119 0.3024 0.22165 0.24382 0.34699 0.43058 0.50562 0.56445
-0.03252 0.013215 -0.049945 0.18914 -0.046064 0.19115 0.053011 0.81915 -0.94569 0.74388 -0.81553 0.87615 -0.90967 0.34102 0.84232 -0.51809 -0.95028 -0.19153 0.56427 0.91397 1 0.95749 0.8212 0.57341 0.2224 -0.14872 -0.45948 -0.69198 -0.86269 -0.96729 -1 -0.9671 -0.87675 -0.74522 -0.58986 -0.43359 -0.29897 -0.15623 -0.0095474 0.14153 0.26451 0.31603 0.2775 0.19677 0.2196 0.32404 0.40893 0.48533 0.54541
-0.0079341 -0.02079 -0.016683 0.16623 -0.044067 0.25814 0.1772 0.77836 -0.91152 0.68435 -0.77699 0.87927 -0.88504 0.27177 0.87659 -0.46055 -0.96778 -0.2496 0.51668 0.89076 0.99753 0.9705 0.84715 0.61006 0.26471 -0.1071 -0.42319 -0.66328 -0.84301 -0.95739 -0.99961 -0.97525 -0.89225 -0.76662 -0.61511 -0.46106 -0.32735 -0.18489 -0.037885 0.11412 0.23841 0.29093 0.25268 0.17202 0.19551 0.30115 0.38729 0.465 0.52629
0.019722 -0.052032 0.016206 0.13523 -0.040246 0.31707 0.29629 0.726 -0.86632 0.61843 -0.7321 0.87582 -0.85502 0.20178 0.90618 -0.40164 -0.98133 -0.30616 0.46799 0.86527 0.99249 0.98107 0.87097 0.64508 0.30608 -0.065747 -0.38662 -0.6339 -0.82237 -0.94634 -0.99799 -0.98218 -0.90661 -0.787 -0.63949 -0.48781 -0.35514 -0.21309 -0.065887 0.086925 0.21242 0.26591 0.22796 0.14744 0.17156 0.27834 0.36567 0.44465 0.50712
0.042108 -0.075729 0.046332 0.09783 -0.034973 0.36676 0.40814 0.66328 -0.81099 0.54702 -0.68149 0.86606 -0.81998 0.13147 0.9311 -0.34167 -0.99102 -0.36108 0.41838 0.83764 0.98499 0.98925 0.89267 0.67846 0.34644 -0.024725 -0.34983 -0.6039 -0.80082 -0.9342 -0.9952 -0.98793 -0.91985 -0.80638 -0.663 -0.51383 -0.38232 -0.24082 -0.093539 0.059955 0.18656 0.24097 0.20336 0.12303 0.14777 0.25562 0.34409 0.42428 0.4879
0.052675 -0.088412 0.07173 0.055926 -0.02865 0.40634 0.5109 0.59149 -0.74655 0.47101 -0.62576 0.85025 -0.78031 0.061238 0.95136 -0.28092 -0.99691 -0.4142 0.36804 0.80801 0.97512 0.99509 0.91228 0.71018 0.38577 0.015902 -0.3129 -0.57336 -0.77844 -0.92102 -0.99126 -0.99252 -0.93199 -0.82475 -0.68565 -0.53913 -0.4089 -0.26806 -0.12083 0.033229 0.16085 0.21614 0.1789 0.098806 0.12415 0.233 0.32256 0.40392 0.46866
0.048598 -0.088371 0.090953 0.011562 -0.021688 0.43527 0.60298 0.51201 -0.67407 0.39132 -0.56555 0.82871 -0.73641 -0.0085432 0.96703 -0.21968 -0.99912 -0.46541 0.31716 0.77654 0.96297 0.99865 0.92982 0.74022 0.424 0.056074 -0.27588 -0.54234 -0.75527 -0.90685 -0.98623 -0.996 -0.94306 -0.84214 -0.70744 -0.5637 -0.43487 -0.2948 -0.14773 0.0067632 0.1353 0.19144 0.15459 0.074783 0.10072 0.21049 0.30109 0.38358 0.44939
0.0314 -0.075806 0.10312 -0.033201 -0.014488 0.45328 0.68306 0.42624 -0.59464 0.30883 -0.5015 0.80178 -0.68866 -0.077516 0.97818 -0.15823 -0.99776 -0.51458 0.26589 0.74338 0.94867 1 0.94531 0.76859 0.46111 0.095734 -0.23885 -0.5109 -0.73138 -0.89174 -0.98013 -0.99838 -0.95307 -0.85855 -0.72836 -0.58753 -0.46021 -0.32104 -0.17425 -0.019428 0.10994 0.16688 0.13044 0.050971 0.07747 0.18812 0.2797 0.36327 0.43012
0.0062164 -0.052689 0.10793 -0.076373 -0.0074218 0.46039 0.75015 0.33561 -0.50942 0.22442 -0.43426 0.76981 -0.63749 -0.14535 0.9849 -0.096815 -0.99293 -0.56163 0.21442 0.70865 0.9323 0.9992 0.95878 0.79527 0.49706 0.13483 -0.20187 -0.47911 -0.70682 -0.87574 -0.97303 -0.9997 -0.96204 -0.874 -0.74844 -0.61063 -0.48493 -0.34676 -0.20037 -0.045332 0.084769 0.14247 0.10647 0.02738 0.054427 0.16588 0.2584 0.343 0.41086
-0.019919 -0.022368 0.1056 -0.11612 -0.00082016 0.45689 0.8035 0.24155 -0.41953 0.13894 -0.36444 0.73318 -0.58329 -0.21173 0.98729 -0.035682 -0.98477 -0.60646 0.1629 0.67252 0.91397 0.99632 0.97028 0.82026 0.53182 0.17332 -0.16498 -0.44701 -0.68165 -0.8589 -0.96494 -1 -0.97 -0.8885 -0.76766 -0.63299 -0.50902 -0.37197 -0.22608 -0.070935 0.059809 0.11824 0.082689 0.0040208 0.031597 0.14379 0.23719 0.32278 0.39162
-0.040151 0.010976 0.096803 -0.15083 0.0050386 0.44327 0.84267 0.14544 -0.32611 0.053197 -0.29269 0.69228 -0.52646 -0.27638 0.98549 0.024938 -0.9734 -0.64901 0.11146 0.63511 0.89378 0.99143 0.97984 0.84358 0.56537 0.21115 -0.12825 -0.41468 -0.65592 -0.84127 -0.95592 -0.9993 -0.97697 -0.90207 -0.78605 -0.65462 -0.53247 -0.39664 -0.25136 -0.096227 0.035072 0.094183 0.05911 -0.019098 0.0089871 0.12186 0.2161 0.30263 0.37242
-0.049685 0.042938 0.082562 -0.17919 0.0099349 0.42025 0.86749 0.048624 -0.23027 -0.032028 -0.21959 0.64751 -0.46742 -0.33904 0.97964 0.084829 -0.95898 -0.68921 0.060271 0.59656 0.87185 0.98461 0.98749 0.86522 0.59769 0.24828 -0.091725 -0.38215 -0.62968 -0.82289 -0.946 -0.99763 -0.98297 -0.91471 -0.8036 -0.67552 -0.5553 -0.42079 -0.27622 -0.1212 0.010569 0.070325 0.035742 -0.041968 -0.013393 0.1001 0.19512 0.28256 0.35325
-0.046897 0.069468 0.064155 -0.20019 0.013711 0.3887 0.87801 -0.047602 -0.13312 -0.11601 -0.14573 0.59928 -0.40654 -0.39947 0.96987 0.14379 -0.94163 -0.72701 0.0094491 0.55701 0.84828 0.97593 0.99329 0.88521 0.62877 0.28468 -0.055452 -0.34949 -0.60299 -0.80382 -0.93523 -0.99503 -0.98803 -0.92645 -0.82033 -0.6957 -0.57749 -0.4444 -0.30065 -0.14584 -0.013688 0.046672 0.012594 -0.064581 -0.035537 0.078518 0.17427 0.26256 0.33413
-0.033382 0.087375 0.042996 -0.21318 0.016274 0.34963 0.87455 -0.14203 -0.035674 -0.19806 -0.071667 0.54799 -0.34422 -0.45745 0.95636 0.20163 -0.92151 -0.76238 -0.040876 0.51657 0.82316 0.96546 0.99727 0.90356 0.65858 0.32031 -0.019477 -0.31674 -0.57588 -0.78408 -0.92364 -0.99153 -0.99217 -0.9373 -0.83625 -0.71515 -0.59905 -0.46748 -0.32463 -0.17014 -0.037689 0.023235 -0.010323 -0.086931 -0.057437 0.057118 0.15356 0.24267 0.31507
-0.013178 0.094687 0.020532 -0.21784 0.01759 0.30416 0.85761 -0.23355 0.061055 -0.27757 0.0020602 0.49404 -0.28081 -0.5128 0.93928 0.25818 -0.89876 -0.79529 -0.090585 0.47538 0.79661 0.95328 0.99949 0.92028 0.68711 0.35514 0.016158 -0.28394 -0.54842 -0.76374 -0.91127 -0.98716 -0.99541 -0.94728 -0.85136 -0.73389 -0.61998 -0.49001 -0.34817 -0.19409 -0.061425 2.4062e-05 -0.033001 -0.10901 -0.079087 0.035911 0.13299 0.22287 0.29608
0.0084839 0.090801 -0.0018521 -0.21419 0.017684 0.25345 0.8279 -0.32111 0.15614 -0.35395 0.074953 0.43785 -0.21669 -0.56535 0.91879 0.31327 -0.87354 -0.82571 -0.13957 0.43355 0.76872 0.93946 1 0.93539 0.71437 0.38915 0.051413 -0.25115 -0.52064 -0.74283 -0.89815 -0.98195 -0.99778 -0.95641 -0.86568 -0.75191 -0.64027 -0.512 -0.37126 -0.21768 -0.084887 -0.022952 -0.055434 -0.13081 -0.10048 0.014903 0.11257 0.20319 0.27717
0.026595 0.076453 -0.02291 -0.20259 0.016632 0.19873 0.78627 -0.40381 0.2487 -0.42668 0.14654 0.3798 -0.15219 -0.61495 0.89509 0.36677 -0.84601 -0.85364 -0.18773 0.39121 0.73959 0.92409 0.99884 0.94892 0.74035 0.4223 0.086251 -0.2184 -0.49258 -0.72138 -0.88433 -0.97593 -0.9993 -0.96469 -0.87921 -0.76923 -0.65994 -0.53345 -0.39389 -0.24092 -0.10807 -0.045685 -0.077613 -0.15234 -0.12161 -0.0059 0.092313 0.18362 0.25834
0.03762 0.053556 -0.041594 -0.18364 0.014553 0.14123 0.73373 -0.48082 0.33793 -0.49531 0.21638 0.32028 -0.087649 -0.66147 0.86836 0.41853 -0.81631 -0.87907 -0.23496 0.34846 0.70932 0.90723 0.99607 0.9609 0.76503 0.45458 0.12064 -0.18574 -0.46429 -0.69945 -0.86984 -0.96913 -1 -0.97216 -0.89198 -0.78584 -0.67898 -0.55435 -0.41607 -0.26379 -0.13096 -0.068166 -0.099532 -0.17357 -0.14248 -0.026492 0.072221 0.16417 0.2396
0.040022 0.024913 -0.057087 -0.15823 0.011602 0.082159 0.67137 -0.55144 0.42312 -0.55943 0.28408 0.25968 -0.023374 -0.70482 0.83879 0.46843 -0.78459 -0.90201 -0.28118 0.30542 0.67801 0.88897 0.99174 0.97134 0.78844 0.48597 0.15454 -0.15319 -0.43582 -0.67707 -0.85472 -0.96158 -0.9999 -0.97882 -0.90399 -0.80177 -0.69741 -0.57472 -0.43779 -0.28628 -0.15355 -0.09039 -0.12119 -0.19452 -0.16308 -0.046867 0.052301 0.14486 0.22097
0.034383 -0.0061473 -0.068829 -0.12741 0.00796 0.022689 0.60041 -0.61506 0.50359 -0.61869 0.34926 0.19835 0.040337 -0.74491 0.80658 0.51638 -0.75102 -0.92248 -0.32631 0.26217 0.64575 0.86938 0.98591 0.98029 0.81057 0.51645 0.18793 -0.12081 -0.40718 -0.65428 -0.83899 -0.95331 -0.99901 -0.9847 -0.91525 -0.81701 -0.71521 -0.59454 -0.45904 -0.3084 -0.17584 -0.11235 -0.14257 -0.21517 -0.1834 -0.067022 0.032558 0.12569 0.20244
