0.00023853 0.0019929 -0.0069869 0.0382 -0.1092 0.11769 0.052414 0.030992 -0.16825 0.36327 -0.14328 -0.5786 -0.70009 -0.38956 0.79163 -0.69487 0.78955 -0.84937 0.80691 -0.48773 -0.15832 0.7727 -0.71486 -0.18121 0.87136 -0.16421 -0.86765 0.060107 0.87761 0.4799 -0.41899 -0.88848 -0.72869 -0.13786 0.5414 0.90354 0.76596 0.25562 -0.36621 -0.8193 -0.90239 -0.5305 0.1253 0.74235 0.91948 0.57092 -0.1021 -0.71015 -0.93484
0.015197 -0.0043848 0.04904 0.0097202 0.041417 -0.16186 -0.12162 0.038966 -0.21459 0.40023 0.29009 -0.027677 0.11234 0.79858 -0.26751 0.19129 -0.54275 0.8033 -0.86258 0.49197 0.29379 -0.86956 0.47893 0.58716 -0.75429 -0.4426 0.74763 0.65355 -0.38517 -0.91373 -0.51747 0.22324 0.77634 0.9145 0.58163 -0.045827 -0.63283 -0.92088 -0.82587 -0.39672 0.20023 0.74832 0.93739 0.63812 -0.0073761 -0.63927 -0.94105 -0.7575 -0.21006
0.0012458 0.047149 -0.061261 0.02789 0.0053033 0.1928 0.13775 0.072708 -0.29267 0.19403 0.59792 0.68437 0.66109 -0.39191 -0.27754 0.18003 0.38282 -0.79706 0.84657 -0.28992 -0.59447 0.83967 0.044396 -0.88818 0.17178 0.8909 0.0056587 -0.87387 -0.58171 0.3307 0.88499 0.80695 0.32648 -0.28968 -0.78613 -0.92789 -0.67313 -0.1695 0.38961 0.80828 0.9369 0.68229 0.12305 -0.53096 -0.91552 -0.84699 -0.36468 0.28538 0.79181
0.000621 0.021761 -0.053745 -0.05575 0.0077656 0.030673 0.26401 0.078153 -0.29688 -0.36399 -0.15071 -0.28216 -0.75268 -0.095499 0.56687 -0.32482 -0.40503 0.86602 -0.71956 -0.11993 0.86853 -0.45521 -0.67588 0.64808 0.64137 -0.55693 -0.83083 0.069343 0.8515 0.7566 0.089082 -0.55229 -0.89273 -0.87687 -0.51167 0.056137 0.58591 0.89384 0.90878 0.63121 0.14018 -0.44797 -0.8607 -0.91011 -0.53333 0.080432 0.66412 0.94416 0.81746
0.015451 -0.015589 -0.034809 0.032627 0.036488 -0.18264 0.28271 -0.025113 0.032396 -0.42047 -0.56487 -0.33797 0.49409 0.38183 -0.65773 0.27094 0.59048 -0.90314 0.35617 0.63842 -0.7856 -0.29787 0.87774 0.22234 -0.85409 -0.47135 0.60904 0.87766 0.19744 -0.61439 -0.92816 -0.73966 -0.28681 0.25299 0.71988 0.93564 0.83512 0.48691 0.0019548 -0.48598 -0.84088 -0.93685 -0.68482 -0.12639 0.4868 0.88496 0.91116 0.55607 -0.012432
-0.014659 0.034723 0.011537 -0.013047 -0.13227 -0.18583 0.36162 -0.25474 0.45212 0.51565 0.66943 0.6755 -0.25226 -0.47368 0.60632 -0.024889 -0.83695 0.7093 0.26609 -0.90821 0.11964 0.88812 -0.19776 -0.90369 -0.03895 0.8731 0.57514 -0.37713 -0.91575 -0.69391 -0.07362 0.49588 0.84282 0.93543 0.74482 0.32306 -0.18094 -0.61462 -0.88774 -0.93466 -0.73305 -0.2767 0.28172 0.77344 0.95117 0.74972 0.24624 -0.348 -0.79886
-0.016778 0.018639 0.10005 0.058102 -0.076036 -0.14163 0.49453 -0.27779 -0.052163 -0.0086623 -0.39746 -0.77887 0.15925 0.40475 -0.39255 -0.39165 0.91993 -0.13442 -0.83908 0.4937 0.73549 -0.53806 -0.7795 0.34746 0.90856 0.17084 -0.75717 -0.8466 -0.1927 0.55011 0.91198 0.87243 0.58724 0.15912 -0.32895 -0.7312 -0.93173 -0.90274 -0.66858 -0.27802 0.19154 0.65875 0.92627 0.87932 0.49839 -0.062321 -0.60834 -0.92333 -0.90601
-0.021869 0.046329 -0.047836 -0.095214 0.08221 -0.11136 0.38418 0.25247 -0.4615 -0.45135 0.10932 0.80229 -0.23304 -0.16467 -0.023617 0.82364 -0.56218 -0.62868 0.76861 0.46764 -0.77918 -0.55723 0.63528 0.79429 -0.19919 -0.91005 -0.56703 0.30067 0.8767 0.84702 0.41357 -0.092506 -0.51737 -0.82135 -0.94656 -0.84516 -0.55214 -0.15642 0.2696 0.64595 0.89493 0.93547 0.70394 0.21322 -0.35479 -0.79216 -0.95756 -0.78747 -0.35934
-0.023349 -0.0039516 0.031561 -0.0078771 0.16198 -0.069337 -0.2746 0.27998 0.55409 0.6681 0.051368 -0.82046 0.45284 -0.2496 0.56939 -0.92237 -0.24853 0.91651 0.13585 -0.90823 -0.27578 0.82152 0.59709 -0.49697 -0.90829 -0.23308 0.65622 0.92545 0.51611 -0.15553 -0.67478 -0.91181 -0.92549 -0.76511 -0.43853 -0.013554 0.40235 0.72455 0.91599 0.94154 0.78296 0.41146 -0.079755 -0.59238 -0.90976 -0.92588 -0.63438 -0.13707 0.39231
0.017736 0.016706 -0.060824 0.0026331 0.16432 -0.01631 -0.63279 -0.5069 -0.36323 -0.73347 -0.062808 0.8131 -0.73821 0.71875 -0.93376 0.37105 0.91653 -0.20751 -0.91857 0.038715 0.91743 0.36082 -0.71069 -0.80986 0.072388 0.84832 0.79281 0.11401 -0.58966 -0.9259 -0.86453 -0.59234 -0.24663 0.13378 0.51404 0.80561 0.9439 0.9204 0.74943 0.45075 0.058666 -0.40242 -0.77512 -0.95609 -0.83868 -0.46456 0.063147 0.56602 0.88929
-0.0054907 -0.022335 0.032824 0.010346 0.10037 -0.037552 0.41667 0.32751 0.13623 0.75768 -0.073435 -0.68613 0.89817 -0.92491 0.68138 0.58004 -0.59708 -0.81504 0.35395 0.91991 0.095697 -0.85051 -0.65552 0.33397 0.92537 0.5817 -0.24514 -0.84202 -0.90136 -0.53598 -0.041879 0.3714 0.67008 0.87297 0.95336 0.87825 0.6648 0.36433 0.010522 -0.35368 -0.67901 -0.91326 -0.94287 -0.71436 -0.27375 0.24144 0.69641 0.9416 0.91553
0.035993 -0.039048 0.1064 0.041992 -0.025109 -0.074921 0.37795 -0.02148 0.0066649 -0.78229 0.34391 0.32794 -0.67065 0.51896 0.22167 -0.94206 -0.53625 0.63393 0.82522 -0.18955 -0.92649 -0.46827 0.54456 0.92495 0.36011 -0.5094 -0.93668 -0.72174 -0.14211 0.43987 0.80201 0.93857 0.92964 0.81197 0.57342 0.24426 -0.11129 -0.43587 -0.70781 -0.89345 -0.95913 -0.85251 -0.55919 -0.08733 0.41276 0.79463 0.96211 0.85857 0.52698
0.007366 -0.0095447 -0.079038 0.052152 -0.11985 0.12537 -0.80759 -0.22239 -0.034499 0.77596 -0.67298 0.25852 -0.030906 0.39141 -0.9426 0.068479 0.88847 0.63659 -0.47284 -0.92992 -0.245 0.71131 0.87022 0.14199 -0.69247 -0.9229 -0.48191 0.21371 0.74871 0.947 0.86186 0.64906 0.3947 0.10266 -0.22893 -0.54328 -0.78251 -0.92131 -0.95798 -0.88152 -0.68411 -0.33196 0.098918 0.55711 0.87388 0.96124 0.79431 0.41717 -0.05824
-0.028191 -0.040972 -0.11158 0.0010363 -0.056279 0.072534 0.76406 0.3596 -0.059151 -0.64942 0.86767 -0.79738 0.78705 -0.94786 0.46576 0.93871 0.27369 -0.72246 -0.8481 0.016918 0.84351 0.77468 -0.06317 -0.81826 -0.8582 -0.2487 0.48896 0.90517 0.89264 0.57984 0.18274 -0.15513 -0.42355 -0.65623 -0.84573 -0.94847 -0.94456 -0.84582 -0.66103 -0.39836 -0.070558 0.32961 0.68382 0.9256 0.941 0.72548 0.32007 -0.16346 -0.59682
-0.033801 0.054677 -0.066722 -0.119 0.025324 -0.27412 -0.52427 -0.39859 0.27119 0.30436 -0.66566 0.79394 -0.79771 0.32993 0.72459 -0.37287 -0.93441 -0.6723 0.30356 0.92997 0.63079 -0.25898 -0.89763 -0.76118 -0.044907 0.67281 0.94874 0.73494 0.25239 -0.25243 -0.61589 -0.81897 -0.92094 -0.95913 -0.91596 -0.78069 -0.57241 -0.32328 -0.040682 0.2582 0.55097 0.81909 0.95642 0.90517 0.64128 0.23045 -0.24804 -0.66335 -0.91591
-0.018298 -0.010725 -0.069148 -0.20877 -0.027825 0.30326 0.30881 0.33866 -0.55785 0.25185 -0.014677 -0.035831 -0.15863 0.79216 -0.73291 -0.89574 -0.31092 0.58622 0.94768 0.42443 -0.45979 -0.9404 -0.64179 0.14016 0.79483 0.92075 0.53968 -0.051411 -0.56825 -0.86962 -0.95524 -0.91723 -0.82408 -0.68274 -0.46921 -0.20313 0.075455 0.33485 0.5741 0.77589 0.91763 0.96207 0.85304 0.55501 0.1296 -0.32124 -0.71237 -0.93686 -0.94905
0.022052 0.016396 -0.10261 -0.087973 0.085455 -0.19725 -0.20914 -0.15868 0.78713 -0.77145 0.75988 -0.81894 0.9387 -0.65773 -0.60358 0.35896 0.87344 0.86978 0.15389 -0.66236 -0.94437 -0.49942 0.30884 0.87747 0.86333 0.35251 -0.30063 -0.77409 -0.9527 -0.87667 -0.67307 -0.45963 -0.26184 -0.048885 0.20033 0.45107 0.66403 0.82129 0.92599 0.96534 0.92225 0.75131 0.45877 0.035378 -0.40217 -0.75239 -0.94945 -0.93628 -0.72506
0.022699 -0.11235 -0.11394 0.14063 -0.030684 0.057239 0.24694 -0.15373 -0.74241 0.80773 -0.79384 0.6531 -0.27947 -0.65518 0.74895 0.95478 0.59841 -0.16718 -0.84183 -0.88893 -0.31561 0.4703 0.92837 0.78365 0.18713 -0.48191 -0.89029 -0.93131 -0.6982 -0.34185 -0.0091346 0.23395 0.41588 0.58586 0.7522 0.88229 0.95276 0.96267 0.91385 0.79921 0.60928 0.30196 -0.063867 -0.4739 -0.7964 -0.95802 -0.92505 -0.69733 -0.33296
-0.050084 0.0070528 -0.043195 0.055405 -0.12164 0.049533 -0.41568 0.54068 0.26652 -0.13041 -0.11661 0.48184 -0.87661 0.71054 0.70194 -0.064573 -0.58918 -0.95695 -0.75003 -0.075126 0.63744 0.95237 0.68434 0.029098 -0.6169 -0.93823 -0.85248 -0.48724 -0.032996 0.36764 0.63671 0.78609 0.87293 0.93591 0.96563 0.94358 0.86774 0.75007 0.58717 0.37698 0.11762 -0.22005 -0.54745 -0.83301 -0.96585 -0.91438 -0.67841 -0.30656 0.11719
-0.0014084 0.098574 0.1235 -0.095286 0.26666 -0.093455 0.67646 -0.81779 0.47066 -0.74165 0.91528 -0.8652 0.40775 0.71346 -0.55787 -0.97305 -0.93006 -0.50748 0.21683 0.80153 0.94142 0.55964 -0.12588 -0.72674 -0.9529 -0.75126 -0.28215 0.22776 0.62819 0.86351 0.95139 0.95948 0.937 0.89152 0.79828 0.65706 0.4842 0.2976 0.088234 -0.142 -0.3886 -0.66156 -0.86907 -0.96978 -0.89741 -0.66271 -0.29235 0.13325 0.52531
-0.033286 0.026153 0.23102 0.069458 -0.35397 0.058764 -0.92673 0.71694 -0.87346 0.76769 -0.35545 -0.28728 0.88723 -0.5563 -0.91618 -0.47061 -0.056711 0.53243 0.93 0.86905 0.38741 -0.28826 -0.81695 -0.94367 -0.64928 -0.10808 0.4319 0.79718 0.95143 0.93485 0.83274 0.72535 0.62883 0.51598 0.35497 0.16099 -0.03904 -0.22784 -0.41718 -0.60225 -0.77375 -0.92079 -0.97072 -0.8797 -0.63536 -0.282 0.13724 0.52983 0.81963
0.011918 -0.015762 0.060287 -0.081788 0.39702 0.068162 0.98592 -0.1167 0.39955 0.26203 -0.81436 0.90334 -0.28032 -0.90002 0.083957 0.64891 0.86839 0.97143 0.70517 0.14742 -0.47429 -0.89257 -0.91149 -0.5373 0.039075 0.57598 0.89552 0.95535 0.82494 0.59896 0.37909 0.22119 0.10398 -0.022608 -0.18721 -0.36633 -0.53157 -0.6706 -0.79367 -0.89387 -0.95891 -0.9595 -0.85624 -0.60908 -0.25618 0.13805 0.52478 0.81717 0.96311
-0.038901 -0.00047708 -0.16005 0.082468 -0.43085 -0.28747 -0.66385 -0.65193 0.58787 -0.9324 0.53136 0.33731 -0.96271 0.13867 0.95505 0.95089 0.81227 0.42483 -0.15908 -0.67903 -0.94974 -0.8512 -0.41079 0.18013 0.68445 0.93936 0.91052 0.67591 0.35297 0.0362 -0.20072 -0.3433 -0.43689 -0.53488 -0.6542 -0.77125 -0.86387 -0.92655 -0.96418 -0.96859 -0.92632 -0.79537 -0.57434 -0.23186 0.15559 0.51768 0.80874 0.96086 0.9509
0.059458 0.0012653 0.0051234 -0.026314 0.48259 0.55357 -0.052649 0.85742 -0.83588 0.062005 0.79175 -0.84548 -0.09776 0.96822 0.6004 0.16543 -0.075134 -0.50342 -0.86752 -0.96028 -0.74115 -0.25799 0.3214 0.77606 0.95789 0.84197 0.51902 0.12401 -0.24097 -0.52075 -0.69155 -0.77691 -0.82518 -0.87446 -0.92562 -0.96173 -0.97164 -0.95659 -0.91398 -0.83533 -0.70777 -0.4839 -0.19708 0.17211 0.52558 0.79917 0.95636 0.95585 0.80298
0.0077258 -0.046797 0.047049 -0.072048 -0.5582 -0.74282 0.80624 -0.11279 -0.15828 0.94071 -0.48178 -0.59373 0.90599 0.50763 -0.45416 -0.7775 -0.87076 -0.97665 -0.88042 -0.54969 -0.054607 0.47294 0.85416 0.9569 0.76838 0.37623 -0.073281 -0.45745 -0.72849 -0.88321 -0.94628 -0.96351 -0.96747 -0.96935 -0.95427 -0.91584 -0.85542 -0.77962 -0.6784 -0.54395 -0.36552 -0.097913 0.19974 0.53319 0.80013 0.95111 0.9618 0.81989 0.55477
-0.023508 -0.10321 -0.11266 0.17736 0.63353 0.67172 -0.96721 -0.82181 0.92822 -0.13232 -0.88773 0.59581 0.64186 -0.56859 -0.99176 -0.93909 -0.88139 -0.66096 -0.25654 0.21215 0.64554 0.92032 0.93432 0.67987 0.24796 -0.2281 -0.61872 -0.85767 -0.95797 -0.95841 -0.91536 -0.87813 -0.85332 -0.82284 -0.76014 -0.66986 -0.56455 -0.45413 -0.32308 -0.16515 0.027103 0.29014 0.55087 0.80128 0.94994 0.96682 0.84031 0.58525 0.24833
-0.095926 -0.068802 0.22458 -0.26425 -0.64757 -0.223 0.22234 0.64053 -0.073489 -0.95816 0.20833 0.89921 -0.44812 -0.97687 -0.51146 -0.2446 -0.17251 0.13425 0.52253 0.82332 0.96484 0.88199 0.56992 0.11387 -0.35687 -0.72739 -0.9294 -0.96358 -0.8858 -0.75512 -0.63776 -0.5719 -0.53803 -0.4946 -0.40947 -0.29613 -0.17483 -0.056768 0.076075 0.22767 0.40146 0.62045 0.80979 0.94895 0.9686 0.85931 0.62098 0.29077 -0.074818
0.0037669 0.041189 -0.23197 0.31795 0.51249 -0.4502 0.79403 0.54157 -0.93858 -0.034073 0.9714 -0.036892 -0.98244 -0.33947 0.44097 0.63921 0.64907 0.81662 0.95562 0.95088 0.77475 0.42488 -0.033569 -0.48106 -0.80892 -0.95708 -0.92792 -0.77341 -0.56419 -0.35723 -0.20963 -0.14107 -0.11373 -0.073615 0.010589 0.12053 0.23266 0.33645 0.44906 0.57177 0.70383 0.85231 0.95129 0.97003 0.86801 0.6548 0.33961 -0.024578 -0.37861
-0.024824 -0.030993 0.075184 -0.323 -0.16357 0.85517 -0.86942 -0.84983 0.07047 0.95052 0.29376 -0.91506 -0.40502 0.62107 0.98391 0.9992 0.99184 0.96101 0.82491 0.57446 0.21721 -0.20659 -0.60539 -0.87704 -0.96517 -0.86971 -0.64662 -0.37153 -0.10428 0.11597 0.25311 0.30632 0.31984 0.34758 0.41453 0.50203 0.58777 0.66333 0.74206 0.82256 0.90016 0.96565 0.97005 0.87546 0.6725 0.38632 0.032729 -0.32635 -0.63529
0.064994 -0.27141 0.17064 0.25542 -0.34731 -0.50734 -0.23105 -0.36968 0.95668 0.40589 -0.7843 -0.68397 0.5865 0.98795 0.70824 0.61974 0.67491 0.53235 0.25468 -0.072424 -0.42147 -0.73472 -0.93127 -0.95468 -0.80425 -0.52355 -0.19306 0.11476 0.36642 0.5473 0.64624 0.67692 0.67796 0.69204 0.73419 0.78952 0.84069 0.88241 0.92218 0.95614 0.97639 0.95901 0.87673 0.68796 0.413 0.088173 -0.26669 -0.58738 -0.82642
0.096916 -0.022404 -0.40921 -0.087106 0.77609 -0.41375 1 0.89944 0.15163 -0.74819 -0.83551 0.31084 0.98527 0.49562 -0.10164 -0.17204 -0.046107 -0.17833 -0.42713 -0.66804 -0.86631 -0.96671 -0.9199 -0.71981 -0.40618 -0.041675 0.29666 0.55788 0.73888 0.84816 0.8973 0.90792 0.90392 0.90908 0.92678 0.94877 0.96528 0.97461 0.97742 0.96788 0.9358 0.84548 0.693 0.4366 0.12196 -0.20808 -0.53195 -0.78886 -0.9426
0.0054625 0.41233 0.59268 -0.19151 -0.76379 0.91114 -0.16552 0.39629 -0.90788 -0.83695 0.127 0.9635 0.47471 -0.38438 -0.8189 -0.83355 -0.72144 -0.77791 -0.89088 -0.96328 -0.96232 -0.84791 -0.6075 -0.2742 0.093682 0.43633 0.69937 0.86101 0.94328 0.97123 0.97314 0.97228 0.97315 0.97715 0.97625 0.97011 0.95769 0.94094 0.91365 0.86874 0.79471 0.6479 0.44663 0.15219 -0.17042 -0.47628 -0.74389 -0.92036 -0.98231
-0.058834 -0.15193 -0.7177 0.53208 0.15137 -0.23485 -0.95191 -0.85312 -0.54448 0.18535 0.9316 0.65823 -0.4316 -0.95465 -0.97238 -0.98249 -0.99446 -0.98765 -0.95418 -0.8688 -0.70741 -0.45115 -0.11871 0.23553 0.55408 0.79401 0.93182 0.97329 0.95533 0.91093 0.87763 0.87574 0.89029 0.90093 0.88983 0.86435 0.83198 0.79788 0.74994 0.68047 0.57767 0.39411 0.16707 -0.1363 -0.43874 -0.69702 -0.89099 -0.97882 -0.95029
-0.087737 -0.27153 0.79523 -0.79505 0.6687 -0.81647 0.31202 -0.60186 0.61954 0.96574 0.73073 -0.24752 -0.97261 -0.83915 -0.51589 -0.58198 -0.76528 -0.74863 -0.62798 -0.45572 -0.22078 0.073953 0.38969 0.66824 0.86573 0.96124 0.96088 0.89074 0.79127 0.69541 0.64295 0.64875 0.68213 0.7049 0.69199 0.65692 0.61438 0.57206 0.5134 0.43079 0.31304 0.11298 -0.11784 -0.40422 -0.66374 -0.85789 -0.96871 -0.96728 -0.85582
-0.11779 0.34636 -0.82577 0.77486 -0.87977 0.63467 0.9268 0.65083 0.91793 0.60612 -0.19786 -0.92231 -0.77122 -0.173 0.22985 0.11013 -0.18612 -0.20209 -0.072192 0.10332 0.32177 0.5626 0.77956 0.92396 0.97105 0.92025 0.79992 0.64706 0.49624 0.37449 0.31824 0.33645 0.38893 0.42569 0.41744 0.38146 0.3375 0.29489 0.23444 0.14915 0.029203 -0.16871 -0.38418 -0.63247 -0.83266 -0.95308 -0.97841 -0.89331 -0.71102
-0.051327 -0.19857 0.78766 -0.33377 0.097737 0.61926 -0.24931 0.87939 0.016433 -0.41544 -0.92416 -0.83643 -0.031057 0.58384 0.83059 0.72998 0.45843 0.4089 0.49394 0.61333 0.75396 0.88494 0.96395 0.95973 0.86648 0.69851 0.4965 0.29951 0.13035 0.0068744 -0.041618 -0.011086 0.055936 0.10466 0.10462 0.074073 0.035275 -0.0018327 -0.057116 -0.13658 -0.24815 -0.42828 -0.61326 -0.80807 -0.93895 -0.98244 -0.92596 -0.76749 -0.52939
0.28607 0.10416 -0.63936 -0.39265 0.8581 -0.7989 -0.94978 -0.19463 -0.89622 -0.99149 -0.82083 -0.11573 0.71276 0.98334 0.98974 1 0.89819 0.85275 0.87992 0.92333 0.96541 0.97368 0.91814 0.78776 0.59216 0.35391 0.11643 -0.085939 -0.24427 -0.35074 -0.38517 -0.34678 -0.27355 -0.21822 -0.20964 -0.23128 -0.26102 -0.28928 -0.33485 -0.40244 -0.49779 -0.64829 -0.79211 -0.92388 -0.98151 -0.95029 -0.82038 -0.60205 -0.32457
0.78257 -0.12863 0.33917 0.91791 -0.67909 -0.53085 -0.00018764 -0.98877 -0.76058 -0.59203 -0.037622 0.6727 0.99658 0.83726 0.66828 0.83451 0.98174 0.99015 0.98037 0.9624 0.9205 0.82837 0.67278 0.46165 0.21504 -0.042137 -0.27142 -0.44719 -0.57349 -0.6515 -0.67081 -0.63204 -0.56312 -0.50879 -0.49388 -0.50594 -0.52536 -0.54381 -0.57749 -0.62972 -0.70385 -0.81689 -0.91331 -0.97794 -0.96358 -0.86424 -0.67261 -0.40969 -0.10951
0.76658 0.19366 0.11377 -0.70691 -0.52036 0.82187 0.92698 -0.47142 0.20363 0.34397 0.75944 0.99167 0.69168 0.26617 0.052962 0.3378 0.70965 0.80291 0.79049 0.74373 0.65271 0.50224 0.29619 0.057287 -0.18909 -0.42004 -0.60703 -0.73484 -0.8174 -0.86283 -0.87009 -0.83978 -0.78611 -0.74125 -0.72425 -0.72834 -0.73839 -0.74804 -0.76976 -0.80543 -0.85604 -0.9276 -0.97447 -0.97263 -0.89174 -0.734 -0.4944 -0.20276 0.10426
-0.20532 -0.22855 -0.62848 -0.20933 0.92623 0.60116 0.39926 0.62729 0.9443 0.96551 0.98093 0.67557 0.013837 -0.4188 -0.56882 -0.27331 0.20478 0.37614 0.38787 0.34467 0.24296 0.079828 -0.12705 -0.34598 -0.55075 -0.7231 -0.84681 -0.91681 -0.95292 -0.96779 -0.96865 -0.95528 -0.92654 -0.89921 -0.88531 -0.88464 -0.88787 -0.89114 -0.90242 -0.92221 -0.94929 -0.97875 -0.97733 -0.91357 -0.77473 -0.57035 -0.29743 0.0074515 0.30694
-1 0.22212 1 0.96109 0.2355 -0.7218 -0.69772 0.97321 0.75541 0.78752 0.51686 -0.03673 -0.65508 -0.89675 -0.94672 -0.77085 -0.35177 -0.14699 -0.1045 -0.12483 -0.20792 -0.34679 -0.51566 -0.68028 -0.81716 -0.91386 -0.96671 -0.97936 -0.97354 -0.96406 -0.96506 -0.9753 -0.97869 -0.97545 -0.96987 -0.96842 -0.9683 -0.9684 -0.97182 -0.97779 -0.98311 -0.97262 -0.92689 -0.80869 -0.62257 -0.38429 -0.092651 0.21113 0.49068
-0.25537 -0.203 -0.97592 -0.60998 -0.99266 -0.79255 -0.79566 0.23072 -0.12415 0.0064474 -0.27576 -0.71253 -0.98853 -0.97972 -0.95788 -0.9969 -0.78813 -0.61661 -0.55826 -0.5541 -0.6046 -0.69759 -0.8058 -0.89845 -0.95732 -0.97592 -0.96176 -0.92533 -0.88684 -0.8614 -0.86849 -0.90626 -0.94568 -0.97077 -0.978 -0.97982 -0.98006 -0.98041 -0.97908 -0.97416 -0.96074 -0.91454 -0.83047 -0.66727 -0.44566 -0.18639 0.11016 0.40016 0.64959
0.53387 0.2096 0.43871 -0.54424 -0.12609 0.44405 0.15498 -0.74313 -0.88079 -0.76377 -0.88083 -0.99498 -0.85929 -0.66609 -0.62836 -0.90218 -0.99043 -0.9172 -0.87174 -0.85625 -0.87549 -0.91719 -0.95878 -0.97766 -0.96247 -0.91216 -0.84314 -0.77063 -0.71101 -0.67829 -0.69575 -0.76175 -0.83748 -0.89247 -0.91563 -0.92424 -0.92825 -0.93202 -0.92909 -0.91661 -0.88822 -0.81198 -0.69678 -0.49914 -0.25415 0.01372 0.30269 0.56821 0.77968
-0.10831 -0.27291 0.38972 0.97123 1 0.9792 0.88244 -0.95979 -0.90084 -0.99329 -0.95848 -0.77243 -0.36006 -0.10721 -0.096679 -0.54127 -0.92371 -0.9902 -0.98813 -0.98188 -0.98195 -0.98001 -0.96261 -0.9183 -0.84317 -0.7408 -0.6337 -0.53999 -0.47084 -0.43839 -0.46824 -0.55992 -0.66877 -0.75246 -0.79303 -0.81097 -0.82147 -0.83118 -0.82951 -0.81278 -0.77351 -0.67373 -0.53523 -0.31409 -0.057498 0.20762 0.47822 0.71068 0.87866
-0.057921 0.40818 -0.94995 0.046816 0.20241 0.053936 0.54245 -0.26639 -0.22081 -0.57237 -0.50556 -0.1892 0.27485 0.4762 0.45195 -0.037631 -0.62659 -0.83744 -0.89946 -0.92186 -0.91921 -0.88904 -0.82896 -0.73961 -0.62434 -0.49028 -0.36323 -0.26259 -0.19397 -0.16732 -0.20915 -0.32111 -0.45685 -0.56549 -0.62319 -0.6518 -0.67056 -0.6879 -0.68977 -0.67179 -0.62566 -0.50913 -0.35528 -0.12134 0.13593 0.38833 0.63165 0.82464 0.94573
0.31474 -0.60723 0.73328 -1 -0.96281 -0.93814 -0.39536 0.65242 0.60855 0.19174 0.2011 0.46546 0.78802 0.88364 0.85141 0.46293 -0.18843 -0.50981 -0.63943 -0.70169 -0.711 -0.67013 -0.58709 -0.47368 -0.33947 -0.19405 -0.063875 0.031752 0.092295 0.11005 0.058913 -0.065736 -0.21982 -0.34756 -0.42041 -0.45979 -0.48749 -0.51319 -0.52016 -0.50342 -0.45414 -0.32752 -0.16591 0.070807 0.31901 0.55031 0.75941 0.90859 0.98136
-0.41672 0.82886 0.1468 0.2693 -0.43886 -0.65811 -0.87962 1 0.9976 0.82784 0.79259 0.90803 1 0.99765 1 0.83435 0.28078 -0.087659 -0.26936 -0.37086 -0.40063 -0.36403 -0.27673 -0.15902 -0.025126 0.114 0.23363 0.31557 0.36346 0.37165 0.31562 0.18729 0.024902 -0.11454 -0.19915 -0.24816 -0.28444 -0.3183 -0.33113 -0.3175 -0.26825 -0.13774 0.024658 0.25516 0.48599 0.68949 0.85935 0.9623 0.98703
0.15514 -0.99411 -0.84462 0.9355 0.80844 0.45816 -0.45568 0.53597 0.71997 0.99338 1 0.97637 0.85989 0.80613 0.8773 0.9981 0.67845 0.34054 0.13782 0.0097099 -0.040858 -0.018069 0.05901 0.16521 0.2837 0.40323 0.50271 0.56592 0.59946 0.5995 0.54414 0.42168 0.26167 0.11885 0.026965 -0.029506 -0.073038 -0.11399 -0.1327 -0.12335 -0.076716 0.052161 0.20924 0.42578 0.63247 0.80316 0.93057 0.98659 0.96497
0.13543 1 0.5724 -0.38471 0.757 1 0.39245 -0.32779 -0.0029549 0.63565 0.75941 0.67221 0.44046 0.38764 0.53545 0.93325 0.92977 0.69647 0.51228 0.37928 0.31539 0.32141 0.37954 0.46387 0.5571 0.64871 0.72273 0.76556 0.78553 0.78038 0.73173 0.62448 0.47735 0.33975 0.2458 0.18485 0.13615 0.089901 0.065983 0.070522 0.11264 0.23519 0.38181 0.57801 0.75534 0.8898 0.97323 0.9831 0.91801
-0.20561 -0.76396 0.36994 -0.90445 -0.43618 0.37666 0.85093 -0.93552 -0.70906 -0.029653 0.20504 0.13289 -0.10625 -0.1262 0.073577 0.67121 0.99786 0.92437 0.7982 0.68638 0.62235 0.6147 0.65111 0.70889 0.77235 0.83262 0.87978 0.90343 0.91247 0.90602 0.86997 0.7863 0.66173 0.53765 0.44715 0.38524 0.33404 0.28481 0.25693 0.25674 0.29309 0.40551 0.53756 0.70844 0.85268 0.94901 0.98837 0.9541 0.84932
0.13989 0.29107 -0.76418 0.3339 -0.97739 -0.64901 0.55107 -0.88548 -1 -0.66628 -0.41855 -0.43954 -0.60866 -0.595 -0.39362 0.28016 0.88422 0.99671 0.96005 0.89453 0.84616 0.83238 0.84941 0.88101 0.9149 0.94458 0.96669 0.97443 0.97636 0.9728 0.95451 0.90136 0.80759 0.70458 0.62297 0.56387 0.51319 0.46366 0.43349 0.42914 0.45906 0.55847 0.67286 0.81479 0.92366 0.98124 0.97772 0.90232 0.76229
-0.09314 0.27431 0.066745 0.92219 -0.16483 -0.97376 -0.19545 -0.25653 -0.74839 -0.99071 -0.86947 -0.8564 -0.92858 -0.90671 -0.76437 -0.15489 0.62206 0.91394 0.98446 0.98464 0.96706 0.95696 0.96053 0.97016 0.9783 0.98132 0.98247 0.97883 0.97793 0.98124 0.98474 0.96715 0.91064 0.83507 0.76741 0.7149 0.66788 0.62088 0.59037 0.58284 0.60622 0.69059 0.78522 0.89585 0.96834 0.98773 0.94353 0.83077 0.66037
0.10827 -0.67663 0.666 -0.13466 0.84334 -0.31966 -0.76048 0.51815 -0.12062 -0.88675 -0.99734 -1 -0.99372 -1 -0.96941 -0.55107 0.26523 0.69971 0.87835 0.95457 0.97935 0.98275 0.98062 0.97487 0.96341 0.94575 0.93135 0.92132 0.92174 0.93522 0.96311 0.98412 0.96926 0.92607 0.87677 0.83439 0.7941 0.75245 0.72369 0.71424 0.73139 0.79951 0.87316 0.95132 0.98752 0.97024 0.88838 0.7426 0.54696
-0.14656 0.69069 -0.28603 -0.92674 0.77058 0.62359 -0.73211 0.96805 0.55202 -0.42668 -0.7812 -0.84761 -0.8059 -0.87001 -0.98071 -0.84239 -0.12391 0.39357 0.66469 0.81659 0.8897 0.91454 0.91459 0.90097 0.87711 0.84569 0.82161 0.80999 0.81529 0.84124 0.89457 0.95507 0.98412 0.97667 0.94928 0.92016 0.88944 0.85579 0.83087 0.82092 0.83251 0.88388 0.93613 0.98167 0.98264 0.93098 0.81512 0.64099 0.42531
0.16668 -0.30947 -0.52623 -0.19348 -0.21939 0.97887 -0.17897 0.86119 0.95519 0.18718 -0.31582 -0.46268 -0.42851 -0.56026 -0.81018 -0.98833 -0.48556 0.042819 0.37692 0.59356 0.71444 0.76536 0.77424 0.75989 0.7308 0.6925 0.66433 0.6552 0.668 0.70759 0.78581 0.88468 0.9578 0.98782 0.9849 0.9716 0.9529 0.9296 0.9105 0.90156 0.9085 0.94324 0.97433 0.98799 0.95558 0.87246 0.72668 0.52906 0.29849
-0.15496 -0.18959 0.33827 0.80687 -0.92943 0.47852 0.47666 0.29373 0.92973 0.7188 0.23684 0.036167 0.038293 -0.14575 -0.50105 -0.97641 -0.77091 -0.30505 0.05321 0.31473 0.47629 0.55398 0.57611 0.56686 0.53878 0.4997 0.4722 0.46862 0.49041 0.54358 0.64468 0.77895 0.89436 0.96194 0.98501 0.98944 0.98473 0.97376 0.96226 0.95577 0.95916 0.97788 0.98865 0.9719 0.90856 0.79733 0.62599 0.4098 0.16931
0.11751 0.43204 0.44234 0.57117 -0.60527 -0.40423 0.7969 -0.41101 0.51558 0.98793 0.70726 0.51476 0.48609 0.28686 -0.11523 -0.81963 -0.94724 -0.60842 -0.26871 0.011576 0.20118 0.30226 0.33934 0.3391 0.31675 0.28175 0.2585 0.26229 0.2934 0.35893 0.47961 0.64472 0.79887 0.90262 0.95217 0.97552 0.98623 0.9891 0.98668 0.98402 0.985 0.98873 0.98045 0.93536 0.84404 0.70833 0.51592 0.28599 0.040292
-0.064928 -0.2772 -0.29415 -0.45934 0.33777 -0.9453 0.60826 -0.89832 -0.095187 0.92282 0.9685 0.85907 0.82285 0.6575 0.27996 -0.55053 -0.99978 -0.8357 -0.55566 -0.28568 -0.084691 0.032823 0.083786 0.094254 0.08055 0.052925 0.036166 0.047898 0.08753 0.16318 0.29907 0.48921 0.67712 0.81429 0.88977 0.9325 0.95949 0.97722 0.98506 0.98743 0.98717 0.97724 0.95153 0.88061 0.76457 0.6082 0.39922 0.16021 -0.086321
0.0059908 -0.043465 -0.41707 -0.81647 0.9125 -0.7602 0.063944 -0.95532 -0.65621 0.56684 0.96461 0.99908 0.98928 0.90612 0.62344 -0.21345 -0.93074 -0.96738 -0.78175 -0.55083 -0.35721 -0.23291 -0.17165 -0.15092 -0.15492 -0.17351 -0.18287 -0.1638 -0.11741 -0.034716 0.11123 0.31965 0.53516 0.70189 0.80183 0.86371 0.90725 0.94035 0.95927 0.96765 0.96728 0.94523 0.90395 0.81003 0.67274 0.49958 0.27843 0.034753 -0.2086
0.051522 0.1897 0.1884 -0.09838 0.59892 -0.033236 -0.49712 -0.58586 -0.96649 0.047496 0.7145 0.91787 0.96542 0.99992 0.86866 0.14329 -0.75647 -0.99632 -0.92991 -0.76341 -0.59604 -0.47621 -0.41019 -0.38152 -0.3765 -0.38592 -0.38822 -0.36339 -0.3128 -0.22674 -0.076372 0.14298 0.37913 0.57061 0.69274 0.77286 0.83268 0.88117 0.9116 0.92675 0.92729 0.8948 0.83997 0.72608 0.57112 0.385 0.15592 -0.088332 -0.32491
-0.097987 -0.099919 0.41386 0.70134 -0.24822 0.6964 -0.76737 0.023758 -0.93484 -0.47403 0.29581 0.64722 0.76839 0.93456 0.98818 0.4743 -0.50335 -0.92664 -0.99215 -0.90968 -0.78572 -0.68203 -0.61804 -0.58522 -0.57326 -0.57468 -0.57128 -0.54308 -0.49138 -0.40601 -0.25707 -0.034372 0.21493 0.42567 0.56704 0.66392 0.7392 0.80264 0.84466 0.86709 0.86943 0.82823 0.76195 0.63125 0.46219 0.26682 0.033803 -0.20728 -0.4339
0.12132 -0.0052142 -0.034745 0.62251 -0.84743 0.94742 -0.62844 0.60918 -0.59435 -0.85347 -0.18249 0.25373 0.44376 0.73058 0.9746 0.74231 -0.20334 -0.77154 -0.96889 -0.98271 -0.91608 -0.8395 -0.78483 -0.75258 -0.73682 -0.73244 -0.72548 -0.69679 -0.64739 -0.56688 -0.42518 -0.20667 0.048082 0.27216 0.42926 0.54091 0.63039 0.70789 0.76125 0.7912 0.79608 0.74789 0.67227 0.52793 0.34827 0.14721 -0.086046 -0.32058 -0.5345
-0.11095 0.0049425 -0.38037 -0.15918 -0.71702 0.59511 -0.18144 0.94423 -0.073349 -1 -0.60977 -0.17946 0.053457 0.42654 0.83851 0.92136 0.11028 -0.55074 -0.86773 -0.98196 -0.98224 -0.94206 -0.90376 -0.87718 -0.8614 -0.8541 -0.84623 -0.82018 -0.77658 -0.70503 -0.57607 -0.36898 -0.11641 0.11483 0.28378 0.40778 0.5098 0.60012 0.66421 0.70168 0.70968 0.65618 0.57331 0.41844 0.23156 0.028101 -0.20199 -0.42699 -0.62588
0.066126 -0.026835 -0.14259 -0.71894 -0.019028 -0.1054 0.3362 0.92089 0.45833 -0.89183 -0.89824 -0.57079 -0.33674 0.070845 0.60449 0.99809 0.40649 -0.28761 -0.70169 -0.91231 -0.98414 -0.98723 -0.97149 -0.95558 -0.94377 -0.93677 -0.93086 -0.91063 -0.87616 -0.81738 -0.70618 -0.51721 -0.27417 -0.041951 0.13469 0.26834 0.3809 0.48247 0.55642 0.60118 0.6127 0.55548 0.46733 0.30496 0.11403 -0.088756 -0.31263 -0.52551 -0.70744
-0.0025718 0.10827 0.26689 -0.49217 0.66572 -0.72461 0.68207 0.57119 0.84569 -0.57155 -0.99806 -0.85475 -0.66808 -0.28635 0.30605 0.9713 0.65923 -0.0066501 -0.48737 -0.78298 -0.92582 -0.97619 -0.98782 -0.98701 -0.983 -0.97958 -0.97847 -0.96701 -0.94473 -0.90207 -0.81302 -0.64813 -0.42146 -0.1943 -0.014226 0.12612 0.24699 0.35798 0.44067 0.49226 0.50752 0.44806 0.3565 0.18949 -0.0025255 -0.20186 -0.41682 -0.61536 -0.77881
-0.048457 -0.046628 0.28465 0.21254 0.83443 -0.92525 0.71749 0.035776 0.9904 -0.12673 -0.90186 -0.99082 -0.89661 -0.60003 -0.019562 0.85034 0.84912 0.26882 -0.24319 -0.6062 -0.81464 -0.91315 -0.95525 -0.97304 -0.9802 -0.98341 -0.98969 -0.9896 -0.98206 -0.95832 -0.89505 -0.75936 -0.55524 -0.33888 -0.15963 -0.015652 0.11111 0.22949 0.3196 0.37738 0.39646 0.33609 0.24285 0.073869 -0.11652 -0.30991 -0.51361 -0.69599 -0.83979
0.05594 -0.15603 -0.060629 0.66577 0.40935 -0.63015 0.45092 -0.49849 0.86947 0.33636 -0.64005 -0.96667 -0.99735 -0.8352 -0.33609 0.65263 0.96422 0.51833 0.012265 -0.39596 -0.66024 -0.8047 -0.87845 -0.91718 -0.93816 -0.95059 -0.96645 -0.9798 -0.98901 -0.98634 -0.95162 -0.8493 -0.67314 -0.47287 -0.29858 -0.15408 -0.023953 0.09966 0.19569 0.25886 0.28167 0.22158 0.12823 -0.040261 -0.22656 -0.41183 -0.60226 -0.76701 -0.89033
-0.013633 0.13244 -0.30463 0.4744 -0.27418 -0.024147 0.012359 -0.86466 0.53049 0.71854 -0.26987 -0.79602 -0.96508 -0.96973 -0.61197 0.40085 1 0.72548 0.26159 -0.16686 -0.47373 -0.6591 -0.76373 -0.82445 -0.86101 -0.88463 -0.91172 -0.93998 -0.9673 -0.98713 -0.98289 -0.91711 -0.77344 -0.59401 -0.42862 -0.28667 -0.15573 -0.029129 0.071238 0.13886 0.16517 0.10639 0.014328 -0.15145 -0.33149 -0.50674 -0.68224 -0.82822 -0.93054
-0.045398 0.15931 -0.17241 -0.12302 -0.75143 0.5753 -0.41589 -0.96385 0.06988 0.94735 0.13852 -0.51296 -0.81216 -0.99507 -0.82294 0.12013 0.95869 0.87857 0.48954 0.066881 -0.26679 -0.48558 -0.61846 -0.70089 -0.75384 -0.7899 -0.82924 -0.87321 -0.91933 -0.96237 -0.98965 -0.96257 -0.85501 -0.70056 -0.54773 -0.41128 -0.28207 -0.15474 -0.051717 0.019318 0.04878 -0.0078098 -0.09737 -0.25845 -0.43032 -0.59395 -0.75317 -0.87956 -0.96065
0.065997 -0.18759 0.14825 -0.57323 -0.74146 0.88796 -0.6757 -0.78468 -0.39702 0.98785 0.5157 -0.16414 -0.56459 -0.91532 -0.95337 -0.16453 0.84813 0.97079 0.68376 0.29223 -0.05099 -0.2938 -0.45063 -0.55318 -0.62233 -0.67133 -0.72327 -0.78311 -0.84804 -0.91429 -0.97326 -0.98605 -0.91729 -0.7913 -0.6543 -0.52615 -0.40113 -0.27533 -0.17135 -0.098015 -0.065848 -0.11954 -0.20555 -0.36017 -0.52224 -0.67293 -0.81483 -0.9211 -0.98097
-0.018813 -0.1561 0.28904 -0.52343 -0.28957 0.7932 -0.68679 -0.39422 -0.76507 0.84407 0.80422 0.19953 -0.25693 -0.74502 -0.99657 -0.43032 0.68039 0.99999 0.83516 0.49793 0.16284 -0.093248 -0.26838 -0.3883 -0.4725 -0.53418 -0.59843 -0.6736 -0.7567 -0.84549 -0.93552 -0.98839 -0.9602 -0.86545 -0.74718 -0.6299 -0.51142 -0.38932 -0.28608 -0.21161 -0.17727 -0.2275 -0.30908 -0.45575 -0.60664 -0.74333 -0.86715 -0.95303 -0.99192
-0.060892 0.20495 0.11545 -0.067646 0.30865 0.36009 -0.46335 0.090927 -0.96112 0.55299 0.96592 0.53022 0.072902 -0.50625 -0.95418 -0.6582 0.47035 0.96823 0.93796 0.67485 0.36503 0.10713 -0.079603 -0.21315 -0.3104 -0.38376 -0.45941 -0.54879 -0.64882 -0.75883 -0.87857 -0.97083 -0.98407 -0.92264 -0.82555 -0.72148 -0.61172 -0.49538 -0.39457 -0.32013 -0.28422 -0.33056 -0.407 -0.54445 -0.68304 -0.80494 -0.91016 -0.97562 -0.99395
0.094745 0.16612 -0.171 0.40455 0.71076 -0.20852 -0.095588 0.54166 -0.95512 0.1735 0.98502 0.78897 0.38831 -0.22544 -0.83485 -0.83384 0.23424 0.88104 0.98966 0.81622 0.54741 0.29929 0.10832 -0.034327 -0.14191 -0.2253 -0.31087 -0.41278 -0.52798 -0.65735 -0.80475 -0.93492 -0.9896 -0.96287 -0.88899 -0.80016 -0.70111 -0.59248 -0.4957 -0.42248 -0.38563 -0.4278 -0.49854 -0.62571 -0.75112 -0.85765 -0.94401 -0.98922 -0.9876
-0.041968 -0.18645 -0.27732 0.54822 0.71895 -0.67686 0.29011 0.85024 -0.76049 -0.22656 0.86738 0.94931 0.65778 0.069753 -0.65261 -0.94807 -0.011622 0.74661 0.99066 0.91762 0.70347 0.4763 0.28877 0.14208 0.027497 -0.063745 -0.15728 -0.26958 -0.39772 -0.5441 -0.71658 -0.88244 -0.97778 -0.98649 -0.93736 -0.86551 -0.77895 -0.6798 -0.58857 -0.51772 -0.48062 -0.51843 -0.58306 -0.69913 -0.81069 -0.90148 -0.96893 -0.99424 -0.97342
-0.043909 -0.18815 -0.11167 0.30001 0.3609 -0.87249 0.57539 0.9532 -0.42563 -0.58264 0.63683 0.99873 0.85748 0.35307 -0.42499 -0.99687 -0.2519 0.575 0.9439 0.97692 0.82845 0.63248 0.45603 0.31065 0.19281 0.096345 -0.0028212 -0.12298 -0.26147 -0.42214 -0.61662 -0.81534 -0.94986 -0.99408 -0.9708 -0.91736 -0.84483 -0.75676 -0.6725 -0.60513 -0.56847 -0.60185 -0.66009 -0.76442 -0.86167 -0.93655 -0.98523 -0.99117 -0.95199
0.06691 0.13405 0.15517 -0.12879 -0.15784 -0.74198 0.68395 0.83997 -0.020194 -0.84317 0.3296 0.93829 0.97258 0.6018 -0.17124 -0.98093 -0.47307 0.37726 0.85436 0.99403 0.9193 0.76348 0.60537 0.46676 0.34964 0.25089 0.14872 0.023481 -0.12247 -0.29439 -0.50743 -0.73564 -0.90723 -0.98646 -0.98968 -0.95575 -0.89855 -0.82298 -0.74699 -0.68414 -0.64861 -0.6776 -0.72927 -0.82142 -0.90409 -0.96307 -0.99326 -0.98048 -0.92391
-0.0091875 0.20564 0.27494 -0.44048 -0.579 -0.35364 0.59753 0.54826 0.38027 -0.97569 -0.011939 0.78072 0.99751 0.79819 0.089371 -0.90502 -0.66397 0.16478 0.72856 0.97071 0.97459 0.86628 0.73315 0.60657 0.49425 0.39634 0.29397 0.16664 0.016277 -0.16364 -0.3915 -0.64544 -0.85143 -0.96463 -0.99458 -0.98095 -0.94015 -0.87827 -0.81171 -0.75437 -0.72064 -0.74534 -0.7904 -0.87008 -0.93807 -0.98129 -0.99345 -0.96272 -0.88979
-0.03921 -0.054599 0.14944 -0.45487 -0.71872 0.1428 0.35287 0.14958 0.70826 -0.96899 -0.34529 0.54757 0.93528 0.93025 0.33892 -0.77712 -0.81618 -0.051424 0.57402 0.91018 0.99439 0.93909 0.83671 0.72712 0.6236 0.52972 0.43004 0.30367 0.15208 -0.032462 -0.27124 -0.5468 -0.78407 -0.92972 -0.98624 -0.99339 -0.96978 -0.9226 -0.86649 -0.81555 -0.78428 -0.80486 -0.84335 -0.91044 -0.9638 -0.99155 -0.98625 -0.93843 -0.85022
0.0080491 -0.1958 -0.10159 -0.19798 -0.53843 0.57725 0.024413 -0.26981 0.91457 -0.83202 -0.63289 0.26586 0.7961 0.99196 0.56188 -0.60756 -0.9241 -0.26118 0.39881 0.81684 0.98001 0.98133 0.91442 0.82625 0.73533 0.64862 0.55451 0.43218 0.28253 0.096794 -0.14888 -0.44176 -0.70681 -0.88297 -0.96551 -0.99363 -0.98779 -0.95609 -0.9113 -0.86758 -0.83938 -0.85608 -0.88812 -0.94262 -0.98152 -0.99421 -0.97212 -0.90816 -0.8058
0.040869 -0.031549 -0.26364 0.15051 -0.14 0.81667 -0.29986 -0.62783 0.97389 -0.59005 -0.84575 -0.035249 0.59558 0.98294 0.7459 -0.40806 -0.98491 -0.45554 0.21112 0.69595 0.93385 0.99341 0.96554 0.90259 0.82774 0.75121 0.66546 0.55015 0.40557 0.22204 -0.026513 -0.33225 -0.62132 -0.82567 -0.93337 -0.98237 -0.99461 -0.97899 -0.94624 -0.91044 -0.88591 -0.899 -0.92476 -0.96681 -0.99156 -0.98968 -0.95157 -0.87246 -0.7571
-0.010092 0.14452 -0.2109 0.38668 0.29698 0.80121 -0.5419 -0.86168 0.88568 -0.27935 -0.96558 -0.32749 0.35279 0.90777 0.88213 -0.1909 -0.99837 -0.62708 0.018885 0.55327 0.85917 0.97667 0.99019 0.95553 0.89979 0.8362 0.76141 0.65596 0.51946 0.34143 0.09398 -0.22013 -0.52921 -0.75916 -0.89084 -0.96037 -0.99081 -0.99164 -0.97151 -0.94424 -0.9239 -0.93369 -0.95344 -0.98327 -0.99426 -0.97841 -0.9251 -0.83189 -0.7047
-0.057561 0.090962 0.0046151 0.39794 0.59809 0.55228 -0.65083 -0.93686 0.67114 0.058741 -0.9854 -0.58595 0.088297 0.77505 0.96537 0.031806 -0.96648 -0.77 -0.1705 0.39483 0.75983 0.93316 0.98917 0.98507 0.951 0.90281 0.84136 0.74838 0.62279 0.45342 0.21091 -0.1071 -0.43209 -0.68478 -0.839 -0.92848 -0.977 -0.99449 -0.98739 -0.96917 -0.9535 -0.96033 -0.97435 -0.99229 -0.99001 -0.96083 -0.89323 -0.78698 -0.64913
0.034807 -0.063772 0.21196 0.20551 0.66041 0.15557 -0.61094 -0.84968 0.36742 0.3834 -0.90879 -0.79085 -0.17759 0.59634 0.99392 0.24879 -0.89315 -0.88023 -0.3504 0.22664 0.64014 0.86553 0.96392 0.99181 0.9814 0.95071 0.90469 0.82655 0.71447 0.5567 0.3228 0.0052532 -0.33145 -0.60385 -0.77896 -0.88759 -0.95387 -0.98804 -0.99426 -0.98549 -0.97491 -0.97914 -0.98776 -0.99421 -0.97922 -0.93744 -0.85647 -0.73826 -0.59092
0.057003 -0.096072 0.26024 -0.070731 0.48027 -0.27119 -0.44054 -0.62402 0.020483 0.65901 -0.74829 -0.92857 -0.42626 0.38501 0.96925 0.45004 -0.78375 -0.95533 -0.51515 0.054498 0.50462 0.77686 0.91635 0.97684 0.99151 0.98 0.95118 0.88994 0.79368 0.65023 0.42837 0.11551 -0.22873 -0.51768 -0.71183 -0.83861 -0.92217 -0.97287 -0.99254 -0.99353 -0.98841 -0.99039 -0.99398 -0.98942 -0.96233 -0.90868 -0.8153 -0.68624 -0.53054
-0.058167 -0.0060989 0.12415 -0.2889 0.14035 -0.61394 -0.18362 -0.30394 -0.32216 0.85853 -0.5231 -0.99204 -0.64197 0.15521 0.89552 0.62721 -0.64469 -0.99444 -0.66007 -0.11618 0.35786 0.67053 0.84879 0.94165 0.9822 0.99114 0.98092 0.93831 0.85991 0.73322 0.52657 0.2224 -0.12526 -0.42751 -0.63869 -0.78247 -0.88266 -0.94957 -0.98272 -0.99367 -0.99431 -0.99441 -0.99335 -0.97829 -0.93977 -0.87505 -0.77024 -0.63141 -0.46847
-0.041232 0.05436 -0.092806 -0.35596 -0.2313 -0.79128 0.10255 0.055778 -0.61777 0.96533 -0.25647 -0.98048 -0.81251 -0.079069 0.77903 0.77377 -0.48306 -0.99809 -0.78157 -0.2805 0.20436 0.55007 0.76379 0.88804 0.95469 0.9849 0.99433 0.97172 0.91288 0.80508 0.61653 0.32481 -0.022251 -0.33453 -0.56062 -0.7201 -0.83613 -0.9188 -0.9653 -0.98633 -0.99298 -0.99156 -0.98624 -0.96126 -0.912 -0.83701 -0.72176 -0.57424 -0.40514
0.063241 0.025945 -0.2424 -0.26098 -0.51041 -0.77051 0.36048 0.39933 -0.83316 0.9737 0.026789 -0.89871 -0.92964 -0.30483 0.62766 0.8851 -0.30619 -0.96803 -0.87715 -0.43418 0.048413 0.41905 0.66413 0.81806 0.91045 0.9623 0.99204 0.99046 0.95256 0.86546 0.69755 0.42178 0.079173 -0.23986 -0.47866 -0.65242 -0.78335 -0.8812 -0.94083 -0.97197 -0.9848 -0.98221 -0.97305 -0.93874 -0.87946 -0.79502 -0.67031 -0.51516 -0.34095
0.026901 -0.014629 -0.23303 -0.064704 -0.61604 -0.56924 0.54352 0.67828 -0.94753 0.88811 0.30264 -0.75616 -0.98913 -0.51065 0.45025 0.95851 -0.12138 -0.90703 -0.9453 -0.57361 -0.10599 0.281 0.55265 0.7339 0.85115 0.92457 0.97491 0.99502 0.9791 0.91421 0.76916 0.51251 0.17802 -0.14454 -0.39378 -0.58032 -0.72512 -0.83744 -0.90987 -0.95105 -0.9702 -0.96678 -0.95417 -0.91115 -0.8426 -0.74953 -0.61634 -0.45459 -0.27629
-0.051532 -0.0042402 -0.080442 0.13944 -0.52961 -0.24484 0.62315 0.85755 -0.95344 0.72157 0.54973 -0.56559 -0.99053 -0.68713 0.25611 0.99305 0.064407 -0.81864 -0.98549 -0.69589 -0.25525 0.13931 0.43221 0.63788 0.77859 0.87311 0.94396 0.98609 0.99284 0.95131 0.831 0.59632 0.27341 -0.049533 -0.30693 -0.50465 -0.6622 -0.78819 -0.87299 -0.92408 -0.94962 -0.94568 -0.93002 -0.87895 -0.80187 -0.70098 -0.56028 -0.39293 -0.2115
-0.022704 0.020668 0.11477 0.2696 -0.29174 0.12344 0.5918 0.91866 -0.85603 0.49337 0.75073 -0.34189 -0.93678 -0.82714 0.054479 0.98944 0.24477 -0.707 -0.99805 -0.7988 -0.39618 -0.0028443 0.30561 0.53233 0.69466 0.80941 0.90037 0.96446 0.99426 0.97694 0.8829 0.67269 0.36457 0.044285 -0.21897 -0.42625 -0.59534 -0.73412 -0.83078 -0.89155 -0.92348 -0.91935 -0.90103 -0.84254 -0.75769 -0.6498 -0.50252 -0.33054 -0.1469
0.030436 0.0010602 0.23675 0.2856 0.017842 0.45451 0.46157 0.86019 -0.67102 0.22666 0.89327 -0.10082 -0.83363 -0.92594 -0.14585 0.94977 0.41404 -0.5766 -0.98404 -0.88083 -0.52607 -0.14253 0.17556 0.41956 0.60129 0.73506 0.84537 0.93108 0.98398 0.99138 0.92479 0.74124 0.45084 0.13612 -0.13073 -0.3459 -0.52525 -0.67586 -0.78379 -0.85396 -0.89226 -0.8882 -0.86761 -0.80235 -0.71047 -0.59638 -0.44344 -0.26777 -0.08279
0.0266 -0.046515 0.22219 0.19633 0.30818 0.68264 0.25975 0.696 -0.42179 -0.054117 0.97022 0.14211 -0.68902 -0.98112 -0.33688 0.87729 0.56737 -0.43214 -0.94519 -0.9411 -0.64267 -0.27711 0.044577 0.30184 0.50041 0.65166 0.78029 0.88695 0.96271 0.99505 0.95676 0.80167 0.53167 0.22528 -0.042949 -0.26432 -0.45264 -0.61405 -0.73259 -0.81183 -0.8564 -0.85268 -0.83018 -0.75879 -0.66063 -0.5411 -0.3834 -0.20492 -0.019429
-0.004962 -0.050868 0.088547 0.047183 0.50338 0.76891 0.022584 0.45164 -0.13615 -0.32537 0.97966 0.37257 -0.51234 -0.99245 -0.51166 0.77619 0.70085 -0.27834 -0.8837 -0.97933 -0.74425 -0.40428 -0.084983 0.18132 0.39391 0.56084 0.70648 0.83316 0.93124 0.98844 0.97897 0.85384 0.60661 0.31112 0.043688 -0.18221 -0.37816 -0.5493 -0.67774 -0.76563 -0.81635 -0.8132 -0.78915 -0.71228 -0.60854 -0.48434 -0.32273 -0.14228 0.042941
-0.031012 0.013842 -0.085614 -0.10297 0.56053 0.70553 -0.21155 0.15994 0.15693 -0.56624 0.92438 0.57813 -0.31387 -0.96165 -0.66442 0.65126 0.81149 -0.11978 -0.80221 -0.99577 -0.82949 -0.52207 -0.21099 0.060023 0.28362 0.46419 0.62529 0.77082 0.89043 0.97214 0.9917 0.89766 0.67531 0.39312 0.12856 -0.10019 -0.30241 -0.48218 -0.61976 -0.71586 -0.77256 -0.77018 -0.74491 -0.66318 -0.55458 -0.42644 -0.26174 -0.080131 0.10411
-0.022088 0.085615 -0.20905 -0.20457 0.47608 0.5135 -0.40816 -0.14362 0.4302 -0.75995 0.81119 0.74876 -0.10408 -0.89209 -0.79071 0.50773 0.89723 0.0392 -0.70361 -0.99116 -0.89754 -0.62883 -0.33156 -0.060166 0.17127 0.36325 0.5381 0.70105 0.84117 0.94678 0.9953 0.93316 0.73749 0.47081 0.21113 -0.018847 -0.22599 -0.41324 -0.55916 -0.66299 -0.72545 -0.72404 -0.69786 -0.61187 -0.4991 -0.36771 -0.2007 -0.018701 0.16387
0.027634 0.081237 -0.22506 -0.23192 0.28138 0.23524 -0.54129 -0.42528 0.66043 -0.89463 0.65 0.87716 0.10689 -0.78848 -0.8874 0.35099 0.95693 0.19459 -0.59098 -0.96661 -0.94798 -0.72327 -0.44505 -0.17754 0.058495 0.25953 0.44621 0.625 0.78439 0.91305 0.99018 0.96045 0.79297 0.5438 0.29089 0.061286 -0.14942 -0.34302 -0.49645 -0.60747 -0.67545 -0.67516 -0.64837 -0.55872 -0.44242 -0.30847 -0.1399 0.041791 0.22208
0.046526 -0.0092766 -0.13428 -0.18674 0.030406 -0.075591 -0.59616 -0.65644 0.83005 -0.96364 0.45286 0.95881 0.30963 -0.65648 -0.95265 0.18643 0.99023 0.34279 -0.46746 -0.92359 -0.98073 -0.8044 -0.55004 -0.29058 -0.053205 0.1544 0.3509 0.54377 0.72101 0.87169 0.97681 0.9797 0.84164 0.61179 0.36742 0.13973 -0.0732 -0.27199 -0.43208 -0.54974 -0.62296 -0.62393 -0.5968 -0.50405 -0.38487 -0.24899 -0.079557 0.10115 0.27856
-0.011151 -0.10646 0.013314 -0.092281 -0.21575 -0.36465 -0.56991 -0.81609 0.92802 -0.96549 0.23299 0.99194 0.49587 -0.50241 -0.98585 0.01923 0.99756 0.48068 -0.3362 -0.86382 -0.99608 -0.87157 -0.64539 -0.39793 -0.16246 0.049201 0.25338 0.45845 0.65198 0.82343 0.9557 0.99114 0.88346 0.67451 0.44036 0.21607 0.0022126 -0.20061 -0.36649 -0.49021 -0.56838 -0.57072 -0.54349 -0.44819 -0.32672 -0.18952 -0.019904 0.15919 0.33321
-0.060672 -0.11758 0.14771 0.017873 -0.40354 -0.58611 -0.47057 -0.89215 0.95006 -0.90337 0.0038671 0.97732 0.65869 -0.33291 -0.98749 -0.14575 0.97997 0.60562 -0.20028 -0.78922 -0.99459 -0.92438 -0.7302 -0.49843 -0.26804 -0.054874 0.15481 0.3701 0.5782 0.76902 0.9274 0.99505 0.91844 0.7318 0.50939 0.28991 0.076408 -0.12931 -0.30011 -0.42928 -0.51206 -0.51586 -0.48877 -0.39143 -0.26827 -0.13032 0.038863 0.21577 0.3859
-0.016936 -0.025129 0.21228 0.11151 -0.49758 -0.70903 -0.31479 -0.88164 0.89821 -0.7844 -0.22159 0.9179 0.79267 -0.15467 -0.95903 -0.30411 0.9391 0.71548 -0.062619 -0.70183 -0.97709 -0.96272 -0.80377 -0.59113 -0.36886 -0.15672 0.056258 0.2797 0.50057 0.70923 0.89248 0.99177 0.94667 0.78351 0.57426 0.36092 0.14901 -0.058475 -0.23331 -0.36732 -0.45438 -0.4597 -0.43294 -0.33407 -0.20975 -0.0716 0.096563 0.27075 0.43656
0.055472 0.096817 0.18592 0.16643 -0.4857 -0.72044 -0.12474 -0.78996 0.78 -0.6188 -0.43166 0.8185 0.89398 0.025869 -0.90276 -0.45195 0.877 0.80864 0.074053 -0.6038 -0.94461 -0.9867 -0.86564 -0.67523 -0.46398 -0.25535 -0.041298 0.1882 0.41995 0.64479 0.85151 0.98165 0.96826 0.82958 0.63476 0.42883 0.2197 0.011535 -0.16647 -0.30469 -0.39565 -0.40254 -0.3763 -0.27637 -0.1514 -0.013559 0.15304 0.32401 0.48509
0.045597 0.14785 0.086793 0.17434 -0.3783 -0.62527 0.075203 -0.62948 0.60733 -0.41883 -0.61637 0.68534 0.96034 0.20265 -0.82161 -0.58598 0.7961 0.88394 0.20723 -0.49728 -0.89835 -0.99666 -0.91555 -0.75012 -0.5526 -0.34988 -0.13695 0.096488 0.33717 0.57644 0.80509 0.96509 0.98338 0.86997 0.69073 0.49338 0.28816 0.080397 -0.099902 -0.2417 -0.3362 -0.34468 -0.31913 -0.21856 -0.093448 0.043619 0.20814 0.37544 0.53143
-0.028043 0.085319 -0.040441 0.1401 -0.20336 -0.44343 0.26157 -0.41765 0.39503 -0.19788 -0.76776 0.52564 0.99099 0.37022 -0.71903 -0.70351 0.69909 0.94073 0.33466 -0.38442 -0.83966 -0.99311 -0.95342 -0.81534 -0.63405 -0.43955 -0.22989 0.0053753 0.25301 0.5049 0.75381 0.9425 0.99224 0.9047 0.74205 0.55438 0.35416 0.14782 -0.033926 -0.17867 -0.27632 -0.28639 -0.26167 -0.16089 -0.036078 0.09977 0.26175 0.42497 0.57556
-0.057452 -0.043944 -0.14553 0.077795 0.0012571 -0.20533 0.41439 -0.17493 0.15957 0.030497 -0.88014 0.34717 0.98649 0.52384 -0.59881 -0.80248 0.58879 0.97874 0.45438 -0.26731 -0.76994 -0.97672 -0.97934 -0.8706 -0.70782 -0.52371 -0.3194 -0.084386 0.1682 0.43084 0.69826 0.91431 0.99506 0.93382 0.78865 0.61166 0.41745 0.21353 0.031182 -0.11589 -0.21629 -0.22794 -0.20417 -0.10356 0.020526 0.15474 0.31375 0.47252 0.61741
-0.010608 -0.14411 -0.19213 0.0053832 0.19616 0.053606 0.51901 0.077269 -0.082283 0.25335 -0.95011 0.15787 0.94862 0.65956 -0.46492 -0.88141 0.46811 0.99814 0.56471 -0.14796 -0.6907 -0.94828 -0.99355 -0.91574 -0.77349 -0.6018 -0.40483 -0.17212 0.083441 0.35492 0.63901 0.88095 0.9921 0.95741 0.83049 0.66509 0.47785 0.27731 0.095166 -0.053598 -0.15635 -0.16956 -0.14684 -0.046769 0.076199 0.20841 0.36404 0.51803 0.65699
0.040482 -0.14405 -0.16893 -0.060228 0.34776 0.29825 0.56708 0.31847 -0.31465 0.45904 -0.97647 -0.034452 0.88017 0.77426 -0.32141 -0.93944 0.33999 0.9994 0.66425 -0.028246 -0.60345 -0.9087 -0.99641 -0.95075 -0.83078 -0.67339 -0.48564 -0.2572 -0.00063985 0.27776 0.57663 0.84288 0.98365 0.97561 0.86756 0.71457 0.5352 0.33895 0.1578 0.0079534 -0.096752 -0.11147 -0.089895 0.0093132 0.1308 0.26066 0.41256 0.56145 0.69426
0.036254 -0.0462 -0.089942 -0.1067 0.43337 0.49832 0.55672 0.53063 -0.52344 0.63768 -0.96008 -0.22249 0.78473 0.86566 -0.17229 -0.97625 0.20727 0.98333 0.7519 0.090064 -0.5097 -0.85896 -0.98839 -0.97571 -0.87953 -0.73812 -0.56136 -0.3391 -0.083457 0.19994 0.51166 0.80052 0.97 0.98854 0.89988 0.76005 0.58936 0.39826 0.21887 0.068549 -0.037705 -0.053879 -0.033515 0.064522 0.18418 0.31137 0.45922 0.60276 0.72924
-0.0030764 0.081013 0.01387 -0.12785 0.44373 0.6317 0.49206 0.69931 -0.69711 0.78154 -0.90359 -0.39964 0.66652 0.93233 -0.021382 -0.992 0.072693 0.95099 0.82683 0.20537 -0.41096 -0.80011 -0.97008 -0.99082 -0.91965 -0.79575 -0.63161 -0.41733 -0.16448 0.12203 0.44461 0.75434 0.95145 0.99638 0.9275 0.80147 0.64024 0.4551 0.2782 0.12799 0.02059 0.00303 0.022129 0.11871 0.23624 0.36048 0.50397 0.64192 0.76191
-0.028413 0.15444 0.1072 -0.12352 0.38276 0.68619 0.38212 0.81441 -0.82707 0.8852 -0.81113 -0.56014 0.53014 0.97361 0.1277 -0.98731 -0.061173 0.90362 0.88847 0.31622 -0.30868 -0.73321 -0.94212 -0.99637 -0.95117 -0.84609 -0.69608 -0.49148 -0.24323 0.044509 0.37601 0.70476 0.92833 0.99932 0.95049 0.83883 0.68776 0.50933 0.33562 0.18611 0.077952 0.059086 0.07688 0.17175 0.28687 0.40789 0.54677 0.67893 0.79231
-0.024425 0.13102 0.16218 -0.09824 0.26529 0.6599 0.23945 0.87038 -0.90791 0.94556 -0.68802 -0.69928 0.38041 0.98957 0.27168 -0.96318 -0.19195 0.84267 0.93652 0.42134 -0.20426 -0.65938 -0.90522 -0.99273 -0.97418 -0.88907 -0.75453 -0.56121 -0.31928 -0.032136 0.3063 0.6522 0.90096 0.99755 0.96896 0.87214 0.73185 0.56085 0.39101 0.24273 0.13422 0.11413 0.1306 0.22353 0.33598 0.45355 0.58758 0.71377 0.82045
-0.0055852 0.030549 0.16584 -0.05927 0.11332 0.56034 0.078593 0.86623 -0.93741 0.96182 -0.5404 -0.81338 0.22221 0.98092 0.40759 -0.92095 -0.31751 0.76968 0.97089 0.51963 -0.099016 -0.57971 -0.86015 -0.98033 -0.98887 -0.92465 -0.8068 -0.62622 -0.39226 -0.10748 0.23596 0.59709 0.86966 0.99128 0.983 0.90143 0.77249 0.60958 0.44423 0.29773 0.18924 0.16804 0.18316 0.27394 0.3835 0.4974 0.62638 0.74646 0.84636
0.01457 -0.083172 0.12172 -0.014731 -0.048177 0.40248 -0.085431 0.80508 -0.9163 0.93522 -0.37492 -0.89989 0.060287 0.94896 0.53291 -0.86221 -0.43593 0.68628 0.99169 0.61015 0.0058024 -0.49529 -0.80768 -0.95967 -0.99546 -0.9529 -0.85276 -0.68629 -0.46184 -0.18113 0.16539 0.53982 0.83477 0.98075 0.99276 0.92675 0.80966 0.65544 0.49518 0.35098 0.24288 0.22067 0.23444 0.32288 0.42934 0.53941 0.66316 0.77699 0.87006
0.027632 -0.14471 0.046442 0.027951 -0.19538 0.20635 -0.23852 0.69356 -0.84799 0.86882 -0.19841 -0.9573 -0.10082 0.89545 0.64548 -0.78875 -0.54559 0.59417 0.99923 0.69213 0.10905 -0.40719 -0.74863 -0.93127 -0.99427 -0.9739 -0.89238 -0.74122 -0.52773 -0.25275 0.094983 0.48078 0.7966 0.96618 0.99838 0.94817 0.84336 0.69839 0.54378 0.40237 0.29504 0.27192 0.28436 0.37029 0.47347 0.57953 0.69789 0.8054 0.89161
0.022003 -0.12439 -0.036865 0.063005 -0.30884 -0.0056681 -0.36856 0.54099 -0.73806 0.76719 -0.017636 -0.98513 -0.25693 0.82255 0.7436 -0.70252 -0.64511 0.49504 0.99399 0.76498 0.20968 -0.31643 -0.68383 -0.89571 -0.98562 -0.98782 -0.92566 -0.7909 -0.58971 -0.322 0.025112 0.42034 0.75547 0.94782 1 0.96576 0.87362 0.73839 0.58996 0.45181 0.3456 0.32168 0.33281 0.41609 0.51582 0.61774 0.7306 0.83169 0.91103
-0.0061528 -0.040108 -0.1057 0.086728 -0.37567 -0.21139 -0.46627 0.35855 -0.5938 0.63602 0.16099 -0.98384 -0.40428 0.73271 0.82596 -0.60558 -0.73339 0.39057 0.97657 0.82823 0.30675 -0.22401 -0.61408 -0.85359 -0.9699 -0.99486 -0.95264 -0.83524 -0.64758 -0.38863 -0.043892 0.35886 0.71171 0.9259 0.99779 0.97962 0.90046 0.77543 0.63366 0.49922 0.39447 0.36989 0.37973 0.46023 0.55637 0.65403 0.76127 0.8559 0.92838
-0.036538 0.058516 -0.14394 0.09747 -0.39049 -0.39107 -0.52562 0.1584 -0.42363 0.48183 0.33157 -0.95471 -0.53961 0.62859 0.89167 -0.50001 -0.80955 0.28241 0.9477 0.88159 0.39941 -0.13086 -0.54021 -0.80551 -0.94753 -0.99526 -0.97342 -0.87419 -0.70119 -0.45237 -0.11172 0.29665 0.6656 0.90066 0.99192 0.98986 0.92393 0.8095 0.67485 0.54454 0.44158 0.41645 0.42505 0.50265 0.59509 0.68839 0.78993 0.87806 0.94371
-0.037421 0.12039 -0.14493 0.095336 -0.35518 -0.52907 -0.54398 -0.04716 -0.23663 0.31157 0.48887 -0.89973 -0.66017 0.51299 0.94022 -0.38791 -0.87301 0.17214 0.90822 0.9249 0.48694 -0.037853 -0.46299 -0.7521 -0.91893 -0.98929 -0.98812 -0.90776 -0.75042 -0.51304 -0.17809 0.23405 0.61746 0.87235 0.98257 0.99659 0.9441 0.84062 0.7135 0.58772 0.48687 0.46132 0.46871 0.54333 0.63196 0.72082 0.81658 0.8982 0.95706
-0.00098664 0.11914 -0.11171 0.081781 -0.27777 -0.61486 -0.52199 -0.2464 -0.042011 0.13233 0.6285 -0.82148 -0.76377 0.38874 0.97146 -0.27134 -0.92338 0.061255 0.85901 0.95812 0.5687 0.054185 -0.38321 -0.69398 -0.88459 -0.97727 -0.99692 -0.93598 -0.7952 -0.57045 -0.24276 0.17134 0.56757 0.84122 0.96992 0.99992 0.96102 0.8688 0.7496 0.62871 0.53028 0.50443 0.51067 0.58222 0.66696 0.75132 0.84127 0.91638 0.96849
0.041687 0.062455 -0.054833 0.059189 -0.17068 -0.64355 -0.46319 -0.4288 0.15133 -0.048946 0.74688 -0.723 -0.84876 0.25868 0.98556 -0.15231 -0.96051 -0.048826 0.80103 0.98131 0.64416 0.14451 -0.3016 -0.63177 -0.84495 -0.95951 -1 -0.95891 -0.83547 -0.62446 -0.30549 0.1088 0.51621 0.80748 0.95415 1 0.97479 0.89409 0.78313 0.66749 0.57177 0.54575 0.55088 0.61931 0.70009 0.7799 0.864 0.93262 0.97806
0.04913 -0.016775 0.011064 0.030516 -0.048643 -0.61566 -0.37345 -0.58548 0.33515 -0.22574 0.84136 -0.60763 -0.91403 0.12554 0.98299 -0.032699 -0.98445 -0.1568 0.73529 0.99467 0.71289 0.23242 -0.21886 -0.56609 -0.8005 -0.93636 -0.99758 -0.97665 -0.87122 -0.67495 -0.36609 0.046693 0.46363 0.77139 0.93544 0.99695 0.98547 0.9165 0.81411 0.70405 0.6113 0.58523 0.58933 0.65459 0.73135 0.80658 0.88482 0.94697 0.98582
0.011785 -0.079967 0.071093 -0.0010069 0.073281 -0.53653 -0.26035 -0.70955 0.50221 -0.39213 0.91018 -0.47897 -0.95901 -0.0080328 0.96449 0.085701 -0.99542 -0.26149 0.6628 0.99846 0.77456 0.31732 -0.13566 -0.49752 -0.75173 -0.90817 -0.98989 -0.98931 -0.90245 -0.72183 -0.42438 -0.014753 0.4101 0.73317 0.91398 0.99091 0.99317 0.93611 0.84255 0.73836 0.64885 0.62286 0.62598 0.68803 0.76075 0.83137 0.90375 0.95949 0.99184
-0.03733 -0.10146 0.11328 -0.032119 0.18151 -0.41542 -0.13246 -0.79624 0.64644 -0.54294 0.95246 -0.34066 -0.98357 -0.13959 0.931 0.20125 -0.99382 -0.36181 0.58459 0.99303 0.82891 0.39864 -0.052632 -0.42666 -0.69912 -0.87532 -0.9772 -0.99704 -0.92921 -0.76503 -0.4802 -0.075314 0.35586 0.69304 0.88996 0.98202 0.99798 0.95296 0.86847 0.77042 0.6844 0.65862 0.66084 0.71965 0.78829 0.8543 0.92084 0.97022 0.99617
-0.054684 -0.077938 0.13059 -0.05974 0.26528 -0.26424 0.0012877 -0.84299 0.76311 -0.6739 0.96812 -0.19636 -0.98805 -0.26688 0.88366 0.31246 -0.98016 -0.45683 0.50169 0.97881 0.87579 0.4759 0.029646 -0.35406 -0.64313 -0.83819 -0.95976 -1 -0.95153 -0.80452 -0.53343 -0.13479 0.30113 0.65121 0.86355 0.97042 1 0.96711 0.89191 0.80025 0.71794 0.69249 0.69387 0.74945 0.81399 0.8754 0.93612 0.97921 0.99887
-0.026405 -0.025954 0.12162 -0.081174 0.31748 -0.096406 0.13223 -0.84933 0.84891 -0.78165 0.95783 -0.04963 -0.97318 -0.38786 0.82375 0.418 -0.95511 -0.54572 0.41509 0.95628 0.91511 0.54868 0.11063 -0.28025 -0.58424 -0.79713 -0.93787 -0.99836 -0.96951 -0.84028 -0.58396 -0.193 0.24613 0.60791 0.83494 0.95626 0.99934 0.97864 0.9129 0.82786 0.74948 0.72448 0.72509 0.77742 0.83788 0.8947 0.94965 0.98652 1
0.021571 0.028703 0.090054 -0.094304 0.335 0.074426 0.2525 -0.81673 0.90191 -0.8638 0.92291 0.096161 -0.94001 -0.50076 0.75266 0.5167 -0.91941 -0.62778 0.32577 0.92595 0.94686 0.61664 0.18983 -0.20574 -0.52291 -0.75254 -0.9118 -0.99231 -0.98323 -0.8723 -0.63168 -0.24978 0.19107 0.56333 0.80431 0.93969 0.99611 0.98761 0.93148 0.85327 0.77902 0.75458 0.7545 0.8036 0.85997 0.91224 0.96145 0.9922 0.99962
0.049675 0.063677 0.043347 -0.097764 0.31855 0.23541 0.35544 -0.74833 0.92154 -0.91892 0.86524 0.23788 -0.8899 -0.60403 0.67187 0.60757 -0.87389 -0.70243 0.23468 0.88841 0.97109 0.67946 0.2668 -0.13102 -0.45957 -0.70479 -0.88185 -0.98205 -0.9928 -0.90061 -0.67654 -0.30498 0.13613 0.51766 0.77182 0.92083 0.99041 0.99411 0.9477 0.87649 0.80656 0.7828 0.78211 0.82798 0.88029 0.92804 0.97159 0.9963 0.9978
0.038807 0.068662 -0.009151 -0.091081 0.27214 0.37541 0.43587 -0.64865 0.90848 -0.94648 0.78717 0.37268 -0.82444 -0.69643 0.58289 0.68979 -0.81945 -0.76922 0.14272 0.84423 0.9879 0.73693 0.34112 -0.056524 -0.39465 -0.65424 -0.84831 -0.9678 -0.99835 -0.92523 -0.71848 -0.35847 0.081485 0.4711 0.73765 0.89985 0.98236 0.99821 0.96161 0.89757 0.83212 0.80915 0.80793 0.8506 0.89888 0.94215 0.9801 0.99888 0.99459
0.0020516 0.047362 -0.058018 -0.074741 0.20231 0.48561 0.49028 -0.52327 0.86453 -0.9468 0.6914 0.49807 -0.74539 -0.77693 0.48727 0.76269 -0.75703 -0.82781 0.050732 0.79404 0.99747 0.78885 0.41244 0.017315 -0.32856 -0.60125 -0.81147 -0.94977 -1 -0.94621 -0.75746 -0.41014 0.02731 0.42382 0.70197 0.87687 0.97208 1 0.97327 0.91654 0.85573 0.83365 0.83197 0.87148 0.91576 0.9546 0.98703 1 0.99005
-0.030959 0.013155 -0.09534 -0.05018 0.11719 0.55997 0.51683 -0.37848 0.79241 -0.92097 0.58088 0.61188 -0.65467 -0.84477 0.38655 0.82577 -0.6876 -0.87794 -0.040487 0.73846 1 0.8351 0.48044 0.090111 -0.26169 -0.54618 -0.77164 -0.92819 -0.9979 -0.96362 -0.79345 -0.45987 -0.026246 0.37598 0.66493 0.85204 0.95967 0.99956 0.98274 0.93343 0.8774 0.85633 0.85427 0.89065 0.93097 0.96545 0.99244 0.9997 0.98424
-0.039117 -0.018246 -0.11579 -0.019667 0.02554 0.59528 0.51535 -0.22094 0.69563 -0.87073 0.45872 0.71234 -0.55426 -0.89946 0.28223 0.87869 -0.61215 -0.91947 -0.1302 0.67812 0.99575 0.8756 0.54484 0.16151 -0.19441 -0.48936 -0.72911 -0.90327 -0.99221 -0.97754 -0.82646 -0.50759 -0.079041 0.32776 0.62668 0.8255 0.94524 0.99698 0.99009 0.94829 0.89717 0.8772 0.87483 0.90813 0.94455 0.97473 0.99637 0.99805 0.97722
-0.022656 -0.035573 -0.11716 0.013893 -0.0641 0.59121 0.48714 -0.05739 0.57827 -0.79838 0.32812 0.79806 -0.44619 -0.94071 0.17578 0.92123 -0.53167 -0.95237 -0.21772 0.61366 0.98501 0.91031 0.60541 0.23117 -0.12707 -0.43113 -0.68415 -0.87525 -0.98308 -0.98803 -0.85647 -0.55321 -0.13095 0.27929 0.58739 0.79737 0.92892 0.99234 0.99537 0.96116 0.91507 0.89629 0.89369 0.92397 0.95653 0.98248 0.99887 0.9951 0.96905
0.0028526 -0.035599 -0.1003 0.047238 -0.14418 0.54995 0.43481 0.10566 0.44481 -0.70665 0.19223 0.86799 -0.33249 -0.96845 0.068589 0.95334 -0.44715 -0.97667 -0.30244 0.54571 0.96809 0.93925 0.66196 0.29881 -0.059993 -0.3718 -0.63705 -0.84435 -0.97068 -0.99521 -0.88351 -0.59669 -0.18185 0.23074 0.54718 0.76779 0.9108 0.98574 0.99865 0.9721 0.93113 0.91364 0.91088 0.93818 0.96696 0.98876 1 0.99089 0.95978
0.021217 -0.02275 -0.068712 0.077073 -0.20865 0.4759 0.36201 0.26211 0.29993 -0.5986 0.054161 0.92149 -0.21516 -0.98283 -0.038012 0.97506 -0.35954 -0.99249 -0.3838 0.47487 0.94533 0.96246 0.71432 0.36415 0.0065077 -0.31167 -0.58809 -0.81081 -0.95517 -0.99916 -0.9076 -0.63796 -0.23163 0.18222 0.50621 0.73689 0.89101 0.97726 1 0.98115 0.9454 0.92927 0.92643 0.95082 0.97588 0.9936 0.9998 0.98549 0.94946
0.025759 -0.0056947 -0.027725 0.1004 -0.25335 0.37513 0.27315 0.40655 0.14838 -0.47753 -0.083157 0.95822 -0.096125 -0.98416 -0.1428 0.98656 -0.26979 -1 -0.46131 0.40175 0.91711 0.98001 0.76238 0.42696 0.072151 -0.25102 -0.53752 -0.77484 -0.93673 -1 -0.92877 -0.67698 -0.2802 0.13387 0.46459 0.70479 0.86964 0.96699 0.99949 0.98837 0.9579 0.94323 0.94038 0.96191 0.98332 0.99706 0.99832 0.97895 0.93815
0.019168 0.0070818 0.016399 0.11482 -0.27609 0.25489 0.17311 0.53433 -0.0052209 -0.34684 -0.21698 0.9782 0.02278 -0.9729 -0.24463 0.9881 -0.17878 -0.99946 -0.53454 0.32692 0.88379 0.99202 0.80603 0.48703 0.13667 -0.19015 -0.48562 -0.73667 -0.91552 -0.99784 -0.94708 -0.71374 -0.32747 0.085809 0.42246 0.6716 0.84681 0.95502 0.9972 0.9938 0.96869 0.95555 0.95276 0.9715 0.98934 0.99918 0.99562 0.97132 0.9259
0.0073731 0.010794 0.057404 0.11876 -0.27664 0.12303 0.066969 0.64169 -0.15646 -0.20993 -0.3448 0.9817 0.13983 -0.94969 -0.34248 0.98005 -0.087372 -0.99118 -0.60311 0.25094 0.84576 0.99863 0.84523 0.54417 0.19984 -0.12929 -0.43261 -0.69652 -0.89172 -0.99279 -0.96257 -0.74821 -0.37336 0.038142 0.37994 0.63746 0.82262 0.94145 0.99318 0.99752 0.97781 0.96627 0.9636 0.97963 0.99397 1 0.99174 0.96265 0.91277
-0.0053713 0.0057305 0.089861 0.11167 -0.2565 -0.012496 -0.040237 0.72582 -0.30128 -0.07018 -0.46439 0.96929 0.25344 -0.91523 -0.43544 0.96283 0.0036265 -0.9755 -0.66672 0.17435 0.80343 1 0.87993 0.59824 0.26142 -0.068686 -0.37875 -0.65459 -0.86551 -0.98498 -0.9753 -0.78037 -0.41781 -0.0090246 0.33714 0.60245 0.79717 0.92634 0.98752 0.99956 0.9853 0.97542 0.97295 0.98634 0.99726 0.99958 0.98673 0.95299 0.8988
-0.016699 -0.0036379 0.10979 0.094005 -0.2186 -0.1441 -0.14377 0.78487 -0.43605 0.069215 -0.57383 0.94177 0.36216 -0.87038 -0.52269 0.93696 0.093461 -0.95282 -0.7251 0.097634 0.75719 0.99631 0.91014 0.64909 0.32122 -0.0085722 -0.32425 -0.6111 -0.83705 -0.97454 -0.98533 -0.81024 -0.46076 -0.055597 0.29416 0.56671 0.77056 0.9098 0.98029 1 0.99121 0.98306 0.98085 0.99166 0.99926 0.99795 0.98064 0.94239 0.88405
-0.023841 -0.011162 0.11505 0.067223 -0.16691 -0.26494 -0.23934 0.81795 -0.55764 0.20524 -0.67148 0.9001 0.46471 -0.81604 -0.60354 0.90298 0.18143 -0.92355 -0.77806 0.021281 0.70745 0.98777 0.93588 0.69663 0.37906 0.050845 -0.26934 -0.56625 -0.80652 -0.96158 -0.99275 -0.83781 -0.50214 -0.10149 0.25112 0.53031 0.74288 0.8919 0.97154 0.99888 0.99559 0.98923 0.98733 0.99565 1 0.99517 0.97352 0.9309 0.86855
-0.022926 -0.011852 0.10545 0.033613 -0.10604 -0.36922 -0.3233 0.82505 -0.66344 0.33515 -0.75604 0.84546 0.55995 -0.75318 -0.6774 0.86149 0.26691 -0.88815 -0.82543 -0.054272 0.65459 0.9746 0.95718 0.74077 0.43478 0.10937 -0.21421 -0.52022 -0.77408 -0.94624 -0.99761 -0.86309 -0.54193 -0.14662 0.2081 0.49338 0.71423 0.87273 0.96136 0.99627 0.99848 0.99396 0.99245 0.99834 0.99953 0.99128 0.96541 0.91857 0.85236
-0.011475 -0.0039655 0.082634 -0.0039291 -0.040805 -0.45243 -0.39269 0.80696 -0.75142 0.45649 -0.82652 0.77912 0.64695 -0.68282 -0.74379 0.81314 0.34929 -0.84709 -0.86713 -0.12861 0.59902 0.95702 0.97411 0.78145 0.48824 0.16683 -0.15907 -0.47321 -0.7399 -0.92865 -1 -0.88611 -0.58008 -0.19091 0.1652 0.45599 0.68469 0.85237 0.94982 0.99222 0.99993 0.9973 0.99623 0.99977 0.9979 0.98632 0.95636 0.90543 0.83552
0.0080998 0.010347 0.04975 -0.042173 0.024089 -0.51142 -0.44535 0.76522 -0.82011 0.56712 -0.88223 0.70247 0.72489 -0.60599 -0.80234 0.75858 0.42808 -0.80086 -0.90309 -0.20136 0.54112 0.93527 0.98676 0.81862 0.53933 0.22305 -0.10409 -0.42541 -0.70413 -0.90893 -1 -0.90688 -0.61656 -0.23429 0.1225 0.41824 0.65437 0.83089 0.93698 0.9868 1 0.9993 0.99872 1 0.99515 0.98035 0.94641 0.89154 0.81807
0.027625 0.025951 0.010993 -0.077853 0.084405 -0.54445 -0.47991 0.70197 -0.86861 0.66527 -0.9228 0.61697 0.79316 -0.52376 -0.85278 0.6985 0.50279 -0.74995 -0.9333 -0.27216 0.48128 0.90961 0.99521 0.85226 0.58793 0.27788 -0.049445 -0.37697 -0.66695 -0.88721 -0.9977 -0.92545 -0.65135 -0.27672 0.08009 0.38022 0.62333 0.80838 0.9229 0.98005 0.99873 1 0.99996 0.99906 0.99132 0.9734 0.93561 0.87694 0.80006
0.03669 0.036663 -0.028946 -0.10795 0.13658 -0.55116 -0.49578 0.61984 -0.89653 0.7495 -0.9481 0.52412 0.85128 -0.43717 -0.89494 0.63358 0.57304 -0.69487 -0.95777 -0.3407 0.41984 0.8803 0.99958 0.88237 0.63395 0.33119 0.0047014 -0.32807 -0.62849 -0.86361 -0.99318 -0.94184 -0.68444 -0.31812 0.038031 0.34201 0.59166 0.78492 0.90767 0.97204 0.99617 0.99945 1 0.99699 0.98646 0.96551 0.92401 0.86166 0.78152
0.028681 0.037493 -0.065441 -0.12995 0.17791 -0.53246 -0.49313 0.52184 -0.90401 0.81875 -0.95828 0.42543 0.89892 -0.34726 -0.92872 0.56451 0.63847 -0.63611 -0.97658 -0.40671 0.35718 0.84758 1 0.90894 0.67733 0.38286 0.058203 -0.27886 -0.58891 -0.83828 -0.98653 -0.95609 -0.71581 -0.35846 -0.003602 0.30368 0.55944 0.76056 0.89134 0.96282 0.99237 0.99768 0.99888 0.99384 0.98061 0.95674 0.91164 0.84576 0.7625
0.0054101 0.026422 -0.09444 -0.14203 0.20661 -0.49036 -0.47277 0.41126 -0.89163 0.87227 -0.95373 0.32243 0.93593 -0.25505 -0.95413 0.49198 0.6988 -0.57417 -0.9898 -0.46991 0.29362 0.81173 0.9966 0.93202 0.718 0.43278 0.11092 -0.2295 -0.54836 -0.81132 -0.97784 -0.96825 -0.74545 -0.39768 -0.044745 0.26531 0.52675 0.73539 0.87397 0.95245 0.98737 0.99475 0.99663 0.98965 0.9738 0.94711 0.89854 0.82928 0.74303
-0.022881 0.0051491 -0.11287 -0.1432 0.22181 -0.42777 -0.43614 0.29151 -0.86039 0.90969 -0.93505 0.21658 0.96226 -0.16152 -0.97124 0.41667 0.75379 -0.50955 -0.99756 -0.5301 0.2295 0.77299 0.98953 0.95163 0.75592 0.48084 0.16273 -0.18012 -0.50696 -0.78286 -0.96721 -0.97837 -0.77336 -0.43576 -0.085338 0.22697 0.49365 0.70948 0.85563 0.94099 0.98124 0.99071 0.99331 0.98446 0.96609 0.93668 0.88476 0.81224 0.72314
-0.042491 -0.021339 -0.11893 -0.13335 0.22357 -0.34834 -0.38513 0.16605 -0.81162 0.93091 -0.90299 0.10932 0.97799 -0.067593 -0.9802 0.33923 0.80326 -0.44272 -1 -0.58707 0.16513 0.73165 0.97894 0.96782 0.79107 0.52697 0.2135 -0.13085 -0.46486 -0.75302 -0.95471 -0.98648 -0.79956 -0.47265 -0.12533 0.18872 0.46022 0.68288 0.83638 0.92848 0.97401 0.98558 0.98895 0.97831 0.95751 0.92548 0.87034 0.79469 0.70288
-0.043388 -0.046165 -0.11219 -0.11322 0.2127 -0.25616 -0.32203 0.038283 -0.74697 0.93616 -0.85851 0.0020286 0.98332 0.02583 -0.98121 0.26029 0.84709 -0.37416 -0.9973 -0.64066 0.10079 0.68794 0.96499 0.98066 0.82342 0.5711 0.26314 -0.081834 -0.42218 -0.72191 -0.94045 -0.99264 -0.82404 -0.50833 -0.16466 0.15063 0.42651 0.65567 0.81628 0.91499 0.96573 0.97942 0.9836 0.97124 0.9481 0.91355 0.8553 0.77666 0.68228
-0.024448 -0.062473 -0.093563 -0.084327 0.19068 -0.1556 -0.24939 -0.088541 -0.66831 0.92591 -0.80265 -0.10401 0.97856 0.11792 -0.97454 0.18048 0.88518 -0.30431 -0.98964 -0.69074 0.036772 0.64212 0.94784 0.99022 0.85297 0.61316 0.31155 -0.033176 -0.37905 -0.68966 -0.92452 -0.99691 -0.84681 -0.54277 -0.20329 0.11274 0.3926 0.62791 0.79539 0.90056 0.95645 0.97228 0.97729 0.96329 0.9379 0.90092 0.83969 0.75819 0.66136
0.0059763 -0.065294 -0.06518 -0.048799 0.15947 -0.051096 -0.16993 -0.21138 -0.57768 0.90086 -0.73658 -0.20759 0.96411 0.20791 -0.96051 0.10038 0.91749 -0.23362 -0.97724 -0.73718 -0.026672 0.59446 0.92768 0.99656 0.87971 0.6531 0.35863 0.015011 -0.33558 -0.65636 -0.907 -0.99935 -0.86789 -0.57596 -0.24118 0.07513 0.35854 0.59965 0.77377 0.88524 0.94621 0.96418 0.97006 0.9545 0.92695 0.88765 0.82355 0.73931 0.64017
0.03425 -0.052867 -0.030068 -0.009206 0.12139 0.053072 -0.0864 -0.32747 -0.47726 0.86194 -0.66154 -0.3076 0.94043 0.29509 -0.93947 0.020544 0.94403 -0.16249 -0.9603 -0.77991 -0.089296 0.54518 0.90466 0.99979 0.90367 0.69088 0.40431 0.062623 -0.29188 -0.62214 -0.88798 -1 -0.88731 -0.60788 -0.27829 0.037833 0.32438 0.57096 0.75146 0.8691 0.93507 0.95518 0.96196 0.94491 0.91529 0.87375 0.80691 0.72006 0.61872
0.04803 -0.027099 0.0081735 0.031649 0.0789 0.15291 -0.0015483 -0.43436 -0.36927 0.81024 -0.57884 -0.40304 0.90808 0.3788 -0.91182 -0.058506 0.96482 -0.091334 -0.93908 -0.81886 -0.15087 0.49452 0.87897 1 0.92486 0.72646 0.44851 0.10956 -0.24807 -0.58709 -0.86756 -0.99893 -0.90507 -0.63851 -0.31458 0.00090127 0.29019 0.54188 0.72853 0.85216 0.92306 0.94532 0.95302 0.93455 0.90295 0.85927 0.7898 0.70046 0.59705
0.041822 0.0068972 0.045759 0.070941 0.034476 0.24484 0.082018 -0.52997 -0.25597 0.74698 -0.48979 -0.49301 0.86764 0.45848 -0.87799 -0.13628 0.97994 -0.020512 -0.91381 -0.85397 -0.2112 0.44273 0.85077 0.99728 0.94332 0.75984 0.49119 0.15575 -0.20424 -0.55131 -0.84581 -0.9962 -0.92121 -0.66786 -0.35003 -0.035621 0.25601 0.51248 0.70501 0.83449 0.91022 0.93463 0.94328 0.92347 0.88997 0.84424 0.77225 0.68055 0.57519
0.018977 0.042008 0.079091 0.10602 -0.0095169 0.32584 0.16188 -0.61259 -0.13959 0.67351 -0.39573 -0.57673 0.81977 0.53361 -0.83842 -0.21233 0.9895 0.049619 -0.88474 -0.88525 -0.27007 0.39001 0.82025 0.99175 0.95909 0.79098 0.53227 0.20109 -0.16049 -0.5149 -0.82283 -0.99186 -0.93574 -0.6959 -0.3846 -0.071694 0.2219 0.48281 0.68098 0.81613 0.89661 0.92315 0.93278 0.9117 0.87638 0.8287 0.7543 0.66035 0.55315
-0.010449 0.070737 0.10509 0.1346 -0.050949 0.39346 0.23587 -0.6809 -0.022265 0.59125 -0.29799 -0.65353 0.76516 0.60374 -0.79358 -0.28623 0.99362 0.11873 -0.85213 -0.91267 -0.32733 0.33658 0.78758 0.9835 0.9722 0.81989 0.57171 0.24552 -0.1169 -0.47796 -0.7987 -0.98598 -0.9487 -0.72265 -0.41828 -0.10728 0.18789 0.4529 0.65646 0.79712 0.88226 0.91094 0.92155 0.89926 0.86221 0.81267 0.73597 0.63989 0.53098
-0.034525 0.086854 0.12145 0.15486 -0.088003 0.44589 0.30211 -0.73396 0.093939 0.50166 -0.19787 -0.72284 0.7045 0.6685 -0.74395 -0.35762 0.99246 0.18651 -0.81624 -0.93626 -0.3828 0.28265 0.75293 0.97266 0.98272 0.84656 0.60948 0.28896 -0.073575 -0.44056 -0.7735 -0.97862 -0.96012 -0.74809 -0.45103 -0.14234 0.15403 0.42281 0.63151 0.77751 0.86721 0.89801 0.90963 0.88621 0.84751 0.79619 0.7173 0.61921 0.50868
-0.044509 0.086686 0.12682 0.16559 -0.11924 0.48198 0.35905 -0.77122 0.20711 0.40626 -0.096634 -0.78423 0.63853 0.72756 -0.69003 -0.42613 0.9862 0.25269 -0.77734 -0.95604 -0.43634 0.22842 0.71647 0.95933 0.99069 0.871 0.64555 0.33136 -0.03058 -0.40281 -0.74732 -0.96984 -0.97003 -0.77224 -0.48285 -0.17685 0.12036 0.39259 0.60617 0.75734 0.85151 0.88441 0.89706 0.87257 0.8323 0.77928 0.69832 0.59832 0.48629
-0.037957 0.069824 0.1209 0.1662 -0.14361 0.50122 0.4055 -0.79249 0.31548 0.30653 0.0045203 -0.83733 0.56799 0.78069 -0.6323 -0.49147 0.97503 0.317 -0.73569 -0.97207 -0.48783 0.17407 0.67837 0.94364 0.99619 0.89323 0.67987 0.37266 0.012006 -0.36479 -0.72022 -0.95969 -0.97846 -0.7951 -0.51372 -0.21077 0.086915 0.36227 0.58049 0.73666 0.83518 0.87018 0.88387 0.85837 0.81661 0.76199 0.67904 0.57724 0.46382
-0.018859 0.039123 0.10435 0.15676 -0.1605 0.50368 0.4406 -0.7979 0.41748 0.20396 0.10445 -0.88192 0.49361 0.82767 -0.57127 -0.55338 0.95919 0.3792 -0.69155 -0.9844 -0.53716 0.11977 0.63881 0.92571 0.99927 0.91326 0.71245 0.4128 0.054114 -0.32656 -0.69229 -0.94825 -0.98545 -0.81668 -0.54362 -0.24408 0.053736 0.3319 0.5545 0.71549 0.81828 0.85535 0.87009 0.84365 0.80047 0.74433 0.6595 0.55601 0.4413
0.0047711 5.9236e-05 0.078768 0.13793 -0.16967 0.49001 0.46386 -0.78791 0.51171 0.099981 0.2021 -0.91785 0.41612 0.86838 -0.50743 -0.6116 0.93889 0.43909 -0.64519 -0.99311 -0.58422 0.065705 0.59793 0.90565 1 0.93111 0.74325 0.45175 0.095678 -0.28821 -0.6636 -0.93557 -0.99102 -0.83698 -0.57254 -0.27676 0.020854 0.30151 0.52825 0.69389 0.80083 0.83996 0.85575 0.82843 0.78391 0.72633 0.63972 0.53465 0.41874
0.024456 -0.040389 0.046445 0.11091 -0.17125 0.4613 0.4751 -0.76324 0.59697 -0.0040273 0.29648 -0.94506 0.33624 0.90274 -0.44125 -0.66595 0.91438 0.49647 -0.59685 -0.99828 -0.62893 0.012024 0.55589 0.88359 0.99846 0.94682 0.77228 0.48947 0.13664 -0.24981 -0.63423 -0.92171 -0.99523 -0.85602 -0.60048 -0.30878 -0.011701 0.27114 0.50178 0.67189 0.78287 0.82403 0.84089 0.81275 0.76696 0.70801 0.61973 0.51317 0.39617
0.034369 -0.075074 0.010165 0.077367 -0.1657 0.41908 0.47448 -0.72487 0.67228 -0.10676 0.3867 -0.9636 0.25467 0.93072 -0.37322 -0.71626 0.8859 0.55118 -0.5468 -1 -0.67123 -0.041122 0.51286 0.85964 0.99473 0.96042 0.79952 0.52591 0.17694 -0.21143 -0.60423 -0.90673 -0.9981 -0.87381 -0.62743 -0.34012 -0.043898 0.24082 0.47511 0.64951 0.76444 0.80761 0.82554 0.79663 0.74965 0.68942 0.59955 0.4916 0.3736
0.03289 -0.097972 -0.027056 0.039255 -0.15374 0.36519 0.46243 -0.67397 0.73685 -0.207 0.47196 -0.97357 0.17209 0.95232 -0.30378 -0.76238 0.85373 0.60307 -0.49527 -0.99838 -0.71104 -0.093595 0.46897 0.83393 0.98888 0.97195 0.82498 0.56105 0.21652 -0.17313 -0.57369 -0.89068 -0.99968 -0.89037 -0.65339 -0.37077 -0.075712 0.2106 0.44829 0.62681 0.74557 0.79071 0.80972 0.78011 0.732 0.67056 0.57919 0.46996 0.35105
0.02233 -0.10519 -0.062226 -0.0012626 -0.1363 0.30172 0.43964 -0.61187 0.79011 -0.30362 0.55156 -0.97517 0.089158 0.96762 -0.2334 -0.80422 0.81812 0.65201 -0.44251 -0.99353 -0.74832 -0.14526 0.42438 0.80657 0.98098 0.98144 0.84867 0.59487 0.25535 -0.13497 -0.54266 -0.87363 -1 -0.90572 -0.67835 -0.40071 -0.10712 0.18049 0.42135 0.60381 0.72628 0.77338 0.79347 0.76321 0.71404 0.65146 0.5587 0.44826 0.32853
0.007326 -0.095534 -0.092617 -0.041962 -0.11445 0.2309 0.40701 -0.54005 0.83167 -0.3956 0.62488 -0.96864 0.0064827 0.97671 -0.16249 -0.84171 0.77934 0.69789 -0.38875 -0.98556 -0.78305 -0.19601 0.37921 0.77768 0.97114 0.98894 0.87058 0.62734 0.29338 -0.097007 -0.51122 -0.85563 -0.9991 -0.91986 -0.70232 -0.42993 -0.13809 0.15052 0.39432 0.58055 0.70662 0.75565 0.77681 0.74595 0.69579 0.63215 0.53807 0.42653 0.30607
-0.0071974 -0.07061 -0.11596 -0.080683 -0.089358 0.15505 0.36563 -0.46007 0.86133 -0.48203 0.69142 -0.95429 -0.075346 0.97973 -0.091472 -0.87479 0.73767 0.74064 -0.33421 -0.97461 -0.81518 -0.24571 0.3336 0.74738 0.95941 0.9945 0.89075 0.65845 0.33056 -0.059301 -0.47941 -0.83673 -0.99702 -0.93282 -0.72529 -0.45841 -0.16861 0.12074 0.36723 0.55705 0.68662 0.73753 0.75977 0.72837 0.67728 0.61265 0.51734 0.40477 0.28367
-0.017652 -0.034412 -0.13061 -0.11544 -0.062205 0.076495 0.31673 -0.37354 0.87908 -0.56212 0.75075 -0.93249 -0.15578 0.97685 -0.020726 -0.90343 0.69337 0.78018 -0.27912 -0.96078 -0.84472 -0.29428 0.28769 0.71578 0.9459 0.99816 0.90917 0.68818 0.36687 -0.0219 -0.44729 -0.81699 -0.9938 -0.94463 -0.74727 -0.48615 -0.19866 0.091148 0.34012 0.53335 0.66629 0.71907 0.74238 0.71048 0.65853 0.59297 0.49652 0.38302 0.26134
-0.022505 0.0074184 -0.13562 -0.14453 -0.034156 -0.0025171 0.26163 -0.28209 0.88508 -0.63517 0.80255 -0.90365 -0.2343 0.96828 0.049378 -0.92765 0.64671 0.81645 -0.22367 -0.94423 -0.87165 -0.34162 0.24159 0.683 0.93068 0.99997 0.92588 0.71653 0.40226 0.015148 -0.41493 -0.79647 -0.98948 -0.9553 -0.76827 -0.51313 -0.22822 0.061785 0.313 0.50947 0.64568 0.70028 0.72467 0.69231 0.63957 0.57314 0.47562 0.36128 0.23911
-0.022084 0.048547 -0.13078 -0.16658 -0.0063069 -0.079853 0.20174 -0.18738 0.87961 -0.70063 0.84658 -0.8682 -0.31045 0.95424 0.11849 -0.94747 0.59795 0.84943 -0.16807 -0.92508 -0.89597 -0.38764 0.19541 0.64913 0.91383 1 0.94088 0.74349 0.43672 0.051798 -0.38238 -0.77521 -0.9841 -0.96485 -0.78828 -0.53935 -0.25728 0.032669 0.2859 0.48545 0.6248 0.68119 0.70665 0.67389 0.6204 0.55318 0.45468 0.33957 0.21699
-0.017806 0.082947 -0.11662 -0.18062 0.020347 -0.15355 0.13846 -0.090992 0.86312 -0.75804 0.88269 -0.82663 -0.38379 0.93497 0.1863 -0.96293 0.54737 0.87909 -0.11251 -0.90347 -0.91771 -0.43226 0.14928 0.6143 0.89544 0.99829 0.95422 0.76906 0.47021 0.088008 -0.34968 -0.75326 -0.97769 -0.9733 -0.80732 -0.56481 -0.28581 0.003821 0.25885 0.4613 0.60368 0.66183 0.68835 0.65523 0.60106 0.5331 0.4337 0.3179 0.19497
-0.011329 0.10578 -0.094278 -0.1861 0.044944 -0.22187 0.073229 0.0055249 0.83617 -0.80704 0.9108 -0.77943 -0.45393 0.91076 0.25249 -0.9741 0.49522 0.90543 -0.057168 -0.87954 -0.93687 -0.47542 0.10329 0.57859 0.8756 0.9949 0.96591 0.79324 0.50272 0.12374 -0.31689 -0.73068 -0.9703 -0.98069 -0.8254 -0.5895 -0.31381 -0.024738 0.23188 0.43706 0.58236 0.64223 0.66979 0.63636 0.58156 0.51293 0.41269 0.29628 0.17309
-0.0039642 0.11405 -0.065449 -0.18292 0.066771 -0.2833 0.0074148 0.10071 0.79941 -0.84742 0.93093 -0.72713 -0.52052 0.88188 0.3168 -0.98106 0.44174 0.92846 -0.0022115 -0.85342 -0.95349 -0.51705 0.05754 0.54213 0.85438 0.98988 0.97599 0.81602 0.53422 0.15895 -0.28406 -0.70751 -0.96196 -0.98702 -0.84252 -0.61342 -0.34126 -0.05299 0.205 0.41274 0.56085 0.62239 0.651 0.6173 0.56193 0.49268 0.39168 0.27473 0.15134
0.0034638 0.10688 -0.0322 -0.17135 0.085276 -0.3366 -0.057657 0.19319 0.7536 -0.87902 0.94315 -0.67025 -0.58326 0.84863 0.37897 -0.9839 0.38718 0.94819 0.052197 -0.82527 -0.96759 -0.5571 0.012132 0.50499 0.83187 0.98329 0.98449 0.83742 0.5647 0.19362 -0.25122 -0.6838 -0.95272 -0.99234 -0.8587 -0.63656 -0.36816 -0.080919 0.17823 0.38838 0.53917 0.60236 0.632 0.59807 0.54217 0.47236 0.37068 0.25326 0.12973
0.010428 0.085572 0.0031766 -0.15208 0.10007 -0.3808 -0.12075 0.28171 0.69957 -0.90182 0.94759 -0.60934 -0.64188 0.81133 0.43877 -0.98274 0.33179 0.96466 0.10591 -0.79521 -0.97923 -0.59552 -0.032849 0.46728 0.80814 0.9752 0.99143 0.85745 0.59414 0.22771 -0.21842 -0.65959 -0.9426 -0.99666 -0.87394 -0.65894 -0.39449 -0.10851 0.15161 0.36399 0.51736 0.58215 0.61281 0.57868 0.52231 0.452 0.3497 0.23188 0.10829
0.016367 0.053231 0.038336 -0.12607 0.11093 -0.41521 -0.18073 0.36514 0.63819 -0.91586 0.94446 -0.54493 -0.69615 0.77028 0.496 -0.97771 0.27578 0.9779 0.15878 -0.76339 -0.98843 -0.63227 -0.077318 0.42908 0.78329 0.96566 0.99686 0.87612 0.62254 0.26119 -0.1857 -0.63492 -0.93166 -1 -0.88826 -0.68054 -0.42025 -0.13574 0.12514 0.33959 0.49542 0.56177 0.59345 0.55916 0.50237 0.43161 0.32876 0.21061 0.087
