0.0048199 -0.0003414 -0.027097 -0.073189 0.0011167 0.097787 -0.14862 -0.16605 0.012859 -0.046662 0.20016 0.49469 0.14675 -0.11426 0.12383 0.73276 0.2236 -0.79361 0.66296 -0.37862 0.24104 -0.30978 0.58653 -0.83982 0.43775 0.69499 -0.75157 0.087509 0.72663 -0.6696 -0.44847 0.71761 0.67853 -0.32495 -0.87308 -0.0046545 0.85417 0.55844 -0.50211 -0.86412 -0.14422 0.67962 0.88977 0.44061 -0.29207 -0.81862 -0.87206 -0.44304 0.22924
-0.0018411 -0.0010589 -0.003242 -0.020629 0.011883 0.053003 0.042471 0.10744 0.016565 -0.19013 0.58796 0.3784 0.2085 0.21958 0.65519 0.50546 -0.74559 0.11345 0.19323 -0.41363 0.41694 -0.21754 -0.24824 0.80092 -0.59463 -0.66818 0.75749 0.030409 -0.83241 0.46686 0.72904 -0.39584 -0.89312 -0.2434 0.7688 0.6426 -0.38452 -0.90843 -0.32423 0.6771 0.86242 0.23755 -0.5244 -0.91498 -0.73377 -0.15547 0.48562 0.88921 0.84563
0.0057874 -0.024346 -0.046354 -0.022232 -0.021167 -0.009581 0.07844 -0.10896 0.090084 -0.00078259 0.65643 0.46624 0.52892 0.70386 0.601 -0.63173 -0.13179 0.6814 -0.75532 0.79162 -0.73052 0.49 0.079695 -0.78519 0.56294 0.7604 -0.61691 -0.35122 0.8753 -0.0031224 -0.89697 -0.22571 0.70993 0.81687 -0.09579 -0.89326 -0.50969 0.41838 0.91278 0.31586 -0.58323 -0.92327 -0.60547 0.069734 0.68375 0.92959 0.74048 0.20964 -0.41752
-0.00025246 0.013961 -0.027483 0.020241 -0.049938 0.05857 -0.055144 0.080644 0.019972 0.17132 0.69972 0.69543 0.68605 0.41823 -0.5682 -0.2981 0.77662 -0.84649 0.85328 -0.86247 0.82718 -0.56275 -0.11312 0.84401 -0.35884 -0.87776 0.25976 0.73831 -0.61848 -0.60009 0.60546 0.82295 0.04355 -0.76909 -0.75091 0.22675 0.89757 0.62888 -0.32558 -0.91721 -0.5832 0.17963 0.7713 0.9188 0.5965 0.017342 -0.55222 -0.89951 -0.86892
-0.00048636 -0.0043611 0.006526 0.10645 -0.12508 -0.11131 -0.099953 -0.024863 -0.10998 0.21861 0.62183 0.57788 -0.03456 -0.70025 -0.3449 0.82471 -0.82428 0.68665 -0.78742 0.85757 -0.83898 0.4795 0.32895 -0.88561 -0.053116 0.81256 0.31944 -0.88118 -0.055755 0.89788 0.21493 -0.74907 -0.83395 -0.14112 0.75087 0.78095 -0.046967 -0.78618 -0.79851 0.014334 0.76503 0.90472 0.51535 -0.12111 -0.67909 -0.93023 -0.81955 -0.39359 0.18556
0.0018024 -0.0083764 -0.043377 0.082279 0.01433 0.16285 0.17185 -0.08068 -0.18356 0.094268 0.066259 -0.33061 -0.76275 -0.072512 0.82935 -0.80129 0.63782 -0.52988 0.75786 -0.87509 0.77943 -0.2192 -0.65536 0.72378 0.58949 -0.34827 -0.83452 0.42955 0.78019 -0.39236 -0.8917 -0.19598 0.62852 0.91228 0.34451 -0.6171 -0.90849 -0.40963 0.50183 0.92897 0.55004 -0.15922 -0.72389 -0.93668 -0.74695 -0.28419 0.26346 0.72989 0.9392
0.0081679 0.0065637 0.013775 0.029704 0.062171 -0.15084 0.078237 -0.041403 -0.15091 -0.26085 -0.7399 -0.71574 0.40113 0.69351 -0.79984 0.60146 -0.4955 0.50318 -0.81267 0.88366 -0.56676 -0.22909 0.89144 -0.19924 -0.90777 -0.43485 0.74177 0.47613 -0.74858 -0.61301 0.46694 0.91894 0.52534 -0.25791 -0.89012 -0.64568 0.19019 0.82429 0.80869 0.065781 -0.67672 -0.93661 -0.72302 -0.21195 0.36175 0.78247 0.94211 0.80268 0.39985
0.010713 -0.032222 -0.013021 -0.022353 -0.04639 -0.094478 -0.015224 -0.022699 0.071635 -0.54645 -0.31527 0.62508 0.30293 -0.84842 0.6088 -0.46793 0.49143 -0.61612 0.8925 -0.75812 0.11343 0.72343 -0.72115 -0.54683 0.56034 0.90926 0.13399 -0.89522 -0.24913 0.81057 0.68116 -0.18182 -0.80876 -0.87519 -0.24392 0.64165 0.92275 0.51967 -0.33194 -0.90449 -0.77836 -0.22508 0.37487 0.80936 0.9413 0.76949 0.37946 -0.13259 -0.60855
0.0073328 -0.00080166 -0.019829 0.09984 0.0092342 0.16786 -0.011904 -0.10122 0.42432 -0.03974 0.84794 0.098418 -0.72219 0.77137 -0.48192 0.47608 -0.62302 0.80489 -0.84856 0.35406 0.50527 -0.89166 0.0028922 0.90832 0.38318 -0.38476 -0.8955 0.090776 0.91232 0.29712 -0.6842 -0.89992 -0.45318 0.26342 0.87244 0.75137 0.035107 -0.65357 -0.92782 -0.47175 0.26831 0.79154 0.94173 0.75277 0.32714 -0.17097 -0.60834 -0.89288 -0.931
-0.011122 -0.033111 -0.019898 -0.10822 -0.033058 0.20391 0.027778 -0.28718 0.35395 0.63076 -0.37812 -0.64959 0.84919 -0.6866 0.4909 -0.61797 0.81959 -0.9158 0.50013 0.31276 -0.90594 0.37832 0.79245 -0.3161 -0.92055 -0.68906 0.36236 0.88563 -0.029248 -0.88467 -0.62517 0.179 0.76677 0.92217 0.47359 -0.38021 -0.8978 -0.8257 -0.17684 0.60366 0.93864 0.78212 0.34975 -0.18118 -0.63714 -0.89983 -0.93492 -0.737 -0.34653
-0.0011938 0.028735 -0.034469 0.11311 0.049709 0.14656 0.044317 -0.35748 -0.41106 -0.30297 -0.29463 0.87052 -0.85797 0.68895 -0.62866 0.8221 -0.92149 0.72402 0.17934 -0.8676 0.59115 0.55985 -0.73475 -0.71898 0.16493 0.7249 0.79471 -0.28988 -0.92118 -0.29582 0.62716 0.932 0.65947 0.063703 -0.66013 -0.92986 -0.54004 0.12553 0.78787 0.9059 0.47777 -0.11722 -0.60772 -0.89836 -0.93126 -0.73559 -0.38116 0.073601 0.51675
0.0092858 0.018585 0.0050541 -0.12458 0.13617 0.1114 -0.038168 0.069872 -0.30483 -0.31309 0.71345 -0.91155 0.86447 -0.78101 0.82695 -0.92997 0.70575 -0.10454 -0.82625 0.71736 0.36799 -0.88522 -0.32025 0.71957 0.88112 0.50919 -0.4836 -0.88466 -0.039346 0.83309 0.78852 0.14873 -0.47497 -0.87735 -0.84401 -0.21943 0.50259 0.90189 0.80852 0.18807 -0.4815 -0.87077 -0.93988 -0.74699 -0.37361 0.0625 0.4723 0.79681 0.94922
0.0061189 0.023312 -0.055466 0.053343 0.093676 0.093535 -0.21002 0.50155 0.65451 0.67668 -0.88149 0.91498 -0.89233 0.89447 -0.9348 0.72122 -0.065479 -0.67294 0.78828 0.21931 -0.92572 -0.014976 0.91583 0.49188 -0.34869 -0.77367 -0.81671 0.16401 0.90892 0.57171 -0.29076 -0.84586 -0.9204 -0.62358 0.05354 0.74219 0.93824 0.66185 -0.024628 -0.69929 -0.94809 -0.79699 -0.4296 0.03356 0.46977 0.78426 0.94047 0.91747 0.70468
0.0015404 -0.00087971 0.044919 0.021546 0.027234 0.045411 -0.15433 -0.20879 -0.43229 -0.75819 0.92918 -0.93455 0.88742 -0.88927 0.74045 -0.087624 -0.70467 0.90686 0.12048 -0.92818 0.17651 0.91919 0.060097 -0.80543 -0.87947 -0.58253 0.31894 0.92961 0.39641 -0.54984 -0.93915 -0.67938 -0.17674 0.38415 0.86851 0.86275 0.37826 -0.23365 -0.8104 -0.92246 -0.57349 -0.060402 0.40735 0.76202 0.93849 0.92664 0.75346 0.43487 0.026598
-0.014984 0.020348 -0.03404 0.050013 0.01291 -0.029127 0.28562 -0.39692 0.012021 0.7172 -0.94144 0.94225 -0.73833 0.59512 -0.13011 -0.68935 0.90304 -0.1532 -0.92145 0.30924 0.87963 -0.21849 -0.93391 -0.51045 0.22642 0.6256 0.92335 0.25078 -0.68702 -0.89777 -0.35514 0.31952 0.75656 0.94304 0.75027 0.11788 -0.52599 -0.89123 -0.87137 -0.3766 0.24195 0.69747 0.9212 0.93675 0.76627 0.47205 0.11091 -0.28641 -0.64106
0.018976 0.0036685 0.038115 0.11627 0.065279 0.001279 0.15851 0.64868 0.33072 -0.68128 0.92573 -0.84557 0.3361 0.038622 -0.64936 0.92272 -0.12382 -0.83649 0.39677 0.83235 -0.3805 -0.91157 -0.11075 0.7149 0.94102 0.82396 0.13501 -0.77268 -0.83923 -0.11332 0.63743 0.93782 0.86437 0.53856 -0.081678 -0.71302 -0.94897 -0.7948 -0.24599 0.43406 0.85706 0.95164 0.8128 0.5163 0.13811 -0.23925 -0.5696 -0.82764 -0.95382
-0.0076272 -0.02561 -0.006005 0.1168 0.15325 0.14604 -0.46574 -0.51884 -0.53241 0.70537 -0.82401 0.52789 0.29328 -0.73634 0.94681 -0.1819 -0.8529 0.63456 0.79326 -0.49253 -0.86526 0.14734 0.91009 0.73764 0.17763 -0.18648 -0.82731 -0.78133 0.031054 0.78429 0.91812 0.58253 0.13321 -0.34873 -0.81889 -0.92971 -0.61239 -0.10578 0.53504 0.92206 0.89317 0.60428 0.22355 -0.18412 -0.54302 -0.79874 -0.93733 -0.94699 -0.80957
0.0047781 0.019251 -0.014538 0.099713 0.18101 -0.010858 0.31527 0.24684 0.62207 -0.78581 0.5452 0.049366 -0.85088 0.91281 -0.28755 -0.82408 0.62879 0.61029 -0.57103 -0.81495 0.30011 0.94339 0.42429 -0.37351 -0.83086 -0.93113 -0.73161 0.13357 0.84818 0.83988 0.28483 -0.30726 -0.69557 -0.91889 -0.88414 -0.43853 0.15298 0.63343 0.94218 0.82102 0.39815 -0.073767 -0.46626 -0.76373 -0.92877 -0.95568 -0.86092 -0.64391 -0.32715
0.019854 -0.061033 -0.092804 0.1223 0.064981 -0.26164 0.060136 -0.0087406 -0.62711 0.86606 -0.040175 -0.70084 0.84599 -0.2123 -0.75391 0.69952 0.61614 -0.7806 -0.77052 0.41272 0.9347 0.19392 -0.70061 -0.9425 -0.72815 -0.51507 0.20679 0.88407 0.78264 0.08884 -0.58948 -0.91032 -0.93895 -0.76929 -0.30587 0.33955 0.79373 0.95356 0.77591 0.25799 -0.29536 -0.68995 -0.90078 -0.96041 -0.87839 -0.69016 -0.42693 -0.093142 0.26361
0.0102 0.049166 -0.0093584 0.18768 -0.071438 0.24748 -0.39245 -0.13013 0.54082 -0.8371 -0.58014 0.98417 -0.079087 -0.77267 0.80419 0.53313 -0.7916 -0.56398 0.49973 0.91193 0.045836 -0.84021 -0.83154 -0.27685 0.25538 0.47593 0.90569 0.73816 -0.012378 -0.7208 -0.95151 -0.78409 -0.48062 -0.085361 0.45767 0.87892 0.93807 0.71927 0.19357 -0.41958 -0.81878 -0.95828 -0.91239 -0.73399 -0.46515 -0.15951 0.15427 0.47134 0.73912
0.02046 -0.017677 0.091881 0.22747 -0.044371 0.041205 0.59306 0.15795 -0.32905 0.57013 0.97574 -0.50803 -0.82328 0.79272 0.37416 -0.86426 -0.5482 0.73917 0.88469 -0.075587 -0.90321 -0.6935 0.11129 0.70855 0.93409 0.94958 0.70557 -0.078694 -0.7763 -0.92676 -0.57961 -0.098624 0.29014 0.63244 0.91864 0.89311 0.5625 0.11687 -0.46555 -0.87493 -0.95316 -0.80235 -0.54575 -0.22466 0.10991 0.40995 0.66018 0.85657 0.95814
0.013955 -0.031183 0.10624 0.13734 -0.019521 -0.34628 -0.69193 -0.071328 -0.032573 -0.019934 -0.74188 -0.48863 0.76503 0.34644 -0.94759 -0.42345 0.76791 0.72017 -0.18119 -0.93997 -0.58629 0.34109 0.90503 0.89154 0.63726 0.50104 -0.12293 -0.80854 -0.90709 -0.43911 0.18689 0.63165 0.85667 0.95492 0.85147 0.43303 -0.084316 -0.52159 -0.88991 -0.93384 -0.68683 -0.33331 0.015199 0.34821 0.62606 0.82188 0.936 0.96389 0.88543
0.017975 0.076278 0.067706 -0.044543 0.014459 0.51568 0.74286 -0.13333 0.49318 -0.62869 -0.13409 0.99656 0.34973 -0.95425 -0.20036 0.86543 0.68766 -0.49304 -0.96242 -0.48293 0.47905 0.95297 0.68878 0.16114 -0.25755 -0.38008 -0.8288 -0.8927 -0.37481 0.33486 0.81076 0.9566 0.91454 0.74919 0.34868 -0.22342 -0.67087 -0.90898 -0.92657 -0.6172 -0.16745 0.24099 0.55118 0.78458 0.92357 0.96695 0.92635 0.79479 0.57474
-0.019431 -0.02035 0.012018 -0.069387 0.11549 -0.55526 -0.77611 0.43696 -0.8662 0.93412 0.93141 -0.26463 -0.96283 -0.10354 0.9641 0.54472 -0.55472 -0.93646 -0.3788 0.5917 0.95637 0.50671 -0.22292 -0.70475 -0.90502 -0.92849 -0.88345 -0.3364 0.39397 0.87557 0.93521 0.73655 0.48739 0.17545 -0.30318 -0.75829 -0.95202 -0.91477 -0.60411 -0.084062 0.39298 0.71459 0.89164 0.96469 0.93885 0.8341 0.66627 0.42514 0.13167
-0.014675 -0.044692 -0.047659 0.030663 -0.19666 0.53537 0.78472 -0.75715 0.86273 -0.50522 -0.70342 -0.86402 -0.018545 0.97661 0.28212 -0.71941 -0.91489 -0.034097 0.69209 0.93908 0.3701 -0.44589 -0.90475 -0.93541 -0.80248 -0.76129 -0.31322 0.42679 0.89701 0.89111 0.5438 0.14289 -0.16417 -0.46116 -0.80188 -0.96181 -0.84948 -0.57821 -0.077308 0.45965 0.80714 0.95098 0.95673 0.86557 0.69914 0.48918 0.24925 -0.033161 -0.32587
0.010289 -0.015591 -0.076309 -0.096762 0.14099 -0.5205 -0.72467 0.92355 -0.30844 -0.44321 -0.4381 0.67417 0.98053 0.11682 -0.90408 -0.81197 0.068875 0.90152 0.90479 0.23459 -0.58318 -0.95734 -0.78194 -0.40446 -0.10001 -0.066135 0.44609 0.90801 0.87194 0.42683 -0.11119 -0.50086 -0.72159 -0.88134 -0.96125 -0.79084 -0.44172 -0.05302 0.45746 0.84121 0.96614 0.90793 0.75855 0.54388 0.29288 0.038996 -0.2105 -0.46802 -0.69804
-0.035614 -0.072646 -0.0039756 0.0040099 0.0063326 0.54812 0.52892 -0.73076 -0.54003 0.95912 0.98305 0.65858 -0.055925 -0.96159 -0.57167 0.32088 0.94615 0.70522 0.091042 -0.69896 -0.96213 -0.61904 -0.029473 0.41638 0.65375 0.65327 0.91474 0.86195 0.3852 -0.23638 -0.69447 -0.90385 -0.96101 -0.94107 -0.75691 -0.34557 0.10123 0.47197 0.83562 0.96653 0.85296 0.62684 0.37581 0.10192 -0.16714 -0.40431 -0.60959 -0.79223 -0.9203
0.014249 -0.078454 0.16091 0.24883 -0.16937 -0.62801 -0.14885 0.11166 0.9622 -0.30341 0.00062045 -0.80496 -0.98734 -0.35952 0.65198 0.98861 0.60652 -0.30211 -0.80317 -0.94058 -0.48268 0.21504 0.72674 0.92657 0.96521 0.96039 0.85719 0.36494 -0.27687 -0.77094 -0.95873 -0.92478 -0.82197 -0.65543 -0.29745 0.19875 0.59524 0.84043 0.96633 0.82866 0.52543 0.20208 -0.081798 -0.34788 -0.57582 -0.74964 -0.87513 -0.95569 -0.96788
-0.032615 -0.032001 0.193 -0.35159 0.30399 0.74016 -0.37218 0.65345 -0.39943 -0.79741 -0.99451 -0.6117 -0.10885 0.8264 0.90972 0.34739 -0.44779 -0.96577 -0.89229 -0.33411 0.38271 0.86645 0.95636 0.82429 0.68895 0.72274 0.35459 -0.29574 -0.79343 -0.95949 -0.82881 -0.59403 -0.39276 -0.15674 0.24295 0.66547 0.90183 0.96668 0.84077 0.48936 0.084119 -0.25439 -0.50653 -0.71068 -0.85667 -0.94092 -0.9722 -0.94636 -0.85109
0.02134 -0.0054452 -0.061899 0.17972 -0.39849 -0.82717 0.83181 -0.96353 -0.66563 0.72143 0.18501 0.76939 0.95408 0.73792 -0.080099 -0.71072 -0.98704 -0.64643 -0.16399 0.53794 0.93477 0.89145 0.55829 0.22863 0.035463 0.11625 -0.30575 -0.80373 -0.95852 -0.76052 -0.3925 -0.063809 0.15401 0.37583 0.69422 0.92979 0.95724 0.8429 0.51564 0.04814 -0.36137 -0.64252 -0.81564 -0.92503 -0.97067 -0.95998 -0.90161 -0.7837 -0.60543
0.028226 -0.013463 -0.19326 0.14013 0.45236 0.7938 -0.90716 0.39603 0.89487 0.54197 0.98411 0.74105 0.47071 -0.40785 -0.95328 -0.93423 -0.49349 0.27278 0.68844 0.97099 0.80615 0.33038 -0.16782 -0.47948 -0.61872 -0.52974 -0.80976 -0.95858 -0.74055 -0.28572 0.16753 0.47141 0.63651 0.7822 0.93943 0.94201 0.77261 0.52363 0.084775 -0.38932 -0.71868 -0.8927 -0.96256 -0.9673 -0.91505 -0.82117 -0.69169 -0.50819 -0.28017
-0.04956 -0.018631 0.057847 -0.44231 -0.45837 -0.53777 0.38873 0.62638 0.16394 -0.86947 -0.13392 -0.55928 -0.72189 -0.99089 -0.66933 -0.14896 0.46851 0.9334 0.97333 0.68765 0.14338 -0.41906 -0.78032 -0.91817 -0.95518 -0.91915 -0.95943 -0.73268 -0.25659 0.27379 0.65669 0.84667 0.92108 0.96328 0.93512 0.72385 0.4147 0.099033 -0.35033 -0.7353 -0.92791 -0.97276 -0.93769 -0.84759 -0.71574 -0.56173 -0.38749 -0.17035 0.072219
0.00082819 0.030526 0.076166 0.64965 0.39471 0.030289 0.48597 -0.94967 -0.98989 -0.4345 -1 -0.94446 -0.87438 -0.31556 0.36231 0.77132 0.98583 0.81416 0.52662 -0.056425 -0.59237 -0.90973 -0.96518 -0.89722 -0.85039 -0.91132 -0.72883 -0.24485 0.30148 0.729 0.93295 0.96974 0.94977 0.89448 0.7064 0.34765 -0.021754 -0.33276 -0.70354 -0.93379 -0.96609 -0.88569 -0.76197 -0.60058 -0.41677 -0.23086 -0.040291 0.17887 0.40416
0.021968 0.13912 -0.024523 -0.76769 -0.23007 0.57974 -0.98708 0.033659 0.15729 0.88228 -0.13013 0.1101 0.14467 0.72306 0.99322 0.945 0.65469 0.072514 -0.27685 -0.74672 -0.96498 -0.90123 -0.66929 -0.4678 -0.38909 -0.54577 -0.23785 0.31297 0.74713 0.95218 0.93784 0.83149 0.73956 0.61594 0.3263 -0.090975 -0.44055 -0.68767 -0.91782 -0.96424 -0.84336 -0.66154 -0.47683 -0.27467 -0.06965 0.12011 0.30102 0.4952 0.6782
0.049563 0.1975 0.0037815 0.83462 -0.054503 -0.94221 0.50014 0.95683 0.96859 0.51693 0.94233 0.99303 0.9676 0.93984 0.62904 0.27825 -0.19061 -0.7044 -0.88063 -0.97566 -0.80241 -0.44182 -0.072397 0.14963 0.21343 0.010167 0.32093 0.75513 0.95663 0.90177 0.69527 0.49082 0.36235 0.2094 -0.11078 -0.49843 -0.76385 -0.90892 -0.96952 -0.83762 -0.59417 -0.34679 -0.13335 0.078125 0.27566 0.44529 0.59596 0.74525 0.86947
-0.0015169 0.075547 -0.11683 -0.88366 0.42635 0.69859 0.58947 -0.47935 -0.25048 -0.78148 0.55231 0.52444 0.63297 0.16989 -0.31274 -0.60558 -0.87466 -0.98814 -0.93103 -0.65465 -0.23427 0.21296 0.54014 0.69089 0.72065 0.5474 0.76152 0.95913 0.89246 0.61606 0.28814 0.046022 -0.083215 -0.22854 -0.5133 -0.80138 -0.94312 -0.97163 -0.86553 -0.588 -0.26676 0.0061646 0.21722 0.41028 0.57713 0.70901 0.81576 0.90829 0.96595
0.024152 -0.079913 0.25614 0.92556 -0.76248 0.12754 -0.97341 -0.80546 -0.9744 -0.74212 -0.63299 -0.60246 -0.40128 -0.75285 -0.96195 -0.99723 -0.92961 -0.63958 -0.44555 0.0010272 0.43172 0.75733 0.91797 0.9593 0.96438 0.89375 0.96159 0.88881 0.59612 0.18695 -0.17398 -0.39603 -0.49886 -0.60952 -0.81002 -0.95634 -0.9618 -0.88048 -0.63584 -0.26251 0.086892 0.34772 0.53045 0.68404 0.80434 0.88806 0.94428 0.97594 0.96711
-0.047524 0.009618 -0.30273 -0.94274 0.85755 -0.89925 0.017592 0.67116 0.13931 0.49397 -0.93233 -0.98805 -0.99651 -0.96071 -0.80682 -0.6481 -0.37048 0.081132 0.26845 0.64 0.88694 0.97539 0.93725 0.88397 0.88805 0.96084 0.88571 0.58699 0.1615 -0.27325 -0.5854 -0.74482 -0.80676 -0.86892 -0.95911 -0.95124 -0.83151 -0.66292 -0.32423 0.088247 0.41909 0.63713 0.77313 0.87412 0.93975 0.9718 0.9772 0.95057 0.88161
-0.043153 0.014067 0.23408 0.89008 -0.53287 0.7914 0.98838 0.72645 1 0.96655 -0.021053 -0.25039 -0.59544 -0.32673 -0.030813 0.14076 0.40535 0.73931 0.82908 0.96774 0.95635 0.81004 0.62172 0.51938 0.54274 0.75379 0.57805 0.14871 -0.29843 -0.6616 -0.86641 -0.94139 -0.96051 -0.973 -0.94946 -0.80115 -0.58461 -0.36049 0.020737 0.41781 0.69183 0.84588 0.92499 0.96809 0.97801 0.96076 0.92015 0.84284 0.72462
0.025651 -0.29307 -0.096751 -0.70674 -0.16416 0.22678 -0.42163 -0.68711 0.16273 0.039742 0.89876 0.73969 0.35331 0.56271 0.75066 0.82005 0.92651 0.99283 0.98086 0.86732 0.64451 0.35396 0.10593 0.0035275 0.050973 0.35154 0.13528 -0.31214 -0.68117 -0.90492 -0.97434 -0.96344 -0.94734 -0.9186 -0.79651 -0.54054 -0.2653 -0.020173 0.35328 0.68906 0.87962 0.95863 0.97845 0.96526 0.92418 0.86441 0.7861 0.66911 0.51512
0.017009 0.12777 -0.050715 0.34705 0.827 -1 -0.87497 -0.7777 -0.92817 -0.93038 0.76271 0.96479 0.97253 0.99738 0.99912 0.98123 0.92623 0.74848 0.6888 0.41508 0.099855 -0.21177 -0.42997 -0.4999 -0.44156 -0.12808 -0.32724 -0.69269 -0.91485 -0.96886 -0.90458 -0.82227 -0.7838 -0.72768 -0.53462 -0.21447 0.078914 0.31299 0.63566 0.87692 0.96995 0.97235 0.93696 0.87436 0.79111 0.69844 0.59278 0.44883 0.27355
-0.02826 0.49428 0.16629 0.16784 -0.87663 0.43385 0.59359 0.55107 -0.59558 -0.68482 -0.20325 0.26731 0.77117 0.69333 0.59461 0.57181 0.44616 0.16065 0.11266 -0.18569 -0.46628 -0.69487 -0.82447 -0.85325 -0.80909 -0.56489 -0.70573 -0.92123 -0.96698 -0.85703 -0.68407 -0.55438 -0.50741 -0.43915 -0.20848 0.12973 0.40407 0.60116 0.84117 0.96892 0.96221 0.8943 0.81252 0.71097 0.59679 0.48219 0.36021 0.2023 0.019842
-0.026868 -0.65983 -0.22516 -0.69995 0.11832 0.7815 0.8228 0.91365 0.59178 0.39566 -0.93854 -0.65543 -0.031449 -0.082938 -0.16438 -0.13974 -0.24053 -0.48374 -0.49436 -0.70431 -0.86376 -0.95456 -0.97826 -0.97712 -0.97358 -0.86489 -0.92841 -0.96601 -0.84321 -0.6032 -0.36079 -0.21083 -0.167 -0.10003 0.13499 0.44902 0.67459 0.8168 0.95507 0.96414 0.86549 0.73931 0.62287 0.49468 0.36175 0.23627 0.10858 -0.051068 -0.22799
-0.015279 0.078856 0.21059 1 0.81213 -0.78882 -0.5901 -0.2328 0.95226 1 -0.73979 -1 -0.79385 -0.78801 -0.81106 -0.76266 -0.79996 -0.91168 -0.90072 -0.96919 -0.98134 -0.93408 -0.87008 -0.85985 -0.91431 -0.97609 -0.96438 -0.83394 -0.57926 -0.2599 0.0079415 0.15326 0.18646 0.24251 0.45317 0.70921 0.86587 0.9439 0.97395 0.87115 0.69582 0.52695 0.38886 0.2467 0.10685 -0.019318 -0.14333 -0.2941 -0.45482
-0.14386 0.66723 -0.10818 -0.82611 -0.87006 -0.51945 -0.87524 -1 0.070314 0.49424 0.13967 -0.53144 -0.98263 -0.99119 -1 -1 -0.99753 -0.97164 -0.97737 -0.91447 -0.80642 -0.66135 -0.54798 -0.54793 -0.66203 -0.89168 -0.82212 -0.5622 -0.22922 0.11351 0.36585 0.48735 0.50718 0.54724 0.71215 0.88728 0.96498 0.97748 0.90391 0.70539 0.47345 0.27896 0.13203 -0.012214 -0.14841 -0.26663 -0.37926 -0.51261 -0.64892
-0.53151 -1 -0.090876 0.16171 -0.1463 0.91714 0.42642 -0.26678 -0.88325 -0.51816 0.87625 0.33168 -0.5143 -0.61113 -0.66811 -0.77186 -0.77951 -0.66986 -0.72417 -0.58196 -0.41097 -0.22631 -0.10505 -0.12493 -0.28314 -0.64312 -0.54076 -0.20635 0.14653 0.46114 0.66566 0.75156 0.7595 0.78283 0.88908 0.97188 0.96991 0.9221 0.7583 0.48654 0.22023 0.016935 -0.12724 -0.26331 -0.38715 -0.49066 -0.58618 -0.69586 -0.80208
-1 0.83077 0.37597 0.62662 1 0.38589 0.97915 0.83228 -0.78494 -0.99886 0.86631 0.93497 0.26751 0.098178 -0.017297 -0.21321 -0.26289 -0.14035 -0.24723 -0.089525 0.08316 0.25273 0.35026 0.31316 0.13998 -0.2875 -0.17779 0.17206 0.49173 0.73799 0.87387 0.91983 0.9204 0.9297 0.9727 0.96243 0.8878 0.7897 0.55517 0.23599 -0.042452 -0.23931 -0.37109 -0.49086 -0.59578 -0.67989 -0.75456 -0.83659 -0.90949
-0.97772 -0.3993 -0.69719 -0.93546 -0.43928 -0.93304 -0.084819 0.79 0.18507 -0.5316 0.17266 0.88335 0.87252 0.74004 0.62645 0.42015 0.33849 0.42316 0.29257 0.4155 0.54457 0.6623 0.72073 0.67964 0.5274 0.10717 0.20367 0.51605 0.76164 0.91418 0.97267 0.9807 0.97992 0.98007 0.96241 0.86726 0.73261 0.5972 0.31486 -0.025203 -0.29531 -0.47298 -0.58505 -0.6827 -0.7644 -0.8264 -0.87832 -0.93087 -0.96943
-0.1243 -0.034715 0.95192 0.43333 -0.80243 -0.41467 -1 -0.26482 0.93977 0.40091 -0.63369 0.25868 0.97057 1 0.98044 0.87462 0.80742 0.84027 0.73632 0.801 0.8663 0.91863 0.9387 0.91229 0.8156 0.47515 0.54578 0.7808 0.92724 0.97621 0.95932 0.93601 0.93999 0.93666 0.8665 0.70123 0.52267 0.3642 0.057953 -0.27791 -0.52222 -0.67095 -0.75842 -0.83047 -0.88673 -0.92569 -0.95464 -0.9777 -0.98281
0.75289 0.33629 -1 0.46983 0.75515 0.87251 -0.40564 -0.97463 0.73311 0.97434 -0.96951 -0.51071 0.54552 0.78319 0.91832 0.99473 0.9979 0.99716 0.97114 0.98108 0.98656 0.98048 0.97441 0.98057 0.96543 0.76313 0.8036 0.93773 0.97626 0.92572 0.84391 0.79843 0.81209 0.81065 0.69979 0.48328 0.27839 0.11087 -0.19639 -0.50605 -0.71087 -0.82403 -0.88436 -0.92943 -0.95992 -0.97642 -0.98348 -0.9786 -0.95266
0.45877 -0.48492 0.72634 -0.84648 0.58341 0.58142 0.75562 -0.53536 -0.17094 0.75004 -0.64158 -0.9623 -0.148 0.22131 0.49509 0.76277 0.8704 0.86858 0.95225 0.92899 0.89474 0.85029 0.8351 0.88549 0.96429 0.93606 0.94924 0.97554 0.91186 0.77675 0.64597 0.58829 0.61453 0.61914 0.48122 0.23415 0.020226 -0.14367 -0.43158 -0.69715 -0.85287 -0.92692 -0.95961 -0.97816 -0.98407 -0.97988 -0.96719 -0.93708 -0.88363
-0.36234 0.51486 -0.14328 0.24226 -0.8719 -0.69698 0.86618 0.48746 -0.89916 -0.044858 0.090699 -0.86705 -0.75433 -0.42174 -0.10397 0.28195 0.48631 0.51004 0.70287 0.67336 0.62507 0.56641 0.55751 0.65417 0.82362 0.97911 0.97274 0.8987 0.7496 0.55205 0.39091 0.33021 0.36958 0.38265 0.23152 -0.025653 -0.23292 -0.38259 -0.63435 -0.84265 -0.94369 -0.97784 -0.98413 -0.97804 -0.96176 -0.93951 -0.9099 -0.8581 -0.78148
-0.14777 -0.46923 -0.53104 0.62225 -0.4788 -0.81168 -0.14928 0.97139 -0.83054 -0.78983 0.74945 -0.31494 -1 -0.88011 -0.65223 -0.27701 -0.026635 0.029925 0.29743 0.28276 0.2423 0.19007 0.19675 0.33121 0.57315 0.89635 0.8803 0.72426 0.51369 0.27925 0.10643 0.05011 0.10075 0.12277 -0.028761 -0.27735 -0.46479 -0.59214 -0.79509 -0.93771 -0.98227 -0.97805 -0.96051 -0.93276 -0.89749 -0.86036 -0.81709 -0.74766 -0.65262
0.27069 0.38065 0.92138 -0.61102 0.87709 0.34265 -0.95653 0.46495 -0.076835 -0.96948 0.95584 0.38249 -0.80261 -0.99063 -0.96715 -0.73973 -0.52061 -0.44638 -0.16375 -0.15504 -0.17555 -0.20913 -0.18565 -0.030884 0.25382 0.70705 0.69089 0.47785 0.23291 -0.012758 -0.18045 -0.22734 -0.16932 -0.13972 -0.28079 -0.50499 -0.6625 -0.76207 -0.90784 -0.98096 -0.97049 -0.93132 -0.89342 -0.8477 -0.79713 -0.74857 -0.69507 -0.61227 -0.50375
-0.13444 -0.27046 -0.72717 -0.25079 0.51412 0.95698 -0.61324 -0.47585 0.71965 -0.5032 0.6276 0.87964 -0.2755 -0.73729 -0.96348 -0.98015 -0.87006 -0.80909 -0.58033 -0.5535 -0.55352 -0.56607 -0.53223 -0.38042 -0.089519 0.44084 0.43195 0.1895 -0.063001 -0.29676 -0.44571 -0.48064 -0.42064 -0.38635 -0.50855 -0.69611 -0.81681 -0.8857 -0.97005 -0.97398 -0.91261 -0.84324 -0.78904 -0.72938 -0.66743 -0.6109 -0.55055 -0.45866 -0.34151
-0.052498 0.15472 0.023507 0.66723 -0.79575 0.189 0.41403 -0.95636 0.9563 0.27018 -0.023708 0.96308 0.34899 -0.23366 -0.66466 -0.94819 -0.99972 -0.98648 -0.87265 -0.84341 -0.83209 -0.82979 -0.79733 -0.67343 -0.41435 0.13257 0.13504 -0.11015 -0.34643 -0.54945 -0.66996 -0.69269 -0.63693 -0.60192 -0.69952 -0.84198 -0.92215 -0.95974 -0.98221 -0.92073 -0.81465 -0.72071 -0.65449 -0.58502 -0.51555 -0.45436 -0.39035 -0.29342 -0.17221
0.12722 -0.050865 0.66314 -0.0079471 -0.66102 -0.81523 0.96759 -0.58695 0.50167 0.86353 -0.64693 0.62546 0.82773 0.33593 -0.17865 -0.67112 -0.89473 -0.95433 -0.99407 -0.98249 -0.97446 -0.96888 -0.95156 -0.87808 -0.68525 -0.18242 -0.16813 -0.39296 -0.59408 -0.75283 -0.83925 -0.85141 -0.80624 -0.77505 -0.84491 -0.93759 -0.97636 -0.98395 -0.94729 -0.827 -0.68379 -0.57135 -0.49733 -0.42205 -0.34869 -0.28584 -0.22102 -0.12279 -0.0016867
-0.12046 -0.020332 -0.72859 -0.59544 0.5972 -0.72385 0.50803 0.26367 -0.28506 0.94773 -0.94443 0.03654 0.99792 0.78693 0.34609 -0.23454 -0.59454 -0.73354 -0.93451 -0.95839 -0.96879 -0.97291 -0.98321 -0.97673 -0.87681 -0.47219 -0.44893 -0.63556 -0.78833 -0.89485 -0.94531 -0.94985 -0.92111 -0.89833 -0.93968 -0.98132 -0.98027 -0.96067 -0.87023 -0.69975 -0.52786 -0.40307 -0.32521 -0.24777 -0.17377 -0.11189 -0.048716 0.047543 0.16487
0.1057 0.039646 0.10115 0.11901 0.8434 0.27037 -0.43991 0.88087 -0.86613 0.51081 -0.80243 -0.55269 0.82189 0.99148 0.76739 0.24748 -0.17594 -0.37894 -0.71658 -0.78606 -0.82604 -0.85064 -0.8969 -0.96574 -0.97485 -0.71088 -0.68399 -0.82063 -0.91782 -0.96947 -0.9853 -0.98587 -0.97838 -0.96817 -0.98221 -0.97454 -0.9372 -0.89429 -0.75736 -0.54667 -0.35485 -0.22361 -0.14547 -0.069073 0.0027584 0.061521 0.12105 0.21254 0.32298
-0.076426 -0.0011418 0.56649 0.51048 -0.24028 0.90816 -0.9458 0.80849 -0.89222 -0.18328 -0.31349 -0.91914 0.38069 0.90737 0.98537 0.66322 0.26871 0.036158 -0.38671 -0.5012 -0.57492 -0.62587 -0.71055 -0.85375 -0.97616 -0.88031 -0.85657 -0.93752 -0.97745 -0.97613 -0.96114 -0.96156 -0.97869 -0.98444 -0.97392 -0.92106 -0.85238 -0.79071 -0.6159 -0.37567 -0.17255 -0.040283 0.035113 0.10778 0.17515 0.22912 0.28345 0.36791 0.46894
0.024132 -0.075159 -0.53838 -0.12227 -0.92638 0.48206 -0.58306 0.14752 -0.38557 -0.7698 0.29417 -0.94554 -0.16971 0.57695 0.96086 0.92772 0.65217 0.43595 -0.0039279 -0.1518 -0.25524 -0.33221 -0.45124 -0.65885 -0.88716 -0.97048 -0.95698 -0.98203 -0.96773 -0.919 -0.87869 -0.88243 -0.9259 -0.94993 -0.91866 -0.82656 -0.73242 -0.65683 -0.45345 -0.1945 0.011784 0.14026 0.21046 0.27727 0.33844 0.38639 0.43442 0.51011 0.59978
0.022139 0.14105 -0.11222 -0.44479 -0.25137 -0.4593 0.27285 -0.59827 0.32816 -0.97518 0.7697 -0.64576 -0.65736 0.10311 0.71563 0.99671 0.90809 0.75549 0.37115 0.21049 0.088885 -0.007511 -0.15089 -0.40533 -0.72181 -0.97924 -0.98231 -0.95582 -0.89397 -0.80595 -0.74674 -0.75658 -0.82636 -0.86979 -0.8222 -0.69801 -0.58475 -0.50006 -0.27765 -0.010434 0.19159 0.31222 0.37537 0.43476 0.48847 0.52964 0.5707 0.63637 0.71329
-0.039244 -0.13993 0.52992 0.058331 0.74625 -0.88278 0.8772 -0.92323 0.84489 -0.73054 0.94047 -0.14061 -0.94687 -0.38613 0.31834 0.86952 1 0.94969 0.68561 0.53793 0.41519 0.31101 0.1579 -0.12036 -0.49923 -0.91128 -0.93568 -0.86537 -0.76514 -0.64751 -0.57604 -0.5938 -0.68817 -0.75084 -0.6916 -0.54314 -0.41718 -0.32794 -0.095806 0.16992 0.36122 0.47071 0.52554 0.57647 0.62196 0.65599 0.68977 0.74466 0.80795
0.033706 0.046779 -0.1936 0.38582 0.71249 -0.39859 0.76773 -0.648 0.90763 -0.17248 0.76457 0.39687 -0.97198 -0.77268 -0.13727 0.58279 0.92318 0.99747 0.90059 0.79229 0.68801 0.59083 0.4452 0.16899 -0.24124 -0.77675 -0.82506 -0.72081 -0.59276 -0.45575 -0.37835 -0.40481 -0.5205 -0.60103 -0.53472 -0.36998 -0.23748 -0.14781 0.085343 0.34081 0.51595 0.61182 0.65758 0.69952 0.73646 0.76333 0.78987 0.83361 0.88285
-0.023986 0.097107 -0.34574 0.041108 -0.22911 0.45373 0.078449 0.016801 0.51539 0.44476 0.32654 0.80232 -0.74316 -0.97471 -0.55548 0.19821 0.70081 0.9014 0.99453 0.9482 0.88134 0.80676 0.68628 0.43816 0.029817 -0.58967 -0.66203 -0.5347 -0.38975 -0.24338 -0.16564 -0.20049 -0.33296 -0.42886 -0.3597 -0.18646 -0.053082 0.033512 0.2598 0.49743 0.65206 0.73261 0.76903 0.80187 0.83031 0.8503 0.86988 0.9025 0.93769
0.020111 -0.19407 0.29128 -0.30627 -0.84943 0.85153 -0.6464 0.65291 -0.11342 0.86977 -0.20982 0.96728 -0.33392 -0.95978 -0.85795 -0.21201 0.37629 0.68388 0.96346 0.99433 0.98033 0.94247 0.86312 0.66684 0.29298 -0.36629 -0.46041 -0.32087 -0.16946 -0.02288 0.050638 0.0086658 -0.13504 -0.2429 -0.17456 -5.378e-05 0.12922 0.20986 0.42243 0.63594 0.76682 0.83104 0.85826 0.88225 0.90255 0.91618 0.92932 0.95114 0.97261
-0.020552 0.1605 0.17831 -0.14126 -0.4421 0.47403 -0.89702 0.90328 -0.67424 0.95162 -0.66632 0.86174 0.14627 -0.74475 -0.99611 -0.57892 0.0036572 0.38128 0.819 0.93263 0.98116 0.99077 0.96508 0.84003 0.53003 -0.12367 -0.23504 -0.093322 0.055197 0.19414 0.26002 0.21306 0.064279 -0.051393 0.013103 0.18242 0.3034 0.37591 0.56902 0.75346 0.85841 0.90593 0.92444 0.94013 0.95289 0.96087 0.96824 0.97982 0.98821
0.019246 -0.011923 -0.26813 0.1877 0.44662 -0.29457 -0.53882 0.65879 -0.92462 0.68213 -0.90812 0.53108 0.58277 -0.38537 -0.95585 -0.8476 -0.36173 0.037109 0.58471 0.77623 0.8899 0.95293 0.98873 0.94849 0.7265 0.12167 -0.00066377 0.13459 0.27242 0.39746 0.45349 0.40427 0.25691 0.13803 0.19639 0.355 0.46435 0.52719 0.6963 0.84806 0.92585 0.95687 0.96742 0.97559 0.9816 0.98473 0.98714 0.98926 0.98543
-0.011768 -0.12809 -0.080568 0.19802 0.80774 -0.79002 0.15423 0.080091 -0.77921 0.17871 -0.87797 0.073632 0.88234 0.040289 -0.75509 -0.98372 -0.67119 -0.30446 0.29174 0.54654 0.72054 0.83746 0.93714 0.9886 0.8721 0.35472 0.22897 0.35085 0.47199 0.57856 0.62364 0.57534 0.43587 0.31863 0.36927 0.51269 0.60791 0.66019 0.80192 0.91864 0.96894 0.98412 0.98766 0.98924 0.98942 0.98861 0.98691 0.98047 0.96545
-0.0024486 0.13618 0.20165 -0.042699 0.30706 -0.64115 0.72976 -0.52186 -0.3227 -0.37349 -0.60178 -0.39125 0.99033 0.44967 -0.43637 -0.97581 -0.88826 -0.60402 -0.025619 0.26989 0.49256 0.65831 0.8187 0.96187 0.96087 0.56273 0.44175 0.54531 0.64558 0.7308 0.76485 0.72082 0.5954 0.48465 0.52668 0.65146 0.73091 0.77229 0.88439 0.96488 0.98815 0.98853 0.98611 0.98214 0.9775 0.97365 0.96873 0.95476 0.92971
0.020583 -0.021883 0.03732 -0.17334 -0.47736 -0.011661 0.85424 -0.85762 0.24732 -0.79211 -0.16985 -0.7546 0.89665 0.77142 -0.056543 -0.83378 -0.99175 -0.83088 -0.33406 -0.025632 0.22849 0.43299 0.64579 0.8741 0.99098 0.73567 0.62771 0.70989 0.78695 0.84951 0.87328 0.83683 0.73105 0.63144 0.66461 0.76833 0.8311 0.86174 0.94301 0.98716 0.98448 0.97138 0.96415 0.95572 0.94727 0.94131 0.93404 0.91361 0.87978
-0.037626 -0.077017 -0.12899 -0.076097 -0.76042 0.60019 0.48847 -0.79087 0.71087 -0.955 0.29595 -0.94135 0.63172 0.95631 0.32393 -0.58459 -0.97627 -0.96525 -0.60443 -0.31306 -0.048411 0.18078 0.43331 0.73441 0.96422 0.86645 0.77924 0.83879 0.89192 0.93188 0.94677 0.92097 0.83967 0.75547 0.78005 0.86127 0.90714 0.9276 0.97777 0.98639 0.95942 0.93437 0.92347 0.91168 0.90043 0.89322 0.88446 0.85865 0.8173
0.047629 0.059877 -0.018338 0.071516 -0.32145 0.76531 -0.1325 -0.37798 0.9087 -0.82922 0.6775 -0.92229 0.25516 0.98247 0.65044 -0.26639 -0.85069 -0.99894 -0.81404 -0.56877 -0.31619 -0.079042 0.19735 0.55423 0.88549 0.95089 0.89118 0.92841 0.95831 0.97688 0.98472 0.97227 0.91935 0.8543 0.87099 0.92915 0.95848 0.96964 0.98929 0.96399 0.91479 0.87946 0.866 0.8519 0.83882 0.83117 0.82169 0.79159 0.74402
-0.045344 0.013153 0.063871 0.10422 0.38211 0.40706 -0.66345 0.18294 0.78961 -0.46864 0.88876 -0.71395 -0.15907 0.85529 0.88125 0.077826 -0.63525 -0.9346 -0.9479 -0.77404 -0.55572 -0.32853 -0.046114 0.34625 0.76203 0.98761 0.96077 0.97725 0.98574 0.98506 0.98791 0.99097 0.96932 0.9265 0.93636 0.97167 0.98531 0.98828 0.97868 0.92172 0.85267 0.80878 0.79383 0.7784 0.76439 0.75702 0.74755 0.71418 0.66165
0.028577 -0.023787 -0.0015214 0.037064 0.71854 -0.20018 -0.84155 0.65348 0.41304 0.01287 0.89164 -0.36916 -0.53767 0.6029 0.9915 0.40612 -0.35784 -0.78406 -0.99907 -0.91596 -0.75173 -0.55216 -0.28215 0.1235 0.60273 0.97767 0.98744 0.98572 0.97547 0.95827 0.95828 0.9784 0.98984 0.9716 0.9759 0.98923 0.98843 0.98447 0.9475 0.86165 0.77535 0.72463 0.70914 0.69329 0.67915 0.67268 0.66382 0.62818 0.5719
-0.00060099 -0.016804 -0.015686 -0.032451 0.44029 -0.65632 -0.60457 0.85511 -0.085095 0.48017 0.69821 0.038167 -0.82029 0.26903 0.97422 0.6824 -0.050013 -0.56595 -0.96816 -0.98766 -0.89349 -0.73754 -0.49773 -0.10142 0.41745 0.92423 0.97255 0.95582 0.93006 0.89949 0.8987 0.93677 0.98202 0.98995 0.99011 0.98288 0.96915 0.95961 0.89759 0.78601 0.68518 0.62931 0.61413 0.59865 0.58508 0.58005 0.57233 0.53532 0.47643
-0.028809 0.0032732 0.035352 -0.057733 -0.17447 -0.69807 -0.092532 0.72942 -0.54486 0.81484 0.36141 0.42967 -0.96772 -0.095335 0.83894 0.87973 0.25668 -0.30315 -0.86232 -0.98807 -0.97486 -0.87581 -0.68217 -0.31698 0.21636 0.83213 0.91911 0.8909 0.85314 0.8125 0.81275 0.86897 0.94773 0.98262 0.98009 0.95413 0.92919 0.91544 0.83105 0.69716 0.58456 0.52516 0.51101 0.49656 0.48415 0.48096 0.4748 0.43726 0.37683
0.045945 0.050441 -0.0015617 -0.049948 -0.62029 -0.33375 0.44428 0.34332 -0.83334 0.94261 -0.041408 0.7373 -0.96532 -0.43988 0.6083 0.98209 0.53374 -0.020175 -0.69384 -0.92121 -0.99421 -0.96172 -0.82753 -0.51323 0.0094475 0.70743 0.83139 0.79531 0.74914 0.70169 0.70451 0.77842 0.88939 0.95126 0.94748 0.90492 0.87059 0.85396 0.75011 0.5975 0.47587 0.41443 0.40189 0.38903 0.37826 0.3772 0.37293 0.33558 0.27459
-0.040168 -0.018039 -0.078011 -0.020911 -0.58031 0.20087 0.77073 -0.15145 -0.8794 0.84555 -0.42717 0.91387 -0.82201 -0.72157 0.31381 0.98461 0.75804 0.25906 -0.47849 -0.79532 -0.95386 -0.99348 -0.92864 -0.68206 -0.194 0.55698 0.71463 0.67414 0.62298 0.5718 0.57838 0.66886 0.80986 0.89799 0.89429 0.83749 0.79562 0.77737 0.65711 0.48942 0.36141 0.2993 0.28882 0.27796 0.26918 0.27045 0.26829 0.23177 0.17111
0.012404 -0.075368 -0.025901 0.02826 -0.12745 0.60411 0.76452 -0.58145 -0.6853 0.55892 -0.72395 0.93821 -0.56603 -0.90923 -0.0089446 0.89269 0.91323 0.51316 -0.23396 -0.62168 -0.8595 -0.97245 -0.98304 -0.8174 -0.38569 0.38806 0.57465 0.53289 0.47987 0.42776 0.43886 0.54422 0.71229 0.82528 0.82286 0.75426 0.70669 0.68797 0.5544 0.37525 0.24338 0.18181 0.17371 0.16515 0.15861 0.1623 0.16238 0.12723 0.067662
0.021054 0.047322 0.10228 0.075696 0.38688 0.67668 0.4509 -0.81147 -0.31658 0.15656 -0.88292 0.8153 -0.23851 -0.98584 -0.3246 0.72013 0.99029 0.72458 0.021671 -0.41357 -0.71939 -0.90262 -0.99076 -0.91525 -0.55858 0.20798 0.4176 0.37725 0.32511 0.27443 0.29041 0.40848 0.59999 0.73585 0.73573 0.65778 0.60628 0.58808 0.4443 0.2572 0.12384 0.063859 0.058331 0.052249 0.048078 0.054187 0.056539 0.023208 -0.034585
-0.035958 0.084159 0.093608 0.076403 0.61338 0.40809 -0.027224 -0.78237 0.12297 -0.26996 -0.88422 0.57218 0.11372 -0.94885 -0.60176 0.48684 0.98738 0.88052 0.27123 -0.18514 -0.54357 -0.79011 -0.95402 -0.97357 -0.70702 0.023822 0.24967 0.21287 0.16384 0.11652 0.13735 0.26554 0.47636 0.63255 0.63553 0.55067 0.49686 0.48004 0.32904 0.13736 0.0046831 -0.052814 -0.055705 -0.059242 -0.061005 -0.052569 -0.047982 -0.079145 -0.13459
0.018041 -0.071267 -0.069633 0.0088427 0.43259 -0.04517 -0.47943 -0.51929 0.52197 -0.63257 -0.73669 0.2511 0.44489 -0.80858 -0.81566 0.21624 0.9091 0.97325 0.49946 0.04956 -0.34309 -0.64259 -0.87684 -0.99217 -0.82682 -0.15783 0.076855 0.045159 0.00095774 -0.04155 -0.016278 0.11913 0.34471 0.51829 0.52496 0.43551 0.38088 0.36611 0.21076 0.017674 -0.11237 -0.16665 -0.16695 -0.16797 -0.16738 -0.15678 -0.15008 -0.17881 -0.23142
0.021148 -0.085262 -0.1597 -0.08614 -0.0052752 -0.45734 -0.74393 -0.11327 0.78908 -0.86385 -0.47286 -0.098436 0.71594 -0.58558 -0.94974 -0.067188 0.76536 1 0.69379 0.27736 -0.12927 -0.46869 -0.76466 -0.97249 -0.91522 -0.33105 -0.095219 -0.12084 -0.15904 -0.19576 -0.16677 -0.027284 0.2083 0.39595 0.40668 0.31479 0.26067 0.24847 0.091463 -0.10011 -0.22579 -0.27627 -0.27411 -0.27275 -0.26994 -0.25741 -0.24876 -0.27488 -0.32429
-0.048116 0.081467 -0.034828 -0.12869 -0.41328 -0.64615 -0.74107 0.3131 0.87157 -0.92758 -0.14071 -0.42753 0.89842 -0.30716 -0.99625 -0.34007 0.56995 0.96261 0.84479 0.48663 0.086892 -0.27747 -0.62389 -0.91731 -0.97085 -0.49074 -0.26145 -0.28058 -0.31213 -0.34253 -0.31084 -0.17051 0.07015 0.26834 0.28326 0.19092 0.13843 0.12916 -0.027028 -0.21441 -0.33423 -0.38049 -0.3761 -0.37254 -0.36771 -0.35354 -0.34318 -0.36658 -0.41249
0.035591 0.086826 0.15295 -0.070336 -0.55755 -0.54694 -0.48965 0.64341 0.76223 -0.82153 0.20565 -0.69436 0.97653 -0.0037661 -0.95585 -0.58194 0.33909 0.86682 0.9463 0.66774 0.29526 -0.077971 -0.46154 -0.83049 -0.99361 -0.63267 -0.41735 -0.43011 -0.45482 -0.47881 -0.44563 -0.30774 -0.066909 0.1381 0.15717 0.066137 0.016221 0.010071 -0.14305 -0.32385 -0.43653 -0.47827 -0.47194 -0.46647 -0.45988 -0.44441 -0.43261 -0.45326 -0.49545
0.0073708 -0.076396 0.16045 0.056191 -0.38196 -0.22366 -0.087895 0.79747 0.4953 -0.57384 0.51485 -0.86875 0.94736 0.2944 -0.83656 -0.77645 0.089984 0.72143 0.99548 0.81329 0.48693 0.1212 -0.28488 -0.71673 -0.98448 -0.75354 -0.55914 -0.56608 -0.5842 -0.60202 -0.56873 -0.43651 -0.20033 0.0077243 0.030674 -0.057497 -0.10409 -0.10707 -0.25511 -0.42724 -0.53173 -0.56879 -0.56088 -0.5538 -0.54576 -0.52935 -0.51643 -0.53436 -0.57269
-0.038394 -0.090819 -0.030678 0.15679 -0.011628 0.17542 0.32824 0.74729 0.13421 -0.23436 0.74538 -0.93456 0.81969 0.56023 -0.65218 -0.91213 -0.16043 0.5374 0.99249 0.91828 0.65452 0.31219 -0.10105 -0.58125 -0.94542 -0.85096 -0.68374 -0.68579 -0.69792 -0.71016 -0.67822 -0.55475 -0.32785 -0.12052 -0.094111 -0.17812 -0.22081 -0.22073 -0.36193 -0.52357 -0.61903 -0.65137 -0.64227 -0.63394 -0.62481 -0.60786 -0.59415 -0.60943 -0.64384
0.025438 0.05707 -0.19636 0.14958 0.34132 0.48826 0.63173 0.51749 -0.24468 0.13628 0.87021 -0.88996 0.61167 0.77188 -0.42053 -0.98266 -0.39659 0.32697 0.94019 0.98 0.79229 0.48814 0.083117 -0.42955 -0.87915 -0.92344 -0.78882 -0.78719 -0.79423 -0.8017 -0.77261 -0.6608 -0.44752 -0.24459 -0.2153 -0.29406 -0.33247 -0.32953 -0.46239 -0.61203 -0.69782 -0.72548 -0.71562 -0.70646 -0.69659 -0.6795 -0.66537 -0.67813 -0.70861
0.012937 0.093083 -0.14469 0.030341 0.50003 0.6032 0.74112 0.17286 -0.56844 0.47775 0.87869 -0.74593 0.34787 0.91406 -0.16152 -0.9867 -0.60514 0.1028 0.84367 0.99797 0.89623 0.64334 0.26137 -0.26721 -0.78898 -0.97032 -0.87275 -0.86885 -0.87192 -0.87561 -0.85087 -0.75336 -0.5577 -0.36271 -0.33122 -0.40389 -0.43779 -0.43229 -0.55557 -0.69195 -0.76763 -0.79077 -0.7806 -0.771 -0.7608 -0.74399 -0.7298 -0.74021 -0.76681
-0.025896 -0.026705 0.067466 -0.1222 0.40533 0.49343 0.63811 -0.20155 -0.78084 0.73947 0.77602 -0.52353 0.056149 0.97861 0.1046 -0.92741 -0.77545 -0.12281 0.70968 0.97366 0.96405 0.77334 0.42818 -0.099671 -0.67865 -0.99168 -0.93458 -0.92993 -0.93028 -0.93135 -0.91235 -0.83149 -0.65704 -0.47331 -0.44043 -0.50637 -0.53569 -0.52803 -0.64071 -0.76286 -0.82817 -0.84699 -0.83697 -0.82736 -0.81722 -0.80112 -0.78725 -0.7955 -0.81831
-0.0034142 -0.086165 0.21198 -0.20282 0.12615 0.21495 0.36461 -0.5219 -0.85051 0.8871 0.58075 -0.25041 -0.23541 0.96437 0.35873 -0.81171 -0.89997 -0.33848 0.54618 0.91019 0.99503 0.87494 0.57887 0.067926 -0.55215 -0.98827 -0.97398 -0.97015 -0.96912 -0.96875 -0.95681 -0.8946 -0.7445 -0.57513 -0.54169 -0.60048 -0.62527 -0.61592 -0.71722 -0.82443 -0.87926 -0.89404 -0.88463 -0.87543 -0.86576 -0.85077 -0.83758 -0.8439 -0.86306
0.02984 -0.0071527 0.14146 -0.15349 -0.19213 -0.12417 0.0038822 -0.72349 -0.77348 0.90567 0.32092 0.042864 -0.50106 0.87643 0.58424 -0.64944 -0.97432 -0.53428 0.36181 0.81206 0.98988 0.9462 0.70962 0.23085 -0.41361 -0.96142 -0.99119 -0.98969 -0.98863 -0.98805 -0.98433 -0.94241 -0.81934 -0.6671 -0.63402 -0.68541 -0.70585 -0.69531 -0.78468 -0.87646 -0.92084 -0.9319 -0.92355 -0.9152 -0.90638 -0.89289 -0.88076 -0.88538 -0.90106
-0.0083428 0.064331 -0.067962 -0.0016705 -0.40485 -0.40719 -0.34627 -0.77202 -0.57064 0.79944 0.02968 0.3263 -0.71946 0.72509 0.76774 -0.4524 -0.99713 -0.70205 0.16538 0.68474 0.95058 0.98633 0.81759 0.38491 -0.26709 -0.91293 -0.98694 -0.9892 -0.98942 -0.98979 -0.99527 -0.97492 -0.88106 -0.74842 -0.71662 -0.76055 -0.7769 -0.76573 -0.84279 -0.91888 -0.95298 -0.96069 -0.95383 -0.94672 -0.93914 -0.92754 -0.91681 -0.91999 -0.93238
-0.032923 0.032021 -0.21071 0.15963 -0.43099 -0.54781 -0.59995 -0.6668 -0.28139 0.58917 -0.25909 0.57335 -0.87497 0.52443 0.89968 -0.2334 -0.96982 -0.8356 -0.034487 0.53442 0.88015 0.99562 0.90081 0.52647 -0.11658 -0.84494 -0.96236 -0.96966 -0.97238 -0.97482 -0.99029 -0.99239 -0.92942 -0.81851 -0.78891 -0.82545 -0.83806 -0.82683 -0.89142 -0.95175 -0.97583 -0.98058 -0.97563 -0.97015 -0.96416 -0.95481 -0.94581 -0.94782 -0.95715
0.027626 -0.030051 -0.15783 0.23216 -0.27771 -0.51328 -0.70257 -0.43694 0.044756 0.30739 -0.5146 0.76306 -0.95831 0.29088 0.97452 -0.0054836 -0.89616 -0.93077 -0.22973 0.36759 0.78242 0.9753 0.95819 0.65254 0.034185 -0.75991 -0.91897 -0.93237 -0.9387 -0.9442 -0.97023 -0.9953 -0.96439 -0.87699 -0.85048 -0.87984 -0.88913 -0.87842 -0.93052 -0.97521 -0.98964 -0.99184 -0.98917 -0.98568 -0.98164 -0.97486 -0.9679 -0.969 -0.9755
0.021858 -0.035291 0.033396 0.1719 -0.023947 -0.32717 -0.63988 -0.1323 0.35692 -0.0070004 -0.7121 0.88142 -0.96664 0.041836 0.99061 0.21891 -0.78191 -0.9854 -0.41311 0.19087 0.6618 0.9274 0.98945 0.76077 0.18176 -0.66047 -0.85851 -0.87889 -0.88975 -0.89918 -0.93614 -0.98431 -0.98615 -0.92367 -0.90111 -0.92361 -0.93004 -0.92042 -0.96017 -0.98949 -0.99472 -0.99478 -0.99475 -0.99358 -0.9918 -0.9879 -0.98327 -0.98372 -0.98764
-0.03827 -0.0023227 0.18991 0.012184 0.22176 -0.054919 -0.4363 0.18811 0.61056 -0.31435 -0.83474 0.92179 -0.90302 -0.2057 0.9499 0.4285 -0.63423 -0.99922 -0.57842 0.010647 0.5231 0.85459 0.99505 0.84943 0.32303 -0.54933 -0.78297 -0.81095 -0.82709 -0.84117 -0.88919 -0.96024 -0.99506 -0.95856 -0.94073 -0.95679 -0.96085 -0.95287 -0.98055 -0.99491 -0.99145 -0.98978 -0.9927 -0.99416 -0.99492 -0.99416 -0.99213 -0.9922 -0.99379
-0.0055652 0.014909 0.18331 -0.1591 0.36755 0.22047 -0.14479 0.46765 0.7732 -0.57908 -0.87444 0.88471 -0.77557 -0.43615 0.8574 0.61366 -0.46124 -0.97363 -0.72061 -0.16704 0.37129 0.76004 0.97607 0.91741 0.45528 -0.42927 -0.69446 -0.73041 -0.75239 -0.77166 -0.83066 -0.92405 -0.99161 -0.98178 -0.96943 -0.97952 -0.98173 -0.97592 -0.9919 -0.99185 -0.98026 -0.97726 -0.9834 -0.98776 -0.99131 -0.99394 -0.99473 -0.99467 -0.9942
0.035337 0.01269 0.030264 -0.25046 0.36991 0.42373 0.1679 0.66153 0.82755 -0.77335 -0.83163 0.77703 -0.59632 -0.63625 0.72058 0.7667 -0.27153 -0.9115 -0.83585 -0.33671 0.21136 0.64726 0.93413 0.96418 0.5762 -0.30302 -0.59518 -0.6392 -0.66738 -0.69221 -0.76192 -0.87676 -0.97644 -0.99364 -0.9874 -0.99206 -0.99293 -0.98978 -0.99456 -0.98073 -0.96161 -0.95769 -0.96728 -0.97476 -0.98133 -0.98753 -0.99136 -0.99141 -0.98913
-0.0027606 0.011829 -0.13858 -0.2152 0.24207 0.50661 0.43678 0.74292 0.77217 -0.87943 -0.71434 0.61069 -0.37991 -0.79559 0.5487 0.88206 -0.073752 -0.81685 -0.92155 -0.49358 0.048142 0.52 0.87129 0.98971 0.68391 -0.17321 -0.48736 -0.53931 -0.57384 -0.60442 -0.68435 -0.81952 -0.95027 -0.99452 -0.99495 -0.99477 -0.99482 -0.99478 -0.98892 -0.96203 -0.936 -0.93153 -0.94476 -0.95557 -0.96533 -0.97529 -0.98233 -0.98271 -0.97889
-0.027255 0.0067176 -0.19414 -0.072304 0.040773 0.45684 0.61146 0.70522 0.61987 -0.89043 -0.53659 0.40121 -0.14234 -0.90696 0.3521 0.95634 0.12381 -0.69463 -0.9763 -0.63361 -0.11382 0.38206 0.78997 0.99446 0.77692 -0.042359 -0.3732 -0.43271 -0.47354 -0.5099 -0.59937 -0.75346 -0.91392 -0.98493 -0.9925 -0.98808 -0.9878 -0.99127 -0.97539 -0.93625 -0.90396 -0.89929 -0.9163 -0.93059 -0.94371 -0.95754 -0.96793 -0.96888 -0.96376
0.00052712 -0.015552 -0.1053 0.10743 -0.15967 0.29661 0.66425 0.56081 0.39452 -0.80995 -0.31655 0.16612 0.10028 -0.96644 0.14157 0.98825 0.31348 -0.55036 -0.99981 -0.75358 -0.27034 0.23725 0.6928 0.9793 0.85417 0.08721 -0.25486 -0.32133 -0.36821 -0.4102 -0.5084 -0.67979 -0.86827 -0.96545 -0.98053 -0.97248 -0.97236 -0.97968 -0.95447 -0.90391 -0.86602 -0.86147 -0.88238 -0.90026 -0.91686 -0.93466 -0.94852 -0.95022 -0.94405
0.021861 -0.034594 0.051785 0.23894 -0.29459 0.072612 0.59275 0.33703 0.12692 -0.65053 -0.074503 -0.07657 0.33272 -0.97324 -0.07225 0.9784 0.48851 -0.38995 -0.9928 -0.85108 -0.41773 0.089241 0.58258 0.94544 0.91497 0.21336 -0.13439 -0.20702 -0.25954 -0.30687 -0.41282 -0.5997 -0.81423 -0.93675 -0.9596 -0.94854 -0.949 -0.96048 -0.92666 -0.86557 -0.82272 -0.81861 -0.84347 -0.86503 -0.88517 -0.90702 -0.92443 -0.92706 -0.92008
0.0076814 -0.016607 0.16242 0.26331 -0.32819 -0.15819 0.4173 0.070471 -0.14967 -0.43146 0.16907 -0.30969 0.54158 -0.92945 -0.27936 0.92912 0.64318 -0.21939 -0.95689 -0.92451 -0.55277 -0.058497 0.46219 0.89438 0.959 0.33417 -0.013729 -0.091562 -0.14914 -0.20136 -0.31396 -0.51437 -0.75276 -0.89952 -0.93031 -0.91683 -0.9183 -0.93418 -0.89248 -0.82178 -0.77461 -0.77121 -0.80005 -0.82532 -0.84907 -0.87498 -0.89601 -0.89973 -0.89216
-0.020497 0.030667 0.15728 0.17224 -0.26041 -0.34305 0.17473 -0.19928 -0.40362 -0.17619 0.39513 -0.51806 0.71582 -0.83964 -0.47083 0.84418 0.77294 -0.044554 -0.8944 -0.97306 -0.67281 -0.20275 0.33451 0.82785 0.98626 0.44796 0.10532 0.023404 -0.038505 -0.095048 -0.2131 -0.42495 -0.68481 -0.85451 -0.8933 -0.878 -0.88084 -0.90129 -0.85248 -0.77309 -0.72225 -0.71978 -0.75259 -0.78159 -0.80896 -0.83893 -0.86359 -0.86855 -0.86061
-0.017199 0.054619 0.051731 0.007658 -0.12146 -0.44474 -0.089898 -0.43549 -0.6083 0.090293 0.58746 -0.68929 0.84725 -0.7103 -0.6391 0.72844 0.87448 0.12898 -0.80827 -0.99661 -0.77575 -0.34063 0.20235 0.74772 0.99705 0.5533 0.22111 0.13635 0.070948 0.010766 -0.11145 -0.33258 -0.61136 -0.80249 -0.84926 -0.83268 -0.83722 -0.86236 -0.80721 -0.72007 -0.66615 -0.66484 -0.70155 -0.73426 -0.76523 -0.79924 -0.82753 -0.83386 -0.82574
0.020282 0.019663 -0.076894 -0.16006 0.041629 -0.44765 -0.33183 -0.60886 -0.74448 0.34392 0.73357 -0.8143 0.93064 -0.54942 -0.77814 0.58762 0.94569 0.29607 -0.7019 -0.99571 -0.86007 -0.46959 0.068398 0.65601 0.99194 0.64897 0.33218 0.2459 0.17794 0.11489 -0.010149 -0.23831 -0.53335 -0.74425 -0.79886 -0.78154 -0.78805 -0.81796 -0.75722 -0.66326 -0.60686 -0.60687 -0.64741 -0.68376 -0.7183 -0.75627 -0.78818 -0.79598 -0.78786
0.025656 -0.044149 -0.14739 -0.26325 0.18097 -0.35836 -0.51382 -0.70062 -0.80157 0.56358 0.82526 -0.88758 0.96378 -0.36584 -0.8836 0.42792 0.98562 0.45217 -0.57896 -0.97145 -0.92474 -0.58745 -0.064808 0.55478 0.9717 0.73401 0.43723 0.35081 0.28132 0.21626 0.08977 -0.14315 -0.4517 -0.68056 -0.74282 -0.72523 -0.73395 -0.76864 -0.70307 -0.60319 -0.54487 -0.54636 -0.5906 -0.6305 -0.66854 -0.71039 -0.74585 -0.75522 -0.74728
-0.017752 -0.06943 -0.1248 -0.26361 0.26128 -0.2015 -0.61123 -0.7037 -0.77777 0.73259 0.85876 -0.90718 0.94721 -0.16884 -0.95282 0.25579 0.99441 0.59338 -0.44332 -0.92544 -0.96926 -0.69242 -0.19493 0.4461 0.93731 0.8077 0.53515 0.45 0.38004 0.31388 0.18735 -0.048068 -0.36732 -0.61222 -0.68184 -0.66442 -0.67553 -0.71495 -0.64528 -0.5404 -0.48069 -0.48377 -0.53155 -0.5749 -0.61633 -0.66194 -0.7009 -0.71189 -0.70428
-0.031809 -0.02508 -0.033586 -0.16447 0.2675 -0.012579 -0.61434 -0.6224 -0.67939 0.8397 0.83451 -0.87443 0.884 0.032423 -0.98475 0.077636 0.97315 0.71648 -0.29887 -0.85964 -0.99362 -0.78311 -0.31987 0.33205 0.88989 0.86951 0.62499 0.54254 0.47322 0.4069 0.28173 0.04607 -0.28106 -0.53999 -0.61661 -0.59975 -0.61339 -0.65746 -0.5844 -0.47539 -0.41478 -0.41953 -0.47068 -0.51733 -0.56204 -0.61128 -0.65363 -0.6663 -0.65916
0.01085 0.048477 0.066345 -0.0058822 0.20569 0.17029 -0.52815 -0.47064 -0.51932 0.87939 0.75677 -0.79354 0.77927 0.22923 -0.97983 -0.10039 0.9238 0.81899 -0.14946 -0.77636 -0.99819 -0.85846 -0.43774 0.2146 0.83069 0.91914 0.70599 0.62763 0.56008 0.49457 0.37215 0.13845 -0.19373 -0.46463 -0.5478 -0.53186 -0.54812 -0.5967 -0.52094 -0.40863 -0.3476 -0.35407 -0.40839 -0.45818 -0.50601 -0.55873 -0.60435 -0.61875 -0.6122
0.034045 0.079877 0.11935 0.1532 0.098278 0.31384 -0.37002 -0.26929 -0.31522 0.85176 0.63289 -0.6711 0.63979 0.41369 -0.93985 -0.27256 0.84897 0.89918 0.0012131 -0.67811 -0.98374 -0.91782 -0.54693 0.095679 0.76104 0.95647 0.77756 0.70466 0.63998 0.57626 0.45793 0.22835 -0.10612 -0.38685 -0.4761 -0.46137 -0.48029 -0.53319 -0.45539 -0.34059 -0.27957 -0.28778 -0.34506 -0.39779 -0.44859 -0.50461 -0.55337 -0.5695 -0.56366
0.00016188 0.037865 0.10382 0.25746 -0.024029 0.39521 -0.16584 -0.04314 -0.08735 0.76195 0.47256 -0.51546 0.47344 0.57899 -0.86774 -0.43378 0.75186 0.95598 0.14969 -0.56754 -0.95136 -0.96085 -0.6461 -0.022918 0.68233 0.98155 0.83926 0.7731 0.71239 0.65143 0.53851 0.31509 -0.018925 -0.30736 -0.40212 -0.38887 -0.41045 -0.46746 -0.38823 -0.27171 -0.21108 -0.22105 -0.28103 -0.33651 -0.3901 -0.44922 -0.50098 -0.51884 -0.5138
-0.030184 -0.039729 0.037679 0.27385 -0.13093 0.40467 0.054438 0.1823 0.14348 0.61926 0.28698 -0.33608 0.2888 0.71953 -0.76735 -0.57962 0.63605 0.98903 0.29281 -0.4474 -0.9024 -0.98751 -0.73412 -0.13952 0.59597 0.9946 0.8908 0.83261 0.77692 0.71967 0.61338 0.3981 0.06718 -0.22681 -0.3265 -0.31493 -0.33913 -0.39999 -0.31991 -0.2024 -0.14253 -0.15423 -0.21665 -0.27466 -0.33083 -0.39285 -0.44743 -0.46702 -0.46286
-0.012256 -0.083677 -0.038173 0.2006 -0.19961 0.34574 0.26125 0.38358 0.35776 0.43604 0.088023 -0.14297 0.094605 0.83109 -0.64321 -0.70645 0.50537 0.99853 0.42773 -0.3204 -0.83841 -0.99806 -0.81018 -0.25261 0.5034 0.99598 0.93204 0.88295 0.83327 0.78064 0.68216 0.47687 0.15159 -0.14583 -0.24982 -0.24008 -0.26683 -0.33125 -0.25086 -0.13305 -0.074258 -0.08764 -0.15223 -0.21253 -0.27108 -0.33577 -0.393 -0.41429 -0.41107
0.018848 -0.056712 -0.084978 0.064884 -0.21887 0.23298 0.4292 0.54153 0.53878 0.22657 -0.11252 0.053877 -0.10058 0.91082 -0.50035 -0.81143 0.3638 0.98527 0.55199 -0.18925 -0.76115 -0.99302 -0.87365 -0.36081 0.40601 0.98614 0.96297 0.92398 0.88125 0.8341 0.74452 0.55095 0.23375 -0.064995 -0.17262 -0.16484 -0.19402 -0.26168 -0.18149 -0.064014 -0.0065925 -0.021591 -0.088058 -0.1504 -0.21111 -0.27824 -0.33794 -0.36088 -0.35866
0.019988 0.016494 -0.085072 -0.088493 -0.18987 0.088241 0.5398 0.64277 0.67375 0.0058543 -0.3036 0.24502 -0.28877 0.95722 -0.34402 -0.89257 0.21531 0.95048 0.66355 -0.056508 -0.67244 -0.97311 -0.92416 -0.46292 0.30519 0.96567 0.9837 0.9557 0.92078 0.87992 0.80023 0.61999 0.31317 0.015144 -0.095422 -0.089674 -0.12115 -0.1917 -0.11217 0.0043697 0.060166 0.043636 -0.024418 -0.088551 -0.15118 -0.2205 -0.28247 -0.30702 -0.30584
-0.0018181 0.074858 -0.04643 -0.21248 -0.12396 -0.063702 0.58303 0.68043 0.75441 -0.21145 -0.47548 0.42195 -0.46278 0.9701 -0.17957 -0.94866 0.063781 0.89583 0.76073 0.075384 -0.5742 -0.93923 -0.96156 -0.55789 0.20226 0.93523 0.99444 0.97819 0.95184 0.91802 0.84913 0.68366 0.3894 0.094088 -0.018717 -0.015035 -0.048627 -0.1217 -0.043268 0.071794 0.12574 0.10778 0.038445 -0.02721 -0.091523 -0.16279 -0.22681 -0.2529 -0.2528
-0.017687 0.073527 0.0062554 -0.27203 -0.038709 -0.19933 0.55756 0.65416 0.77723 -0.41192 -0.6201 0.57737 -0.61652 0.95041 -0.012212 -0.97926 -0.087105 0.82328 0.84226 0.20418 -0.46839 -0.89245 -0.98589 -0.64484 0.098483 0.89555 0.99548 0.99162 0.97452 0.94841 0.89112 0.74175 0.46205 0.17138 0.057053 0.058669 0.02316 -0.052058 0.024903 0.13798 0.18989 0.17062 0.1003 0.033394 -0.032354 -0.10532 -0.17118 -0.19874 -0.19972
-0.01434 0.017379 0.046621 -0.25316 0.046687 -0.29981 0.47007 0.5695 0.7432 -0.58413 -0.73136 0.70546 -0.74505 0.90016 0.15311 -0.98466 -0.23392 0.73505 0.90728 0.32782 -0.35694 -0.83397 -0.99736 -0.72307 -0.0049517 0.84742 0.98721 0.99624 0.98897 0.97117 0.92618 0.79406 0.5308 0.2466 0.13147 0.13106 0.093858 0.016893 0.092037 0.20266 0.25238 0.23192 0.16093 0.093054 0.026124 -0.048271 -0.11575 -0.1447 -0.14678
0.0036976 -0.048174 0.059244 -0.16481 0.11556 -0.35318 0.33359 0.43676 0.65735 -0.71912 -0.80526 0.80197 -0.84475 0.82221 0.31183 -0.96573 -0.37356 0.63355 0.95528 0.4445 -0.24175 -0.76505 -0.99634 -0.792 -0.10694 0.79166 0.97009 0.99236 0.9954 0.98642 0.95431 0.84048 0.59535 0.31937 0.20417 0.2018 0.16314 0.084838 0.15786 0.26562 0.313 0.2915 0.22016 0.15158 0.083725 0.0081606 -0.060718 -0.090966 -0.094133
0.020126 -0.075587 0.044423 -0.034219 0.15669 -0.35529 0.1654 0.2697 0.52796 -0.81075 -0.83986 0.86428 -0.91326 0.72011 0.45989 -0.92393 -0.5033 0.52129 0.98611 0.55262 -0.12465 -0.68704 -0.98335 -0.85122 -0.20647 0.72912 0.94462 0.98036 0.99408 0.99436 0.97562 0.88092 0.65547 0.38937 0.27481 0.27057 0.23072 0.15149 0.22211 0.32663 0.37159 0.3492 0.2778 0.20881 0.14028 0.06381 -0.0062397 -0.037689 -0.041933
0.015673 -0.049543 0.014662 0.1022 0.16561 -0.30941 -0.015236 0.083938 0.3657 -0.85576 -0.83523 0.89132 -0.94948 0.59793 0.59379 -0.86117 -0.6208 0.40083 0.99991 0.65086 -0.0073723 -0.60131 -0.95902 -0.90048 -0.30261 0.66067 0.91137 0.96065 0.98533 0.99521 0.99022 0.91538 0.71097 0.45629 0.34308 0.33709 0.29632 0.21658 0.28458 0.38553 0.42797 0.40485 0.33371 0.26458 0.19563 0.11852 0.047531 0.014984 0.0096836
-0.0094114 0.0068378 -0.013643 0.20922 0.14443 -0.22496 -0.18929 -0.10452 0.18267 -0.85368 -0.79323 0.88352 -0.95352 0.46006 0.71062 -0.77973 -0.72413 0.2747 0.99714 0.73811 0.10844 -0.50925 -0.92409 -0.93963 -0.39455 0.58718 0.87093 0.93371 0.96951 0.98926 0.99828 0.94386 0.7617 0.51989 0.40871 0.40113 0.35971 0.27988 0.34506 0.44215 0.48202 0.45833 0.38775 0.31875 0.24965 0.17216 0.10046 0.066919 0.060592
-0.027017 0.053332 -0.028479 0.26166 0.1004 -0.11549 -0.33989 -0.2806 -0.0085306 -0.80663 -0.71728 0.84262 -0.92655 0.31109 0.80812 -0.68217 -0.8118 0.14541 0.9785 0.81351 0.2213 -0.41226 -0.87937 -0.96866 -0.48155 0.5095 0.82392 0.90003 0.94701 0.97681 1 0.96643 0.80755 0.57994 0.47146 0.46245 0.42067 0.34118 0.40336 0.49634 0.53361 0.50953 0.4398 0.3712 0.3022 0.22459 0.1524 0.11799 0.11068
-0.012855 0.061817 -0.026717 0.24957 0.043799 0.0035181 -0.45379 -0.4313 -0.19567 -0.71894 -0.61204 0.77148 -0.87066 0.15561 0.88468 -0.57127 -0.88271 0.01534 0.94491 0.87647 0.32984 -0.3117 -0.82574 -0.98767 -0.56299 0.42849 0.77098 0.86013 0.91826 0.95819 0.99563 0.98319 0.84847 0.63627 0.53114 0.52087 0.47903 0.40028 0.45934 0.54799 0.58265 0.55834 0.48976 0.42183 0.35318 0.27571 0.20326 0.16809 0.15983
0.018806 0.032313 -0.01363 0.17917 -0.014337 0.11683 -0.52223 -0.5465 -0.36762 -0.59672 -0.48311 0.67391 -0.78876 -0.0019017 0.93928 -0.4499 -0.93619 -0.11327 0.89746 0.92656 0.43284 -0.20886 -0.76412 -0.99687 -0.63832 0.34496 0.71277 0.81455 0.8837 0.93378 0.98542 0.99426 0.8844 0.68872 0.58756 0.57623 0.53463 0.45702 0.51285 0.59699 0.62906 0.60469 0.53754 0.47055 0.40248 0.32541 0.25293 0.21712 0.20796
0.029736 -0.011972 0.0012901 0.069739 -0.064265 0.21134 -0.54134 -0.61942 -0.5149 -0.4474 -0.33669 0.55439 -0.68435 -0.1572 0.97152 -0.32097 -0.97192 -0.23835 0.83741 0.96363 0.52923 -0.10503 -0.69547 -0.99653 -0.70712 0.25972 0.64995 0.76384 0.84379 0.90394 0.96966 0.99981 0.91536 0.73718 0.64058 0.62839 0.58732 0.51126 0.56379 0.64327 0.67276 0.64851 0.58306 0.51726 0.45003 0.3736 0.30131 0.26498 0.25498
0.006037 -0.043104 0.0096252 -0.052081 -0.098977 0.27732 -0.512 -0.64682 -0.63014 -0.27925 -0.1793 0.41789 -0.5614 -0.30638 0.98153 -0.18738 -0.98994 -0.358 0.76612 0.98766 0.6181 -0.0013894 -0.62075 -0.98703 -0.76902 0.17352 0.58316 0.70856 0.799 0.86908 0.94867 1 0.94138 0.78156 0.69009 0.67725 0.63701 0.56288 0.61205 0.68676 0.71371 0.68976 0.62627 0.56191 0.49575 0.42019 0.34831 0.3116 0.3008
-0.024424 -0.045973 0.0078636 -0.15897 -0.11493 0.30927 -0.43928 -0.62892 -0.70828 -0.10085 -0.017446 0.26963 -0.42417 -0.44593 0.96996 -0.051932 -0.99063 -0.47055 0.68503 0.99885 0.69868 0.10095 -0.54096 -0.96881 -0.82376 0.08708 0.51305 0.64925 0.74981 0.8296 0.92275 0.99505 0.9625 0.82181 0.73598 0.72272 0.68359 0.61177 0.65755 0.72741 0.75187 0.72839 0.66712 0.60443 0.53957 0.46513 0.39387 0.35689 0.34537
-0.027166 -0.024416 -0.0016372 -0.22896 -0.11205 0.30597 -0.33158 -0.569 -0.74664 0.07927 0.14261 0.11489 -0.27706 -0.5728 0.9379 0.08272 -0.97463 -0.57454 0.59564 0.99755 0.77037 0.20095 -0.45704 -0.94236 -0.87117 0.0010785 0.44025 0.58649 0.69669 0.7859 0.89223 0.98517 0.97881 0.85788 0.77819 0.76473 0.727 0.65784 0.70024 0.76518 0.78723 0.76439 0.70557 0.64479 0.58145 0.50836 0.43792 0.4008 0.38863
-0.0012923 0.0051533 -0.012497 -0.24952 -0.093239 0.27017 -0.19959 -0.47296 -0.74488 0.25308 0.29507 -0.041186 -0.12446 -0.68446 0.88678 0.21409 -0.94284 -0.66874 0.49947 0.98424 0.83269 0.29767 -0.36997 -0.90822 -0.91112 -0.083853 0.36538 0.52079 0.64012 0.7384 0.85747 0.9706 0.99042 0.88978 0.81669 0.80325 0.76719 0.70104 0.74006 0.80006 0.81977 0.79773 0.7416 0.68295 0.62133 0.54981 0.48041 0.44327 0.43051
0.023513 0.02587 -0.017741 -0.21923 -0.063379 0.20784 -0.055173 -0.34863 -0.70481 0.41334 0.4348 -0.19374 0.029344 -0.77889 0.81839 0.33992 -0.89638 -0.75214 0.39806 0.95954 0.88531 0.39026 -0.28064 -0.86698 -0.94359 -0.16713 0.28902 0.4527 0.58056 0.6875 0.81879 0.9516 0.99743 0.91752 0.85143 0.83824 0.80412 0.74131 0.77699 0.83203 0.84949 0.82842 0.77519 0.71888 0.6592 0.58946 0.52128 0.48425 0.47097
0.023007 0.029782 -0.01315 -0.1469 -0.028295 0.12719 0.08971 -0.2051 -0.63005 0.55386 0.55743 -0.33833 0.18032 -0.8546 0.73475 0.45818 -0.83653 -0.82397 0.29289 0.92415 0.92804 0.47797 -0.18997 -0.81923 -0.96859 -0.24822 0.21175 0.38274 0.51847 0.63362 0.77655 0.92841 1 0.94112 0.88242 0.8697 0.83778 0.77861 0.811 0.86111 0.87641 0.85647 0.80635 0.75257 0.69502 0.62726 0.56051 0.5237 0.50998
0.0018376 0.019768 0.00086208 -0.048854 0.0062961 0.037506 0.22394 -0.052042 -0.52575 0.66965 0.65947 -0.47102 0.32475 -0.91063 0.63806 0.56711 -0.76471 -0.88365 0.18542 0.87887 0.96078 0.56015 -0.098789 -0.76561 -0.98623 -0.32663 0.13409 0.31139 0.45431 0.57715 0.73109 0.9013 0.99827 0.96065 0.90968 0.89765 0.86816 0.81294 0.8421 0.8873 0.90055 0.88189 0.83506 0.78402 0.72879 0.6632 0.59805 0.56159 0.5475
-0.017442 0.0048625 0.019441 0.055024 0.035622 -0.051833 0.33804 0.10097 -0.39815 0.75708 0.73835 -0.58848 0.45932 -0.9465 0.53064 0.66522 -0.68246 -0.93083 0.077067 0.82459 0.98358 0.63622 -0.007902 -0.70675 -0.99663 -0.40193 0.056553 0.23912 0.38851 0.51848 0.68275 0.87054 0.99241 0.97617 0.93322 0.9221 0.89529 0.84427 0.87029 0.91064 0.92194 0.9047 0.86135 0.81321 0.76048 0.69726 0.63388 0.59789 0.58351
-0.019512 -0.0065484 0.035275 0.14535 0.056401 -0.13234 0.42469 0.24499 -0.25421 0.81383 0.79241 -0.68802 0.58116 -0.96221 0.41489 0.7513 -0.59136 -0.96533 -0.030855 0.7622 0.99658 0.70573 0.081941 -0.64331 -1 -0.47373 -0.020378 0.16641 0.32147 0.45799 0.63188 0.83641 0.98259 0.98776 0.95311 0.94309 0.91917 0.87262 0.89558 0.93115 0.94062 0.92494 0.88524 0.84017 0.7901 0.72942 0.66798 0.63258 0.61799
-0.0069451 -0.011146 0.041463 0.20673 0.067082 -0.19712 0.47911 0.37224 -0.10117 0.83897 0.82091 -0.76762 0.68787 -0.95819 0.2932 0.8244 -0.49305 -0.98719 -0.1371 0.69268 1 0.76829 0.17004 -0.57593 -0.99656 -0.54169 -0.096262 0.093659 0.25362 0.39605 0.57879 0.79918 0.96901 0.99552 0.96938 0.96068 0.93985 0.898 0.91801 0.94888 0.95663 0.94264 0.90674 0.8649 0.81765 0.75967 0.70034 0.66564 0.65091
0.0080818 -0.01074 0.034154 0.23014 0.06777 -0.24135 0.49912 0.47636 0.053741 0.83277 0.82395 -0.82592 0.77757 -0.93524 0.16794 0.88386 -0.38916 -0.99658 -0.24052 0.61699 0.99416 0.82362 0.25577 -0.50524 -0.98657 -0.60552 -0.17069 0.021287 0.18531 0.33301 0.52381 0.75911 0.95184 0.99956 0.98213 0.97492 0.95738 0.92044 0.9376 0.96387 0.97003 0.95786 0.92589 0.88743 0.84315 0.78803 0.73096 0.69707 0.68228
0.01596 -0.0091762 0.014007 0.21381 0.059942 -0.26247 0.48505 0.55272 0.20371 0.79669 0.8024 -0.86222 0.84888 -0.8945 0.041398 0.92926 -0.28132 -0.99383 -0.34008 0.53612 0.97944 0.8715 0.33853 -0.43188 -0.97035 -0.66497 -0.24328 -0.050333 0.11693 0.26922 0.46727 0.71649 0.93129 1 0.99141 0.98589 0.97181 0.93998 0.95441 0.97619 0.98087 0.97064 0.94273 0.90778 0.8666 0.8145 0.75983 0.72686 0.71208
0.013753 -0.0087796 -0.013915 0.16279 0.046011 -0.26021 0.43952 0.59847 0.34254 0.73315 0.75784 -0.87641 0.90091 -0.8374 -0.084246 0.96043 -0.1711 -0.97943 -0.43482 0.45106 0.9563 0.9118 0.41781 -0.35645 -0.94822 -0.71984 -0.31369 -0.12085 0.0488 0.20499 0.40945 0.67157 0.90756 0.99696 0.99734 0.99367 0.98321 0.95665 0.96849 0.9859 0.98922 0.98103 0.9573 0.92598 0.88804 0.83908 0.78695 0.755 0.74032
0.0033529 -0.0088066 -0.041699 0.087439 0.028826 -0.23632 0.36699 0.61257 0.46493 0.64539 0.6924 -0.86898 0.93325 -0.7656 -0.20696 0.97743 -0.060037 -0.95394 -0.52392 0.36276 0.92524 0.94447 0.49314 -0.27955 -0.92053 -0.76996 -0.38161 -0.18994 -0.018751 0.14063 0.35065 0.62462 0.88085 0.99058 1 0.99834 0.99164 0.97052 0.97988 0.99305 0.99515 0.9891 0.96964 0.94207 0.90747 0.8618 0.81233 0.78151 0.76699
-0.010018 -0.0064992 -0.061013 0.0011509 0.011208 -0.1942 0.27335 0.59567 0.56655 0.5373 0.6087 -0.8409 0.94595 -0.68093 -0.32489 0.98052 0.050437 -0.91806 -0.60665 0.27219 0.8868 0.96953 0.56411 -0.20174 -0.88765 -0.81521 -0.44677 -0.25731 -0.085426 0.076428 0.29116 0.5759 0.85137 0.981 0.9995 1 0.9972 0.98164 0.98866 0.99773 0.99871 0.99491 0.97981 0.95609 0.92495 0.88266 0.83599 0.80638 0.79211
-0.0185 0.00029246 -0.065592 -0.082049 -0.00444 -0.13849 0.16538 0.54992 0.64421 0.41321 0.50969 -0.79359 0.93945 -0.58536 -0.43635 0.97015 0.15897 -0.87254 -0.68242 0.18024 0.84156 0.98704 0.63038 -0.12356 -0.84995 -0.85551 -0.50891 -0.32268 -0.15095 0.012662 0.23123 0.52566 0.81931 0.96835 0.99596 0.99875 0.99995 0.99007 0.99489 1 1 0.99852 0.98786 0.96807 0.94049 0.9017 0.85794 0.82964 0.81568
-0.015168 0.010887 -0.053064 -0.14976 -0.016391 -0.074461 0.050257 0.47875 0.69585 0.27772 0.39859 -0.72886 0.91456 -0.48093 -0.53987 0.94693 0.26431 -0.81824 -0.7507 0.087786 0.79014 0.99713 0.69164 -0.045526 -0.80784 -0.89081 -0.56782 -0.38581 -0.21507 -0.050418 0.17112 0.47413 0.78489 0.95281 0.98948 0.9947 1 0.99589 0.99864 0.99995 0.99908 1 0.99385 0.97806 0.95413 0.91895 0.87818 0.85129 0.83771
-6.2762e-05 0.021365 -0.025618 -0.19292 -0.023727 -0.007619 -0.064907 0.38657 0.72054 0.13552 0.27873 -0.64878 0.87243 -0.36973 -0.63418 0.91163 0.36532 -0.75602 -0.8111 -0.0043389 0.73315 1 0.74767 0.031882 -0.7617 -0.9211 -0.62333 -0.44649 -0.27755 -0.11257 0.11108 0.42155 0.7483 0.9345 0.9802 0.98795 0.99743 0.99918 1 0.99765 0.99603 0.99942 0.99782 0.98612 0.96591 0.93442 0.89676 0.87135 0.85822
0.017339 0.026302 0.010577 -0.2068 -0.026331 0.056817 -0.1735 0.27852 0.71841 -0.0087716 0.15349 -0.55567 0.81447 -0.25384 -0.71822 0.86513 0.46098 -0.68682 -0.86334 -0.09536 0.67124 0.99586 0.79827 0.10821 -0.71194 -0.94638 -0.67526 -0.50451 -0.33817 -0.17358 0.051317 0.36814 0.70974 0.91359 0.96824 0.97861 0.99235 1 0.99904 0.99319 0.99094 0.99686 0.99985 0.99229 0.97587 0.94816 0.91369 0.88984 0.87724
0.023904 0.021621 0.046991 -0.19124 -0.024778 0.11426 -0.26974 0.16011 0.69059 -0.15075 0.026163 -0.452 0.7423 -0.1353 -0.79115 0.80839 0.55039 -0.61158 -0.9072 -0.18455 0.60504 0.985 0.84329 0.18305 -0.65895 -0.9667 -0.7235 -0.55972 -0.39676 -0.23325 -0.0079416 0.31413 0.66941 0.89023 0.95372 0.96681 0.98484 0.99844 0.99583 0.98666 0.98388 0.99238 1 0.99662 0.98406 0.96019 0.929 0.90679 0.89477
0.013284 0.0070215 0.074882 -0.15021 -0.020147 0.16103 -0.34894 0.036962 0.63904 -0.28633 -0.10007 -0.34032 0.65773 -0.016081 -0.85234 0.74248 0.63278 -0.53125 -0.94258 -0.27126 0.53521 0.9677 0.88265 0.256 -0.60313 -0.98212 -0.76795 -0.61196 -0.45313 -0.29139 -0.066502 0.25971 0.6275 0.86458 0.93678 0.95265 0.97502 0.9946 0.99048 0.97813 0.97494 0.98607 0.99833 0.99917 0.99051 0.97056 0.94271 0.92221 0.91084
-0.0079936 -0.013274 0.087406 -0.090831 -0.013799 0.19453 -0.40765 -0.085428 0.56646 -0.41185 -0.22226 -0.2232 0.5627 0.10195 -0.90136 0.66851 0.7075 -0.44678 -0.96946 -0.35485 0.46236 0.9443 0.91629 0.32672 -0.54488 -0.99273 -0.80854 -0.6611 -0.50713 -0.34783 -0.12418 0.20508 0.58419 0.83679 0.91754 0.93626 0.96299 0.98854 0.98305 0.9677 0.9642 0.97799 0.9949 1 0.99529 0.9793 0.95486 0.93614 0.92548
-0.024743 -0.031932 0.081211 -0.022061 -0.0071459 0.21334 -0.44374 -0.20196 0.47609 -0.52417 -0.3377 -0.10318 0.45919 0.21705 -0.93797 0.58763 0.77401 -0.35912 -0.98789 -0.4348 0.38713 0.91517 0.94421 0.39489 -0.48457 -0.99865 -0.8452 -0.70706 -0.55863 -0.40242 -0.18081 0.15043 0.53967 0.80702 0.89613 0.91776 0.94885 0.98037 0.97364 0.95545 0.95174 0.96823 0.98978 0.99916 0.99843 0.98645 0.96548 0.9486 0.9387
-0.024635 -0.041393 0.057103 0.046652 -0.001449 0.21715 -0.45642 -0.30808 0.37158 -0.62068 -0.44403 0.017289 0.34927 0.32762 -0.96211 0.501 0.83192 -0.2692 -0.99801 -0.51061 0.31011 0.88069 0.96643 0.46022 -0.42258 -1 -0.87791 -0.74974 -0.60753 -0.45503 -0.23622 0.09594 0.49411 0.77541 0.8727 0.89726 0.93271 0.97017 0.96234 0.94147 0.93765 0.95685 0.98304 0.9967 0.99998 0.99205 0.97461 0.95963 0.95055
-0.0075731 -0.036977 0.019799 0.10666 0.0023365 0.2067 -0.44613 -0.39996 0.25684 -0.69936 -0.53919 0.13588 0.23496 0.4322 -0.97391 0.40981 0.88091 -0.1779 -1 -0.58185 0.23189 0.84123 0.98301 0.52246 -0.35927 -0.99693 -0.90666 -0.78909 -0.65371 -0.50554 -0.29028 0.041767 0.44768 0.74211 0.84735 0.87487 0.91468 0.95804 0.94923 0.92584 0.922 0.94394 0.97475 0.99269 1 0.99615 0.98227 0.96925 0.96104
0.014527 -0.018951 -0.023208 0.15114 0.0036597 0.1836 -0.41443 -0.47456 0.13585 -0.75878 -0.62153 0.25044 0.11827 0.52953 -0.97363 0.3152 0.92081 -0.08608 -0.99412 -0.64816 0.15304 0.79723 0.99405 0.58138 -0.29498 -0.9896 -0.93146 -0.82505 -0.6971 -0.55384 -0.34286 -0.01193 0.40055 0.70729 0.82024 0.85073 0.89485 0.94406 0.9344 0.90866 0.90489 0.92956 0.96496 0.98719 0.99853 0.99878 0.98851 0.97749 0.97021
0.026733 0.0073893 -0.063291 0.17573 0.0024041 0.15014 -0.36381 -0.52971 0.012593 -0.79811 -0.68974 0.35902 0.0011222 0.61851 -0.96167 0.21833 0.95152 0.005442 -0.98068 -0.70922 0.07409 0.74907 0.99966 0.6368 -0.23007 -0.97819 -0.95234 -0.85761 -0.73764 -0.59984 -0.39383 -0.065005 0.35287 0.67106 0.79147 0.82494 0.87333 0.92832 0.91794 0.89 0.88639 0.9138 0.95375 0.98024 0.99563 1 0.99337 0.98439 0.97809
0.021622 0.03349 -0.092484 0.17881 -0.0011338 0.10906 -0.29751 -0.56412 -0.10915 -0.81707 -0.74289 0.45986 -0.11465 0.6982 -0.93857 0.12029 0.97307 0.095899 -0.96003 -0.76478 -0.0044539 0.69719 1 0.68855 -0.16484 -0.96286 -0.96935 -0.88675 -0.77528 -0.64346 -0.44309 -0.11732 0.30479 0.63359 0.76119 0.79763 0.85023 0.91093 0.89994 0.86996 0.86658 0.89673 0.94119 0.97192 0.99135 0.99984 0.99688 0.98999 0.9847
0.003596 0.050538 -0.10503 0.16142 -0.0063194 0.063359 -0.21927 -0.57734 -0.22583 -0.81592 -0.78043 0.55147 -0.22735 0.76786 -0.90496 0.022134 0.98556 0.18457 -0.93256 -0.81463 -0.082112 0.64201 0.99523 0.73651 -0.099609 -0.94383 -0.98254 -0.91248 -0.80998 -0.68464 -0.49054 -0.16876 0.25646 0.59501 0.7295 0.76889 0.82565 0.89196 0.88048 0.84862 0.84554 0.87842 0.92733 0.96228 0.98574 0.99836 0.99907 0.99431 0.99009
-0.015285 0.052487 -0.098446 0.12686 -0.012285 0.016037 -0.13314 -0.56974 -0.33429 -0.79537 -0.80214 0.6326 -0.3354 0.82693 -0.86158 -0.075141 0.98916 0.2708 -0.8987 -0.85864 -0.15844 0.58393 0.98555 0.78055 -0.034656 -0.92128 -0.99199 -0.93481 -0.84172 -0.72333 -0.53611 -0.21919 0.20801 0.55544 0.69654 0.73886 0.7997 0.87151 0.85964 0.82605 0.82336 0.85893 0.91224 0.95138 0.97885 0.99559 1 0.9974 0.99428
-0.02388 0.038121 -0.073827 0.080048 -0.018054 -0.030052 -0.043248 -0.54239 -0.43174 -0.75659 -0.80816 0.70223 -0.4374 0.875 -0.80923 -0.1706 0.98414 0.35398 -0.85889 -0.8967 -0.23302 0.52338 0.97116 0.82061 0.029742 -0.89541 -0.99778 -0.95378 -0.87049 -0.7595 -0.57971 -0.26852 0.15957 0.51502 0.66242 0.70762 0.77246 0.84967 0.83752 0.80234 0.80009 0.83836 0.89599 0.93928 0.97073 0.99159 0.9997 0.99928 0.99731
-0.018606 0.011405 -0.035527 0.026848 -0.022665 -0.072372 0.046374 -0.497 -0.51592 -0.7011 -0.79888 0.75961 -0.53208 0.91183 -0.74877 -0.26337 0.97082 0.43355 -0.81361 -0.92875 -0.30548 0.46075 0.95229 0.85663 0.09333 -0.86645 -1 -0.96943 -0.89629 -0.7931 -0.6213 -0.31664 0.11127 0.47388 0.62726 0.6753 0.74404 0.82652 0.81419 0.77758 0.77583 0.81675 0.87864 0.92602 0.96144 0.98639 0.9982 1 0.9992
-0.0042343 -0.019844 0.0097624 -0.026705 -0.025287 -0.10882 0.13197 -0.43581 -0.585 -0.63072 -0.77501 0.80422 -0.61838 0.93734 -0.68112 -0.35267 0.94957 0.50902 -0.76334 -0.95479 -0.37546 0.39645 0.92916 0.88858 0.15587 -0.83459 -0.99877 -0.98181 -0.91913 -0.82412 -0.66081 -0.36348 0.063229 0.43213 0.59117 0.64199 0.71454 0.80216 0.78975 0.75183 0.75064 0.79419 0.86026 0.91168 0.95102 0.98005 0.99556 0.99959 1
0.010428 -0.046429 0.054294 -0.075056 -0.025311 -0.13778 0.2102 -0.36145 -0.63772 -0.54751 -0.73746 0.8358 -0.69541 0.9516 -0.6072 -0.43776 0.92083 0.57997 -0.70859 -0.97485 -0.44265 0.33085 0.90203 0.91643 0.21714 -0.80006 -0.99419 -0.99098 -0.93905 -0.85256 -0.6982 -0.40893 0.015545 0.3899 0.55426 0.6078 0.68404 0.77666 0.76425 0.72517 0.7246 0.77073 0.84089 0.8963 0.93953 0.9726 0.9918 0.99809 0.99974
0.018171 -0.060595 0.090636 -0.11367 -0.022411 -0.15822 0.27823 -0.27682 -0.67329 -0.4537 -0.68738 0.85428 -0.76242 0.95481 -0.52799 -0.51802 0.88507 0.64602 -0.64985 -0.989 -0.50677 0.26434 0.87115 0.94022 0.27694 -0.76305 -0.98639 -0.99701 -0.95606 -0.87841 -0.73344 -0.45294 -0.031672 0.34728 0.51663 0.57282 0.65264 0.75012 0.7378 0.69769 0.69777 0.74644 0.82061 0.87994 0.92702 0.9641 0.98697 0.99553 0.99844
0.016736 -0.058249 0.1129 -0.13937 -0.016569 -0.16961 0.33382 -0.18498 -0.69142 -0.35163 -0.62603 0.85982 -0.81888 0.94727 -0.44444 -0.59288 0.8428 0.70684 -0.58764 -0.99734 -0.56758 0.19726 0.83676 0.95995 0.33507 -0.7238 -0.9755 -0.99999 -0.97022 -0.90168 -0.76651 -0.49544 -0.078327 0.30439 0.47838 0.53715 0.62043 0.7226 0.71045 0.66944 0.67022 0.72139 0.79947 0.86266 0.91353 0.95458 0.98112 0.99195 0.99616
0.0085577 -0.040009 0.11764 -0.15055 -0.0080803 -0.17196 0.37537 -0.089068 -0.69226 -0.24369 -0.55486 0.85276 -0.86439 0.92942 -0.35751 -0.66186 0.79454 0.76218 -0.52245 -1 -0.62485 0.12996 0.79915 0.97568 0.39137 -0.68249 -0.96164 -1 -0.98156 -0.92239 -0.79738 -0.53638 -0.12433 0.26134 0.43963 0.50088 0.58749 0.6942 0.6823 0.6405 0.64202 0.69563 0.77754 0.8445 0.89911 0.9441 0.97427 0.98738 0.99291
-0.0017617 -0.010859 0.10427 -0.14714 0.002489 -0.16575 0.40191 0.0078684 -0.67642 -0.13225 -0.47537 0.83362 -0.89875 0.90178 -0.26815 -0.72455 0.74087 0.81182 -0.45479 -0.99715 -0.67839 0.062765 0.75857 0.98747 0.44569 -0.63935 -0.94496 -0.99713 -0.99015 -0.94056 -0.82604 -0.5757 -0.1696 0.21821 0.40045 0.46409 0.55391 0.66499 0.6534 0.61094 0.61323 0.66923 0.75485 0.82552 0.88381 0.93269 0.96646 0.98187 0.98873
-0.010112 0.021423 0.075014 -0.13045 0.014353 -0.15185 0.41311 0.10291 -0.64484 -0.019636 -0.38914 0.80305 -0.92189 0.86496 -0.17727 -0.78063 0.68234 0.85562 -0.38514 -0.98897 -0.72807 -0.0040165 0.71528 0.99539 0.49789 -0.59457 -0.92559 -0.99148 -0.99604 -0.95623 -0.8525 -0.61336 -0.21405 0.17511 0.36094 0.42689 0.51976 0.63504 0.62383 0.58082 0.58392 0.64225 0.73148 0.80577 0.86768 0.92039 0.95775 0.97545 0.98366
-0.014193 0.048467 0.034423 -0.10293 0.026583 -0.13142 0.40922 0.19335 -0.59882 0.091918 -0.29777 0.76185 -0.93387 0.81961 -0.085767 -0.82984 0.61954 0.89345 -0.31399 -0.97567 -0.77373 -0.070093 0.66956 0.99954 0.54784 -0.54836 -0.90368 -0.98315 -0.9993 -0.96943 -0.87676 -0.64933 -0.25762 0.13211 0.32119 0.38934 0.48513 0.60442 0.59366 0.5502 0.55413 0.61473 0.70747 0.7853 0.85076 0.90726 0.94816 0.96815 0.97773
-0.013446 0.063522 -0.011425 -0.067762 0.038186 -0.10587 0.39102 0.2768 -0.5399 0.20033 -0.20287 0.71091 -0.93492 0.76649 0.0055215 -0.87199 0.55305 0.92527 -0.24178 -0.95748 -0.8153 -0.13519 0.62166 1 0.59544 -0.50091 -0.87938 -0.97225 -1 -0.98019 -0.89882 -0.68358 -0.30024 0.089308 0.28128 0.35152 0.45008 0.57322 0.56295 0.51916 0.52394 0.58674 0.68287 0.76416 0.83311 0.89332 0.93773 0.96 0.97097
-0.0084448 0.063098 -0.055904 -0.028567 0.048193 -0.076721 0.35974 0.35117 -0.46984 0.30369 -0.10602 0.65124 -0.92535 0.70635 0.09579 -0.90699 0.48345 0.95105 -0.16897 -0.93464 -0.85269 -0.19906 0.57185 0.99689 0.64059 -0.45241 -0.85282 -0.95888 -0.99822 -0.98858 -0.91871 -0.71608 -0.34185 0.046775 0.24129 0.31352 0.41469 0.54149 0.53177 0.48774 0.49338 0.55832 0.65773 0.74239 0.81475 0.87863 0.9265 0.95105 0.96341
-0.00054809 0.047652 -0.092817 0.011025 0.055732 -0.045528 0.31702 0.41478 -0.39057 0.40026 -0.0087337 0.58388 -0.90562 0.64002 0.18429 -0.93476 0.41132 0.97083 -0.095989 -0.90741 -0.88585 -0.26146 0.52037 0.99034 0.68322 -0.40305 -0.82415 -0.94317 -0.99404 -0.99464 -0.93644 -0.74682 -0.38239 0.0045877 0.2013 0.2754 0.37904 0.50931 0.50018 0.456 0.46253 0.52954 0.63211 0.72004 0.79574 0.86321 0.9145 0.94132 0.95509
0.0081203 0.021228 -0.11724 0.047669 0.0601 -0.013823 0.26475 0.46629 -0.3041 0.48855 0.087527 0.50993 -0.87624 0.56832 0.27031 -0.95533 0.33722 0.98465 -0.023235 -0.87607 -0.91477 -0.32217 0.46748 0.98046 0.72325 -0.353 -0.79353 -0.92521 -0.98754 -0.99843 -0.95203 -0.77579 -0.42183 -0.037185 0.16137 0.23723 0.34318 0.47673 0.46823 0.42401 0.43143 0.50043 0.60605 0.69715 0.77612 0.84712 0.90178 0.93086 0.94604
0.014796 -0.0097411 -0.12612 0.078569 0.06081 0.016971 0.20506 0.50481 -0.2125 0.56727 0.1814 0.43054 -0.83785 0.4921 0.35322 -0.96876 0.26169 0.99262 0.048904 -0.84087 -0.93944 -0.38099 0.41342 0.9674 0.76065 -0.30243 -0.76109 -0.90512 -0.97881 -1 -0.96552 -0.80298 -0.4601 -0.078477 0.12159 0.19908 0.30718 0.44382 0.436 0.3918 0.40012 0.47104 0.57959 0.67377 0.75592 0.83038 0.88836 0.91968 0.93628
0.016771 -0.03809 -0.1186 0.10165 0.057624 0.045591 0.14017 0.5298 -0.11783 0.63538 0.27163 0.34684 -0.79111 0.41219 0.43243 -0.97517 0.18528 0.99486 0.12006 -0.80212 -0.95988 -0.43776 0.35842 0.95129 0.79536 -0.25152 -0.72698 -0.88303 -0.96793 -0.99942 -0.97694 -0.82838 -0.49717 -0.11923 0.082003 0.16101 0.2711 0.41063 0.40352 0.35944 0.36866 0.44142 0.55278 0.64995 0.73519 0.81304 0.87429 0.90784 0.92585
0.012525 -0.057618 -0.095974 0.11567 0.050568 0.070973 0.072329 0.54113 -0.022108 0.69206 0.35706 0.25998 -0.73677 0.32945 0.50743 -0.97472 0.1085 0.99154 0.18991 -0.7601 -0.97612 -0.49229 0.30272 0.93227 0.82736 -0.20042 -0.69134 -0.85904 -0.95499 -0.99675 -0.98633 -0.852 -0.53302 -0.15938 0.042683 0.12308 0.235 0.37723 0.37085 0.32696 0.33709 0.41162 0.52566 0.62571 0.71397 0.79512 0.85959 0.89534 0.91478
