0.0050659 -0.0061028 -0.016245 -0.016096 -0.007839 -0.01476 -0.06986 0.09098 0.040821 0.060748 -0.039712 0.088153 -0.16526 0.058537 -0.018876 0.015419 0.21882 -0.028608 0.060402 -0.35746 0.46742 0.46889 0.3018 0.42331 0.63173 0.60426 -0.090988 -0.71791 0.30958 0.38354 -0.72353 0.75069 -0.67936 0.65076 -0.7005 0.78175 -0.78003 0.56953 -0.11333 -0.43805 0.80024 -0.68159 0.11976 0.46107 -0.79221 0.70091 0.096469 -0.82693 0.33474
0.0044718 0.00044988 -0.01077 -0.010771 -0.040341 -0.025952 0.028204 -0.00012938 0.043446 0.051464 0.052703 -0.14115 -0.21319 0.085953 -0.0064965 0.15731 -0.025338 -0.074912 -0.17734 0.54084 0.036302 -0.46844 -0.5199 -0.24614 0.30266 0.72046 0.1153 -0.75106 0.42212 0.14658 -0.52638 0.69394 -0.74565 0.73056 -0.62471 0.35564 0.09381 -0.58632 0.83468 -0.59147 -0.08654 0.72294 -0.78475 0.29713 0.34453 -0.83427 0.4694 0.59788 -0.70186
0.0028463 -0.00088969 -0.010507 0.016115 0.02018 -0.052424 -0.011895 0.0023619 -0.11574 -0.031202 -0.1265 -0.19628 -0.16461 0.096801 -0.037864 -0.19547 0.017864 -0.14949 0.504 -0.19195 -0.61759 -0.62829 -0.69392 -0.54859 0.13823 0.73989 -0.042854 -0.6825 0.72752 -0.4522 0.18587 -0.051969 0.066649 -0.23589 0.52008 -0.78384 0.78476 -0.35357 -0.35453 0.82754 -0.61156 -0.18279 0.80504 -0.71642 0.1142 0.66833 -0.71725 -0.37052 0.81317
0.0015382 -0.0012357 -0.017742 -0.014105 -0.015072 0.015862 0.020033 -0.0070633 0.12082 -0.0020545 -0.063863 -0.16067 0.061598 -0.045322 0.03071 0.24787 -0.27598 0.51936 -0.16518 -0.61046 -0.50129 -0.41313 -0.66331 -0.57821 0.2938 0.69888 -0.5003 -0.19447 0.62978 -0.7814 0.80986 -0.81675 0.81324 -0.72875 0.44169 0.096592 -0.66853 0.82709 -0.30919 -0.51509 0.84846 -0.26516 -0.60902 0.84288 -0.35404 -0.54093 0.78599 0.30947 -0.82377
-0.0009245 -0.013009 0.0095891 -0.023726 -0.048967 0.027494 0.05884 0.025559 -0.089971 0.040617 -0.056719 0.093448 0.093816 0.0090071 -0.06799 -0.26449 0.44004 -0.0057796 -0.57839 -0.48381 -0.30988 -0.36304 -0.7207 -0.36234 0.65649 0.2514 -0.77715 0.65664 -0.36468 0.16452 -0.11117 0.20762 -0.43024 0.70925 -0.84014 0.55513 0.15824 -0.79174 0.67583 0.17439 -0.84738 0.48219 0.4809 -0.8655 0.39808 0.55524 -0.75877 -0.42549 0.75186
-0.0015838 -0.0053069 -0.0031677 0.011701 0.01347 0.049998 0.046171 -0.080354 -0.085195 0.063611 -0.14044 0.12177 -0.096874 0.01518 0.17776 -0.092808 0.29191 -0.48166 -0.58115 -0.38198 -0.35098 -0.55576 -0.72213 0.22433 0.69149 -0.60538 -0.013516 0.47222 -0.6711 0.72814 -0.70367 0.57742 -0.28837 -0.19478 0.70376 -0.81923 0.2392 0.62102 -0.80572 0.00017921 0.82535 -0.52023 -0.50204 0.86092 -0.27191 -0.69555 0.60885 0.66373 -0.51704
0.002448 -0.0025805 0.02277 -0.015426 0.010523 0.070109 -0.068487 0.078154 -0.045879 0.12145 -0.046489 -0.16654 0.046179 -0.070045 -0.092379 0.32614 -0.13276 -0.61905 -0.57241 -0.48833 -0.60174 -0.76029 -0.23681 0.78003 -0.20015 -0.53903 0.80924 -0.77739 0.71776 -0.73147 0.80226 -0.84467 0.70722 -0.24623 -0.45 0.86203 -0.42875 -0.52933 0.83149 0.010462 -0.85269 0.40623 0.65387 -0.78525 -0.031814 0.85794 -0.25595 -0.87293 0.041286
0.0041767 -0.00096883 -0.013524 0.002036 -0.016297 -0.0021343 0.020245 0.12958 -0.021407 -0.0062635 0.17639 0.12466 0.022066 0.020222 -0.27015 0.41417 -0.35212 -0.65208 -0.65923 -0.69559 -0.73259 -0.39767 0.653 0.17564 -0.75973 0.7242 -0.41814 0.19154 -0.14864 0.27134 -0.51305 0.77332 -0.84258 0.47785 0.29851 -0.86031 0.44999 0.57227 -0.79326 -0.19224 0.8837 -0.11964 -0.8394 0.52356 0.47238 -0.83985 -0.30069 0.79159 0.57098
-0.002049 0.0023414 0.0033445 0.0083617 -0.016367 -0.0032122 0.022932 0.12183 0.0094169 -0.13731 -0.21346 0.0086358 -0.0020193 0.15864 -0.19827 0.38026 -0.37046 -0.61382 -0.64118 -0.57603 -0.16003 0.58828 0.45987 -0.8138 0.53338 -0.041623 -0.29673 0.42069 -0.36657 0.14996 0.21943 -0.64697 0.8657 -0.54262 -0.30308 0.87424 -0.32032 -0.72117 0.63897 0.50504 -0.78666 -0.32909 0.86421 -0.0012461 -0.84412 0.42638 0.81221 -0.2214 -0.90174
0.0032815 0.0032356 0.0020725 -0.021003 0.025296 -0.0042161 -0.016608 0.064057 -0.06239 0.18206 0.17544 -0.13316 -0.031101 0.1614 -0.10876 0.41475 -0.17504 -0.29332 -0.13715 0.23725 0.74225 0.48945 -0.78128 0.3457 0.19616 -0.56845 0.72044 -0.73806 0.64375 -0.38678 -0.066497 0.60358 -0.87216 0.47334 0.45332 -0.86202 0.025764 0.87144 -0.28261 -0.81592 0.40962 0.77564 -0.50539 -0.62817 0.78198 0.33511 -0.79729 -0.59807 0.47773
-0.0010326 0.0015801 -0.031425 0.025882 -0.0060709 -0.061015 -0.03994 -0.049854 0.074981 -0.16218 0.051979 -0.020237 -0.092042 0.12033 -0.12407 0.51986 0.28262 0.40147 0.65462 0.74719 0.14139 -0.78732 0.17619 0.3545 -0.68517 0.82 -0.84958 0.84181 -0.75028 0.46039 0.074152 -0.66977 0.85791 -0.25585 -0.69161 0.71029 0.40704 -0.83463 -0.27517 0.86302 0.2471 -0.86407 -0.23437 0.89406 -0.091314 -0.88826 0.028731 0.88048 0.499
0.0052158 0.0070321 0.014467 -0.0033187 0.01937 -0.03261 -0.090347 -0.0042631 -0.095393 0.021818 -0.29035 0.046243 -0.13862 0.13268 -0.27005 0.49423 0.69225 0.71659 0.37311 -0.35066 -0.79342 0.24517 0.47265 -0.74911 0.84438 -0.85044 0.85626 -0.86483 0.76289 -0.39779 -0.23215 0.80227 -0.74272 -0.12496 0.8776 -0.30303 -0.80862 0.4226 0.79694 -0.40124 -0.83007 0.30707 0.85914 -0.36421 -0.75042 0.53013 0.82536 -0.10424 -0.88309
-0.0016492 0.017742 -0.026377 0.0054026 0.028303 -0.015608 -0.046102 -0.015362 0.15647 0.19127 -0.10434 0.05427 -0.179 0.23304 -0.45404 0.03802 0.27038 -0.23569 -0.74854 -0.49517 0.63298 0.37322 -0.79388 0.85682 -0.84448 0.82845 -0.85604 0.8668 -0.69343 0.19208 0.50646 -0.88759 0.41882 0.59052 -0.78796 -0.3274 0.85089 0.31443 -0.82723 -0.43083 0.74736 0.59357 -0.64116 -0.61014 0.74587 0.52247 -0.60835 -0.85259 -0.033594
-0.0099366 0.010165 -0.013825 0.044816 -0.063012 -0.046358 0.12588 0.051043 -0.15632 -0.065852 0.15966 0.04375 -0.22036 0.36259 -0.35949 -0.58165 -0.68643 -0.67053 0.15173 0.81791 -0.12883 -0.72429 0.86724 -0.84843 0.8268 -0.83544 0.87548 -0.82749 0.49721 0.16291 -0.79289 0.75238 0.13846 -0.88919 0.2609 0.84664 -0.29001 -0.87956 0.12103 0.90986 0.13894 -0.86909 -0.37955 0.83229 0.29539 -0.84975 -0.55053 0.46669 0.91597
0.010166 0.0030435 -0.025486 -0.010527 -0.039626 -0.051643 -0.092537 -0.054579 -0.076778 -0.18353 0.28071 0.0096541 -0.20599 0.2938 0.22489 -0.23688 -0.11596 0.6931 0.5157 -0.64363 -0.30342 0.84953 -0.8551 0.83984 -0.84521 0.87133 -0.86799 0.66887 -0.12328 -0.59501 0.88457 -0.26571 -0.72032 0.68314 0.51756 -0.73852 -0.58382 0.61712 0.76551 -0.3529 -0.89767 -0.006643 0.90228 0.18436 -0.90302 -0.21289 0.78962 0.75766 -0.11899
-0.0030287 0.022317 -0.037331 -0.022904 -0.0059851 0.0083399 0.068823 -0.046098 0.17565 -0.1388 0.31144 -0.068253 -0.021306 -0.15803 0.52073 0.65893 0.74386 -0.12352 -0.8068 0.31703 0.55494 -0.87686 0.85344 -0.86459 0.88037 -0.87085 0.7334 -0.30566 -0.39222 0.88575 -0.55563 -0.4509 0.87555 0.086767 -0.9054 -0.10874 0.88392 0.38707 -0.72725 -0.70628 0.39403 0.90054 0.002161 -0.91612 -0.054171 0.90544 0.45455 -0.51846 -0.92183
-0.0095496 -0.02483 0.003048 0.0067584 0.034774 -0.020687 -0.072803 0.16283 0.1945 -0.077998 0.298 -0.16207 0.28961 -0.45962 -0.29599 -0.17884 -0.66083 -0.42675 0.79878 -0.053599 -0.66333 0.88545 -0.88113 0.88896 -0.85339 0.72153 -0.36899 -0.25146 0.82926 -0.73123 -0.18191 0.90101 -0.28474 -0.83323 0.34932 0.87807 -0.081639 -0.90935 -0.36265 0.71804 0.75752 -0.29194 -0.91874 -0.025518 0.91842 0.18389 -0.7787 -0.80919 -0.025405
-0.0052903 0.0048887 0.0022334 0.056187 0.055432 0.058643 0.060964 0.056612 0.10087 -0.05027 0.21007 -0.13131 0.26178 0.15915 -0.37628 -0.4449 0.21406 0.7322 -0.68959 -0.082016 0.67474 -0.88579 0.89425 -0.82478 0.64889 -0.32254 -0.21662 0.7773 -0.82267 0.033857 0.83963 -0.54353 -0.64396 0.6682 0.67027 -0.5002 -0.86691 0.059048 0.89517 0.48733 -0.58416 -0.86474 0.078161 0.92291 0.10379 -0.88489 -0.59599 0.32122 0.90966
0.0023549 0.016726 -0.014907 0.015395 -0.057088 -0.08929 -0.016943 -0.14047 0.035216 -0.046009 -0.0089537 0.12181 -0.29312 0.43146 0.63429 0.72291 0.21656 -0.84454 0.60938 0.086803 -0.59597 0.83016 -0.79925 0.56038 -0.18816 -0.28981 0.77452 -0.8594 0.18127 0.7535 -0.70669 -0.43821 0.83851 0.38436 -0.77801 -0.64521 0.45054 0.90858 0.1501 -0.80565 -0.7168 0.29946 0.92718 0.14875 -0.89677 -0.4139 0.58403 0.92399 0.41562
-0.0087128 0.010618 -0.012052 -0.017314 -0.036833 0.094406 0.015114 -0.21586 0.027196 -0.046506 -0.28565 0.23855 -0.23522 -0.50934 -0.41795 -0.68278 -0.49485 0.87195 -0.60972 0.034307 0.39841 -0.63401 0.49036 -0.046297 -0.4388 0.82156 -0.85755 0.24775 0.67979 -0.79916 -0.25751 0.9062 0.1172 -0.90104 -0.33931 0.73718 0.76511 -0.21487 -0.91674 -0.48379 0.5382 0.90694 0.11305 -0.87947 -0.40099 0.71677 0.85081 0.1427 -0.67056
0.015518 0.0014016 0.021107 -0.044655 0.067281 -0.02055 0.017479 -0.21017 0.061883 -0.049618 -0.29514 -0.16526 0.46944 0.15069 0.040354 0.51718 0.63414 -0.8823 0.69151 -0.27219 -0.053149 0.22845 0.057192 -0.57426 0.88424 -0.8118 0.21542 0.65008 -0.84485 -0.12491 0.91926 -0.08816 -0.91915 -0.046674 0.88901 0.51192 -0.53503 -0.9102 -0.20419 0.74194 0.82598 -0.051622 -0.88408 -0.4967 0.70639 0.77458 -0.099327 -0.82427 -0.85036
0.0082833 0.011879 0.044637 -0.043618 -0.047128 -0.10914 -0.056783 -0.1976 0.10473 -0.069913 0.13487 -0.20892 -0.2203 0.26305 0.27572 -0.36768 -0.67768 0.88743 -0.81505 0.58323 -0.40542 0.34272 -0.66279 0.91631 -0.70915 0.083666 0.68775 -0.85722 -0.046435 0.91179 -0.23548 -0.89037 0.18217 0.92532 0.22363 -0.76598 -0.78929 0.1075 0.87639 0.67858 -0.26123 -0.92084 -0.51501 0.61552 0.7969 -0.22803 -0.90454 -0.72846 0.015127
0.0077514 0.0041955 0.015688 0.040578 0.0096227 0.062729 -0.11918 -0.19876 0.1026 -0.065965 0.32759 0.35928 -0.18077 -0.52993 -0.47174 0.29729 0.64389 -0.84999 0.89385 -0.84945 0.81339 -0.83344 0.92422 -0.5874 -0.12159 0.77722 -0.83281 -0.0367 0.90265 -0.32764 -0.84849 0.3383 0.89846 -0.029409 -0.89237 -0.58381 0.39914 0.93448 0.4825 -0.47512 -0.93629 -0.41783 0.5823 0.87167 -0.16188 -0.92635 -0.59365 0.22133 0.84714
0.0031875 0.0086423 0.025376 0.041016 0.016011 0.097685 -0.14899 -0.18683 0.033438 0.063899 -0.21625 -0.18399 0.46557 0.64621 0.56904 -0.32354 -0.51739 0.6977 -0.80074 0.87675 -0.88928 0.8576 -0.49419 -0.30528 0.87347 -0.75258 -0.11775 0.90604 -0.37027 -0.8163 0.44033 0.85467 -0.21711 -0.93056 -0.34819 0.63641 0.90426 0.23623 -0.65985 -0.90852 -0.26372 0.65263 0.89635 0.019374 -0.90783 -0.52678 0.38132 0.91206 0.77462
-0.0045353 0.014702 0.0475 -0.030793 0.027378 0.02903 -0.17001 -0.11466 -0.024046 0.14274 -0.18758 -0.10945 -0.58325 -0.68063 -0.5966 0.44152 0.26586 -0.35952 0.42591 -0.49577 0.42244 -0.22219 -0.42227 0.92348 -0.60477 -0.2834 0.92373 -0.35501 -0.80275 0.49704 0.81371 -0.33898 -0.92122 -0.13874 0.79869 0.79636 -0.025259 -0.81329 -0.83458 -0.07668 0.75031 0.87526 0.10854 -0.84128 -0.61493 0.43746 0.93821 0.67012 -0.047935
0.0042753 0.0029254 0.031667 -0.014148 -0.095017 -0.0085353 -0.19362 0.019157 -0.0027118 -0.13003 0.37643 0.34166 0.59648 0.69391 0.5609 -0.62251 0.12016 -0.16133 0.19872 -0.22903 0.40801 -0.66205 0.93923 -0.4473 -0.49298 0.92774 -0.25942 -0.81885 0.51419 0.79006 -0.41437 -0.89955 0.017356 0.88567 0.64663 -0.27414 -0.90856 -0.70544 0.11726 0.8423 0.82182 0.057505 -0.78885 -0.76813 0.31695 0.9413 0.57359 -0.19217 -0.80885
0.0042413 -0.037054 -0.02784 0.049748 -0.03066 4.6651e-05 -0.19523 0.105 -0.022161 -0.10367 -0.2695 -0.46473 -0.57939 -0.71455 -0.4431 0.79741 -0.56936 0.70136 -0.78532 0.85184 -0.93026 0.89425 -0.34002 -0.65332 0.8838 -0.078476 -0.86832 0.48336 0.78716 -0.45048 -0.87946 0.11611 0.92288 0.50002 -0.48013 -0.93912 -0.53354 0.32643 0.90811 0.73594 -0.052312 -0.80894 -0.83604 0.082433 0.92115 0.55339 -0.2994 -0.86837 -0.8769
-0.0068539 0.0062545 -0.0015823 -0.065079 0.10741 0.027883 -0.11922 0.039571 -0.047796 0.26945 0.036662 0.50998 0.57917 0.73742 0.21399 -0.84751 0.88959 -0.93361 0.87246 -0.7732 0.51242 -0.062327 -0.7401 0.80593 0.15873 -0.92159 0.38094 0.81295 -0.45097 -0.87147 0.17388 0.93657 0.38604 -0.6221 -0.91833 -0.33503 0.51963 0.94366 0.62505 -0.19108 -0.85455 -0.82966 -0.060618 0.83773 0.67837 -0.30743 -0.902 -0.82955 -0.2634
-0.010528 -0.015359 0.025827 0.033113 0.12508 0.054512 0.055341 -0.037558 0.10521 -0.23446 0.17366 -0.52451 -0.61305 -0.72596 0.1323 0.63817 -0.822 0.56828 -0.23099 -0.095285 0.52991 -0.88225 0.74725 0.3515 -0.93743 0.19768 0.86934 -0.40535 -0.87635 0.19442 0.94064 0.31593 -0.70736 -0.87144 -0.14254 0.68052 0.9357 0.47446 -0.33407 -0.90197 -0.78943 -0.05783 0.75415 0.84134 -0.13076 -0.89973 -0.78838 -0.17039 0.52501
0.0040585 0.029159 -0.060167 0.047559 0.067173 0.058258 0.20249 0.012032 -0.029042 0.065707 -0.31018 0.54131 0.67127 0.61927 -0.53039 -0.12195 0.24635 0.27881 -0.67624 0.89535 -0.91214 0.55327 0.45544 -0.90868 -0.041134 0.92595 -0.28901 -0.89784 0.18026 0.94356 0.27831 -0.75182 -0.82557 0.0093378 0.79753 0.88349 0.30061 -0.49162 -0.93573 -0.72255 0.0082764 0.74933 0.90803 0.15655 -0.81884 -0.79972 -0.106 0.5915 0.94141
0.01775 0.011234 0.063202 -0.073486 0.018573 0.0082567 0.11023 -0.027801 -0.11991 0.12533 0.38286 -0.57197 -0.71629 -0.35667 0.81209 -0.52642 0.56135 -0.9223 0.87754 -0.57548 -0.015756 0.66841 -0.88156 -0.23403 0.94326 -0.096262 -0.93153 0.11934 0.94488 0.27297 -0.77209 -0.7974 0.10965 0.86618 0.80557 0.11588 -0.63675 -0.95071 -0.63718 0.10881 0.78209 0.91662 0.33585 -0.63217 -0.8914 -0.13981 0.63143 0.95011 0.75848
-0.0022613 -0.03345 -0.045419 0.0027558 0.0028237 -0.10162 -0.13515 -0.025469 0.22505 -0.27569 -0.41785 0.60581 0.68341 -0.068996 -0.75346 0.89055 -0.94216 0.62343 0.003231 -0.56798 0.93925 -0.75645 -0.33029 0.91752 0.14216 -0.94631 -0.01155 0.94219 0.29713 -0.77469 -0.78391 0.16144 0.90053 0.72834 -0.053805 -0.75681 -0.93552 -0.51672 0.22084 0.83051 0.9052 0.36906 -0.47294 -0.95229 -0.35304 0.59591 0.95258 0.72367 0.13764
-0.011455 -0.047102 0.011136 0.030343 0.0063633 -0.18037 -0.10886 0.12065 -0.23871 0.37436 0.43389 -0.60917 -0.49771 0.5446 0.24607 -0.58132 0.41111 0.42837 -0.90824 0.86423 -0.2847 -0.54763 0.89697 0.32394 -0.91232 -0.20765 0.92124 0.36139 -0.75955 -0.78805 0.18213 0.91593 0.67165 -0.18032 -0.84374 -0.88752 -0.37433 0.35817 0.8776 0.87816 0.33945 -0.4338 -0.93457 -0.63091 0.39787 0.94839 0.70476 0.093165 -0.54232
0.024843 -0.013007 0.04285 -0.035088 0.0044538 -0.069952 0.11712 -0.14748 0.18256 -0.43439 -0.43464 0.52949 0.12232 -0.81984 0.48516 -0.28143 0.60493 -0.95373 0.47998 0.26847 -0.89375 0.79093 0.4033 -0.85149 -0.42859 0.85449 0.48142 -0.71757 -0.80646 0.17535 0.92111 0.64415 -0.25819 -0.89353 -0.82162 -0.2182 0.49576 0.92301 0.83812 0.27296 -0.45438 -0.92383 -0.77812 0.075707 0.89304 0.74861 0.0751 -0.57068 -0.92865
-0.013547 0.029738 -0.068971 -0.072464 -0.027234 0.17013 0.02977 0.070591 -0.099986 0.46964 0.40817 -0.31473 0.36878 0.63029 -0.87603 0.90142 -0.90902 0.12427 0.73116 -0.93998 0.36251 0.59392 -0.8224 -0.58023 0.73221 0.63872 -0.62575 -0.84326 0.14315 0.9209 0.6357 -0.29311 -0.9175 -0.75922 -0.071525 0.62164 0.9504 0.77082 0.18898 -0.50853 -0.92818 -0.81533 -0.15193 0.72125 0.87695 0.15219 -0.57745 -0.93498 -0.86257
0.0067188 -0.031912 -0.0054438 -0.055919 -0.086054 0.14273 -0.080474 0.063993 0.025288 -0.48295 -0.3304 -0.043318 -0.74856 0.033346 0.46436 -0.50384 -0.016765 0.91623 -0.69783 -0.15411 0.90673 -0.69662 -0.63507 0.61771 0.78976 -0.46945 -0.89868 0.07352 0.91319 0.64667 -0.30218 -0.92774 -0.71608 0.038269 0.72328 0.95274 0.68048 0.069634 -0.57487 -0.94077 -0.81285 -0.22367 0.54598 0.95721 0.40197 -0.5059 -0.93487 -0.85627 -0.41332
0.0067242 -0.023951 0.07322 -0.02398 -0.10389 -0.16933 0.025852 -0.19757 0.021873 0.462 0.17582 0.45421 0.72097 -0.72419 0.4667 -0.55537 0.9412 -0.44574 -0.61802 0.94816 -0.24761 -0.77214 0.57989 0.87471 -0.26713 -0.94605 -0.05599 0.89224 0.67311 -0.28943 -0.93023 -0.69855 0.10418 0.78863 0.93656 0.56935 -0.064335 -0.663 -0.95298 -0.78748 -0.22509 0.47902 0.93515 0.69703 -0.25879 -0.90921 -0.86024 -0.40718 0.19726
-0.0048168 -0.013905 0.0234 -0.0072367 0.010582 -0.091786 0.022916 0.29981 -0.030574 -0.38097 0.060508 -0.71181 -0.1731 0.77079 -0.88991 0.8726 -0.38308 -0.82291 0.74378 0.23704 -0.96168 0.42384 0.89933 -0.11757 -0.95754 -0.2391 0.8407 0.72169 -0.2564 -0.92899 -0.69593 0.13026 0.82338 0.91295 0.4571 -0.20335 -0.75026 -0.96037 -0.74852 -0.18516 0.47246 0.91365 0.84536 0.10792 -0.78401 -0.90038 -0.42219 0.19665 0.71476
-0.0045361 0.0078606 -0.006154 -0.014397 0.17751 0.19656 -0.010964 -0.36917 -0.0074266 0.21082 -0.33315 0.58667 -0.56631 0.0069994 0.17215 0.12117 -0.83663 0.55359 0.6487 -0.90493 -0.057962 0.95262 -0.084972 -0.94158 -0.43666 0.73951 0.79938 -0.19138 -0.92164 -0.70841 0.13379 0.83724 0.89453 0.3691 -0.32838 -0.82593 -0.95275 -0.68038 -0.12484 0.50324 0.90987 0.88738 0.35885 -0.51563 -0.95679 -0.51773 0.17324 0.7098 0.9556
-0.021491 0.017954 -0.031923 -0.038276 0.10467 -0.069552 -0.044161 0.41768 0.098644 0.057831 0.52923 -0.040279 0.82605 -0.81608 0.81395 -0.94029 0.55656 0.81474 -0.65759 -0.487 0.93354 0.073296 -0.94352 -0.5578 0.59593 0.88418 -0.071409 -0.90318 -0.73191 0.11844 0.83924 0.88843 0.31564 -0.41692 -0.88341 -0.92449 -0.59095 -0.026246 0.55106 0.91987 0.89546 0.45015 -0.27517 -0.90494 -0.73573 0.057625 0.68878 0.95426 0.8593
-0.0034292 -0.0055742 -0.074674 -0.059727 -0.18123 -0.082949 0.10607 -0.45738 -0.24189 -0.38144 -0.50196 -0.5923 -0.22934 0.59905 -0.58764 0.14948 0.78902 -0.49374 -0.79828 0.72433 0.51124 -0.90039 -0.57142 0.4926 0.94599 0.10034 -0.8583 -0.77259 0.08653 0.83373 0.88839 0.29632 -0.46714 -0.9167 -0.88465 -0.48258 0.089828 0.62689 0.93494 0.88664 0.47231 -0.17318 -0.779 -0.92293 -0.23818 0.59756 0.94846 0.86915 0.48542
-0.012301 -0.021434 -0.10177 -0.060456 -0.11266 0.1307 -0.15384 0.49233 0.41597 0.63999 0.1786 0.73882 -0.66808 0.47068 -0.60235 0.92569 -0.55834 -0.89831 0.40404 0.80764 -0.638 -0.67426 0.49627 0.96823 0.28764 -0.77067 -0.83707 0.026554 0.8195 0.896 0.29454 -0.48598 -0.93259 -0.84652 -0.37419 0.21451 0.70851 0.95404 0.86796 0.45445 -0.14414 -0.71043 -0.96427 -0.59287 0.33317 0.91737 0.8866 0.50879 -0.027956
-0.013076 0.0093895 -0.10344 -0.050224 0.21107 -0.093507 0.18576 -0.51411 -0.56653 -0.66235 0.30586 -0.14205 0.75463 -0.86004 0.7719 -0.22896 -0.84468 0.26164 0.95601 -0.29588 -0.9124 0.39348 0.97446 0.39388 -0.64935 -0.90597 -0.083194 0.7896 0.90755 0.30797 -0.48853 -0.93941 -0.82085 -0.29034 0.3294 0.78511 0.96465 0.82712 0.41551 -0.16088 -0.68757 -0.95943 -0.78747 -0.060291 0.7773 0.93011 0.54871 0.0044065 -0.52037
-0.033489 0.044071 -0.093269 -0.061254 -0.0071164 0.040109 -0.21062 0.49996 0.60564 0.33351 -0.59831 -0.65366 0.19972 -0.13342 0.46955 -0.93545 0.40146 0.98433 0.054713 -0.97777 -0.011995 0.98113 0.37518 -0.57385 -0.95489 -0.23634 0.72636 0.92604 0.33306 -0.47943 -0.94084 -0.81204 -0.23966 0.41182 0.8479 0.95918 0.76693 0.3376 -0.20136 -0.69734 -0.95494 -0.85151 -0.33938 0.47969 0.96128 0.65638 0.057112 -0.48873 -0.85863
0.017923 -0.043438 -0.078465 -0.063505 -0.16874 -0.012755 0.23937 -0.41562 -0.44317 0.24932 0.37945 0.6873 -0.89036 0.91943 -0.82237 0.13331 0.9522 0.15433 -0.9189 -0.35928 0.89266 0.45701 -0.6062 -0.97197 -0.39664 0.62003 0.95201 0.38013 -0.45981 -0.94082 -0.81035 -0.22033 0.45943 0.88722 0.94218 0.68628 0.23709 -0.28169 -0.72402 -0.95711 -0.87073 -0.45199 0.21018 0.85507 0.84965 0.19867 -0.43838 -0.83889 -0.96756
0.03485 -0.017055 -0.050527 0.041644 0.14978 0.018053 -0.27994 0.22796 0.058189 -0.71572 0.23923 0.19751 0.18733 -0.050732 -0.47967 0.96342 -0.064315 -0.90097 -0.6259 0.7042 0.75361 -0.54766 -0.97404 -0.47322 0.49025 0.96878 0.46686 -0.41965 -0.93748 -0.81653 -0.21506 0.47893 0.90763 0.92112 0.60059 0.11969 -0.3792 -0.77577 -0.9627 -0.86814 -0.49095 0.085681 0.68112 0.96607 0.49756 -0.3025 -0.8064 -0.96836 -0.83864
-0.020339 -0.045824 0.0037463 0.1564 -0.033152 -0.045616 0.33363 0.068688 0.42052 0.63242 -0.63764 -0.83623 0.84954 -0.92776 0.78218 0.13029 -0.97498 -0.66499 0.4791 0.91466 -0.21128 -0.98284 -0.42347 0.42849 0.96587 0.58183 -0.33766 -0.92786 -0.82689 -0.22098 0.48546 0.91694 0.9049 0.5306 0.0048036 -0.48379 -0.83285 -0.96914 -0.85386 -0.48721 0.038653 0.58432 0.93994 0.80156 0.019239 -0.71318 -0.96482 -0.86319 -0.52017
-0.02812 0.067616 0.076422 -0.0089972 -0.046975 0.083774 -0.39121 -0.41808 -0.71017 0.048343 0.28758 0.21233 -0.39664 0.066006 0.62362 -0.9164 -0.42627 0.46977 0.97929 0.08459 -0.94238 -0.46593 0.49483 0.96177 0.693 -0.21352 -0.90191 -0.84724 -0.23464 0.48401 0.92037 0.89852 0.48546 -0.082597 -0.57993 -0.88465 -0.96692 -0.81579 -0.46035 0.041133 0.54418 0.90066 0.93019 0.42669 -0.45269 -0.93906 -0.89226 -0.56536 -0.096359
0.0023228 0.079182 0.11405 -0.20315 0.05092 -0.12514 0.42913 0.68351 0.53438 -0.73123 0.46203 0.77929 -0.80649 0.94116 -0.62081 -0.52184 0.72355 0.98696 0.32039 -0.82594 -0.72851 0.4687 0.98001 0.73317 -0.079009 -0.84958 -0.88498 -0.26678 0.47602 0.92242 0.89491 0.4651 -0.13693 -0.64847 -0.92523 -0.94877 -0.75771 -0.39291 0.07086 0.54491 0.88047 0.96055 0.67468 -0.047393 -0.80382 -0.94143 -0.62252 -0.15362 0.3371
-0.049004 0.0079201 0.04645 0.074779 -0.011014 0.16551 -0.4094 -0.68503 0.088993 0.63203 -0.59758 -0.45354 0.44882 0.079735 -0.83492 0.6522 0.88398 0.28621 -0.68959 -0.87634 0.16895 0.98121 0.67062 -0.036426 -0.78252 -0.9274 -0.33707 0.45214 0.92187 0.89584 0.45368 -0.16314 -0.6894 -0.94838 -0.92016 -0.67812 -0.30037 0.1451 0.56869 0.88047 0.96742 0.76728 0.25602 -0.49911 -0.96218 -0.73652 -0.22768 0.27951 0.69453
0.0066652 0.025304 -0.098774 0.17057 -0.029801 -0.20025 0.28972 0.31734 -0.69266 0.25064 -0.16437 -0.70423 0.82951 -0.92695 0.2755 0.88854 -0.097494 -0.74097 -0.95068 -0.070132 0.90105 0.67489 -0.14495 -0.76663 -0.95978 -0.43721 0.39246 0.91581 0.89805 0.44937 -0.17871 -0.71031 -0.95937 -0.8897 -0.59172 -0.18739 0.2419 0.62747 0.89251 0.96823 0.8006 0.38773 -0.21385 -0.82696 -0.9074 -0.38269 0.2035 0.64871 0.9152
-0.046369 0.080009 -0.13895 -0.19454 0.049278 0.22061 -0.049416 0.29783 0.66012 -0.8475 0.69556 0.54699 -0.36035 -0.36856 0.96609 -0.087264 -0.94848 -0.92899 -0.242 0.78941 0.8526 -0.15656 -0.8411 -0.96881 -0.53519 0.29755 0.89526 0.90636 0.44837 -0.18828 -0.72308 -0.9654 -0.86588 -0.51867 -0.072934 0.35191 0.69958 0.92 0.9666 0.80334 0.43983 -0.074635 -0.6248 -0.96893 -0.66645 0.038727 0.58601 0.89099 0.97029
0.032234 0.086998 0.021513 0.019828 -0.046522 -0.21164 -0.27274 -0.77088 0.092927 0.26895 -0.066875 0.69928 -0.90462 0.78652 0.25641 -0.9421 -0.67684 -0.12717 0.69109 0.93685 0.1122 -0.85674 -0.94436 -0.54833 0.19897 0.85407 0.92719 0.46063 -0.19457 -0.73317 -0.96812 -0.85277 -0.46764 0.018108 0.45779 0.77374 0.94768 0.95664 0.78963 0.44464 -0.015982 -0.50987 -0.89272 -0.90926 -0.30033 0.4432 0.85405 0.9734 0.86268
0.0092084 0.057043 0.1175 0.13511 0.03196 0.15363 0.55287 0.67055 -0.7868 0.73982 -0.7037 -0.52077 0.121 0.72486 -0.80428 -0.61997 0.34914 0.79237 0.97272 0.29149 -0.70281 -0.93471 -0.42524 0.1979 0.80711 0.95138 0.50424 -0.18725 -0.7411 -0.97164 -0.8414 -0.43818 0.07968 0.5377 0.83921 0.96549 0.93349 0.74601 0.42298 -0.0099671 -0.45807 -0.82688 -0.9731 -0.67406 0.11346 0.75934 0.96968 0.89385 0.62122
-0.0030185 0.030975 -0.041364 -0.14943 -0.019257 -0.030061 -0.61063 0.039963 0.52006 -0.60153 0.18279 -0.77556 0.94894 -0.40878 -0.79623 0.43417 0.98883 0.93249 0.39389 -0.57807 -0.98583 -0.3772 0.35063 0.81578 0.97012 0.57117 -0.14558 -0.74067 -0.97407 -0.83292 -0.4141 0.11652 0.58999 0.88353 0.97206 0.89092 0.67899 0.35722 -0.03424 -0.45235 -0.79335 -0.96963 -0.86359 -0.31946 0.49787 0.9395 0.92484 0.6764 0.29198
0.0068646 0.019225 -0.060598 0.057625 0.021891 -0.15671 0.322 -0.76701 0.47014 -0.55545 0.71016 0.36772 0.266 -0.96053 0.21724 0.98577 0.61108 0.21003 -0.50686 -0.99015 -0.57089 0.41435 0.90327 0.97217 0.63349 -0.073722 -0.71808 -0.97574 -0.82374 -0.39318 0.14645 0.62209 0.90979 0.96757 0.83708 0.58775 0.26346 -0.1064 -0.47391 -0.78949 -0.96142 -0.9227 -0.59772 0.083457 0.78988 0.96399 0.73782 0.3633 -0.071532
-0.0087883 0.00075036 0.11638 0.048259 -0.052368 0.36596 0.22542 0.71883 -0.82419 0.76177 -0.18404 0.88425 -0.8233 -0.20946 0.96049 0.46434 -0.35687 -0.68645 -0.98733 -0.67082 0.21978 0.93629 0.93222 0.61443 -0.0058139 -0.67277 -0.97561 -0.82041 -0.37144 0.17425 0.6477 0.92584 0.95888 0.78448 0.48768 0.14644 -0.20468 -0.53644 -0.80404 -0.96055 -0.94144 -0.70786 -0.2331 0.46354 0.94885 0.83988 0.44625 0.0058079 -0.41717
-0.017645 -0.050205 -0.068592 -0.10478 0.12118 -0.50965 -0.67752 0.16994 -0.074933 0.43657 -0.74224 -0.063837 -0.70772 0.80906 0.58804 -0.53155 -0.97857 -0.99128 -0.70465 0.11178 0.85607 0.89809 0.45508 -0.044759 -0.63032 -0.96929 -0.83468 -0.359 0.20289 0.67254 0.93715 0.95197 0.74181 0.40023 0.025034 -0.31986 -0.61737 -0.84395 -0.96543 -0.94397 -0.74995 -0.37425 0.16242 0.76144 0.95953 0.59566 0.098516 -0.34455 -0.70114
-0.0032217 -0.12782 -0.093121 0.09764 -0.23317 0.47594 0.61741 -0.89391 0.88568 -0.81823 0.070225 -0.91512 0.3991 0.81745 -0.43073 -0.98945 -0.7201 -0.49423 0.088494 0.80663 0.95822 0.35635 -0.24875 -0.67021 -0.96331 -0.86018 -0.37547 0.22232 0.69752 0.94851 0.94264 0.71155 0.33367 -0.075729 -0.43386 -0.70494 -0.8905 -0.97497 -0.93842 -0.75547 -0.43206 0.014346 0.52362 0.93725 0.83046 0.27376 -0.25478 -0.64301 -0.89242
0.077284 -0.1722 0.21405 -0.043351 0.38037 -0.19918 0.017839 0.45592 -0.21382 -0.43287 0.77248 -0.37181 0.96639 -0.14544 -0.98376 -0.50501 0.1473 0.3746 0.80685 0.97567 0.49946 -0.36662 -0.81666 -0.97786 -0.88204 -0.41447 0.21261 0.71599 0.95843 0.93332 0.68121 0.28637 -0.14999 -0.52389 -0.78573 -0.93185 -0.97795 -0.91603 -0.74054 -0.43951 -0.049241 0.39237 0.79781 0.97357 0.58904 -0.077543 -0.56794 -0.85632 -0.97464
-0.036689 -0.11501 -0.15879 -0.033567 -0.53274 -0.2474 -0.69547 0.64887 -0.85843 0.80443 0.16018 0.71736 0.28745 -0.93517 -0.53484 0.43057 0.88134 0.95387 0.97462 0.54763 -0.22964 -0.88865 -0.98863 -0.85322 -0.4456 0.17853 0.7148 0.96566 0.92054 0.65018 0.24102 -0.20305 -0.58782 -0.84413 -0.96186 -0.96473 -0.87502 -0.69051 -0.41776 -0.057251 0.33328 0.70309 0.95098 0.87466 0.27489 -0.41149 -0.80535 -0.96512 -0.94583
-0.001731 0.0019321 -0.024883 0.11295 0.63257 0.61587 0.67215 -0.81771 0.36134 0.54592 -0.7254 0.79883 -0.74256 -0.69824 0.4277 0.98024 0.91722 0.85289 0.51728 -0.19189 -0.82337 -0.96617 -0.71158 -0.37533 0.15474 0.69607 0.96808 0.90861 0.61404 0.19422 -0.25254 -0.63332 -0.88216 -0.97521 -0.93748 -0.8098 -0.61318 -0.34892 -0.032203 0.32609 0.65743 0.90589 0.96987 0.66254 -0.067295 -0.68859 -0.9443 -0.96414 -0.81646
-0.092413 0.013562 0.19311 -0.18124 -0.60267 -0.60026 0.14186 -0.30383 0.84514 -0.70218 -0.47376 -0.19758 -0.88736 0.26632 0.98171 0.7084 0.2685 0.1798 -0.24835 -0.8117 -0.98686 -0.59005 -0.13287 0.24315 0.68663 0.96486 0.9069 0.5813 0.1419 -0.30367 -0.67406 -0.90807 -0.97758 -0.9021 -0.73029 -0.50801 -0.24892 0.043908 0.3505 0.65215 0.88 0.97971 0.86074 0.37147 -0.3942 -0.88036 -0.97574 -0.86069 -0.60645
-0.013663 -0.098798 -0.25909 0.22845 0.37853 0.1038 -0.83255 0.95094 -0.37965 -0.7402 0.50161 -0.93645 -0.023716 0.95442 0.65506 -0.12309 -0.56144 -0.59769 -0.85579 -0.98811 -0.6662 0.043378 0.48989 0.75745 0.96606 0.91193 0.56963 0.094356 -0.35897 -0.71568 -0.92851 -0.97603 -0.86669 -0.65228 -0.39083 -0.1224 0.14973 0.4217 0.67216 0.87722 0.97668 0.9231 0.64566 0.041769 -0.66893 -0.97102 -0.9033 -0.672 -0.34169
-0.0095024 -0.046618 0.23353 -0.24403 0.036079 0.54613 0.45189 0.039837 -0.88068 0.45962 0.75347 -0.50871 0.85906 0.71801 -0.22654 -0.84879 -0.99364 -0.99319 -0.97377 -0.6573 -0.040343 0.64664 0.90782 0.98607 0.91394 0.57376 0.072232 -0.40898 -0.75837 -0.94812 -0.96886 -0.83573 -0.58474 -0.28427 0.011648 0.27615 0.51628 0.72751 0.88974 0.97649 0.9427 0.75156 0.3574 -0.28595 -0.8644 -0.95744 -0.74104 -0.42202 -0.050585
-0.039384 0.21988 -0.17253 0.21436 -0.51661 -0.74763 0.58887 -0.97806 0.27253 0.92578 -0.051083 0.52513 0.8361 -0.17785 -0.91139 -0.94365 -0.76719 -0.79489 -0.56754 -0.011122 0.59232 0.97362 0.97512 0.86642 0.56732 0.069614 -0.43591 -0.7958 -0.96464 -0.95864 -0.79969 -0.52869 -0.19653 0.12779 0.40413 0.62205 0.7962 0.92102 0.97947 0.94469 0.79062 0.49311 0.033948 -0.57556 -0.96493 -0.84762 -0.51046 -0.13801 0.23902
0.069613 0.1645 0.12198 -0.1235 0.82212 0.19694 -0.79959 0.089856 0.94329 -0.040171 -0.79255 0.95176 -0.026056 -0.90613 -0.87172 -0.37587 -0.062276 -0.14974 0.12335 0.62891 0.96005 0.91208 0.68844 0.45952 0.051556 -0.44508 -0.81766 -0.9762 -0.94117 -0.75855 -0.46889 -0.12501 0.22005 0.50966 0.72278 0.86473 0.95354 0.9821 0.93733 0.79407 0.54628 0.18313 -0.28671 -0.79879 -0.96629 -0.65828 -0.23736 0.15244 0.5023
0.04221 -0.21076 -0.099038 -0.04093 -0.70816 0.62158 -0.23537 0.98575 -0.031454 -0.9481 -0.50953 0.32671 -0.85479 -0.85612 -0.1759 0.436 0.66831 0.56554 0.74155 0.97551 0.92731 0.50827 0.16844 -0.086936 -0.46992 -0.82754 -0.98242 -0.91933 -0.70719 -0.40288 -0.051889 0.29408 0.58997 0.79972 0.92203 0.97439 0.97362 0.91071 0.77688 0.55032 0.24376 -0.14083 -0.57077 -0.93714 -0.87453 -0.41198 0.051242 0.42406 0.71923
-0.045345 -0.11576 0.10075 0.27609 0.13028 -0.76672 0.92186 -0.082395 -0.95988 -0.49622 0.4111 -0.64082 -0.88338 -0.10844 0.63754 0.95424 1 0.97373 0.99876 0.89632 0.53042 -0.071632 -0.39797 -0.59667 -0.84823 -0.98444 -0.90257 -0.65254 -0.32577 0.027137 0.36694 0.65276 0.85371 0.95738 0.97914 0.9435 0.86211 0.72415 0.52501 0.24758 -0.079707 -0.4435 -0.79166 -0.9824 -0.70389 -0.13418 0.32972 0.65572 0.87557
-0.0083166 0.10917 -0.11863 -0.54865 0.60311 -0.046869 -0.049931 -1 -0.33227 0.6408 0.84165 -0.94893 -0.1254 0.71482 0.9969 0.87362 0.77099 0.88804 0.79888 0.44864 -0.059469 -0.61623 -0.82726 -0.92158 -0.9885 -0.88932 -0.6115 -0.24719 0.1155 0.44377 0.71129 0.89322 0.97506 0.96656 0.89445 0.78478 0.64144 0.45241 0.21681 -0.07673 -0.38839 -0.6954 -0.93174 -0.93604 -0.4744 0.14949 0.57588 0.83164 0.9632
0.04721 -0.033191 0.14773 0.78354 -0.93715 0.84871 -0.93563 -0.05782 0.81824 0.92324 0.30099 -0.32499 0.73149 0.9894 0.68627 0.27478 0.13503 0.37774 0.25498 -0.16883 -0.61731 -0.94638 -0.99596 -0.98058 -0.86792 -0.58013 -0.18764 0.20275 0.52572 0.77045 0.92549 0.98299 0.94372 0.83478 0.68817 0.5267 0.34564 0.13273 -0.10965 -0.38657 -0.65163 -0.87501 -0.98285 -0.80772 -0.2092 0.41545 0.77236 0.94194 0.97996
-0.01735 0.18006 -0.18902 -0.8705 0.50206 -0.49672 0.21194 0.99181 0.73452 0.021943 -0.57545 0.6003 0.97686 0.54452 -0.059662 -0.47162 -0.55914 -0.29767 -0.38597 -0.71129 -0.95076 -0.96901 -0.86955 -0.77308 -0.53196 -0.14153 0.26909 0.60331 0.82877 0.95428 0.98137 0.91684 0.77337 0.58889 0.39489 0.20764 0.014462 -0.19579 -0.41809 -0.65097 -0.84636 -0.96985 -0.94572 -0.61332 0.067845 0.64389 0.90734 0.98258 0.92892
-0.16257 -0.12719 0.24782 0.70254 0.4264 -0.60955 0.93332 0.31934 -0.41934 -0.90284 -0.83705 0.97336 0.44649 -0.27319 -0.75796 -0.94738 -0.96644 -0.82951 -0.86104 -0.9846 -0.96114 -0.69477 -0.50066 -0.36846 -0.074078 0.3207 0.66145 0.87932 0.97563 0.97214 0.87919 0.71387 0.49644 0.26869 0.057078 -0.13032 -0.31208 -0.49687 -0.67762 -0.84655 -0.95832 -0.97642 -0.82876 -0.3727 0.33428 0.81984 0.97473 0.95489 0.81753
-0.25285 -0.31806 -0.33044 -0.24746 -0.98614 0.81592 -0.24843 -0.88874 -0.98293 -0.74929 -0.23623 0.49354 -0.41728 -0.89699 -0.99709 -0.91574 -0.91001 -0.99925 -0.99611 -0.90785 -0.66338 -0.22128 -0.0030573 0.12082 0.39265 0.70573 0.9145 0.9863 0.9496 0.83071 0.64387 0.41149 0.15703 -0.080096 -0.28135 -0.44691 -0.59835 -0.74068 -0.86533 -0.95881 -0.98224 -0.89934 -0.6463 -0.10754 0.57062 0.93366 0.97383 0.86473 0.65646
-0.18367 0.67551 0.44005 -0.37779 0.52319 0.29426 -0.95418 -0.65439 -0.21326 0.26223 0.5988 -0.39643 -0.96466 -0.93487 -0.66473 -0.42001 -0.44111 -0.75752 -0.75995 -0.52649 -0.16662 0.30624 0.48642 0.57237 0.76385 0.93835 0.98747 0.91469 0.76495 0.56141 0.3179 0.057569 -0.19665 -0.41252 -0.58061 -0.70814 -0.81646 -0.90607 -0.96747 -0.9824 -0.92117 -0.74984 -0.41656 0.16069 0.76151 0.98107 0.90868 0.72151 0.45852
0.048999 -0.48637 -0.5718 0.8938 0.55312 -0.94306 0.16283 0.60297 0.8326 0.97732 0.86057 -0.95688 -0.82492 -0.39319 0.026896 0.27275 0.21245 -0.22224 -0.25727 0.018799 0.37072 0.7413 0.84575 0.88401 0.96548 0.98095 0.87704 0.68695 0.46052 0.2123 -0.047174 -0.29756 -0.51913 -0.68987 -0.80917 -0.88925 -0.94819 -0.98161 -0.97958 -0.92034 -0.78509 -0.54396 -0.15972 0.41232 0.89628 0.96275 0.78716 0.53709 0.23753
0.30307 -0.14266 0.70755 -0.97128 -0.99812 -0.045779 0.98773 0.94262 0.82357 0.64595 0.3293 -0.76585 -0.12695 0.37522 0.69389 0.82631 0.76543 0.38772 0.32487 0.54878 0.79314 0.97525 0.99572 0.99433 0.96555 0.836 0.61312 0.34967 0.090317 -0.1613 -0.39921 -0.6081 -0.77301 -0.88345 -0.94627 -0.97618 -0.98562 -0.96541 -0.90573 -0.78273 -0.58915 -0.30067 0.10392 0.63071 0.96913 0.88362 0.61997 0.32473 0.0073338
0.31244 0.75284 -0.81222 0.46214 0.18244 0.97452 0.045607 -0.095944 -0.18797 -0.34645 -0.49304 -0.0017958 0.64482 0.9172 0.99846 0.9975 0.99923 0.84599 0.78998 0.90511 0.99106 0.96032 0.9132 0.8909 0.77521 0.54056 0.24938 -0.03721 -0.2867 -0.5057 -0.69263 -0.83811 -0.93252 -0.97664 -0.98273 -0.96564 -0.93054 -0.86409 -0.75703 -0.58494 -0.35182 -0.039933 0.35548 0.80309 0.97888 0.75201 0.41957 0.09806 -0.21898
-0.1019 -1 0.8349 0.39165 0.89372 -0.087958 -0.97971 -0.99102 -0.97216 -0.98686 -0.89111 0.7552 1 0.94418 0.81022 0.73186 0.83986 1 0.99663 0.99423 0.92446 0.71375 0.6293 0.60672 0.44113 0.1551 -0.14882 -0.41154 -0.616 -0.77614 -0.89357 -0.96467 -0.98499 -0.96514 -0.92051 -0.86407 -0.79308 -0.69108 -0.54976 -0.34568 -0.09297 0.21885 0.57864 0.92091 0.92847 0.57866 0.19924 -0.12974 -0.42976
-0.72372 0.85209 -0.71992 -1 -0.72488 -0.98338 -0.36257 -0.5275 -0.64781 -0.67763 -0.55259 0.97685 0.74322 0.46774 0.24329 0.16378 0.36825 0.81413 0.89547 0.80575 0.6246 0.30556 0.21585 0.20783 0.032343 -0.24991 -0.51655 -0.7187 -0.85466 -0.94163 -0.98265 -0.97898 -0.93066 -0.8559 -0.77107 -0.68579 -0.58973 -0.4646 -0.30343 -0.085108 0.16777 0.45819 0.76049 0.97987 0.82423 0.37579 -0.027879 -0.34665 -0.61524
-1 -0.48676 0.43069 0.82949 -0.51348 0.10105 0.84354 0.62598 0.38355 0.25392 0.22434 0.53886 0.054987 -0.24186 -0.42532 -0.46125 -0.2283 0.36704 0.53274 0.40503 0.17738 -0.16394 -0.23485 -0.22361 -0.37505 -0.6071 -0.79941 -0.91863 -0.97587 -0.98725 -0.95553 -0.88559 -0.78101 -0.665 -0.55306 -0.4507 -0.34108 -0.20556 -0.038771 0.17687 0.41243 0.6635 0.89193 0.97969 0.67512 0.15614 -0.24944 -0.54229 -0.76779
-0.7016 0.10885 0.016833 0.064072 0.96471 0.99724 0.72229 0.96964 1 0.94963 0.82561 -0.24356 -0.65468 -0.82124 -0.89756 -0.89669 -0.73516 -0.1872 0.025249 -0.093206 -0.30389 -0.59002 -0.63121 -0.60672 -0.71193 -0.86272 -0.96045 -0.98972 -0.97042 -0.91398 -0.82156 -0.70024 -0.55619 -0.41492 -0.28971 -0.1818 -0.069586 0.064482 0.22399 0.42204 0.62574 0.82372 0.96781 0.9236 0.49179 -0.067747 -0.45452 -0.70831 -0.88209
-0.31949 0.15732 -0.52563 -0.91242 0.12883 0.0040129 -0.49675 0.11586 0.5885 0.82103 0.81234 -0.86411 -0.998 -1 -0.98396 -0.98872 -0.98666 -0.67544 -0.48057 -0.55986 -0.70809 -0.88624 -0.90022 -0.87638 -0.92695 -0.98335 -0.98339 -0.92948 -0.84576 -0.73669 -0.60103 -0.44684 -0.28194 -0.13162 -0.006156 0.097142 0.2025 0.32507 0.46657 0.63499 0.79584 0.93155 0.98672 0.81776 0.28584 -0.28425 -0.634 -0.83853 -0.95506
-0.23287 -0.28008 0.91951 0.8599 -1 -1 -0.97888 -0.86455 -0.39997 0.011924 0.21827 -0.9551 -0.81232 -0.71565 -0.66882 -0.7216 -0.91465 -0.95892 -0.85142 -0.88468 -0.95075 -1 -0.99894 -0.99264 -0.99263 -0.95849 -0.87244 -0.75253 -0.62306 -0.48066 -0.32165 -0.15399 0.01364 0.15826 0.27299 0.36364 0.45484 0.55824 0.67369 0.80375 0.91462 0.9835 0.95067 0.67047 0.069018 -0.48315 -0.7808 -0.929 -0.98576
0.0394 0.28476 -1 0.10033 0.14053 -0.22074 -0.063813 -0.83639 -0.99602 -0.79729 -0.52312 -0.48806 -0.2176 -0.11763 -0.096144 -0.20701 -0.55845 -0.96865 -1 -0.99995 -0.98908 -0.91883 -0.91873 -0.94445 -0.90683 -0.79926 -0.64918 -0.48671 -0.33302 -0.17757 -0.014731 0.1484 0.30293 0.42984 0.52562 0.59816 0.67034 0.74951 0.83377 0.92023 0.97782 0.97962 0.86453 0.49154 -0.1474 -0.65599 -0.89002 -0.97788 -0.97516
0.60132 -0.21444 0.65728 -0.93762 0.95494 0.93892 0.93208 0.12227 -0.66642 -0.97868 -0.91129 0.24784 0.47501 0.52182 0.50403 0.36898 -0.040162 -0.71618 -0.90132 -0.89076 -0.82584 -0.668 -0.68265 -0.748 -0.69 -0.53434 -0.34778 -0.16808 -0.011218 0.1387 0.28841 0.43213 0.56127 0.66194 0.73363 0.78523 0.83599 0.88848 0.93926 0.98023 0.98474 0.92305 0.7354 0.29151 -0.35314 -0.79625 -0.95886 -0.98534 -0.92587
0.45841 0.10647 0.014588 0.65393 -0.27668 0.52073 0.67474 0.93437 0.25366 -0.42463 -0.71013 0.83954 0.93317 0.93561 0.91066 0.8158 0.48104 -0.28102 -0.59139 -0.59215 -0.50348 -0.30142 -0.33784 -0.44094 -0.37956 -0.20396 -0.0090882 0.16429 0.30637 0.43585 0.55949 0.67308 0.76875 0.83834 0.88387 0.91414 0.9433 0.96906 0.98662 0.98324 0.93796 0.81952 0.572 0.081082 -0.53933 -0.89948 -0.98654 -0.95324 -0.84184
-0.26266 0.014763 -0.69176 0.43189 -0.90832 -0.74075 -0.45207 0.75978 0.94351 0.42984 -0.068477 0.9826 0.95888 0.96915 0.98959 0.99953 0.85855 0.21761 -0.15177 -0.17577 -0.091243 0.11129 0.055032 -0.074192 -0.022655 0.14667 0.32503 0.47312 0.58726 0.68619 0.7756 0.85292 0.91131 0.94853 0.96853 0.97913 0.98837 0.98932 0.97611 0.93206 0.84274 0.67669 0.38401 -0.12949 -0.69875 -0.96322 -0.97406 -0.88488 -0.72802
-0.22886 -0.13562 0.96322 -0.92092 0.29651 -0.82573 -1 -0.17796 0.83733 0.97219 0.60986 0.62509 0.56154 0.62797 0.73001 0.8775 0.99722 0.65492 0.31403 0.26892 0.33084 0.49854 0.43294 0.29702 0.33134 0.47365 0.61679 0.72681 0.80544 0.8688 0.92065 0.95998 0.98122 0.98782 0.9851 0.97919 0.97158 0.95117 0.91129 0.8322 0.70643 0.50356 0.18144 -0.33079 -0.82595 -0.9869 -0.92398 -0.78471 -0.59008
0.052323 0.24741 -0.61173 0.14284 0.88822 0.35068 -0.32848 -0.9256 0.056733 0.84905 0.92877 -0.034315 -0.06915 0.057696 0.23409 0.50064 0.8727 0.93104 0.70545 0.65437 0.68766 0.79889 0.74034 0.62147 0.63755 0.73957 0.83626 0.90214 0.94315 0.9707 0.986 0.98942 0.97691 0.95703 0.93593 0.91764 0.89709 0.85974 0.79844 0.69131 0.53785 0.30983 -0.025823 -0.51464 -0.91734 -0.97163 -0.84013 -0.65802 -0.43408
-0.13059 -0.3411 -0.15463 0.80022 -0.21666 0.99425 0.71975 -0.78511 -0.75746 0.17152 0.72329 -0.66863 -0.66206 -0.52472 -0.32861 -0.011776 0.5297 0.99122 0.94565 0.91144 0.92155 0.96968 0.93654 0.85844 0.86075 0.91717 0.96377 0.98566 0.99168 0.98709 0.97031 0.9429 0.90244 0.8618 0.82751 0.80135 0.77214 0.72278 0.64592 0.51851 0.34667 0.10535 -0.22854 -0.67427 -0.97109 -0.91995 -0.72728 -0.51058 -0.26621
0.1137 0.40433 0.76704 -0.5204 -0.88418 0.20199 0.93346 0.071131 -0.9876 -0.6053 0.12627 -0.98777 -0.98263 -0.91539 -0.78153 -0.51282 0.063007 0.83297 0.99433 1 1 0.99154 0.99981 0.9819 0.97859 0.99127 0.99083 0.97397 0.95111 0.92085 0.87887 0.82765 0.76652 0.71162 0.66957 0.63992 0.60626 0.54986 0.46343 0.32374 0.14282 -0.10036 -0.41843 -0.80447 -0.98702 -0.83561 -0.59089 -0.34847 -0.09254
0.16683 -0.42174 -0.71981 -0.53344 0.047997 -0.85964 0.1142 0.84799 -0.49175 -1 -0.53235 -0.86444 -0.92015 -0.99161 -0.99504 -0.87043 -0.41087 0.50069 0.85154 0.91287 0.91816 0.86859 0.92819 0.98213 0.98274 0.95908 0.9197 0.87283 0.82937 0.78145 0.72239 0.65534 0.58136 0.5188 0.47409 0.44482 0.41047 0.35168 0.26142 0.11717 -0.063994 -0.29849 -0.58841 -0.90166 -0.96642 -0.72323 -0.43678 -0.17772 0.081158
-0.18004 0.37918 0.053678 0.68076 0.85809 -0.74287 -0.81378 0.88171 0.3452 -0.79553 -0.91469 -0.37183 -0.51594 -0.74343 -0.91911 -1 -0.78315 0.071213 0.55316 0.67333 0.69648 0.62531 0.73759 0.86515 0.8783 0.82913 0.76202 0.69568 0.6406 0.58339 0.51557 0.44069 0.36148 0.29732 0.25432 0.22849 0.19651 0.13934 0.050401 -0.091282 -0.26474 -0.48129 -0.73281 -0.96382 -0.91184 -0.58808 -0.27094 -0.00419 0.24959
0.015782 -0.27113 0.60042 0.28642 0.19218 0.3451 -0.88239 0.18143 0.93265 -0.13689 -0.84341 0.26843 0.068159 -0.26457 -0.58867 -0.88041 -0.97641 -0.36538 0.16035 0.3279 0.3748 0.30077 0.45773 0.65019 0.68174 0.61908 0.53658 0.46152 0.40333 0.34454 0.27557 0.20015 0.12244 0.061783 0.023831 0.0035094 -0.023907 -0.076246 -0.15952 -0.29245 -0.45137 -0.64224 -0.84739 -0.9904 -0.82683 -0.43576 -0.099221 0.16667 0.40804
-0.014246 0.10897 -0.59885 -0.70144 -0.75549 0.97349 -0.063002 -0.6508 0.89117 0.58826 -0.37075 0.79195 0.61978 0.28777 -0.10485 -0.55219 -0.95794 -0.72481 -0.25404 -0.063722 0.0043301 -0.058238 0.1269 0.36605 0.41787 0.35302 0.26686 0.19267 0.13844 0.084349 0.020523 -0.049474 -0.12024 -0.17356 -0.20429 -0.21808 -0.23966 -0.28489 -0.3591 -0.4782 -0.61705 -0.77624 -0.92941 -0.98221 -0.71574 -0.27202 0.072771 0.32991 0.55248
0.064933 0.074272 -0.020669 -0.12288 -0.46055 0.38813 0.80254 -0.95734 0.27644 0.98559 0.26885 1 0.95394 0.74672 0.39886 -0.10133 -0.74172 -0.9439 -0.61925 -0.43946 -0.3609 -0.40415 -0.21357 0.046851 0.11639 0.058402 -0.021657 -0.087474 -0.13271 -0.1777 -0.23188 -0.2921 -0.35206 -0.39559 -0.41814 -0.42537 -0.44074 -0.47752 -0.5403 -0.64171 -0.75636 -0.87961 -0.97752 -0.9412 -0.58342 -0.10251 0.23988 0.48122 0.67961
0.01545 -0.22828 0.53525 0.65875 0.52697 -0.64925 0.89279 -0.5324 -0.50104 0.86235 0.78252 0.82827 0.9713 0.98518 0.79427 0.3652 -0.38057 -0.9899 -0.87813 -0.74446 -0.67182 -0.69481 -0.52451 -0.27227 -0.19166 -0.23688 -0.30388 -0.35645 -0.38998 -0.42356 -0.46551 -0.51335 -0.56028 -0.59297 -0.60746 -0.60902 -0.61863 -0.64652 -0.69647 -0.77756 -0.86531 -0.95009 -0.99168 -0.87028 -0.43506 0.067376 0.39752 0.61696 0.78685
-0.12972 0.30221 -0.36236 0.046545 0.67411 -0.90846 0.16257 0.27437 -0.96294 0.30466 0.95266 0.35658 0.68092 0.94719 0.98968 0.74528 0.048517 -0.863 -0.99489 -0.93836 -0.89033 -0.89799 -0.77307 -0.55891 -0.47702 -0.50704 -0.5572 -0.59441 -0.6158 -0.63766 -0.66669 -0.70126 -0.73451 -0.75655 -0.76408 -0.76155 -0.76654 -0.78587 -0.82254 -0.8819 -0.94138 -0.98679 -0.97305 -0.77313 -0.27594 0.23267 0.54171 0.73423 0.87238
0.13311 -0.27004 -0.21743 -0.59685 -0.16474 -0.1365 -0.69732 0.86819 -0.85264 -0.39392 0.72153 -0.23462 0.18604 0.65567 0.94803 0.96294 0.46165 -0.59276 -0.95835 -0.99945 -0.9931 -0.99425 -0.93569 -0.78642 -0.71478 -0.73043 -0.76305 -0.78536 -0.79617 -0.80773 -0.82478 -0.84672 -0.86701 -0.87965 -0.88204 -0.87753 -0.87952 -0.89129 -0.91503 -0.95233 -0.98341 -0.99007 -0.92375 -0.65397 -0.11125 0.38891 0.66919 0.83085 0.93509
-0.056866 0.15207 0.42334 -0.039314 -0.72222 0.76578 -0.93704 0.84923 -0.25935 -0.8945 0.19923 -0.73711 -0.35673 0.19813 0.68978 0.98133 0.78432 -0.23009 -0.78102 -0.92569 -0.97291 -0.97773 -0.99957 -0.93587 -0.88622 -0.89097 -0.90799 -0.91793 -0.92122 -0.92524 -0.93256 -0.94371 -0.95285 -0.95812 -0.95767 -0.95355 -0.95448 -0.96018 -0.97203 -0.98793 -0.99158 -0.96138 -0.84677 -0.51739 0.054036 0.53226 0.77738 0.90533 0.97453
0.01445 -0.014339 -0.034314 0.53058 -0.25713 0.83006 -0.38634 0.2616 0.46705 -0.97502 -0.39659 -0.98765 -0.78868 -0.30244 0.28227 0.80597 0.96378 0.16325 -0.49482 -0.73292 -0.83783 -0.85545 -0.96289 -0.99708 -0.97975 -0.97882 -0.98412 -0.98569 -0.98545 -0.98553 -0.98625 -0.98929 -0.98988 -0.99031 -0.98954 -0.98825 -0.99018 -0.9916 -0.99311 -0.98906 -0.96717 -0.90311 -0.74571 -0.36814 0.21533 0.65949 0.86443 0.9569 0.99084
-0.043345 -0.063977 -0.32401 0.079273 0.52066 0.034957 0.46648 -0.48288 0.93137 -0.61843 -0.83508 -0.91656 -0.99402 -0.72167 -0.17985 0.47928 0.97595 0.52544 -0.14448 -0.4509 -0.60869 -0.64515 -0.83381 -0.96863 -0.9912 -0.99058 -0.98916 -0.9871 -0.98765 -0.98769 -0.98538 -0.98347 -0.97854 -0.97686 -0.97828 -0.98209 -0.98701 -0.98611 -0.97916 -0.95728 -0.91248 -0.81841 -0.62464 -0.21098 0.36849 0.7681 0.92917 0.98539 0.98473
0.093889 0.043681 0.14 -0.4573 0.5749 -0.77323 0.93162 -0.90565 0.9044 0.00074189 -0.9598 -0.56021 -0.92722 -0.96381 -0.59751 0.068784 0.82647 0.80399 0.21993 -0.11818 -0.31532 -0.37234 -0.62867 -0.85706 -0.9234 -0.92883 -0.926 -0.92507 -0.93051 -0.93426 -0.93248 -0.92888 -0.92157 -0.92046 -0.92632 -0.93718 -0.94687 -0.94558 -0.93227 -0.89512 -0.83057 -0.71099 -0.48789 -0.050528 0.50991 0.85622 0.97107 0.99119 0.95735
-0.11028 0.037911 0.21476 -0.14461 -0.096562 -0.80438 0.6715 -0.7639 0.42237 0.60986 -0.73828 -0.039192 -0.618 -0.98111 -0.88805 -0.34785 0.54676 0.9625 0.55022 0.22351 0.0076295 -0.066867 -0.36958 -0.67548 -0.78517 -0.80134 -0.80196 -0.80636 -0.82005 -0.83067 -0.83263 -0.83037 -0.82363 -0.82546 -0.83763 -0.85701 -0.87292 -0.87302 -0.85549 -0.80592 -0.72516 -0.58498 -0.33995 0.10884 0.63655 0.92267 0.99019 0.97521 0.91026
0.083122 -0.08665 -0.14787 0.36812 -0.60367 -0.072456 -0.082763 -0.17111 -0.2578 0.96036 -0.26152 0.48598 -0.15598 -0.77972 -1 -0.69763 0.18633 0.98423 0.80613 0.53447 0.32496 0.24045 -0.081842 -0.44183 -0.59011 -0.61996 -0.62783 -0.64073 -0.66494 -0.68469 -0.69292 -0.69455 -0.6909 -0.6976 -0.71737 -0.74618 -0.76929 -0.77232 -0.75263 -0.69364 -0.60037 -0.44472 -0.18526 0.2631 0.746 0.96685 0.98715 0.93879 0.84531
-0.039755 0.029981 -0.15326 0.2124 -0.35845 0.70419 -0.75917 0.50664 -0.80378 0.92474 0.29892 0.86514 0.33774 -0.41289 -0.91994 -0.92428 -0.19666 0.87235 0.95957 0.7814 0.60463 0.52088 0.20862 -0.17688 -0.35498 -0.39941 -0.41683 -0.44 -0.47571 -0.50573 -0.52191 -0.52928 -0.53065 -0.54353 -0.57156 -0.61008 -0.6409 -0.64804 -0.62806 -0.56264 -0.46062 -0.29465 -0.028114 0.40868 0.83642 0.98876 0.96298 0.88358 0.76463
0.010808 0.10377 0.11771 -0.25768 0.28214 0.82665 -0.88544 0.88423 -0.9698 0.53395 0.75547 0.99951 0.74319 0.035067 -0.67115 -0.99602 -0.54501 0.64757 0.9968 0.94042 0.82072 0.75027 0.47755 0.097692 -0.098228 -0.15593 -0.18353 -0.2172 -0.26397 -0.30423 -0.32902 -0.34317 -0.35077 -0.37047 -0.40678 -0.45463 -0.49313 -0.50517 -0.48651 -0.41752 -0.3104 -0.13914 0.12743 0.54247 0.90659 0.98892 0.91915 0.81155 0.67047
-0.0089854 -0.18953 0.13812 -0.25874 0.55815 0.22602 -0.40364 0.77106 -0.69888 -0.050056 0.96643 0.86346 0.9697 0.46929 -0.3057 -0.90822 -0.81062 0.34364 0.91864 0.99871 0.95531 0.91075 0.70421 0.36105 0.16153 0.09394 0.057252 0.01434 -0.041701 -0.09096 -0.12401 -0.14513 -0.15941 -0.18587 -0.22981 -0.28601 -0.33165 -0.34895 -0.33289 -0.26296 -0.15419 0.017617 0.27766 0.66187 0.95583 0.96826 0.85741 0.72486 0.56522
0.028637 0.11795 -0.080869 0.13142 0.20454 -0.5465 0.3342 0.25239 -0.12894 -0.60655 0.87601 0.5041 0.97376 0.80446 0.10758 -0.68146 -0.96043 0.0017598 0.7389 0.95473 0.99945 0.99165 0.87272 0.59467 0.40682 0.33443 0.29129 0.24179 0.17947 0.12351 0.083512 0.056076 0.035416 0.0029092 -0.047393 -0.11041 -0.16213 -0.18463 -0.1721 -0.10359 0.003716 0.17168 0.41925 0.76481 0.98399 0.92814 0.77978 0.6258 0.45129
-0.055565 0.075874 -0.15061 0.26382 -0.33763 -0.84413 0.83774 -0.38367 0.48532 -0.94036 0.52312 0.022111 0.7641 0.98046 0.49665 -0.35585 -0.9794 -0.33523 0.48158 0.81726 0.9531 0.98974 0.97279 0.78348 0.62237 0.55148 0.50578 0.45346 0.38878 0.32931 0.28451 0.25216 0.22612 0.18889 0.13402 0.066217 0.0098691 -0.017357 -0.0089061 0.056212 0.15927 0.31948 0.54935 0.84974 0.99139 0.8702 0.68845 0.51676 0.33109
0.076618 -0.21513 0.0442 -0.008075 -0.48772 -0.4565 0.80269 -0.81254 0.88943 -0.94686 0.021149 -0.45852 0.39466 0.97129 0.79857 0.016815 -0.87076 -0.62812 0.17722 0.60355 0.8242 0.90876 1 0.91657 0.7959 0.73342 0.6899 0.63927 0.57681 0.51767 0.47088 0.43565 0.40583 0.3657 0.30847 0.23829 0.17914 0.14803 0.15221 0.21232 0.30878 0.45783 0.66553 0.91564 0.97879 0.79635 0.58572 0.40012 0.20698
-0.084165 0.15227 0.17344 -0.22073 -0.13675 0.27319 0.27869 -0.83609 0.93153 -0.63823 -0.48154 -0.82276 -0.051091 0.78654 0.96886 0.38167 -0.65379 -0.84552 -0.14089 0.33679 0.62728 0.75838 0.95551 0.98752 0.91858 0.87143 0.83522 0.79119 0.73582 0.6812 0.63568 0.60007 0.56854 0.52771 0.47066 0.40075 0.34091 0.30707 0.30713 0.36102 0.44896 0.58402 0.7659 0.96195 0.94727 0.70867 0.47396 0.27826 0.081207
0.076334 0.055816 -0.0033159 -0.086532 0.31717 0.77086 -0.39707 -0.46395 0.6117 -0.12821 -0.84612 -0.99077 -0.48009 0.46621 0.98667 0.68879 -0.35984 -0.96668 -0.44043 0.043422 0.38149 0.55296 0.84546 0.99443 0.9853 0.95976 0.93595 0.90338 0.85991 0.81409 0.77336 0.74015 0.7093 0.67022 0.61604 0.54923 0.49097 0.4558 0.45219 0.49903 0.57698 0.69579 0.849 0.98857 0.89826 0.60936 0.35552 0.15347 -0.044096
-0.05543 -0.18816 -0.19342 0.14186 0.43063 0.68324 -0.82584 0.1123 0.06704 0.41388 -0.98007 -0.93275 -0.80902 0.070855 0.85576 0.89953 -0.027331 -0.98271 -0.69314 -0.2496 0.10866 0.30994 0.68007 0.93955 0.99456 0.99578 0.98894 0.9723 0.94517 0.91222 0.87977 0.85187 0.82424 0.78947 0.74092 0.68004 0.62571 0.59081 0.58424 0.62356 0.69048 0.79135 0.91388 0.99583 0.83341 0.5007 0.23273 0.027926 -0.16696
0.026301 0.10818 -0.047548 0.13358 0.13726 0.10898 -0.7794 0.62423 -0.49234 0.82073 -0.85724 -0.67086 -0.97946 -0.33058 0.60159 0.99052 0.30347 -0.89639 -0.87719 -0.51721 -0.16879 0.048257 0.47252 0.82881 0.94824 0.9798 0.99362 0.99665 0.98962 0.97317 0.95227 0.9325 0.91067 0.88272 0.84246 0.79027 0.74221 0.70926 0.70065 0.73235 0.78762 0.8694 0.96001 0.98438 0.75455 0.38497 0.10782 -0.096314 -0.2856
0.0047536 0.069326 0.19879 -0.054375 -0.25169 -0.52058 -0.30824 0.85216 -0.86604 0.97707 -0.51859 -0.26949 -0.96652 -0.67293 0.2655 0.95527 0.59529 -0.72078 -0.97859 -0.7382 -0.4296 -0.21311 0.23782 0.67104 0.85118 0.9148 0.95177 0.9772 0.99312 0.99612 0.98964 0.9806 0.96699 0.94824 0.91875 0.87778 0.83824 0.80896 0.79938 0.82364 0.86701 0.92911 0.98728 0.95522 0.66368 0.26443 -0.017091 -0.21737 -0.3984
-0.030832 -0.1255 0.10953 -0.13404 -0.38427 -0.77357 0.31417 0.714 -0.93261 0.84844 -0.055826 0.18218 -0.78013 -0.9048 -0.10252 0.80338 0.81772 -0.4769 -0.99174 -0.89665 -0.65524 -0.45653 -0.0083319 0.47722 0.71062 0.80598 0.86724 0.91661 0.95723 0.98179 0.99204 0.99591 0.99269 0.98524 0.96869 0.94122 0.91223 0.88831 0.87892 0.89618 0.92777 0.97004 0.99596 0.90961 0.56284 0.14126 -0.14003 -0.33353 -0.50396
0.045527 0.023459 -0.17773 -0.017067 -0.17844 -0.50572 0.75705 0.28536 -0.68327 0.48329 0.41532 0.59078 -0.46012 -0.99528 -0.45158 0.55783 0.94989 -0.19096 -0.91915 -0.98266 -0.83095 -0.66674 -0.25061 0.25962 0.53557 0.66035 0.74553 0.81906 0.88496 0.93223 0.9608 0.97929 0.98825 0.99383 0.99201 0.97993 0.96328 0.94631 0.93831 0.94923 0.96943 0.9922 0.98665 0.84901 0.45412 0.017536 -0.25919 -0.44329 -0.60109
-0.044698 0.063936 -0.17517 0.10593 0.15352 0.077664 0.80629 -0.24698 -0.21412 -0.0081948 0.78457 0.87772 -0.066474 -0.93674 -0.73671 0.25102 0.98183 0.10866 -0.77043 -0.99263 -0.94652 -0.83166 -0.47493 0.030994 0.33621 0.48617 0.59342 0.69 0.7805 0.85062 0.89834 0.93256 0.95503 0.97493 0.98919 0.99396 0.99114 0.98252 0.97711 0.9825 0.99198 0.99594 0.96025 0.77506 0.33963 -0.10479 -0.37294 -0.54533 -0.68878
0.028692 -0.027696 0.12062 0.066434 0.3281 0.59023 0.45854 -0.66978 0.3149 -0.48956 0.97187 0.99303 0.33257 -0.74373 -0.92415 -0.079811 0.91442 0.39423 -0.56089 -0.92889 -0.99655 -0.94289 -0.66923 -0.19618 0.12324 0.29248 0.41854 0.53577 0.64901 0.74108 0.80793 0.85835 0.89514 0.93016 0.96135 0.98396 0.99608 0.99704 0.99532 0.99612 0.99575 0.98194 0.91791 0.68953 0.22139 -0.22391 -0.47985 -0.63854 -0.76624
-0.0034237 -0.026462 0.22661 -0.063862 0.22863 0.72273 -0.098715 -0.82778 0.7363 -0.83628 0.94264 0.92215 0.67246 -0.44891 -0.99462 -0.39728 0.75837 0.64116 -0.30967 -0.79905 -0.98039 -0.99587 -0.82392 -0.41031 -0.09269 0.088579 0.22897 0.36328 0.49626 0.60838 0.69354 0.75998 0.81133 0.86174 0.91019 0.95115 0.97893 0.99042 0.99343 0.99064 0.98144 0.95115 0.86099 0.59426 0.10138 -0.33821 -0.57868 -0.72201 -0.83287
-0.020218 -0.0086252 -0.026613 -0.099909 -0.032902 0.42017 -0.59453 -0.67583 0.92701 -0.96642 0.71122 0.68542 0.90225 -0.096796 -0.94433 -0.66791 0.53219 0.8298 -0.037935 -0.61491 -0.90172 -0.98982 -0.93221 -0.60125 -0.30151 -0.11639 0.032842 0.17966 0.32841 0.45778 0.55963 0.64122 0.70682 0.77236 0.83789 0.89718 0.94093 0.96366 0.97226 0.9669 0.95002 0.90478 0.79099 0.49112 -0.018538 -0.44624 -0.66839 -0.79503 -0.88826
0.030559 0.041042 -0.23841 0.0037292 -0.24057 -0.11405 -0.80695 -0.28436 0.84084 -0.85706 0.33358 0.33123 0.99128 0.26332 -0.78402 -0.86535 0.25979 0.94675 0.23297 -0.39125 -0.76797 -0.92743 -0.99025 -0.76065 -0.49413 -0.31384 -0.16197 -0.0079989 0.15175 0.29477 0.41096 0.50623 0.5852 0.6651 0.74699 0.82411 0.88373 0.91809 0.93299 0.92608 0.90272 0.84421 0.70954 0.38199 -0.13662 -0.54674 -0.74815 -0.85706 -0.93217
-0.021088 0.030578 -0.088099 0.10769 -0.25197 -0.56276 -0.65699 0.19706 0.51474 -0.54445 -0.10787 -0.074887 0.93195 0.58432 -0.53642 -0.97248 -0.03229 0.98536 0.48318 -0.14457 -0.58946 -0.81441 -0.99707 -0.88223 -0.66276 -0.49607 -0.34817 -0.19293 -0.027577 0.12485 0.25243 0.35932 0.45027 0.54326 0.64031 0.73426 0.80926 0.85534 0.87706 0.86958 0.84097 0.77098 0.61836 0.26873 -0.25125 -0.63864 -0.8173 -0.90777 -0.96452
-0.0040517 -0.081684 0.18815 0.076259 -0.086988 -0.68387 -0.22851 0.59913 0.05058 -0.11 -0.52311 -0.46294 0.73876 0.82716 -0.23259 -0.98228 -0.31748 0.9457 0.69559 0.10818 -0.37852 -0.6589 -0.95432 -0.96187 -0.80116 -0.65647 -0.51925 -0.3689 -0.2037 -0.046579 0.088887 0.20486 0.30592 0.41029 0.52085 0.63022 0.7197 0.77729 0.80615 0.79897 0.76636 0.68675 0.51921 0.15313 -0.361 -0.72106 -0.87539 -0.94698 -0.9854
0.029843 -0.022279 0.18669 -0.056019 0.11606 -0.43328 0.28368 0.79172 -0.41889 0.34244 -0.83277 -0.77039 0.44426 0.965 0.092295 -0.89766 -0.57155 0.83392 0.8569 0.35078 -0.14861 -0.47077 -0.86603 -0.99766 -0.90479 -0.78972 -0.66967 -0.53038 -0.37125 -0.21445 -0.074971 0.047139 0.15606 0.26969 0.39173 0.51466 0.61738 0.68598 0.72209 0.71601 0.68058 0.59324 0.41385 0.036905 -0.46457 -0.79331 -0.92212 -0.97468 -0.99499
-0.037652 0.11827 -0.074122 -0.13253 0.2168 0.033696 0.66533 0.72268 -0.76854 0.71191 -0.98235 -0.95159 0.092926 0.98542 0.40307 -0.73025 -0.77444 0.66124 0.95815 0.56866 0.086602 -0.26098 -0.73815 -0.98972 -0.97079 -0.89188 -0.79499 -0.67268 -0.52545 -0.37413 -0.23475 -0.10974 0.00444 0.1249 0.25604 0.39038 0.50476 0.58359 0.62684 0.62254 0.58541 0.4922 0.30402 -0.078328 -0.56086 -0.85487 -0.95737 -0.99099 -0.99365
0.017692 -0.0041872 -0.2215 -0.060188 0.16621 0.46439 0.77093 0.4269 -0.9129 0.92208 -0.9502 -0.98343 -0.26598 0.89062 0.66827 -0.49857 -0.91162 0.44268 0.99497 0.74969 0.31404 -0.040893 -0.57808 -0.94008 -0.99803 -0.96043 -0.89192 -0.79203 -0.66226 -0.52147 -0.38643 -0.26196 -0.14535 -0.02074 0.11684 0.26012 0.38431 0.47234 0.52243 0.52045 0.48266 0.3854 0.19144 -0.19107 -0.6489 -0.9054 -0.98117 -0.99616 -0.98179
0.021462 -0.13803 -0.069109 0.087344 0.020191 0.64648 0.57395 0.0069595 -0.82433 0.93526 -0.74865 -0.8669 -0.58535 0.69588 0.86306 -0.22573 -0.97474 0.1956 0.96746 0.88471 0.52185 0.17835 -0.39426 -0.85238 -0.98695 -0.9942 -0.95834 -0.88561 -0.77839 -0.65298 -0.52647 -0.40606 -0.29002 -0.16411 -0.022921 0.12661 0.25852 0.35449 0.41092 0.41166 0.37416 0.27457 0.077719 -0.29996 -0.72791 -0.94472 -0.99369 -0.99056 -0.95996
-0.055435 0.031277 0.16118 0.15326 -0.1167 0.5076 0.16516 -0.40456 -0.53466 0.75678 -0.41895 -0.62485 -0.8261 0.42667 0.9711 0.063003 -0.96177 -0.061723 0.87983 0.96777 0.69999 0.38633 -0.19563 -0.73162 -0.9394 -0.99334 -0.99326 -0.9516 -0.87136 -0.76578 -0.65185 -0.539 -0.42656 -0.30232 -0.16048 -0.0075463 0.12982 0.23226 0.29436 0.29809 0.26168 0.16141 -0.035578 -0.40376 -0.7973 -0.97281 -0.99521 -0.97466 -0.92875
0.060652 0.1424 0.17406 0.064299 -0.16535 0.13455 -0.29288 -0.68726 -0.12207 0.43011 -0.021757 -0.29675 -0.96142 0.11501 0.98541 0.34261 -0.87664 -0.31148 0.73971 0.99623 0.84054 0.57382 0.008772 -0.5838 -0.8585 -0.9592 -0.99677 -0.9891 -0.93949 -0.85768 -0.7601 -0.65816 -0.55238 -0.43276 -0.2933 -0.1399 0.00051607 0.10782 0.17474 0.1816 0.14698 0.047514 -0.14701 -0.50138 -0.85658 -0.98975 -0.98613 -0.94902 -0.88883
-0.034296 -0.047585 -0.023761 -0.096284 -0.11379 -0.28482 -0.63213 -0.76655 0.31157 0.024932 0.3747 0.068291 -0.97902 -0.2046 0.90824 0.5904 -0.72835 -0.53746 0.55746 0.97061 0.93799 0.73312 0.21023 -0.41559 -0.74837 -0.89414 -0.96995 -0.9981 -0.98189 -0.92716 -0.8493 -0.76143 -0.66524 -0.55316 -0.41908 -0.26817 -0.12719 -0.016768 0.054009 0.063965 0.031715 -0.065579 -0.25525 -0.59188 -0.90548 -0.99579 -0.96695 -0.91426 -0.84092
-0.00047835 -0.13741 -0.17574 -0.1742 -0.0093021 -0.5582 -0.73927 -0.63024 0.66629 -0.37857 0.70635 0.41918 -0.8813 -0.49898 0.75002 0.78764 -0.52996 -0.72603 0.34526 0.89429 0.98925 0.85825 0.40069 -0.23404 -0.61391 -0.80141 -0.91473 -0.97942 -0.99841 -0.97336 -0.91812 -0.84717 -0.76332 -0.66157 -0.53578 -0.3903 -0.25127 -0.13957 -0.066024 -0.053101 -0.08255 -0.17645 -0.35909 -0.67446 -0.94381 -0.99127 -0.93824 -0.87107 -0.78578
0.013415 0.0492 -0.11353 -0.093045 0.081856 -0.57481 -0.58967 -0.32603 0.8664 -0.70564 0.92324 0.70986 -0.68388 -0.73954 0.5278 0.92079 -0.29724 -0.86677 0.11626 0.77309 0.99363 0.9451 0.57304 -0.046275 -0.46055 -0.68493 -0.83376 -0.93459 -0.98959 -0.99604 -0.96577 -0.91423 -0.84524 -0.75642 -0.64168 -0.50447 -0.36989 -0.25878 -0.18365 -0.16801 -0.19435 -0.2838 -0.45744 -0.74847 -0.97155 -0.97662 -0.90065 -0.82018 -0.72417
0.0032058 0.12726 0.066804 0.077226 0.11537 -0.34443 -0.24702 0.05706 0.87489 -0.90017 0.99605 0.90495 -0.41265 -0.90475 0.26312 0.98206 -0.047363 -0.95283 -0.11624 0.61477 0.95268 0.99144 0.72129 0.14081 -0.29404 -0.54914 -0.73029 -0.86576 -0.95659 -0.99554 -0.992 -0.96192 -0.91 -0.83645 -0.73534 -0.60911 -0.4814 -0.37277 -0.2973 -0.27932 -0.30236 -0.38645 -0.54938 -0.81341 -0.9888 -0.95237 -0.85486 -0.76236 -0.65692
-0.023901 -0.037324 0.15582 0.18751 0.087145 0.019979 0.16635 0.41582 0.69802 -0.93308 0.91893 0.98338 -0.10002 -0.98166 -0.020195 0.96955 0.2024 -0.98114 -0.33958 0.42845 0.86988 0.99687 0.84076 0.32076 -0.12019 -0.39877 -0.60802 -0.77558 -0.90109 -0.97272 -0.99703 -0.98999 -0.95699 -0.90079 -0.81563 -0.70288 -0.58437 -0.4801 -0.40557 -0.38569 -0.40535 -0.48335 -0.63407 -0.86889 -0.99576 -0.91911 -0.80163 -0.69838 -0.58481
0.015105 -0.11256 0.074002 0.14195 0.024883 0.36032 0.5146 0.66062 0.38012 -0.80511 0.70841 0.93983 0.2191 -0.9664 -0.29822 0.88691 0.43583 -0.95216 -0.54234 0.22407 0.7504 0.96267 0.92812 0.48774 0.055275 -0.23874 -0.47093 -0.66711 -0.82521 -0.92889 -0.98153 -0.9986 -0.98601 -0.94889 -0.88172 -0.78472 -0.67758 -0.5795 -0.50721 -0.48595 -0.50228 -0.57357 -0.71085 -0.91468 -0.99273 -0.8775 -0.74171 -0.62905 -0.50864
0.024938 0.016427 -0.071168 -0.023149 -0.034711 0.54213 0.69244 0.73648 -0.0087005 -0.54409 0.3992 0.78404 0.51126 -0.86374 -0.5489 0.74259 0.63875 -0.86966 -0.71485 0.011807 0.60063 0.89162 0.98141 0.63671 0.22695 -0.073916 -0.32317 -0.54368 -0.73143 -0.86577 -0.94655 -0.98829 -0.99719 -0.98052 -0.93305 -0.85382 -0.76005 -0.66989 -0.60112 -0.57908 -0.59219 -0.65635 -0.77918 -0.95064 -0.9801 -0.82823 -0.6759 -0.55518 -0.42921
-0.057067 0.091339 -0.12937 -0.17457 -0.066668 0.50499 0.65459 0.63324 -0.38883 -0.19805 0.037803 0.53845 0.74778 -0.68601 -0.75366 0.54882 0.79972 -0.74018 -0.84956 -0.19838 0.42789 0.78773 0.99999 0.76352 0.38986 0.090959 -0.16894 -0.40879 -0.62251 -0.78536 -0.89348 -0.95994 -0.99095 -0.99575 -0.96936 -0.90961 -0.831 -0.75038 -0.68638 -0.6642 -0.67431 -0.73103 -0.83863 -0.97677 -0.95835 -0.77204 -0.605 -0.47755 -0.34729
0.041865 0.0065475 -0.060363 -0.19282 -0.065958 0.27767 0.42355 0.38378 -0.68744 0.17427 -0.3248 0.2345 0.90725 -0.45135 -0.89857 0.32052 0.91056 -0.57242 -0.94126 -0.39724 0.24002 0.65606 0.98449 0.86498 0.53957 0.25144 -0.012332 -0.26601 -0.50137 -0.68994 -0.824 -0.9147 -0.96805 -0.99491 -0.99062 -0.95175 -0.88985 -0.82027 -0.76226 -0.74059 -0.74799 -0.7971 -0.8889 -0.99316 -0.92799 -0.70968 -0.5298 -0.39695 -0.26362
0.011022 -0.061844 0.053039 -0.064223 -0.042897 -0.042494 0.076515 0.052482 -0.85174 0.51363 -0.6404 -0.091684 0.97706 -0.18165 -0.975 0.074007 0.96656 -0.37665 -0.98711 -0.57655 0.044976 0.50235 0.93662 0.93889 0.67231 0.40345 0.14273 -0.11888 -0.37105 -0.58196 -0.73999 -0.85398 -0.92944 -0.97859 -0.99705 -0.98013 -0.93626 -0.87906 -0.82815 -0.80767 -0.81271 -0.85416 -0.92983 -1 -0.88963 -0.64192 -0.45111 -0.31415 -0.17892
-0.04798 -0.022707 0.10599 0.11419 -0.012551 -0.33283 -0.28197 -0.28237 -0.85708 0.7695 -0.8697 -0.40366 0.95386 0.099572 -0.97987 -0.17419 0.96648 -0.16397 -0.9866 -0.72942 -0.14945 0.33284 0.8591 0.984 0.78499 0.54338 0.29258 0.029145 -0.23457 -0.46398 -0.64351 -0.77937 -0.87631 -0.94759 -0.98908 -0.99485 -0.97006 -0.92639 -0.88363 -0.86503 -0.86809 -0.90196 -0.96132 -0.99756 -0.84388 -0.56954 -0.36968 -0.22988 -0.093889
0.033665 0.025834 0.065042 0.21206 0.014008 -0.4922 -0.55191 -0.54715 -0.70898 0.90693 -0.98658 -0.66866 0.84317 0.36923 -0.9154 -0.40838 0.91234 0.054308 -0.94141 -0.85046 -0.33595 0.15392 0.75543 1 0.87528 0.66814 0.4339 0.17482 -0.094958 -0.33859 -0.53674 -0.69262 -0.81003 -0.90289 -0.96733 -0.99619 -0.99124 -0.9621 -0.92842 -0.91235 -0.91388 -0.94032 -0.98342 -0.98619 -0.79142 -0.49331 -0.28629 -0.14485 -0.0091597
0.0049407 0.023173 -0.022317 0.16112 0.032435 -0.4741 -0.66476 -0.68844 -0.4396 0.91045 -0.98042 -0.86077 0.65811 0.60652 -0.78852 -0.61468 0.80903 0.26723 -0.85512 -0.9359 -0.50794 -0.028036 0.62974 0.98746 0.94156 0.7752 0.56376 0.31511 0.044912 -0.20841 -0.4219 -0.59558 -0.73207 -0.84562 -0.93259 -0.9846 -1 -0.98617 -0.9624 -0.94949 -0.94994 -0.96921 -0.99625 -0.9663 -0.73291 -0.414 -0.20165 -0.059728 0.074653
-0.016464 0.0088917 -0.083243 -0.00087011 0.042629 -0.29664 -0.59874 -0.68249 -0.099938 0.78465 -0.8561 -0.96304 0.41764 0.79436 -0.61003 -0.78168 0.66385 0.46477 -0.73291 -0.98363 -0.65974 -0.20693 0.4866 0.94773 0.98296 0.86261 0.67968 0.4473 0.18231 -0.075966 -0.30124 -0.49019 -0.64404 -0.77704 -0.88576 -0.96067 -0.99665 -0.99872 -0.98555 -0.97642 -0.97624 -0.98868 -1 -0.93836 -0.66907 -0.33235 -0.11647 0.024842 0.15698
-0.0026151 -0.0033249 -0.077293 -0.16246 0.044776 -0.029436 -0.38018 -0.53744 0.25039 0.55194 -0.63227 -0.96851 0.14441 0.92039 -0.39354 -0.90099 0.48585 0.63818 -0.58124 -0.99313 -0.78672 -0.37712 0.33084 0.88282 0.9993 0.929 0.77959 0.56897 0.3147 0.056298 -0.17699 -0.37837 -0.54758 -0.69851 -0.8279 -0.92513 -0.98165 -1 -0.998 -0.99319 -0.99287 -0.99887 -0.99496 -0.90289 -0.60061 -0.24909 -0.031409 0.10827 0.23731
0.0066693 -0.028977 -0.016116 -0.21738 0.03747 0.23487 -0.072202 -0.2888 0.55374 0.24796 -0.33808 -0.88007 -0.13745 0.97754 -0.15437 -0.96743 0.28531 0.78036 -0.4074 -0.96534 -0.88537 -0.53355 0.16741 0.79534 0.99104 0.97359 0.86194 0.67807 0.4398 0.18609 -0.051289 -0.26209 -0.44438 -0.61144 -0.76013 -0.87882 -0.95557 -0.99039 -1 -1 -1 -1 -0.98147 -0.86044 -0.52823 -0.16491 0.052912 0.19 0.31515
0.021024 -0.031781 0.054034 -0.13317 0.019072 0.41277 0.24448 0.010007 0.76355 -0.084259 -0.0090147 -0.70942 -0.4045 0.96413 0.091596 -0.97912 0.073023 0.88602 -0.21919 -0.90259 -0.95337 -0.67189 0.0011675 0.68832 0.95921 0.9961 0.9256 0.77291 0.55559 0.31128 0.073797 -0.14323 -0.33613 -0.51729 -0.68365 -0.82265 -0.91909 -0.97037 -0.99187 -0.99712 -0.99788 -0.99238 -0.95994 -0.81161 -0.45263 -0.080473 0.13591 0.26953 0.39006
-0.032775 0.02114 0.08536 0.033402 -0.0091499 0.45506 0.49287 0.29959 0.85081 -0.40056 0.31752 -0.47527 -0.63583 0.88355 0.32896 -0.93732 -0.14024 0.9518 -0.024563 -0.80832 -0.98953 -0.78862 -0.1632 0.56517 0.90537 0.99681 0.96991 0.85219 0.66034 0.42995 0.19634 -0.023632 -0.22452 -0.41753 -0.5997 -0.75763 -0.87297 -0.9405 -0.97404 -0.9849 -0.98686 -0.97636 -0.93082 -0.75699 -0.37449 0.00359 0.21704 0.34639 0.46168
-0.0071866 0.06468 0.057164 0.17782 -0.040827 0.35821 0.61778 0.52632 0.80704 -0.66143 0.60646 -0.20108 -0.81453 0.74366 0.5437 -0.84611 -0.34426 0.97626 0.16874 -0.68692 -0.99379 -0.88103 -0.32132 0.42947 0.8315 0.97644 0.99465 0.91494 0.75259 0.54039 0.31455 0.094963 -0.11115 -0.31362 -0.50954 -0.68479 -0.81804 -0.90141 -0.94701 -0.96377 -0.96732 -0.95237 -0.8946 -0.69721 -0.2945 0.086688 0.2958 0.42016 0.52963
0.050183 0.017552 -0.01237 0.21453 -0.065268 0.16041 0.59666 0.6517 0.64396 -0.83657 0.82864 0.087473 -0.92874 0.55586 0.72395 -0.71193 -0.52984 0.95977 0.35346 -0.54347 -0.96707 -0.9473 -0.46925 0.28496 0.73993 0.93612 1 0.9606 0.83122 0.64112 0.42681 0.21092 0.0024019 -0.20701 -0.41446 -0.60522 -0.75517 -0.85383 -0.91136 -0.93422 -0.93972 -0.92088 -0.85181 -0.6329 -0.2133 0.16827 0.37176 0.49047 0.59364
-0.027804 -0.070709 -0.076851 0.12597 -0.071362 -0.074166 0.44172 0.65802 0.39002 -0.90792 0.96339 0.36488 -0.97211 0.33408 0.86049 -0.54312 -0.68915 0.90442 0.52306 -0.38353 -0.91125 -0.98646 -0.60352 0.13535 0.63326 0.87733 0.9865 0.98893 0.89536 0.7309 0.53169 0.32275 0.11467 -0.099083 -0.31571 -0.52001 -0.68528 -0.79849 -0.8677 -0.89681 -0.90457 -0.88239 -0.803 -0.5647 -0.13151 0.24783 0.44449 0.55699 0.65343
-0.033741 -0.070396 -0.090819 -0.032518 -0.052829 -0.27657 0.19402 0.54965 0.084982 -0.87084 1 0.60802 -0.94392 0.093671 0.94713 -0.34928 -0.81597 0.81373 0.67192 -0.2129 -0.82897 -0.99833 -0.72119 -0.015701 0.5143 0.80187 0.95503 1 0.94446 0.80874 0.62793 0.42907 0.22427 0.0088194 -0.21454 -0.43026 -0.60933 -0.73619 -0.8167 -0.85212 -0.86242 -0.83744 -0.74875 -0.49322 -0.049725 0.32489 0.51365 0.61943 0.7088
0.044822 0.033326 -0.041019 -0.16969 -0.012134 -0.39296 -0.088178 0.35034 -0.22661 -0.73358 0.93806 0.79791 -0.84862 -0.14969 0.98077 -0.14072 -0.90588 0.69244 0.79547 -0.037408 -0.72351 -0.9835 -0.81993 -0.16472 0.38594 0.71175 0.90675 0.99421 0.97824 0.87387 0.71448 0.52868 0.32994 0.11544 -0.11214 -0.33707 -0.52825 -0.66775 -0.75906 -0.80077 -0.81383 -0.7866 -0.68964 -0.41908 0.031501 0.39904 0.5789 0.67755 0.75956
0.0053085 0.1028 0.041721 -0.2116 0.039041 -0.39776 -0.34342 0.097501 -0.502 -0.51537 0.78671 0.92099 -0.69517 -0.38101 0.96138 0.072097 -0.95629 0.5462 0.89028 0.13727 -0.59866 -0.94325 -0.89798 -0.30848 0.25113 0.60918 0.84308 0.97219 0.99668 0.92576 0.79047 0.62051 0.43053 0.2196 -0.0096679 -0.24149 -0.44302 -0.594 -0.69551 -0.74341 -0.75941 -0.73044 -0.62626 -0.3429 0.11164 0.46989 0.63998 0.73115 0.80559
-0.033784 0.037462 0.10105 -0.14013 0.083324 -0.29742 -0.52023 -0.16511 -0.70582 -0.24333 0.56308 0.96975 -0.49608 -0.58685 0.89175 0.27909 -0.9664 0.38133 0.9541 0.30581 -0.45856 -0.87943 -0.95418 -0.44401 0.1128 0.49648 0.76561 0.93485 1 0.96411 0.85524 0.70367 0.52501 0.32022 0.091801 -0.14457 -0.35457 -0.51578 -0.62679 -0.68071 -0.69978 -0.66957 -0.5592 -0.26526 0.1902 0.53711 0.69665 0.78006 0.84676
0.0069799 -0.08204 0.093527 0.0022056 0.1039 -0.12528 -0.58677 -0.39508 -0.81422 0.051057 0.29007 0.94292 -0.26622 -0.756 0.77715 0.47099 -0.93715 0.20447 0.98584 0.46335 -0.30753 -0.79444 -0.98795 -0.5687 -0.026232 0.37603 0.67612 0.88327 0.98864 0.98882 0.9083 0.77741 0.61248 0.41631 0.19124 -0.047301 -0.26384 -0.43394 -0.55364 -0.61335 -0.63555 -0.60457 -0.48906 -0.18673 0.26673 0.60039 0.74873 0.82416 0.88303
0.013206 -0.10028 0.020316 0.13931 0.090968 0.069958 -0.53538 -0.5579 -0.817 0.33574 -0.0061606 0.84507 -0.021724 -0.88001 0.62483 0.6397 -0.87101 0.022343 0.98552 0.60561 -0.14999 -0.69103 -0.99926 -0.68033 -0.16326 0.25023 0.57648 0.8187 0.96325 1 0.94935 0.84116 0.69218 0.50699 0.28772 0.049372 -0.17172 -0.34929 -0.47681 -0.542 -0.56737 -0.53606 -0.41641 -0.10784 0.34081 0.6595 0.79605 0.86336 0.91435
0.0022475 0.0071207 -0.071539 0.20291 0.045906 0.23819 -0.38197 -0.63166 -0.71784 0.58148 -0.29875 0.68584 0.22123 -0.9534 0.44357 0.77861 -0.77177 -0.15849 0.95418 0.72901 0.0097235 -0.57228 -0.98858 -0.77703 -0.29576 0.12146 0.46864 0.74255 0.92463 0.99794 0.97827 0.89449 0.76349 0.59148 0.38036 0.14456 -0.079079 -0.26265 -0.39704 -0.46734 -0.49585 -0.46461 -0.34181 -0.029126 0.41207 0.7142 0.83851 0.8976 0.94072
-0.0020866 0.1057 -0.12016 0.16567 -0.018618 0.3404 -0.16079 -0.60931 -0.53273 0.76467 -0.56259 0.47883 0.44742 -0.97382 0.24304 0.88274 -0.64431 -0.33187 0.89382 0.83068 0.16745 -0.44148 -0.95685 -0.85736 -0.42145 -0.0079948 0.35458 0.65631 0.87374 0.98308 0.99509 0.93711 0.82588 0.66911 0.4684 0.23744 0.013254 -0.17479 -0.31505 -0.39003 -0.42162 -0.39081 -0.26583 0.048935 0.48018 0.76434 0.87603 0.92687 0.96217
-0.020876 0.076863 -0.090945 0.050771 -0.082559 0.3569 0.083645 -0.4984 -0.28709 0.8693 -0.7763 0.24035 0.64348 -0.94191 0.033373 0.94886 -0.49433 -0.49222 0.80718 0.90853 0.31929 -0.30203 -0.90542 -0.92028 -0.53828 -0.13594 0.23626 0.56157 0.81167 0.95602 1 0.96889 0.87898 0.73932 0.55115 0.32724 0.1045 -0.086466 -0.23154 -0.31074 -0.34528 -0.31524 -0.18898 0.12588 0.54482 0.80976 0.90855 0.95116 0.97873
0.0048492 -0.039588 -0.00046888 -0.083668 -0.12506 0.28989 0.30567 -0.3188 -0.012018 0.88793 -0.92379 -0.011967 0.79861 -0.86104 -0.17545 0.97548 -0.32804 -0.63471 0.69769 0.96121 0.4617 -0.15733 -0.83597 -0.96514 -0.64447 -0.26033 0.11563 0.45993 0.73959 0.91749 0.99331 0.98981 0.92253 0.80167 0.628 0.41327 0.19394 0.0016019 -0.1472 -0.23009 -0.26743 -0.23845 -0.11179 0.20129 0.60574 0.85037 0.93607 0.9705 0.99049
0.035941 -0.10527 0.094086 -0.17478 -0.13135 0.16058 0.46681 -0.098798 0.25982 0.82182 -0.99521 -0.26048 0.90499 -0.73698 -0.37401 0.9628 -0.15192 -0.75531 0.56925 0.98813 0.59155 -0.010739 -0.75048 -0.99167 -0.73852 -0.37928 -0.0054359 0.35303 0.65875 0.86832 0.97547 1 0.9564 0.85578 0.69844 0.49491 0.28089 0.088739 -0.062673 -0.1487 -0.18863 -0.16096 -0.034733 0.27476 0.66272 0.8861 0.9586 0.98497 0.99754
-0.014941 -0.051424 0.13225 -0.18406 -0.097644 0.0022663 0.54196 0.12955 0.49798 0.68009 -0.98725 -0.48873 0.95808 -0.57736 -0.55381 0.91257 0.027514 -0.85094 0.42611 0.98942 0.70618 0.13452 -0.65115 -0.99997 -0.81921 -0.4911 -0.12516 0.2425 0.57047 0.80942 0.94702 0.99968 0.98054 0.90142 0.76204 0.57161 0.36473 0.17431 0.021422 -0.067152 -0.10944 -0.083288 0.041729 0.34593 0.71555 0.91692 0.97618 0.99464 1
-0.041975 0.052158 0.089021 -0.11223 -0.032451 -0.14834 0.52254 0.33508 0.67751 0.47834 -0.90299 -0.68245 0.9566 -0.39119 -0.70766 0.82794 0.20401 -0.91944 0.27272 0.96585 0.80343 0.27542 -0.54034 -0.99045 -0.88563 -0.59429 -0.24187 0.12991 0.47608 0.74179 0.9086 0.98918 0.99502 0.93843 0.81846 0.64288 0.44491 0.25773 0.1045 0.013998 -0.030375 -0.0059187 0.11716 0.41447 0.76408 0.94281 0.98888 0.9996 0.99799
0.023731 0.0911 -0.0098891 0.0047687 0.045973 -0.25952 0.41646 0.49168 0.78121 0.23672 -0.75118 -0.83039 0.90239 -0.18832 -0.82984 0.71317 0.37171 -0.9596 0.11359 0.91878 0.88163 0.40918 -0.42051 -0.96384 -0.93715 -0.68756 -0.35403 0.016808 0.37691 0.66648 0.86095 0.96892 1 0.96673 0.86744 0.70832 0.52091 0.33845 0.18602 0.094225 0.048062 0.070691 0.19116 0.48008 0.8082 0.9638 0.99678 1 0.99167
0.039965 0.034226 -0.10496 0.11458 0.11513 -0.31077 0.24543 0.58122 0.80093 -0.022205 -0.54519 -0.92472 0.80008 0.021135 -0.91627 0.57346 0.52537 -0.97112 -0.046859 0.85008 0.93966 0.53333 -0.29418 -0.92112 -0.97341 -0.76985 -0.46023 -0.095345 0.27431 0.58456 0.80485 0.93941 0.99573 0.98635 0.9088 0.76759 0.5923 0.41597 0.26546 0.17304 0.12541 0.14611 0.26336 0.5425 0.8478 0.97993 1 0.99596 0.98118
-0.025981 -0.047617 -0.13972 0.17204 0.1549 -0.29586 0.040128 0.59529 0.73771 -0.27558 -0.30167 -0.96139 0.65663 0.22726 -0.96454 0.41464 0.66047 -0.95457 -0.20438 0.76205 0.97688 0.64568 -0.16384 -0.86351 -0.99431 -0.8403 -0.55923 -0.20517 0.16959 0.49715 0.74113 0.90121 0.98254 0.99739 0.94244 0.82042 0.65869 0.48986 0.34237 0.24997 0.20123 0.21994 0.3334 0.6015 0.88282 0.99128 0.99866 0.98764 0.96672
-0.033128 -0.071443 -0.094108 0.15712 0.15334 -0.22259 -0.16541 0.5354 0.60099 -0.50228 -0.039147 -0.94002 0.48081 0.42079 -0.97391 0.24293 0.77332 -0.91129 -0.35504 0.65734 0.99314 0.74442 -0.031953 -0.79241 -1 -0.89828 -0.64996 -0.31139 0.064 0.40534 0.67067 0.85496 0.9608 1 0.96831 0.86659 0.71975 0.55972 0.41632 0.32461 0.27511 0.29181 0.40098 0.65686 0.91323 0.99793 0.99292 0.9752 0.94845
0.020729 -0.026303 0.0052224 0.080529 0.10993 -0.10965 -0.33944 0.41204 0.407 -0.6845 0.22345 -0.86371 0.2826 0.59354 -0.94525 0.064689 0.86111 -0.8433 -0.49526 0.53885 0.98875 0.82809 0.099132 -0.70938 -0.99086 -0.94337 -0.73148 -0.41284 -0.041228 0.31025 0.59438 0.80133 0.93098 0.99443 0.98646 0.90597 0.77522 0.62519 0.48692 0.39657 0.3467 0.36138 0.46581 0.70843 0.93903 1 0.98292 0.95883 0.92658
0.023735 0.031971 0.10204 -0.023579 0.035536 0.01822 -0.45718 0.24263 0.1767 -0.80903 0.46813 -0.73859 0.072582 0.73862 -0.88081 -0.11381 0.92196 -0.75324 -0.62191 0.40964 0.96442 0.89559 0.22719 -0.61609 -0.96748 -0.97535 -0.80305 -0.50846 -0.14495 0.21295 0.51317 0.74103 0.89357 0.98096 0.99697 0.93848 0.82487 0.68599 0.55383 0.4655 0.41564 0.42834 0.52763 0.75605 0.96021 0.99762 0.96885 0.93871 0.9013
-0.010055 0.049437 0.14328 -0.11329 -0.050741 0.13571 -0.50391 0.048934 -0.06666 -0.86794 0.679 -0.57327 -0.13859 0.8507 -0.78413 -0.28663 0.95489 -0.64416 -0.73236 0.27287 0.92124 0.94616 0.35017 -0.5143 -0.93062 -0.99417 -0.86408 -0.59732 -0.24609 0.1145 0.42797 0.6748 0.84912 0.95995 1 0.96408 0.86855 0.74184 0.61676 0.53108 0.48164 0.4924 0.58622 0.79962 0.97683 0.99092 0.95088 0.91505 0.8728
-0.012361 0.023197 0.10789 -0.15574 -0.12676 0.22175 -0.4763 -0.14585 -0.29986 -0.85887 0.84321 -0.37817 -0.34076 0.9261 -0.65975 -0.44828 0.95979 -0.5195 -0.82448 0.13169 0.86063 0.97942 0.46619 -0.40581 -0.8812 -1 -0.91415 -0.67863 -0.34365 0.015906 0.33968 0.60341 0.79821 0.93178 0.99574 0.98282 0.90614 0.79256 0.67544 0.59305 0.54441 0.55333 0.64138 0.83904 0.98895 0.98008 0.92921 0.88803 0.84131
-0.0023206 -0.011327 0.016299 -0.13852 -0.17314 0.263 -0.3819 -0.31984 -0.50192 -0.78477 0.95155 -0.16481 -0.52471 0.96287 -0.51301 -0.59394 0.93738 -0.38294 -0.8967 -0.010785 0.78426 0.99529 0.57358 -0.29243 -0.82027 -0.99314 -0.95298 -0.7517 -0.43673 -0.081862 0.24922 0.52762 0.74143 0.89688 0.98445 0.99475 0.93758 0.83798 0.72965 0.65115 0.60372 0.6109 0.69295 0.87426 0.99664 0.96525 0.90404 0.85787 0.80703
-0.0012286 -0.024957 -0.082671 -0.072199 -0.1781 0.25544 -0.23713 -0.45477 -0.6558 -0.65334 0.99884 0.054884 -0.68255 0.96071 -0.34978 -0.71953 0.88912 -0.23825 -0.94798 -0.15159 0.69406 0.99403 0.67092 -0.17596 -0.74901 -0.97406 -0.98047 -0.81598 -0.52451 -0.1779 0.15744 0.44821 0.67943 0.85571 0.96641 1 0.96284 0.87798 0.7792 0.70518 0.65936 0.66492 0.74077 0.90523 1 0.94662 0.87557 0.82478 0.77017
