0.0026585 -0.013237 -0.021479 -0.024578 -0.073032 -0.043227 0.043961 0.15322 -0.022285 0.12198 0.039805 -0.050972 -0.42103 0.10803 0.33297 0.0653 -0.56913 -0.51991 0.76607 -0.50172 0.29465 -0.28413 0.47698 -0.79876 0.701 -0.038731 -0.63814 0.84519 -0.47304 -0.18074 0.80871 -0.54322 -0.65465 0.6358 0.73158 -0.25534 -0.89462 -0.41614 0.53458 0.89664 0.38306 -0.44734 -0.89963 -0.66578 0.1139 0.82941 0.80071 0.25931 -0.23112
0.0065145 -0.0092913 -0.0060481 -0.059482 -0.091522 -0.091256 0.11779 -0.097436 0.033866 0.0033767 0.18653 -0.051782 -0.56472 -0.4051 -0.44284 -0.74496 -0.39512 0.76445 -0.30362 -0.062431 0.16871 -0.049816 -0.28993 0.77876 -0.72028 -0.058761 0.76397 -0.78102 0.14821 0.57664 -0.86931 0.0055542 0.89986 0.0027753 -0.87642 -0.54264 0.4455 0.91444 0.4069 -0.49059 -0.92069 -0.61003 0.12443 0.78285 0.87632 0.24226 -0.56244 -0.91749 -0.8862
0.01102 -0.0060793 -0.037189 0.074364 -0.069974 -0.035004 -0.15585 -0.11876 -0.10996 -0.092277 0.20478 0.18567 -0.45953 -0.64551 -0.58289 0.075163 0.79856 -0.34024 -0.20087 0.41868 -0.39557 0.16296 0.29628 -0.82867 0.58643 0.358 -0.87765 0.46815 0.39337 -0.87769 0.4859 0.67874 -0.54337 -0.76142 0.23407 0.90086 0.55587 -0.36529 -0.91194 -0.62509 0.15339 0.79549 0.89422 0.4161 -0.36567 -0.90831 -0.74614 -0.20075 0.24095
0.0086571 -0.01165 0.0015593 -0.0042131 0.036591 0.043952 0.13551 0.14332 -0.17389 -0.10011 0.046751 0.51584 0.27097 0.27966 0.64658 0.61263 -0.59766 -0.092934 0.4758 -0.55533 0.4279 -0.077771 -0.47725 0.87982 -0.24519 -0.73036 0.73326 0.15026 -0.84978 0.65772 0.33575 -0.86321 -0.38871 0.7703 0.73991 -0.13197 -0.85532 -0.74615 0.0271 0.76117 0.89811 0.43468 -0.26971 -0.82828 -0.87772 -0.29059 0.4757 0.87886 0.93736
-0.0023052 0.024455 0.0067372 -0.06546 0.03263 -0.025441 0.041668 0.16357 -0.19501 0.034011 -0.31739 0.30846 0.59019 0.52813 -0.061982 -0.81378 0.28235 0.32728 -0.55891 0.53386 -0.28813 -0.19184 0.74538 -0.74954 -0.31039 0.88235 -0.14137 -0.78194 0.69909 0.19027 -0.90159 0.086568 0.90983 0.25183 -0.70219 -0.87224 -0.21958 0.61725 0.92574 0.51931 -0.22104 -0.80015 -0.91653 -0.53281 0.18326 0.82375 0.89347 0.53358 0.17014
0.0078097 0.0094068 -0.019246 -0.071089 -0.06766 0.066162 -0.21773 0.11279 -0.27098 0.31085 -0.45644 -0.52502 -0.53408 -0.75268 -0.43858 0.75358 -0.094545 -0.37578 0.49431 -0.35378 -0.037199 0.58226 -0.88843 0.25983 0.82143 -0.46597 -0.65106 0.76907 0.19568 -0.88896 0.36096 0.85391 -0.10819 -0.91534 -0.51101 0.36386 0.90803 0.70234 -0.031503 -0.7259 -0.92945 -0.60424 0.011258 0.63734 0.93944 0.66211 -0.011697 -0.56216 -0.81297
0.015027 -0.0061295 0.044829 -0.073208 0.051124 -0.12748 -0.17512 0.088347 -0.37047 0.38085 0.21676 -0.11583 -0.034977 0.55102 0.6846 -0.67931 0.081329 0.25913 -0.26463 -0.016243 0.50053 -0.87469 0.61218 0.48772 -0.76991 -0.42379 0.84621 0.13817 -0.8994 0.38474 0.74679 -0.45358 -0.90003 -0.055709 0.77663 0.8671 0.26369 -0.52855 -0.92899 -0.71336 -0.096151 0.547 0.90764 0.85362 0.35745 -0.39356 -0.88003 -0.92248 -0.78271
-0.0019279 0.009117 -0.011626 0.037827 0.048549 -0.069331 -0.065276 0.065241 -0.23933 -0.19364 0.44266 0.6053 0.48793 -0.29071 -0.77069 0.69218 -0.23545 0.030294 -0.1502 0.51897 -0.8649 0.71542 0.15137 -0.90488 -0.061234 0.90268 0.01911 -0.90174 0.27707 0.75953 -0.59616 -0.7809 0.19745 0.92265 0.57717 -0.21997 -0.83953 -0.86349 -0.32601 0.39523 0.86494 0.90329 0.55351 -0.047892 -0.65808 -0.94672 -0.70258 -0.24082 0.090135
-0.0033519 0.0022626 -0.047995 0.061088 -0.13352 0.094801 -0.032741 0.0005366 0.29419 -0.42655 -0.57732 -0.66794 -0.69868 0.14297 0.77931 -0.78691 0.51928 -0.4575 0.64589 -0.88058 0.73426 0.035447 -0.85305 0.37028 0.87362 -0.17749 -0.89354 0.24169 0.838 -0.53897 -0.70385 0.44861 0.92245 0.23009 -0.61644 -0.93537 -0.61061 0.10289 0.73467 0.9388 0.66611 0.11066 -0.4622 -0.86932 -0.90906 -0.46581 0.19596 0.65856 0.84719
-0.016468 0.020718 -0.071954 -0.089008 -0.049682 0.17618 -0.10129 -0.052154 0.42256 0.48784 0.28818 0.52388 0.76963 -0.14545 -0.71029 0.87508 -0.80995 0.83576 -0.89878 0.68593 0.040328 -0.82076 0.61393 0.67979 -0.46092 -0.85282 0.277 0.86852 -0.3629 -0.76957 0.52337 0.86803 0.064333 -0.83089 -0.83943 -0.25714 0.47564 0.91155 0.82611 0.31295 -0.31332 -0.78551 -0.94784 -0.76177 -0.24388 0.44687 0.88341 0.94141 0.85186
-0.0057859 0.015118 -0.012191 0.079458 0.051916 0.19239 -0.24135 0.047791 -0.44932 -0.11205 0.058248 -0.38349 -0.79116 0.29341 0.49834 -0.79237 0.86187 -0.81815 0.5298 0.14816 -0.83703 0.6531 0.48054 -0.74131 -0.72311 0.39504 0.87117 -0.25664 -0.87423 0.39311 0.84713 -0.12799 -0.88303 -0.65648 0.11414 0.75002 0.93481 0.59723 -0.040474 -0.64218 -0.93323 -0.85857 -0.4972 0.052574 0.61749 0.94394 0.81612 0.46499 0.20367
-0.0080219 -0.0097423 0.024226 -0.038948 0.08782 0.16702 -0.29726 0.10163 -0.10324 -0.27981 -0.29379 0.33833 0.77852 -0.5505 -0.08063 0.37606 -0.43094 0.1816 0.37086 -0.88265 0.61697 0.45395 -0.85675 -0.46225 0.60024 0.83931 -0.22872 -0.91098 0.13295 0.90273 -0.14738 -0.922 -0.5825 0.38476 0.90371 0.83398 0.31372 -0.36012 -0.84064 -0.93017 -0.64575 -0.14681 0.37286 0.79531 0.95256 0.69452 0.14561 -0.32568 -0.55993
-0.0053016 0.02391 0.033379 -0.055326 0.089212 0.079354 -0.036922 -0.1632 0.55404 0.51987 0.40448 -0.40852 -0.67785 0.80572 -0.47864 0.32844 -0.38336 0.68865 -0.91669 0.50516 0.51761 -0.85989 -0.266 0.80934 0.72988 -0.29676 -0.92112 -0.04035 0.92145 0.063267 -0.91938 -0.47383 0.44747 0.94163 0.64483 0.011964 -0.61419 -0.93558 -0.82727 -0.37464 0.18644 0.66181 0.91993 0.91237 0.58649 -0.028246 -0.59716 -0.87732 -0.94815
-0.0034291 0.047674 -0.074032 0.10505 0.059595 -0.064944 0.32164 0.028732 -0.68971 -0.63259 -0.40904 0.57335 0.40186 -0.8475 0.87766 -0.8771 0.90974 -0.83153 0.27502 0.64249 -0.82789 -0.27302 0.88779 0.50572 -0.47687 -0.91865 -0.12131 0.88214 0.37993 -0.84794 -0.50328 0.53715 0.94154 0.46239 -0.27213 -0.79884 -0.94162 -0.6612 -0.11221 0.46643 0.84633 0.95212 0.79483 0.40458 -0.1489 -0.70644 -0.95247 -0.90016 -0.79332
-0.0078733 0.01652 0.085694 0.097356 -0.023671 -0.14772 0.038653 0.16603 0.63513 0.67869 0.30428 -0.75877 0.08466 0.46262 -0.6927 0.65598 -0.43495 -0.1267 0.80591 -0.74313 -0.3691 0.88059 0.34604 -0.70192 -0.87944 -0.094767 0.84738 0.57028 -0.64728 -0.69961 0.4876 0.93495 0.445 -0.4594 -0.90869 -0.87565 -0.46256 0.13726 0.66572 0.93711 0.89026 0.59386 0.16401 -0.33354 -0.76922 -0.95918 -0.77627 -0.45154 -0.24555
0.011814 -0.024623 -0.032472 0.003843 -0.1435 -0.054168 -0.34706 -0.29766 -0.54816 -0.68367 -0.069021 0.81695 -0.63571 0.29234 -0.138 0.31619 -0.64007 0.92784 -0.55476 -0.5253 0.84265 0.37738 -0.80198 -0.75282 0.067264 0.85413 0.66263 -0.45563 -0.88524 0.22823 0.93992 0.38954 -0.45838 -0.94372 -0.75443 -0.24329 0.35645 0.80929 0.95349 0.7682 0.36681 -0.11257 -0.53936 -0.8586 -0.95534 -0.71053 -0.22453 0.19343 0.39257
-0.019608 0.058428 -0.039943 -0.062042 -0.15864 0.079745 0.2691 0.35078 0.51745 0.62444 -0.28999 -0.56815 0.87645 -0.8759 0.88008 -0.92794 0.79438 -0.18665 -0.72693 0.75284 0.48491 -0.77795 -0.65083 0.32601 0.90686 0.66885 -0.33208 -0.93538 -0.15859 0.90087 0.47594 -0.49522 -0.9417 -0.6446 -0.021672 0.54769 0.8999 0.92089 0.62727 0.14073 -0.34993 -0.73144 -0.93211 -0.92978 -0.67107 -0.14061 0.40644 0.7304 0.84361
-0.027916 -0.042927 0.026948 -0.081097 0.06042 0.062554 -0.00059992 -0.36549 -0.5715 -0.44274 0.66783 -0.034931 -0.45247 0.60179 -0.55359 0.19637 0.37189 -0.91058 0.56272 0.63573 -0.7044 -0.68695 0.46068 0.94125 0.56889 -0.3151 -0.93308 -0.4186 0.70757 0.71655 -0.39371 -0.94393 -0.67175 0.12441 0.70329 0.94657 0.85283 0.47107 -0.04965 -0.5422 -0.85722 -0.96047 -0.86243 -0.57032 -0.10134 0.46726 0.84814 0.96147 0.96032
-0.0038335 0.026229 -0.034731 -0.058133 0.20385 -0.071059 -0.236 0.38282 0.69546 0.089566 -0.82823 0.69557 -0.44398 0.41352 -0.57807 0.87675 -0.87954 0.20164 0.80949 -0.56952 -0.77128 0.40868 0.93085 0.3573 -0.43232 -0.93196 -0.56025 0.48958 0.91026 -0.073838 -0.9225 -0.66352 0.071696 0.78495 0.95239 0.75406 0.31212 -0.2237 -0.67695 -0.92885 -0.93548 -0.74123 -0.41736 0.015146 0.48786 0.872 0.95901 0.84165 0.744
-0.021605 -0.0035102 -0.081903 0.0082966 -0.10462 -0.047912 0.37281 -0.42422 -0.82665 0.39153 0.5202 -0.82263 0.90237 -0.90943 0.82408 -0.39896 -0.3424 0.93969 -0.33444 -0.8666 0.28655 0.9383 0.23011 -0.63038 -0.94509 -0.59421 0.33251 0.94142 0.35136 -0.78455 -0.75709 0.069223 0.7451 0.93697 0.63272 0.14661 -0.37607 -0.78167 -0.95671 -0.87572 -0.60126 -0.21973 0.17852 0.57323 0.87601 0.95447 0.74149 0.45306 0.30367
-0.010713 -0.0505 -0.074185 0.10499 -0.14388 0.15449 -0.43539 0.48596 0.84622 -0.78508 0.21807 0.11274 -0.22088 0.031741 0.36235 -0.85745 0.84723 0.047778 -0.94006 0.10356 0.9448 0.29378 -0.72228 -0.92403 -0.50654 0.28666 0.91426 0.6164 -0.46005 -0.9126 -0.085544 0.73552 0.94914 0.55076 -0.017791 -0.51565 -0.85809 -0.95891 -0.8053 -0.45669 -0.037934 0.36715 0.68737 0.90989 0.95554 0.72639 0.30286 -0.055439 -0.20667
-0.020746 0.059262 -0.058997 0.16365 0.23425 -0.18687 0.46527 -0.53342 -0.61037 0.75548 -0.83196 0.77774 -0.80892 0.92186 -0.88127 0.34314 0.54421 -0.91582 -0.15914 0.92136 0.4199 -0.67558 -0.88903 -0.30162 0.38534 0.90067 0.7513 -0.16026 -0.92612 -0.43581 0.61886 0.95113 0.62245 -0.11079 -0.63814 -0.91365 -0.941 -0.72324 -0.33381 0.12351 0.51936 0.80412 0.94708 0.9419 0.73798 0.29228 -0.20531 -0.52988 -0.64378
0.013648 0.024834 -0.063189 0.073819 -0.15508 0.16402 -0.48588 0.49933 0.062688 -0.14333 0.60865 -0.66726 0.57793 -0.21047 -0.37965 0.92703 -0.64711 -0.50809 0.82847 0.57765 -0.57727 -0.9106 -0.18178 0.58002 0.92981 0.79013 0.040579 -0.80499 -0.78128 0.29105 0.94884 0.64846 -0.010012 -0.69771 -0.9477 -0.90402 -0.63536 -0.2137 0.24526 0.63975 0.88171 0.9663 0.90553 0.69487 0.31972 -0.20518 -0.64143 -0.85446 -0.91009
-0.0060703 0.022847 -0.075824 -0.13569 0.022172 -0.12676 0.49441 -0.30614 0.60535 -0.66087 0.37053 -0.44597 0.66556 -0.922 0.82819 -0.043628 -0.84718 0.59623 0.75768 -0.42699 -0.94241 -0.24967 0.67363 0.95378 0.73581 0.10894 -0.67806 -0.92079 -0.176 0.83367 0.77003 0.033989 -0.61765 -0.957 -0.85009 -0.53554 -0.10032 0.35515 0.72067 0.92989 0.95761 0.8362 0.6087 0.26811 -0.1666 -0.63354 -0.90835 -0.97099 -0.96575
-0.00087228 -0.015063 -0.067473 -0.13036 0.087861 0.10749 -0.46204 -0.066468 -0.92647 0.82487 -0.89318 0.86307 -0.68004 0.13753 0.60339 -0.9404 0.14985 0.92139 -0.19736 -0.95584 -0.37379 0.62251 0.94491 0.57869 0.017015 -0.6268 -0.95206 -0.49398 0.50813 0.93026 0.2233 -0.57677 -0.93945 -0.81753 -0.42732 0.016866 0.45167 0.78734 0.95306 0.93118 0.75691 0.48219 0.16332 -0.21056 -0.59575 -0.90119 -0.96565 -0.87799 -0.8231
0.013755 -0.072654 -0.039664 0.17034 -0.15765 -0.12691 0.34207 0.48924 0.49154 0.0011071 0.08772 0.24268 -0.66965 0.95232 -0.59304 -0.46467 0.93784 0.14468 -0.92101 -0.52542 0.52293 0.95203 0.47724 -0.20203 -0.69387 -0.95336 -0.66707 0.18797 0.91421 0.58079 -0.40667 -0.92491 -0.87666 -0.3746 0.13407 0.54536 0.84029 0.96475 0.90077 0.67473 0.36329 0.018857 -0.30593 -0.62393 -0.87824 -0.96861 -0.82478 -0.61705 -0.53126
-0.016011 -0.080018 -0.051262 0.0557 0.19585 0.19672 -0.097049 -0.66862 0.46461 -0.86915 0.88829 -0.90565 0.60424 0.16641 -0.88962 0.63387 0.56954 -0.77877 -0.70232 0.38004 0.95709 0.53268 -0.32151 -0.82783 -0.95704 -0.72294 -0.032555 0.75585 0.8789 -0.01418 -0.84871 -0.90095 -0.49275 0.18464 0.63305 0.88605 0.96669 0.8641 0.60841 0.25436 -0.10557 -0.43301 -0.6909 -0.89007 -0.97171 -0.84422 -0.53408 -0.25411 -0.15773
-0.029122 -0.051169 -0.081524 -0.23258 -0.21218 -0.31531 -0.2487 0.34533 -0.9535 0.47566 -0.3083 -0.25933 0.8145 -0.87733 0.06475 0.91914 -0.44043 -0.88291 0.17022 0.93994 0.62931 -0.26128 -0.88528 -0.92601 -0.66484 -0.11371 0.59997 0.95595 0.46209 -0.58544 -0.95127 -0.5518 0.04727 0.66648 0.92264 0.95918 0.82333 0.54112 0.17459 -0.21215 -0.53482 -0.77622 -0.92041 -0.97164 -0.87852 -0.57135 -0.1607 0.13859 0.22805
0.035764 -0.0094567 0.043563 0.21271 0.20789 0.45377 0.55686 0.34085 0.25479 0.705 -0.86957 0.87797 -0.32209 -0.62618 0.92333 0.11955 -0.96603 -0.13788 0.87556 0.73801 -0.15026 -0.85976 -0.88568 -0.4906 -0.027067 0.53461 0.93749 0.73794 -0.12902 -0.91769 -0.71179 -0.02831 0.55541 0.93369 0.94174 0.77253 0.47492 0.097723 -0.28517 -0.61667 -0.83786 -0.95287 -0.96645 -0.87296 -0.63479 -0.21195 0.22578 0.49644 0.56673
-0.0053999 0.046132 0.17162 -0.062702 -0.17443 -0.54117 -0.5976 -0.73954 0.82926 -0.68168 0.30617 0.47678 -0.95567 0.48243 0.63998 -0.79826 -0.5267 0.71516 0.85341 -0.0069203 -0.80851 -0.90549 -0.37542 0.19461 0.60641 0.91871 0.86327 0.23056 -0.65426 -0.91693 -0.24406 0.4879 0.88445 0.93314 0.71267 0.39937 0.02542 -0.35329 -0.669 -0.88237 -0.96821 -0.94701 -0.8397 -0.62959 -0.29618 0.16835 0.56556 0.77108 0.81589
-0.049204 0.10722 -0.094055 -0.10623 0.096981 0.47317 0.22127 0.28957 -0.67457 -0.61943 0.91536 -0.71127 -0.19818 0.95865 -0.37196 -0.88133 0.39032 0.95303 0.18461 -0.72924 -0.93802 -0.42268 0.32289 0.76454 0.94309 0.89866 0.44669 -0.34803 -0.93569 -0.61598 0.28466 0.84696 0.96159 0.69163 0.31662 -0.054485 -0.41536 -0.71608 -0.90755 -0.97249 -0.91959 -0.77819 -0.57887 -0.29507 0.075911 0.51172 0.81564 0.93393 0.95237
0.039597 0.12183 -0.15029 0.23418 0.035773 -0.1737 0.38914 0.58095 -0.60219 0.70968 -0.096192 -0.7952 0.82278 0.2747 -0.96909 -0.1176 0.95196 0.44268 -0.59934 -0.96315 -0.50976 0.27718 0.84093 0.9651 0.86579 0.52073 -0.12403 -0.78901 -0.90471 -0.13612 0.71598 0.96665 0.79168 0.29131 -0.13914 -0.48239 -0.7573 -0.92823 -0.97073 -0.88848 -0.71812 -0.49008 -0.23781 0.071801 0.42522 0.77506 0.95233 0.9758 0.97105
0.019318 0.036106 0.21326 -0.3136 -0.21341 -0.29352 -0.69024 -0.66595 0.83121 0.6869 -0.9495 0.27829 0.78267 -0.70951 -0.58349 0.7369 0.73363 -0.37882 -0.96831 -0.61043 0.18902 0.81823 0.95221 0.74342 0.4441 -0.040295 -0.63549 -0.9618 -0.60041 0.36833 0.94323 0.83967 0.43918 -0.16204 -0.55137 -0.80016 -0.94428 -0.96568 -0.86472 -0.66139 -0.41072 -0.13798 0.12627 0.4171 0.70773 0.93285 0.97021 0.9038 0.88153
0.054749 -0.073359 -0.075829 0.36043 0.3826 0.65466 0.26237 -0.29394 0.50786 -0.58358 -0.3106 0.9641 -0.19527 -0.92765 0.34389 0.95477 -0.034154 -0.92317 -0.72933 0.077763 0.77241 0.95744 0.64486 0.22793 -0.13192 -0.57159 -0.92676 -0.83889 -0.13505 0.76035 0.92868 0.51945 8.5846e-05 -0.5678 -0.84202 -0.95827 -0.95763 -0.83888 -0.62309 -0.34019 -0.053039 0.22225 0.46205 0.69839 0.89502 0.97668 0.87886 0.73693 0.70381
-0.018239 -0.029696 -0.07912 -0.39187 -0.44321 -0.55593 0.52259 0.804 -0.84259 -0.8598 0.7858 0.40435 -0.94046 -0.22074 0.95041 0.41577 -0.76086 -0.86529 -0.073689 0.70773 0.96797 0.66866 0.082468 -0.3595 -0.64594 -0.90245 -0.92944 -0.4825 0.35266 0.95256 0.69829 0.094817 -0.42596 -0.85055 -0.96839 -0.9439 -0.81159 -0.58365 -0.2954 0.019707 0.3008 0.54239 0.72997 0.88788 0.97462 0.91266 0.69848 0.50135 0.46383
-0.0020323 0.068557 0.13486 0.4157 0.29277 -0.065278 -0.65996 0.1162 -0.59061 0.25295 0.78152 -0.63895 -0.67945 0.67985 0.75815 -0.41917 -0.96637 -0.2908 0.60597 0.97201 0.72087 0.10996 -0.49642 -0.80409 -0.93459 -0.9499 -0.66897 -0.0086576 0.73929 0.91841 0.3225 -0.33684 -0.75713 -0.96964 -0.92375 -0.77552 -0.54398 -0.25007 0.063772 0.366 0.60551 0.78679 0.90487 0.97291 0.94811 0.75762 0.45544 0.22607 0.18953
0.0070787 -0.071244 -0.094501 -0.42593 0.071339 0.69479 -0.16312 -0.84742 0.72681 0.97844 -0.24901 -0.9425 0.25404 0.96795 -0.019886 -0.94513 -0.56537 0.43336 0.96054 0.77909 0.17461 -0.47689 -0.88214 -0.97072 -0.92902 -0.72568 -0.2384 0.45405 0.94382 0.68587 -0.10827 -0.69136 -0.94163 -0.91953 -0.7311 -0.49337 -0.20529 0.10805 0.4038 0.65613 0.82886 0.9343 0.97611 0.95423 0.82807 0.53508 0.17819 -0.060608 -0.092313
-0.038728 -0.10681 0.0099534 0.40132 -0.45693 -0.58977 0.77356 -0.10693 0.80035 0.29263 -0.96213 -0.23104 0.93429 0.45229 -0.76733 -0.84317 0.15716 0.91171 0.84744 0.25213 -0.42706 -0.87443 -0.96133 -0.83178 -0.65671 -0.31395 0.23953 0.79855 0.93777 0.32033 -0.5061 -0.91137 -0.96115 -0.72363 -0.43332 -0.14868 0.15138 0.44164 0.6841 0.8608 0.95302 0.97784 0.94586 0.8432 0.63445 0.27147 -0.10594 -0.33362 -0.3583
-0.027818 0.19087 0.077766 -0.30895 0.53298 -0.27282 -0.10182 0.8598 -0.41861 -0.78723 -0.54405 0.70419 0.77837 -0.40451 -0.97128 -0.22639 0.77655 0.92681 0.3567 -0.36459 -0.85384 -0.96208 -0.73528 -0.45437 -0.21467 0.16521 0.64851 0.95972 0.74092 -0.096149 -0.802 -0.97139 -0.82722 -0.42465 -0.082555 0.20604 0.47835 0.71194 0.8773 0.96494 0.97376 0.9224 0.8262 0.65849 0.39114 -0.0070277 -0.37308 -0.57275 -0.58979
0.040114 -0.013686 -0.15437 0.11887 -0.12219 0.82613 -0.78204 0.26725 -0.98846 -0.84756 0.46904 0.95409 -0.022199 -0.94854 -0.54192 0.50719 0.9798 0.5096 -0.27251 -0.82577 -0.97002 -0.73771 -0.2973 0.037309 0.26991 0.59258 0.90434 0.92027 0.40778 -0.48389 -0.95465 -0.87583 -0.57353 -0.074265 0.26923 0.52459 0.73862 0.89342 0.96995 0.96658 0.89819 0.78207 0.63601 0.42275 0.12288 -0.27679 -0.60424 -0.76338 -0.77344
0.10113 -0.16675 0.22417 0.1652 -0.4745 -0.18493 0.20874 -0.80105 -0.12267 0.12221 0.98082 0.34153 -0.7907 -0.82781 0.20878 0.94847 0.70106 -0.12112 -0.77798 -0.97693 -0.76294 -0.29572 0.21211 0.50643 0.67732 0.87745 0.96704 0.70501 0.010388 -0.77949 -0.95203 -0.65252 -0.24642 0.27614 0.57736 0.77184 0.90832 0.97417 0.96128 0.87456 0.74186 0.57686 0.39776 0.15979 -0.14709 -0.51829 -0.78589 -0.89658 -0.90121
0.11084 0.16899 -0.29725 -0.46792 0.60051 -0.78908 0.80106 -0.56079 0.90117 0.94152 0.5205 -0.55122 -0.95946 -0.17141 0.82298 0.89377 0.10709 -0.68658 -0.97997 -0.79183 -0.3239 0.21925 0.65268 0.84066 0.92215 0.97212 0.84067 0.36802 -0.37806 -0.94352 -0.80776 -0.34394 0.10421 0.58241 0.80884 0.926 0.97704 0.95464 0.86088 0.70547 0.52554 0.32967 0.1348 -0.10776 -0.39868 -0.71688 -0.91 -0.96864 -0.96997
0.047784 -0.09006 0.37838 0.63169 0.014007 0.47056 -0.15991 0.5608 0.7414 0.72768 -0.41731 -0.9863 -0.45431 0.57649 0.97697 0.4084 -0.51928 -0.97092 -0.83141 -0.35734 0.19897 0.66222 0.92062 0.97446 0.96587 0.87372 0.56421 -0.02269 -0.69592 -0.96233 -0.55417 0.001622 0.43231 0.81192 0.94417 0.97854 0.94644 0.84525 0.68574 0.48061 0.27231 0.063701 -0.13082 -0.3601 -0.61597 -0.86301 -0.97355 -0.98038 -0.9807
-0.056277 0.070414 -0.45754 -0.48421 -0.67173 0.70787 -0.84588 0.85725 -0.32859 -0.2325 -0.97342 -0.66519 0.34102 0.9745 0.62687 -0.25215 -0.91887 -0.89149 -0.40987 0.1745 0.65377 0.92625 0.96719 0.89527 0.8162 0.61642 0.19794 -0.39949 -0.90093 -0.84526 -0.23415 0.3377 0.70091 0.94542 0.97706 0.9327 0.82775 0.66343 0.45723 0.22311 0.0051069 -0.19958 -0.37988 -0.58125 -0.78762 -0.95191 -0.97783 -0.93623 -0.93773
-0.081896 -0.13026 0.50243 -0.0016518 0.40727 -0.58922 -0.047163 -0.054833 -0.99808 -0.95287 -0.70968 0.12775 0.90755 0.8302 -0.018999 -0.78888 -0.95464 -0.50451 0.13014 0.64341 0.92677 0.96223 0.79991 0.63645 0.51708 0.25828 -0.19097 -0.70598 -0.97299 -0.6191 0.10659 0.62526 0.8849 0.97671 0.91269 0.80096 0.63892 0.43071 0.19835 -0.04436 -0.25517 -0.44183 -0.59696 -0.75952 -0.90682 -0.98309 -0.92755 -0.84325 -0.8478
0.044662 0.20897 -0.45871 0.56049 0.51377 -0.70186 0.8447 -0.89617 -0.55087 -0.78221 0.10957 0.81929 0.92638 0.25883 -0.64175 -0.99195 -0.64155 0.038708 0.61847 0.92725 0.96473 0.78008 0.47073 0.26223 0.13389 -0.13321 -0.54062 -0.90364 -0.91312 -0.32127 0.42589 0.83609 0.97175 0.91102 0.76505 0.60211 0.40171 0.17002 -0.068567 -0.30145 -0.49094 -0.64863 -0.77086 -0.88757 -0.97092 -0.95956 -0.8299 -0.71028 -0.71925
0.13227 -0.25309 0.26866 -0.71619 -0.65076 0.57279 0.39495 -0.59705 0.46743 0.071318 0.8328 0.97048 0.42655 -0.42717 -0.97256 -0.80813 -0.11457 0.55701 0.92153 0.96769 0.77714 0.43597 0.05737 -0.15006 -0.26207 -0.49406 -0.80312 -0.97421 -0.73946 0.0069224 0.68962 0.95403 0.96059 0.7623 0.55399 0.35834 0.13903 -0.096528 -0.32351 -0.53122 -0.68864 -0.80984 -0.89462 -0.96211 -0.98085 -0.88699 -0.69368 -0.54706 -0.56125
-0.013254 0.25192 0.084282 0.2046 -0.34053 0.79233 -0.66265 0.42442 1 0.85196 0.95287 0.52675 -0.28908 -0.89995 -0.89703 -0.33374 0.43754 0.89955 0.97269 0.77366 0.42294 0.0123 -0.35642 -0.5264 -0.6066 -0.77318 -0.94906 -0.91856 -0.48188 0.326 0.87415 0.97467 0.86025 0.55041 0.30235 0.092694 -0.12718 -0.34926 -0.54995 -0.72086 -0.839 -0.91951 -0.96521 -0.98336 -0.94043 -0.77296 -0.52853 -0.36355 -0.38318
-0.036763 -0.22709 -0.51716 0.57809 0.76278 -0.41155 -0.76743 0.95489 0.57369 0.94733 0.42993 -0.21314 -0.84467 -0.96641 -0.47459 0.24512 0.84162 0.984 0.77816 0.40756 -0.010874 -0.4034 -0.69744 -0.80814 -0.85161 -0.93774 -0.96841 -0.75329 -0.17631 0.60253 0.96713 0.90364 0.68666 0.29815 0.033386 -0.17302 -0.37753 -0.57202 -0.73544 -0.86179 -0.93687 -0.97553 -0.98302 -0.95442 -0.85565 -0.62615 -0.34427 -0.16937 -0.19412
0.25493 0.21138 0.82287 -0.76219 0.25986 -0.92398 0.18863 0.438 -0.36124 0.331 -0.35784 -0.82159 -0.98618 -0.62807 0.11328 0.73051 0.98986 0.80731 0.4029 -0.038023 -0.43213 -0.73606 -0.91412 -0.95894 -0.96965 -0.97462 -0.86848 -0.5059 0.14054 0.81177 0.96676 0.75439 0.46016 0.028785 -0.23124 -0.41977 -0.59625 -0.75276 -0.87176 -0.94955 -0.98089 -0.97908 -0.95126 -0.88064 -0.73393 -0.4557 -0.15031 0.026609 -0.0024425
0.073278 -0.23478 -0.74812 -6.4742e-05 -0.80681 0.07345 0.90093 -0.53228 -0.96704 -0.51029 -0.91388 -0.98989 -0.67868 -0.048358 0.64845 0.97796 0.85973 0.43311 -0.054527 -0.46526 -0.76244 -0.93448 -0.98139 -0.96656 -0.95428 -0.88883 -0.67002 -0.2097 0.43537 0.93875 0.88018 0.54556 0.20292 -0.23599 -0.47291 -0.63226 -0.77167 -0.88363 -0.95474 -0.98336 -0.97285 -0.93404 -0.87529 -0.76889 -0.58353 -0.2707 0.044671 0.21655 0.18441
-0.32899 0.31789 0.19553 0.81796 -0.30629 0.96247 0.48418 -0.96827 -0.77108 -0.99097 -0.93278 -0.66481 -0.086096 0.53697 0.95657 0.93148 0.50595 -0.035077 -0.48961 -0.7919 -0.94952 -0.97613 -0.90022 -0.84062 -0.81744 -0.6998 -0.40248 0.10089 0.68117 0.97807 0.72129 0.29847 -0.06318 -0.47751 -0.67695 -0.79941 -0.89635 -0.96082 -0.98386 -0.96553 -0.91712 -0.84625 -0.76195 -0.62696 -0.41295 -0.07972 0.23304 0.39384 0.36011
0.073295 -0.46703 0.57043 -0.49971 0.79542 0.41707 -0.51283 -0.48643 0.019358 -0.82454 -0.44029 -0.033399 0.52921 0.9178 0.95639 0.62523 0.033549 -0.48461 -0.81504 -0.96461 -0.97213 -0.86602 -0.69314 -0.60758 -0.5848 -0.43659 -0.09924 0.39417 0.8589 0.93284 0.50838 0.034861 -0.3183 -0.68106 -0.83301 -0.91439 -0.96686 -0.98409 -0.96161 -0.90084 -0.81994 -0.72293 -0.619 -0.46305 -0.23054 0.10947 0.40836 0.55318 0.51953
0.0015762 0.66664 -0.96819 -0.60856 0.4772 -0.72395 -0.92442 0.42885 0.77799 -0.15574 0.27211 0.60028 0.92623 0.97876 0.66975 0.15946 -0.43616 -0.82029 -0.97552 -0.96401 -0.83852 -0.63144 -0.39744 -0.30444 -0.29037 -0.13299 0.20667 0.64396 0.958 0.81298 0.26183 -0.2249 -0.54576 -0.83627 -0.93507 -0.97439 -0.98333 -0.95621 -0.89291 -0.79581 -0.68879 -0.57205 -0.45454 -0.28527 -0.044093 0.29012 0.56548 0.69053 0.65873
-0.018029 -0.87064 0.55068 0.77687 -0.68278 -0.87713 -0.32865 0.96731 0.97142 0.59136 0.83559 0.9656 0.97298 0.7223 0.19864 -0.33627 -0.79671 -0.98167 -0.95317 -0.80259 -0.58036 -0.31424 -0.057661 0.027606 0.028933 0.17699 0.4859 0.83117 0.9759 0.63326 0.0021778 -0.46317 -0.73277 -0.93712 -0.98114 -0.98011 -0.94883 -0.88232 -0.78442 -0.65816 -0.5318 -0.40184 -0.27662 -0.10135 0.13936 0.4566 0.70051 0.80314 0.77492
0.40489 1 0.42373 0.3838 -0.72519 0.11238 0.60714 0.70879 0.50801 0.99535 0.9932 0.93208 0.67684 0.24936 -0.316 -0.74009 -0.97784 -0.94966 -0.76482 -0.51749 -0.24407 0.037363 0.28133 0.34889 0.33784 0.46271 0.71502 0.94444 0.917 0.41131 -0.25153 -0.66584 -0.87067 -0.98162 -0.9727 -0.93516 -0.86877 -0.76923 -0.6439 -0.49615 -0.35727 -0.22036 -0.092886 0.081689 0.31375 0.60446 0.8108 0.88939 0.86638
-0.74285 -0.95866 -1 -0.89476 0.39315 0.95687 0.93684 -0.099936 -0.27013 0.86397 0.7006 0.53931 0.16039 -0.28642 -0.73788 -0.96543 -0.95473 -0.74364 -0.45354 -0.16068 0.11822 0.37627 0.57997 0.62551 0.60624 0.6994 0.87781 0.97986 0.79118 0.1658 -0.48289 -0.82279 -0.95482 -0.97131 -0.91409 -0.84542 -0.7502 -0.62485 -0.47967 -0.31814 -0.17327 -0.035175 0.089713 0.25766 0.47402 0.7304 0.89479 0.94866 0.93235
0.48451 0.67657 0.464 -0.26314 0.92446 0.65663 0.37696 -0.82441 -0.8651 0.29845 0.11318 -0.043999 -0.39642 -0.7309 -0.96924 -0.97513 -0.74596 -0.4119 -0.077387 0.21126 0.45689 0.66235 0.80784 0.83218 0.81145 0.86959 0.96553 0.94019 0.61215 -0.085092 -0.67883 -0.92789 -0.98429 -0.9106 -0.81178 -0.7183 -0.60119 -0.45757 -0.3001 -0.1322 0.012702 0.14688 0.26506 0.42136 0.61619 0.83222 0.95195 0.98125 0.97288
0.21892 -0.17331 0.64275 0.93505 0.10338 -0.38858 -0.52099 -0.95322 -0.94147 -0.3999 -0.50885 -0.60006 -0.8211 -0.97167 -0.96852 -0.78178 -0.40311 -0.01868 0.30214 0.54602 0.73094 0.86626 0.94563 0.9535 0.93925 0.96357 0.9765 0.8335 0.39584 -0.32493 -0.83003 -0.97879 -0.9613 -0.80606 -0.6737 -0.56217 -0.43027 -0.27584 -0.11327 0.054233 0.19393 0.31988 0.428 0.56858 0.7373 0.90871 0.9826 0.98816 0.98874
-0.82072 -0.39672 -0.92287 0.28059 -0.87029 -1 -0.96182 -0.43259 -0.49154 -0.9004 -0.91969 -0.94395 -0.99882 -0.96101 -0.75142 -0.43754 0.0037334 0.36893 0.6299 0.80212 0.91188 0.97117 0.98557 0.98398 0.98389 0.97901 0.91516 0.67182 0.1589 -0.5398 -0.93087 -0.97646 -0.89063 -0.66575 -0.50862 -0.38578 -0.24596 -0.087737 0.073402 0.23453 0.36462 0.47887 0.57436 0.69611 0.8354 0.95955 0.98776 0.97101 0.98126
1 0.77369 -0.063128 -0.92569 -0.67542 -0.5618 -0.60311 0.36175 0.20936 -0.99516 -0.97934 -0.9792 -0.89641 -0.71811 -0.37874 -0.017877 0.40119 0.69213 0.86415 0.95272 0.98527 0.97275 0.9304 0.92704 0.94732 0.92004 0.79076 0.46963 -0.082536 -0.71889 -0.97925 -0.92465 -0.77897 -0.49855 -0.32556 -0.19778 -0.056388 0.099313 0.25332 0.40302 0.52001 0.61992 0.70097 0.80171 0.90941 0.98517 0.96908 0.93186 0.9522
-0.81731 -0.73062 0.93843 -0.43279 0.3939 0.4317 0.23013 0.92005 0.78707 -0.67007 -0.68896 -0.71485 -0.55919 -0.31445 0.063124 0.39608 0.72544 0.90809 0.98022 0.98682 0.95026 0.87772 0.79154 0.79336 0.83784 0.79594 0.61598 0.24245 -0.31385 -0.85462 -0.97617 -0.82922 -0.63426 -0.3136 -0.13331 -0.0063458 0.13102 0.27874 0.42085 0.55508 0.65635 0.7401 0.80563 0.88403 0.95905 0.98667 0.92859 0.87308 0.90367
0.50358 0.2646 -0.36256 0.83417 0.97613 0.99869 0.88136 0.92365 0.96807 -0.082458 -0.16987 -0.24735 -0.087717 0.15018 0.48343 0.73295 0.93104 0.99379 0.97128 0.90818 0.81763 0.70154 0.58673 0.59885 0.66849 0.61968 0.40549 0.0057013 -0.52261 -0.94268 -0.9252 -0.69757 -0.4651 -0.11982 0.059879 0.18111 0.30972 0.44497 0.57143 0.68714 0.77092 0.83743 0.88698 0.94252 0.98474 0.96561 0.86868 0.79728 0.838
-0.24132 0.31832 -0.76714 0.68224 0.39653 0.64227 0.88682 0.40225 0.69416 0.52506 0.3941 0.27972 0.39529 0.57352 0.80516 0.94194 0.99526 0.94629 0.84654 0.73274 0.60697 0.46559 0.33746 0.36255 0.45533 0.40641 0.1747 -0.22629 -0.69899 -0.98171 -0.83192 -0.53798 -0.28028 0.074447 0.24664 0.35811 0.47419 0.59349 0.70152 0.79663 0.86194 0.91084 0.94449 0.97731 0.98745 0.92397 0.79194 0.70715 0.75763
0.097661 -0.57791 0.5702 -0.59024 -0.63431 -0.27252 0.27609 -0.3299 0.11758 0.92754 0.8241 0.72166 0.77724 0.87253 0.97722 0.99814 0.91809 0.78019 0.62778 0.48506 0.34338 0.19433 0.066633 0.10469 0.21582 0.1721 -0.061419 -0.441 -0.83596 -0.97302 -0.70334 -0.35913 -0.088292 0.26174 0.42064 0.51926 0.62002 0.72086 0.80864 0.88196 0.92852 0.95999 0.97831 0.98914 0.96864 0.86399 0.70106 0.60544 0.66506
-0.055252 0.31611 0.5993 -0.92983 -0.96581 -0.94257 -0.5117 -0.87852 -0.49533 0.99586 1 0.97069 0.97987 0.99716 0.97975 0.90274 0.71895 0.52325 0.34506 0.19446 0.054265 -0.08734 -0.20359 -0.1551 -0.032642 -0.067629 -0.28913 -0.62818 -0.92928 -0.92007 -0.54732 -0.1696 0.10297 0.43566 0.57666 0.66031 0.74387 0.82468 0.89125 0.9424 0.97052 0.98526 0.98919 0.97924 0.9301 0.78811 0.59875 0.49484 0.56279
0.066202 0.18444 -0.62158 0.14258 -0.27949 -0.83966 -0.96398 -0.97968 -0.89117 0.72755 0.88718 0.97773 0.97136 0.93523 0.82295 0.6791 0.43132 0.21111 0.032125 -0.10856 -0.23356 -0.35626 -0.45339 -0.39908 -0.27391 -0.29848 -0.49663 -0.78011 -0.97731 -0.82803 -0.37214 0.022493 0.28646 0.59097 0.7107 0.77811 0.84343 0.9035 0.94868 0.97798 0.9885 0.98759 0.97834 0.94921 0.8739 0.69883 0.4877 0.37793 0.45324
-0.0864 -0.39678 -0.50793 1 0.68407 -0.088012 -0.82118 -0.6104 -0.9286 0.22997 0.53424 0.75598 0.76648 0.70929 0.54127 0.36625 0.096379 -0.11803 -0.27761 -0.39553 -0.49615 -0.59267 -0.66649 -0.61243 -0.49395 -0.50813 -0.6744 -0.89164 -0.98072 -0.70328 -0.18598 0.20976 0.45616 0.72365 0.81988 0.87058 0.91742 0.95677 0.98106 0.9894 0.98355 0.96837 0.94739 0.90095 0.80226 0.59871 0.37047 0.25715 0.33871
0.08825 0.12444 0.5784 0.44671 0.97549 0.71484 -0.19836 0.032783 -0.61658 -0.32872 0.048459 0.36921 0.4171 0.36782 0.18457 0.011287 -0.24317 -0.42798 -0.55449 -0.64228 -0.71409 -0.78127 -0.83082 -0.78378 -0.68141 -0.68671 -0.81547 -0.96011 -0.94214 -0.55293 0.0033307 0.38575 0.60718 0.83084 0.90245 0.93665 0.96541 0.98472 0.98915 0.97792 0.95723 0.92937 0.89823 0.83655 0.7175 0.49024 0.2495 0.13478 0.22135
-0.061973 0.24151 0.49423 -0.70327 0.3546 0.99151 0.52815 0.65067 -0.090047 -0.77883 -0.43988 -0.089264 -0.0028359 -0.026506 -0.19134 -0.33799 -0.54841 -0.68822 -0.77493 -0.83059 -0.87342 -0.91176 -0.93876 -0.90552 -0.82799 -0.827 -0.91537 -0.98513 -0.86577 -0.38442 0.18867 0.5451 0.73574 0.91083 0.95765 0.97613 0.98775 0.9882 0.97426 0.94521 0.91142 0.87263 0.83295 0.75824 0.62198 0.37581 0.12704 0.012863 0.10315
0.013337 -0.21117 -0.46899 -0.92451 -0.57699 0.58259 0.95969 0.98322 0.45503 -0.99858 -0.81274 -0.5204 -0.414 -0.4089 -0.53358 -0.63925 -0.7881 -0.87627 -0.92285 -0.94885 -0.96601 -0.97891 -0.98709 -0.97372 -0.92842 -0.92443 -0.97206 -0.9683 -0.75696 -0.20518 0.36377 0.68355 0.83922 0.96293 0.98561 0.98961 0.98546 0.96864 0.93814 0.89328 0.84828 0.80036 0.7538 0.66828 0.51802 0.25772 0.0051291 -0.10674 -0.014073
0.039894 -0.12405 -0.52506 0.013302 -1 -0.20175 0.88744 0.91143 0.83629 -0.94161 -0.99064 -0.84036 -0.74638 -0.72277 -0.79898 -0.86009 -0.9411 -0.97879 -0.99003 -0.99216 -0.98936 -0.98219 -0.97652 -0.98789 -0.9804 -0.97703 -0.98565 -0.91282 -0.62184 -0.022278 0.52335 0.79797 0.91604 0.98736 0.98724 0.97832 0.96008 0.9279 0.88289 0.82439 0.77011 0.71488 0.66305 0.56896 0.40786 0.13806 -0.11438 -0.2224 -0.12873
-0.073637 0.21893 0.30021 0.91893 -0.5889 -0.84171 0.37388 0.48606 0.94231 -0.63924 -0.94552 -0.9948 -0.94992 -0.92705 -0.95849 -0.98047 -0.99722 -0.99163 -0.97583 -0.96178 -0.94603 -0.92523 -0.91119 -0.95052 -0.9843 -0.9851 -0.95817 -0.82319 -0.46694 0.15777 0.66317 0.88632 0.96558 0.98511 0.96409 0.94403 0.9136 0.86814 0.81079 0.74093 0.67931 0.61854 0.56298 0.46249 0.29365 0.018775 -0.22987 -0.33273 -0.2394
0.067741 0.068507 0.54953 0.74246 0.28555 -0.95531 -0.31149 -0.11365 0.7577 -0.18214 -0.7001 -0.9652 -1 -1 -0.99896 -0.99332 -0.95674 -0.91896 -0.88615 -0.86422 -0.84278 -0.81497 -0.79789 -0.86653 -0.9428 -0.95093 -0.89315 -0.70481 -0.29889 0.32918 0.78006 0.94756 0.98811 0.95783 0.9182 0.88891 0.8483 0.79175 0.72432 0.64538 0.5783 0.51367 0.45582 0.35101 0.17737 -0.098405 -0.33995 -0.43653 -0.34487
-0.018911 -0.2246 -0.082892 -0.25911 0.92761 -0.50701 -0.8436 -0.66192 0.35483 0.30992 -0.31635 -0.76742 -0.89796 -0.93959 -0.9226 -0.90359 -0.82907 -0.77184 -0.73215 -0.71009 -0.68953 -0.66082 -0.6454 -0.74273 -0.86042 -0.87842 -0.79531 -0.56365 -0.12416 0.48703 0.8719 0.98158 0.98462 0.90768 0.85199 0.81543 0.7667 0.70127 0.62598 0.5402 0.46945 0.40255 0.34372 0.23654 0.060877 -0.21194 -0.44344 -0.53284 -0.44413
-0.05086 -0.03878 -0.51112 -0.95981 0.87461 0.21688 -0.9945 -0.97175 -0.13879 0.72037 0.12213 -0.4445 -0.66745 -0.76124 -0.74475 -0.72616 -0.63062 -0.56635 -0.52868 -0.51276 -0.49837 -0.47379 -0.46367 -0.58719 -0.74307 -0.7727 -0.67022 -0.40593 0.051186 0.62728 0.9375 0.98904 0.95671 0.8372 0.76817 0.72624 0.6714 0.59929 0.5183 0.42782 0.35507 0.28732 0.22869 0.12093 -0.054176 -0.3205 -0.53937 -0.62088 -0.53634
0.099604 0.23406 -0.14459 -0.64919 0.20097 0.80671 -0.7197 -0.95314 -0.58317 0.96203 0.52914 -0.055908 -0.34814 -0.49353 -0.49042 -0.48305 -0.3824 -0.3216 -0.29271 -0.28716 -0.28247 -0.26561 -0.26319 -0.4087 -0.59763 -0.63974 -0.5239 -0.23789 0.22163 0.74685 0.97658 0.97128 0.90649 0.7492 0.66958 0.62411 0.5651 0.48839 0.40374 0.31058 0.23732 0.17002 0.11262 0.0059021 -0.1663 -0.42295 -0.62697 -0.70007 -0.62082
-0.088887 0.02195 0.37144 0.30227 -0.59827 0.96189 -0.15416 -0.63016 -0.86485 0.99251 0.83231 0.33406 0.011877 -0.17307 -0.19032 -0.20035 -0.10764 -0.057899 -0.041814 -0.048568 -0.055169 -0.048048 -0.054373 -0.21623 -0.4315 -0.48601 -0.36261 -0.065508 0.38234 0.84355 0.98961 0.93018 0.8364 0.64663 0.55915 0.51182 0.45042 0.37107 0.28467 0.19066 0.11825 0.052518 -0.002779 -0.107 -0.27419 -0.51836 -0.70567 -0.76999 -0.69709
0.014947 -0.23908 0.3112 0.93756 -0.98834 0.63002 0.46358 -0.11912 -0.9226 0.81747 0.98436 0.66685 0.36362 0.16089 0.12303 0.094678 0.17043 0.20495 0.20706 0.18838 0.1708 0.16778 0.15296 -0.018536 -0.25219 -0.31815 -0.19254 0.10565 0.52921 0.91605 0.97775 0.86807 0.74917 0.53251 0.43978 0.3921 0.32995 0.24973 0.1633 0.070119 -0.00027643 -0.063484 -0.11596 -0.21642 -0.37672 -0.60596 -0.77505 -0.8304 -0.76479
0.077647 -0.021653 -0.14369 0.68429 -0.743 0.00095652 0.89577 0.418 -0.75575 0.48338 0.9681 0.89764 0.66367 0.47121 0.41882 0.37622 0.4305 0.44905 0.43867 0.41049 0.38395 0.37185 0.34995 0.17623 -0.067045 -0.14268 -0.01958 0.27056 0.65893 0.96381 0.94267 0.78754 0.64765 0.40986 0.31431 0.26758 0.20611 0.12664 0.04169 -0.049193 -0.11658 -0.17647 -0.22554 -0.32115 -0.47296 -0.68518 -0.83486 -0.88117 -0.82369
-0.12196 0.23504 -0.34283 -0.17512 -0.047437 -0.61356 0.99363 0.82619 -0.41663 0.063254 0.79552 1 0.87883 0.72663 0.6707 0.62196 0.65451 0.65939 0.6402 0.6066 0.57449 0.5556 0.529 0.36077 0.11704 0.034183 0.1508 0.42485 0.76899 0.98702 0.8865 0.69141 0.53477 0.28156 0.18542 0.14075 0.081191 0.0038489 -0.078277 -0.1656 -0.22917 -0.2851 -0.33033 -0.42019 -0.56212 -0.75558 -0.88499 -0.92231 -0.8737
0.084911 0.041773 -0.090969 -0.8576 0.66209 -0.93741 0.73982 1 0.0082474 -0.36047 0.50222 0.96729 0.98887 0.90439 0.85868 0.81445 0.82867 0.8245 0.80179 0.76794 0.73464 0.71218 0.68394 0.52885 0.29385 0.20677 0.31371 0.56486 0.85762 0.98645 0.81167 0.58261 0.41343 0.15038 0.055648 0.013903 -0.042714 -0.11674 -0.19493 -0.27763 -0.33672 -0.38822 -0.42931 -0.51268 -0.64359 -0.81691 -0.92545 -0.95396 -0.91483
-0.0048654 -0.2178 0.22123 -0.80312 0.97984 -0.84702 0.23874 0.90589 0.42168 -0.71213 0.139 0.81108 0.98727 0.99142 0.97014 0.94198 0.94386 0.93678 0.9167 0.88834 0.85874 0.8365 0.81013 0.6754 0.45797 0.37005 0.46494 0.68764 0.9238 0.96343 0.72084 0.46406 0.28646 0.018896 -0.072715 -0.11086 -0.16372 -0.23346 -0.30678 -0.38399 -0.43814 -0.48486 -0.52162 -0.59794 -0.71691 -0.86901 -0.95637 -0.97632 -0.94719
-0.038685 -0.079603 0.22034 -0.10295 0.75249 -0.40468 -0.33254 0.58228 0.73785 -0.93529 -0.23761 0.55742 0.88022 0.98447 1 0.99871 0.99574 0.99249 0.98136 0.9642 0.94326 0.92531 0.90443 0.79655 0.60488 0.51971 0.60096 0.791 0.96716 0.91968 0.6168 0.33865 0.15655 -0.11055 -0.19758 -0.23167 -0.28015 -0.34483 -0.41258 -0.48362 -0.53248 -0.57422 -0.60658 -0.67542 -0.78175 -0.91187 -0.97797 -0.98969 -0.97096
0.00952 0.18057 -0.024128 0.65466 0.13108 0.19004 -0.78968 0.12124 0.8986 -1 -0.57417 0.24191 0.68445 0.8892 0.95027 0.98443 0.98442 0.9915 0.99514 0.99438 0.98675 0.97704 0.96518 0.88969 0.73102 0.65224 0.71901 0.87342 0.98791 0.85727 0.50236 0.20916 0.026196 -0.23586 -0.31713 -0.34689 -0.39056 -0.4496 -0.51124 -0.57561 -0.61899 -0.65566 -0.68365 -0.74472 -0.83791 -0.94556 -0.99055 -0.99443 -0.98641
0.037763 0.12367 -0.18886 0.8947 -0.5437 0.6961 -0.99891 -0.36022 0.88153 -0.90447 -0.82739 -0.095752 0.42421 0.7186 0.82899 0.90388 0.91394 0.93688 0.96007 0.97995 0.98961 0.99173 0.99208 0.95333 0.83378 0.76494 0.81702 0.93405 0.98681 0.77847 0.38033 0.078179 -0.1023 -0.35518 -0.42977 -0.4551 -0.49371 -0.54672 -0.60188 -0.65926 -0.69709 -0.72871 -0.75242 -0.80559 -0.88531 -0.97025 -0.99448 -0.99097 -0.99384
-0.020667 -0.1174 -0.1164 0.4764 -0.93468 0.92805 -0.91114 -0.75046 0.69995 -0.67198 -0.96872 -0.4168 0.12797 0.49098 0.64891 0.76584 0.79155 0.83432 0.88039 0.92388 0.95385 0.97079 0.98601 0.98707 0.91146 0.85586 0.89366 0.97265 0.96501 0.68576 0.25342 -0.051865 -0.22688 -0.46694 -0.53416 -0.55513 -0.58859 -0.63535 -0.68383 -0.73403 -0.76635 -0.79302 -0.81263 -0.85787 -0.92397 -0.98622 -0.99017 -0.97977 -0.99362
-0.056112 -0.15362 0.058452 -0.26194 -0.87069 0.81752 -0.56627 -0.96775 0.39604 -0.34435 -0.9863 -0.68762 -0.17489 0.22779 0.42596 0.58207 0.62689 0.69154 0.76208 0.83069 0.88286 0.91682 0.94888 0.99148 0.96326 0.92383 0.94821 0.98952 0.92405 0.58164 0.12419 -0.17879 -0.34572 -0.56981 -0.62924 -0.64603 -0.67439 -0.71482 -0.75655 -0.79954 -0.82648 -0.84839 -0.86415 -0.9015 -0.95399 -0.99376 -0.97811 -0.96132 -0.98616
0.088764 0.031607 0.12778 -0.79621 -0.40679 0.42328 -0.071879 -0.97458 0.029792 0.026426 -0.88445 -0.88272 -0.45686 -0.048533 0.17773 0.36616 0.43114 0.51763 0.61239 0.70604 0.78107 0.83334 0.88345 0.96795 0.98914 0.96838 0.98057 0.98542 0.86575 0.46867 -0.004952 -0.30065 -0.45726 -0.66274 -0.71414 -0.72707 -0.7505 -0.78465 -0.81971 -0.85555 -0.87733 -0.89473 -0.90691 -0.93655 -0.97556 -0.99325 -0.95879 -0.93615 -0.97189
-0.012907 0.14552 0.047212 -0.78838 0.22745 -0.10438 0.43346 -0.78045 -0.33346 0.38674 -0.6813 -0.98649 -0.69462 -0.31644 -0.077958 0.13252 0.21621 0.32243 0.43934 0.5564 0.65367 0.72458 0.79313 0.91856 0.98978 0.98964 0.99117 0.96151 0.79212 0.34934 -0.13182 -0.41574 -0.56019 -0.74489 -0.78824 -0.79771 -0.81649 -0.84453 -0.87309 -0.90196 -0.91887 -0.93207 -0.941 -0.96315 -0.98893 -0.98513 -0.93273 -0.9048 -0.95126
-0.086348 0.055507 -0.060243 -0.28014 0.74871 -0.58463 0.81972 -0.43445 -0.63461 0.68893 -0.40504 -0.99354 -0.87055 -0.5568 -0.3243 -0.10464 -0.0059862 0.11593 0.25125 0.38866 0.50632 0.59523 0.6818 0.84594 0.96643 0.98832 0.98089 0.91928 0.70532 0.22607 -0.25443 -0.52264 -0.65343 -0.8157 -0.85112 -0.85761 -0.87209 -0.8943 -0.91661 -0.93878 -0.95116 -0.9605 -0.96653 -0.9815 -0.99441 -0.96983 -0.90048 -0.8678 -0.92474
0.076827 -0.086109 -0.073562 0.38123 0.94582 -0.86791 0.99717 -0.011112 -0.82957 0.89696 -0.08959 -0.90814 -0.97356 -0.75408 -0.54648 -0.33206 -0.22415 -0.09216 0.056412 0.2098 0.3449 0.45027 0.55361 0.75314 0.92086 0.96557 0.95099 0.86046 0.60756 0.10114 -0.37107 -0.62016 -0.73617 -0.87478 -0.90255 -0.90658 -0.9172 -0.93392 -0.95034 -0.96615 -0.97437 -0.98023 -0.98373 -0.99186 -0.99236 -0.94783 -0.86259 -0.8257 -0.89281
0.024782 -0.10567 0.0010087 0.79083 0.75745 -0.87866 0.93361 0.40669 -0.89442 0.98966 0.22975 -0.74264 -0.9993 -0.89699 -0.73239 -0.53815 -0.42811 -0.29288 -0.13734 0.026665 0.1753 0.29471 0.41287 0.64348 0.85525 0.92298 0.90305 0.78699 0.5011 -0.023335 -0.48023 -0.70735 -0.8078 -0.92196 -0.94248 -0.94461 -0.95184 -0.96349 -0.97443 -0.98427 -0.98875 -0.99153 -0.99287 -0.99456 -0.98317 -0.91965 -0.81961 -0.77905 -0.85596
-0.070568 -0.0079602 0.063531 0.7295 0.27877 -0.6293 0.65555 0.74391 -0.82661 0.9617 0.5202 -0.51549 -0.94968 -0.97884 -0.87304 -0.71336 -0.60921 -0.47832 -0.32282 -0.15434 0.0031383 0.13349 0.26387 0.52042 0.77204 0.86238 0.83889 0.7009 0.38818 -0.1454 -0.58067 -0.78352 -0.86793 -0.95725 -0.971 -0.97183 -0.97618 -0.98322 -0.98911 -0.99344 -0.99461 -0.99471 -0.99429 -0.98996 -0.96727 -0.88578 -0.77209 -0.72838 -0.81466
0.011274 0.084585 0.042081 0.26402 -0.29311 -0.20622 0.23571 0.94579 -0.64293 0.82244 0.75452 -0.24891 -0.83204 -0.99744 -0.96279 -0.8505 -0.76053 -0.64183 -0.49376 -0.32739 -0.1663 -0.028693 0.11077 0.38749 0.67389 0.7859 0.7605 0.60431 0.27093 -0.26332 -0.67137 -0.84816 -0.91635 -0.9808 -0.98836 -0.98846 -0.99046 -0.99339 -0.99473 -0.99402 -0.99232 -0.99016 -0.98834 -0.97845 -0.9451 -0.84674 -0.72056 -0.67421 -0.76938
0.034562 0.083772 -0.036244 -0.32561 -0.74393 0.26325 -0.22814 0.98505 -0.37486 0.59317 0.91313 0.033404 -0.65803 -0.95474 -0.99928 -0.94485 -0.87703 -0.77818 -0.64491 -0.4874 -0.32824 -0.1875 -0.042511 0.24816 0.56358 0.69578 0.67 0.49937 0.15142 -0.37555 -0.75155 -0.90101 -0.95305 -0.99292 -0.99492 -0.99484 -0.99504 -0.99438 -0.99167 -0.98643 -0.98229 -0.97829 -0.97544 -0.96046 -0.91712 -0.80304 -0.66555 -0.61705 -0.7206
-0.00026298 0.0018095 -0.08403 -0.72153 -0.92097 0.65031 -0.63666 0.86336 -0.062614 0.30343 0.98512 0.3084 -0.44227 -0.85628 -0.98317 -0.99408 -0.95556 -0.88359 -0.77213 -0.63009 -0.47854 -0.33902 -0.19234 0.10577 0.44391 0.59436 0.56954 0.38819 0.031588 -0.48076 -0.82065 -0.94196 -0.97815 -0.99402 -0.99111 -0.99143 -0.99034 -0.98662 -0.98038 -0.97112 -0.965 -0.95955 -0.95602 -0.93642 -0.88381 -0.7552 -0.60758 -0.55738 -0.66875
-0.017338 -0.080813 -0.046123 -0.73602 -0.77891 0.8589 -0.90966 0.60789 0.25118 -0.013159 0.96827 0.55541 -0.20103 -0.71043 -0.91784 -0.99816 -0.99479 -0.95575 -0.87242 -0.75207 -0.61367 -0.47986 -0.33546 -0.036525 0.31768 0.48404 0.4613 0.27281 -0.086794 -0.57784 -0.8783 -0.97109 -0.99191 -0.98462 -0.97749 -0.97871 -0.97685 -0.9706 -0.96135 -0.94859 -0.94091 -0.9344 -0.93053 -0.90679 -0.84564 -0.70371 -0.54714 -0.49568 -0.61428
-0.028703 -0.08736 0.04814 -0.38859 -0.38275 0.84646 -1 0.26428 0.52722 -0.32289 0.86837 0.75754 0.049039 -0.5276 -0.80883 -0.95908 -0.99508 -0.99372 -0.94389 -0.85082 -0.73083 -0.60713 -0.46905 -0.17584 0.18757 0.36716 0.34741 0.1552 -0.2021 -0.66586 -0.92432 -0.98861 -0.99474 -0.96532 -0.95465 -0.95725 -0.95513 -0.94686 -0.93512 -0.91936 -0.91053 -0.90333 -0.89944 -0.87204 -0.80307 -0.64906 -0.48469 -0.43238 -0.55761
0.025738 -0.0085575 0.11467 0.12952 0.126 0.62838 -0.89919 -0.11229 0.73407 -0.5954 0.69778 0.90244 0.29205 -0.31942 -0.66343 -0.88052 -0.95825 -0.99785 -0.98573 -0.9247 -0.82789 -0.71853 -0.59069 -0.30957 0.05615 0.24603 0.22995 0.037206 -0.31288 -0.74413 -0.95869 -0.99487 -0.98711 -0.9368 -0.92326 -0.92768 -0.92574 -0.91596 -0.90223 -0.88398 -0.87439 -0.86684 -0.86321 -0.83262 -0.75659 -0.59171 -0.42068 -0.3679 -0.49914
0.049948 0.084925 0.090475 0.56644 0.58261 0.26769 -0.63484 -0.4662 0.85101 -0.80633 0.47371 0.98279 0.51377 -0.097983 -0.49004 -0.76758 -0.8874 -0.96957 -0.9981 -0.97289 -0.90342 -0.81228 -0.69842 -0.43541 -0.074195 0.12283 0.11088 -0.079473 -0.41787 -0.8121 -0.98157 -0.99033 -0.96959 -0.89976 -0.88402 -0.89063 -0.8893 -0.87849 -0.86325 -0.84299 -0.83301 -0.82543 -0.82233 -0.78901 -0.70665 -0.53213 -0.35554 -0.30264 -0.43925
-0.042949 0.10229 -0.013174 0.73165 0.85217 -0.14505 -0.26184 -0.74936 0.86937 -0.93903 0.21632 0.99623 0.70232 0.12487 -0.29771 -0.62631 -0.78663 -0.91132 -0.982 -0.99533 -0.95661 -0.88718 -0.79073 -0.5514 -0.20128 -0.00038254 -0.0079473 -0.19328 -0.51597 -0.86945 -0.99321 -0.97555 -0.94283 -0.85496 -0.83765 -0.84677 -0.84644 -0.83505 -0.81875 -0.79695 -0.78691 -0.77959 -0.77727 -0.74165 -0.65369 -0.47075 -0.28966 -0.23696 -0.3783
-0.058097 0.020266 -0.12059 0.5723 0.86623 -0.51528 0.15022 -0.92703 0.7921 -0.98528 -0.053215 0.94501 0.84864 0.33812 -0.095637 -0.46346 -0.66077 -0.82627 -0.93921 -0.99265 -0.98729 -0.9425 -0.86655 -0.65592 -0.32314 -0.1217 -0.12485 -0.30281 -0.60627 -0.91597 -0.99402 -0.95115 -0.90753 -0.80318 -0.78489 -0.79678 -0.7978 -0.78625 -0.76931 -0.74641 -0.73663 -0.72983 -0.72849 -0.691 -0.59816 -0.40797 -0.22342 -0.17122 -0.31662
0.053422 -0.088023 -0.15079 0.17862 0.63495 -0.76558 0.5304 -0.98103 0.63227 -0.94513 -0.31445 0.83537 0.94672 0.53208 0.10726 -0.28608 -0.51516 -0.71818 -0.8721 -0.96607 -0.99579 -0.97802 -0.92519 -0.74767 -0.43806 -0.23938 -0.23827 -0.40685 -0.68802 -0.95163 -0.98449 -0.91783 -0.86439 -0.74522 -0.72648 -0.74137 -0.74402 -0.73268 -0.71551 -0.69191 -0.68266 -0.67663 -0.67644 -0.63749 -0.54047 -0.34418 -0.15716 -0.10573 -0.25455
0.058162 -0.11944 -0.077051 -0.27132 0.23554 -0.85022 0.8184 -0.91039 0.41053 -0.82605 -0.54907 0.6767 0.99359 0.69868 0.30271 -0.10122 -0.35538 -0.59124 -0.78355 -0.9173 -0.98294 -0.99392 -0.96638 -0.8257 -0.54455 -0.35191 -0.34685 -0.50432 -0.76064 -0.97654 -0.96517 -0.87631 -0.8142 -0.68185 -0.66318 -0.6812 -0.68573 -0.67496 -0.6579 -0.634 -0.62552 -0.62047 -0.62159 -0.58154 -0.48102 -0.27976 -0.091215 -0.040786 -0.19237
-0.050747 -0.040358 0.055529 -0.59432 -0.21613 -0.76106 0.97304 -0.72963 0.15218 -0.64148 -0.74203 0.48065 0.98917 0.83171 0.48335 0.084324 -0.18707 -0.44986 -0.67676 -0.84848 -0.94998 -0.9908 -0.99016 -0.88933 -0.64139 -0.45791 -0.44937 -0.59434 -0.82373 -0.99091 -0.93672 -0.82736 -0.75772 -0.61386 -0.59571 -0.61697 -0.62357 -0.61367 -0.59706 -0.57318 -0.56569 -0.56179 -0.56435 -0.52357 -0.42019 -0.21505 -0.025867 0.023347 -0.13036
-0.054386 0.079618 0.16231 -0.67443 -0.60025 -0.52504 0.97678 -0.46544 -0.11582 -0.40918 -0.88225 0.26019 0.93602 0.92692 0.64294 0.26422 -0.015695 -0.29854 -0.55518 -0.76204 -0.89849 -0.96956 -0.99692 -0.93822 -0.72758 -0.55625 -0.54481 -0.67615 -0.87699 -0.99506 -0.89981 -0.77177 -0.69571 -0.54203 -0.52478 -0.54932 -0.55815 -0.54937 -0.5335 -0.50996 -0.50365 -0.50104 -0.50514 -0.46396 -0.35835 -0.15036 0.038609 0.086423 -0.068783
0.035622 0.13257 0.17505 -0.49869 -0.82402 -0.1951 0.83596 -0.1522 -0.36771 -0.14926 -0.96299 0.028734 0.83889 0.982 0.77652 0.43282 0.15357 -0.1417 -0.42237 -0.66065 -0.8303 -0.9314 -0.9873 -0.97226 -0.80238 -0.64595 -0.63229 -0.7492 -0.9203 -0.98941 -0.85519 -0.71034 -0.62897 -0.46711 -0.4511 -0.4789 -0.49007 -0.48264 -0.46775 -0.44483 -0.43985 -0.43865 -0.44435 -0.40308 -0.29584 -0.086 0.10197 0.14822 -0.007862
0.0464 0.071075 0.08357 -0.14934 -0.84167 0.16262 0.5774 0.17271 -0.5812 0.11751 -0.98181 -0.20071 0.70428 0.99649 0.88044 0.58524 0.31599 0.016391 -0.28189 -0.54709 -0.74747 -0.87774 -0.96218 -0.99161 -0.86524 -0.72625 -0.71114 -0.81304 -0.95364 -0.97444 -0.8036 -0.64386 -0.55824 -0.3898 -0.37533 -0.40632 -0.41989 -0.41399 -0.4003 -0.37825 -0.37471 -0.37501 -0.38237 -0.34128 -0.23297 -0.022234 0.16398 0.20854 0.052186
-0.013133 -0.051745 -0.060635 0.23748 -0.66026 0.48232 0.24257 0.4734 -0.73916 0.37143 -0.94035 -0.41618 0.53998 0.97162 0.95238 0.71748 0.46738 0.17175 -0.13724 -0.42421 -0.65218 -0.81016 -0.92263 -0.99662 -0.91585 -0.79656 -0.7808 -0.86739 -0.97711 -0.95071 -0.74581 -0.57311 -0.48426 -0.3108 -0.2981 -0.33217 -0.34817 -0.34394 -0.33163 -0.31065 -0.30864 -0.31051 -0.31955 -0.27889 -0.17005 0.040686 0.22445 0.2672 0.11117
-0.030906 -0.1324 -0.17701 0.52581 -0.33235 0.71022 -0.11969 0.71922 -0.83061 0.59515 -0.84376 -0.60729 0.35453 0.91006 0.99131 0.82644 0.60416 0.32075 0.0082408 -0.29486 -0.5467 -0.73041 -0.86989 -0.98786 -0.95409 -0.85645 -0.84089 -0.91208 -0.99091 -0.91882 -0.68259 -0.49887 -0.40776 -0.23077 -0.22001 -0.25702 -0.27541 -0.27296 -0.26217 -0.24244 -0.24203 -0.24551 -0.25622 -0.21623 -0.10736 0.10253 0.28321 0.32405 0.1689
-0.0082386 -0.10645 -0.20215 0.62603 0.060901 0.8125 -0.4604 0.88745 -0.85104 0.77469 -0.70008 -0.76566 0.1568 0.81573 0.99739 0.90995 0.7234 0.46018 0.15145 -0.1618 -0.43332 -0.64029 -0.80531 -0.96604 -0.98 -0.90569 -0.89117 -0.94709 -0.99532 -0.87941 -0.61473 -0.42187 -0.32942 -0.15033 -0.14163 -0.18138 -0.20211 -0.20151 -0.19234 -0.17402 -0.17524 -0.18033 -0.1927 -0.15359 -0.045154 0.16309 0.34009 0.37895 0.22524
0.0061311 0.0020501 -0.12288 0.51878 0.43066 0.77895 -0.7369 0.96483 -0.80216 0.90005 -0.51947 -0.88509 -0.044471 0.69345 0.97185 0.96676 0.82284 0.58727 0.28953 -0.027687 -0.31431 -0.54165 -0.73032 -0.93201 -0.9938 -0.94416 -0.93153 -0.97246 -0.9907 -0.83315 -0.54296 -0.34283 -0.24988 -0.070033 -0.063488 -0.10576 -0.12872 -0.13 -0.12254 -0.10573 -0.1086 -0.1153 -0.12929 -0.09123 0.016334 0.22218 0.39495 0.43178 0.28003
0.01795 0.10653 0.019999 0.25268 0.70029 0.62202 -0.91765 0.94793 -0.69109 0.96552 -0.31341 -0.9617 -0.24099 0.54876 0.91683 0.99644 0.90087 0.69976 0.41994 0.10501 -0.19189 -0.43636 -0.64642 -0.88672 -0.99583 -0.97189 -0.96196 -0.98838 -0.97749 -0.78072 -0.46804 -0.26243 -0.16978 0.0095699 0.01393 -0.030595 -0.055681 -0.058844 -0.053136 -0.037926 -0.042425 -0.05071 -0.066258 -0.029405 0.076883 0.27964 0.44768 0.48244 0.33316
0.02335 0.1297 0.15564 -0.079078 0.81994 0.37257 -0.985 0.84256 -0.52925 0.96963 -0.093953 -0.99384 -0.42526 0.38754 0.83525 0.99935 0.95655 0.79584 0.54049 0.23401 -0.068165 -0.32625 -0.55513 -0.83124 -0.98658 -0.98904 -0.98258 -0.9951 -0.95616 -0.72282 -0.39069 -0.18132 -0.089677 0.08799 0.090173 0.043675 0.016624 0.011604 0.015544 0.029093 0.022997 0.013178 -0.0038564 0.031656 0.1363 0.33532 0.49818 0.53084 0.38452
-0.0078063 0.059813 0.21957 -0.37241 0.77386 0.073098 -0.936 0.66226 -0.33109 0.91479 0.127 -0.982 -0.59078 0.21589 0.73063 0.97655 0.98952 0.87421 0.64931 0.35726 0.054866 -0.2131 -0.45796 -0.76665 -0.96662 -0.99588 -0.99361 -0.99293 -0.92724 -0.66013 -0.31158 -0.10011 -0.010122 0.16478 0.16483 0.11667 0.087829 0.081007 0.083188 0.095043 0.087403 0.076116 0.057683 0.091741 0.1944 0.38908 0.54636 0.57692 0.43401
-0.045035 -0.048009 0.1836 -0.54446 0.5798 -0.22979 -0.78129 0.42633 -0.11268 0.80682 0.3383 -0.92855 -0.7322 0.039771 0.60691 0.92969 1 0.93401 0.74491 0.47294 0.17536 -0.098623 -0.35641 -0.69411 -0.93662 -0.99276 -0.99534 -0.98226 -0.89128 -0.59336 -0.23137 -0.01937 0.06839 0.23953 0.23753 0.18803 0.1576 0.14906 0.14951 0.15966 0.15055 0.13788 0.11815 0.15066 0.25102 0.44082 0.59215 0.62062 0.48156
-0.021088 -0.11802 0.066009 -0.55492 0.28216 -0.4926 -0.5426 0.1576 0.10966 0.65425 0.53005 -0.83747 -0.84544 -0.13507 0.46833 0.86093 0.98869 0.97484 0.82612 0.5795 0.29165 0.01558 -0.25191 -0.61478 -0.89732 -0.98013 -0.98814 -0.96355 -0.84887 -0.52318 -0.15068 0.060384 0.1454 0.31187 0.30794 0.25744 0.22565 0.21548 0.21426 0.22272 0.21223 0.19826 0.17735 0.20824 0.30603 0.49044 0.63551 0.6619 0.52709
0.04371 -0.10757 -0.0801 -0.41226 -0.059099 -0.68086 -0.24931 -0.11994 0.32046 0.46753 0.69399 -0.71402 -0.92771 -0.30336 0.31922 0.77283 0.95673 0.9967 0.89214 0.67564 0.40223 0.12801 -0.14587 -0.52983 -0.8495 -0.95851 -0.97244 -0.93728 -0.8006 -0.45024 -0.07009 0.13867 0.2205 0.38149 0.37577 0.32461 0.29169 0.28002 0.27721 0.28401 0.27224 0.25708 0.23511 0.26433 0.35929 0.53787 0.67638 0.70074 0.57056
0.053439 -0.030598 -0.19235 -0.16561 -0.38094 -0.77288 0.065469 -0.38325 0.50619 0.25831 0.82372 -0.56442 -0.9775 -0.46035 0.16393 0.66821 0.90563 0.99997 0.94247 0.7603 0.5058 0.23731 -0.039592 -0.44041 -0.794 -0.92846 -0.94872 -0.90398 -0.74709 -0.37519 0.0098555 0.21504 0.29331 0.44809 0.44074 0.3893 0.35549 0.34246 0.33815 0.34334 0.3304 0.31417 0.29127 0.31878 0.4107 0.58303 0.71475 0.7371 0.61191
-0.013654 0.059174 -0.22586 0.11307 -0.62864 -0.76142 0.36867 -0.612 0.65589 0.038658 0.91485 -0.39549 -0.99448 -0.60197 0.0066712 0.55013 0.83722 0.98534 0.97693 0.8327 0.60121 0.34223 0.06569 -0.34766 -0.73167 -0.8906 -0.91753 -0.86419 -0.68895 -0.29863 0.08866 0.28911 0.3635 0.51143 0.50264 0.45127 0.41684 0.40261 0.3969 0.40055 0.38656 0.36939 0.3457 0.37148 0.46016 0.62587 0.7506 0.77098 0.65113
-0.065081 0.10719 -0.16999 0.35041 -0.76438 -0.65313 0.63065 -0.79 0.76172 -0.17965 0.965 -0.21431 -0.97945 -0.72486 -0.14859 0.42173 0.75353 0.95379 0.99561 0.89228 0.68755 0.44169 0.16884 -0.25267 -0.6634 -0.84559 -0.8794 -0.81848 -0.62678 -0.22114 0.16586 0.36052 0.43078 0.5713 0.56128 0.51035 0.47555 0.46028 0.4533 0.45549 0.44059 0.42262 0.39827 0.42231 0.50758 0.66636 0.78391 0.8024 0.68817
-0.030167 0.090589 -0.0496 0.49024 -0.77173 -0.46637 0.82782 -0.90601 0.8191 -0.38571 0.97373 -0.027966 -0.93418 -0.82641 -0.29818 0.28617 0.65677 0.90655 0.99886 0.93871 0.76407 0.53471 0.26882 -0.15648 -0.59004 -0.7941 -0.83494 -0.76745 -0.56118 -0.14329 0.24105 0.42895 0.49488 0.62753 0.61649 0.56635 0.53147 0.51533 0.50721 0.50805 0.49238 0.47373 0.44889 0.47119 0.5529 0.70446 0.8147 0.83135 0.72304
0.041205 0.026193 0.087557 0.5055 -0.65622 -0.22771 0.94431 -0.95415 0.82673 -0.56993 0.94236 0.15675 -0.86128 -0.90478 -0.43883 0.14655 0.54928 0.84504 0.98724 0.97189 0.83019 0.6205 0.3647 -0.060082 -0.51247 -0.73682 -0.78474 -0.71166 -0.49275 -0.065574 0.31384 0.49414 0.55559 0.67996 0.66814 0.61916 0.58445 0.56764 0.55853 0.5581 0.54181 0.52264 0.49745 0.51803 0.59607 0.74016 0.84298 0.85786 0.75573
0.056412 -0.045705 0.19067 0.40124 -0.44217 0.03209 0.9728 -0.93384 0.78633 -0.72444 0.8738 0.33356 -0.76402 -0.95885 -0.56766 0.0058861 0.43343 0.77082 0.96151 0.99189 0.88552 0.69837 0.45566 0.035604 -0.43154 -0.67444 -0.72941 -0.65172 -0.42206 0.011513 0.38391 0.55585 0.61272 0.7285 0.71613 0.66865 0.6344 0.61709 0.60715 0.60558 0.58882 0.56927 0.54388 0.56278 0.63704 0.77344 0.86877 0.88195 0.78623
0.00492 -0.087183 0.22457 0.2098 -0.16707 0.28209 0.91439 -0.84934 0.70229 -0.8433 0.77223 0.49684 -0.64619 -0.98824 -0.68229 -0.13302 0.31158 0.68557 0.92261 0.99898 0.92983 0.76779 0.54097 0.12972 -0.34808 -0.60768 -0.66957 -0.5882 -0.34964 0.087526 0.45094 0.61387 0.66611 0.77305 0.76038 0.71475 0.68122 0.66362 0.65299 0.6504 0.63333 0.61356 0.58812 0.60538 0.67577 0.80432 0.8921 0.90365 0.81456
-0.042822 -0.08189 0.18066 -0.019774 0.1254 0.49475 0.77773 -0.70903 0.58112 -0.92258 0.64286 0.64183 -0.51191 -0.99318 -0.78079 -0.26756 0.18608 0.59105 0.87158 0.99356 0.96304 0.82835 0.62003 0.22147 -0.26288 -0.53722 -0.60582 -0.52166 -0.27604 0.16205 0.5147 0.66806 0.71566 0.81356 0.80083 0.75738 0.72484 0.70715 0.696 0.69252 0.67529 0.65545 0.63012 0.64577 0.71225 0.8328 0.913 0.92301 0.84074
-0.036114 -0.038958 0.077411 -0.23457 0.39236 0.64867 0.57757 -0.52445 0.43094 -0.96041 0.49159 0.76462 -0.36554 -0.97452 -0.86172 -0.39539 0.059148 0.48902 0.80959 0.9762 0.98519 0.87978 0.69231 0.31014 -0.17671 -0.46373 -0.53877 -0.45268 -0.20175 0.23472 0.57495 0.71827 0.76126 0.85001 0.83747 0.79651 0.76522 0.74763 0.73613 0.7319 0.71467 0.6949 0.66984 0.68395 0.74645 0.8589 0.93151 0.94007 0.86478
0.0031135 0.016598 -0.048377 -0.38972 0.59779 0.73032 0.33302 -0.30925 0.26087 -0.95682 0.32478 0.8623 -0.21144 -0.93361 -0.92408 -0.51443 -0.067075 0.38129 0.7379 0.94756 0.99649 0.92189 0.75742 0.39509 -0.090285 -0.38788 -0.46901 -0.38178 -0.12724 0.30519 0.63151 0.7644 0.80286 0.88238 0.87028 0.83211 0.80232 0.78504 0.77336 0.7685 0.75143 0.73189 0.70725 0.71987 0.77838 0.88264 0.94769 0.95486 0.88671
0.026454 0.058745 -0.15537 -0.457 0.71683 0.73473 0.065496 -0.078134 0.080427 -0.91361 0.14891 0.9329 -0.053939 -0.87225 -0.96736 -0.62291 -0.19062 0.2696 0.65779 0.90841 0.99722 0.95465 0.81504 0.47576 -0.004286 -0.3103 -0.39711 -0.30948 -0.052964 0.37315 0.68422 0.8064 0.8404 0.91069 0.89927 0.86418 0.83614 0.81935 0.80766 0.80232 0.78556 0.7664 0.74233 0.75353 0.80804 0.90405 0.96157 0.96746 0.90656
0.020232 0.072055 -0.21126 -0.42878 0.73805 0.66516 -0.20311 0.15418 -0.10095 -0.83412 -0.029603 0.9754 0.10283 -0.79259 -0.99143 -0.71935 -0.30967 0.15566 0.5706 0.8596 0.98778 0.97808 0.86495 0.55165 0.080654 -0.2316 -0.32362 -0.23628 0.020662 0.43834 0.73298 0.84421 0.87389 0.93498 0.92446 0.89273 0.86667 0.85057 0.83903 0.83336 0.81706 0.79843 0.77506 0.78493 0.83544 0.92317 0.97321 0.9779 0.92436
0.0048258 0.0557 -0.20185 -0.31722 0.66364 0.532 -0.45227 0.37385 -0.27443 -0.72294 -0.20468 0.98966 0.25502 -0.69704 -0.99658 -0.80258 -0.4226 0.041095 0.47766 0.80204 0.96864 0.99233 0.90701 0.62234 0.16395 -0.15237 -0.24907 -0.16266 0.093253 0.50052 0.77767 0.87782 0.90331 0.95528 0.94591 0.91778 0.89393 0.87871 0.86748 0.86162 0.84594 0.82798 0.80546 0.81407 0.86059 0.94004 0.98268 0.98626 0.94017
-0.0042465 0.020269 -0.13356 -0.14964 0.5078 0.35105 -0.66422 0.56868 -0.43213 -0.58558 -0.37074 0.97636 0.39914 -0.58822 -0.98342 -0.87174 -0.52799 -0.072548 0.3803 0.73669 0.94037 0.99762 0.94116 0.68747 0.24507 -0.07315 -0.17396 -0.089041 0.16445 0.55947 0.81826 0.90723 0.92871 0.97168 0.96367 0.93937 0.91794 0.90379 0.89304 0.88712 0.8722 0.85505 0.83353 0.84096 0.88352 0.9547 0.99003 0.99258 0.95401
-0.011105 -0.018921 -0.029444 0.038429 0.29378 0.14152 -0.82504 0.72865 -0.56742 -0.42826 -0.52284 0.93691 0.53209 -0.46887 -0.95288 -0.92624 -0.6246 -0.18384 0.27983 0.66453 0.90358 0.99422 0.96742 0.74678 0.32352 0.0055447 -0.098768 -0.015856 0.23393 0.61504 0.85468 0.93247 0.95012 0.98426 0.97781 0.95757 0.93876 0.92584 0.91573 0.90989 0.89588 0.87968 0.85928 0.86561 0.90425 0.9672 0.99532 0.99694 0.96594
-0.019276 -0.048222 0.079113 0.21085 0.050159 -0.076099 -0.92538 0.84636 -0.67514 -0.25753 -0.65679 0.87336 0.65126 -0.34177 -0.90616 -0.96577 -0.71141 -0.29148 0.17749 0.58656 0.85893 0.98249 0.98587 0.80002 0.39887 0.083233 -0.023946 0.05651 0.3014 0.66707 0.88694 0.95358 0.96761 0.9931 0.98842 0.97242 0.95642 0.94491 0.93558 0.92997 0.91701 0.90188 0.88274 0.88806 0.92283 0.9776 0.99862 0.99939 0.97599
-0.017741 -0.059533 0.16205 0.33758 -0.19309 -0.28205 -0.96069 0.91715 -0.75167 -0.080009 -0.76922 0.78824 0.75448 -0.2097 -0.84465 -0.9903 -0.78761 -0.39427 0.074497 0.50378 0.80713 0.96285 0.99667 0.84705 0.47073 0.15947 0.050091 0.1277 0.36658 0.71545 0.91505 0.97063 0.98125 0.99831 0.99559 0.984 0.97098 0.96104 0.95266 0.9474 0.93561 0.92169 0.90392 0.90832 0.93928 0.98594 1 1 0.98422
0.0033248 -0.051277 0.19874 0.39938 -0.40824 -0.45896 -0.93111 0.93915 -0.79502 0.097825 -0.85763 0.68452 0.8401 -0.075346 -0.76995 -1 -0.85257 -0.49116 -0.028016 0.41718 0.7489 0.93573 1 0.88777 0.53876 0.23385 0.12295 0.19737 0.42925 0.76009 0.93902 0.9837 0.99112 1 0.99941 0.9924 0.98252 0.9743 0.967 0.96223 0.95174 0.93914 0.92287 0.92643 0.95364 0.9923 0.99952 0.99884 0.99069
0.031123 -0.027432 0.18249 0.39 -0.57271 -0.59319 -0.84111 0.91314 -0.8047 0.2699 -0.92036 0.56544 0.90695 0.058699 -0.68375 -0.99528 -0.90585 -0.58125 -0.12898 0.32773 0.685 0.90164 0.99612 0.92212 0.60268 0.30601 0.19429 0.26523 0.48918 0.80092 0.95892 0.99288 0.99734 0.9983 1 0.9977 0.99111 0.98475 0.97867 0.97452 0.96545 0.95429 0.93961 0.94243 0.96597 0.99672 0.99726 0.99598 0.99544
0.037259 0.0043428 0.12079 0.3158 -0.67113 -0.67558 -0.69877 0.84228 -0.78166 0.43071 -0.95662 0.43443 0.95433 0.19002 -0.58785 -0.97674 -0.94721 -0.66375 -0.22742 0.23638 0.61616 0.86109 0.98532 0.95011 0.66223 0.3756 0.26376 0.331 0.5462 0.8379 0.97481 0.99828 1 0.99334 0.99747 1 0.99683 0.99246 0.98773 0.98432 0.97678 0.96717 0.9542 0.95637 0.97631 0.99926 0.99328 0.99147 0.99852
0.0086946 0.03483 0.031991 0.19335 -0.69628 -0.70187 -0.515 0.73173 -0.72813 0.57545 -0.96638 0.295 0.98199 0.31639 -0.48411 -0.94513 -0.97657 -0.73802 -0.32244 0.14402 0.54314 0.81462 0.96791 0.97179 0.71721 0.44233 0.33108 0.39444 0.60016 0.87101 0.98676 1 0.99923 0.98525 0.99195 0.9994 0.99976 0.99752 0.99426 0.99169 0.9858 0.97783 0.96667 0.96827 0.98471 1 0.98765 0.9854 1
-0.033512 0.055361 -0.060521 0.045555 -0.64915 -0.67252 -0.30259 0.58827 -0.64739 0.70014 -0.95036 0.15065 0.99011 0.4358 -0.37438 -0.90136 -0.994 -0.80354 -0.41321 0.051514 0.4667 0.76281 0.94427 0.98724 0.76747 0.50594 0.39597 0.45532 0.65091 0.90024 0.99487 0.99818 0.99515 0.97417 0.98356 0.996 1 1 0.99832 0.99672 0.99256 0.98634 0.97708 0.9782 0.99123 0.99899 0.98044 0.97783 0.99992
-0.051265 0.059845 -0.1345 -0.10265 -0.53798 -0.59234 -0.075286 0.41979 -0.54357 0.80166 -0.90994 0.0047774 0.97922 0.5465 -0.26051 -0.84642 -0.99973 -0.85995 -0.49904 -0.040323 0.38755 0.7062 0.91477 0.99659 0.81288 0.56619 0.45821 0.51346 0.69835 0.92562 0.99924 0.99295 0.98789 0.96024 0.97242 0.98992 0.99764 0.99999 1 0.99946 0.99714 0.99275 0.98547 0.9862 0.99591 0.9963 0.97172 0.96882 0.99835
-0.026055 0.046408 -0.17403 -0.22847 -0.37684 -0.46964 0.15314 0.23486 -0.42141 0.87782 -0.84701 -0.13938 0.95021 0.64697 -0.1443 -0.78144 -0.99411 -0.90698 -0.57928 -0.13074 0.30641 0.64539 0.8798 1 0.85335 0.62289 0.51757 0.56867 0.7424 0.94718 1 0.98445 0.9776 0.94361 0.95867 0.98127 0.99279 0.99757 0.99937 1 0.9996 0.99712 0.9919 0.99233 0.99881 0.99199 0.96157 0.95844 0.99533
0.022587 0.0182 -0.17252 -0.31446 -0.18363 -0.31535 0.36966 0.042276 -0.28603 0.92728 -0.76398 -0.2788 0.90428 0.73596 -0.027472 -0.70758 -0.9776 -0.94448 -0.65341 -0.21903 0.22397 0.58093 0.8398 0.99766 0.88885 0.67588 0.57388 0.62083 0.78298 0.96497 0.99726 0.97282 0.9644 0.92442 0.94244 0.97016 0.98554 0.99284 0.99652 0.99841 1 0.99952 0.99643 0.99663 1 0.98613 0.95004 0.94675 0.99093
0.054268 -0.017123 -0.13321 -0.3506 0.021945 -0.14193 0.56273 -0.14938 -0.14273 0.9496 -0.66359 -0.41077 0.84283 0.81249 0.088329 -0.62606 -0.95077 -0.97243 -0.72097 -0.30455 0.14088 0.5134 0.79517 0.98978 0.91935 0.72503 0.62699 0.66981 0.82007 0.97905 0.99116 0.95821 0.94846 0.90283 0.92387 0.95671 0.97599 0.98589 0.99153 0.99476 0.99842 1 0.99911 0.99917 0.99952 0.97877 0.93721 0.93383 0.98519
0.043346 -0.049319 -0.067326 -0.33497 0.22042 0.037613 0.72274 -0.33207 0.0032471 0.94514 -0.54884 -0.53285 0.76751 0.8758 0.20158 -0.53812 -0.91426 -0.99088 -0.78161 -0.38672 0.05777 0.44335 0.74637 0.9766 0.94487 0.77021 0.67676 0.7155 0.85362 0.98951 0.98184 0.94077 0.9299 0.87898 0.90308 0.94103 0.96425 0.97681 0.98449 0.98915 0.99494 0.99863 1 1 0.99744 0.97 0.92315 0.91974 0.97818
-0.00013371 -0.068496 0.0092021 -0.27315 0.39433 0.21072 0.84246 -0.49859 0.14689 0.91499 -0.42291 -0.64299 0.68009 0.92542 0.31087 -0.44503 -0.8688 -0.99999 -0.83505 -0.46503 -0.024779 0.37132 0.69382 0.95838 0.96544 0.81137 0.72309 0.75785 0.88363 0.99642 0.96943 0.92067 0.90889 0.85302 0.88022 0.92325 0.95043 0.9657 0.97549 0.98164 0.98962 0.99549 0.99916 0.99918 0.99382 0.95987 0.90791 0.90453 0.96995
-0.041302 -0.068178 0.079694 -0.17667 0.52961 0.36609 0.91716 -0.64287 0.28357 0.86087 -0.28905 -0.73946 0.58246 0.9611 0.41492 -0.34803 -0.81515 -1 -0.8811 -0.53901 -0.10621 0.29784 0.63796 0.93538 0.98114 0.84843 0.76589 0.79678 0.91011 0.99988 0.9541 0.89805 0.88556 0.82509 0.85541 0.90349 0.93463 0.95266 0.96461 0.97232 0.98253 0.99063 0.99666 0.99676 0.98871 0.94844 0.89157 0.88827 0.96056
-0.050221 -0.047497 0.13026 -0.060807 0.61649 0.49436 0.94474 -0.76003 0.40914 0.78507 -0.15051 -0.82091 0.47657 0.98281 0.51262 -0.24833 -0.75414 -0.99122 -0.91963 -0.60827 -0.18602 0.22341 0.57923 0.9079 0.99206 0.88139 0.8051 0.83226 0.93308 1 0.93598 0.87307 0.86006 0.79535 0.82879 0.88185 0.91696 0.93778 0.95194 0.96127 0.97377 0.98413 0.99255 0.99281 0.98218 0.93578 0.87419 0.87103 0.95005
-0.024083 -0.01167 0.15235 0.057892 0.64996 0.58851 0.92552 -0.84657 0.52008 0.69029 -0.010462 -0.88635 0.3644 0.99073 0.60297 -0.14711 -0.68661 -0.97404 -0.9506 -0.67246 -0.26372 0.14852 0.51804 0.87623 0.9983 0.91022 0.84069 0.86428 0.95258 0.99689 0.91523 0.84588 0.83255 0.76393 0.80049 0.85847 0.89751 0.92116 0.93757 0.94857 0.96338 0.97605 0.9869 0.98738 0.97429 0.92195 0.85583 0.85286 0.93848
0.014622 0.029359 0.14384 0.16389 0.6298 0.64415 0.86214 -0.90036 0.61353 0.57958 0.12809 -0.93515 0.24793 0.98522 0.68513 -0.045521 -0.61343 -0.94887 -0.97401 -0.7313 -0.3389 0.073622 0.45482 0.84066 1 0.93494 0.87263 0.89282 0.96865 0.99068 0.89201 0.81665 0.80317 0.73097 0.77064 0.83345 0.87641 0.90288 0.92158 0.93431 0.95147 0.96646 0.97977 0.98054 0.96508 0.90701 0.83655 0.83381 0.9259
0.03839 0.063835 0.10872 0.24457 0.56009 0.65953 0.75917 -0.9206 0.68733 0.45621 0.26231 -0.96702 0.12907 0.9668 0.75842 0.055375 -0.53548 -0.91621 -0.98996 -0.78457 -0.41115 -0.00084586 0.38996 0.80152 0.9973 0.95559 0.90091 0.9179 0.98135 0.98148 0.86646 0.78553 0.77206 0.69662 0.73936 0.8069 0.85374 0.88306 0.90407 0.91856 0.93808 0.95543 0.97121 0.97234 0.95463 0.89103 0.81641 0.81395 0.91237
0.034881 0.081654 0.055676 0.29154 0.44859 0.63548 0.62278 -0.90777 0.74005 0.32358 0.38965 -0.98197 0.0096954 0.93616 0.8223 0.15457 -0.45362 -0.87658 -0.99856 -0.83209 -0.48014 -0.074478 0.32388 0.75909 0.99036 0.97222 0.92555 0.93953 0.99075 0.96943 0.83876 0.75267 0.73936 0.661 0.70678 0.77894 0.82961 0.86178 0.88512 0.90141 0.92331 0.94303 0.96131 0.96284 0.94299 0.87405 0.79547 0.79333 0.89794
0.012132 0.077348 -0.0041563 0.30121 0.30573 0.57508 0.46031 -0.8635 0.77094 0.18511 0.50782 -0.98034 -0.10844 0.8941 0.87635 0.25113 -0.36872 -0.83051 -1 -0.87375 -0.54556 -0.14689 0.25693 0.7137 0.97935 0.98488 0.94658 0.95777 0.99694 0.95466 0.80904 0.71821 0.70521 0.62425 0.67302 0.74969 0.80413 0.83912 0.86481 0.88293 0.90722 0.92933 0.9501 0.9521 0.93022 0.85614 0.77379 0.77201 0.88264
-0.011701 0.051629 -0.059471 0.27479 0.14361 0.48332 0.27984 -0.79042 0.77993 0.044175 0.61484 -0.96271 -0.22368 0.84153 0.92032 0.34419 -0.28162 -0.7786 -0.99451 -0.90946 -0.60713 -0.21774 0.18949 0.66565 0.96445 0.99367 0.96404 0.97266 0.99999 0.9373 0.77746 0.68231 0.66975 0.5865 0.63819 0.71924 0.77738 0.81519 0.84323 0.86319 0.88989 0.91438 0.93766 0.94018 0.91637 0.83736 0.75142 0.75003 0.86654
-0.023006 0.011165 -0.10089 0.21762 -0.025027 0.36666 0.089803 -0.69201 0.76757 -0.095987 0.70907 -0.9299 -0.33451 0.77944 0.95406 0.43299 -0.19313 -0.72143 -0.98236 -0.9392 -0.66463 -0.2867 0.1219 0.61524 0.94586 0.99868 0.97798 0.98425 1 0.91749 0.74418 0.6451 0.63311 0.54786 0.60241 0.6877 0.74947 0.79008 0.82046 0.84229 0.87137 0.89826 0.92405 0.92713 0.90151 0.81776 0.72841 0.72745 0.84968
-0.020167 -0.03336 -0.1224 0.13816 -0.18786 0.23251 -0.10146 -0.57237 0.73496 -0.23233 0.78919 -0.88293 -0.43957 0.70888 0.97756 0.51684 -0.10405 -0.6596 -0.96384 -0.96298 -0.71786 -0.35346 0.054481 0.56278 0.92376 1 0.98846 0.99262 0.99707 0.89537 0.70933 0.60673 0.59542 0.50846 0.56579 0.65518 0.7205 0.76386 0.79658 0.82029 0.85176 0.88103 0.90932 0.91301 0.88567 0.79739 0.70481 0.70431 0.8321
-0.010479 -0.070248 -0.122 0.046695 -0.33377 0.088776 -0.28601 -0.43609 0.68369 -0.36207 0.85423 -0.823 -0.53764 0.63095 0.99091 0.59512 -0.015116 -0.59372 -0.9393 -0.98084 -0.76668 -0.41777 -0.012446 0.50856 0.89837 0.99776 0.99557 0.99784 0.99131 0.87108 0.67307 0.56734 0.55681 0.46841 0.52844 0.62177 0.69054 0.73663 0.77168 0.79726 0.83111 0.86275 0.89354 0.89788 0.86893 0.77631 0.68068 0.68066 0.81385
-0.0017399 -0.08992 -0.10163 -0.045979 -0.45354 -0.056623 -0.45664 -0.28803 0.61573 -0.4827 0.90353 -0.75145 -0.62766 0.5468 0.9943 0.66733 0.072963 -0.52439 -0.90907 -0.99289 -0.81096 -0.47939 -0.078596 0.45286 0.86989 0.99208 0.99938 1 0.98281 0.84475 0.63553 0.52705 0.51739 0.42783 0.49046 0.58757 0.6597 0.70846 0.74582 0.77328 0.80948 0.84349 0.87676 0.88179 0.85132 0.75457 0.65606 0.65655 0.79498
0.0035427 -0.087387 -0.066314 -0.12979 -0.54035 -0.19618 -0.60707 -0.13315 0.5334 -0.59206 0.93676 -0.66972 -0.70875 0.45757 0.98804 0.73302 0.15953 -0.45222 -0.87354 -0.99922 -0.85061 -0.5381 -0.1437 0.39597 0.83852 0.98309 1 0.99919 0.9717 0.81653 0.59686 0.486 0.47729 0.38682 0.45194 0.55268 0.62805 0.67945 0.71908 0.74842 0.78696 0.82331 0.85904 0.8648 0.83291 0.73221 0.631 0.63203 0.77552
0.0076255 -0.063354 -0.023022 -0.19643 -0.58999 -0.32315 -0.73219 0.023681 0.43921 -0.68833 0.95389 -0.57932 -0.78017 0.36439 0.97248 0.79185 0.24396 -0.3778 -0.83311 -1 -0.88557 -0.59371 -0.2075 0.33814 0.80448 0.97092 0.99752 0.99551 0.9581 0.78655 0.55719 0.4443 0.43661 0.34548 0.413 0.51718 0.59569 0.64966 0.69154 0.72274 0.76359 0.80226 0.84043 0.84695 0.81375 0.70929 0.60554 0.60712 0.75551
0.012731 -0.02382 0.020709 -0.24 -0.60094 -0.43182 -0.82813 0.17776 0.33586 -0.77005 0.95516 -0.48183 -0.84136 0.26839 0.94808 0.84354 0.32569 -0.30169 -0.78817 -0.99539 -0.91583 -0.64607 -0.26976 0.27965 0.76799 0.95572 0.99204 0.98907 0.94211 0.75495 0.51664 0.40207 0.39547 0.30391 0.37371 0.48116 0.5627 0.61917 0.66327 0.69632 0.73944 0.78041 0.82099 0.8283 0.79387 0.68585 0.57974 0.58189 0.735
0.017249 0.021614 0.058046 -0.25748 -0.57422 -0.51773 -0.89233 0.32476 0.22611 -0.83614 0.94107 -0.37882 -0.89192 0.17067 0.91535 0.88789 0.40421 -0.22446 -0.73913 -0.98559 -0.94137 -0.69505 -0.33029 0.22074 0.72923 0.93765 0.98369 0.97995 0.92386 0.72185 0.47536 0.35943 0.35397 0.2622 0.33416 0.4447 0.52915 0.58806 0.63433 0.66922 0.71458 0.7578 0.80077 0.80889 0.77333 0.66194 0.55362 0.55635 0.71403
0.016358 0.06223 0.083851 -0.24864 -0.51315 -0.57777 -0.92354 0.46077 0.1127 -0.88586 0.91234 -0.27187 -0.93159 0.072292 0.87483 0.92477 0.47906 -0.14663 -0.68642 -0.97082 -0.96222 -0.74052 -0.38887 0.16164 0.68844 0.91683 0.97257 0.96829 0.90347 0.6874 0.43345 0.31649 0.31221 0.22044 0.29445 0.40789 0.49512 0.5564 0.6048 0.64149 0.68905 0.73451 0.77982 0.78879 0.75218 0.6376 0.52723 0.53056 0.69262
0.0063979 0.088795 0.095276 -0.21593 -0.4229 -0.61022 -0.92176 0.5824 -0.0016698 -0.91883 0.86989 -0.16253 -0.96026 -0.025737 0.82715 0.95415 0.54983 -0.068724 -0.63044 -0.9513 -0.97843 -0.78239 -0.44533 0.10259 0.64581 0.89344 0.95881 0.95419 0.88106 0.65171 0.39103 0.27336 0.27029 0.17872 0.25464 0.3708 0.46068 0.52426 0.57473 0.61321 0.66293 0.71057 0.7582 0.76802 0.73046 0.61288 0.5006 0.50455 0.67083
-0.010804 0.095612 0.091931 -0.16387 -0.31006 -0.61473 -0.88816 0.68685 -0.11444 -0.935 0.81481 -0.052305 -0.97795 -0.12246 0.77294 0.97602 0.61615 0.0087781 -0.57163 -0.9273 -0.99007 -0.82062 -0.49953 0.043793 0.60154 0.86762 0.94253 0.93776 0.85674 0.61491 0.34823 0.23012 0.22829 0.13711 0.21482 0.33351 0.4259 0.49169 0.5442 0.58443 0.63625 0.68605 0.73594 0.74665 0.70821 0.5878 0.47378 0.47835 0.64868
-0.027429 0.081613 0.075655 -0.098506 -0.1821 -0.59223 -0.82494 0.77194 -0.22322 -0.93463 0.74832 0.057369 -0.98482 -0.21699 0.71286 0.99045 0.67772 0.085417 -0.51037 -0.89906 -0.99722 -0.85513 -0.55131 -0.014544 0.55582 0.83953 0.92385 0.91912 0.83065 0.57713 0.30514 0.18688 0.1863 0.095701 0.17506 0.29608 0.39086 0.45878 0.51325 0.5552 0.60909 0.66099 0.71311 0.72471 0.68548 0.56242 0.4468 0.452 0.6262
-0.033707 0.050325 0.049986 -0.026652 -0.046895 -0.54476 -0.7352 0.83609 -0.32584 -0.91827 0.67177 0.16514 -0.98113 -0.3085 0.6476 0.99756 0.73428 0.16076 -0.44709 -0.86685 -1 -0.88592 -0.60056 -0.072232 0.50887 0.80933 0.9029 0.89839 0.8029 0.53849 0.26187 0.14372 0.14441 0.054549 0.13543 0.25858 0.35561 0.42558 0.48196 0.52559 0.58148 0.63544 0.68975 0.70225 0.66231 0.53677 0.4197 0.42552 0.60343
-0.023967 0.0088264 0.019442 0.044791 0.087776 -0.47534 -0.62274 0.87837 -0.42038 -0.88669 0.58656 0.26974 -0.96725 -0.39624 0.57785 0.99755 0.78561 0.23442 -0.38218 -0.83096 -0.99853 -0.91296 -0.64718 -0.12909 0.46085 0.77716 0.87981 0.87569 0.77361 0.49909 0.21852 0.10074 0.10269 0.013727 0.095985 0.22109 0.32022 0.39214 0.45037 0.49563 0.55349 0.60945 0.66589 0.67931 0.63873 0.51088 0.3925 0.39896 0.5804
-0.00074091 -0.033998 -0.011239 0.10947 0.21466 -0.3877 -0.49191 0.89845 -0.50517 -0.84092 0.49417 0.37003 -0.94364 -0.47952 0.50431 0.99061 0.83156 0.30601 -0.31603 -0.79166 -0.99293 -0.93627 -0.69107 -0.18496 0.41196 0.74319 0.85471 0.85114 0.74289 0.45905 0.17519 0.058006 0.061219 -0.026701 0.056796 0.18365 0.28474 0.35853 0.41853 0.4654 0.52514 0.58307 0.64159 0.65594 0.61479 0.4848 0.36523 0.37233 0.55715
0.02577 -0.069435 -0.037792 0.16209 0.32736 -0.28612 -0.3474 0.89657 -0.57886 -0.78214 0.39609 0.46494 -0.91083 -0.55775 0.42767 0.97701 0.87199 0.37521 -0.249 -0.74925 -0.98337 -0.95587 -0.73215 -0.23968 0.36237 0.70755 0.82773 0.82484 0.71087 0.41848 0.13196 0.015602 0.020063 -0.066678 0.017917 0.14633 0.24924 0.3248 0.38651 0.43492 0.49651 0.55633 0.61689 0.63216 0.59052 0.45855 0.33793 0.34567 0.53369
0.042714 -0.090713 -0.056967 0.19881 0.42065 -0.1752 -0.19411 0.87348 -0.64037 -0.7117 0.29381 0.55357 -0.86944 -0.6304 0.3486 0.95706 0.90684 0.44171 -0.18145 -0.70399 -0.97 -0.9718 -0.77038 -0.29311 0.31224 0.67042 0.79898 0.79693 0.67764 0.37748 0.08891 -0.026402 -0.020712 -0.10615 -0.020596 0.10918 0.21376 0.29099 0.35434 0.40426 0.46762 0.52929 0.59182 0.60803 0.56597 0.43216 0.31063 0.319 0.51005
0.041246 -0.094216 -0.066862 0.21738 0.49061 -0.059631 -0.036916 0.83041 -0.68893 -0.63107 0.18883 0.63509 -0.82014 -0.69701 0.26779 0.93106 0.93605 0.50522 -0.11373 -0.65619 -0.95299 -0.98411 -0.80571 -0.34512 0.26175 0.63192 0.76861 0.76751 0.64333 0.33616 0.046131 -0.067941 -0.061045 -0.14506 -0.058693 0.072248 0.17837 0.25717 0.32208 0.37345 0.43852 0.50197 0.56643 0.58357 0.54115 0.40568 0.28334 0.29235 0.48627
0.021143 -0.079963 -0.067027 0.21726 0.53474 0.05599 0.11941 0.76899 -0.72406 -0.5418 0.082578 0.70882 -0.76363 -0.75722 0.18587 0.89938 0.95964 0.56552 -0.046175 -0.60612 -0.93252 -0.99286 -0.8381 -0.39559 0.21105 0.5922 0.73672 0.7367 0.60805 0.29459 0.0036963 -0.10895 -0.10088 -0.18336 -0.096327 0.03559 0.14309 0.22337 0.28978 0.34254 0.40925 0.47443 0.54075 0.55882 0.51611 0.37911 0.2561 0.26574 0.46237
-0.00905 -0.05133 -0.058357 0.19946 0.55198 0.16732 0.27038 0.69119 -0.74554 -0.4455 -0.023556 0.7742 -0.70067 -0.81073 0.10347 0.86239 0.97763 0.62237 0.020916 -0.55407 -0.90877 -0.99813 -0.86753 -0.44442 0.16029 0.55141 0.70346 0.70461 0.57189 0.25289 -0.038325 -0.14937 -0.14016 -0.22101 -0.13345 -0.00075065 0.10799 0.18964 0.25746 0.31157 0.37986 0.4467 0.51482 0.53382 0.49088 0.3525 0.22893 0.2392 0.43838
-0.036021 -0.014144 -0.042827 0.16634 0.54263 0.27044 0.41188 0.59925 -0.75344 -0.3438 -0.12826 0.83079 -0.63202 -0.8573 0.021199 0.82048 0.99008 0.6756 0.087245 -0.50031 -0.88192 -1 -0.89401 -0.4915 0.10961 0.50969 0.66893 0.67135 0.53496 0.21113 -0.079865 -0.18915 -0.17883 -0.25798 -0.17003 -0.036731 0.0731 0.15602 0.22518 0.28058 0.35037 0.41882 0.48868 0.50861 0.46549 0.32588 0.20186 0.21274 0.41431
