0.0029107 -0.0066243 0.047972 0.0031739 0.06318 -0.035377 0.037119 -0.19817 -0.090018 0.034262 0.068117 0.25595 -0.54356 -0.04657 -0.22431 0.04569 0.70261 0.21678 -0.76474 0.75597 -0.6359 0.61127 -0.68444 0.80067 -0.80804 0.50885 0.15826 -0.78741 0.66371 0.24272 -0.86472 0.20124 0.84721 0.026994 -0.76283 -0.75886 0.076648 0.84132 0.62431 -0.31665 -0.8937 -0.55651 0.27915 0.86246 0.7417 0.048441 -0.6765 -0.90483 -0.52001
-0.0030703 -0.012641 -0.01961 0.05372 -0.017948 -0.019536 -0.00026272 0.16975 0.053059 -0.0001443 0.60026 0.00019875 -0.65527 0.074297 0.15901 0.62551 0.553 -0.75139 0.32539 -0.002991 -0.10154 -0.0029323 0.25326 -0.60556 0.84735 -0.67833 -0.04555 0.79806 -0.63159 -0.39512 0.85702 0.11063 -0.8768 -0.46736 0.39324 0.89594 0.53977 -0.38998 -0.91063 -0.46851 0.43763 0.91284 0.61816 -0.14934 -0.7975 -0.87278 -0.34956 0.39067 0.87666
-0.011735 -0.016904 -0.058233 -0.016257 -0.046624 -0.10408 -0.12774 -0.16989 0.0195 -0.16082 0.43094 -0.10013 -0.63652 0.48192 0.70327 0.60707 -0.59209 -0.11062 0.5303 -0.65249 0.62291 -0.43205 0.067463 0.45036 -0.83752 0.68042 0.15028 -0.86358 0.41039 0.68254 -0.65467 -0.57785 0.59831 0.86312 0.30234 -0.51075 -0.91198 -0.46186 0.43885 0.91667 0.54157 -0.27152 -0.85554 -0.82361 -0.23707 0.49477 0.91128 0.77242 0.19767
0.0091514 0.0042264 -0.040579 -0.0011034 -0.020561 -0.14105 0.17925 0.19158 -0.036026 -0.1058 0.26949 0.023338 -0.36111 0.69939 0.39999 -0.57201 -0.33013 0.76383 -0.8497 0.85342 -0.81629 0.62137 -0.18053 -0.45483 0.86548 -0.54283 -0.42876 0.86013 0.035557 -0.88967 0.12465 0.89413 0.092363 -0.74994 -0.87748 -0.37235 0.45061 0.91503 0.57754 -0.27098 -0.87396 -0.78628 -0.15824 0.55907 0.92295 0.73371 0.12128 -0.54446 -0.9136
-0.005564 -0.0093027 0.022829 0.0092066 0.033141 0.13873 -0.18781 -0.029861 0.054382 -0.018205 0.36329 0.37101 0.34769 -0.075255 -0.73209 -0.30303 0.823 -0.83023 0.79353 -0.84049 0.86134 -0.65053 0.10078 0.60857 -0.86327 0.20607 0.76345 -0.58026 -0.60634 0.68851 0.59192 -0.61759 -0.80664 -0.073159 0.611 0.91568 0.59544 -0.19918 -0.84331 -0.80714 -0.14767 0.58731 0.92749 0.71212 0.096143 -0.5639 -0.92077 -0.80099 -0.29682
0.0047757 -0.020515 0.021184 0.019814 0.093203 -0.09665 0.056916 -0.1269 0.10243 -0.030576 0.64953 0.59546 0.72465 -0.74447 0.039403 0.80052 -0.79066 0.65915 -0.67983 0.82141 -0.86519 0.54589 0.15985 -0.81659 0.6704 0.32808 -0.87845 -0.07183 0.90022 0.060173 -0.89537 -0.28712 0.72319 0.87599 0.4522 -0.23514 -0.8208 -0.85411 -0.26145 0.52832 0.92561 0.71204 0.093216 -0.56303 -0.91922 -0.80875 -0.30112 0.33658 0.81262
-0.014783 0.015956 0.014609 -0.0053942 -0.088924 0.07548 0.19442 -0.066793 0.13311 -0.1941 0.69632 0.0065037 -0.30487 0.53217 0.5965 -0.8228 0.59994 -0.52584 0.65798 -0.85722 0.81233 -0.26607 -0.54768 0.87303 -0.15184 -0.81858 0.45918 0.76971 -0.4488 -0.82855 0.24323 0.91247 0.31354 -0.48323 -0.87816 -0.84547 -0.33444 0.41526 0.89953 0.77375 0.1454 -0.53953 -0.91405 -0.82517 -0.34222 0.29307 0.79365 0.93723 0.69067
0.010884 -0.036039 -0.042518 0.034907 0.048375 0.0026709 0.00028174 -0.024614 0.20322 -0.42058 -0.078271 -0.66805 -0.54434 0.087645 -0.83566 0.68344 -0.47958 0.52523 -0.7463 0.89477 -0.60152 -0.20724 0.86589 -0.52614 -0.55737 0.78654 0.40576 -0.78528 -0.53484 0.64367 0.77007 -0.25884 -0.90905 -0.71146 -0.20189 0.41154 0.87007 0.84883 0.30685 -0.43227 -0.89439 -0.84981 -0.39167 0.23618 0.75369 0.94216 0.73384 0.23404 -0.34678
0.011769 -0.0086097 -0.082526 0.062114 -0.058691 -0.037508 -0.11136 -0.0036108 0.27256 -0.28903 -0.80686 0.33341 0.7992 -0.5412 0.84615 -0.59257 0.49829 -0.65379 0.87485 -0.79435 0.1367 0.72177 -0.77434 -0.23614 0.90189 -0.0032473 -0.90667 -0.1437 0.86713 0.47521 -0.63087 -0.84121 -0.070134 0.61713 0.90503 0.85289 0.41094 -0.27477 -0.82221 -0.90099 -0.47815 0.16211 0.70623 0.94053 0.78968 0.32794 -0.26174 -0.73975 -0.94547
-0.0086665 0.018653 -0.069502 0.010489 0.071215 -0.11423 -0.11402 0.044495 0.13458 0.37626 0.28096 0.30251 -0.58911 0.75125 -0.81913 0.6186 -0.64376 0.83704 -0.88642 0.39934 0.50004 -0.88762 0.086854 0.87145 -0.34429 -0.84063 0.26109 0.91264 0.11975 -0.84493 -0.6156 0.40413 0.92372 0.72975 0.30149 -0.24748 -0.75517 -0.93496 -0.63876 0.0011201 0.6254 0.92969 0.8376 0.42128 -0.15022 -0.66023 -0.93137 -0.87145 -0.52303
0.0064025 -0.021433 -0.039126 -0.018973 0.0066156 -0.12603 -0.072474 0.12526 -0.28732 0.3221 0.55151 -0.67722 0.28926 -0.82314 0.83756 -0.74621 0.8379 -0.91231 0.58245 0.27998 -0.90735 0.35343 0.75099 -0.59195 -0.67691 0.56805 0.80255 -0.22432 -0.92172 -0.33363 0.68235 0.85668 0.17863 -0.46732 -0.81408 -0.93417 -0.731 -0.1935 0.45144 0.88485 0.88923 0.51569 -0.040719 -0.57079 -0.89819 -0.91658 -0.62585 -0.13843 0.38368
-0.017677 -0.033337 0.062373 0.011843 -0.028576 -0.10025 -0.012285 0.099888 -0.29048 -0.59085 -0.86331 0.77381 -0.089413 0.83452 -0.8897 0.88942 -0.91564 0.66274 0.090926 -0.86144 0.58136 0.58611 -0.77039 -0.47898 0.76173 0.60939 -0.52985 -0.88291 -0.035069 0.84689 0.6917 -0.23138 -0.86759 -0.89432 -0.65653 -0.2327 0.322 0.79433 0.93892 0.66065 0.099663 -0.46964 -0.85132 -0.94204 -0.72815 -0.28627 0.24719 0.69364 0.93211
-0.016232 0.041427 0.030835 -0.060376 -0.086955 -0.1101 0.023475 -0.16098 0.41869 0.27869 0.74274 -0.75559 0.034153 -0.7868 0.88736 -0.88407 0.6616 -0.0036966 -0.78853 0.73437 0.38485 -0.87204 -0.26086 0.86849 0.39969 -0.73657 -0.74248 0.24474 0.92204 0.4883 -0.48961 -0.93307 -0.55702 0.0028379 0.41937 0.76683 0.94337 0.79429 0.3239 -0.29192 -0.77485 -0.94915 -0.80712 -0.41966 0.091427 0.57113 0.88598 0.943 0.74408
-0.023264 -0.016351 -0.087704 0.13081 -0.12666 -0.18586 -0.038007 -0.2036 0.012994 0.17054 -0.50245 0.74307 -0.12228 0.61876 -0.6905 0.54434 0.0018569 -0.74198 0.83438 0.1991 -0.92494 -0.05655 0.92113 0.20086 -0.85437 -0.56138 0.5023 0.91999 0.26251 -0.67604 -0.89222 -0.24019 0.53378 0.88039 0.94022 0.81556 0.4608 -0.080895 -0.61583 -0.92484 -0.87897 -0.5402 -0.051928 0.44138 0.81001 0.9542 0.83836 0.50323 0.045932
-0.008101 0.011705 0.071845 -0.051209 -0.14187 -0.28062 -0.10665 0.2936 -0.44066 -0.48724 0.32853 -0.77828 0.33933 -0.25576 0.19655 0.14808 -0.7468 0.87561 0.034872 -0.92888 0.15738 0.92327 -0.00064085 -0.91164 -0.38258 0.68665 0.84311 0.034072 -0.81095 -0.80678 -0.015256 0.76613 0.91978 0.66811 0.36165 -0.034589 -0.49264 -0.85177 -0.9416 -0.69615 -0.21364 0.3068 0.7206 0.93589 0.90878 0.6503 0.22347 -0.24931 -0.65581
0.0071786 0.035095 -0.025757 -0.08654 -0.16382 -0.23284 0.082601 0.014117 0.60016 0.64866 -0.28262 0.83784 -0.63178 -0.2905 0.48691 -0.82233 0.88044 -0.053217 -0.90389 0.33442 0.88574 -0.18012 -0.93264 -0.21713 0.80361 0.72949 -0.20545 -0.89612 -0.68704 0.17634 0.86638 0.80829 0.22286 -0.27989 -0.58344 -0.82799 -0.95044 -0.82672 -0.44138 0.10206 0.59998 0.89421 0.94499 0.76307 0.39805 -0.059384 -0.50705 -0.82726 -0.95865
-0.00043229 0.019062 -0.063853 0.002822 -0.19526 0.07087 0.17513 -0.34529 -0.55996 -0.71764 0.37059 -0.84 0.86177 0.80437 -0.92964 0.83019 -0.063873 -0.87866 0.48391 0.8202 -0.3695 -0.91768 -0.043229 0.87508 0.60905 -0.39933 -0.93321 -0.54323 0.35251 0.91958 0.69933 -0.060347 -0.6953 -0.92121 -0.94359 -0.84405 -0.56976 -0.11837 0.39191 0.79835 0.95541 0.84638 0.53866 0.11395 -0.33616 -0.70945 -0.92804 -0.93981 -0.75494
0.026266 0.046414 0.11926 0.027278 -0.18264 0.2881 -0.25805 0.47989 0.46208 0.74048 -0.56918 0.66253 -0.81111 -0.88284 0.62711 0.042861 -0.87476 0.56653 0.73538 -0.52584 -0.8681 0.11837 0.9238 0.48927 -0.54251 -0.92685 -0.36024 0.50986 0.94162 0.58727 -0.22531 -0.8463 -0.91299 -0.69486 -0.46685 -0.15678 0.25104 0.65769 0.91711 0.92402 0.6723 0.26904 -0.17739 -0.57831 -0.85909 -0.96069 -0.86186 -0.58884 -0.20378
-0.005498 0.049884 0.034554 -0.0031539 -0.051795 -0.03605 0.058363 -0.44685 -0.40019 -0.71738 0.80905 -0.21595 0.32056 0.26775 0.33651 -0.90881 0.59399 0.67064 -0.65991 -0.79303 0.30175 0.94193 0.35019 -0.65151 -0.89532 -0.19129 0.66062 0.93515 0.46237 -0.35822 -0.90326 -0.81506 -0.31094 0.11216 0.37029 0.62946 0.86511 0.95613 0.82288 0.46617 -0.0040958 -0.44288 -0.77164 -0.94286 -0.93118 -0.73901 -0.39839 0.011758 0.41442
-0.0027443 -0.012389 -0.10935 -0.030197 0.1353 -0.23296 0.22059 0.35386 0.41439 0.60521 -0.94827 -0.41639 0.44921 0.65401 -0.95519 0.53742 0.64158 -0.73877 -0.69471 0.46321 0.93338 0.20712 -0.75525 -0.84839 -0.049875 0.77022 0.89102 0.3272 -0.48229 -0.93377 -0.73805 -0.08058 0.52859 0.80932 0.91097 0.95319 0.88686 0.64195 0.23701 -0.24398 -0.6556 -0.89872 -0.95882 -0.84228 -0.57244 -0.19915 0.21716 0.58572 0.84771
-0.0077077 -0.038161 -0.10685 -0.01166 0.11949 0.18412 -0.41061 -0.28223 -0.50994 -0.34261 0.79494 0.87808 -0.90919 -0.89786 0.3121 0.68128 -0.7778 -0.61127 0.61183 0.89315 0.025723 -0.83683 -0.77854 0.074879 0.84249 0.82972 0.15948 -0.59682 -0.94787 -0.66285 0.042789 0.69774 0.94795 0.91143 0.82214 0.6578 0.36915 -0.033319 -0.46033 -0.8024 -0.95628 -0.90806 -0.69966 -0.37519 0.014669 0.40193 0.72639 0.92071 0.96155
0.0064829 0.033798 -0.086879 0.077736 -0.089528 -0.013383 0.48659 0.27272 0.65967 -0.091342 -0.23996 -0.70886 0.48723 0.0010032 0.82078 -0.76037 -0.55607 0.70933 0.82074 -0.1528 -0.91306 -0.68881 0.21643 0.89159 0.76365 0.010304 -0.71364 -0.94523 -0.57587 0.14442 0.76941 0.94546 0.7018 0.41588 0.22764 -0.014465 -0.33805 -0.66912 -0.90208 -0.95537 -0.80663 -0.51762 -0.15502 0.2268 0.57548 0.83286 0.95922 0.92922 0.75557
-0.0037184 -0.027931 -0.10326 0.19769 -0.033256 -0.096662 -0.49897 -0.33976 -0.79039 0.59108 -0.53028 -0.13371 0.52467 0.92957 -0.6219 -0.56658 0.76967 0.74278 -0.33669 -0.95595 -0.55266 0.35558 0.93313 0.69152 -0.11241 -0.80113 -0.91476 -0.4764 0.24902 0.82096 0.92841 0.55134 0.017656 -0.3144 -0.47803 -0.65782 -0.84931 -0.95781 -0.91005 -0.67983 -0.32078 0.068779 0.43084 0.72399 0.9126 0.96536 0.87066 0.64604 0.32924
-0.010307 0.014493 -0.14009 0.19399 0.07146 0.12752 0.50371 0.4766 0.77823 -0.8819 0.96919 0.88813 -0.88974 -0.41144 -0.69652 0.77827 0.6744 -0.47696 -0.96434 -0.39287 0.52548 0.95322 0.5924 -0.22303 -0.86069 -0.87113 -0.33967 0.3567 0.86748 0.90692 0.4737 -0.17261 -0.65648 -0.84853 -0.91126 -0.95379 -0.94299 -0.80674 -0.52832 -0.13607 0.27368 0.60974 0.84341 0.95751 0.94026 0.79119 0.52378 0.18657 -0.17318
-0.034536 0.013881 -0.17964 -0.027621 -0.092278 -0.12311 -0.53508 -0.6441 -0.49403 0.65052 -0.5598 -0.58798 -0.035078 -0.82682 0.68396 0.65222 -0.58144 -0.93873 -0.2 0.68039 0.94867 0.47231 -0.35574 -0.90344 -0.82162 -0.21255 0.48578 0.90762 0.87514 0.40676 -0.25506 -0.77673 -0.95609 -0.93311 -0.89033 -0.80289 -0.62279 -0.32623 0.049391 0.4409 0.75006 0.92341 0.96543 0.88254 0.68427 0.39497 0.044108 -0.30636 -0.61365
0.011367 0.037991 -0.18823 -0.19311 0.11462 0.11534 0.60066 0.75425 -0.074376 0.11138 -0.46345 -0.53499 0.92671 0.54369 0.734 -0.6267 -0.89602 -0.023586 0.82146 0.90334 0.2954 -0.49018 -0.94187 -0.76292 -0.10222 0.59397 0.93934 0.8307 0.32813 -0.32145 -0.81987 -0.95269 -0.76972 -0.57486 -0.47223 -0.3165 -0.062134 0.26364 0.59029 0.84579 0.96209 0.93431 0.79116 0.55449 0.24718 -0.092708 -0.43025 -0.70706 -0.89415
-0.0012663 -0.097227 -0.10708 -0.018727 -0.097563 -0.11252 -0.67816 -0.67778 0.68351 -0.8369 0.97667 0.88215 -0.22233 0.82121 -0.55777 -0.86432 0.13349 0.91221 0.80587 0.093144 -0.6548 -0.95954 -0.67433 0.0056534 0.67826 0.95449 0.75261 0.23588 -0.39626 -0.85174 -0.94295 -0.65754 -0.23356 0.023388 0.1281 0.27866 0.50384 0.74126 0.91479 0.96584 0.87237 0.67145 0.40138 0.089027 -0.23852 -0.54101 -0.7869 -0.93383 -0.97031
-0.010541 -0.028087 0.072657 0.11612 0.028806 0.10853 0.71039 0.31334 -0.86844 0.72628 -0.19973 0.22017 -0.90639 -0.46264 -0.89155 0.23346 0.96461 0.67613 -0.1431 -0.80079 -0.94786 -0.55739 0.14646 0.7515 0.95494 0.67093 0.10366 -0.47965 -0.88469 -0.93148 -0.60892 -0.073088 0.3864 0.59388 0.66076 0.754 0.87821 0.96067 0.94342 0.79483 0.53814 0.23535 -0.079441 -0.383 -0.65134 -0.85112 -0.9597 -0.95712 -0.84839
0.019406 0.042181 0.18491 0.0031621 0.0677 -0.090026 -0.6112 0.27887 0.32221 0.26094 -0.89209 -0.9507 0.24103 -0.92102 0.20416 0.9832 0.52603 -0.35725 -0.92037 -0.88575 -0.37484 0.30143 0.83496 0.94198 0.59072 -0.019861 -0.58764 -0.9168 -0.91225 -0.56689 -0.012798 0.52482 0.83431 0.9241 0.94223 0.96057 0.95998 0.8811 0.69819 0.4102 0.07321 -0.24565 -0.52542 -0.7515 -0.90719 -0.97143 -0.93255 -0.7937 -0.5722
-0.030057 -0.015069 0.021845 -0.047208 -0.16283 0.040648 0.30467 -0.77927 0.58934 -0.94543 0.57306 -0.11842 0.93423 0.16255 0.98445 0.39713 -0.54723 -0.97741 -0.75514 -0.15272 0.50257 0.90589 0.90696 0.50099 -0.12903 -0.681 -0.94506 -0.88211 -0.5104 0.037312 0.57128 0.89993 0.96106 0.92212 0.90413 0.86026 0.75414 0.55533 0.27319 -0.067163 -0.39467 -0.65387 -0.83986 -0.94777 -0.96944 -0.89767 -0.73122 -0.49261 -0.20608
-0.025631 -0.097174 -0.17053 -0.055259 0.23852 0.052481 0.19219 0.74206 -0.89454 0.27077 0.74172 0.95756 -0.043971 0.98445 0.37331 -0.68226 -0.97877 -0.5756 0.1175 0.69596 0.9638 0.8387 0.36972 -0.2395 -0.75587 -0.95993 -0.82081 -0.43658 0.10333 0.60889 0.91788 0.93676 0.75428 0.6212 0.58973 0.5128 0.34644 0.093982 -0.20671 -0.51347 -0.75814 -0.90738 -0.97028 -0.94994 -0.84574 -0.66306 -0.40889 -0.11887 0.18118
0.039443 -0.13682 0.06403 0.16945 -0.28497 -0.18505 -0.68498 -0.036723 0.087675 0.85411 -0.69653 0.23677 -0.94617 0.3497 -0.72193 -0.93792 -0.35829 0.37485 0.86853 0.96674 0.70456 0.205 -0.38528 -0.82264 -0.96073 -0.75223 -0.31786 0.18654 0.65766 0.93129 0.92442 0.65526 0.31261 0.14173 0.11633 0.037062 -0.1378 -0.37607 -0.62364 -0.83214 -0.95007 -0.96992 -0.90958 -0.7769 -0.57669 -0.32379 -0.030579 0.26131 0.52874
-0.015771 -0.13547 0.16784 -0.19164 0.29146 0.31716 0.83017 -0.76495 0.8769 -0.54304 -0.71569 -0.90435 -0.34724 -0.76203 -0.90982 -0.14952 0.60859 0.96679 0.88868 0.50517 -0.033555 -0.54306 -0.89652 -0.94664 -0.67898 -0.19963 0.30946 0.71668 0.94644 0.91235 0.62079 0.17502 -0.20919 -0.36337 -0.37385 -0.43365 -0.5743 -0.74613 -0.89266 -0.96924 -0.94908 -0.8483 -0.68747 -0.47587 -0.22131 0.055754 0.3403 0.59141 0.79142
-0.045101 -0.10441 -0.26029 0.11991 -0.24032 -0.36653 -0.383 0.74332 -0.5507 -0.76523 0.6483 -0.53408 0.76458 -0.87026 -0.03966 0.7803 0.98652 0.72685 0.22376 -0.3009 -0.73249 -0.95137 -0.90566 -0.58968 -0.08682 0.42508 0.79414 0.9605 0.8912 0.59012 0.13152 -0.34291 -0.65756 -0.75809 -0.7565 -0.78812 -0.86928 -0.94649 -0.9731 -0.91557 -0.7739 -0.58176 -0.35712 -0.10798 0.15692 0.4152 0.65153 0.83103 0.94284
0.065182 -0.058293 0.077005 -0.0027361 0.10915 0.24146 -0.43882 0.22575 -0.68286 0.60771 0.82668 0.67453 0.79574 0.085852 0.85934 0.93131 0.49018 -0.085427 -0.58768 -0.89001 -0.97299 -0.82257 -0.45208 0.036498 0.52777 0.86005 0.96438 0.8572 0.5418 0.093273 -0.3823 -0.7515 -0.92208 -0.95518 -0.95218 -0.95865 -0.97395 -0.95305 -0.86743 -0.6989 -0.47136 -0.22815 0.018962 0.26476 0.501 0.70653 0.8673 0.95814 0.97503
0.019974 -0.044592 0.22375 -0.11329 0.11439 0.07163 0.90437 -0.92732 0.75397 0.79157 -0.42064 0.87525 -0.22322 0.92915 0.86289 0.22586 -0.39995 -0.81612 -0.9827 -0.91582 -0.6579 -0.27004 0.20622 0.63037 0.90985 0.95567 0.78756 0.47241 0.03386 -0.41683 -0.77696 -0.95477 -0.95487 -0.92725 -0.93533 -0.92688 -0.88534 -0.78259 -0.61181 -0.37124 -0.10236 0.1497 0.38088 0.58913 0.76749 0.89827 0.9697 0.96813 0.89554
0.026315 -0.11523 -0.41138 0.19945 -0.40451 -0.41575 -0.41334 0.25689 0.57068 -0.50294 -0.97467 -0.14943 -0.95303 0.75445 0.035626 -0.65993 -0.96123 -0.9592 -0.74419 -0.41061 -0.0018353 0.40014 0.75532 0.94763 0.93234 0.70749 0.35347 -0.048684 -0.46994 -0.79904 -0.96139 -0.92188 -0.76941 -0.70079 -0.72876 -0.71746 -0.63748 -0.48122 -0.26265 0.0051498 0.27103 0.49485 0.67984 0.82666 0.92978 0.97635 0.9573 0.87076 0.72333
-0.075296 -0.19127 0.40501 -0.23868 0.66793 0.49503 -0.60938 0.85255 -0.79622 -0.90998 -0.023973 -0.96662 -0.55698 -0.18543 -0.80815 -0.99278 -0.81036 -0.46817 -0.067122 0.30578 0.63906 0.8708 0.97262 0.8882 0.61823 0.22893 -0.17927 -0.54147 -0.8318 -0.96637 -0.90966 -0.68137 -0.42506 -0.33959 -0.38922 -0.38453 -0.28757 -0.11028 0.11699 0.36976 0.59535 0.76342 0.88279 0.95577 0.97808 0.94225 0.84198 0.68611 0.48432
-0.024332 -0.068167 -0.2648 0.21528 -0.74575 -0.12816 0.87562 -0.51614 -0.61292 0.20661 0.95181 -0.57074 0.4491 -0.93079 -0.94581 -0.56162 -0.10773 0.30114 0.63163 0.84861 0.96547 0.95602 0.79999 0.50595 0.1031 -0.309 -0.64531 -0.87291 -0.97096 -0.89719 -0.65423 -0.30291 -0.0052779 0.075624 0.010287 0.0040545 0.098536 0.26684 0.46871 0.6727 0.83177 0.92811 0.97367 0.97117 0.91727 0.80975 0.64486 0.44028 0.20719
-0.07338 0.18196 0.084965 -0.11093 0.48861 -0.43535 0.10725 -0.77445 0.7125 0.99163 0.60647 0.49119 0.97217 -0.82045 -0.32025 0.26361 0.64859 0.87733 0.98038 0.97032 0.85941 0.65339 0.3345 -0.040163 -0.43146 -0.74153 -0.92143 -0.97122 -0.87294 -0.62763 -0.26723 0.12552 0.40387 0.46583 0.39685 0.38104 0.45886 0.59502 0.74651 0.87965 0.95845 0.97841 0.95202 0.88129 0.76342 0.6009 0.39223 0.16148 -0.079977
-0.121 0.15622 0.071851 -0.088517 0.091792 0.58365 -0.95864 0.58861 0.78302 0.28367 -0.52388 0.99248 0.53001 -0.011966 0.5352 0.89238 0.99366 0.95907 0.83352 0.64993 0.40037 0.11023 -0.23617 -0.55938 -0.82316 -0.95675 -0.95184 -0.83229 -0.58022 -0.23231 0.1625 0.51874 0.73043 0.76753 0.71006 0.69056 0.74404 0.83383 0.92085 0.97342 0.97006 0.91866 0.83001 0.70457 0.53984 0.34213 0.11186 -0.12311 -0.35227
-0.059542 -0.05059 -0.18128 0.37377 -0.69755 -0.018666 0.25026 0.79389 -0.45871 -0.8222 -0.99268 0.44373 -0.39801 0.79039 0.98981 0.93751 0.76157 0.54326 0.29974 0.060162 -0.20345 -0.45886 -0.71477 -0.89538 -0.97302 -0.91614 -0.74961 -0.50778 -0.17183 0.19879 0.55025 0.80988 0.9267 0.94051 0.90925 0.89445 0.92209 0.96036 0.97937 0.95287 0.87522 0.76467 0.62863 0.46561 0.27328 0.06075 -0.16993 -0.3897 -0.58954
-0.026521 -0.092696 0.23955 -0.68517 0.8423 -0.63757 0.91284 -0.50559 -0.96759 -0.80947 -0.29608 -0.53721 -0.96059 0.97513 0.76611 0.41667 0.12313 -0.1276 -0.3537 -0.53953 -0.71775 -0.85922 -0.95967 -0.9664 -0.86091 -0.65083 -0.38062 -0.082978 0.26026 0.58116 0.83061 0.95876 0.97263 0.96979 0.97592 0.97435 0.97946 0.96886 0.92515 0.82995 0.69286 0.53978 0.37382 0.1915 -0.0093317 -0.21776 -0.43039 -0.61924 -0.77719
-0.053566 -0.13622 -0.24654 0.89675 -0.26679 0.42832 -0.40765 -0.89955 -0.012807 0.23762 0.71668 -0.99671 -0.71465 0.4545 0.058254 -0.32964 -0.56344 -0.72398 -0.8441 -0.92007 -0.97073 -0.97658 -0.9177 -0.77458 -0.53624 -0.24106 0.061231 0.34758 0.63194 0.85062 0.96545 0.95365 0.87384 0.86319 0.91224 0.93052 0.91936 0.86821 0.77351 0.62588 0.44824 0.27107 0.092932 -0.091267 -0.28339 -0.47167 -0.6516 -0.79817 -0.90629
-0.054977 0.21418 0.19741 -0.84381 -0.62098 0.46939 -0.89591 0.24985 0.95396 0.98388 0.96157 -0.56082 0.089391 -0.3647 -0.66935 -0.88177 -0.96239 -0.9916 -0.99047 -0.96187 -0.89988 -0.79799 -0.62334 -0.39005 -0.093131 0.21119 0.47932 0.70089 0.88143 0.97101 0.9453 0.80789 0.65604 0.64599 0.7369 0.77836 0.75824 0.67821 0.54795 0.36722 0.16921 -0.014046 -0.18808 -0.35906 -0.52832 -0.68412 -0.82103 -0.91843 -0.9732
0.0090901 0.1489 -0.082265 0.42054 0.90606 -0.65973 0.39091 0.99082 0.61269 0.5883 0.24679 0.34039 0.81232 -0.93189 -0.99885 -0.97273 -0.91323 -0.84545 -0.76477 -0.67707 -0.5525 -0.39751 -0.1736 0.078904 0.3597 0.60837 0.79446 0.91913 0.97623 0.93516 0.78566 0.5533 0.35774 0.35436 0.47974 0.54374 0.52149 0.42537 0.27623 0.082181 -0.11698 -0.29037 -0.44675 -0.59262 -0.72857 -0.84359 -0.93149 -0.97704 -0.97885
0.067887 -0.56325 -0.10654 0.27833 -0.1403 -0.29345 0.94395 0.18956 -0.51866 -0.44411 -0.68781 0.95287 0.94839 -0.91867 -0.7812 -0.5932 -0.47115 -0.37407 -0.27524 -0.18232 -0.051941 0.09982 0.30798 0.51838 0.72551 0.8766 0.95699 0.97564 0.91343 0.76088 0.52014 0.23239 0.022719 0.028749 0.17611 0.25819 0.23902 0.13895 -0.013175 -0.20239 -0.38607 -0.53678 -0.66532 -0.77781 -0.87388 -0.94377 -0.98073 -0.97541 -0.9279
-0.0029038 0.6035 0.36005 -0.88837 -0.84512 0.76471 -0.20692 -0.8884 -0.99858 -1 -0.98975 0.83117 0.44706 -0.37471 -0.16838 0.048232 0.15319 0.22395 0.29443 0.35591 0.45101 0.55986 0.70603 0.83551 0.93772 0.97597 0.95061 0.8739 0.71487 0.48376 0.1925 -0.10931 -0.30642 -0.2917 -0.13816 -0.045624 -0.058646 -0.15247 -0.29395 -0.46318 -0.61836 -0.73723 -0.83139 -0.90584 -0.95912 -0.9831 -0.97066 -0.91846 -0.82769
-0.20491 -0.24573 -0.63427 0.93714 0.71023 0.21509 -1 -0.70717 -0.30303 -0.56118 -0.44493 0.11357 -0.32869 0.36298 0.51256 0.65423 0.70382 0.72993 0.75782 0.7793 0.82387 0.87447 0.93856 0.97467 0.96781 0.90194 0.78939 0.64172 0.41953 0.14904 -0.15104 -0.42954 -0.59322 -0.57344 -0.43074 -0.3374 -0.34348 -0.42353 -0.54388 -0.68179 -0.79954 -0.88116 -0.93784 -0.97292 -0.98374 -0.96406 -0.90655 -0.81367 -0.68742
-0.30052 -0.26333 0.83778 -0.2535 0.47359 -0.80846 -0.14635 0.42185 0.72068 0.39614 0.44866 -0.66766 -0.89157 0.89606 0.94241 0.97834 0.98348 0.98296 0.98374 0.98087 0.98342 0.98267 0.96915 0.92227 0.82418 0.68004 0.51019 0.32275 0.074916 -0.19624 -0.46816 -0.69388 -0.81048 -0.79118 -0.67552 -0.59183 -0.59216 -0.65382 -0.74606 -0.84543 -0.92085 -0.96332 -0.9825 -0.97969 -0.95101 -0.89225 -0.79607 -0.67022 -0.51719
-0.14589 0.68711 -0.84463 -0.68884 -0.94965 -0.26731 0.93161 1 0.96498 0.98362 0.98047 -1 -0.93337 0.97531 0.95096 0.91465 0.91432 0.92204 0.92541 0.92485 0.90778 0.87638 0.80677 0.70231 0.54434 0.35652 0.16304 -0.032553 -0.27087 -0.50959 -0.72488 -0.87835 -0.9416 -0.9291 -0.85413 -0.79006 -0.78732 -0.82874 -0.88935 -0.94689 -0.97883 -0.98323 -0.9674 -0.93038 -0.86717 -0.77558 -0.64845 -0.49815 -0.32738
-0.15511 -0.92695 0.55159 1 -0.13269 0.80156 0.60567 0.35227 0.2308 0.72626 0.78601 -0.70862 -0.46678 0.59553 0.56477 0.51471 0.54458 0.58823 0.61935 0.64389 0.63119 0.59324 0.49639 0.36558 0.18366 -0.012484 -0.19843 -0.37511 -0.57552 -0.75752 -0.89812 -0.97026 -0.98055 -0.98076 -0.95631 -0.92031 -0.91804 -0.93972 -0.96826 -0.98417 -0.97462 -0.94441 -0.89795 -0.83196 -0.74052 -0.62335 -0.4737 -0.30765 -0.12799
-0.54938 1 0.025094 -0.25949 1 0.4479 -0.58283 -0.69685 -0.71349 -0.11271 0.049449 -0.0072594 0.23206 -0.041416 -0.035483 -0.056733 0.012309 0.095878 0.16204 0.21984 0.22719 0.20144 0.10457 -0.023517 -0.19656 -0.37101 -0.5252 -0.66341 -0.80674 -0.91793 -0.97637 -0.96764 -0.93063 -0.94815 -0.97947 -0.97764 -0.97958 -0.98385 -0.9824 -0.95973 -0.91311 -0.85347 -0.782 -0.69328 -0.58063 -0.44556 -0.2819 -0.10856 0.071766
-0.25339 -0.97019 -0.66868 -0.78962 -0.054322 -0.69334 -0.96122 -0.95867 -0.98736 -0.84906 -0.70497 0.68387 0.80314 -0.64701 -0.60913 -0.59641 -0.51157 -0.411 -0.32417 -0.24301 -0.21329 -0.21851 -0.29594 -0.39991 -0.53944 -0.67127 -0.77858 -0.86747 -0.94445 -0.98064 -0.95899 -0.87767 -0.80268 -0.84012 -0.92765 -0.96325 -0.97279 -0.96316 -0.93567 -0.87959 -0.80205 -0.71922 -0.62904 -0.5242 -0.39757 -0.25222 -0.082728 0.090097 0.26377
0.95505 0.89822 1 0.86622 -0.99836 -0.7089 -0.080588 -0.20203 -0.39302 -0.94897 -1 0.9973 0.98713 -0.9786 -0.95291 -0.93487 -0.87848 -0.80147 -0.7245 -0.64435 -0.6029 -0.59054 -0.63953 -0.70815 -0.80013 -0.87879 -0.93348 -0.97055 -0.98097 -0.94658 -0.85451 -0.71448 -0.61282 -0.67051 -0.81009 -0.88335 -0.90311 -0.88368 -0.83529 -0.75236 -0.65105 -0.55175 -0.44931 -0.33494 -0.20132 -0.05285 0.11498 0.28041 0.44121
0.60499 -0.82145 -0.70671 0.20325 0.075409 0.40187 0.88723 0.74681 0.5183 -0.38401 -0.68874 0.79928 0.72756 -0.92737 -0.96571 -0.98365 -1 -0.98848 -0.95666 -0.90803 -0.8739 -0.85561 -0.87721 -0.90915 -0.95008 -0.97475 -0.97926 -0.96888 -0.9199 -0.82584 -0.67832 -0.49679 -0.38028 -0.4562 -0.63971 -0.74793 -0.77941 -0.75435 -0.69081 -0.58828 -0.47078 -0.36169 -0.2532 -0.13546 -0.0012933 0.14387 0.30349 0.45575 0.59865
-1 0.75423 -0.129 -0.97225 0.99811 0.9191 0.7819 0.95942 1 0.42547 0.010309 0.21966 0.16414 -0.53817 -0.66612 -0.74868 -0.86177 -0.94274 -0.98359 -0.99332 -0.98736 -0.97887 -0.98149 -0.9832 -0.97825 -0.95582 -0.91864 -0.87001 -0.77392 -0.63527 -0.45021 -0.24556 -0.12531 -0.21538 -0.43153 -0.56944 -0.61291 -0.58606 -0.51315 -0.39842 -0.27214 -0.15953 -0.050628 0.06497 0.19406 0.33041 0.47636 0.61082 0.73204
-0.25141 -0.69415 0.91023 0.27839 0.057553 0.10511 -0.21258 0.28407 0.71258 0.94805 0.68933 -0.449 -0.45465 0.030174 -0.16794 -0.31393 -0.51559 -0.69038 -0.81406 -0.89701 -0.93532 -0.9514 -0.94702 -0.92953 -0.88974 -0.83209 -0.7653 -0.69025 -0.56212 -0.39586 -0.19192 0.018072 0.13254 0.034056 -0.20134 -0.36156 -0.41606 -0.39061 -0.31376 -0.19386 -0.065681 0.044878 0.14932 0.25813 0.37743 0.50051 0.62849 0.74171 0.83865
0.70719 0.6311 -0.91233 0.83206 -0.97466 -0.86341 -0.95676 -0.62933 -0.086366 0.88458 0.99523 -0.90669 -0.88579 0.57629 0.36869 0.1932 -0.056716 -0.29868 -0.49377 -0.6482 -0.73733 -0.78748 -0.78791 -0.76352 -0.70264 -0.62386 -0.54071 -0.45171 -0.30726 -0.1303 0.074888 0.27446 0.37573 0.27568 0.035519 -0.13816 -0.2016 -0.17993 -0.10389 0.014855 0.13888 0.24271 0.33873 0.43703 0.54285 0.64926 0.75613 0.84582 0.91699
-0.22158 -0.55507 0.025584 -0.53653 -0.32352 -0.6867 -0.6884 -0.99573 -0.80949 0.30974 0.79978 -0.97507 -0.9822 0.92804 0.79043 0.64116 0.40474 0.14422 -0.091153 -0.2983 -0.43313 -0.51901 -0.53283 -0.51226 -0.44397 -0.35786 -0.27081 -0.17928 -0.033159 0.13923 0.33039 0.50668 0.5897 0.49539 0.26502 0.087552 0.018213 0.034623 0.10597 0.21817 0.33302 0.42641 0.511 0.59603 0.6857 0.77306 0.85679 0.92173 0.96665
-0.055149 0.46224 0.90403 -0.66855 0.84751 0.36881 0.26173 -0.55311 -0.98141 -0.42463 0.22838 -0.65201 -0.73134 0.99151 0.99181 0.92712 0.77021 0.54995 0.31845 0.090774 -0.073586 -0.1884 -0.21915 -0.20959 -0.14534 -0.063578 0.01719 0.10198 0.23746 0.39272 0.55775 0.70132 0.76335 0.68202 0.47512 0.30375 0.23222 0.24277 0.30648 0.40786 0.50961 0.58987 0.66095 0.73089 0.80268 0.86962 0.92919 0.9691 0.98818
-0.030105 -0.35752 -0.81637 0.62187 0.65866 0.97533 0.94135 0.30703 -0.52771 -0.91881 -0.43489 -0.086542 -0.23974 0.76716 0.93575 0.99668 0.97165 0.84668 0.66675 0.45788 0.28826 0.15864 0.11294 0.10876 0.16107 0.23011 0.29747 0.36906 0.48465 0.61351 0.74393 0.84887 0.88927 0.82749 0.65619 0.5004 0.43077 0.43567 0.48978 0.57716 0.66302 0.72844 0.78481 0.83869 0.89177 0.93779 0.9731 0.9885 0.98288
0.051782 0.25179 -0.25701 0.57797 -0.52288 0.43692 0.74399 0.92338 0.23657 -0.93745 -0.89569 0.49878 0.31923 0.33578 0.65276 0.84885 0.98063 0.98964 0.90269 0.75172 0.60481 0.47934 0.42554 0.40928 0.44583 0.4975 0.54768 0.60257 0.69235 0.78903 0.87998 0.94375 0.9636 0.92689 0.80114 0.66952 0.60602 0.60614 0.6496 0.72092 0.78916 0.8389 0.88016 0.91776 0.95209 0.97744 0.98917 0.98129 0.95269
0.085342 -0.15331 0.98299 -0.598 -0.91505 -0.59277 -0.10161 0.8749 0.84752 -0.50169 -0.9751 0.89777 0.7694 -0.17513 0.22366 0.52846 0.80798 0.96494 0.9979 0.9367 0.83935 0.73858 0.68692 0.66387 0.68468 0.71792 0.75028 0.78771 0.84901 0.91103 0.96102 0.98404 0.9858 0.97825 0.90546 0.80531 0.752 0.74871 0.7813 0.83551 0.88538 0.9194 0.94581 0.96758 0.98376 0.98935 0.97881 0.94941 0.90001
-0.20094 0.059473 -0.35545 -0.57243 -0.019279 -0.97929 -0.84198 0.23555 0.9746 0.15734 -0.66545 0.98859 0.98507 -0.63115 -0.24622 0.11025 0.49604 0.7873 0.9477 0.99555 0.96906 0.91189 0.874 0.85179 0.85998 0.87677 0.89326 0.91475 0.94776 0.97556 0.98599 0.97114 0.95811 0.98224 0.96704 0.90408 0.86464 0.85967 0.88184 0.9188 0.95042 0.96932 0.9817 0.9886 0.98776 0.97501 0.94402 0.89527 0.82758
0.1939 0.041795 -0.75785 0.49308 0.87655 -0.34944 -0.88574 -0.54292 0.58025 0.73249 -0.10907 0.76146 0.91994 -0.92529 -0.65377 -0.32006 0.10672 0.49364 0.76827 0.92892 0.98576 0.98655 0.97346 0.96055 0.96135 0.96584 0.97025 0.97895 0.98616 0.98255 0.95712 0.90912 0.88509 0.94172 0.98598 0.96416 0.94171 0.93694 0.94968 0.97001 0.98418 0.98909 0.9887 0.98209 0.96578 0.93649 0.88724 0.8216 0.73834
-0.11452 -0.15431 0.6842 0.62078 0.61548 0.62408 -0.24342 -0.96725 -0.10157 0.98394 0.47566 0.30592 0.60873 -0.9995 -0.91945 -0.68339 -0.29178 0.13422 0.49152 0.75273 0.89477 0.96129 0.98167 0.98589 0.98548 0.983 0.98018 0.98023 0.96576 0.93524 0.87934 0.80417 0.77303 0.86132 0.9642 0.98564 0.98257 0.97992 0.98461 0.98952 0.98764 0.98007 0.96845 0.94998 0.92004 0.87629 0.81124 0.73135 0.63533
0.047773 0.24966 0.45914 -0.30858 -0.39945 0.99468 0.56354 -0.80593 -0.71904 0.82912 0.88245 -0.22997 0.14673 -0.85097 -1 -0.92064 -0.63681 -0.23649 0.15856 0.49411 0.71236 0.84479 0.9036 0.93097 0.93537 0.93158 0.92662 0.92245 0.89141 0.8396 0.75964 0.66395 0.62939 0.74692 0.90513 0.97015 0.98807 0.9893 0.98759 0.97876 0.9626 0.94432 0.92323 0.89472 0.85319 0.79721 0.71895 0.62752 0.52158
-0.029847 -0.26579 -0.78097 -0.66465 -0.90464 0.45027 0.94872 -0.18744 -0.98605 0.35376 0.98575 -0.69027 -0.34268 -0.52504 -0.89175 -1 -0.8802 -0.56805 -0.18672 0.18665 0.46254 0.65344 0.75121 0.80505 0.81926 0.81929 0.81685 0.81267 0.77054 0.70352 0.60639 0.49701 0.46227 0.60528 0.81337 0.92057 0.96021 0.9669 0.96051 0.93992 0.91157 0.8845 0.85577 0.81914 0.76813 0.70223 0.61341 0.51315 0.40006
0.047899 0.15133 -0.24787 0.049223 -0.35646 -0.48528 0.67528 0.52015 -0.80378 -0.24396 0.77074 -0.95522 -0.7418 -0.099032 -0.62575 -0.91848 -0.99338 -0.82024 -0.50345 -0.13419 0.17349 0.4087 0.54142 0.62193 0.64926 0.65708 0.66091 0.66021 0.61233 0.53617 0.42872 0.31224 0.27995 0.44354 0.69429 0.84071 0.90198 0.91537 0.90605 0.87586 0.83752 0.80364 0.76912 0.72628 0.66792 0.59441 0.49765 0.39119 0.2736
-0.073048 0.06345 0.76029 0.6286 0.56429 -1 -0.034559 0.93796 -0.27855 -0.74124 0.32288 -0.96799 -0.96516 0.33766 -0.25754 -0.69836 -0.96876 -0.9668 -0.75807 -0.43512 -0.12569 0.13454 0.29406 0.39822 0.43993 0.45801 0.47057 0.47585 0.427 0.34732 0.23596 0.11841 0.090512 0.26893 0.55374 0.7351 0.81708 0.83805 0.82744 0.78985 0.74381 0.70503 0.66651 0.6193 0.55567 0.47677 0.37462 0.26445 0.14484
0.084054 -0.24469 0.15794 0.24234 0.85273 -0.69527 -0.70393 0.87196 0.35066 -0.97219 -0.21135 -0.74053 -0.97434 0.70246 0.14575 -0.38039 -0.81789 -0.99676 -0.9271 -0.68813 -0.40791 -0.14504 0.029835 0.15177 0.20699 0.23607 0.25839 0.271 0.22508 0.14679 0.037197 -0.0762 -0.09849 0.088427 0.39774 0.60865 0.7097 0.73872 0.7283 0.68548 0.63395 0.5921 0.55124 0.50141 0.43445 0.35229 0.24712 0.13556 0.016211
-0.073584 0.24338 -0.69449 -0.44869 0.26082 0.14924 -0.92863 0.38377 0.82657 -0.87618 -0.67498 -0.34143 -0.77988 0.93395 0.51791 -0.015316 -0.56734 -0.91368 -0.99832 -0.87251 -0.65018 -0.40794 -0.23134 -0.099784 -0.033912 0.0052374 0.036878 0.056972 0.016889 -0.056048 -0.15914 -0.2641 -0.28026 -0.091455 0.23226 0.46649 0.58429 0.62145 0.61246 0.56647 0.51154 0.46829 0.4266 0.37571 0.30723 0.22375 0.11778 0.0069365 -0.1101
0.045045 -0.0464 -0.16988 -0.46718 -0.56349 0.86991 -0.60589 -0.2725 0.97604 -0.50343 -0.9456 0.12769 -0.43266 1 0.80397 0.3446 -0.25337 -0.73331 -0.97049 -0.97583 -0.83512 -0.6355 -0.47169 -0.3402 -0.26817 -0.2214 -0.18217 -0.15555 -0.18798 -0.25264 -0.34552 -0.43879 -0.44893 -0.26487 0.062978 0.31372 0.44544 0.49042 0.48384 0.43654 0.38013 0.33695 0.29574 0.24519 0.17682 0.093771 -0.011016 -0.11925 -0.23218
-0.007892 -0.17284 0.6038 0.12594 -0.82203 0.95063 0.047886 -0.79145 0.76356 0.015339 -0.96348 0.55943 -0.0085208 0.89933 0.96706 0.65279 0.083776 -0.48021 -0.85206 -0.99396 -0.95157 -0.81347 -0.67657 -0.55548 -0.48296 -0.43222 -0.38824 -0.35699 -0.38101 -0.4355 -0.51557 -0.59487 -0.59966 -0.42674 -0.10484 0.15527 0.29764 0.34976 0.34631 0.29934 0.24315 0.2013 0.16168 0.11266 0.045804 -0.035259 -0.1371 -0.24107 -0.34834
-0.025792 0.20751 0.24862 0.5003 -0.32211 0.36811 0.65806 -0.95682 0.28594 0.51863 -0.73874 0.86462 0.40943 0.65768 0.99137 0.87373 0.40506 -0.18404 -0.65903 -0.93035 -0.99476 -0.93245 -0.83507 -0.73449 -0.6678 -0.61755 -0.57243 -0.5392 -0.555 -0.59843 -0.66409 -0.72815 -0.72868 -0.57286 -0.26648 -0.0042297 0.14522 0.20348 0.20359 0.15834 0.10382 0.064333 0.027189 -0.019315 -0.083448 -0.1612 -0.25856 -0.35687 -0.45717
0.044048 -0.040458 -0.47684 0.2272 0.43883 -0.45189 0.90995 -0.72102 -0.27842 0.86475 -0.33979 0.98846 0.74695 0.32027 0.88161 0.98588 0.67687 0.12411 -0.41256 -0.79474 -0.96576 -0.98793 -0.94018 -0.86927 -0.81478 -0.76989 -0.72773 -0.69563 -0.70422 -0.73658 -0.7872 -0.8356 -0.83328 -0.69989 -0.41787 -0.16057 -0.0077891 0.055342 0.059171 0.016753 -0.03488 -0.071217 -0.1052 -0.14842 -0.20883 -0.28217 -0.37378 -0.46526 -0.55753
-0.038371 -0.13277 -0.34943 -0.28307 0.79647 -0.96652 0.7002 -0.20248 -0.73945 0.96851 0.13041 0.91713 0.9506 -0.057684 0.65973 0.98251 0.87397 0.41495 -0.13636 -0.60157 -0.87071 -0.98002 -0.98879 -0.95504 -0.91871 -0.88406 -0.84906 -0.82145 -0.82444 -0.84647 -0.88225 -0.91533 -0.91175 -0.80538 -0.55559 -0.31002 -0.15771 -0.091205 -0.083745 -0.12247 -0.17028 -0.2029 -0.23325 -0.2726 -0.32852 -0.39655 -0.48135 -0.56508 -0.64849
0.008144 0.13457 0.29717 -0.41543 0.49044 -0.87127 0.15929 0.38199 -0.95778 0.81674 0.56235 0.67513 0.99419 -0.42024 0.35989 0.87053 0.98101 0.66347 0.14557 -0.36825 -0.71969 -0.91276 -0.98135 -0.9901 -0.97702 -0.95711 -0.93329 -0.9135 -0.91294 -0.92596 -0.94779 -0.9665 -0.96336 -0.88772 -0.67691 -0.44937 -0.3013 -0.23306 -0.22229 -0.25673 -0.30002 -0.32856 -0.355 -0.39011 -0.44094 -0.50298 -0.58015 -0.65543 -0.72937
0.036122 -0.0028111 0.41528 -0.077375 -0.18654 -0.25567 -0.44048 0.81144 -0.88121 0.46246 0.86488 0.31594 0.87958 -0.71877 0.022582 0.66803 0.9928 0.8507 0.41103 -0.11349 -0.52554 -0.79343 -0.92139 -0.97555 -0.98956 -0.9882 -0.97914 -0.97024 -0.96841 -0.97415 -0.98346 -0.98924 -0.9882 -0.94609 -0.7798 -0.57596 -0.43575 -0.36753 -0.35394 -0.38375 -0.42206 -0.44636 -0.46879 -0.49944 -0.5448 -0.60036 -0.6693 -0.73562 -0.79969
-0.0742 -0.095088 -0.071326 0.30254 -0.69185 0.49631 -0.82687 0.9414 -0.5492 0.003401 0.98231 -0.091242 0.63296 -0.91759 -0.31097 0.40091 0.91356 0.96455 0.64108 0.14423 -0.30269 -0.6317 -0.81496 -0.91483 -0.9583 -0.97837 -0.98696 -0.99157 -0.99081 -0.99125 -0.98985 -0.98449 -0.98711 -0.98035 -0.86286 -0.68767 -0.55873 -0.49231 -0.47656 -0.50161 -0.53471 -0.55478 -0.57325 -0.59939 -0.63905 -0.68782 -0.74812 -0.80517 -0.85916
0.084833 0.076733 -0.38648 0.32605 -0.66946 0.95786 -0.84655 0.74463 -0.070005 -0.44696 0.90133 -0.47535 0.29779 -0.99705 -0.60372 0.09924 0.75534 1 0.82112 0.38789 -0.066 -0.43873 -0.66994 -0.81328 -0.887 -0.93026 -0.95856 -0.97872 -0.98123 -0.97845 -0.96839 -0.95388 -0.96153 -0.99103 -0.9253 -0.78292 -0.66835 -0.60552 -0.58839 -0.60874 -0.63659 -0.6526 -0.66729 -0.689 -0.72289 -0.76474 -0.81617 -0.86382 -0.90766
-0.059525 0.0093314 -0.14922 0.023326 -0.17714 0.89623 -0.51435 0.3056 0.41783 -0.78746 0.64845 -0.77549 -0.073599 -0.95401 -0.8264 -0.20628 0.53597 0.95861 0.94138 0.60293 0.17018 -0.22638 -0.49547 -0.67767 -0.78078 -0.84779 -0.89692 -0.93397 -0.94172 -0.93777 -0.9212 -0.89964 -0.91344 -0.97917 -0.96688 -0.86065 -0.76319 -0.70567 -0.68802 -0.70393 -0.72665 -0.73888 -0.75009 -0.76758 -0.79577 -0.83068 -0.87318 -0.91145 -0.94524
0.013165 -0.079408 0.23391 -0.2625 0.41233 0.37162 0.014455 -0.22097 0.78608 -0.95016 0.28005 -0.94944 -0.42849 -0.80019 -0.95974 -0.48732 0.2768 0.84762 0.99707 0.77783 0.3928 -0.0064523 -0.30126 -0.51567 -0.64576 -0.73588 -0.80596 -0.86048 -0.87508 -0.87185 -0.85092 -0.82437 -0.84518 -0.94624 -0.98785 -0.92025 -0.84226 -0.79167 -0.77442 -0.78625 -0.80412 -0.81297 -0.82108 -0.83464 -0.85731 -0.88541 -0.91907 -0.94811 -0.97206
0.020688 0.062425 0.2737 -0.26588 0.7037 -0.32822 0.5229 -0.66729 0.9485 -0.9108 -0.13155 -0.9779 -0.72097 -0.55899 -0.99524 -0.72025 0.00052331 0.67865 0.98806 0.90452 0.59071 0.20989 -0.097102 -0.33541 -0.48865 -0.60009 -0.69026 -0.76207 -0.78469 -0.78384 -0.76057 -0.73104 -0.75938 -0.89409 -0.98891 -0.96154 -0.90497 -0.86279 -0.84686 -0.8551 -0.8685 -0.87446 -0.87992 -0.88993 -0.90735 -0.92888 -0.9539 -0.97397 -0.98843
-0.013125 0.046726 -0.00294 -0.028876 0.53603 -0.85549 0.82228 -0.90493 0.87707 -0.6885 -0.51285 -0.86456 -0.91713 -0.26143 -0.9347 -0.88772 -0.27083 0.46642 0.91836 0.97842 0.75504 0.41265 0.10764 -0.14506 -0.31646 -0.44635 -0.55485 -0.643 -0.67435 -0.67722 -0.65346 -0.62275 -0.65885 -0.82481 -0.97109 -0.98475 -0.95107 -0.91862 -0.90493 -0.91015 -0.91957 -0.92315 -0.92647 -0.93336 -0.9459 -0.96117 -0.97787 -0.98935 -0.99473
-0.032093 -0.10602 -0.22669 0.19982 0.049081 -0.97343 0.81756 -0.87743 0.6016 -0.33668 -0.80183 -0.63287 -0.99792 0.058157 -0.78885 -0.97938 -0.51752 0.22727 0.79534 0.99829 0.87941 0.59332 0.30437 0.047513 -0.13611 -0.2807 -0.40493 -0.50779 -0.54808 -0.55566 -0.533 -0.50271 -0.54649 -0.7407 -0.93571 -0.9904 -0.98066 -0.95908 -0.9485 -0.95133 -0.95732 -0.95909 -0.96079 -0.96505 -0.97311 -0.98252 -0.9913 -0.99462 -0.99143
0.073036 -0.010723 -0.17862 0.22501 -0.4431 -0.65109 0.52906 -0.6075 0.19587 0.07131 -0.95682 -0.32036 -0.95974 0.36611 -0.57525 -0.99192 -0.72328 -0.022101 0.62889 0.9659 0.95995 0.74514 0.48558 0.23502 0.045759 -0.10905 -0.24573 -0.36103 -0.40999 -0.42291 -0.40266 -0.37414 -0.42521 -0.64414 -0.88435 -0.97932 -0.99413 -0.98433 -0.97767 -0.97878 -0.98192 -0.98247 -0.9831 -0.98521 -0.98926 -0.99327 -0.99459 -0.99027 -0.97905
-0.062615 0.12962 0.033829 0.059981 -0.65861 -0.052739 0.071195 -0.18125 -0.24407 0.45822 -0.96074 0.027984 -0.81305 0.63283 -0.31594 -0.92849 -0.87613 -0.26577 0.43056 0.88561 0.9952 0.86316 0.64502 0.41099 0.22302 0.062972 -0.082309 -0.20727 -0.26416 -0.28267 -0.26582 -0.24015 -0.29784 -0.53758 -0.81873 -0.95257 -0.99208 -0.99479 -0.99279 -0.99283 -0.99375 -0.99365 -0.99375 -0.99423 -0.99476 -0.99385 -0.98825 -0.97684 -0.9582
-0.0020281 -0.011769 0.17931 -0.12803 -0.50077 0.55487 -0.39695 0.28211 -0.6233 0.75721 -0.82084 0.36648 -0.57955 0.83518 -0.03495 -0.79773 -0.96865 -0.48951 0.21266 0.76381 0.98591 0.9443 0.77781 0.56991 0.39021 0.23023 0.080593 -0.050835 -0.11452 -0.13852 -0.12576 -0.10372 -0.16713 -0.42343 -0.74071 -0.91137 -0.97536 -0.99107 -0.99436 -0.99399 -0.99331 -0.99314 -0.99323 -0.99258 -0.99009 -0.98478 -0.97282 -0.95492 -0.9295
0.066311 -0.14347 0.14613 -0.18532 -0.08425 0.92413 -0.72776 0.66451 -0.8676 0.92222 -0.56483 0.65449 -0.28847 0.95796 0.24392 -0.61246 -0.99802 -0.68147 -0.012479 0.60835 0.93476 0.98724 0.88049 0.70734 0.54267 0.38816 0.23863 0.10421 0.035224 0.0061865 0.014486 0.032378 -0.035638 -0.30407 -0.65219 -0.8571 -0.94496 -0.97393 -0.98305 -0.98291 -0.98123 -0.98152 -0.9821 -0.98081 -0.97583 -0.96664 -0.94892 -0.92515 -0.8936
-0.069279 0.01448 -0.004202 -0.090256 0.35476 0.9228 -0.82911 0.87794 -0.93599 0.93327 -0.23452 0.86082 0.027339 0.99437 0.49904 -0.38828 -0.96563 -0.8326 -0.23319 0.42804 0.84599 0.99226 0.95098 0.8199 0.67658 0.53283 0.38796 0.2542 0.18169 0.14835 0.1521 0.16561 0.094269 -0.18175 -0.55511 -0.79124 -0.902 -0.9443 -0.95966 -0.96033 -0.95825 -0.95949 -0.96103 -0.95958 -0.95259 -0.94007 -0.9172 -0.88819 -0.85116
0.013689 0.15168 -0.13601 0.057558 0.59512 0.57149 -0.68506 0.88183 -0.82484 0.79671 0.1216 0.96621 0.33526 0.94568 0.71239 -0.14215 -0.87651 -0.93682 -0.43897 0.23206 0.72504 0.96108 0.9885 0.90533 0.78899 0.66102 0.52528 0.39588 0.32184 0.28517 0.28458 0.29369 0.22045 -0.058607 -0.45138 -0.71534 -0.84771 -0.90318 -0.9251 -0.92711 -0.92517 -0.92782 -0.93074 -0.92955 -0.92106 -0.90572 -0.87833 -0.84471 -0.80286
0.032392 0.0031129 -0.15305 0.13782 0.53692 0.018384 -0.35116 0.68679 -0.56421 0.54114 0.45561 0.96423 0.60608 0.82019 0.87051 0.10892 -0.73867 -0.99107 -0.62092 0.029548 0.57823 0.8966 0.99346 0.96239 0.87781 0.77021 0.64786 0.52645 0.45302 0.41422 0.40969 0.41465 0.34099 0.063398 -0.34288 -0.63094 -0.78337 -0.85167 -0.88032 -0.88416 -0.88286 -0.88732 -0.89198 -0.89146 -0.88193 -0.86431 -0.83299 -0.79538 -0.74937
-0.019477 -0.1512 -0.051453 0.10307 0.23172 -0.52879 0.06961 0.34635 -0.20853 0.21062 0.72633 0.86048 0.81644 0.63173 0.96503 0.34899 -0.5622 -0.9951 -0.77196 -0.17084 0.41233 0.80269 0.9673 0.9908 0.94181 0.8586 0.75357 0.64363 0.573 0.5334 0.52555 0.52676 0.45425 0.18247 -0.23138 -0.53963 -0.71031 -0.79092 -0.82636 -0.83243 -0.83222 -0.83884 -0.84555 -0.84606 -0.83593 -0.81652 -0.78188 -0.7409 -0.69136
-0.016079 -0.036755 0.090727 -0.00138 -0.16224 -0.88192 0.46031 -0.059545 0.17578 -0.14364 0.90376 0.67069 0.95039 0.39797 0.99265 0.56409 -0.35854 -0.95117 -0.88698 -0.36121 0.23432 0.6839 0.91235 0.99117 0.98053 0.92507 0.84083 0.74559 0.67994 0.64099 0.6306 0.62864 0.55882 0.29702 -0.11859 -0.44293 -0.62987 -0.7221 -0.76429 -0.77291 -0.77419 -0.78324 -0.79227 -0.79412 -0.7838 -0.76307 -0.72569 -0.68193 -0.62948
0.006058 0.13495 0.16811 -0.088208 -0.46521 -0.93377 0.72224 -0.44424 0.52301 -0.47129 0.97146 0.41795 0.99994 0.1386 0.95483 0.74285 -0.13967 -0.8637 -0.96284 -0.53473 0.051042 0.54528 0.83163 0.96483 0.99421 0.96909 0.90863 0.83097 0.77245 0.7356 0.72359 0.71915 0.65357 0.40564 -0.0060705 -0.34234 -0.54337 -0.64639 -0.69516 -0.70661 -0.70969 -0.7214 -0.73295 -0.73641 -0.72626 -0.70466 -0.66511 -0.61912 -0.56436
0.038752 0.076207 0.11955 -0.097774 -0.5562 -0.68384 0.79775 -0.73261 0.77891 -0.72968 0.92706 0.12963 0.96497 -0.12639 0.85715 0.87693 0.082628 -0.73875 -0.99833 -0.68572 -0.13102 0.39209 0.72869 0.91378 0.98371 0.99077 0.95647 0.8989 0.84949 0.81624 0.80357 0.79745 0.73759 0.50712 0.10472 -0.23929 -0.45213 -0.56495 -0.62006 -0.63452 -0.63967 -0.65418 -0.66842 -0.6737 -0.66406 -0.64199 -0.60079 -0.55312 -0.4966
-0.035257 -0.097844 -0.025119 -0.034576 -0.4152 -0.22649 0.67949 -0.87442 0.90811 -0.88874 0.78092 -0.16573 0.85234 -0.37818 0.70855 0.96112 0.29729 -0.58362 -0.99396 -0.80982 -0.30592 0.22966 0.60744 0.8405 0.95045 0.99067 0.98432 0.9489 0.91044 0.8822 0.86992 0.86296 0.81021 0.60046 0.21249 -0.13511 -0.35739 -0.47896 -0.54004 -0.55761 -0.56505 -0.58246 -0.59946 -0.60673 -0.59789 -0.57573 -0.53337 -0.48454 -0.42679
-0.033471 -0.10594 -0.16125 0.046893 -0.11724 0.28866 0.40633 -0.85109 0.89748 -0.93341 0.55364 -0.4412 0.6746 -0.60036 0.52033 0.99336 0.49452 -0.40636 -0.9518 -0.90397 -0.46842 0.063164 0.47202 0.74785 0.89625 0.96984 0.99257 0.9809 0.95498 0.93312 0.92225 0.91534 0.87099 0.68485 0.31605 -0.031066 -0.26037 -0.38951 -0.45612 -0.47686 -0.48671 -0.50706 -0.52686 -0.53625 -0.52846 -0.50654 -0.46349 -0.41396 -0.35548
0.06753 0.043385 -0.18429 0.087004 0.21009 0.70737 0.049007 -0.6755 0.7557 -0.86392 0.27277 -0.67373 0.44837 -0.77975 0.30527 0.97444 0.66609 -0.21531 -0.8752 -0.96638 -0.61409 -0.10249 0.32661 0.63897 0.82331 0.92967 0.98198 0.99516 0.98315 0.96889 0.96045 0.95448 0.91968 0.75966 0.41439 0.071688 -0.1622 -0.29767 -0.36931 -0.39317 -0.40551 -0.42878 -0.45137 -0.46296 -0.45642 -0.43504 -0.39174 -0.34194 -0.28319
-0.0033237 0.11096 -0.069854 0.061357 0.44225 0.91573 -0.30931 -0.38627 0.50955 -0.69411 -0.030815 -0.84573 0.19264 -0.90698 0.076697 0.90772 0.80558 -0.01877 -0.76853 -0.99649 -0.73935 -0.26281 0.17533 0.51714 0.73408 0.87188 0.95363 0.99226 0.99524 0.98967 0.98463 0.98046 0.95622 0.82443 0.50662 0.1721 -0.06394 -0.20446 -0.28053 -0.30743 -0.32229 -0.3484 -0.37372 -0.38753 -0.38241 -0.36184 -0.31866 -0.269 -0.21039
-0.065787 0.013433 0.10428 -0.0080589 0.50307 0.86752 -0.59243 -0.03822 0.19822 -0.44832 -0.32639 -0.94599 -0.072896 -0.97666 -0.15234 0.79864 0.90847 0.17541 -0.63693 -0.99485 -0.84152 -0.41378 0.022168 0.38572 0.63116 0.79839 0.90885 0.97304 0.99181 0.99585 0.9951 0.99356 0.98073 0.87887 0.59202 0.26922 0.03342 -0.11081 -0.19069 -0.22048 -0.23781 -0.26664 -0.29459 -0.31061 -0.30703 -0.28749 -0.24479 -0.19563 -0.13756
0.032183 -0.086747 0.2134 -0.072502 0.38524 0.58927 -0.74628 0.30855 -0.13342 -0.15751 -0.58634 -0.96995 -0.32934 -0.98732 -0.36977 0.65428 0.97217 0.36005 -0.48601 -0.96296 -0.91879 -0.55194 -0.12918 0.24802 0.51726 0.71131 0.84918 0.93858 0.97363 0.98801 0.99236 0.9942 0.99347 0.92283 0.66997 0.36221 0.12898 -0.017619 -0.10062 -0.1331 -0.15282 -0.1842 -0.21463 -0.23281 -0.23086 -0.21253 -0.17063 -0.1223 -0.065105
0.041575 -0.052822 0.17661 -0.089712 0.14341 0.16527 -0.74743 0.59898 -0.44138 0.14487 -0.78844 -0.91932 -0.55983 -0.94106 -0.56503 0.48279 0.99589 0.52887 -0.3216 -0.90316 -0.97019 -0.67442 -0.27531 0.10723 0.39513 0.61284 0.77631 0.8901 0.94163 0.9669 0.97703 0.98293 0.99481 0.95631 0.74 0.45035 0.22193 0.07431 -0.011103 -0.046005 -0.067987 -0.10171 -0.13444 -0.15469 -0.15443 -0.13746 -0.096635 -0.049414 0.0065864
-0.033556 0.044933 0.015033 -0.048904 -0.1326 -0.29016 -0.60424 0.79117 -0.6881 0.42675 -0.91737 -0.80135 -0.75049 -0.84309 -0.72947 0.29294 0.98053 0.67663 -0.14957 -0.81844 -0.99553 -0.77899 -0.41322 -0.033613 0.26745 0.50524 0.69203 0.82899 0.89691 0.9334 0.94988 0.96044 0.98527 0.97944 0.80177 0.53301 0.31154 0.16424 0.077157 0.040119 0.016053 -0.019771 -0.054578 -0.07679 -0.078234 -0.062738 -0.023226 0.022628 0.077161
-0.02084 0.064363 -0.16381 0.025515 -0.35179 -0.66426 -0.3517 0.86136 -0.84649 0.66057 -0.96535 -0.62766 -0.89103 -0.70111 -0.8566 0.093664 0.92845 0.79924 0.024428 -0.71231 -0.99534 -0.86397 -0.5403 -0.1717 0.13684 0.39076 0.5982 0.75672 0.84065 0.88851 0.91179 0.92748 0.96544 0.99242 0.85505 0.60967 0.39717 0.2515 0.16351 0.12466 0.098725 0.061073 0.024431 0.00041076 -0.0027237 0.011213 0.049206 0.093475 0.1463
0.015256 -0.0056067 -0.24087 0.090443 -0.45085 -0.87275 -0.041959 0.80553 -0.90209 0.82568 -0.93205 -0.413 -0.97503 -0.52459 -0.94219 -0.10639 0.8432 0.89376 0.19508 -0.58861 -0.97076 -0.92832 -0.65436 -0.30448 0.0057472 0.2716 0.4967 0.67483 0.77413 0.8333 0.86368 0.88489 0.93598 0.9956 0.8997 0.6799 0.47826 0.33551 0.24736 0.20707 0.1795 0.14032 0.10212 0.076461 0.071679 0.084003 0.12031 0.1628 0.21371
0.014933 -0.055469 -0.16497 0.10901 -0.40979 -0.87638 0.26698 0.63785 -0.85346 0.90957 -0.82385 -0.17384 -1 -0.32413 -0.98424 -0.29916 0.72934 0.95838 0.35758 -0.4514 -0.92346 -0.97153 -0.75367 -0.4297 -0.12352 0.1499 0.38939 0.5849 0.69868 0.76891 0.80655 0.83357 0.89762 0.98936 0.93569 0.74338 0.55435 0.41573 0.3282 0.28685 0.25792 0.21753 0.17805 0.15095 0.14459 0.15528 0.18975 0.23033 0.27914
0.008215 -0.020911 0.01655 0.06978 -0.25202 -0.68504 0.52204 0.38683 -0.71102 0.90829 -0.65263 0.072927 -0.96707 -0.11076 -0.98283 -0.47747 0.59208 0.99242 0.50769 -0.30477 -0.85555 -0.99359 -0.83691 -0.54542 -0.24885 0.02768 0.27809 0.48852 0.61565 0.69652 0.74146 0.77444 0.85114 0.97418 0.96309 0.79986 0.62503 0.49173 0.40556 0.36355 0.33355 0.29229 0.25184 0.22352 0.21567 0.22472 0.25726 0.29579 0.34236
-0.020049 0.040201 0.19172 -0.0088149 -0.031759 -0.3503 0.68361 0.089902 -0.49464 0.82589 -0.43434 0.31112 -0.88063 0.10466 -0.93996 -0.63522 0.43709 0.99617 0.64184 -0.15281 -0.76948 -0.99497 -0.90319 -0.65 -0.36838 -0.093188 0.16456 0.38722 0.52639 0.61731 0.66945 0.70844 0.79735 0.9506 0.98203 0.84918 0.68998 0.56311 0.47905 0.43678 0.40603 0.36425 0.32314 0.29383 0.28461 0.29206 0.32258 0.35896 0.40318
-0.028535 0.040971 0.25559 -0.089101 0.18535 0.049963 0.73058 -0.21239 -0.23054 0.6733 -0.18729 0.5263 -0.7477 0.31193 -0.8592 -0.76753 0.27021 0.97086 0.75716 0.00058732 -0.66792 -0.97654 -0.95202 -0.74213 -0.48046 -0.21097 0.050443 0.28253 0.43227 0.53247 0.59159 0.63655 0.73706 0.91918 0.99271 0.89126 0.74897 0.62957 0.54833 0.50623 0.47505 0.4331 0.39166 0.3616 0.35114 0.35702 0.38547 0.41964 0.46141
0.027204 -0.01799 0.17221 -0.13301 0.34159 0.43056 0.66174 -0.48194 0.052072 0.46663 0.069411 0.70646 -0.57732 0.50199 -0.74546 -0.87078 0.097282 0.91846 0.85146 0.15176 -0.55372 -0.93951 -0.98325 -0.82081 -0.58367 -0.32412 -0.062703 0.17589 0.33457 0.44318 0.50893 0.5597 0.67111 0.88054 0.99541 0.92607 0.80182 0.69085 0.61311 0.5716 0.54032 0.49856 0.45712 0.42658 0.41501 0.4194 0.44575 0.47766 0.51693
0.043708 -0.057064 -0.0087091 -0.11949 0.40144 0.7169 0.49386 -0.68756 0.32432 0.22534 0.31732 0.84256 -0.37986 0.66718 -0.60459 -0.94265 -0.076094 0.8416 0.92329 0.29734 -0.42981 -0.88538 -0.9971 -0.88533 -0.67685 -0.43125 -0.17345 0.068694 0.23456 0.35057 0.42251 0.47883 0.60034 0.8353 0.99044 0.95368 0.84839 0.74674 0.67316 0.63266 0.60161 0.56041 0.51931 0.48853 0.47603 0.479 0.50325 0.53288 0.56959
-0.029027 -0.023208 -0.18534 -0.052992 0.35765 0.85856 0.2572 -0.80802 0.56046 -0.02974 0.53993 0.92875 -0.16633 0.80148 -0.4431 -0.98209 -0.24469 0.74338 0.97186 0.43436 -0.29909 -0.81588 -0.99407 -0.93529 -0.75906 -0.53117 -0.28051 -0.037788 0.13345 0.25574 0.33332 0.39486 0.52554 0.78413 0.97817 0.97417 0.88864 0.7971 0.72831 0.68924 0.65875 0.61847 0.57803 0.54728 0.53401 0.53567 0.55783 0.58517 0.61931
-0.05359 0.045716 -0.26304 0.039679 0.22936 0.83634 -0.010376 -0.83359 0.74004 -0.27818 0.72356 0.96242 0.0522 0.9006 -0.26781 -0.98917 -0.40379 0.62729 0.99698 0.56021 -0.16442 -0.73292 -0.97491 -0.97053 -0.8296 -0.62287 -0.38272 -0.14236 0.032353 0.15974 0.24232 0.30867 0.44753 0.72766 0.959 0.98771 0.92256 0.84185 0.77841 0.74117 0.71159 0.67257 0.63313 0.60267 0.58882 0.58927 0.60937 0.63445 0.66601
0.022085 0.068483 -0.20404 0.12143 0.053908 0.66262 -0.26965 -0.76593 0.8493 -0.50154 0.85807 0.944 0.26522 0.96203 -0.085573 -0.96504 -0.54928 0.49706 0.99907 0.67274 -0.028551 -0.63849 -0.94061 -0.99114 -0.88799 -0.70551 -0.47907 -0.24394 -0.067665 0.063564 0.15043 0.22109 0.36708 0.66658 0.93335 0.99449 0.95019 0.88094 0.82339 0.78836 0.76002 0.72261 0.68448 0.65458 0.64032 0.63969 0.65778 0.68063 0.70963
0.056745 0.014774 -0.042691 0.1601 -0.12438 0.37591 -0.48563 -0.61683 0.88177 -0.68454 0.93711 0.8767 0.46316 0.98493 0.096973 -0.91176 -0.67771 0.35648 0.97904 0.7702 0.10595 -0.5347 -0.89233 -0.99744 -0.93394 -0.77845 -0.56868 -0.34156 -0.16564 -0.031877 0.058511 0.13291 0.28493 0.60151 0.90167 0.99474 0.97161 0.91435 0.86319 0.83075 0.80396 0.76849 0.73199 0.7029 0.68843 0.68685 0.70299 0.72365 0.75013
-0.0074198 -0.061792 0.13775 0.14049 -0.26529 0.03136 -0.63188 -0.40586 0.83813 -0.81589 0.95821 0.76601 0.63783 0.97003 0.27364 -0.83215 -0.78635 0.20939 0.93825 0.85129 0.23672 -0.42364 -0.83139 -0.98991 -0.96738 -0.84119 -0.65082 -0.43434 -0.26069 -0.12573 -0.032647 0.044897 0.20178 0.53312 0.86445 0.98874 0.98694 0.94213 0.8978 0.8683 0.84338 0.81016 0.77559 0.74758 0.73307 0.73068 0.74495 0.76349 0.78749
-0.05038 -0.081836 0.2499 0.069123 -0.34112 -0.3103 -0.69314 -0.15759 0.72545 -0.88874 0.92255 0.61925 0.78259 0.91948 0.43887 -0.72961 -0.87319 0.059507 0.87841 0.91512 0.3616 -0.30741 -0.75921 -0.96924 -0.98839 -0.89343 -0.7249 -0.52154 -0.35202 -0.21721 -0.1223 -0.042268 0.1183 0.46201 0.82215 0.97677 0.99634 0.96435 0.92723 0.90102 0.87825 0.8476 0.81524 0.78855 0.77421 0.77114 0.78363 0.80013 0.82171
-0.0093833 -0.021824 0.24417 -0.029241 -0.3411 -0.59343 -0.6661 0.10143 0.55598 -0.90072 0.83456 0.44501 0.89255 0.83657 0.58785 -0.608 -0.93691 -0.089645 0.80153 0.9612 0.4787 -0.18802 -0.67728 -0.93623 -0.99722 -0.93499 -0.79045 -0.60251 -0.43894 -0.30561 -0.20977 -0.12794 0.03511 0.38879 0.77525 0.95915 1 0.9811 0.95156 0.92893 0.9086 0.8808 0.85092 0.82579 0.81181 0.80822 0.81902 0.83355 0.85278
0.033196 0.063818 0.12836 -0.12118 -0.27134 -0.77597 -0.55861 0.34552 0.34565 -0.85365 0.70132 0.25261 0.9646 0.72556 0.71659 -0.47147 -0.97688 -0.23478 0.70986 0.98941 0.5864 -0.06743 -0.58714 -0.89181 -0.99425 -0.96584 -0.84714 -0.67673 -0.52083 -0.39031 -0.29444 -0.21153 -0.0472 0.31404 0.72425 0.93622 0.99813 0.99252 0.97084 0.95208 0.93446 0.90978 0.88264 0.85931 0.84586 0.84189 0.85112 0.86377 0.88073
0.019494 0.096312 -0.041185 -0.17631 -0.15148 -0.83468 -0.38759 0.55228 0.1125 -0.75308 0.53198 0.051586 0.99739 0.59141 0.82203 -0.3243 -0.99311 -0.37293 0.60576 0.99997 0.68331 0.052525 -0.49037 -0.83699 -0.97999 -0.98607 -0.89475 -0.74375 -0.59717 -0.47075 -0.37577 -0.29251 -0.1281 0.23831 0.66963 0.90833 0.99095 0.99877 0.98519 0.97057 0.9559 0.93458 0.91043 0.8891 0.87638 0.87218 0.87993 0.89082 0.90559
-0.0089647 0.045233 -0.18888 -0.17698 -0.0088862 -0.76685 -0.17611 0.70436 -0.125 -0.60754 0.33698 -0.14878 0.9912 0.43955 0.902 -0.17075 -0.98618 -0.50146 0.49173 0.99339 0.76836 0.17014 -0.3885 -0.77286 -0.95505 -0.9959 -0.93318 -0.80326 -0.66752 -0.54646 -0.45327 -0.3704 -0.20709 0.16213 0.61185 0.87584 0.97873 1 0.99474 0.98447 0.97298 0.95525 0.93432 0.91521 0.90338 0.8991 0.90551 0.91472 0.9274
-0.014834 -0.04654 -0.254 -0.1231 0.12759 -0.58866 0.049935 0.79063 -0.34929 -0.42776 0.12745 -0.33985 0.94783 0.27563 0.95522 -0.01501 -0.95715 -0.61814 0.37027 0.97049 0.84069 0.28385 -0.28305 -0.70055 -0.92014 -0.99563 -0.96241 -0.85502 -0.73154 -0.61702 -0.52652 -0.44479 -0.28374 0.085992 0.55139 0.83911 0.96172 0.99642 0.99962 0.99393 0.98582 0.97189 0.95437 0.93767 0.92691 0.92269 0.92787 0.93553 0.94622
-0.011524 -0.10268 -0.21446 -0.031126 0.2333 -0.33095 0.26496 0.80653 -0.54499 -0.22576 -0.085474 -0.51395 0.87033 0.10533 0.98129 0.13898 -0.90757 -0.7211 0.24385 0.93226 0.89975 0.39225 -0.1755 -0.62124 -0.87602 -0.98566 -0.98255 -0.89888 -0.78894 -0.68209 -0.59516 -0.5153 -0.35764 0.010348 0.48871 0.7985 0.9402 0.98823 1 0.99905 0.99451 0.98457 0.97066 0.95655 0.94702 0.94301 0.94708 0.95329 0.9621
-0.0051426 -0.078057 -0.091766 0.071827 0.29178 -0.033435 0.44649 0.75387 -0.69978 -0.014077 -0.29123 -0.66462 0.76283 -0.065853 0.98056 0.28757 -0.8393 -0.80889 0.11489 0.87992 0.94518 0.49412 -0.067248 -0.53608 -0.82351 -0.96647 -0.99375 -0.93478 -0.83954 -0.74141 -0.65889 -0.58162 -0.42844 -0.06437 0.42423 0.75439 0.91446 0.97566 0.99605 1 0.99919 0.99341 0.98326 0.97192 0.96378 0.96011 0.96319 0.96808 0.97511
0.014782 0.0070659 0.061915 0.15647 0.29664 0.26166 0.57728 0.64007 -0.80496 0.19504 -0.48029 -0.78679 0.63026 -0.23273 0.95411 0.42746 -0.75452 -0.88044 -0.014304 0.81484 0.97687 0.58837 0.04039 -0.44625 -0.76348 -0.9386 -0.99628 -0.96273 -0.8832 -0.79477 -0.71746 -0.64349 -0.49583 -0.13777 0.35837 0.70714 0.88478 0.95893 0.98796 0.99693 1 0.99851 0.99228 0.98385 0.97724 0.97406 0.97628 0.97995 0.98533
0.028693 0.087 0.187 0.19968 0.25137 0.51552 0.64655 0.47704 -0.85571 0.39032 -0.64451 -0.87683 0.47811 -0.39059 0.90364 0.5558 -0.6556 -0.93507 -0.14158 0.7385 0.99492 0.67412 0.14618 -0.35289 -0.69681 -0.90264 -0.99043 -0.98281 -0.91987 -0.84202 -0.77069 -0.70069 -0.55954 -0.20949 0.29155 0.6571 0.85147 0.93828 0.97592 0.99001 0.99708 1 0.99782 0.99244 0.98751 0.98494 0.98642 0.989 0.99282
0.0049506 0.10318 0.23951 0.19037 0.16747 0.69749 0.65047 0.27977 -0.85109 0.56194 -0.77743 -0.93261 0.31218 -0.53527 0.83134 0.67017 -0.54507 -0.97244 -0.26494 0.65244 0.99961 0.75062 0.249 -0.25712 -0.6244 -0.85923 -0.97659 -0.99517 -0.94953 -0.88307 -0.81843 -0.75305 -0.61934 -0.2792 0.22415 0.60464 0.81481 0.91394 0.96014 0.97941 0.99058 0.99802 1 0.99779 0.99466 0.99283 0.9937 0.9953 0.99768
-0.035857 0.046347 0.20535 0.13171 0.061499 0.78824 0.59188 0.064868 -0.7937 0.70201 -0.87442 -0.95341 0.13837 -0.66328 0.73984 0.76862 -0.42553 -0.99257 -0.38258 0.55828 0.99138 0.81732 0.34782 -0.16 -0.54716 -0.80903 -0.95517 -1 -0.97225 -0.91788 -0.86058 -0.80044 -0.67505 -0.34661 0.15652 0.55009 0.77511 0.88618 0.94082 0.96532 0.98067 0.9927 0.99893 1 0.99879 0.99782 0.99819 0.99894 1
-0.035727 -0.040981 0.10201 0.039267 -0.0482 0.78102 0.47932 -0.15084 -0.68923 0.80473 -0.93269 -0.93984 -0.037541 -0.77178 0.63206 0.84966 -0.29958 -0.99578 -0.49292 0.45765 0.97084 0.87381 0.44173 -0.062552 -0.46599 -0.75273 -0.92662 -0.99756 -0.98813 -0.94645 -0.8971 -0.84277 -0.72651 -0.41145 0.089014 0.49379 0.73265 0.85523 0.91818 0.94792 0.9675 0.98419 0.99475 0.99919 1 1 1 1 0.99986
0.013979 -0.098376 -0.03101 -0.063619 -0.14464 0.68138 0.32572 -0.3516 -0.54583 0.86655 -0.95128 -0.89373 -0.21007 -0.85865 0.51113 0.91228 -0.16979 -0.98264 -0.59457 0.35216 0.9387 0.91982 0.52993 0.034267 -0.38175 -0.69103 -0.89145 -0.98813 -0.99732 -0.96884 -0.92799 -0.87999 -0.77362 -0.47349 0.021946 0.43606 0.68772 0.82134 0.89243 0.9274 0.95126 0.97263 0.98757 0.99547 0.9984 0.99948 0.99922 0.99859 0.99735
0.051 -0.08978 -0.14799 -0.15211 -0.21461 0.50527 0.14681 -0.52383 -0.3734 0.88615 -0.93097 -0.81789 -0.37417 -0.92249 0.3803 0.95592 -0.038657 -0.954 -0.68637 0.24339 0.89579 0.95523 0.61173 0.12956 -0.29531 -0.62463 -0.85015 -0.97205 -1 -0.98514 -0.95327 -0.9121 -0.81628 -0.53253 -0.044385 0.37722 0.6406 0.78476 0.86378 0.90396 0.93212 0.95819 0.97755 0.98896 0.99411 0.99636 0.99595 0.9948 0.99258
0.025647 -0.024747 -0.21264 -0.20584 -0.25013 0.27623 -0.040622 -0.65682 -0.18285 0.8643 -0.87405 -0.71601 -0.52536 -0.96257 0.24284 0.98044 0.091474 -0.91087 -0.76738 0.13289 0.84301 0.98006 0.68654 0.22252 -0.20748 -0.55424 -0.80327 -0.94966 -0.9964 -0.99547 -0.973 -0.93909 -0.85444 -0.5884 -0.1097 0.31756 0.59157 0.74574 0.83245 0.87779 0.91024 0.94102 0.96481 0.97978 0.98722 0.99074 0.99029 0.98872 0.98563
-0.031235 0.052317 -0.20856 -0.21333 -0.24897 0.022048 -0.22022 -0.74326 0.014607 0.80363 -0.78411 -0.59239 -0.65981 -0.97878 0.10196 0.98608 0.21841 -0.85447 -0.83686 0.022114 0.78135 0.99443 0.7539 0.31237 -0.11905 -0.48055 -0.75135 -0.92137 -0.98679 -1 -0.98728 -0.96103 -0.88808 -0.64095 -0.17375 0.25735 0.5409 0.7045 0.79866 0.84907 0.8858 0.92126 0.9495 0.96807 0.97786 0.98273 0.98234 0.98046 0.97661
-0.050213 0.093566 -0.14201 -0.17391 -0.2142 -0.22871 -0.37746 -0.77944 0.2081 0.70835 -0.66582 -0.45178 -0.77441 -0.97165 -0.039227 0.97343 0.34014 -0.78613 -0.89431 -0.087562 0.71182 0.99858 0.81344 0.39846 -0.03076 -0.40423 -0.69494 -0.88756 -0.97142 -0.99891 -0.99623 -0.97798 -0.9172 -0.69006 -0.2363 0.19688 0.48885 0.6613 0.76261 0.81801 0.85897 0.89909 0.93175 0.95394 0.96615 0.97244 0.97221 0.97012 0.96561
-0.011942 0.07725 -0.037279 -0.097148 -0.15313 -0.44984 -0.50067 -0.76515 0.38765 0.58397 -0.52461 -0.29917 -0.86676 -0.9422 -0.17782 0.94341 0.45488 -0.7073 -0.93939 -0.19485 0.63548 0.99284 0.8649 0.48018 0.056695 -0.32594 -0.6346 -0.84866 -0.95062 -0.99242 -1 -0.99005 -0.94184 -0.73563 -0.29714 0.1364 0.43567 0.61635 0.72451 0.78479 0.82994 0.87465 0.91171 0.93753 0.9522 0.95998 0.96 0.9578 0.95273
0.03505 0.017659 0.072624 -5.3049e-05 -0.075744 -0.62003 -0.58172 -0.7034 0.54465 0.43686 -0.36643 -0.13963 -0.93524 -0.89193 -0.31113 0.89718 0.56106 -0.61948 -0.97198 -0.29859 0.55339 0.97763 0.90809 0.557 0.14267 -0.24633 -0.57086 -0.8051 -0.92469 -0.98074 -0.99876 -0.99734 -0.96203 -0.7776 -0.35608 0.076133 0.38159 0.56988 0.68457 0.74959 0.79886 0.84809 0.88952 0.91897 0.93612 0.94546 0.94582 0.9436 0.93806
0.039649 -0.047467 0.15654 0.096992 0.0069025 -0.72461 -0.61633 -0.59995 0.67218 0.27399 -0.19749 0.021874 -0.97894 -0.82271 -0.43674 0.83614 0.65733 -0.52424 -0.99211 -0.3977 0.46662 0.95343 0.94295 0.62848 0.22656 -0.16599 -0.50428 -0.7573 -0.89397 -0.96415 -0.99268 -1 -0.97784 -0.81592 -0.41295 0.016317 0.32685 0.52212 0.64299 0.71261 0.7659 0.81958 0.86531 0.89837 0.91805 0.92899 0.92978 0.92762 0.92171
0.0051554 -0.081284 0.19365 0.17462 0.084246 -0.75637 -0.60406 -0.4627 0.76518 0.10252 -0.023986 0.18063 -0.99766 -0.73674 -0.55253 0.76186 0.74261 -0.42312 -1 -0.49126 0.37622 0.9208 0.96946 0.69424 0.30783 -0.085511 -0.43537 -0.70571 -0.85881 -0.94289 -0.98199 -0.99818 -0.98937 -0.85055 -0.46759 -0.042842 0.27167 0.47326 0.59995 0.67401 0.73124 0.78927 0.83922 0.87587 0.89809 0.91068 0.91197 0.90996 0.90377
-0.026175 -0.068371 0.17782 0.21822 0.14745 -0.71561 -0.54796 -0.30106 0.82061 -0.070464 0.14808 0.33228 -0.99183 -0.63645 -0.6567 0.67605 0.81601 -0.3177 -0.99598 -0.57842 0.28324 0.88032 0.9877 0.75396 0.38599 -0.0054285 -0.36465 -0.65077 -0.81955 -0.91724 -0.96689 -0.99205 -0.99672 -0.88149 -0.51989 -0.10115 0.21625 0.4235 0.55566 0.63397 0.69502 0.75729 0.8114 0.85159 0.87636 0.89063 0.8925 0.89072 0.88434
-0.026629 -0.020431 0.11744 0.22046 0.19028 -0.60944 -0.45408 -0.12522 0.83735 -0.23826 0.31312 0.47291 -0.96246 -0.52441 -0.74777 0.58052 0.87691 -0.2095 -0.98052 -0.6585 0.18866 0.83265 0.99781 0.80742 0.46058 0.073744 -0.29262 -0.59291 -0.77655 -0.88749 -0.9476 -0.98178 -1 -0.90874 -0.56971 -0.15843 0.16079 0.37305 0.51028 0.59267 0.65742 0.7238 0.78197 0.82566 0.85297 0.86897 0.87147 0.86999 0.8635
-0.006424 0.033555 0.031328 0.18207 0.20947 -0.45048 -0.33072 0.054461 0.81616 -0.39478 0.46611 0.59916 -0.91108 -0.40332 -0.82458 0.47711 0.92489 -0.099979 -0.95421 -0.73089 0.093439 0.77846 1 0.85442 0.53124 0.15153 -0.21975 -0.53254 -0.73017 -0.85393 -0.92438 -0.96757 -0.99934 -0.93233 -0.61697 -0.21452 0.10549 0.32209 0.464 0.55026 0.61858 0.68895 0.75107 0.7982 0.82804 0.84578 0.84899 0.84787 0.84135
0.0099269 0.064911 -0.057294 0.11117 0.20476 -0.25525 -0.18764 0.22808 0.75943 -0.53469 0.6027 0.70826 -0.83963 -0.27587 -0.88632 0.36771 0.95974 0.0094505 -0.91772 -0.79515 -0.0015085 0.71842 0.99453 0.89487 0.59761 0.2275 -0.1465 -0.47009 -0.68076 -0.81684 -0.89745 -0.94962 -0.99489 -0.9523 -0.66158 -0.26927 0.050502 0.27079 0.41698 0.50691 0.57865 0.65286 0.71882 0.76932 0.80169 0.82119 0.82515 0.82446 0.81798
0.013264 0.060199 -0.12711 0.021212 0.17851 -0.042307 -0.035309 0.38667 0.67097 -0.65362 0.71931 0.79802 -0.75042 -0.14474 -0.93246 0.25416 0.98146 0.11747 -0.87181 -0.85091 -0.095333 0.65325 0.98171 0.9287 0.65941 0.30125 -0.073294 -0.40596 -0.62866 -0.77654 -0.86707 -0.92813 -0.98679 -0.9687 -0.70349 -0.32253 -0.0039944 0.21932 0.36939 0.46276 0.53777 0.61567 0.68535 0.73915 0.77401 0.79528 0.80004 0.79985 0.79347
0.010983 0.025974 -0.16355 -0.071722 0.13516 0.16949 0.11593 0.52262 0.55574 -0.74818 0.81316 0.8669 -0.64602 -0.012523 -0.96279 0.13829 0.99023 0.22285 -0.81729 -0.89793 -0.18724 0.58366 0.96188 0.9559 0.71642 0.37242 -0.00053583 -0.34055 -0.57424 -0.7333 -0.83348 -0.90331 -0.97521 -0.98158 -0.74263 -0.37419 -0.057852 0.16784 0.32138 0.41797 0.49609 0.57751 0.65077 0.70779 0.74511 0.76816 0.77377 0.77412 0.76792
0.0085871 -0.017192 -0.16127 -0.15192 0.080445 0.36266 0.25647 0.62996 0.4195 -0.81605 0.88232 0.91397 -0.52917 0.11831 -0.97737 0.021837 0.98637 0.32446 -0.75504 -0.93605 -0.2765 0.51034 0.93545 0.97652 0.76842 0.44068 0.071392 -0.27422 -0.51783 -0.68744 -0.79694 -0.87537 -0.96029 -0.99104 -0.77897 -0.42414 -0.11093 0.11649 0.2731 0.37267 0.45373 0.53851 0.61522 0.67536 0.7151 0.73992 0.74643 0.74736 0.74139
0.0017979 -0.046933 -0.12415 -0.2066 0.020692 0.5224 0.37804 0.7045 0.26852 -0.85593 0.9257 0.93886 -0.40275 0.24548 -0.97652 -0.093535 0.97038 0.42129 -0.68596 -0.96524 -0.36245 0.43401 0.90281 0.99066 0.81528 0.50573 0.14214 -0.20734 -0.45975 -0.63923 -0.7577 -0.84453 -0.94222 -0.99715 -0.8125 -0.47229 -0.16309 0.065425 0.22468 0.327 0.41082 0.49879 0.5788 0.64196 0.68409 0.71067 0.71809 0.71966 0.71399
-0.012349 -0.050282 -0.063184 -0.2278 -0.037934 0.63754 0.47408 0.74394 0.10931 -0.86754 0.94298 0.94178 -0.26966 0.36686 -0.96078 -0.20628 0.94286 0.51243 -0.61097 -0.98554 -0.44449 0.35533 0.8644 0.99843 0.85689 0.56734 0.21137 -0.14026 -0.40033 -0.58896 -0.716 -0.811 -0.92117 -1 -0.84319 -0.51853 -0.21422 0.014768 0.17626 0.28109 0.36749 0.45846 0.54163 0.6077 0.65216 0.68048 0.68886 0.69111 0.68578
-0.024421 -0.028779 0.0068755 -0.2133 -0.089994 0.70115 0.53999 0.74779 -0.051702 -0.85154 0.9346 0.92343 -0.13279 0.48059 -0.9309 -0.31498 0.90454 0.5971 -0.53099 -0.99706 -0.52209 0.27498 0.8207 1 0.89319 0.62528 0.2788 -0.073286 -0.33987 -0.53691 -0.6721 -0.77501 -0.8973 -0.9997 -0.87105 -0.56281 -0.26421 -0.035355 0.12796 0.23505 0.32385 0.41764 0.5038 0.57268 0.61941 0.64946 0.65882 0.66177 0.65683
-0.019355 0.0042588 0.071091 -0.16647 -0.13121 0.71068 0.57326 0.71727 -0.2084 -0.80942 0.90168 0.88496 0.0050876 0.58502 -0.88781 -0.41834 0.85624 0.67461 -0.44697 -1 -0.59478 0.19359 0.77216 0.99558 0.92414 0.67937 0.34414 -0.0067402 -0.27868 -0.48336 -0.62624 -0.73675 -0.8708 -0.99635 -0.89608 -0.60505 -0.31295 -0.08483 0.079912 0.18901 0.28001 0.37643 0.46543 0.537 0.58593 0.61769 0.62805 0.63174 0.62723
0.0052867 0.031559 0.1174 -0.095418 -0.15872 0.66779 0.57343 0.65508 -0.35518 -0.74341 0.8459 0.8279 0.1413 0.67876 -0.83258 -0.51523 0.79884 0.74442 -0.35982 -0.99463 -0.66216 0.11177 0.71927 0.98539 0.94975 0.72944 0.40715 0.059095 -0.21704 -0.42856 -0.57866 -0.69645 -0.84184 -0.99007 -0.91831 -0.64521 -0.36036 -0.13355 0.032212 0.14307 0.23609 0.33494 0.4266 0.50074 0.55181 0.58526 0.59662 0.60108 0.59705
0.031812 0.040554 0.13862 -0.011341 -0.17117 0.57785 0.54191 0.56519 -0.48712 -0.65631 0.76947 0.75411 0.27336 0.76067 -0.7664 -0.60463 0.73331 0.80607 -0.27044 -0.98126 -0.72391 0.030109 0.66251 0.96968 0.97006 0.77539 0.46761 0.12395 -0.15522 -0.37278 -0.52958 -0.65431 -0.8106 -0.98097 -0.93776 -0.68324 -0.40636 -0.18142 -0.015031 0.097334 0.19217 0.29326 0.38742 0.464 0.51715 0.55223 0.56461 0.56986 0.56634
0.036332 0.028698 0.13309 0.073293 -0.16862 0.44926 0.4818 0.45254 -0.60013 -0.55141 0.67498 0.66568 0.39901 0.82987 -0.69055 -0.68571 0.66061 0.85924 -0.1797 -0.96028 -0.77974 -0.050845 0.60236 0.94873 0.98513 0.81712 0.52532 0.18758 -0.093482 -0.31625 -0.47923 -0.61053 -0.77725 -0.96917 -0.95447 -0.71911 -0.45086 -0.22834 -0.06172 0.051901 0.14835 0.25149 0.34797 0.42687 0.48201 0.5187 0.53211 0.53816 0.53519
0.01131 0.0034781 0.10426 0.14663 -0.15241 0.29256 0.39751 0.32276 -0.69101 -0.43233 0.56535 0.56491 0.51623 0.88573 -0.60637 -0.75778 0.58179 0.90368 -0.088444 -0.93209 -0.82946 -0.13058 0.5393 0.92282 0.99507 0.85457 0.58011 0.24975 -0.032061 -0.25922 -0.42784 -0.56532 -0.74197 -0.9548 -0.96848 -0.75279 -0.49381 -0.27423 -0.10777 0.0068606 0.10473 0.20971 0.30834 0.38943 0.44648 0.48473 0.49917 0.50605 0.50364
-0.025546 -0.022046 0.059258 0.19904 -0.12484 0.11955 0.29446 0.18185 -0.75751 -0.30289 0.44369 0.45423 0.62324 0.92785 -0.51526 -0.82027 0.49785 0.93927 0.0025411 -0.89716 -0.87292 -0.20862 0.4738 0.89227 0.99998 0.88769 0.63183 0.31025 0.02881 -0.20191 -0.37561 -0.51887 -0.70494 -0.93798 -0.97985 -0.78427 -0.53515 -0.31903 -0.15309 -0.037702 0.061385 0.16801 0.26861 0.35175 0.41063 0.45041 0.46587 0.47358 0.47177
-0.045244 -0.035704 0.0071663 0.22427 -0.088921 -0.057636 0.17871 0.035932 -0.79831 -0.16697 0.31322 0.33613 0.71856 0.95607 -0.41863 -0.8728 0.40984 0.96597 0.092502 -0.85597 -0.91 -0.28451 0.40633 0.85738 1 0.91647 0.68036 0.36889 0.088918 -0.14454 -0.32275 -0.47136 -0.66631 -0.91885 -0.98862 -0.81354 -0.57483 -0.36265 -0.1976 -0.081709 0.018397 0.12646 0.22886 0.31392 0.37454 0.41578 0.43227 0.44081 0.43963
-0.03168 -0.03158 -0.042831 0.21997 -0.047984 -0.22735 0.056547 -0.10904 -0.81302 -0.028419 0.17721 0.21309 0.80099 0.97045 -0.31787 -0.9151 0.31876 0.98383 0.18074 -0.80902 -0.94068 -0.35787 0.33733 0.81849 0.9953 0.94093 0.72559 0.4255 0.14806 -0.087299 -0.26945 -0.42298 -0.62625 -0.89752 -0.99486 -0.84059 -0.61281 -0.40504 -0.24124 -0.12509 -0.024161 0.085143 0.18916 0.27599 0.33827 0.38093 0.39843 0.40782 0.40727
0.005233 -0.012054 -0.082976 0.18778 -0.0054352 -0.37917 -0.065799 -0.2475 -0.80209 0.10905 0.038874 0.087586 0.86958 0.97123 -0.21437 -0.94704 0.22562 0.99297 0.2666 -0.75685 -0.96495 -0.42832 0.26725 0.77592 0.98604 0.96109 0.76745 0.47991 0.20606 -0.030388 -0.21589 -0.37391 -0.58493 -0.87413 -0.99863 -0.86543 -0.64906 -0.44614 -0.28394 -0.16776 -0.066219 0.044126 0.14958 0.23805 0.30189 0.34592 0.36441 0.37465 0.37475
0.038149 0.013781 -0.10796 0.13272 0.035535 -0.50444 -0.18249 -0.37445 -0.76678 0.24196 -0.098704 -0.038025 0.9237 0.95886 -0.10947 -0.96861 0.13138 0.9936 0.34948 -0.7 -0.98286 -0.49554 0.19649 0.73001 0.97242 0.977 0.80586 0.53201 0.26274 0.026013 -0.16227 -0.3243 -0.5425 -0.8488 -1 -0.88807 -0.68354 -0.48591 -0.32564 -0.20968 -0.10771 0.0034731 0.11019 0.20015 0.26546 0.3108 0.33028 0.34135 0.34212
0.043915 0.034428 -0.11537 0.062388 0.072153 -0.59668 -0.2883 -0.48561 -0.70901 0.36715 -0.23261 -0.1615 0.96297 0.93392 -0.0044582 -0.97991 0.036948 0.98599 0.42886 -0.63901 -0.9945 -0.55924 0.12547 0.68109 0.95464 0.98873 0.84079 0.58166 0.31794 0.081736 -0.10873 -0.27433 -0.49912 -0.82167 -0.99905 -0.90854 -0.71624 -0.5243 -0.3663 -0.25078 -0.14858 -0.036754 0.071044 0.16236 0.22905 0.27563 0.29608 0.30799 0.30942
0.020252 0.040867 -0.10565 -0.014228 0.10221 -0.6518 -0.37887 -0.57752 -0.63126 0.48182 -0.36018 -0.28074 0.98725 0.89714 0.099439 -0.98117 -0.056785 0.97047 0.50425 -0.57442 -1 -0.61916 0.054563 0.6295 0.93292 0.99637 0.87221 0.62875 0.37153 0.13662 -0.055451 -0.22415 -0.45493 -0.79287 -0.99585 -0.92684 -0.74715 -0.56127 -0.40585 -0.29101 -0.18878 -0.076497 0.032205 0.12474 0.1927 0.24047 0.26186 0.2746 0.27671
-0.014628 0.030107 -0.081611 -0.087904 0.12415 -0.66814 -0.45075 -0.64764 -0.53648 0.58358 -0.479 -0.39385 0.99666 0.84939 0.20108 -0.97268 -0.149 0.9474 0.57521 -0.50679 -0.99952 -0.6751 -0.015869 0.57556 0.90746 1 0.90011 0.67321 0.42337 0.19052 -0.0025729 -0.17391 -0.41008 -0.7625 -0.99048 -0.943 -0.77624 -0.5968 -0.44425 -0.33032 -0.22824 -0.1157 -0.0062731 0.087332 0.15647 0.20537 0.22768 0.24123 0.24403
-0.037053 0.0060597 -0.047687 -0.15029 0.1371 -0.64637 -0.50158 -0.69432 -0.42794 0.67047 -0.58697 -0.49913 0.99152 0.79161 0.29941 -0.95485 -0.23893 0.91722 0.64139 -0.43664 -0.99324 -0.72687 -0.085485 0.5196 0.8785 0.99974 0.92449 0.71496 0.47335 0.24331 0.04976 -0.12374 -0.36469 -0.73071 -0.98302 -0.95707 -0.80353 -0.63085 -0.48148 -0.36867 -0.26693 -0.15433 -0.04434 0.050195 0.12042 0.17037 0.19357 0.20794 0.21141
-0.034633 -0.022211 -0.0091283 -0.19479 0.14084 -0.58928 -0.53003 -0.71681 -0.30913 0.74099 -0.68234 -0.59512 0.97238 0.72484 0.39345 -0.92813 -0.32588 0.88037 0.70246 -0.36452 -0.98139 -0.77432 -0.15397 0.46194 0.84626 0.99572 0.94538 0.75394 0.52137 0.29485 0.10142 -0.073778 -0.31891 -0.69761 -0.97355 -0.96907 -0.829 -0.66342 -0.5175 -0.40601 -0.3048 -0.19232 -0.081948 0.013377 0.084581 0.13553 0.1596 0.17475 0.17891
-0.012617 -0.044075 0.028789 -0.21719 0.13575 -0.50144 -0.53582 -0.71525 -0.18361 0.79411 -0.76368 -0.68057 0.93994 0.65016 0.48235 -0.89307 -0.40919 0.83736 0.75816 -0.29092 -0.96421 -0.81733 -0.22102 0.40289 0.811 0.98807 0.96281 0.7901 0.56733 0.34503 0.15227 -0.02415 -0.27286 -0.66331 -0.96216 -0.97903 -0.85266 -0.69447 -0.55227 -0.44232 -0.34181 -0.22963 -0.11905 -0.023078 0.049008 0.10088 0.12578 0.1417 0.14654
0.012644 -0.051258 0.061416 -0.21591 0.1227 -0.38879 -0.51962 -0.69054 -0.054963 0.82923 -0.82989 -0.75447 0.89505 0.56871 0.56533 -0.85024 -0.48829 0.78868 0.80829 -0.21635 -0.94196 -0.85584 -0.28637 0.34274 0.77293 0.97692 0.97683 0.82342 0.61115 0.39375 0.20222 0.025027 -0.22666 -0.62795 -0.94894 -0.98702 -0.87452 -0.72399 -0.58577 -0.47756 -0.37793 -0.26624 -0.15561 -0.059128 0.01374 0.066462 0.092174 0.10885 0.11436
0.026276 -0.040686 0.085196 -0.19201 0.10296 -0.25824 -0.48298 -0.64429 0.073369 0.84618 -0.88024 -0.81604 0.83871 0.48165 0.64173 -0.80028 -0.56267 0.73488 0.85268 -0.14129 -0.91492 -0.88977 -0.34977 0.2818 0.73231 0.96242 0.98748 0.85386 0.65278 0.44092 0.25114 0.073641 -0.18043 -0.59162 -0.93395 -0.99305 -0.8946 -0.75199 -0.61799 -0.51171 -0.41313 -0.3021 -0.19159 -0.094733 -0.021184 0.032324 0.058807 0.076209 0.082382
0.023684 -0.015417 0.097921 -0.14881 0.078087 -0.11721 -0.42815 -0.57873 0.19812 0.8452 -0.91432 -0.86476 0.77201 0.39013 0.71099 -0.74386 -0.63188 0.6765 0.89122 -0.066197 -0.88337 -0.9191 -0.41098 0.22034 0.68936 0.94474 0.99484 0.88143 0.69215 0.48644 0.29894 0.12159 -0.13427 -0.55444 -0.9173 -0.9972 -0.9129 -0.77845 -0.6489 -0.54474 -0.44738 -0.33718 -0.22696 -0.12986 -0.055726 -0.0015035 0.025715 0.043824 0.050651
0.010743 0.016593 0.098806 -0.091464 0.049765 0.0268 -0.35799 -0.49654 0.31629 0.82689 -0.93204 -0.9003 0.69614 0.29532 0.77264 -0.68166 -0.69554 0.61408 0.92385 0.0085013 -0.84763 -0.94383 -0.46981 0.15863 0.64432 0.92403 0.99899 0.90613 0.72922 0.53025 0.34554 0.16878 -0.088296 -0.51651 -0.89906 -0.9995 -0.92946 -0.80338 -0.67849 -0.57664 -0.48065 -0.37146 -0.26167 -0.16447 -0.089852 -0.034986 -0.0070686 0.011723 0.019192
-0.0028064 0.045202 0.088409 -0.026203 0.019739 0.16658 -0.27577 -0.40077 0.42521 0.79219 -0.93359 -0.92256 0.61233 0.19835 0.82634 -0.6144 -0.75333 0.54819 0.95054 0.08239 -0.80801 -0.96399 -0.52606 0.096922 0.59742 0.90044 1 0.92796 0.76394 0.57229 0.39085 0.21511 -0.042596 -0.47794 -0.87932 -1 -0.94428 -0.82678 -0.70676 -0.60738 -0.51293 -0.4049 -0.2957 -0.19853 -0.12353 -0.068092 -0.039514 -0.020066 -0.011968
-0.010502 0.061354 0.068422 0.040307 -0.010304 0.29556 -0.185 -0.29473 0.52258 0.74232 -0.91945 -0.93164 0.52187 0.10032 0.87181 -0.54278 -0.80501 0.47936 0.97131 0.15509 -0.76481 -0.97961 -0.57957 0.03547 0.54889 0.87416 0.99797 0.94695 0.7963 0.61248 0.4348 0.26052 0.0027334 -0.43884 -0.85817 -0.99876 -0.95741 -0.84864 -0.73369 -0.63695 -0.54419 -0.43748 -0.32903 -0.23202 -0.15673 -0.10079 -0.071592 -0.051516 -0.042803
-0.011937 0.059844 0.041392 0.10167 -0.038814 0.40808 -0.089334 -0.18183 0.60648 0.67872 -0.89033 -0.92782 0.42606 0.0022876 0.90888 -0.46754 -0.85036 0.40814 0.98622 0.22623 -0.71838 -0.99076 -0.63021 -0.0255 0.49896 0.84535 0.993 0.96313 0.82628 0.65079 0.47732 0.30491 0.047606 -0.39929 -0.83569 -0.99584 -0.96886 -0.86899 -0.75929 -0.66535 -0.57442 -0.46919 -0.36164 -0.2649 -0.18943 -0.13306 -0.10328 -0.082602 -0.07329
-0.010468 0.040752 0.010402 0.15236 -0.064444 0.49957 0.0076303 -0.065498 0.67542 0.60306 -0.84718 -0.91154 0.3262 -0.094736 0.93748 -0.38939 -0.88927 0.33506 0.99535 0.29548 -0.66902 -0.99752 -0.67784 -0.08577 0.44783 0.81418 0.98518 0.97654 0.85387 0.68717 0.51836 0.34823 0.091939 -0.35938 -0.81196 -0.99128 -0.97866 -0.88784 -0.78355 -0.69256 -0.60361 -0.50001 -0.39349 -0.29716 -0.2216 -0.16487 -0.13455 -0.1133 -0.10341
-0.0089003 0.009237 -0.02126 0.18815 -0.086091 0.56672 0.10245 0.050916 0.72834 0.51713 -0.79109 -0.88341 0.22359 -0.18981 0.9576 -0.30902 -0.92164 0.26065 0.99882 0.36255 -0.61706 -1 -0.72237 -0.14514 0.39573 0.78082 0.97463 0.98722 0.87906 0.7216 0.55786 0.3904 0.13566 -0.31922 -0.78706 -0.98515 -0.98685 -0.90519 -0.80647 -0.71858 -0.63174 -0.52991 -0.42457 -0.32878 -0.25322 -0.1962 -0.16537 -0.14359 -0.13313
