-0.0011403 0.016451 -0.035054 0.026977 0.086351 0.060061 -0.031205 0.10178 -0.11752 -0.35634 -0.15523 0.44727 0.6429 0.64096 -0.15404 -0.7362 0.66508 -0.18624 -0.19211 0.2823 -0.11601 -0.32465 0.79249 -0.71442 -0.26243 0.81988 0.69354 -0.17368 -0.88717 -0.29582 0.75011 0.68873 -0.3102 -0.90525 -0.44542 0.4721 0.91453 0.51764 -0.27075 -0.86017 -0.81097 -0.226 0.46935 0.88793 0.84965 0.41637 -0.19409 -0.70592 -0.93182
0.007319 0.025024 0.010213 0.071355 0.0081837 -0.098023 -0.17668 0.089175 -0.20626 -0.40342 -0.48482 -0.27278 -0.21576 -0.6108 -0.54263 0.77768 -0.39342 -0.054095 0.29976 -0.26691 -0.027881 0.55571 -0.88212 0.37978 0.7166 -0.40686 -0.90018 -0.5771 0.44069 0.8921 0.095425 -0.82207 -0.69822 0.22668 0.89268 0.68023 -0.13682 -0.82196 -0.87005 -0.30725 0.44143 0.89883 0.84504 0.3723 -0.25798 -0.75949 -0.945 -0.76565 -0.31611
0.019009 0.0012609 0.052721 0.08267 -0.085759 0.16163 -0.013146 0.032211 -0.2389 -0.24572 -0.34015 -0.58983 -0.54789 0.02059 0.8044 -0.62496 0.24259 0.077461 -0.1958 0.03631 0.37146 -0.82654 0.71052 0.25692 -0.88561 -0.39074 0.39891 0.89854 0.53774 -0.49883 -0.89869 -0.18568 0.72694 0.8534 0.14786 -0.66852 -0.92024 -0.46066 0.2794 0.84928 0.88158 0.4188 -0.23358 -0.75713 -0.94535 -0.7562 -0.28737 0.26739 0.72182
0.022798 -0.016115 0.039062 -0.027952 0.075218 -0.02178 0.03327 -0.0068983 -0.15248 0.28885 0.4955 0.57266 0.74928 0.43475 -0.82987 0.54569 -0.27511 0.092082 -0.10001 0.37068 -0.76216 0.83494 -0.10121 -0.83826 0.34923 0.9124 0.58591 -0.15841 -0.86689 -0.63557 0.34346 0.92113 0.51577 -0.3822 -0.91656 -0.68778 0.057384 0.74431 0.93117 0.56549 -0.10662 -0.70198 -0.9442 -0.77987 -0.3167 0.24735 0.71776 0.9412 0.87267
0.00031366 -0.014244 0.035532 -0.024884 -0.0065154 -0.20984 -0.0069932 -0.051395 0.178 0.46314 0.12425 -0.061752 -0.59427 -0.64796 0.82524 -0.60447 0.47192 -0.42282 0.53254 -0.78657 0.86555 -0.29836 -0.68328 0.70144 0.61732 -0.36805 -0.84698 -0.85093 -0.15861 0.73309 0.83885 0.068494 -0.75122 -0.87913 -0.27912 0.51153 0.92932 0.7303 0.1314 -0.55133 -0.92258 -0.84017 -0.40204 0.17733 0.67553 0.93229 0.8879 0.57921 0.11346
0.010702 -0.027018 0.034011 -0.0044307 -0.043309 -0.20025 -0.077293 -0.059637 0.39365 -0.43237 -0.5855 -0.36724 0.41262 0.70791 -0.85536 0.7618 -0.74405 0.77757 -0.86371 0.83245 -0.34473 -0.57433 0.83341 0.28053 -0.82637 -0.73957 -0.22098 0.44505 0.91916 0.56772 -0.3484 -0.91721 -0.65143 0.14634 0.81127 0.8915 0.39445 -0.32848 -0.83039 -0.91902 -0.56016 0.035097 0.58694 0.9076 0.91646 0.6408 0.17935 -0.31699 -0.71962
-0.021317 0.02952 -0.057636 0.042701 0.021286 -0.16405 -0.10772 0.082125 -0.19095 -0.10947 0.67783 0.58799 -0.34805 -0.66018 0.86496 -0.8814 0.87904 -0.84963 0.69836 -0.20769 -0.57005 0.87089 0.076202 -0.91377 -0.24475 0.63371 0.91252 0.81766 0.16718 -0.67258 -0.90736 -0.3349 0.50032 0.9322 0.696 0.021406 -0.65247 -0.94409 -0.75965 -0.21091 0.41245 0.84469 0.94446 0.72506 0.28858 -0.21747 -0.65713 -0.91294 -0.94057
-0.019857 -0.0041282 0.023117 -0.0015065 -0.01305 -0.17123 0.039357 0.1755 -0.33076 0.52116 -0.60322 -0.6659 0.42757 0.47044 -0.7126 0.73769 -0.59169 0.34412 0.096413 -0.69421 0.86429 0.0033224 -0.9102 0.062083 0.90569 0.67388 0.22028 -0.35923 -0.88223 -0.76543 -0.0058 0.74792 0.91073 0.42548 -0.32314 -0.85347 -0.9 -0.47765 0.12655 0.69126 0.94628 0.82996 0.43625 -0.078421 -0.55483 -0.8681 -0.95545 -0.81036 -0.48395
0.0040876 0.027524 -0.0055894 -0.11612 -0.071687 -0.18438 0.25838 -0.17487 0.53775 -0.6751 0.53997 0.64895 -0.6196 -0.081675 0.25935 -0.16796 -0.16933 0.53421 -0.85505 0.77588 0.062474 -0.90455 0.19882 0.91956 0.21391 -0.58105 -0.86873 -0.91717 -0.50405 0.3042 0.88887 0.79317 0.13872 -0.58906 -0.9395 -0.7596 -0.19223 0.45346 0.86185 0.92929 0.63261 0.12052 -0.40259 -0.79009 -0.9549 -0.87684 -0.59061 -0.1814 0.25799
0.022113 0.024002 0.034303 -0.033089 -0.10905 -0.1214 -0.019951 -0.083384 -0.4409 0.69812 -0.56056 -0.51801 0.81877 -0.46052 0.42826 -0.60989 0.85388 -0.87961 0.53769 0.28809 -0.91657 0.21229 0.90347 -0.031235 -0.87345 -0.82344 -0.53433 -0.06395 0.59531 0.93951 0.62073 -0.1283 -0.77324 -0.93067 -0.56115 0.081992 0.67315 0.94626 0.83405 0.39971 -0.16308 -0.65157 -0.92044 -0.93161 -0.71081 -0.33187 0.1168 0.52619 0.82286
-0.030442 0.0016024 -0.051045 0.062591 -0.10235 0.020115 -0.35341 0.30491 0.25983 -0.70683 0.66272 0.21725 -0.82408 0.87627 -0.9002 0.89116 -0.60911 0.064971 0.60916 -0.89795 0.10711 0.90572 -0.11605 -0.9247 -0.49582 0.22416 0.57878 0.86236 0.89956 0.41037 -0.35818 -0.88468 -0.85868 -0.34869 0.32779 0.82296 0.94157 0.66216 0.16908 -0.40182 -0.81419 -0.95825 -0.82928 -0.49695 -0.05956 0.37707 0.73069 0.92934 0.95116
0.0023528 0.037376 -0.03722 0.083649 -0.005004 0.08975 0.3477 -0.38271 -0.13199 0.74254 -0.77969 0.25771 0.42792 -0.72831 0.57711 -0.16667 -0.4736 0.88136 -0.74326 -0.16022 0.92485 -0.086574 -0.93094 -0.31635 0.62578 0.93833 0.90428 0.69634 0.1441 -0.55755 -0.93737 -0.74902 -0.14248 0.52193 0.9126 0.884 0.4885 -0.088176 -0.58681 -0.90926 -0.93029 -0.67943 -0.26708 0.19225 0.59567 0.86565 0.96419 0.88226 0.6479
0.024744 0.0087598 0.063392 0.058766 0.16407 0.037679 -0.058197 0.37209 0.10527 -0.77545 0.77418 -0.73691 0.31806 -0.096628 0.42607 -0.82128 0.86361 -0.32786 -0.52746 0.89921 0.054573 -0.92778 -0.27334 0.74767 0.87291 0.43866 0.13977 -0.24806 -0.74369 -0.9436 -0.61983 0.046258 0.6699 0.94871 0.78967 0.31052 -0.28014 -0.75319 -0.95158 -0.8616 -0.51879 -0.04677 0.40938 0.75813 0.94214 0.94141 0.7684 0.46859 0.097585
0.019932 -0.012075 0.10212 0.012072 0.17544 -0.052737 -0.24928 -0.35156 -0.19064 0.71431 -0.48323 0.85024 -0.87662 0.87875 -0.91645 0.58125 0.23154 -0.85814 0.72057 0.33956 -0.90193 -0.33115 0.76621 0.79857 0.032097 -0.55797 -0.75715 -0.91492 -0.89561 -0.46941 0.21333 0.77866 0.94786 0.68072 0.13452 -0.44232 -0.84825 -0.95328 -0.77306 -0.35887 0.13893 0.58285 0.86849 0.96437 0.87374 0.63026 0.28034 -0.10338 -0.46407
0.014471 -0.019654 0.075053 -0.025745 -0.10533 -0.064436 0.45583 0.36856 0.37888 -0.44197 -0.12187 -0.30669 0.56433 -0.57078 0.037127 0.66338 -0.90272 0.27944 0.68085 -0.77546 -0.48017 0.722 0.79037 -0.11781 -0.82577 -0.94253 -0.88483 -0.71902 -0.26734 0.37241 0.85571 0.92237 0.56711 -0.019025 -0.57951 -0.90933 -0.92482 -0.64305 -0.21324 0.29585 0.70676 0.93229 0.94584 0.77624 0.47322 0.10047 -0.28592 -0.61581 -0.85024
0.03006 0.029646 0.05604 0.0076472 -0.15759 0.15361 -0.56831 -0.43681 -0.61593 -0.07921 0.73347 -0.58675 0.46357 -0.58989 0.92795 -0.67659 -0.2805 0.91848 -0.47255 -0.71346 0.60096 0.8325 -0.12354 -0.88365 -0.81538 -0.41498 -0.21766 0.073326 0.55162 0.91177 0.8808 0.45513 -0.15235 -0.68246 -0.94477 -0.87856 -0.53435 -0.03778 0.42167 0.79643 0.95946 0.89907 0.66244 0.31493 -0.074757 -0.44055 -0.73707 -0.91771 -0.96936
0.025644 0.004778 0.064499 0.09751 0.16328 -0.1566 0.62332 0.53519 0.76751 0.65438 -0.77544 0.86915 -0.88682 0.81422 -0.18894 -0.69039 0.84608 0.049748 -0.90653 0.32924 0.90245 -0.032741 -0.8832 -0.74282 -0.043131 0.45922 0.60677 0.78529 0.9499 0.82041 0.34749 -0.26761 -0.76038 -0.95778 -0.81905 -0.42768 0.084656 0.56055 0.85789 0.96412 0.84206 0.5449 0.16347 -0.23086 -0.57667 -0.82637 -0.9562 -0.95199 -0.82461
-0.019052 -0.022776 0.076697 0.031808 -0.0092869 0.10776 -0.63352 -0.59762 -0.6388 -0.83814 0.0091146 -0.014268 -0.076369 0.42742 -0.936 0.55192 0.5705 -0.88604 -0.088631 0.93961 0.15187 -0.84386 -0.75067 0.075955 0.74443 0.94259 0.95543 0.92908 0.71617 0.22972 -0.36784 -0.81961 -0.95641 -0.75812 -0.32135 0.19285 0.64512 0.91513 0.95548 0.78065 0.44212 0.027349 -0.36636 -0.68573 -0.89346 -0.97012 -0.91509 -0.74466 -0.48592
-0.0084141 0.0023354 0.045558 -0.16542 -0.097553 -0.055509 0.57294 0.51608 0.12378 0.29545 0.82113 -0.89723 0.93073 -0.84669 0.053082 0.86451 -0.56997 -0.58519 0.82807 0.45213 -0.74382 -0.80922 0.058134 0.8086 0.92862 0.72654 0.64527 0.47879 0.064131 -0.46937 -0.86505 -0.94591 -0.69779 -0.23019 0.29268 0.71357 0.94092 0.92778 0.72291 0.35017 -0.07945 -0.47786 -0.7712 -0.93628 -0.96522 -0.86626 -0.65682 -0.3748 -0.053906
0.040048 -0.046404 -0.05534 0.02143 0.10904 0.032562 -0.38717 -0.19896 0.55784 0.60657 -0.55899 0.35273 -0.038837 -0.50875 0.94921 -0.16236 -0.89922 0.45549 0.76745 -0.50511 -0.89354 -0.04864 0.797 0.89881 0.44413 0.034032 -0.055323 -0.23465 -0.60108 -0.90493 -0.92929 -0.6393 -0.15004 0.37165 0.77214 0.95595 0.90138 0.63602 0.27383 -0.16776 -0.55825 -0.83397 -0.96055 -0.94509 -0.80522 -0.56963 -0.26567 0.058621 0.37145
-0.028757 -0.047812 -0.12993 0.17542 -0.068347 -0.059317 0.034941 -0.30054 -0.82774 -0.82876 -0.57681 0.84018 -0.94118 0.72988 0.33445 -0.94641 -0.063031 0.94443 -0.11112 -0.94772 -0.23915 0.73213 0.90833 0.35237 -0.31665 -0.65752 -0.70187 -0.7999 -0.94454 -0.90232 -0.5824 -0.078407 0.43689 0.81427 0.96368 0.872 0.57921 0.16467 -0.23631 -0.62035 -0.87397 -0.96994 -0.91533 -0.73966 -0.47699 -0.16636 0.16293 0.46357 0.71149
0.025646 -0.012104 -0.010614 -0.20517 0.017419 0.1488 0.43423 0.68244 0.26042 -0.081244 0.77074 -0.41505 -0.11164 0.76631 -0.76528 -0.47154 0.83436 0.40379 -0.86134 -0.5281 0.59561 0.93645 0.38054 -0.40633 -0.86365 -0.95915 -0.9611 -0.95623 -0.84473 -0.51261 -0.012467 0.49264 0.84625 0.96489 0.83895 0.5258 0.10166 -0.33433 -0.6656 -0.90147 -0.97025 -0.88088 -0.67355 -0.38884 -0.0668 0.25287 0.54503 0.77139 0.91833
-0.0031904 0.0070224 0.14705 0.10051 0.02784 -0.29824 -0.80907 -0.54266 0.66255 0.90478 0.44746 -0.87694 0.90938 -0.3628 -0.81211 0.57102 0.79701 -0.52818 -0.81309 0.31857 0.95605 0.48101 -0.37724 -0.89998 -0.91582 -0.75747 -0.75072 -0.67857 -0.39341 0.065957 0.54245 0.87175 0.96235 0.8097 0.47147 0.045281 -0.38538 -0.73073 -0.91939 -0.96621 -0.85156 -0.61198 -0.30705 0.022553 0.33986 0.61187 0.82117 0.94332 0.97532
-0.044355 0.0069747 -0.021287 0.022036 -0.068184 0.46639 0.76864 -0.15672 -0.74679 -0.23641 -0.8032 0.24129 0.47942 -0.96826 0.1639 0.95052 -0.050698 -0.95297 -0.084945 0.89996 0.63701 -0.27139 -0.88873 -0.88412 -0.49948 -0.20312 -0.21549 -0.12991 0.19494 0.60101 0.89334 0.95768 0.78271 0.4281 -0.010698 -0.42961 -0.76085 -0.94342 -0.96125 -0.82571 -0.56677 -0.23611 0.10183 0.41456 0.67433 0.85916 0.9605 0.96937 0.89173
0.029808 0.012965 -0.11497 -0.099174 0.10739 -0.55385 -0.15852 0.74677 -0.28407 -0.87775 -0.52341 0.95389 -0.65709 -0.29765 0.93256 0.32847 -0.83262 -0.55569 0.69093 0.8302 -0.085453 -0.84088 -0.89775 -0.42035 0.13881 0.42235 0.39012 0.45016 0.69425 0.91709 0.95148 0.75717 0.39075 -0.053079 -0.47318 -0.78599 -0.95208 -0.9472 -0.8065 -0.5307 -0.18791 0.16752 0.47851 0.72537 0.89249 0.97039 0.9586 0.86266 0.6948
0.040939 0.04475 0.12212 0.12584 -0.14165 0.42727 -0.65781 -0.41834 0.89034 0.30318 0.69753 0.17078 -0.87835 0.72519 0.67694 -0.5995 -0.87012 0.27076 0.95174 0.21954 -0.73661 -0.93154 -0.45146 0.22628 0.6969 0.8573 0.82932 0.85303 0.94861 0.93952 0.73161 0.35665 -0.088425 -0.50467 -0.81055 -0.95831 -0.93938 -0.76447 -0.50631 -0.15166 0.20924 0.52934 0.76728 0.91723 0.9759 0.94545 0.83161 0.65177 0.42149
0.020236 0.08192 -0.064273 -0.11815 0.15215 -0.027263 0.87662 -0.53524 0.063144 0.90595 0.75224 -0.85632 0.028728 0.91016 -0.25518 -0.96755 -0.20192 0.8787 0.57343 -0.5075 -0.96114 -0.54533 0.19332 0.75508 0.95749 0.95818 0.96578 0.96559 0.90605 0.69313 0.32292 -0.1204 -0.53024 -0.82726 -0.96378 -0.93141 -0.74741 -0.4492 -0.12916 0.23893 0.5594 0.79889 0.9358 0.97653 0.92829 0.80257 0.60898 0.37312 0.11128
-0.040987 0.061208 0.005575 0.090134 -0.10582 -0.47839 -0.094911 0.70197 -0.92021 -0.14512 -0.37105 -0.70827 0.88921 0.13292 -0.92928 -0.51753 0.60226 0.87431 -0.14844 -0.92949 -0.68533 0.086993 0.73482 0.9644 0.85344 0.72433 0.78665 0.78397 0.6097 0.27176 -0.15237 -0.55337 -0.84035 -0.96673 -0.92201 -0.73167 -0.42975 -0.06931 0.25552 0.57947 0.81602 0.9482 0.9744 0.90999 0.76977 0.57149 0.3264 0.064513 -0.19924
-0.051711 -0.020042 0.042264 -0.048982 -0.02484 0.68113 -0.85526 0.32081 -0.065872 -0.95128 -0.94666 0.33818 0.7465 -0.75975 -0.77908 0.32503 0.96554 0.31793 -0.76606 -0.85492 -0.090389 0.66277 0.96374 0.80787 0.45782 0.26539 0.37816 0.38944 0.16374 -0.20243 -0.57701 -0.85219 -0.96852 -0.91506 -0.7134 -0.4122 -0.052431 0.30839 0.58913 0.8265 0.95396 0.97054 0.89208 0.73898 0.53031 0.28698 0.020056 -0.23961 -0.47982
-0.052135 -0.044454 -0.083778 0.00012977 0.21819 -0.26211 0.62698 -0.79835 0.92496 -0.22946 -0.22234 0.96943 -0.16953 -0.93901 0.00038246 0.91192 0.69119 -0.41084 -0.95906 -0.36776 0.52768 0.95201 0.82462 0.37634 -0.072529 -0.25831 -0.12235 -0.093419 -0.30765 -0.61533 -0.86465 -0.96996 -0.90892 -0.70131 -0.39096 -0.037302 0.32019 0.62878 0.83044 0.95693 0.96813 0.87651 0.71105 0.4934 0.24384 -0.016353 -0.27759 -0.51114 -0.70826
-0.074569 -0.0079187 0.11977 0.044867 -0.36365 -0.4968 0.58641 -0.26386 0.27994 0.83597 0.78059 0.51553 -0.90479 -0.31253 0.76173 0.86828 0.0044789 -0.8958 -0.67125 0.27189 0.91036 0.87233 0.40211 -0.16342 -0.56506 -0.69422 -0.57562 -0.53858 -0.69478 -0.88507 -0.97147 -0.90276 -0.69119 -0.37792 -0.017603 0.33078 0.6352 0.85407 0.95764 0.96661 0.86957 0.68865 0.46097 0.20626 -0.0565 -0.30784 -0.54039 -0.72975 -0.87078
-0.070818 -0.028896 -0.14782 -0.063177 0.29612 0.73173 -0.84871 0.81187 -0.83648 0.71505 0.83606 -0.46637 -0.80549 0.54955 0.96675 0.27816 -0.66728 -0.91102 -0.080965 0.77935 0.93214 0.48725 -0.13852 -0.63805 -0.88572 -0.93767 -0.87662 -0.84917 -0.9241 -0.97231 -0.8955 -0.68081 -0.36721 -0.0064912 0.34621 0.64102 0.85637 0.96529 0.96688 0.86663 0.68051 0.43616 0.17389 -0.090686 -0.34169 -0.56298 -0.74965 -0.88304 -0.96141
-0.044625 0.033814 0.16477 0.026397 0.043854 -0.00106 -0.40972 0.38686 -0.64171 -0.35271 -0.049514 -0.97806 -0.024559 0.98237 0.52825 -0.46111 -0.96934 -0.49206 0.52823 0.96685 0.61903 -0.046985 -0.62139 -0.92023 -0.96744 -0.94828 -0.9722 -0.97283 -0.96576 -0.87875 -0.66786 -0.35565 0.0025381 0.35402 0.65119 0.85851 0.96552 0.96062 0.86885 0.67861 0.42928 0.15014 -0.11967 -0.36991 -0.58883 -0.76448 -0.89424 -0.96597 -0.98074
-0.0063047 0.060051 -0.16595 0.075394 -0.42847 -0.78958 0.90463 -0.73017 0.50068 -0.97146 -0.8708 -0.58961 0.76003 0.71966 -0.22604 -0.92791 -0.78509 0.13472 0.9081 0.79479 0.10751 -0.55147 -0.91461 -0.954 -0.81299 -0.74585 -0.86191 -0.90318 -0.83013 -0.63795 -0.34011 0.013079 0.36034 0.6556 0.86374 0.96573 0.96092 0.85189 0.68434 0.42998 0.14596 -0.14005 -0.39351 -0.60988 -0.78191 -0.90217 -0.9699 -0.97961 -0.93451
0.045208 -0.11347 0.14362 -0.19819 0.42912 0.37671 0.4201 -0.64529 0.94393 -0.44742 -0.81788 0.29508 0.9623 -0.007318 -0.83117 -0.90475 -0.24303 0.68887 0.93562 0.35517 -0.42328 -0.88332 -0.95785 -0.75423 -0.47959 -0.39318 -0.58686 -0.67129 -0.55733 -0.30271 0.02855 0.3686 0.65917 0.86552 0.96714 0.96103 0.85401 0.66032 0.43975 0.1498 -0.14112 -0.40932 -0.62725 -0.79569 -0.91177 -0.97238 -0.97811 -0.92979 -0.83202
0.079437 0.061955 -0.088188 0.23429 0.090379 0.70339 -0.86218 0.45447 0.15037 0.56185 -0.0054244 0.92585 0.48825 -0.7126 -0.97093 -0.44549 0.39008 0.96006 0.63252 -0.18623 -0.81529 -0.96863 -0.76326 -0.38827 -0.054714 0.026111 -0.21299 -0.33211 -0.20402 0.067567 0.38204 0.66472 0.86697 0.96746 0.96006 0.85549 0.66531 0.41221 0.1632 -0.13446 -0.40768 -0.63822 -0.80693 -0.91898 -0.97537 -0.97686 -0.92481 -0.82566 -0.68474
0.036316 0.025155 -0.0055844 -0.080999 -0.57417 -0.55897 -0.60368 0.88834 -0.82269 0.97615 0.79813 0.84687 -0.29549 -0.99136 -0.61372 0.20369 0.84867 0.87368 0.12863 -0.65688 -0.97282 -0.80801 -0.39766 0.050072 0.36867 0.42834 0.18621 0.049931 0.1692 0.41738 0.67487 0.86994 0.96768 0.96011 0.85353 0.66905 0.42034 0.1352 -0.11858 -0.39917 -0.63484 -0.81349 -0.9248 -0.97721 -0.97478 -0.92151 -0.81897 -0.67835 -0.50508
-0.066601 -0.072713 0.12683 -0.21766 0.29673 -0.66579 0.67534 0.081956 -0.83227 0.43406 0.9317 0.17034 -0.8799 -0.72826 0.027418 0.74984 0.97267 0.49047 -0.40161 -0.92974 -0.87586 -0.46143 0.043849 0.46594 0.71163 0.74528 0.54398 0.41336 0.50786 0.7023 0.87614 0.96854 0.96 0.85424 0.66719 0.42661 0.14604 -0.14464 -0.38247 -0.62586 -0.80964 -0.92784 -0.97872 -0.97267 -0.91599 -0.81512 -0.67146 -0.49985 -0.30542
-0.071232 0.065899 -0.23681 0.39979 0.47677 0.58764 0.86713 -0.83383 0.068967 -0.49737 0.34226 -0.6052 -0.94182 -0.10209 0.64029 0.98301 0.74615 -0.040355 -0.80096 -0.94947 -0.57022 -0.022387 0.46411 0.78264 0.92122 0.93296 0.80982 0.70843 0.77022 0.89278 0.97061 0.95928 0.85448 0.66911 0.42554 0.15453 -0.13204 -0.40488 -0.61016 -0.80169 -0.92484 -0.97932 -0.97113 -0.91137 -0.80769 -0.66823 -0.49387 -0.30209 -0.097339
0.065232 -0.028219 0.27095 -0.18643 -0.54054 0.73673 -0.25503 -0.70976 0.88845 -0.98333 -0.48539 -0.98488 -0.48933 0.55754 0.96801 0.84168 0.27505 -0.54515 -0.97091 -0.73292 -0.14364 0.40928 0.7841 0.95255 0.97461 0.97405 0.95401 0.90198 0.93043 0.97497 0.9574 0.8527 0.67009 0.42882 0.15452 -0.1221 -0.3918 -0.62789 -0.78878 -0.91933 -0.97836 -0.97041 -0.90801 -0.80185 -0.66017 -0.49208 -0.29776 -0.096263 0.10883
0.066334 -0.015268 -0.17155 -0.31132 -0.34494 -0.4669 -1 0.24981 0.83161 -0.65926 -0.96378 -0.77501 0.2038 0.95064 0.90361 0.40702 -0.27081 -0.882 -0.88695 -0.35102 0.30207 0.7493 0.95452 0.95995 0.87708 0.87538 0.96785 0.97869 0.97866 0.94934 0.84729 0.66766 0.43063 0.15898 -0.12109 -0.38143 -0.61573 -0.80136 -0.91076 -0.97646 -0.97243 -0.90697 -0.79776 -0.6542 -0.4844 -0.29785 -0.093924 0.10768 0.30436
-0.077513 0.053216 -0.049612 0.50914 0.66003 -0.87867 -0.37918 0.92696 0.010169 0.16607 -0.80863 -0.13859 0.7825 0.93186 0.50323 -0.15185 -0.72225 -0.97432 -0.59071 0.097919 0.67531 0.9425 0.95905 0.81751 0.6557 0.66227 0.86078 0.93958 0.91926 0.8278 0.65932 0.42782 0.16147 -0.11592 -0.3797 -0.60604 -0.79143 -0.91818 -0.97338 -0.97494 -0.91256 -0.7972 -0.65025 -0.47909 -0.29124 -0.096013 0.10798 0.30127 0.48222
0.037692 -0.08595 0.26468 -0.022073 0.29675 0.15866 0.71968 0.62389 -0.80793 0.85529 -0.16239 0.55638 0.99114 0.54176 -0.064409 -0.64913 -0.95997 -0.81883 -0.16759 0.51483 0.91114 0.96747 0.81088 0.55893 0.35129 0.37152 0.65574 0.7988 0.7675 0.63032 0.41726 0.15847 -0.11303 -0.37437 -0.60401 -0.78346 -0.91157 -0.97595 -0.97804 -0.9199 -0.8066 -0.65072 -0.4759 -0.28713 -0.090895 0.10406 0.29976 0.4777 0.63713
0.081692 0.11807 -0.28102 -0.58054 -0.70535 0.95845 0.92436 -0.29865 -0.94867 0.94406 0.56437 0.96004 0.76854 -0.042768 -0.5966 -0.94228 -0.93816 -0.47279 0.28063 0.82046 0.97858 0.834 0.54505 0.22995 0.010103 0.04453 0.38384 0.57956 0.54595 0.38135 0.14648 -0.11609 -0.37146 -0.59911 -0.78158 -0.90619 -0.97347 -0.97629 -0.92939 -0.81878 -0.66382 -0.47773 -0.28507 -0.088231 0.10753 0.29436 0.47478 0.63179 0.76544
-0.13507 -0.15199 0.021129 0.33564 -0.37234 0.33446 0.058426 -0.93124 -0.34876 0.41816 0.96817 0.90509 0.2388 -0.59786 -0.92857 -0.96551 -0.68307 -0.029523 0.66056 0.96719 0.87993 0.57571 0.20913 -0.12033 -0.32322 -0.27868 0.079279 0.3099 0.28077 0.10666 -0.12865 -0.37445 -0.59652 -0.77762 -0.90485 -0.97128 -0.97839 -0.92399 -0.83444 -0.6805 -0.49412 -0.28834 -0.087455 0.1087 0.29626 0.46842 0.62799 0.75997 0.86501
0.061727 0.18357 0.30822 0.51282 0.67494 -0.76665 -0.85482 -0.72499 0.49797 -0.35411 0.86394 0.45074 -0.37039 -0.93865 -0.97726 -0.73398 -0.27353 0.40889 0.90447 0.94208 0.64429 0.24048 -0.14597 -0.44662 -0.61093 -0.56386 -0.22497 0.019009 -0.0013993 -0.16925 -0.38669 -0.59929 -0.77562 -0.90223 -0.97079 -0.97972 -0.93074 -0.82609 -0.70171 -0.51465 -0.30737 -0.092058 0.10823 0.29607 0.46894 0.62125 0.75585 0.86008 0.93501
0.0046207 -0.20071 -0.32592 -0.53598 0.56276 -0.83803 -0.86129 0.093401 0.98223 -0.90473 0.34002 -0.18208 -0.83092 -0.97303 -0.75098 -0.32547 0.18676 0.75459 0.97871 0.76287 0.31812 -0.11916 -0.4735 -0.71248 -0.82537 -0.78523 -0.50032 -0.26587 -0.27602 -0.42503 -0.61035 -0.778 -0.90097 -0.96973 -0.98025 -0.93565 -0.83727 -0.69113 -0.54049 -0.3309 -0.11293 0.10255 0.29453 0.46766 0.62072 0.74934 0.85623 0.93124 0.97573
-0.035198 0.1868 -0.07931 -0.44712 -0.50837 0.16306 -0.018069 0.82696 0.80782 -0.94545 -0.33003 -0.72832 -0.99509 -0.71409 -0.33115 0.14967 0.59643 0.94897 0.88372 0.46967 -0.044889 -0.45421 -0.73619 -0.89314 -0.95027 -0.92672 -0.72455 -0.52156 -0.52234 -0.64362 -0.78703 -0.90272 -0.96922 -0.98079 -0.93723 -0.84554 -0.70623 -0.52836 -0.36022 -0.13843 0.080748 0.28813 0.46533 0.61868 0.74815 0.85054 0.9282 0.97366 0.98835
0.08839 -0.13065 0.4499 0.63557 -0.7919 0.9633 0.82315 0.92037 0.12964 -0.49138 -0.84113 -0.98857 -0.83139 -0.25807 0.16165 0.57991 0.87729 0.96862 0.64804 0.11471 -0.39281 -0.72507 -0.90916 -0.97624 -0.98047 -0.98177 -0.88281 -0.73026 -0.72447 -0.81289 -0.909 -0.9701 -0.98097 -0.93928 -0.8481 -0.71743 -0.54666 -0.34715 -0.16996 0.054351 0.26633 0.45862 0.61589 0.74573 0.84907 0.92387 0.97191 0.98842 0.97477
-0.15498 0.040859 -0.21964 0.46252 0.1349 0.64492 0.91188 0.34596 -0.613 0.19671 -0.99172 -0.89088 -0.41483 0.25668 0.60419 0.87731 0.98578 0.82347 0.31876 -0.24749 -0.68224 -0.90489 -0.98063 -0.96102 -0.92049 -0.95236 -0.96759 -0.88006 -0.87177 -0.9256 -0.97301 -0.98071 -0.93996 -0.85144 -0.7208 -0.56022 -0.3678 -0.15652 0.021926 0.24013 0.43774 0.60932 0.74284 0.84667 0.92251 0.96939 0.98835 0.9773 0.93739
0.18523 0.047135 -0.3951 -0.64963 0.88478 -0.38189 0.22653 -0.45834 -0.99475 0.77775 -0.74803 -0.49446 0.11363 0.69356 0.89997 0.99196 0.9153 0.54939 -0.048863 -0.5682 -0.88249 -0.98056 -0.95101 -0.85641 -0.78247 -0.84736 -0.9781 -0.96493 -0.9587 -0.97912 -0.97979 -0.93833 -0.85238 -0.72512 -0.56416 -0.38304 -0.17858 0.03526 0.20809 0.41276 0.5902 0.73681 0.84401 0.92047 0.96849 0.98798 0.9792 0.94258 0.87898
-0.17084 -0.086214 0.4587 -0.58098 0.41334 -1 -0.6243 -0.95099 -0.83459 0.99902 -0.22954 0.051541 0.59845 0.95179 0.99623 0.91549 0.69115 0.19805 -0.40093 -0.81008 -0.97717 -0.95193 -0.83078 -0.67852 -0.58373 -0.68054 -0.91922 -0.98408 -0.9844 -0.97478 -0.93331 -0.84919 -0.72605 -0.56911 -0.38729 -0.19479 0.012726 0.22091 0.38232 0.56737 0.72019 0.83892 0.91837 0.96713 0.98784 0.98123 0.94665 0.88692 0.80251
0.14521 0.058279 0.25953 0.55265 -0.61527 -0.61329 -0.9752 -0.84463 -0.25128 0.79145 0.35942 0.56953 0.91437 0.98462 0.88792 0.67577 0.36095 -0.17366 -0.69219 -0.94999 -0.96376 -0.82958 -0.63775 -0.44792 -0.34446 -0.46874 -0.80015 -0.94122 -0.95192 -0.91716 -0.83999 -0.72119 -0.56978 -0.3925 -0.19907 -0.0037284 0.19879 0.39426 0.53959 0.70031 0.82539 0.91453 0.96584 0.98742 0.98208 0.95121 0.89324 0.81317 0.71103
-0.13996 -0.0093041 -0.61011 0.76918 -0.8751 0.35302 -0.60547 -0.24011 0.44253 0.26883 0.8142 0.91103 0.99392 0.80108 0.61083 0.32593 -0.016765 -0.51278 -0.89062 -0.97945 -0.85156 -0.63204 -0.39415 -0.18712 -0.085541 -0.22998 -0.63301 -0.84352 -0.8674 -0.81326 -0.70795 -0.56321 -0.39269 -0.20419 -0.0077962 0.18276 0.37339 0.55036 0.67609 0.80911 0.90455 0.96351 0.98716 0.98279 0.95322 0.90037 0.82174 0.72429 0.60758
0.16173 0.022773 -0.13789 -0.28879 -0.077511 0.98727 0.17541 0.48986 0.91784 -0.34584 0.99739 0.99414 0.83477 0.45504 0.22815 -0.068851 -0.38328 -0.77703 -0.97929 -0.90326 -0.65879 -0.38261 -0.12391 0.081669 0.1732 0.018023 -0.43161 -0.70059 -0.73917 -0.67169 -0.54628 -0.38449 -0.20376 -0.01254 0.17911 0.35837 0.53143 0.68545 0.78917 0.89236 0.9574 0.9865 0.9837 0.95518 0.90364 0.8314 0.73504 0.62325 0.49512
-0.19665 -0.11705 0.70375 -0.91813 0.81464 0.75864 0.81929 0.94482 0.97949 -0.82092 0.87146 0.81506 0.48989 0.026834 -0.18553 -0.44389 -0.68837 -0.93865 -0.95599 -0.73681 -0.4093 -0.10647 0.14967 0.33824 0.41428 0.25902 -0.21017 -0.52349 -0.57695 -0.50196 -0.36438 -0.1941 -0.011383 0.17498 0.35529 0.51793 0.66904 0.79692 0.87722 0.9496 0.98443 0.98482 0.95735 0.90692 0.83595 0.74708 0.63601 0.51293 0.37644
0.22367 0.16718 0.088583 -0.16476 0.81114 -0.093202 0.92829 0.90886 0.62909 -1 0.49431 0.43675 0.046928 -0.39667 -0.55899 -0.74498 -0.89593 -0.9856 -0.83113 -0.50276 -0.12939 0.1719 0.40576 0.56564 0.62345 0.47913 0.017555 -0.32384 -0.39103 -0.3138 -0.17149 -0.00055879 0.17686 0.35191 0.51551 0.65744 0.78346 0.88321 0.9396 0.98119 0.98682 0.96027 0.91037 0.84056 0.7529 0.65024 0.5275 0.39607 0.25414
-0.22244 -0.010658 -0.77052 0.84342 -0.04747 -0.85859 0.47496 0.43037 0.034328 -0.84346 -0.011998 -0.036931 -0.39589 -0.73938 -0.83564 -0.93476 -0.98653 -0.92054 -0.6246 -0.22763 0.15502 0.43065 0.62724 0.75088 0.79014 0.66728 0.23906 -0.11312 -0.19169 -0.11669 0.023732 0.18848 0.35443 0.51295 0.65569 0.77402 0.87299 0.94371 0.97649 0.98815 0.96626 0.91506 0.84526 0.75878 0.65725 0.54365 0.41219 0.27524 0.13059
0.17723 -0.28624 -0.14362 0.69222 -0.85784 -0.96531 -0.23903 -0.23991 -0.56135 -0.42346 -0.50434 -0.49184 -0.75142 -0.94795 -0.98022 -0.99535 -0.95735 -0.75823 -0.3622 0.061308 0.42056 0.65192 0.80139 0.8852 0.90757 0.81552 0.44361 0.097979 0.011345 0.080608 0.21355 0.36641 0.51596 0.65395 0.77292 0.86587 0.93689 0.97862 0.98873 0.97205 0.92484 0.85161 0.76465 0.66431 0.55174 0.42997 0.29261 0.15278 0.0078983
-0.081592 0.35411 0.8085 -0.3835 -0.84016 -0.37598 -0.80195 -0.79175 -0.94061 0.11535 -0.85895 -0.83066 -0.95882 -0.99729 -0.98083 -0.92778 -0.81987 -0.52201 -0.072214 0.33865 0.64802 0.82263 0.92011 0.96403 0.9726 0.91893 0.62254 0.29996 0.20929 0.27029 0.39129 0.52779 0.65723 0.7719 0.86532 0.93213 0.97523 0.98885 0.97775 0.93484 0.8649 0.77253 0.67124 0.55985 0.43899 0.31169 0.17109 0.030795 -0.11206
-0.053121 0.052185 0.31729 -0.97826 -0.048763 0.46142 -0.92851 -0.99803 -0.98543 0.60946 -0.99921 -0.99104 -0.99085 -0.89041 -0.8471 -0.74896 -0.59645 -0.2401 0.21774 0.5828 0.82323 0.93468 0.97979 0.98663 0.98534 0.97548 0.76937 0.48478 0.39455 0.44575 0.55151 0.66838 0.77518 0.86488 0.93199 0.97279 0.98879 0.97583 0.94538 0.87879 0.78898 0.68046 0.5677 0.44799 0.32148 0.19113 0.049727 -0.08884 -0.22766
0.18778 -0.5299 -0.76959 -0.38019 0.78108 0.98024 -0.58605 -0.7964 -0.70249 0.92545 -0.90679 -0.95313 -0.85364 -0.65369 -0.60556 -0.4872 -0.31612 0.05801 0.48308 0.77717 0.93737 0.98478 0.98087 0.95554 0.94867 0.98565 0.87984 0.64605 0.56089 0.60165 0.68997 0.78511 0.86786 0.93195 0.9729 0.98854 0.97893 0.94144 0.8938 0.80636 0.69967 0.57804 0.45659 0.33118 0.2015 0.070381 -0.069608 -0.20451 -0.33757
-0.25398 0.34608 -0.59009 0.66383 0.94624 0.87293 0.027632 -0.29023 -0.20273 0.99159 -0.61716 -0.73707 -0.58068 -0.32944 -0.29369 -0.17715 -0.010586 0.34453 0.70393 0.91075 0.98681 0.97396 0.92717 0.87595 0.86765 0.95208 0.95176 0.77904 0.7035 0.73394 0.80368 0.87603 0.9343 0.97301 0.9887 0.98068 0.94744 0.88787 0.82536 0.72008 0.59956 0.46784 0.34037 0.21173 0.08114 -0.048687 -0.18529 -0.31483 -0.44065
0.17549 0.42719 0.56998 0.96169 0.34591 0.24244 0.61129 0.31398 0.34817 0.80731 -0.20405 -0.39337 -0.22337 0.032422 0.046496 0.14497 0.28941 0.5957 0.86612 0.97814 0.97265 0.90687 0.82521 0.75504 0.74895 0.87911 0.98481 0.88065 0.81897 0.83986 0.89076 0.94022 0.97442 0.98874 0.98068 0.95094 0.89645 0.81751 0.74255 0.62252 0.49121 0.35229 0.22131 0.0917 -0.037731 -0.16443 -0.29593 -0.41867 -0.53602
0.080621 -0.66207 0.87074 0.22412 -0.51608 -0.51518 0.9102 0.79579 0.78686 0.43303 0.24144 0.010531 0.15955 0.38234 0.37412 0.44558 0.55691 0.79325 0.96146 0.9791 0.89987 0.79092 0.68339 0.60125 0.60027 0.77229 0.98025 0.94931 0.90521 0.91781 0.95038 0.97764 0.98889 0.98039 0.95059 0.90142 0.82832 0.73289 0.6479 0.5162 0.37703 0.23366 0.10149 -0.02703 -0.15347 -0.27545 -0.40036 -0.51509 -0.62298
-0.4404 -0.18219 -0.14345 -0.73985 -0.98615 -0.97315 0.81834 0.99894 0.99835 -0.032896 0.63138 0.4042 0.51182 0.67748 0.65404 0.69677 0.77072 0.92516 0.98748 0.91784 0.77651 0.6355 0.51129 0.42373 0.42982 0.63801 0.94068 0.98481 0.96135 0.96726 0.98266 0.98903 0.97901 0.94973 0.90053 0.83446 0.74553 0.63654 0.5439 0.40355 0.25932 0.11405 -0.0172 -0.14281 -0.26466 -0.38055 -0.49763 -0.60338 -0.70103
0.70119 0.82742 -0.97421 -0.96358 -0.74998 -0.90714 0.3999 0.87418 0.94048 -0.48187 0.89732 0.72619 0.78728 0.88614 0.85988 0.87826 0.91643 0.98571 0.94684 0.80208 0.61272 0.45111 0.31898 0.23174 0.2459 0.48306 0.86973 0.98811 0.98762 0.98861 0.98846 0.97577 0.94657 0.89888 0.83285 0.75254 0.65062 0.53099 0.433 0.28685 0.14017 -0.0046587 -0.13311 -0.25421 -0.37009 -0.47875 -0.587 -0.68301 -0.76987
-0.61664 -0.051218 -0.45392 -0.27019 -0.0059452 -0.38282 -0.16076 0.4801 0.64468 -0.82004 1 0.93233 0.95472 0.98993 0.97561 0.97823 0.98669 0.97504 0.84634 0.64207 0.41984 0.24865 0.11644 0.03423 0.056458 0.31432 0.77175 0.96114 0.98512 0.98307 0.96931 0.93974 0.89375 0.83022 0.75007 0.65821 0.54612 0.4187 0.31747 0.16823 0.021507 -0.12078 -0.24479 -0.36001 -0.46878 -0.56929 -0.66791 -0.75362 -0.82931
0.094215 -0.89507 0.68752 0.66065 0.7316 0.3163 -0.64608 -0.049503 0.19787 -0.98578 0.9321 1 0.99987 0.98406 0.99569 0.99322 0.98083 0.89832 0.69596 0.44957 0.2096 0.038798 -0.086889 -0.16056 -0.13112 0.13847 0.65159 0.90661 0.95573 0.95247 0.92726 0.88321 0.82299 0.7463 0.65476 0.554 0.4345 0.30197 0.19947 0.049626 -0.09497 -0.23286 -0.351 -0.4592 -0.55994 -0.65157 -0.73998 -0.81501 -0.87932
0.61891 0.19154 0.94963 1 0.99942 0.85279 -0.88871 -0.55494 -0.28606 -0.95748 0.71507 0.92832 0.92481 0.87589 0.92417 0.92722 0.90397 0.76465 0.50771 0.237 -0.0065579 -0.16851 -0.28252 -0.34531 -0.31028 -0.038241 0.51431 0.82779 0.90191 0.89912 0.86472 0.80872 0.7369 0.64975 0.5495 0.4424 0.31808 0.18297 0.080984 -0.06721 -0.20776 -0.33964 -0.45073 -0.55098 -0.64295 -0.72518 -0.80296 -0.86711 -0.91999
-0.98811 0.93372 0.028111 0.49339 0.66136 0.99599 -0.82242 -0.89881 -0.69613 -0.75224 0.39169 0.73531 0.7455 0.68256 0.77297 0.79037 0.76582 0.58594 0.29464 0.016585 -0.21805 -0.36444 -0.46313 -0.51385 -0.47545 -0.21018 0.36501 0.72833 0.82654 0.82571 0.78437 0.71896 0.63815 0.54317 0.43681 0.32577 0.19907 0.063698 -0.03622 -0.18074 -0.31556 -0.44007 -0.54314 -0.63472 -0.71738 -0.78984 -0.85675 -0.90997 -0.95149
0.59807 -0.21039 -0.93046 -0.40276 -0.053605 0.70825 -0.48977 -1 -0.94837 -0.41739 0.016592 0.45292 0.48801 0.42784 0.55974 0.59726 0.57939 0.37573 0.069881 -0.20025 -0.41558 -0.54155 -0.62272 -0.66121 -0.62207 -0.37241 0.20864 0.61213 0.7328 0.73517 0.68904 0.61671 0.52944 0.42915 0.31909 0.20636 0.079486 -0.054064 -0.15055 -0.28964 -0.4173 -0.53329 -0.62759 -0.70995 -0.78294 -0.84543 -0.90139 -0.94372 -0.97409
0.34644 -0.97474 -0.81372 -0.9692 -0.72667 0.13485 -0.013182 -0.84706 -1 -0.018068 -0.35344 0.12107 0.18427 0.13897 0.30556 0.36521 0.35961 0.14809 -0.15406 -0.40338 -0.59139 -0.69391 -0.75669 -0.78368 -0.74665 -0.52079 0.049864 0.48312 0.62402 0.63054 0.58163 0.50473 0.41338 0.31012 0.19862 0.0862 -0.038841 -0.16872 -0.26062 -0.39275 -0.51206 -0.61863 -0.70359 -0.77637 -0.83948 -0.89194 -0.93699 -0.96863 -0.98813
-1 0.099067 0.2077 -0.8007 -1 -0.47902 0.45392 -0.4919 -0.85263 0.37618 -0.66785 -0.21834 -0.1321 -0.1564 0.032714 0.11263 0.12206 -0.083266 -0.36597 -0.58433 -0.73942 -0.81715 -0.86187 -0.87874 -0.84677 -0.652 -0.10704 0.34522 0.50356 0.5149 0.46502 0.38573 0.29249 0.18841 0.07748 -0.032823 -0.15428 -0.27888 -0.36526 -0.48915 -0.59915 -0.6956 -0.77082 -0.83382 -0.88698 -0.92946 -0.96376 -0.98498 -0.99401
0.63556 1 1 -0.061046 -0.75517 -0.89648 0.77671 -0.029047 -0.54609 0.70335 -0.88841 -0.52656 -0.42949 -0.43272 -0.23722 -0.14246 -0.11806 -0.30574 -0.55629 -0.73646 -0.85538 -0.90847 -0.93638 -0.94506 -0.92096 -0.76353 -0.25826 0.20216 0.37475 0.39126 0.34201 0.26228 0.16913 0.06614 -0.04242 -0.14904 -0.26539 -0.38335 -0.46345 -0.57808 -0.678 -0.76384 -0.82909 -0.88224 -0.9255 -0.95817 -0.98198 -0.99314 -0.99215
0.43752 0.1378 0.75358 0.70391 -0.14222 -0.97612 0.87475 0.43152 -0.14585 0.91768 -0.99259 -0.772 -0.68111 -0.66847 -0.48494 -0.38358 -0.34688 -0.5084 -0.71745 -0.85502 -0.93667 -0.96648 -0.97959 -0.98231 -0.96868 -0.85364 -0.40048 0.057452 0.24078 0.26255 0.21524 0.1368 0.045479 -0.054739 -0.15938 -0.261 -0.37096 -0.48116 -0.5544 -0.65894 -0.74825 -0.82314 -0.87834 -0.9217 -0.95522 -0.97834 -0.99201 -0.99354 -0.98302
-0.98834 -0.94729 -0.23825 0.98271 0.52652 -0.71018 0.73649 0.79062 0.27208 0.99441 -0.9744 -0.93272 -0.86692 -0.84747 -0.69459 -0.59672 -0.55248 -0.6824 -0.84393 -0.93713 -0.98227 -0.99116 -0.99196 -0.99111 -0.99018 -0.92134 -0.53096 -0.085679 0.10467 0.13148 0.087198 0.011514 -0.076485 -0.1725 -0.27192 -0.36742 -0.46995 -0.57148 -0.63746 -0.7313 -0.80963 -0.87343 -0.91862 -0.95234 -0.97639 -0.9903 -0.99423 -0.98661 -0.96712
0.28291 -0.46151 -0.98726 0.62569 0.94157 -0.20979 0.41295 0.97953 0.63585 0.93069 -0.84296 -0.99748 -0.97459 -0.95942 -0.85437 -0.77088 -0.72533 -0.82111 -0.93228 -0.98168 -0.99261 -0.9836 -0.97488 -0.97283 -0.98642 -0.96631 -0.64746 -0.22436 -0.03083 0.0005807 -0.039851 -0.11156 -0.195 -0.28562 -0.37874 -0.46725 -0.56152 -0.65368 -0.71217 -0.79489 -0.86204 -0.91472 -0.95007 -0.97441 -0.98931 -0.9944 -0.98908 -0.97284 -0.94496
0.80018 0.73607 -0.81279 -0.10769 0.93415 0.34738 -0.0036403 0.97011 0.8892 0.74314 -0.6195 -0.96548 -0.99956 -1 -0.95688 -0.89835 -0.85849 -0.92018 -0.98102 -0.98913 -0.96932 -0.94586 -0.93052 -0.9295 -0.95891 -0.9888 -0.74828 -0.35607 -0.16322 -0.12786 -0.16387 -0.23064 -0.30852 -0.39279 -0.47876 -0.55962 -0.645 -0.72732 -0.77819 -0.84956 -0.90548 -0.94716 -0.97291 -0.9882 -0.99435 -0.99108 -0.97701 -0.95272 -0.91704
-0.75202 0.77072 0.080756 -0.75755 0.53121 0.7825 -0.40784 0.77523 0.99862 0.46311 -0.33343 -0.84516 -0.94447 -0.97038 -0.99901 -0.9748 -0.94767 -0.97748 -0.99041 -0.96128 -0.91507 -0.88077 -0.86164 -0.86364 -0.90966 -0.98958 -0.83224 -0.47867 -0.29028 -0.2518 -0.28305 -0.34416 -0.41572 -0.49292 -0.57111 -0.64383 -0.7199 -0.79205 -0.83533 -0.89525 -0.94004 -0.97093 -0.98742 -0.99407 -0.99191 -0.98077 -0.95851 -0.92674 -0.88389
-0.40032 -0.3242 0.88545 -0.95615 -0.080108 0.97085 -0.70752 0.4412 0.95563 0.13083 -0.018102 -0.65216 -0.81804 -0.87648 -0.98164 -0.99902 -0.99114 -0.99291 -0.9623 -0.90106 -0.83329 -0.79176 -0.77145 -0.77813 -0.84099 -0.96984 -0.89861 -0.59041 -0.41012 -0.3695 -0.39585 -0.45081 -0.5155 -0.58511 -0.65508 -0.71937 -0.78587 -0.84772 -0.88351 -0.93204 -0.96589 -0.98633 -0.99395 -0.9924 -0.98243 -0.96394 -0.93407 -0.89541 -0.84602
0.9293 -0.90304 0.93887 -0.62192 -0.64704 0.87201 -0.84294 0.03516 0.775 -0.21077 0.29316 -0.40711 -0.63359 -0.72795 -0.90904 -0.97268 -0.98943 -0.96814 -0.89978 -0.81228 -0.72799 -0.68262 -0.66344 -0.67609 -0.7555 -0.93112 -0.94711 -0.6899 -0.52114 -0.47944 -0.50095 -0.54947 -0.60696 -0.66865 -0.73016 -0.78587 -0.8427 -0.89424 -0.92277 -0.96009 -0.9833 -0.99368 -0.99289 -0.98364 -0.96638 -0.94108 -0.90419 -0.85923 -0.80393
0.012163 -0.21676 0.24222 0.033234 -0.95664 0.53072 -0.79556 -0.36931 0.48963 -0.52154 0.57043 -0.13314 -0.40751 -0.53707 -0.78823 -0.89983 -0.94509 -0.90634 -0.80695 -0.69934 -0.60357 -0.55741 -0.54127 -0.56075 -0.65591 -0.87522 -0.97781 -0.77609 -0.62203 -0.5804 -0.5973 -0.63927 -0.6894 -0.74303 -0.79597 -0.84312 -0.89033 -0.93169 -0.95324 -0.97962 -0.99259 -0.99337 -0.98466 -0.96823 -0.94422 -0.91267 -0.86935 -0.81871 -0.7581
-0.90002 0.7084 -0.62141 0.65188 -0.90997 0.053831 -0.58656 -0.70543 0.14384 -0.76843 0.78968 0.14633 -0.15765 -0.31763 -0.62823 -0.78641 -0.86229 -0.81186 -0.68861 -0.56708 -0.46457 -0.42025 -0.40862 -0.4354 -0.54503 -0.80414 -0.99114 -0.84829 -0.71179 -0.67139 -0.68403 -0.71953 -0.76231 -0.80788 -0.85231 -0.89102 -0.92877 -0.96018 -0.97511 -0.99094 -0.99411 -0.98581 -0.96972 -0.94666 -0.91644 -0.8792 -0.83006 -0.77433 -0.70902
0.25278 0.66596 -0.99798 0.92929 -0.54362 -0.42588 -0.26741 -0.92331 -0.21405 -0.9283 0.93432 0.40951 0.098099 -0.083919 -0.43934 -0.63976 -0.74644 -0.68987 -0.55004 -0.42047 -0.31559 -0.2752 -0.26913 -0.30322 -0.42565 -0.72 -0.98781 -0.90609 -0.78966 -0.75168 -0.76054 -0.78977 -0.82533 -0.86299 -0.89909 -0.9296 -0.95816 -0.97996 -0.98867 -0.99439 -0.98828 -0.97146 -0.94854 -0.91939 -0.88353 -0.84116 -0.7868 -0.72655 -0.65713
0.77598 -0.18951 -0.64726 0.75454 -0.00054602 -0.78711 0.094066 -0.9958 -0.53843 -0.98921 0.99579 0.63777 0.34303 0.15024 -0.2324 -0.46805 -0.60384 -0.54614 -0.39671 -0.26452 -0.16107 -0.12621 -0.12624 -0.1673 -0.30049 -0.62498 -0.96876 -0.94938 -0.85517 -0.82075 -0.82638 -0.84968 -0.8783 -0.9083 -0.93635 -0.95899 -0.97871 -0.99132 -0.99424 -0.99037 -0.97554 -0.95078 -0.9216 -0.88692 -0.84598 -0.79902 -0.74002 -0.67583 -0.60288
-0.36741 -0.7465 0.14003 0.23762 0.53056 -0.94866 0.42859 -0.91989 -0.79181 -0.95036 0.97335 0.81665 0.56256 0.37217 -0.018199 -0.27985 -0.44128 -0.38668 -0.2341 -0.10406 -0.0052403 0.023063 0.016788 -0.03053 -0.17216 -0.52127 -0.93513 -0.97827 -0.90805 -0.87829 -0.88132 -0.89911 -0.92115 -0.94385 -0.96422 -0.9794 -0.99071 -0.9946 -0.99221 -0.97929 -0.95633 -0.92425 -0.88938 -0.84973 -0.80426 -0.75326 -0.6902 -0.62262 -0.54668
-0.64381 -0.39739 0.80662 -0.36846 0.88163 -0.88403 0.67824 -0.71428 -0.94834 -0.82079 0.87324 0.93641 0.74494 0.57096 0.19306 -0.083696 -0.2657 -0.21752 -0.067497 0.05637 0.14801 0.16924 0.157 0.10443 -0.043092 -0.41104 -0.88819 -0.99312 -0.94826 -0.92418 -0.92528 -0.93806 -0.95398 -0.96981 -0.98293 -0.99111 -0.99451 -0.9902 -0.98298 -0.96162 -0.93115 -0.89236 -0.85237 -0.8083 -0.75884 -0.70433 -0.63775 -0.56731 -0.48891
0.35477 0.35668 0.92826 -0.79652 0.95504 -0.62083 0.80525 -0.41417 -0.99547 -0.61738 0.70731 0.99216 0.88158 0.73784 0.39217 0.1123 -0.08395 -0.044508 0.098138 0.2126 0.2952 0.3093 0.29173 0.2352 0.084467 -0.29637 -0.82933 -0.99444 -0.97593 -0.95847 -0.95832 -0.96665 -0.97695 -0.98641 -0.99279 -0.99448 -0.99049 -0.97855 -0.967 -0.93783 -0.90046 -0.8556 -0.81106 -0.76311 -0.71018 -0.65267 -0.58311 -0.51031 -0.42996
0.54301 0.64982 0.46589 -0.87982 0.74459 -0.22811 0.79591 -0.064513 -0.93379 -0.36232 0.49144 0.98364 0.96727 0.86634 0.57126 0.30072 0.097496 0.12689 0.25829 0.36095 0.43326 0.44064 0.41867 0.35965 0.20849 -0.17926 -0.76 -0.98291 -0.99137 -0.98135 -0.98064 -0.98512 -0.99036 -0.99399 -0.99417 -0.98991 -0.9791 -0.96013 -0.94474 -0.90839 -0.86477 -0.81445 -0.76591 -0.7146 -0.65872 -0.59869 -0.52667 -0.45199 -0.37015
-0.25367 0.23796 -0.2598 -0.60742 0.32643 0.20357 0.65982 0.28709 -0.77547 -0.080495 0.24389 0.91468 1 0.95243 0.72396 0.47504 0.27271 0.29171 0.40898 0.49822 0.55962 0.56103 0.53585 0.47596 0.32718 -0.06156 -0.6817 -0.95933 -0.995 -0.99314 -0.99254 -0.9938 -0.99457 -0.99294 -0.98749 -0.97784 -0.96081 -0.9354 -0.91668 -0.87379 -0.82454 -0.76939 -0.71739 -0.66323 -0.60488 -0.5428 -0.46879 -0.39269 -0.30982
-0.46756 -0.36337 -0.8051 -0.10872 -0.1721 0.58361 0.42559 0.59679 -0.54157 0.20302 -0.016365 0.7925 0.98077 0.99436 0.84552 0.62981 0.43648 0.4456 0.54681 0.62176 0.67216 0.66869 0.64166 0.58261 0.43898 0.055011 -0.59593 -0.92462 -0.9874 -0.99429 -0.99445 -0.9931 -0.99 -0.98371 -0.97321 -0.95874 -0.93608 -0.90487 -0.88329 -0.83452 -0.78027 -0.72088 -0.66593 -0.60941 -0.54905 -0.48536 -0.40984 -0.33275 -0.24926
0.10065 -0.53775 -0.87397 0.4137 -0.61314 0.83965 0.13402 0.82947 -0.25897 0.46509 -0.27103 0.62687 0.91315 0.99253 0.93284 0.76072 0.58436 0.58488 0.669 0.72949 0.76928 0.7622 0.73482 0.67839 0.54256 0.1689 -0.50416 -0.87974 -0.9692 -0.9853 -0.98683 -0.98349 -0.97714 -0.96678 -0.95183 -0.93312 -0.90544 -0.86904 -0.84506 -0.79105 -0.73242 -0.66937 -0.61199 -0.55356 -0.49163 -0.42675 -0.35014 -0.27246 -0.18874
0.38617 -0.18492 -0.46309 0.7681 -0.88574 0.92961 -0.16933 0.96199 0.04303 0.68622 -0.50368 0.42925 0.80285 0.9492 0.98435 0.86463 0.71277 0.70657 0.77339 0.81983 0.84979 0.84056 0.81439 0.76232 0.63686 0.27871 -0.40784 -0.82574 -0.94113 -0.96678 -0.97023 -0.96552 -0.95651 -0.94268 -0.92387 -0.90149 -0.86938 -0.8284 -0.80248 -0.74386 -0.68144 -0.61531 -0.55595 -0.49605 -0.43297 -0.36729 -0.29001 -0.21211 -0.12852
0.067691 0.28699 0.17447 0.84078 -0.931 0.84604 -0.44134 0.9845 0.33571 0.85167 -0.70069 0.21193 0.65714 0.8682 1 0.93956 0.81902 0.80842 0.85845 0.89174 0.91296 0.90315 0.87976 0.83375 0.721 0.38322 -0.30836 -0.76365 -0.90398 -0.93938 -0.94526 -0.93975 -0.92866 -0.91195 -0.88986 -0.86437 -0.82841 -0.78346 -0.75602 -0.69341 -0.62777 -0.55909 -0.49822 -0.43726 -0.37342 -0.30729 -0.22972 -0.15194 -0.068833
-0.26463 0.43742 0.69475 0.62561 -0.75051 0.61347 -0.647 0.90006 0.59355 0.95205 -0.85172 -0.01273 0.48437 0.7546 0.98099 0.98461 0.90125 0.88888 0.9232 0.94464 0.95847 0.94965 0.93059 0.89224 0.79436 0.48139 -0.20704 -0.69457 -0.85857 -0.9038 -0.91254 -0.90678 -0.89417 -0.87515 -0.85034 -0.82227 -0.78306 -0.73471 -0.70616 -0.64014 -0.57185 -0.50113 -0.43916 -0.37752 -0.31328 -0.24705 -0.16954 -0.092211 -0.0098804
-0.20525 0.19137 0.84808 0.21262 -0.399 0.28038 -0.76318 0.72285 0.79612 0.98346 -0.95009 -0.23299 0.29342 0.61434 0.92965 0.99989 0.95844 0.94704 0.96722 0.97842 0.98634 0.98008 0.9668 0.93761 0.8565 0.57234 -0.10509 -0.61956 -0.80575 -0.86077 -0.87275 -0.86724 -0.85364 -0.83284 -0.80587 -0.77574 -0.7338 -0.68263 -0.65333 -0.58449 -0.51406 -0.4418 -0.37913 -0.31717 -0.25286 -0.18684 -0.10971 -0.033124 0.048146
0.089487 -0.17327 0.58853 -0.25321 0.034405 -0.091867 -0.78023 0.47551 0.92931 0.94711 -0.99271 -0.43827 0.093283 0.45389 0.84923 0.9864 0.9903 0.98262 0.99058 0.99335 0.99696 0.99474 0.98858 0.96985 0.90719 0.65534 -0.0036844 -0.53966 -0.74638 -0.81103 -0.82656 -0.82175 -0.80766 -0.7856 -0.75697 -0.72527 -0.68115 -0.62768 -0.59798 -0.52686 -0.4548 -0.38145 -0.31845 -0.2565 -0.19242 -0.1269 -0.05045 0.025122 0.10507
0.25728 -0.33622 0.0685 -0.62432 0.45 -0.44068 -0.70165 0.18584 0.9858 0.84875 -0.9799 -0.61954 -0.1074 0.27999 0.74365 0.94588 0.99725 0.99591 0.9938 0.99005 0.99095 0.99413 0.9963 0.98919 0.94634 0.72983 0.096147 -0.45592 -0.68134 -0.75533 -0.77465 -0.77096 -0.75683 -0.73399 -0.70418 -0.67137 -0.62556 -0.5703 -0.54053 -0.46765 -0.39443 -0.32041 -0.25742 -0.19578 -0.13223 -0.067458 0.0080306 0.082351 0.16075
0.11042 -0.20687 -0.4573 -0.79586 0.76033 -0.71246 -0.54214 -0.11646 0.96492 0.6977 -0.91502 -0.76964 -0.30061 0.099292 0.61734 0.88073 0.98031 0.98766 0.97777 0.96945 0.9692 0.97901 0.99052 0.99597 0.97404 0.7954 0.19345 -0.3693 -0.61146 -0.69444 -0.71771 -0.71549 -0.70174 -0.67856 -0.64803 -0.61453 -0.5675 -0.51094 -0.48138 -0.40722 -0.33328 -0.25901 -0.19633 -0.13529 -0.072512 -0.0087279 0.065555 0.1384 0.21505
-0.18327 0.055243 -0.75863 -0.73129 0.90713 -0.86993 -0.32454 -0.40284 0.87199 0.50593 -0.80391 -0.88335 -0.47929 -0.081795 0.47501 0.79382 0.941 0.95908 0.94369 0.93272 0.93281 0.95026 0.97196 0.99072 0.99052 0.85177 0.28738 -0.28075 -0.53759 -0.62909 -0.65641 -0.65597 -0.64296 -0.61984 -0.58901 -0.55522 -0.50741 -0.44999 -0.4209 -0.34593 -0.27168 -0.19752 -0.13545 -0.075241 -0.013477 0.049105 0.12196 0.19314 0.26785
-0.25947 0.22327 -0.72553 -0.46443 0.86994 -0.89592 -0.076321 -0.64843 0.71726 0.28698 -0.65437 -0.9575 -0.63744 -0.25737 0.3215 0.68838 0.88126 0.91168 0.89305 0.88123 0.88301 0.90893 0.94144 0.97404 0.99611 0.89879 0.37719 -0.19115 -0.46054 -0.56001 -0.59142 -0.59301 -0.58107 -0.55838 -0.52761 -0.49389 -0.44571 -0.38784 -0.35946 -0.2841 -0.20993 -0.13622 -0.075013 -0.015866 0.04468 0.10587 0.17709 0.24644 0.31904
-0.0030969 0.19306 -0.39804 -0.081429 0.66587 -0.79371 0.17404 -0.83387 0.51464 0.054964 -0.47551 -0.99085 -0.77031 -0.42214 0.16159 0.56786 0.80335 0.84729 0.82751 0.8165 0.82116 0.85617 0.89991 0.94668 0.99126 0.93641 0.46223 -0.10135 -0.38108 -0.48789 -0.52337 -0.5272 -0.5166 -0.49465 -0.4643 -0.43097 -0.3828 -0.32487 -0.29739 -0.22205 -0.14829 -0.075351 -0.01524 0.042643 0.10179 0.16142 0.23083 0.29818 0.36853
0.26892 0.032166 0.07008 0.30879 0.34219 -0.5842 0.40023 -0.94642 0.28031 -0.17632 -0.27717 -0.98394 -0.87443 -0.57158 -0.000114 0.43585 0.70977 0.76792 0.7489 0.74017 0.74871 0.7932 0.84837 0.90941 0.9765 0.96472 0.54196 -0.012092 -0.29995 -0.41343 -0.45288 -0.45909 -0.45007 -0.42916 -0.39952 -0.36688 -0.31904 -0.26141 -0.235 -0.16005 -0.087035 -0.015141 0.043666 0.10011 0.15768 0.21562 0.28306 0.34828 0.41627
0.2071 -0.11218 0.48695 0.60577 -0.035797 -0.30121 0.58059 -0.98033 0.031353 -0.39419 -0.069348 -0.9389 -0.94757 -0.70197 -0.15932 0.29593 0.60318 0.67573 0.65914 0.65392 0.66716 0.72129 0.7879 0.86312 0.95242 0.98385 0.61591 0.075899 -0.21786 -0.33726 -0.38055 -0.38924 -0.38198 -0.36235 -0.3337 -0.30199 -0.2548 -0.19778 -0.17261 -0.098365 -0.026387 0.044203 0.10152 0.15637 0.21224 0.26834 0.33368 0.39666 0.46217
-0.10962 -0.14068 0.70078 0.74186 -0.39848 0.014523 0.69985 -0.93661 -0.21547 -0.58762 0.13826 -0.85919 -0.98874 -0.81043 -0.31211 0.1516 0.48631 0.57296 0.56019 0.55949 0.57802 0.64175 0.7196 0.80868 0.9197 0.99407 0.68372 0.16199 -0.13546 -0.25999 -0.30693 -0.31816 -0.31282 -0.29466 -0.26722 -0.23668 -0.1904 -0.13429 -0.11046 -0.037242 0.033438 0.10249 0.15817 0.21128 0.26532 0.31948 0.38261 0.44325 0.50619
-0.28713 -0.062458 0.65054 0.69491 -0.68456 0.32137 0.74989 -0.82221 -0.44481 -0.74772 0.33669 -0.74934 -0.99808 -0.89493 -0.45502 0.0062013 0.36189 0.4619 0.45405 0.45861 0.48281 0.55587 0.64456 0.74703 0.87903 0.99567 0.7451 0.24559 -0.053358 -0.1822 -0.23255 -0.24633 -0.243 -0.22649 -0.20046 -0.17127 -0.12615 -0.071195 -0.048823 0.0231 0.092245 0.15957 0.21345 0.26472 0.31682 0.36896 0.42976 0.48799 0.54829
-0.12514 0.038121 0.37557 0.488 -0.85055 0.58211 0.72975 -0.6489 -0.64353 -0.86798 0.51806 -0.61463 -0.97672 -0.95427 -0.5851 -0.13714 0.23261 0.3448 0.34266 0.35298 0.38302 0.46494 0.56391 0.67911 0.83114 0.98903 0.79985 0.32619 0.027881 -0.10443 -0.15791 -0.1742 -0.17297 -0.15822 -0.13377 -0.10609 -0.062337 -0.0087636 0.01208 0.082458 0.14986 0.21526 0.26725 0.31657 0.36666 0.41669 0.47509 0.53084 0.58844
0.16358 0.080689 -0.011677 0.17869 -0.876 0.76804 0.64493 -0.43188 -0.80134 -0.94434 0.67575 -0.46085 -0.92668 -0.988 -0.6999 -0.27558 0.10106 0.22386 0.22792 0.24423 0.28008 0.37023 0.47873 0.60584 0.77677 0.97457 0.84784 0.40334 0.10774 -0.027168 -0.083476 -0.10221 -0.10309 -0.090212 -0.067455 -0.041412 0.00078783 0.052777 0.072037 0.14065 0.20612 0.26946 0.31944 0.36674 0.41474 0.46261 0.51854 0.57176 0.62662
0.25163 0.046492 -0.37353 -0.15806 -0.7643 0.86148 0.50622 -0.18835 -0.91105 -0.97517 0.8046 -0.29405 -0.85069 -0.99642 -0.79754 -0.40657 -0.030311 0.10118 0.11163 0.13394 0.17537 0.27294 0.39009 0.52816 0.7167 0.95275 0.88901 0.47665 0.18575 0.049121 -0.0096686 -0.03074 -0.033731 -0.022781 -0.0018208 0.022484 0.062983 0.11322 0.13086 0.19751 0.2609 0.32203 0.36993 0.41515 0.46101 0.50667 0.56008 0.61072 0.66282
0.074587 -0.021019 -0.59573 -0.44837 -0.53958 0.85661 0.32816 0.063932 -0.96875 -0.96108 0.90094 -0.12025 -0.75204 -0.98042 -0.87663 -0.52791 -0.15925 -0.021255 -0.004503 0.023588 0.070187 0.17423 0.29902 0.44696 0.65166 0.92406 0.92334 0.54577 0.2615 0.12402 0.063117 0.039844 0.034778 0.04377 0.062865 0.085359 0.12403 0.17237 0.18837 0.2529 0.31406 0.37288 0.41863 0.46172 0.5054 0.54883 0.59968 0.64772 0.69703
-0.15158 -0.060103 -0.62063 -0.63493 -0.24088 0.75891 0.1274 0.30793 -0.97365 -0.9047 0.96264 0.054708 -0.63443 -0.94146 -0.93632 -0.63774 -0.2837 -0.1416 -0.1189 -0.085459 -0.034248 0.07518 0.20649 0.36312 0.58243 0.88903 0.95089 0.61044 0.3346 0.19715 0.13452 0.10921 0.10214 0.10917 0.12636 0.14699 0.18374 0.23006 0.24442 0.30668 0.36551 0.42191 0.46547 0.5064 0.54787 0.58904 0.6373 0.68275 0.72926
-0.20651 -0.039334 -0.45736 -0.6869 0.085123 0.58338 -0.078858 0.52836 -0.92784 -0.81034 0.98896 0.22538 -0.50183 -0.88144 -0.97622 -0.73456 -0.40182 -0.25819 -0.23011 -0.19194 -0.13682 -0.023185 0.11343 0.27746 0.50972 0.84817 0.97177 0.67041 0.40472 0.26817 0.20422 0.17707 0.16807 0.17317 0.18843 0.20718 0.24193 0.28613 0.29888 0.35875 0.41513 0.46905 0.51039 0.54914 0.58839 0.6273 0.67296 0.71579 0.75951
-0.07393 0.023315 -0.17 -0.60293 0.3916 0.35194 -0.27435 0.71254 -0.83589 -0.68363 0.98052 0.38684 -0.35831 -0.80262 -0.99638 -0.81721 -0.51202 -0.36952 -0.33685 -0.29472 -0.23651 -0.11993 0.0207 0.19079 0.43425 0.80205 0.98611 0.72553 0.47159 0.33677 0.27193 0.24314 0.23233 0.23554 0.24889 0.26575 0.29844 0.34046 0.35161 0.40899 0.46287 0.51425 0.55335 0.58991 0.62693 0.66358 0.70663 0.74686 0.7878
0.09863 0.078492 0.14867 -0.40794 0.63807 0.090495 -0.4449 0.85092 -0.70436 -0.53115 0.9391 0.53478 -0.20796 -0.70755 -0.99725 -0.88487 -0.61293 -0.47428 -0.43797 -0.39278 -0.33241 -0.2142 -0.070896 0.10385 0.3567 0.7512 0.9941 0.77565 0.53495 0.40269 0.33738 0.30719 0.2947 0.29609 0.30755 0.32254 0.35314 0.39292 0.40253 0.45734 0.50864 0.55744 0.59429 0.62867 0.66347 0.69787 0.73833 0.77597 0.81415
0.16918 0.082468 0.40743 -0.14534 0.79515 -0.17407 -0.57926 0.93738 -0.54131 -0.36008 0.8675 0.66558 -0.05475 -0.59894 -0.97964 -0.93704 -0.70343 -0.57132 -0.53247 -0.48524 -0.4237 -0.30523 -0.16062 0.017345 0.27774 0.69617 0.99596 0.82069 0.5946 0.4657 0.40035 0.36899 0.35499 0.35465 0.36426 0.37742 0.40592 0.44342 0.45153 0.50371 0.5524 0.59859 0.6332 0.66541 0.69801 0.73018 0.76805 0.80313 0.83857
0.10664 0.026604 0.54167 0.13314 0.84728 -0.4166 -0.6697 0.96922 -0.3557 -0.17781 0.76928 0.77637 0.097551 -0.47963 -0.94465 -0.97353 -0.78266 -0.65972 -0.61951 -0.57133 -0.50968 -0.39233 -0.24781 -0.068086 0.19798 0.63749 0.99193 0.86059 0.65037 0.52559 0.46063 0.42837 0.41302 0.41105 0.41888 0.43025 0.45666 0.49187 0.49854 0.54805 0.5941 0.63767 0.67005 0.70012 0.73054 0.76052 0.79583 0.82837 0.86111
-0.023941 -0.058138 0.52698 0.3777 0.79329 -0.61591 -0.71214 0.94705 -0.15693 0.008337 0.64866 0.86504 0.24546 -0.35248 -0.89362 -0.9944 -0.84996 -0.73869 -0.6984 -0.65042 -0.58975 -0.4749 -0.33187 -0.15185 0.11802 0.57571 0.98229 0.89536 0.70213 0.5822 0.51807 0.48517 0.46864 0.46516 0.4713 0.48095 0.50527 0.53819 0.54351 0.59031 0.63372 0.67467 0.70484 0.7328 0.76107 0.78888 0.82166 0.85171 0.88179
-0.12936 -0.12152 0.38015 0.54888 0.64507 -0.75627 -0.70609 0.87437 0.045661 0.1914 0.51024 0.9302 0.38582 -0.2203 -0.8281 -1 -0.90489 -0.80766 -0.7686 -0.722 -0.66341 -0.55242 -0.41226 -0.2334 0.038386 0.51134 0.96731 0.925 0.74977 0.63539 0.5725 0.53924 0.52172 0.51687 0.52141 0.52941 0.55169 0.58234 0.58637 0.63045 0.67122 0.70956 0.73757 0.76344 0.78961 0.8153 0.84558 0.87318 0.90064
-0.14459 -0.1241 0.14915 0.62311 0.42476 -0.82833 -0.65431 0.75717 0.24323 0.36502 0.35886 0.97118 0.51589 -0.085839 -0.7498 -0.99086 -0.94723 -0.8662 -0.8297 -0.78566 -0.73025 -0.62445 -0.48851 -0.31225 -0.040398 0.44487 0.94731 0.94958 0.79324 0.68505 0.62383 0.59047 0.57217 0.56609 0.56912 0.57557 0.59586 0.62425 0.62709 0.66846 0.70659 0.74234 0.76822 0.79207 0.81618 0.83979 0.86762 0.89281 0.91771
-0.061185 -0.05951 -0.10297 0.59471 0.16121 -0.82925 -0.56234 0.60333 0.42772 0.52358 0.19941 0.98796 0.63331 0.048317 -0.66052 -0.96772 -0.97694 -0.91406 -0.88141 -0.84111 -0.78996 -0.69064 -0.56024 -0.38798 -0.11787 0.37678 0.9226 0.96917 0.83248 0.7311 0.67194 0.63877 0.61989 0.61273 0.61438 0.61937 0.63772 0.6639 0.66564 0.70431 0.73982 0.77302 0.79683 0.8187 0.84079 0.86237 0.88781 0.91064 0.93303
0.068419 0.042885 -0.31535 0.4748 -0.11408 -0.76234 -0.4378 0.42204 0.59221 0.6624 0.036702 0.98115 0.73617 0.17975 -0.56213 -0.93147 -0.99416 -0.95112 -0.9236 -0.88816 -0.84233 -0.7507 -0.62709 -0.4602 -0.19359 0.30754 0.8935 0.98387 0.86747 0.77347 0.71678 0.68407 0.66482 0.65674 0.65712 0.66076 0.67724 0.70127 0.702 0.73799 0.77093 0.80161 0.82339 0.84334 0.86348 0.88309 0.90617 0.92671 0.94664
0.15755 0.13386 -0.44322 0.28761 -0.37068 -0.63616 -0.28977 0.22322 0.73101 0.77775 -0.12471 0.95186 0.82299 0.30627 -0.45651 -0.88314 -0.99918 -0.9774 -0.95621 -0.92673 -0.8872 -0.80442 -0.68881 -0.52857 -0.26719 0.23759 0.86034 0.99382 0.89825 0.81214 0.75828 0.72631 0.7069 0.69806 0.69732 0.69971 0.71441 0.73633 0.73616 0.76951 0.79991 0.82813 0.84794 0.86602 0.88427 0.90196 0.92275 0.94105 0.9586
0.14002 0.16931 -0.46588 0.065296 -0.58242 -0.46331 -0.12804 0.016979 0.83985 0.86691 -0.28058 0.90166 0.8927 0.42589 -0.34557 -0.82386 -0.99242 -0.99305 -0.97931 -0.95681 -0.92451 -0.85165 -0.74516 -0.59283 -0.3383 0.16732 0.82346 0.99914 0.92482 0.84708 0.79642 0.76545 0.7461 0.73667 0.73493 0.73621 0.7492 0.76909 0.76812 0.79886 0.82678 0.85258 0.8705 0.88678 0.90319 0.91904 0.93759 0.95371 0.96893
0.021169 0.13088 -0.38797 -0.15772 -0.72972 -0.2591 0.037513 -0.18692 0.91588 0.9282 -0.42712 0.8325 0.94466 0.5369 -0.23114 -0.75485 -0.97444 -0.99833 -0.99306 -0.97847 -0.95428 -0.89231 -0.79599 -0.65272 -0.40663 0.097133 0.78318 1 0.94724 0.87831 0.83118 0.80148 0.78239 0.77255 0.76995 0.77023 0.78161 0.79955 0.79788 0.82608 0.85157 0.87501 0.89109 0.90564 0.92029 0.93434 0.95073 0.96474 0.9777
-0.1194 0.033602 -0.2349 -0.34998 -0.80101 -0.04005 0.1975 -0.37948 0.95767 0.96089 -0.56101 0.74662 0.97861 0.63783 -0.11499 -0.67736 -0.94587 -0.9936 -0.9977 -0.99187 -0.97656 -0.92637 -0.84117 -0.70808 -0.47189 0.02739 0.73984 0.99657 0.96558 0.90583 0.86256 0.83439 0.81577 0.80568 0.80237 0.80178 0.81164 0.82771 0.82545 0.85116 0.87429 0.89544 0.90976 0.92265 0.93559 0.94793 0.96221 0.97418 0.98495
-0.18209 -0.082296 -0.044696 -0.48709 -0.793 0.17739 0.34354 -0.55278 0.96512 0.96517 -0.67947 0.64649 0.99465 0.7275 0.0011828 -0.59269 -0.90746 -0.97929 -0.99354 -0.99721 -0.99148 -0.95384 -0.88065 -0.75874 -0.53386 -0.041575 0.69375 0.98904 0.97992 0.9297 0.89058 0.86418 0.84625 0.83608 0.8322 0.83086 0.83932 0.8536 0.85085 0.87414 0.89497 0.91391 0.92653 0.93783 0.94915 0.95983 0.97208 0.98207 0.99071
-0.12048 -0.16949 0.1416 -0.55428 -0.7103 0.37806 0.46857 -0.70027 0.93936 0.94206 -0.78029 0.53471 0.99318 0.80495 0.11581 -0.50214 -0.86 -0.95591 -0.98097 -0.99478 -0.99922 -0.97481 -0.91441 -0.80461 -0.59233 -0.10945 0.64525 0.97759 0.99037 0.94995 0.91528 0.89088 0.87383 0.86376 0.85945 0.8575 0.86465 0.87723 0.87411 0.89506 0.91366 0.93045 0.94146 0.95124 0.96099 0.97009 0.98038 0.98846 0.99506
0.023897 -0.19326 0.28848 -0.54729 -0.56413 0.54902 0.56716 -0.8169 0.88259 0.89328 -0.86182 0.41396 0.97493 0.86951 0.22742 -0.407 -0.80433 -0.92404 -0.96041 -0.98488 -1 -0.98939 -0.94245 -0.84561 -0.64713 -0.17595 0.59464 0.96243 0.99702 0.96666 0.93668 0.91452 0.89854 0.88873 0.88415 0.88171 0.88767 0.89865 0.89526 0.91393 0.93038 0.94511 0.95458 0.96292 0.97118 0.97877 0.98716 0.9934 0.99802
0.15279 -0.14469 0.37211 -0.47173 -0.37072 0.68025 0.63558 -0.89923 0.79791 0.82118 -0.92296 0.28692 0.94085 0.92072 0.33471 -0.30854 -0.74135 -0.88429 -0.93234 -0.96787 -0.99408 -0.99772 -0.96484 -0.8817 -0.69814 -0.24082 0.54222 0.94375 1 0.9799 0.95485 0.93514 0.92042 0.91104 0.90632 0.90353 0.9084 0.91788 0.91432 0.93079 0.94519 0.95792 0.96593 0.9729 0.97975 0.98589 0.99246 0.99694 0.99965
0.18158 -0.042382 0.38313 -0.34134 -0.14931 0.76503 0.67188 -0.94538 0.68913 0.72857 -0.96315 0.15623 0.8921 0.95837 0.43649 -0.20798 -0.67196 -0.83733 -0.89728 -0.94417 -0.98177 -1 -0.98165 -0.91288 -0.74523 -0.30383 0.48828 0.92178 0.99944 0.98976 0.96985 0.95278 0.93952 0.93071 0.926 0.92299 0.92688 0.93496 0.93134 0.9457 0.95811 0.96893 0.97556 0.98124 0.98674 0.99152 0.99633 0.99912 1
0.095622 0.0761 0.32645 -0.17529 0.079811 0.8001 0.67579 -0.95505 0.56059 0.61864 -0.98235 0.024442 0.83001 0.98246 0.53172 -0.10649 -0.59708 -0.78384 -0.85578 -0.91418 -0.96337 -0.99644 -0.99302 -0.93918 -0.78835 -0.36475 0.43312 0.89671 0.99547 0.99632 0.98174 0.96752 0.95587 0.94781 0.94324 0.94013 0.94316 0.94993 0.94635 0.95869 0.9692 0.97819 0.98352 0.98799 0.99222 0.9957 0.99883 1 0.99912
-0.045407 0.16907 0.2182 0.0046304 0.29715 0.78549 0.6486 -0.92931 0.41696 0.49482 -0.98094 -0.10605 0.75607 0.99318 0.61951 -0.0051931 -0.51763 -0.72451 -0.80839 -0.87837 -0.93924 -0.98728 -0.99908 -0.96065 -0.82743 -0.42341 0.37699 0.86877 0.98824 0.9997 0.99062 0.9794 0.96954 0.96237 0.95808 0.95499 0.95727 0.96285 0.9594 0.96981 0.9785 0.98576 0.98986 0.99319 0.99622 0.99847 1 0.99962 0.99705
-0.1527 0.20555 0.081458 0.17696 0.48556 0.72431 0.59293 -0.87047 0.2631 0.36069 -0.95974 -0.23301 0.67182 0.99088 0.69913 0.094876 -0.43451 -0.66007 -0.75569 -0.83718 -0.90975 -0.97279 -1 -0.97735 -0.86244 -0.47964 0.32016 0.83816 0.9779 1 0.99656 0.98852 0.98059 0.97445 0.97058 0.96764 0.96927 0.97375 0.97053 0.9791 0.98607 0.99167 0.99463 0.99689 0.9988 0.99989 0.99989 0.99802 0.99384
-0.16629 0.17508 -0.05874 0.32294 0.63144 0.62218 0.51249 -0.78192 0.10385 0.21984 -0.91993 -0.35442 0.57892 0.97609 0.76997 0.19275 -0.34861 -0.59123 -0.69827 -0.79111 -0.87527 -0.95324 -0.99596 -0.9894 -0.89339 -0.5333 0.26287 0.80509 0.96459 0.99733 0.99965 0.99493 0.98908 0.98412 0.98079 0.97811 0.97921 0.98269 0.9798 0.98662 0.99195 0.99598 0.99787 0.99914 1 1 0.99854 0.99527 0.98953
-0.087313 0.089543 -0.17979 0.42834 0.72546 0.48673 0.41184 -0.66785 -0.056106 0.075812 -0.86298 -0.46845 0.479 0.94946 0.83158 0.28756 -0.26079 -0.51869 -0.63671 -0.74062 -0.8362 -0.92893 -0.98718 -0.99691 -0.92028 -0.58427 0.20535 0.76977 0.94846 0.99181 1 0.99873 0.9951 0.99144 0.98877 0.98647 0.98715 0.98974 0.98726 0.99242 0.9962 0.99874 0.99965 1 0.99987 0.99885 0.996 0.99139 0.98419
0.031591 -0.022469 -0.26486 0.48454 0.76292 0.32697 0.29608 -0.53308 -0.21233 -0.067996 -0.79061 -0.57354 0.37374 0.91176 0.88363 0.37849 -0.17188 -0.44316 -0.5716 -0.6862 -0.79293 -0.90016 -0.97385 -1 -0.94316 -0.63244 0.14784 0.7324 0.92968 0.98357 0.9977 1 0.99871 0.99648 0.99459 0.99278 0.99313 0.99493 0.99295 0.99654 0.99886 1 1 0.99951 0.99847 0.9965 0.99233 0.98645 0.97784
0.12369 -0.12592 -0.30467 0.48881 0.74366 0.15264 0.1706 -0.38285 -0.36079 -0.20841 -0.70472 -0.66835 0.26476 0.86384 0.92593 0.46485 -0.082654 -0.3653 -0.5035 -0.62834 -0.74586 -0.86725 -0.95623 -0.99883 -0.96208 -0.67773 0.090524 0.69319 0.90841 0.97272 0.99285 0.99883 1 0.99931 0.99831 0.99709 0.99723 0.99833 0.99694 0.99905 1 0.99982 0.99898 0.99772 0.99584 0.99298 0.98756 0.98048 0.97054
0.14624 -0.19061 -0.29782 0.44399 0.67167 -0.026382 0.040825 -0.22254 -0.49787 -0.3425 -0.60738 -0.75181 0.15368 0.80663 0.95839 0.546 0.0061391 -0.28579 -0.433 -0.56751 -0.69539 -0.83051 -0.93454 -0.99355 -0.97709 -0.72008 0.033607 0.65233 0.88479 0.9594 0.98556 0.99531 0.99904 1 1 0.99948 0.9995 1 0.99927 1 0.99966 0.99825 0.99665 0.99468 0.99202 0.98834 0.98174 0.97353 0.96232
0.097903 -0.19964 -0.24989 0.35758 0.5544 -0.20062 -0.088015 -0.057553 -0.62051 -0.46769 -0.50072 -0.82306 0.041996 0.74113 0.98105 0.62142 0.093809 -0.20524 -0.36062 -0.50418 -0.64191 -0.79026 -0.90903 -0.98434 -0.9883 -0.75943 -0.022733 0.61002 0.85898 0.94373 0.97595 0.98953 0.99592 0.99863 0.99973 1 1 1 1 0.99944 0.9979 0.99534 0.99305 0.99045 0.98707 0.98264 0.97493 0.96564 0.95324
0.01085 -0.15317 -0.17158 0.2405 0.40195 -0.36148 -0.21107 0.1069 -0.72619 -0.58171 -0.3869 -0.88151 -0.068833 0.66836 0.99404 0.69065 0.17971 -0.12427 -0.28689 -0.4388 -0.58582 -0.74683 -0.87995 -0.97138 -0.99578 -0.79576 -0.078327 0.56642 0.83114 0.92583 0.9641 0.9816 0.99073 0.99528 0.99757 0.99872 0.9988 0.99838 0.99919 0.99743 0.99478 0.99114 0.98824 0.98506 0.98104 0.97591 0.96716 0.95687 0.94333
-0.071424 -0.066781 -0.076454 0.10568 0.2261 -0.50159 -0.32403 0.26593 -0.81296 -0.68269 -0.26811 -0.92678 -0.17746 0.58938 0.99758 0.75333 0.26326 -0.043436 -0.21233 -0.37182 -0.5275 -0.70054 -0.84756 -0.95484 -0.99964 -0.82904 -0.13302 0.52174 0.80141 0.90584 0.95015 0.9716 0.98354 0.99002 0.99359 0.99571 0.99595 0.99521 0.99689 0.99402 0.99034 0.98571 0.98226 0.97858 0.97397 0.96821 0.95847 0.94724 0.93263
-0.11585 0.034332 0.021372 -0.033408 0.03941 -0.61506 -0.42323 0.41513 -0.87946 -0.7691 -0.14646 -0.95871 -0.28266 0.50525 0.99197 0.80916 0.34391 0.036719 -0.13741 -0.30366 -0.46732 -0.6517 -0.81212 -0.93493 -1 -0.85926 -0.18667 0.47613 0.76996 0.88389 0.93419 0.95963 0.97445 0.98293 0.98787 0.99104 0.99152 0.99055 0.99317 0.98927 0.98464 0.9791 0.97516 0.97104 0.96591 0.95957 0.94892 0.9368 0.92119
-0.11081 0.123 0.10919 -0.16405 -0.14574 -0.69768 -0.50576 0.55061 -0.92488 -0.83983 -0.024015 -0.97734 -0.3833 0.41701 0.9776 0.85794 0.42119 0.1157 -0.062589 -0.23472 -0.40565 -0.60062 -0.77387 -0.91184 -0.99698 -0.88644 -0.23915 0.42977 0.73693 0.86009 0.91633 0.94579 0.96354 0.9741 0.98048 0.98477 0.98558 0.98445 0.98807 0.98323 0.97774 0.97136 0.967 0.96249 0.9569 0.95004 0.93854 0.9256 0.90905
-0.065093 0.17741 0.17719 -0.27534 -0.31788 -0.74693 -0.56946 0.66913 -0.94897 -0.89411 0.097291 -0.98289 -0.47837 0.32571 0.9549 0.89953 0.49466 0.19303 0.011706 -0.16541 -0.34283 -0.5476 -0.73307 -0.88577 -0.99071 -0.9106 -0.29033 0.38281 0.70245 0.83457 0.89669 0.93018 0.9509 0.9636 0.97148 0.97697 0.97819 0.97699 0.98165 0.97596 0.96968 0.96254 0.95783 0.95299 0.94699 0.93966 0.92737 0.91367 0.89623
0.00035941 0.18617 0.21922 -0.35897 -0.4671 -0.762 -0.61298 0.76809 -0.95196 -0.93154 0.21565 -0.97575 -0.56701 0.23236 0.92435 0.93387 0.56395 0.26831 0.085073 -0.096093 -0.2792 -0.49295 -0.68998 -0.85691 -0.98131 -0.93175 -0.34011 0.3354 0.66668 0.80747 0.87537 0.91289 0.93662 0.95151 0.96096 0.9677 0.96941 0.96821 0.97398 0.96752 0.96052 0.95269 0.94768 0.94257 0.93622 0.92848 0.91545 0.90105 0.88279
0.061893 0.15011 0.23307 -0.40969 -0.58554 -0.74364 -0.63572 0.84558 -0.93454 -0.95204 0.32939 -0.95647 -0.64844 0.13792 0.88649 0.96093 0.62873 0.34113 0.15714 -0.02711 -0.21507 -0.43695 -0.64483 -0.82547 -0.96895 -0.94994 -0.3884 0.2877 0.62975 0.77889 0.85249 0.89402 0.92078 0.9379 0.94899 0.95704 0.9593 0.95819 0.9651 0.95794 0.9503 0.94185 0.93661 0.93129 0.92463 0.91654 0.90283 0.88778 0.86875
0.10025 0.08074 0.22008 -0.4254 -0.66768 -0.69399 -0.63782 0.90038 -0.89782 -0.95586 0.43701 -0.9257 -0.72206 0.04332 0.8419 0.98078 0.68874 0.41115 0.22756 0.041208 -0.15076 -0.37988 -0.59788 -0.79165 -0.95374 -0.96522 -0.4351 0.23983 0.59178 0.74895 0.82813 0.87366 0.90347 0.92287 0.93563 0.94506 0.94793 0.94697 0.95507 0.94729 0.93909 0.93009 0.92466 0.91918 0.91227 0.90387 0.88955 0.87389 0.85415
0.1046 -0.0035863 0.18446 -0.40701 -0.71043 -0.61642 -0.62004 0.93191 -0.84324 -0.94353 0.53721 -0.88421 -0.78735 -0.050553 0.79115 0.99351 0.74375 0.47806 0.29602 0.10855 -0.086556 -0.322 -0.54936 -0.75565 -0.93585 -0.97764 -0.48014 0.19193 0.55292 0.71778 0.80241 0.8519 0.88477 0.90647 0.92096 0.9318 0.93536 0.93461 0.94394 0.93562 0.92692 0.91743 0.91188 0.90628 0.89918 0.89052 0.87563 0.85943 0.83902
0.0742 -0.08272 0.13237 -0.35807 -0.71313 -0.51523 -0.58375 0.94023 -0.77253 -0.9158 0.62885 -0.83288 -0.84392 -0.14289 0.73488 0.99929 0.79357 0.54158 0.36224 0.17465 -0.022724 -0.26357 -0.4995 -0.71765 -0.91541 -0.98725 -0.52346 0.14412 0.51328 0.68547 0.77543 0.82884 0.86477 0.8888 0.90505 0.91735 0.92165 0.92118 0.93177 0.92298 0.91385 0.90394 0.89831 0.89265 0.88539 0.87652 0.86111 0.84442 0.8234
0.018389 -0.13952 0.070914 -0.28417 -0.67738 -0.39543 -0.53079 0.92597 -0.68766 -0.87368 0.71096 -0.77264 -0.8915 -0.23292 0.67369 0.99831 0.83809 0.60147 0.42595 0.23923 0.040478 -0.20484 -0.44853 -0.67787 -0.89258 -0.99413 -0.56499 0.096518 0.47298 0.65215 0.74729 0.80457 0.84354 0.86992 0.88796 0.90177 0.90686 0.90673 0.91861 0.90942 0.89993 0.88965 0.88399 0.87832 0.87095 0.86191 0.84604 0.8289 0.80732
-0.045551 -0.16338 0.0072288 -0.19234 -0.60672 -0.26245 -0.46338 0.89025 -0.59075 -0.81833 0.78279 -0.70447 -0.92994 -0.31995 0.60823 0.9908 0.87721 0.65754 0.48694 0.30206 0.10281 -0.14603 -0.39665 -0.63647 -0.86751 -0.99836 -0.60469 0.049233 0.43214 0.61792 0.71809 0.77917 0.82117 0.8499 0.86977 0.88511 0.89104 0.89131 0.90451 0.89499 0.88519 0.87462 0.86898 0.86332 0.85589 0.84673 0.83044 0.8129 0.79081
-0.096884 -0.1518 -0.052277 -0.090359 -0.50631 -0.1219 -0.38403 0.83467 -0.48404 -0.75106 0.84375 -0.62941 -0.95916 -0.40335 0.53912 0.97703 0.91087 0.70961 0.54498 0.36292 0.16406 -0.087366 -0.34407 -0.59365 -0.84034 -1 -0.64253 0.0023678 0.39087 0.58289 0.68791 0.75273 0.79774 0.82883 0.85054 0.86744 0.87426 0.87497 0.88952 0.87973 0.8697 0.85887 0.8533 0.84771 0.84025 0.831 0.81435 0.79645 0.7739
-0.11775 -0.11002 -0.10246 0.013912 -0.38252 0.020666 -0.29544 0.76115 -0.36986 -0.67332 0.89344 -0.54849 -0.97921 -0.48257 0.46698 0.95731 0.93908 0.75755 0.59992 0.42161 0.22401 -0.029056 -0.291 -0.54959 -0.81123 -0.99914 -0.67846 -0.043982 0.34927 0.54714 0.65685 0.72533 0.77331 0.80677 0.83034 0.84883 0.85657 0.85778 0.87369 0.8637 0.85348 0.84246 0.83699 0.83151 0.82407 0.81477 0.7978 0.77959 0.75662
-0.099505 -0.049022 -0.13976 0.11309 -0.24248 0.15996 -0.20041 0.67196 -0.2505 -0.58661 0.93161 -0.46279 -0.99021 -0.55709 0.39243 0.93194 0.96184 0.80124 0.6516 0.47796 0.28248 0.028708 -0.23762 -0.50445 -0.78031 -0.99587 -0.71246 -0.089729 0.30744 0.51078 0.625 0.69706 0.74798 0.78378 0.80922 0.82932 0.83802 0.83978 0.85707 0.84694 0.83658 0.82543 0.82011 0.81477 0.80738 0.79807 0.78081 0.76233 0.73899
-0.046463 0.017431 -0.16225 0.20076 -0.093659 0.29113 -0.10174 0.56956 -0.12825 -0.49251 0.95819 -0.37335 -0.99235 -0.62649 0.31607 0.90129 0.97922 0.84061 0.69989 0.53182 0.3393 0.085744 -0.18411 -0.45842 -0.74773 -0.99026 -0.74452 -0.13479 0.26548 0.4739 0.59244 0.66799 0.7218 0.75994 0.78726 0.80897 0.81868 0.82103 0.83971 0.82948 0.81905 0.80781 0.80267 0.79751 0.79021 0.78093 0.76343 0.74472 0.72105
0.024744 0.075897 -0.16959 0.27179 0.056504 0.4099 -0.0021543 0.45655 -0.0053132 -0.39261 0.97326 -0.28121 -0.98592 -0.6904 0.23847 0.86569 0.9913 0.87561 0.74469 0.58305 0.39431 0.14188 -0.13065 -0.41164 -0.71364 -0.98242 -0.77462 -0.17909 0.22348 0.43659 0.55926 0.6382 0.69485 0.73531 0.76451 0.78785 0.79859 0.80156 0.82165 0.81139 0.80093 0.78965 0.78473 0.77978 0.7726 0.76338 0.74568 0.72678 0.70281
0.090504 0.1159 -0.16278 0.3226 0.20098 0.51269 0.095756 0.33564 0.11621 -0.28848 0.977 -0.18737 -0.97124 -0.74853 0.16019 0.82554 0.99818 0.90622 0.78593 0.63154 0.44738 0.19697 -0.077385 -0.36429 -0.67817 -0.97244 -0.80275 -0.22255 0.18152 0.39893 0.52553 0.60776 0.6672 0.70996 0.74103 0.76601 0.7778 0.78144 0.80294 0.79269 0.78225 0.77097 0.76631 0.7616 0.75458 0.74544 0.72759 0.70853 0.68431
0.12839 0.1316 -0.14381 0.35118 0.33346 0.59668 0.1896 0.20954 0.23436 -0.1817 0.96977 -0.092793 -0.94872 -0.80064 0.081757 0.7812 1 0.93243 0.82354 0.67718 0.49837 0.25086 -0.024483 -0.3165 -0.64146 -0.9604 -0.82893 -0.26511 0.13969 0.36101 0.49134 0.57675 0.63891 0.68394 0.71688 0.7435 0.75636 0.7607 0.78361 0.77343 0.76306 0.75183 0.74744 0.74301 0.73617 0.72715 0.70918 0.69 0.66557
0.1251 0.12238 -0.11539 0.35712 0.44854 0.65985 0.27723 0.080917 0.34736 -0.073781 0.95199 0.0015828 -0.91879 -0.84653 0.0036801 0.73306 0.99691 0.95427 0.85749 0.71991 0.54719 0.30341 0.027919 -0.26842 -0.60364 -0.94641 -0.85315 -0.30672 0.098065 0.32289 0.45676 0.54523 0.61005 0.65732 0.69212 0.72037 0.73432 0.73939 0.76372 0.75365 0.74339 0.73224 0.72817 0.72404 0.71741 0.70854 0.69048 0.67122 0.6466
0.081157 0.09228 -0.080546 0.34143 0.54193 0.70096 0.35678 -0.047662 0.45357 0.033833 0.9242 0.094889 -0.88193 -0.8861 -0.073568 0.68152 0.98909 0.97178 0.88775 0.75964 0.59374 0.35452 0.079686 -0.2202 -0.56484 -0.93055 -0.87543 -0.34732 0.056714 0.28467 0.42185 0.51328 0.58069 0.63015 0.66679 0.69667 0.71174 0.71755 0.7433 0.73339 0.72328 0.71225 0.70853 0.70472 0.69833 0.68964 0.67152 0.6522 0.62744
0.010641 0.048701 -0.042373 0.30636 0.61056 0.71957 0.4267 -0.17376 0.55159 0.13977 0.88704 0.18631 -0.83866 -0.91927 -0.14954 0.62696 0.97673 0.98502 0.91432 0.79634 0.63792 0.40407 0.13069 -0.17194 -0.52518 -0.91293 -0.89577 -0.38687 0.015707 0.2464 0.38669 0.48095 0.55087 0.60248 0.64095 0.67245 0.68864 0.69524 0.72239 0.71268 0.70275 0.69189 0.68854 0.68507 0.67894 0.67046 0.65232 0.63298 0.6081
-0.063826 0.00060833 -0.0037708 0.25512 0.65257 0.71596 0.48572 -0.29513 0.6402 0.24277 0.84118 0.27508 -0.78953 -0.94602 -0.22383 0.56976 0.96002 0.99407 0.93722 0.82998 0.67969 0.45196 0.18082 -0.1238 -0.48479 -0.89363 -0.91421 -0.42531 -0.024893 0.20816 0.35134 0.4483 0.52066 0.57439 0.61464 0.64776 0.66508 0.67248 0.70104 0.69156 0.68186 0.67119 0.66823 0.66514 0.65929 0.65103 0.6329 0.61356 0.58861
-0.11882 -0.043263 0.03272 0.19162 0.66734 0.69107 0.53295 -0.40973 0.7184 0.34165 0.78737 0.36052 -0.73508 -0.96638 -0.29605 0.51031 0.93918 0.99903 0.95647 0.86052 0.71898 0.49811 0.22997 -0.075864 -0.44379 -0.87276 -0.93076 -0.46261 -0.065026 0.17 0.31587 0.4154 0.49011 0.5459 0.58793 0.62264 0.6411 0.64932 0.67927 0.67006 0.66062 0.65019 0.64763 0.64493 0.6394 0.63138 0.61329 0.59399 0.56898
-0.13778 -0.075925 0.065026 0.12014 0.65538 0.64644 0.56778 -0.51574 0.78539 0.43537 0.72641 0.442 -0.67589 -0.98042 -0.36586 0.44898 0.91445 1 0.97213 0.88797 0.75574 0.54243 0.27804 -0.028262 -0.40228 -0.8504 -0.94544 -0.49874 -0.10464 0.13199 0.28032 0.3823 0.45928 0.51708 0.56085 0.59714 0.61674 0.62579 0.65713 0.64823 0.63908 0.6289 0.62678 0.62448 0.61928 0.61153 0.59351 0.57426 0.54923
-0.11589 -0.093128 0.091593 0.04506 0.61824 0.58409 0.58991 -0.6116 0.84059 0.52299 0.65913 0.51896 -0.61254 -0.98825 -0.43294 0.38614 0.88604 0.9971 0.98423 0.91233 0.78994 0.58486 0.32493 0.018908 -0.36037 -0.82665 -0.9583 -0.53367 -0.14367 0.094184 0.24477 0.34906 0.42822 0.48797 0.53345 0.57129 0.59204 0.60194 0.63465 0.62608 0.61725 0.60736 0.60569 0.60382 0.59896 0.5915 0.57357 0.55441 0.52939
-0.060947 -0.093736 0.11139 -0.02938 0.55834 0.50645 0.59937 -0.69601 0.8836 0.60369 0.58637 0.59091 -0.54561 -0.99001 -0.49701 0.32213 0.85421 0.99047 0.99286 0.93362 0.82157 0.62535 0.37057 0.065548 -0.31817 -0.8016 -0.96935 -0.56737 -0.18209 0.056637 0.20926 0.31572 0.39698 0.45862 0.50578 0.54515 0.56704 0.57779 0.61186 0.60366 0.59517 0.58559 0.58439 0.58297 0.57847 0.57131 0.5535 0.53445 0.50946
0.009932 -0.079512 0.12386 -0.099327 0.47886 0.41622 0.5964 -0.76794 0.91423 0.67679 0.50898 0.65743 -0.47568 -0.98588 -0.55781 0.2573 0.81918 0.98025 0.99809 0.95187 0.8506 0.66384 0.41488 0.11157 -0.27577 -0.77534 -0.97864 -0.59983 -0.21984 0.019397 0.17384 0.28235 0.3656 0.42908 0.47786 0.51874 0.54177 0.55339 0.58879 0.58098 0.57287 0.56363 0.56291 0.56195 0.55783 0.55099 0.53332 0.51439 0.48946
0.076076 -0.054444 0.12891 -0.16147 0.38349 0.31631 0.58155 -0.82662 0.93247 0.74171 0.42782 0.71817 -0.40332 -0.97608 -0.61513 0.19199 0.78121 0.96658 1 0.9671 0.87704 0.7003 0.45779 0.15688 -0.23328 -0.74795 -0.98621 -0.63102 -0.25688 -0.017488 0.13856 0.24897 0.33412 0.39937 0.44976 0.49211 0.51627 0.52876 0.56548 0.55809 0.55038 0.54149 0.54127 0.54078 0.53705 0.53055 0.51304 0.49427 0.46941
0.11957 -0.023792 0.1268 -0.21315 0.27629 0.20973 0.55552 -0.87153 0.93848 0.79802 0.34375 0.77283 -0.32909 -0.96082 -0.66878 0.1265 0.74055 0.94963 0.99869 0.97937 0.90089 0.73469 0.49925 0.20141 -0.19078 -0.71954 -0.99208 -0.66093 -0.29318 -0.053974 0.10347 0.21564 0.3026 0.36956 0.42149 0.46529 0.49057 0.50394 0.54196 0.53501 0.52771 0.51921 0.5195 0.51948 0.51616 0.51001 0.49268 0.47409 0.44933
0.1301 0.0069444 0.11808 -0.25248 0.16152 0.099493 0.51924 -0.9024 0.93256 0.84538 0.2576 0.82118 -0.25353 -0.94038 -0.7186 0.061131 0.69743 0.92955 0.99426 0.98874 0.92217 0.76699 0.5392 0.24509 -0.14835 -0.69017 -0.99631 -0.68955 -0.32871 -0.090019 0.068603 0.1824 0.27107 0.33967 0.3931 0.43831 0.46471 0.47895 0.51825 0.51176 0.5049 0.4968 0.49761 0.49808 0.49518 0.48939 0.47227 0.45386 0.42923
0.10698 0.03295 0.10355 -0.27829 0.043444 -0.011462 0.47377 -0.91922 0.91516 0.88358 0.17018 0.86307 -0.17717 -0.91502 -0.76446 -0.0038258 0.65211 0.9065 0.98683 0.99525 0.94088 0.79718 0.5776 0.28784 -0.10608 -0.65994 -0.99894 -0.71688 -0.36342 -0.12559 0.03401 0.14929 0.23957 0.30973 0.36463 0.41122 0.43871 0.45383 0.49438 0.48838 0.48197 0.47429 0.47562 0.4766 0.47412 0.46871 0.45181 0.43361 0.40912
0.058405 0.050771 0.084184 -0.29018 -0.073814 -0.12034 0.42029 -0.92218 0.88686 0.91253 0.082266 0.89839 -0.10051 -0.88502 -0.80625 -0.068106 0.60482 0.88067 0.9765 0.99898 0.95707 0.82525 0.6144 0.32961 -0.064051 -0.62892 -1 -0.74291 -0.39731 -0.16064 -0.00027677 0.11635 0.20813 0.2798 0.3361 0.38403 0.41261 0.4286 0.47038 0.46488 0.45894 0.45169 0.45356 0.45504 0.45301 0.44798 0.43131 0.41334 0.38902
-0.0017091 0.058684 0.061081 -0.28845 -0.18639 -0.22454 0.36006 -0.91166 0.84834 0.9322 -0.0053906 0.92709 -0.02404 -0.8507 -0.84391 -0.13146 0.55581 0.85222 0.96339 1 0.97076 0.85121 0.64958 0.37034 -0.022328 -0.59719 -0.99955 -0.76763 -0.43033 -0.19514 -0.034221 0.08361 0.1768 0.24989 0.30756 0.35679 0.38643 0.40329 0.44627 0.44129 0.43584 0.42903 0.43145 0.43344 0.43185 0.42722 0.41081 0.39307 0.36893
-0.058013 0.056734 0.035409 -0.27398 -0.2908 -0.32175 0.29441 -0.88824 0.80037 0.9427 -0.092083 0.94915 0.051791 -0.81236 -0.87737 -0.19364 0.50531 0.82132 0.94763 0.99839 0.982 0.87504 0.6831 0.40998 0.019018 -0.56483 -0.99763 -0.79106 -0.46247 -0.22907 -0.067788 0.051107 0.1456 0.22005 0.27902 0.32951 0.3602 0.37793 0.42208 0.41763 0.41268 0.40633 0.40929 0.4118 0.41067 0.40644 0.3903 0.37282 0.34887
-0.097529 0.046502 0.0083712 -0.24819 -0.38402 -0.40991 0.22468 -0.85266 0.74379 0.94421 -0.17715 0.96465 0.12655 -0.77033 -0.90662 -0.25445 0.45354 0.78816 0.92934 0.99423 0.99083 0.89676 0.71495 0.44848 0.059924 -0.53191 -0.99429 -0.81318 -0.49371 -0.26239 -0.10095 0.018873 0.11457 0.1903 0.25052 0.30223 0.33395 0.35254 0.39783 0.39392 0.38948 0.38361 0.38712 0.39015 0.38948 0.38566 0.3698 0.35259 0.32886
