0.0044812 0.0073036 0.0071131 -0.03019 0.040142 -0.039603 -0.04182 -0.023547 0.10399 0.027382 -0.01316 0.086643 -0.0023968 -0.015581 -0.28238 0.1243 -0.17095 0.4769 -0.17047 -0.54508 -0.60863 -0.46701 0.082252 0.68824 0.21794 -0.7492 0.45783 -0.056787 -0.15943 0.15262 0.012171 -0.29835 0.61968 -0.81358 0.68589 -0.16988 -0.50986 0.83663 -0.44616 -0.40493 0.8448 -0.1617 -0.83841 -0.70739 -0.23364 0.74782 0.55579 -0.56872 -0.73111
-0.0046863 -1.5588e-05 -0.018542 0.005042 0.031414 0.012179 -0.020427 0.051728 -0.11909 -0.0015911 -0.05051 -0.11555 -0.098696 -0.016647 0.35497 -0.35889 0.48037 -0.16771 -0.61259 -0.63781 -0.6954 -0.57326 0.15747 0.7439 -0.20479 -0.55952 0.78829 -0.75596 0.73164 -0.78695 0.8195 -0.6899 0.29532 0.29373 -0.7778 0.74874 -0.093037 -0.67967 0.77863 0.014574 -0.82459 0.42202 0.78951 0.6263 0.16077 -0.7725 -0.59602 0.50548 0.81496
0.0048957 -0.0046563 -0.020851 0.020479 0.014281 0.045447 0.078315 -0.094536 -0.073918 0.011082 -0.20906 -0.093018 0.1634 -0.028991 -0.33612 0.288 0.13558 -0.55699 -0.58642 -0.59705 -0.72098 -0.41833 0.53337 0.49176 -0.74603 0.30977 0.10463 -0.27897 0.24297 0.014335 -0.40955 0.76604 -0.80268 0.34546 0.41202 -0.85468 0.46891 0.44596 -0.8571 0.16102 0.79186 -0.46121 -0.80453 -0.68828 -0.30013 0.66245 0.76058 -0.23272 -0.89255
0.005394 0.009289 -0.0039345 0.016697 -0.049671 -0.0022406 -0.046444 0.060921 -0.050526 0.14318 0.028974 0.12496 -0.13661 0.19552 -0.23303 0.46731 -0.27741 -0.6179 -0.58512 -0.68141 -0.66038 0.11278 0.75757 -0.36822 -0.36116 0.74307 -0.81569 0.82466 -0.82079 0.68134 -0.26805 -0.35441 0.81934 -0.67982 -0.093476 0.8049 -0.61375 -0.3544 0.86859 -0.1312 -0.83362 0.32235 0.87418 0.83852 0.58907 -0.35495 -0.89381 -0.247 0.74654
-0.0070176 -0.0021803 -0.0020877 -0.0093849 -0.0083939 0.020738 -0.002784 0.11943 -0.03785 0.051184 0.067334 -0.096556 -0.13284 -0.1223 0.28335 0.28823 -0.4315 -0.6487 -0.69144 -0.69741 -0.15243 0.7469 0.027037 -0.71179 0.76609 -0.54043 0.40656 -0.46934 0.67478 -0.8464 0.66013 -0.017479 -0.69625 0.79348 -0.037018 -0.78998 0.60489 0.43672 -0.84417 -0.08809 0.88591 0.0094771 -0.85994 -0.90487 -0.86342 -0.18887 0.73506 0.75938 -0.18908
-0.003236 0.0092999 0.0043574 0.040276 -0.0074401 -0.060399 -0.02403 0.10059 0.029789 -0.16226 -0.032179 0.044463 0.3295 -0.31014 0.51475 0.19871 -0.39141 -0.61847 -0.6061 -0.17079 0.67798 0.30484 -0.80105 0.55115 -0.11291 -0.19334 0.24477 -0.065299 -0.31776 0.75664 -0.80237 0.1987 0.64017 -0.80661 -0.022269 0.84269 -0.44826 -0.64934 0.69876 0.459 -0.78232 -0.48899 0.55843 0.63738 0.81557 0.76054 -0.10711 -0.86173 -0.59664
-0.0043653 0.0054921 0.0050106 -0.0042624 0.0069101 0.060769 -0.027822 0.0052178 -0.05814 0.16681 -0.082249 0.037629 0.33353 -0.29055 0.57785 0.31826 -0.096356 -0.2202 0.08679 0.70048 0.39077 -0.79802 0.36788 0.20203 -0.53545 0.67214 -0.63766 0.41322 0.06343 -0.66938 0.83482 -0.19599 -0.69967 0.73759 0.25354 -0.88269 0.10284 0.85994 -0.30976 -0.81938 0.34401 0.8689 0.10613 0.065682 -0.20756 -0.84777 -0.69299 0.20497 0.88958
-0.0074435 0.0024313 -0.0058157 0.009025 -0.054118 0.080403 -0.080666 -0.069364 0.090576 -0.061921 0.11923 -0.096571 0.1405 -0.27849 0.57552 0.57088 0.45652 0.54596 0.7649 0.27487 -0.79407 0.25306 0.34858 -0.69517 0.80818 -0.8345 0.79049 -0.56177 0.016555 0.68121 -0.8105 0.022284 0.82627 -0.51915 -0.5967 0.74544 0.40523 -0.82555 -0.31623 0.83984 0.38155 -0.73109 -0.78852 -0.80391 -0.65678 0.1143 0.83525 0.7352 -0.13787
0.007848 -0.0024335 0.011362 0.014124 0.060392 0.048805 -0.11123 0.015067 -0.13265 -0.15334 0.035404 -0.10792 0.050436 -0.36401 0.36763 0.57433 0.64398 0.53321 -0.10196 -0.80817 0.28839 0.40877 -0.74497 0.84042 -0.84751 0.85816 -0.83068 0.56776 0.073435 -0.782 0.68615 0.30693 -0.88331 0.080047 0.87007 -0.27759 -0.84041 0.32629 0.84694 -0.25724 -0.8935 -0.070811 0.7755 0.76366 0.84792 0.80683 0.080528 -0.73356 -0.84496
0.008741 0.0057727 0.01234 -0.04586 0.018846 0.040989 0.085725 0.026084 0.1011 0.11928 -0.039644 -0.071923 0.14849 -0.47321 -0.21883 -0.11681 -0.24159 -0.62787 -0.67996 0.49317 0.32804 -0.7556 0.84927 -0.83363 0.8343 -0.86436 0.81646 -0.44158 -0.31532 0.88009 -0.37173 -0.69562 0.67111 0.50571 -0.77181 -0.43709 0.77889 0.48799 -0.721 -0.62514 0.53903 0.85705 0.15774 0.24484 0.089778 -0.62601 -0.91275 -0.413 0.48072
-0.00025968 -0.014609 0.032143 0.019408 -0.028908 -0.0015723 -0.010697 -0.05429 0.12049 0.16842 -0.035519 -0.07736 0.42356 -0.3257 -0.71168 -0.69851 -0.62639 -0.11497 0.76428 0.05671 -0.68519 0.85453 -0.84546 0.82163 -0.84811 0.87234 -0.71933 0.15409 0.64339 -0.80762 -0.16065 0.89606 -0.078514 -0.8912 0.12692 0.89873 -0.027701 -0.90584 -0.17847 0.85341 0.50135 -0.55864 -0.91425 -0.932 -0.92046 -0.57492 0.22205 0.85681 0.76603
0.0046987 -0.00013281 0.026566 0.0152 -0.007604 0.0018121 0.001022 0.032859 -0.12033 0.098276 -0.01081 -0.16133 0.63273 0.258 -0.056954 0.25232 0.65142 0.68104 -0.42641 -0.45354 0.82148 -0.8648 0.84674 -0.84869 0.87468 -0.81812 0.45903 0.28986 -0.88083 0.39734 0.72188 -0.60004 -0.65214 0.61789 0.69726 -0.51438 -0.81086 0.28781 0.90371 0.059718 -0.86643 -0.59711 0.23721 0.081303 0.16559 0.75508 0.89464 0.35832 -0.48705
-0.00072849 0.020163 -0.017544 -0.03287 -0.0026697 0.047199 -0.029319 0.10365 -0.2173 0.051682 -0.0076812 -0.28337 0.2484 0.52942 0.75545 0.50964 -0.12323 -0.80474 0.058066 0.65319 -0.8591 0.87339 -0.87258 0.8764 -0.82645 0.5884 0.014127 -0.74403 0.75697 0.30916 -0.87414 -0.20015 0.87843 0.28986 -0.82273 -0.50452 0.65604 0.75369 -0.3378 -0.91085 -0.16741 0.76157 0.87417 0.9311 0.91519 0.56313 -0.18298 -0.81959 -0.84738
0.0077274 0.0034537 0.021299 -0.055418 -0.065862 -0.08524 0.029124 -0.070205 -0.19486 0.042966 -0.058799 -0.23664 -0.5976 -0.31003 -0.41162 -0.76457 -0.38114 0.6891 0.17985 -0.72304 0.86348 -0.8818 0.86694 -0.80115 0.57647 -0.10569 -0.58631 0.88354 -0.12878 -0.86773 0.2858 0.87398 -0.17247 -0.91077 -0.10079 0.87289 0.47022 -0.65145 -0.79881 0.20617 0.91614 0.50395 -0.28965 -0.068225 -0.090223 -0.67199 -0.93082 -0.57663 0.20855
-0.0022379 -0.0053648 -0.012642 -0.034418 -0.043133 0.085202 0.020023 -0.17917 -0.17152 0.041346 -0.15356 0.15709 -0.32868 -0.37926 -0.28501 0.57999 0.66505 -0.54747 -0.27059 0.70655 -0.82522 0.82276 -0.71922 0.49612 -0.056136 -0.52054 0.90143 -0.41561 -0.67166 0.6594 0.64709 -0.5733 -0.78942 0.31036 0.91031 0.11171 -0.84748 -0.58534 0.49909 0.89809 0.13643 -0.74564 -0.90725 -0.94136 -0.93359 -0.76243 -0.15271 0.57284 0.93498
0.0094578 -0.02609 0.011653 -0.011165 0.090953 -0.017415 0.035409 -0.17398 -0.18632 0.015472 -0.13641 0.3731 0.74795 0.65402 0.72274 -0.27314 -0.78029 0.48402 0.22694 -0.59306 0.67748 -0.58983 0.3239 0.073824 -0.58331 0.89974 -0.56253 -0.4648 0.8571 0.30405 -0.82942 -0.51287 0.64204 0.78963 -0.24217 -0.92187 -0.31389 0.72125 0.79232 -0.15999 -0.90012 -0.64901 0.051232 -0.23792 -0.2697 0.32861 0.844 0.88162 0.35088
0.0022272 -0.0060303 0.035967 0.028855 -0.071484 -0.097916 -0.019396 -0.14966 -0.2101 -0.01671 0.13428 -0.22866 -0.2849 -0.46368 -0.83701 0.033028 0.81763 -0.52634 -0.05006 0.33768 -0.33959 0.11421 0.28955 -0.6929 0.90421 -0.58513 -0.33478 0.91016 -0.035034 -0.91658 -0.15525 0.85308 0.55138 -0.55402 -0.87499 -0.0086153 0.8624 0.62707 -0.39544 -0.92935 -0.38207 0.52091 0.91991 0.82126 0.78286 0.93849 0.67223 0.02391 -0.66847
0.0052946 0.022531 -0.0011305 0.00077429 0.044224 0.07037 -0.09435 -0.15895 -0.16354 0.026773 0.22336 -0.27613 -0.36532 0.11691 0.79074 0.085399 -0.82247 0.65783 -0.25373 0.082477 -0.19271 0.5025 -0.82488 0.88652 -0.48257 -0.33173 0.91418 -0.24756 -0.86931 0.19678 0.92084 0.23966 -0.7797 -0.72529 0.28077 0.92574 0.42294 -0.59309 -0.89804 -0.16057 0.73639 0.88689 0.43451 0.71265 0.76227 0.31856 -0.33777 -0.84597 -0.88933
0.012 0.010089 -0.0020866 -0.065168 -0.016571 0.075182 -0.14322 -0.19724 0.0054028 0.091931 -0.24069 0.50079 0.74648 0.17419 -0.7285 -0.079233 0.78332 -0.8167 0.62154 -0.58097 0.73373 -0.90421 0.80641 -0.31206 -0.46366 0.91677 -0.34261 -0.78961 0.47167 0.86294 -0.093047 -0.90497 -0.50149 0.54139 0.90732 0.18441 -0.7466 -0.82441 0.026615 0.84424 0.76918 0.0086261 -0.62646 -0.31224 -0.20243 -0.6692 -0.93937 -0.76153 -0.15712
-0.012284 0.013071 0.028025 0.061015 0.01272 0.01697 -0.16892 -0.2078 0.15715 -0.05952 -0.082109 -0.36076 -0.84312 -0.35116 0.72093 -0.048591 -0.64426 0.88284 -0.88458 0.90237 -0.90265 0.66346 -0.055347 -0.62924 0.90787 -0.31119 -0.74664 0.61217 0.73039 -0.39002 -0.92031 -0.22746 0.74336 0.81475 -0.056032 -0.86123 -0.71544 0.20493 0.90176 0.65478 -0.2297 -0.86638 -0.89537 -0.94702 -0.91703 -0.90296 -0.53727 0.094129 0.71126
0.013449 0.0015637 0.03998 -0.037466 -0.066318 0.006232 -0.16982 -0.10678 0.052099 -0.12744 0.35181 0.074604 0.80239 0.42418 -0.7797 0.28914 0.33832 -0.70018 0.79795 -0.72152 0.40145 0.20534 -0.80273 0.85325 -0.13979 -0.77636 0.66019 0.62619 -0.60647 -0.84407 0.063575 0.87762 0.66049 -0.29693 -0.92234 -0.56764 0.3703 0.93256 0.54927 -0.37623 -0.92762 -0.69901 -0.14142 -0.53553 -0.65514 -0.22168 0.37613 0.84102 0.91828
-0.0024343 0.00097399 -0.0098412 0.015186 0.022894 0.030119 -0.11339 0.091606 -0.11875 0.19989 -0.39358 0.18187 -0.74914 -0.40645 0.86985 -0.59575 0.14314 0.18397 -0.22847 -0.022682 0.50776 -0.90631 0.71537 0.087257 -0.86267 0.61585 0.58967 -0.70648 -0.71814 0.32945 0.93128 0.45351 -0.51381 -0.93297 -0.39826 0.53328 0.93672 0.43533 -0.48084 -0.94097 -0.55489 0.2285 0.74458 0.40459 0.23296 0.64888 0.93122 0.84645 0.36021
-0.01262 0.023902 -0.025321 0.021598 0.11775 0.063258 0.031218 0.1671 0.019698 -0.081083 0.27381 -0.35104 0.74526 0.29205 -0.90943 0.84532 -0.6598 0.50732 -0.56793 0.8044 -0.92624 0.52207 0.36607 -0.92153 0.45432 0.64636 -0.73188 -0.63206 0.53069 0.91083 0.21188 -0.69981 -0.89034 -0.20219 0.67189 0.91356 0.31314 -0.57739 -0.93905 -0.4598 0.39425 0.90551 0.89063 0.94697 0.89201 0.94255 0.70598 0.18168 -0.45741
-0.01314 -0.0036145 0.018029 -0.045473 0.092811 0.089847 0.19078 -0.016855 0.05094 -0.11166 -0.11074 0.43949 -0.80119 -0.064993 0.77977 -0.8425 0.90033 -0.91141 0.92303 -0.77935 0.22668 0.59959 -0.91591 0.23139 0.77877 -0.6786 -0.61319 0.6222 0.84141 -0.030243 -0.83731 -0.7937 0.0039658 0.79237 0.86215 0.16875 -0.66511 -0.92786 -0.38898 0.47898 0.93892 0.72318 0.23764 0.66492 0.80118 0.48426 -0.049345 -0.59786 -0.93089
-0.0074495 0.026191 -0.039034 -0.025532 0.025601 0.080835 0.15728 -0.12772 -0.06375 0.26541 -0.022302 -0.46319 0.88529 -0.26767 -0.38249 0.43013 -0.56405 0.56832 -0.34195 -0.19177 0.81036 -0.83326 -0.058811 0.88773 -0.51575 -0.68058 0.63684 0.79122 -0.23139 -0.91718 -0.64579 0.21873 0.88094 0.77765 0.020613 -0.75442 -0.90499 -0.31358 0.53277 0.94599 0.62541 -0.078422 -0.59568 -0.13636 0.10384 -0.31541 -0.74968 -0.95248 -0.78643
0.010151 0.012384 0.055072 0.083713 -0.016375 -0.0045457 -0.09977 0.03938 0.065104 -0.34848 0.097941 0.4223 -0.9235 0.62829 -0.24379 0.29821 -0.26046 0.36742 -0.67322 0.93834 -0.64377 -0.32126 0.94053 -0.29297 -0.81159 0.56279 0.78717 -0.32409 -0.94154 -0.46927 0.42638 0.93393 0.6628 -0.14325 -0.82856 -0.86465 -0.23144 0.58781 0.94736 0.57663 -0.20259 -0.79776 -0.95218 -0.81654 -0.64809 -0.88047 -0.94412 -0.70253 -0.17352
0.0048587 0.0011401 -0.046512 0.056412 -0.023089 -0.14546 -0.15708 0.068213 -0.074551 0.38225 -0.10867 -0.29863 0.80786 -0.84114 0.818 -0.87087 0.89465 -0.93083 0.83304 -0.29927 -0.59335 0.91208 -0.0052993 -0.90938 0.3709 0.84036 -0.32867 -0.93983 -0.30115 0.60509 0.94071 0.51262 -0.30857 -0.89215 -0.8083 -0.12599 0.64353 0.94684 0.54919 -0.25089 -0.85354 -0.90815 -0.62398 -0.92358 -0.95729 -0.87897 -0.56531 -0.053314 0.5185
-0.010186 -0.02073 0.010585 -0.017989 -0.0079462 -0.17384 0.10964 -0.059963 0.087275 -0.39969 0.048913 0.070881 -0.44329 0.69093 -0.89492 0.70847 -0.58394 0.31865 0.22497 -0.84252 0.78709 0.25248 -0.94496 0.12952 0.91792 -0.22701 -0.94181 -0.22158 0.73205 0.90454 0.33109 -0.4768 -0.93416 -0.72691 -0.014391 0.71164 0.94139 0.51574 -0.27216 -0.86957 -0.8747 -0.39122 0.10651 -0.44526 -0.67903 -0.36709 0.11831 0.60614 0.92317
0.0075203 -0.039422 0.02437 -0.039717 0.0084465 0.04735 0.062644 -0.014818 -0.098176 0.42423 0.086921 0.25232 -0.15367 -0.10937 0.24979 0.19559 -0.4622 0.76772 -0.94708 0.51619 0.52265 -0.90497 -0.1589 0.94482 -0.0027506 -0.94627 -0.22685 0.78012 0.84129 0.13973 -0.6344 -0.94943 -0.62234 0.11768 0.77548 0.92769 0.4733 -0.3014 -0.87425 -0.86482 -0.31084 0.36236 0.75251 0.28085 -0.026846 0.3286 0.72146 0.94501 0.87398
0.0033811 -0.0021088 0.010322 -0.020584 0.006641 0.21209 -0.11435 0.07533 0.10938 -0.46308 -0.29128 -0.58985 0.75434 -0.6114 0.6748 -0.91631 0.91325 -0.68672 0.044385 0.78709 -0.77827 -0.3978 0.89764 0.24517 -0.91203 -0.33416 0.77709 0.8058 -0.027404 -0.76493 -0.92745 -0.48648 0.25803 0.84138 0.90364 0.40638 -0.33933 -0.88329 -0.86527 -0.29727 0.43182 0.88073 0.95292 0.8339 0.62141 0.84014 0.96015 0.83675 0.43703
-0.018675 -0.02845 -0.061004 0.0099196 -0.0028881 -0.052907 0.063982 -0.091616 -0.12723 0.50447 0.51973 0.77101 -0.95257 0.87006 -0.91881 0.47323 -0.0069851 -0.55171 0.95125 -0.52251 -0.63175 0.79618 0.50492 -0.81677 -0.53529 0.70841 0.81277 -0.09825 -0.85179 -0.87157 -0.32063 0.41041 0.89746 0.86195 0.32852 -0.40204 -0.89496 -0.86201 -0.30657 0.43611 0.90508 0.89762 0.6428 0.94847 0.94945 0.94519 0.76164 0.37102 -0.1685
-0.0040434 0.011316 -0.034917 0.043248 0.031997 -0.18221 -0.013419 0.074143 0.15783 -0.51505 -0.6724 -0.60246 0.46061 -0.28933 0.059146 0.66143 -0.93105 0.81262 -0.084841 -0.84644 0.62144 0.6908 -0.64753 -0.71973 0.53973 0.8673 -0.08684 -0.88127 -0.79708 -0.14327 0.56312 0.93921 0.80025 0.22444 -0.47111 -0.91503 -0.85226 -0.30496 0.41981 0.90398 0.87704 0.45048 0.023333 0.61119 0.83788 0.63608 0.2505 -0.23045 -0.69167
0.012037 0.013508 0.039588 0.0764 0.097951 0.15994 0.0039233 -0.044358 -0.20293 0.44326 0.61232 0.045363 0.46492 -0.64724 0.90938 -0.79621 0.25932 0.48323 -0.96117 0.33913 0.84509 -0.46915 -0.8707 0.32647 0.93604 0.025722 -0.87825 -0.75957 0.013919 0.69883 0.95382 0.70883 0.10256 -0.55861 -0.93342 -0.82814 -0.29031 0.41539 0.89532 0.88234 0.40744 -0.20193 -0.5902 0.01344 0.37488 0.077354 -0.34394 -0.72861 -0.95087
0.015793 0.0042096 0.052077 0.090291 0.027159 0.010376 -0.023103 0.019895 0.25514 -0.23997 -0.25258 0.60593 -0.98019 0.82538 -0.57256 -0.40052 0.90347 -0.80704 -0.085643 0.95134 -0.24414 -0.9448 0.069475 0.95459 0.24477 -0.83025 -0.76852 0.079688 0.79678 0.93839 0.58315 -0.04488 -0.65169 -0.95082 -0.79428 -0.246 0.4235 0.89201 0.89533 0.42574 -0.24186 -0.74606 -0.93288 -0.57334 -0.22352 -0.4952 -0.79659 -0.95797 -0.88303
0.016717 -0.030315 0.033922 0.04891 -0.15304 -0.12797 0.049425 -0.013018 -0.29277 -0.095851 -0.30779 -0.80273 0.42336 0.11547 -0.67846 0.89831 -0.29612 -0.58852 0.93576 0.053773 -0.96772 -0.13817 0.91096 0.46162 -0.70152 -0.83032 0.067986 0.83209 0.89887 0.43608 -0.21102 -0.75048 -0.95853 -0.73973 -0.18802 0.46025 0.89334 0.90317 0.46179 -0.21562 -0.76749 -0.96145 -0.89039 -0.92287 -0.7229 -0.87642 -0.9656 -0.86775 -0.5396
0.0085273 0.027212 0.029909 -0.053346 -0.021422 0.13951 -0.072947 0.033255 0.27896 0.46262 0.72352 0.23565 0.67835 -0.91556 0.79677 0.30539 -0.92866 0.67217 0.43368 -0.9176 -0.35186 0.83471 0.66655 -0.52974 -0.91659 -0.039809 0.8283 0.87537 0.29476 -0.37679 -0.84132 -0.94874 -0.66513 -0.1004 0.50801 0.90676 0.90437 0.484 -0.17007 -0.74712 -0.96256 -0.79193 -0.51314 -0.9297 -0.95862 -0.95644 -0.82248 -0.51463 -0.047105
-0.0079299 0.0043135 0.039976 -0.12569 0.19796 -0.094937 0.095118 -0.088029 -0.17379 -0.6495 -0.59456 0.6262 -0.89048 0.27246 0.5254 -0.90587 0.13853 0.80525 -0.73016 -0.58797 0.71367 0.79415 -0.31439 -0.95922 -0.24852 0.77186 0.88083 0.23161 -0.51353 -0.91145 -0.90954 -0.55947 0.0076178 0.5789 0.92273 0.89439 0.49071 -0.14063 -0.71346 -0.96205 -0.78017 -0.3342 0.035429 -0.62193 -0.87731 -0.73705 -0.43797 -0.023822 0.44467
-0.023165 -0.0047255 0.046564 -0.050679 -0.12201 0.049787 -0.12262 0.17824 -0.033478 0.45002 -0.099626 -0.77921 -0.205 0.85057 -0.8519 -0.39706 0.96535 -0.336 -0.82794 0.51967 0.89257 -0.14304 -0.95129 -0.45055 0.63202 0.91828 0.23917 -0.56957 -0.94954 -0.84202 -0.41963 0.14376 0.66044 0.94336 0.87644 0.46764 -0.12876 -0.69057 -0.95838 -0.8056 -0.31941 0.22735 0.55767 -0.12524 -0.53162 -0.30884 0.058534 0.45991 0.80805
0.0025495 -0.030642 0.033909 0.082728 -0.085052 -0.028344 0.16199 -0.28843 0.28183 0.11247 0.74396 -0.093459 0.99437 -0.44685 -0.53726 0.82925 0.2062 -0.96763 0.2076 0.96234 0.038535 -0.91367 -0.64011 0.46124 0.95894 0.334 -0.56665 -0.95908 -0.75862 -0.25951 0.30062 0.75273 0.95945 0.84182 0.42882 -0.15229 -0.67951 -0.95495 -0.83804 -0.36552 0.23821 0.70019 0.89252 0.39534 -0.043577 0.1923 0.52622 0.81451 0.96569
0.020893 -0.021426 -0.0047898 0.046701 0.21327 0.030975 -0.21506 0.37624 -0.42604 -0.64132 -0.56742 0.86755 -0.11003 -0.81998 0.7945 0.63608 -0.86995 -0.22527 0.96377 0.25882 -0.8451 -0.75368 0.26081 0.95911 0.51131 -0.48813 -0.96072 -0.71426 -0.10745 0.45925 0.84171 0.96336 0.78894 0.35895 -0.19308 -0.6946 -0.95226 -0.85949 -0.42568 0.18596 0.70515 0.94655 0.95752 0.79138 0.44313 0.63061 0.85157 0.96664 0.89923
-0.022382 0.053447 -0.054144 -0.048974 -0.19884 -0.049338 0.27388 -0.37367 0.31038 0.59799 -0.34292 -0.32561 -0.97969 0.44518 0.69839 -0.58818 -0.65955 0.81188 0.53286 -0.72489 -0.84526 0.1188 0.91712 0.66802 -0.314 -0.95012 -0.71512 -0.035373 0.59136 0.91308 0.94132 0.70613 0.26448 -0.26638 -0.72142 -0.95591 -0.86975 -0.46735 0.11726 0.66466 0.94769 0.91422 0.75744 0.96867 0.80528 0.90491 0.9708 0.89945 0.64213
0.017671 0.027766 -0.069448 0.007677 0.10012 0.074532 -0.31564 0.21732 0.069162 0.097222 0.82478 -0.77089 0.21758 0.87161 -0.58831 -0.90216 0.46865 0.80916 -0.5088 -0.92663 -0.023182 0.8698 0.80197 -0.13022 -0.89921 -0.77178 -0.031378 0.64936 0.95325 0.89045 0.58641 0.13515 -0.36065 -0.76906 -0.96084 -0.86385 -0.48952 0.068147 0.60998 0.93369 0.91532 0.63514 0.36642 0.90141 0.96693 0.9662 0.87504 0.64557 0.26257
-0.010103 0.0027638 -0.018351 -0.011903 0.0061655 -0.098217 0.30214 0.087733 -0.44716 -0.72855 -0.097354 0.54119 0.97937 -0.27747 -0.91618 0.10204 0.9676 -0.16489 -0.97925 -0.19703 0.80654 0.87066 0.061388 -0.81874 -0.86742 -0.11334 0.65622 0.96387 0.8182 0.43948 -0.026048 -0.48023 -0.82565 -0.96666 -0.84778 -0.4785 0.040359 0.56931 0.91109 0.93444 0.63923 0.20113 -0.10392 0.62562 0.90834 0.81894 0.60194 0.27096 -0.15677
0.013314 0.035822 0.039367 -0.0050126 -0.07848 0.11054 -0.19198 -0.40729 0.43337 0.45373 -0.81332 0.69647 -0.13688 -0.95128 0.16723 0.95728 0.24939 -0.93925 -0.42783 0.70773 0.92016 0.17399 -0.71064 -0.93298 -0.28453 0.59852 0.96656 0.77345 0.28998 -0.20109 -0.6133 -0.88778 -0.96568 -0.812 -0.44886 0.051919 0.5449 0.8923 0.95219 0.68838 0.20905 -0.27026 -0.53835 0.21938 0.65993 0.51011 0.21932 -0.14428 -0.5371
-0.02033 0.067298 -0.0047751 0.068485 0.11014 -0.098269 -0.028152 0.5042 0.058605 0.47489 0.37479 -0.59885 -1 -0.068135 0.99754 0.54686 -0.75716 -0.69058 0.53542 0.96208 0.27382 -0.64169 -0.97055 -0.44055 0.4576 0.96046 0.7655 0.20956 -0.35912 -0.74079 -0.93936 -0.94802 -0.75561 -0.38535 0.084761 0.55371 0.87956 0.96207 0.74316 0.27686 -0.26008 -0.66845 -0.84494 -0.22194 0.28672 0.11202 -0.19355 -0.52348 -0.81699
0.026732 0.066538 -0.078249 -0.11721 -0.11116 0.046186 0.30168 -0.21537 -0.53479 -0.7349 0.74806 -0.7203 -0.11966 0.91934 0.43459 -0.5419 -0.89783 0.26079 0.98507 0.39361 -0.57451 -0.98142 -0.58252 0.31213 0.92414 0.80628 0.19073 -0.43872 -0.83843 -0.96755 -0.89934 -0.66591 -0.294 0.15484 0.57993 0.88407 0.96582 0.78032 0.35562 -0.1897 -0.65917 -0.91337 -0.97066 -0.6085 -0.13083 -0.2961 -0.56248 -0.80621 -0.95959
-0.025205 0.04724 0.020311 0.10072 0.094313 0.055508 -0.48528 -0.30961 0.36044 -0.17427 -0.48789 0.52431 0.95296 0.54126 -0.69629 -0.97622 -0.075583 0.94515 0.55769 -0.48241 -0.9825 -0.64727 0.16337 0.86849 0.88328 0.25131 -0.4608 -0.88112 -0.964 -0.81761 -0.53547 -0.16379 0.25121 0.63536 0.89686 0.96596 0.80053 0.41142 -0.10555 -0.60262 -0.90853 -0.96714 -0.90522 -0.87259 -0.51469 -0.64361 -0.83035 -0.95553 -0.95417
-0.00063425 0.022502 0.11514 -0.027099 -0.069634 -0.19693 0.40915 0.59351 0.33593 0.82268 -0.74107 0.82978 0.51198 -0.59814 -0.9396 -0.30551 0.81237 0.74851 -0.32978 -0.97381 -0.69408 0.097662 0.79736 0.93592 0.39257 -0.41119 -0.89433 -0.94935 -0.71333 -0.37382 0.0031388 0.37951 0.70748 0.92228 0.96269 0.7972 0.44357 -0.044171 -0.53226 -0.87865 -0.96941 -0.83421 -0.67555 -0.9772 -0.80265 -0.87896 -0.96344 -0.95959 -0.81311
0.030384 -0.0093615 -0.067269 -0.064065 0.044621 0.33304 -0.027327 -0.25704 -0.58373 -0.016891 0.46477 -0.29675 -0.69508 -0.92719 -0.057188 0.68395 0.9029 -0.099835 -0.93979 -0.74932 0.050566 0.76837 0.96915 0.51395 -0.27781 -0.87468 -0.94344 -0.64404 -0.20643 0.18874 0.52853 0.79467 0.94972 0.95186 0.77935 0.43807 -0.0075533 -0.47918 -0.8374 -0.97296 -0.8446 -0.55317 -0.33435 -0.9172 -0.95608 -0.97475 -0.95259 -0.82907 -0.56608
-0.0094271 -0.049943 -0.084789 0.13948 -0.026566 -0.38249 -0.44187 -0.42296 -0.082637 -0.84519 0.81107 -0.93835 -0.89149 -0.068108 0.87848 0.96336 0.16286 -0.85147 -0.82917 -0.012371 0.74909 0.98006 0.61905 -0.15364 -0.80679 -0.95522 -0.61631 -0.10609 0.36107 0.67711 0.87989 0.97077 0.92754 0.7356 0.41033 -0.013841 -0.4464 -0.8041 -0.96935 -0.88136 -0.57075 -0.18384 0.053499 -0.71463 -0.96202 -0.92771 -0.81032 -0.59172 -0.25294
-0.032728 -0.08053 0.12262 -0.18629 0.024488 0.26176 0.58526 0.61745 0.6531 0.065373 -0.30116 -0.10425 0.13413 0.86657 0.84977 0.30491 -0.70817 -0.91778 -0.12519 0.719 0.98494 0.64755 -0.038428 -0.73545 -0.97351 -0.64739 -0.063673 0.45753 0.79691 0.94498 0.96731 0.87687 0.66611 0.34466 -0.044991 -0.45222 -0.78224 -0.96262 -0.91609 -0.63422 -0.20603 0.20661 0.4237 -0.41063 -0.83072 -0.75511 -0.56533 -0.28572 0.083116
-0.0092021 -0.065357 -0.042195 0.20713 -0.048444 0.040477 -0.16715 0.032028 -0.096477 0.86646 -0.90477 0.8868 0.97103 0.78608 -0.054914 -0.62537 -0.97698 -0.2931 0.65162 0.98903 0.65489 -0.017358 -0.66411 -0.97739 -0.73428 -0.097241 0.49992 0.85582 0.97355 0.92923 0.78563 0.55706 0.24723 -0.11723 -0.48001 -0.78654 -0.95608 -0.93713 -0.70083 -0.28525 0.18343 0.5559 0.72254 -0.055978 -0.59029 -0.48883 -0.25599 0.046986 0.40153
0.028404 3.9487e-05 -0.035083 -0.21026 0.10421 -0.39073 -0.48267 -0.68275 -0.66962 0.02951 -0.021885 0.60399 0.58688 -0.16384 -0.89179 -0.99204 -0.46848 0.53051 0.99112 0.66833 -0.02363 -0.6604 -0.97263 -0.80016 -0.21156 0.4768 0.88135 0.97347 0.85669 0.65451 0.40195 0.10685 -0.21981 -0.54288 -0.80521 -0.95808 -0.947 -0.7456 -0.37201 0.10156 0.53561 0.81547 0.91306 0.2977 -0.27985 -0.16879 0.07617 0.36643 0.66865
0.036466 0.047032 0.05691 0.20274 -0.18299 0.53196 0.63322 0.30092 0.16973 -0.87549 0.90014 -0.5061 -0.489 -0.93018 -0.87999 -0.5223 0.38472 0.97849 0.71174 -0.022823 -0.67671 -0.97801 -0.85076 -0.30412 0.37932 0.87325 0.96958 0.79452 0.50015 0.21224 -0.073445 -0.35843 -0.62777 -0.84549 -0.96384 -0.94621 -0.76976 -0.43252 0.0090217 0.4639 0.80149 0.95543 0.97761 0.60514 0.057384 0.16342 0.39197 0.63892 0.86039
0.029221 0.016598 -0.05415 -0.18753 0.25082 -0.26756 0.0060067 0.60511 0.69568 -0.26154 0.46898 -0.94898 -0.99297 -0.75031 -0.0822 0.35694 0.94749 0.78384 0.018571 -0.68853 -0.98492 -0.84869 -0.37833 0.29839 0.8232 0.97306 0.75768 0.39115 0.016836 -0.27391 -0.52101 -0.7335 -0.89464 -0.97336 -0.93772 -0.76608 -0.46646 -0.057109 0.37999 0.75049 0.95012 0.9657 0.917 0.8322 0.38012 0.46977 0.65868 0.83977 0.96319
0.014728 -0.0060433 0.063958 0.16375 -0.24948 -0.2816 -0.69207 -0.50192 -0.13283 0.79793 -0.639 -0.20157 -0.41242 0.14886 0.77236 0.9503 0.85224 0.10808 -0.67212 -0.98965 -0.82679 -0.35789 0.23403 0.77972 0.97953 0.76501 0.32844 -0.11055 -0.4604 -0.68383 -0.84139 -0.94471 -0.97661 -0.91443 -0.74452 -0.4602 -0.094989 0.31857 0.6874 0.92678 0.97008 0.85418 0.74747 0.9583 0.65357 0.71948 0.85258 0.9544 0.97372
-0.0019045 0.061853 -0.091728 -0.12861 0.12395 0.63467 0.42936 -0.52599 -0.73891 0.58701 -0.866 0.78259 0.58534 0.89966 0.98408 0.84379 0.20229 -0.61925 -0.99058 -0.80307 -0.3036 0.26937 0.74599 0.98024 0.81719 0.33238 -0.18333 -0.57284 -0.81531 -0.92875 -0.9743 -0.96052 -0.87079 -0.6923 -0.42889 -0.086904 0.28275 0.63958 0.89292 0.97713 0.86786 0.64287 0.49624 0.97665 0.85232 0.89127 0.95995 0.97819 0.89756
-0.0048941 0.047787 0.12268 0.080891 0.12196 -0.35377 0.50978 0.59389 -0.021233 -0.52811 0.05044 0.86405 0.98627 0.85124 0.42775 0.15419 -0.56242 -0.98527 -0.79804 -0.24722 0.33821 0.77921 0.9801 0.852 0.40741 -0.18605 -0.63572 -0.88336 -0.97354 -0.96642 -0.90524 -0.79122 -0.60933 -0.35642 -0.050662 0.29154 0.61099 0.86501 0.97638 0.90392 0.66424 0.36298 0.19659 0.89285 0.96159 0.974 0.97691 0.91538 0.74727
-0.0046637 -0.10261 -0.1433 -0.025312 -0.37557 -0.37009 -0.68323 0.51647 0.75398 -0.87168 0.90107 -0.0013303 0.44666 0.09002 -0.43618 -0.62581 -0.9794 -0.81596 -0.22092 0.40742 0.83047 0.98943 0.87434 0.45727 -0.11321 -0.64324 -0.91779 -0.97862 -0.91318 -0.80293 -0.66134 -0.48052 -0.24818 0.030389 0.32718 0.61909 0.84727 0.97147 0.9356 0.72441 0.38951 0.049868 -0.11681 0.72234 0.97708 0.96622 0.9082 0.77728 0.54021
-0.0023237 -0.048191 0.15037 -0.02408 0.43927 0.71024 -0.29346 -0.60125 0.28804 0.014237 0.6583 -0.85784 -0.48731 -0.73243 -0.97546 -0.99684 -0.83293 -0.23172 0.4479 0.8772 0.99218 0.84477 0.48541 -0.067278 -0.59165 -0.92431 -0.97246 -0.85136 -0.66154 -0.48416 -0.2998 -0.092437 0.14616 0.40417 0.64874 0.85325 0.96636 0.95356 0.78391 0.46638 0.078555 -0.26153 -0.41173 0.4873 0.90376 0.87478 0.76544 0.58016 0.2963
0.011319 0.10136 -0.1488 0.045112 -0.1759 -0.14016 0.79761 -0.59413 -0.6508 0.88324 -0.34655 -0.84579 -0.98178 -0.9816 -0.84384 -0.75915 -0.23719 0.45522 0.90546 0.98382 0.7847 0.41711 -0.046952 -0.56198 -0.90287 -0.97101 -0.80201 -0.54366 -0.28206 -0.08075 0.10727 0.30287 0.50916 0.71001 0.87234 0.96891 0.96097 0.82176 0.54614 0.16333 -0.23378 -0.54031 -0.66135 0.2135 0.75402 0.71297 0.56508 0.34319 0.0361
0.034302 -0.0096497 0.14619 -0.017511 -0.29714 -0.6756 0.15329 0.51516 -0.60647 0.60675 -0.96104 -0.021368 -0.65306 -0.50745 -0.16758 -0.087045 0.47096 0.91666 0.97069 0.70898 0.30475 -0.13691 -0.55479 -0.89251 -0.97824 -0.78745 -0.45865 -0.13068 0.14374 0.32882 0.4877 0.6417 0.78815 0.9088 0.97432 0.95913 0.83999 0.59879 0.25405 -0.15014 -0.51631 -0.76217 -0.84603 -0.072684 0.54541 0.4984 0.3263 0.086455 -0.22094
0.053676 -0.023745 -0.14853 -0.058054 0.58274 0.54699 -0.84672 0.73419 0.33524 -0.4252 -0.54851 0.81398 0.18759 0.31549 0.60022 0.62141 0.93294 0.95975 0.6415 0.17811 -0.26849 -0.63777 -0.89495 -0.98236 -0.81447 -0.42994 -0.025916 0.29949 0.53445 0.67341 0.78151 0.87597 0.9484 0.98049 0.94949 0.8333 0.62499 0.31515 -0.058223 -0.4421 -0.74415 -0.91072 -0.95401 -0.3467 0.29841 0.25089 0.069091 -0.17073 -0.45769
0.052792 -0.01058 0.15811 0.14197 -0.32272 0.44783 -0.12672 -0.29989 0.8161 -0.94794 0.42098 0.9223 0.86922 0.91373 0.99753 0.98885 0.94407 0.59158 0.070017 -0.40536 -0.74416 -0.94054 -0.98532 -0.82412 -0.46485 0.013115 0.4033 0.66483 0.82353 0.90032 0.94869 0.97823 0.97553 0.92395 0.8091 0.61361 0.34584 0.0045809 -0.35816 -0.68614 -0.90017 -0.97785 -0.98136 -0.58762 0.034249 -0.0094015 -0.1874 -0.4111 -0.66023
0.019666 -0.010513 -0.1725 -0.16014 -0.3319 -0.76647 0.86879 -0.86033 0.19122 -0.38275 0.97081 0.24984 0.90428 0.91469 0.82043 0.84931 0.52637 -0.011919 -0.51665 -0.84099 -0.98143 -0.97182 -0.81794 -0.47137 -0.018947 0.44465 0.74652 0.90373 0.96879 0.98123 0.97253 0.94261 0.87446 0.75443 0.57706 0.33056 0.036182 -0.29999 -0.61788 -0.86314 -0.97544 -0.96325 -0.93112 -0.77935 -0.22678 -0.26354 -0.42609 -0.62034 -0.81831
-0.034906 0.094327 0.18433 0.050003 0.6837 -0.21505 0.22174 -0.067636 -0.6916 0.60174 0.60427 -0.61698 0.30735 0.35176 0.19987 0.30055 -0.11266 -0.59965 -0.909 -0.99693 -0.92487 -0.73991 -0.4505 -0.017379 0.42223 0.77996 0.94586 0.983 0.95588 0.91311 0.85869 0.78259 0.66602 0.49922 0.28529 0.018317 -0.27075 -0.56968 -0.81622 -0.96196 -0.96888 -0.8733 -0.81205 -0.91114 -0.46678 -0.49503 -0.6329 -0.78762 -0.92547
-0.064953 -0.14468 -0.1821 0.16434 -0.21841 0.85843 -0.85148 0.83994 -0.71355 0.94619 -0.3035 -0.99337 -0.48334 -0.40996 -0.51338 -0.37803 -0.69329 -0.95158 -0.98518 -0.84187 -0.60842 -0.32109 0.017019 0.43162 0.76896 0.96147 0.97507 0.89952 0.79663 0.7151 0.63121 0.52639 0.38204 0.19274 -0.031064 -0.28943 -0.54542 -0.78191 -0.9397 -0.97931 -0.88618 -0.7196 -0.63715 -0.97766 -0.67115 -0.69055 -0.79722 -0.9058 -0.9789
-0.024972 0.10621 0.1531 -0.3334 -0.5881 0.068778 -0.42893 0.52824 0.12701 0.32862 -0.93994 -0.62397 -0.9477 -0.92702 -0.95645 -0.87628 -0.98683 -0.95494 -0.73929 -0.44057 -0.13356 0.16923 0.47167 0.78121 0.95928 0.96569 0.83966 0.67648 0.52357 0.42262 0.32669 0.21129 0.059955 -0.12846 -0.33788 -0.56292 -0.76441 -0.92157 -0.98266 -0.91889 -0.73838 -0.51727 -0.42205 -0.9786 -0.82913 -0.84048 -0.91212 -0.97133 -0.9791
0.049602 -0.011557 -0.089816 0.26382 0.64296 -0.89803 0.73816 -0.53166 0.82615 -0.60569 -0.78909 0.18727 -0.81876 -0.93178 -0.93235 -0.99169 -0.89759 -0.62916 -0.26738 0.07813 0.36686 0.61002 0.81465 0.96672 0.96707 0.80265 0.57159 0.35607 0.18224 0.080198 -0.012262 -0.12218 -0.26232 -0.42995 -0.60547 -0.7787 -0.91172 -0.98138 -0.94662 -0.79013 -0.54029 -0.28342 -0.18354 -0.91798 -0.934 -0.93888 -0.97422 -0.98396 -0.92937
0.04491 -0.073453 -0.0010484 0.081913 0.25105 -0.037629 0.70154 -0.87974 0.60626 -0.96622 -0.010239 0.85884 -0.20827 -0.45052 -0.47959 -0.69909 -0.48064 -0.10142 0.27573 0.56584 0.76674 0.90364 0.98064 0.96206 0.80188 0.50959 0.22043 -0.0094296 -0.177 -0.26567 -0.34312 -0.43547 -0.55067 -0.68281 -0.81092 -0.92096 -0.97921 -0.9614 -0.8392 -0.60663 -0.3088 -0.035552 0.061753 -0.80329 -0.9829 -0.98342 -0.98346 -0.94631 -0.83525
-0.051639 0.10843 0.091066 -0.44223 -0.82233 0.92262 -0.45455 -0.081337 -0.26628 -0.45382 0.7678 0.95412 0.50799 0.2483 0.17651 -0.13711 0.098008 0.44885 0.72969 0.89687 0.97654 0.99455 0.94673 0.77939 0.50243 0.14107 -0.15663 -0.36659 -0.50644 -0.57267 -0.62855 -0.69609 -0.77787 -0.86573 -0.93936 -0.98193 -0.96622 -0.86799 -0.67264 -0.3846 -0.061443 0.20964 0.29843 -0.64453 -0.97651 -0.97501 -0.94258 -0.86328 -0.70392
-0.063449 -0.092288 -0.13261 0.41509 0.095053 0.12781 -0.92424 0.82398 -0.8666 0.44752 0.97113 0.44282 0.93248 0.81611 0.74542 0.46656 0.6332 0.85258 0.97441 0.9973 0.95934 0.87558 0.73123 0.46175 0.12606 -0.24198 -0.50427 -0.66835 -0.76681 -0.80728 -0.83995 -0.88027 -0.92549 -0.9661 -0.98423 -0.96144 -0.87857 -0.71251 -0.46224 -0.14129 0.18496 0.43731 0.51316 -0.45324 -0.91851 -0.91726 -0.85661 -0.74157 -0.5436
0.053598 0.0461 0.080012 0.090887 0.83663 -0.92172 -0.028257 0.73542 -0.60614 0.96833 0.48406 -0.33117 0.85957 0.99753 1 0.89056 0.95344 1 0.95715 0.85633 0.73212 0.58293 0.38467 0.07136 -0.26313 -0.5824 -0.77663 -0.87943 -0.93109 -0.94749 -0.95945 -0.97431 -0.98443 -0.97993 -0.94674 -0.86597 -0.72729 -0.50973 -0.22489 0.10633 0.4153 0.6351 0.69518 -0.24165 -0.81496 -0.81598 -0.73233 -0.589 -0.36303
0.040871 0.0078569 0.071514 -0.58326 -0.34343 -0.33405 0.91403 -0.21121 0.2352 0.70831 -0.32684 -0.89985 0.35518 0.73322 0.85844 0.99727 0.97093 0.86426 0.69731 0.52043 0.35498 0.18327 -0.023671 -0.32346 -0.60523 -0.8346 -0.94231 -0.97922 -0.98603 -0.98374 -0.98036 -0.97453 -0.95462 -0.91116 -0.83473 -0.70715 -0.527 -0.27628 0.022396 0.34265 0.61691 0.79363 0.8366 -0.021875 -0.67368 -0.67854 -0.57765 -0.41407 -0.17097
-0.083216 -0.056869 -0.25089 0.41789 -0.79992 0.84177 0.60135 -0.92212 0.86008 -0.095536 -0.91335 -0.95294 -0.31085 0.16057 0.39662 0.76874 0.69743 0.49804 0.2722 0.07538 -0.087015 -0.24297 -0.42046 -0.66018 -0.85301 -0.96949 -0.98655 -0.96242 -0.93191 -0.91831 -0.90637 -0.88638 -0.84378 -0.77016 -0.66116 -0.50025 -0.2944 -0.029306 0.26358 0.55428 0.78002 0.9066 0.93249 0.19471 -0.50357 -0.5133 -0.40109 -0.22542 0.024158
0.019577 0.098665 0.3208 0.32938 0.4773 0.62166 -0.51151 -0.63482 0.72094 -0.82033 -0.91624 -0.48844 -0.81836 -0.4683 -0.2 0.29724 0.22808 0.0093715 -0.209 -0.37762 -0.50402 -0.61815 -0.74117 -0.89108 -0.97708 -0.9762 -0.91094 -0.83759 -0.78071 -0.76353 -0.74983 -0.72265 -0.66574 -0.57211 -0.44239 -0.26252 -0.046811 0.21484 0.48454 0.73054 0.89798 0.97076 0.98071 0.398 -0.31407 -0.32909 -0.21133 -0.031435 0.21464
0.087961 -0.13734 -0.16282 -0.71384 0.78813 -0.60614 -0.97016 0.31497 -0.034745 -0.95097 -0.3628 0.22405 -0.94863 -0.90176 -0.71592 -0.2578 -0.29611 -0.47293 -0.63446 -0.74512 -0.8193 -0.88073 -0.93947 -0.98849 -0.9677 -0.86114 -0.73108 -0.62445 -0.55333 -0.53924 -0.52946 -0.50147 -0.43849 -0.33514 -0.19655 -0.011723 0.19912 0.44152 0.6737 0.86378 0.96719 0.98572 0.98168 0.57945 -0.11457 -0.13474 -0.016774 0.16008 0.39365
-0.089737 0.17846 -0.192 0.098621 -0.5061 -0.89519 -0.22855 0.94627 -0.76027 -0.42525 0.39536 0.81322 -0.66701 -0.98547 -0.98262 -0.72644 -0.73228 -0.83339 -0.91485 -0.95933 -0.98172 -0.99365 -0.99208 -0.94625 -0.83358 -0.64501 -0.473 -0.35026 -0.27631 -0.26994 -0.26784 -0.24399 -0.18216 -0.078541 0.058067 0.23519 0.42838 0.63851 0.82236 0.94941 0.98693 0.95355 0.93807 0.73233 0.085938 0.06132 0.17477 0.34213 0.55545
0.018795 -0.22468 0.50176 0.73042 -0.83033 0.16579 0.78489 0.65759 -0.8798 0.37671 0.92062 1 -0.11415 -0.70755 -0.92786 -0.97903 -0.97326 -0.99543 -0.99956 -0.98804 -0.97159 -0.94727 -0.89941 -0.77779 -0.59837 -0.35845 -0.16886 -0.046003 0.021516 0.018121 0.011046 0.027666 0.082764 0.17877 0.30424 0.46308 0.6284 0.79643 0.92488 0.98574 0.95904 0.8784 0.8543 0.85179 0.27929 0.2514 0.35635 0.50874 0.69545
0.055497 0.2728 -0.45034 -0.47438 0.43 0.98747 0.89094 -0.24572 -0.32507 0.92844 0.93918 0.7179 0.47303 -0.1853 -0.58635 -0.95759 -0.97011 -0.9338 -0.88227 -0.83616 -0.80008 -0.75745 -0.68247 -0.51191 -0.29587 -0.037284 0.14724 0.25721 0.31205 0.29946 0.28402 0.29235 0.33709 0.41957 0.52688 0.65936 0.78943 0.90894 0.97856 0.97377 0.88748 0.766 0.73619 0.93486 0.45835 0.42872 0.522 0.65505 0.81024
-0.12257 -0.31207 -0.040032 -0.585 0.91447 0.41756 0.005125 -0.92322 0.4675 0.90121 0.46642 0.11778 0.86594 0.39096 -0.075994 -0.68256 -0.73673 -0.6738 -0.59665 -0.54027 -0.50354 -0.45995 -0.37741 -0.18711 0.035281 0.28216 0.4431 0.53119 0.57036 0.55146 0.53048 0.53134 0.56408 0.6293 0.71376 0.81447 0.90483 0.9727 0.98346 0.91671 0.77786 0.62324 0.59048 0.98028 0.6172 0.58762 0.6669 0.77733 0.89756
0.12255 0.3254 0.59707 0.71863 -0.23539 -0.72038 -0.88171 -0.79256 0.92331 0.33854 -0.23479 -0.52403 0.92928 0.82979 0.44685 -0.23792 -0.33892 -0.27972 -0.20506 -0.15829 -0.13459 -0.10275 -0.028735 0.15437 0.3567 0.56698 0.69136 0.75296 0.77655 0.75591 0.73364 0.72942 0.75035 0.79667 0.85589 0.92206 0.97103 0.9872 0.942 0.81963 0.63702 0.45767 0.42442 0.98843 0.75121 0.7236 0.78736 0.87301 0.95624
-0.039947 -0.29471 -0.63194 0.41082 -0.9879 -0.90581 -0.84788 0.0042249 0.74206 -0.41123 -0.81188 -0.93721 0.6587 1 0.83621 0.2576 0.12672 0.16299 0.21645 0.24279 0.24788 0.26217 0.31744 0.47211 0.63448 0.79071 0.87162 0.90616 0.91676 0.89989 0.88141 0.87555 0.88636 0.91399 0.94768 0.97895 0.98733 0.95441 0.85862 0.68893 0.47251 0.2771 0.24543 0.96103 0.85707 0.83339 0.88088 0.94058 0.98612
-0.043271 0.21105 -0.02584 -0.85046 -0.085062 0.063181 0.035995 0.79241 0.06955 -0.92393 -1 -0.96681 0.16626 0.86381 0.99491 0.68347 0.55748 0.56695 0.59329 0.59881 0.58824 0.5864 0.61939 0.73192 0.84224 0.93516 0.97142 0.9817 0.9836 0.97614 0.96662 0.96308 0.96653 0.97722 0.98684 0.98495 0.95562 0.87839 0.73924 0.53192 0.2922 0.089266 0.060762 0.90098 0.93276 0.91487 0.94601 0.97958 0.98789
0.08675 -0.086889 0.74583 -0.29076 0.95954 0.94811 0.87787 0.95327 -0.64331 -0.93666 -0.73299 -0.62061 -0.37158 0.47704 0.89424 0.94566 0.86677 0.85959 0.86487 0.85814 0.84158 0.83095 0.84423 0.90891 0.96302 0.99118 0.98644 0.97765 0.97595 0.98287 0.98697 0.98968 0.98912 0.98574 0.97413 0.94247 0.87996 0.76486 0.59086 0.35637 0.10391 -0.098519 -0.12277 0.81203 0.97743 0.96703 0.98235 0.9904 0.96302
-0.13205 -0.036742 -0.64422 0.9136 0.49349 0.69669 0.88999 0.39039 -0.95358 -0.46641 -0.14983 -0.04736 -0.77923 -0.037976 0.57301 0.99468 0.99967 0.99459 0.99295 0.9879 0.97863 0.97011 0.97073 0.98906 0.98978 0.95843 0.91988 0.89851 0.89829 0.92331 0.94456 0.95697 0.9559 0.94196 0.91293 0.85609 0.76609 0.62068 0.4211 0.17012 -0.084929 -0.27958 -0.29898 0.69863 0.99136 0.98986 0.99037 0.97426 0.91357
0.1952 0.099425 -0.28893 0.26172 -0.72458 -0.35525 0.096119 -0.45371 -0.6921 0.2297 0.48791 0.53402 -0.93714 -0.53404 0.12005 0.83107 0.93988 0.95689 0.96507 0.97648 0.98779 0.99292 0.99028 0.9694 0.92494 0.84434 0.78133 0.75408 0.75968 0.80479 0.8453 0.86995 0.87159 0.85089 0.80875 0.7321 0.62101 0.45346 0.23781 -0.01925 -0.2675 -0.44804 -0.46248 0.56563 0.97572 0.98425 0.97135 0.933 0.84211
-0.22631 -0.052994 0.91844 -0.93444 -0.86702 -1 -0.77357 -0.96927 -0.033225 0.80596 0.91761 0.91981 -0.81143 -0.88137 -0.35261 0.49944 0.70831 0.76162 0.79343 0.83272 0.87451 0.90281 0.90634 0.85697 0.77901 0.66257 0.58519 0.55816 0.57262 0.63787 0.698 0.73628 0.74328 0.7195 0.66872 0.57798 0.45247 0.27111 0.048682 -0.20469 -0.43779 -0.599 -0.60875 0.41806 0.93253 0.95185 0.9272 0.86898 0.75153
0.18547 -0.092788 -0.31931 -0.33413 0.23232 -0.5581 -0.97844 -0.81689 0.63897 1 0.98012 0.9894 -0.45372 -0.99907 -0.738 0.074296 0.35489 0.44806 0.51023 0.5823 0.65865 0.71544 0.7327 0.66698 0.56872 0.43114 0.34902 0.32699 0.35175 0.43519 0.51357 0.56555 0.57975 0.55617 0.50104 0.40189 0.26854 0.081474 -0.13901 -0.3799 -0.59074 -0.72851 -0.73421 0.26099 0.8644 0.89489 0.86036 0.78497 0.64499
-0.10304 0.24248 -0.77607 0.90812 1 0.46107 -0.37938 -0.12561 0.96123 0.74251 0.66935 0.73561 0.023557 -0.86974 -0.95718 -0.35797 -0.053478 0.070665 0.16068 0.26241 0.37041 0.45563 0.49083 0.42046 0.31486 0.17043 0.091853 0.077889 0.11265 0.2105 0.30408 0.36854 0.3908 0.37008 0.31445 0.21227 0.077248 -0.10799 -0.31867 -0.53945 -0.72228 -0.8337 -0.83622 0.099358 0.77447 0.81613 0.77366 0.684 0.52574
0.052334 -0.2475 0.76075 0.49975 0.4159 0.99981 0.51287 0.63899 0.77985 0.16648 0.11749 0.25428 0.48506 -0.53641 -0.97281 -0.71679 -0.44626 -0.31101 -0.20468 -0.084229 0.045691 0.15365 0.20695 0.14167 0.040004 -0.098605 -0.16741 -0.17211 -0.12926 -0.022337 0.081976 0.15646 0.18666 0.1707 0.11781 0.017395 -0.11376 -0.29044 -0.48452 -0.67893 -0.82941 -0.91265 -0.91307 -0.062215 0.66619 0.71863 0.67018 0.56926 0.39708
-0.085263 0.01384 0.43572 -0.80068 -0.70234 0.5515 1 1 0.20711 -0.47127 -0.46778 -0.29683 0.81105 -0.085706 -0.79206 -0.9415 -0.76123 -0.6417 -0.53742 -0.41521 -0.27859 -0.1585 -0.09101 -0.14439 -0.23344 -0.35617 -0.41126 -0.4073 -0.35969 -0.25013 -0.14066 -0.059649 -0.02256 -0.032682 -0.080342 -0.17493 -0.29748 -0.45987 -0.63176 -0.79493 -0.91011 -0.96441 -0.96392 -0.21947 0.5432 0.6057 0.55317 0.44399 0.26223
0.20052 0.37206 -0.96388 -0.72393 -0.91795 -0.41273 0.73797 0.7582 -0.46132 -0.90877 -0.88368 -0.75195 0.92629 0.3766 -0.46013 -0.9998 -0.9534 -0.8778 -0.79722 -0.69342 -0.5686 -0.45045 -0.37616 -0.41415 -0.48502 -0.5849 -0.62466 -0.6142 -0.56618 -0.46104 -0.35272 -0.26946 -0.22738 -0.23139 -0.27212 -0.35764 -0.46777 -0.61121 -0.7566 -0.88508 -0.96336 -0.98891 -0.9887 -0.36863 0.40925 0.48074 0.42593 0.31143 0.12429
-0.35781 -0.62436 -0.096572 0.56472 -0.0068909 -0.98166 -0.05084 0.079713 -0.90586 -0.98336 -0.99995 -0.98601 0.81356 0.75074 -0.047271 -0.8901 -1 -0.99215 -0.956 -0.89066 -0.79673 -0.69622 -0.62489 -0.64728 -0.69757 -0.7708 -0.79574 -0.78211 -0.7386 -0.64511 -0.54452 -0.46378 -0.41926 -0.41764 -0.45051 -0.5246 -0.61944 -0.74044 -0.85626 -0.94799 -0.98902 -0.98682 -0.98807 -0.50643 0.26802 0.34719 0.29173 0.17469 -0.013811
0.51146 0.44257 1 0.93064 0.89607 -0.66685 -0.79267 -0.63557 -0.93266 -0.68347 -0.79334 -0.94506 0.51125 0.96339 0.36707 -0.63837 -0.90136 -0.97577 -1 -0.98979 -0.94375 -0.87608 -0.81854 -0.82789 -0.85809 -0.90388 -0.9162 -0.90344 -0.86952 -0.79453 -0.70812 -0.63485 -0.59091 -0.58478 -0.6096 -0.67075 -0.74838 -0.84455 -0.929 -0.98322 -0.98773 -0.95952 -0.96331 -0.63014 0.12311 0.20836 0.15372 0.036732 -0.14941
-0.63334 0.17579 -0.14449 -0.1733 0.75055 0.21738 -0.98876 -0.99702 -0.54715 -0.13673 -0.34332 -0.65313 0.098192 0.97964 0.7096 -0.29095 -0.67833 -0.83706 -0.92976 -0.98531 -0.9997 -0.97767 -0.94439 -0.9453 -0.95822 -0.9783 -0.98143 -0.97381 -0.95425 -0.90381 -0.83752 -0.77656 -0.73647 -0.72743 -0.74464 -0.79217 -0.85156 -0.92161 -0.97402 -0.99112 -0.96086 -0.90892 -0.91617 -0.73761 -0.022135 0.067465 0.014883 -0.099699 -0.28008
0.72037 -0.78568 -0.96462 -1 -0.22954 0.90299 -0.53588 -0.82949 0.068474 0.4507 0.20314 -0.19748 -0.32862 0.80578 0.92528 0.094863 -0.36713 -0.59881 -0.75853 -0.88264 -0.96386 -0.99627 -0.99602 -0.9942 -0.99427 -0.99237 -0.9904 -0.99197 -0.99082 -0.96982 -0.92875 -0.88452 -0.85157 -0.84157 -0.85214 -0.88607 -0.92702 -0.97064 -0.99139 -0.97281 -0.91031 -0.83737 -0.84884 -0.82724 -0.16459 -0.07253 -0.12202 -0.23211 -0.4037
-0.78461 0.78376 0.26674 -0.32985 -0.9393 0.8432 0.24897 -0.24134 0.64933 0.87427 0.68215 0.30032 -0.6771 0.48355 0.98457 0.46061 -0.012831 -0.2939 -0.50939 -0.69642 -0.84377 -0.93433 -0.97313 -0.97451 -0.96703 -0.94813 -0.9453 -0.95946 -0.97979 -0.99167 -0.97977 -0.95606 -0.93336 -0.92453 -0.92983 -0.9508 -0.97382 -0.99159 -0.98198 -0.93003 -0.83847 -0.74756 -0.7638 -0.89795 -0.30145 -0.2089 -0.25448 -0.35827 -0.51844
0.84175 -0.024165 0.92206 0.80451 -0.64563 0.12204 0.86822 0.45844 0.96349 0.99993 0.96149 0.7178 -0.87893 0.078647 0.88553 0.75527 0.33751 0.039682 -0.21177 -0.4481 -0.65372 -0.80053 -0.88091 -0.89079 -0.88115 -0.85086 -0.85109 -0.88031 -0.92393 -0.97051 -0.99043 -0.99017 -0.98046 -0.97497 -0.97659 -0.98577 -0.99196 -0.98521 -0.94729 -0.865 -0.74807 -0.64242 -0.66376 -0.94918 -0.43025 -0.3392 -0.38027 -0.47626 -0.62277
-0.90121 -0.84827 -0.28039 0.78998 0.29891 -0.67693 0.96074 0.92971 0.89968 0.80052 0.97393 0.96084 -0.90091 -0.33365 0.65115 0.94166 0.64097 0.36367 0.10227 -0.16314 -0.41273 -0.60839 -0.72903 -0.75143 -0.74452 -0.70844 -0.71492 -0.7605 -0.82784 -0.90925 -0.96219 -0.98733 -0.99285 -0.99273 -0.99244 -0.99133 -0.98229 -0.95297 -0.88941 -0.78035 -0.64207 -0.52498 -0.55152 -0.9808 -0.54889 -0.4613 -0.49748 -0.58445 -0.71548
0.95973 0.90485 -0.89608 -0.29831 0.92311 -0.9582 0.49766 0.96349 0.4976 0.35334 0.72841 0.98235 -0.74766 -0.68258 0.32308 1 0.86357 0.64378 0.40157 0.13167 -0.14253 -0.37476 -0.53055 -0.5677 -0.56736 -0.53059 -0.54552 -0.6075 -0.69759 -0.81226 -0.89796 -0.94937 -0.97175 -0.97878 -0.97834 -0.96872 -0.94637 -0.89691 -0.81084 -0.67899 -0.52358 -0.39834 -0.42996 -0.99313 -0.65561 -0.5734 -0.60448 -0.68151 -0.79564
-1 0.024748 0.20003 -0.96538 0.64366 -0.54607 -0.23569 0.56352 -0.08174 -0.19449 0.2998 0.78777 -0.45672 -0.91336 -0.046444 0.92872 0.98336 0.85299 0.65871 0.41077 0.13453 -0.11819 -0.30059 -0.35274 -0.36145 -0.32815 -0.35261 -0.42974 -0.54023 -0.68501 -0.80178 -0.87926 -0.91939 -0.93503 -0.93608 -0.91985 -0.88637 -0.81954 -0.71443 -0.564 -0.39575 -0.26554 -0.30191 -0.98683 -0.74904 -0.67402 -0.69997 -0.76639 -0.86259
0.99457 -0.95792 0.87735 -0.37573 -0.22819 0.23667 -0.82822 -0.076717 -0.62562 -0.67695 -0.19686 0.42852 -0.087954 -0.99443 -0.40334 0.74271 0.99165 0.9735 0.85226 0.65182 0.39727 0.14257 -0.055191 -0.12054 -0.13924 -0.11243 -0.14627 -0.23608 -0.36343 -0.53377 -0.67857 -0.78083 -0.83889 -0.86416 -0.86818 -0.84727 -0.80493 -0.72372 -0.60322 -0.43853 -0.2617 -0.12953 -0.17014 -0.96287 -0.82815 -0.76198 -0.78293 -0.83835 -0.91594
-0.9146 0.77095 -0.039514 0.66454 -0.86784 0.84138 -0.97424 -0.67563 -0.9485 -0.9591 -0.63853 -0.013626 0.28954 -0.92006 -0.69938 0.4698 0.89266 0.99761 0.96808 0.83728 0.62716 0.3899 0.18987 0.11494 0.086882 0.10547 0.063527 -0.03546 -0.17507 -0.36523 -0.53386 -0.65861 -0.734 -0.76948 -0.77766 -0.75394 -0.70505 -0.61257 -0.48039 -0.30576 -0.12443 0.0068932 -0.037258 -0.9225 -0.89225 -0.83643 -0.85264 -0.89689 -0.95555
0.74189 0.35725 -0.83319 0.86671 -0.7247 0.88019 -0.62005 -0.98889 -0.95176 -0.97163 -0.92427 -0.44625 0.61052 -0.70854 -0.89811 0.14604 0.70165 0.92744 0.9998 0.95528 0.80944 0.60839 0.42003 0.34064 0.30524 0.31518 0.26743 0.16361 0.017127 -0.18623 -0.3735 -0.51755 -0.60899 -0.65475 -0.66799 -0.64319 -0.58997 -0.4893 -0.34912 -0.16876 0.013186 0.14114 0.094281 -0.86715 -0.94096 -0.89681 -0.90863 -0.94176 -0.98149
-0.48272 -1 -0.17928 0.042067 0.033278 0.35786 0.034948 -0.90395 -0.64747 -0.72316 -0.99613 -0.78564 0.82426 -0.397 -0.97847 -0.18936 0.44226 0.77365 0.94858 1 0.93373 0.7856 0.62265 0.54496 0.50542 0.50748 0.45701 0.35328 0.20584 -0.003466 -0.20344 -0.36283 -0.46838 -0.524 -0.54286 -0.5185 -0.46305 -0.3572 -0.21258 -0.030463 0.1485 0.27085 0.22224 -0.79844 -0.97419 -0.94282 -0.95071 -0.97295 -0.99401
0.17925 0.30479 0.71992 -0.8007 0.73928 -0.37279 0.6609 -0.47089 -0.14375 -0.29003 -0.8478 -0.97194 0.90132 -0.034112 -0.93584 -0.49878 0.14319 0.55366 0.82226 0.97145 0.99437 0.91258 0.78762 0.71832 0.67868 0.67461 0.6251 0.52667 0.38442 0.17672 -0.029505 -0.1997 -0.31682 -0.38144 -0.40612 -0.38348 -0.3277 -0.21951 -0.073786 0.10637 0.27911 0.39393 0.34461 -0.71807 -0.99213 -0.97442 -0.97889 -0.99065 -0.99355
0.097187 0.75424 0.41287 -0.72097 0.82549 -0.86142 0.96626 0.13256 0.39774 0.20995 -0.52074 -0.97785 0.8361 0.3279 -0.78099 -0.75019 -0.16509 0.28939 0.63402 0.8749 0.99027 0.98406 0.90765 0.8534 0.81817 0.8105 0.76591 0.67802 0.54709 0.34854 0.14278 -0.033233 -0.15894 -0.23126 -0.26161 -0.24171 -0.18726 -0.079328 0.064412 0.23922 0.40287 0.50856 0.45963 -0.62783 -0.99518 -0.9918 -0.9934 -0.99521 -0.98071
-0.2652 -0.67828 -0.50282 0.13476 0.26141 -0.8354 0.82739 0.67891 0.81528 0.65096 -0.090718 -0.8103 0.64522 0.64076 -0.53715 -0.91997 -0.45349 0.004919 0.40084 0.71999 0.92454 0.99839 0.97839 0.94531 0.91911 0.91085 0.87516 0.80282 0.68903 0.5069 0.30835 0.13173 0.00080776 -0.077552 -0.1131 -0.096659 -0.044939 0.060387 0.19938 0.36582 0.51791 0.61319 0.56577 -0.52953 -0.98396 -0.99533 -0.99466 -0.98716 -0.95618
0.27155 -0.35466 -0.58962 0.81277 -0.48244 -0.33681 0.32657 0.97708 0.99394 0.93034 0.3511 -0.50583 0.36273 0.86608 -0.23614 -0.99457 -0.69682 -0.27577 0.14179 0.51961 0.80387 0.95727 0.99838 0.99162 0.97877 0.97315 0.95013 0.89784 0.80647 0.6475 0.4627 0.29077 0.15822 0.075792 0.035826 0.048369 0.096238 0.19692 0.32874 0.48421 0.62266 0.70656 0.6618 -0.425 -0.95925 -0.98559 -0.98321 -0.96715 -0.92077
-0.12668 0.74546 0.1849 0.63035 -0.84239 0.33421 -0.30434 0.93513 0.89358 0.99035 0.71775 -0.12141 0.033389 0.97935 0.086187 -0.97084 -0.87569 -0.5307 -0.12353 0.2887 0.63778 0.86533 0.96882 0.99216 0.99642 0.99659 0.98955 0.96111 0.89672 0.76691 0.60197 0.43992 0.30949 0.22517 0.18183 0.19031 0.23349 0.32779 0.45038 0.59268 0.71585 0.7877 0.7467 -0.31599 -0.92198 -0.96327 -0.95977 -0.93596 -0.87538
-0.083996 0.029661 0.62436 -0.17021 -0.58216 0.80873 -0.79628 0.58168 0.55266 0.82697 0.94279 0.27695 -0.29478 0.97163 0.39424 -0.8553 -0.97767 -0.74148 -0.37649 0.043088 0.43776 0.72959 0.89328 0.9489 0.97313 0.98196 0.99355 0.99192 0.95817 0.86257 0.72301 0.57579 0.45119 0.36735 0.32188 0.32638 0.36431 0.45085 0.5625 0.68985 0.79648 0.8559 0.8197 -0.20424 -0.87319 -0.92921 -0.92514 -0.89442 -0.82094
0.23419 -0.63628 0.16729 -0.76818 0.076612 0.84999 -0.95657 0.044876 0.070646 0.48553 0.9908 0.6257 -0.57746 0.84907 0.65649 -0.66261 -0.99761 -0.89431 -0.60062 -0.20161 0.21638 0.55885 0.77727 0.86558 0.9116 0.93143 0.96351 0.99065 0.99018 0.93279 0.8234 0.69554 0.58042 0.49946 0.45327 0.45413 0.48651 0.56419 0.66359 0.77462 0.86384 0.91069 0.8803 -0.091377 -0.81401 -0.88434 -0.88022 -0.84346 -0.75847
-0.22871 0.14823 -0.46197 -0.61425 0.65845 0.46034 -0.73774 -0.49797 -0.42348 0.046195 0.86074 0.87345 -0.77958 0.63074 0.84833 -0.4134 -0.93744 -0.98064 -0.78254 -0.43092 -0.013474 0.36304 0.62779 0.74738 0.81583 0.84834 0.90189 0.95872 0.99307 0.97673 0.90141 0.79696 0.69474 0.61908 0.5737 0.57143 0.5982 0.66627 0.75244 0.84618 0.91747 0.95185 0.92817 0.021064 -0.74564 -0.82965 -0.82596 -0.78406 -0.68895
0.072914 0.47418 -0.42698 0.093928 0.78123 -0.14505 -0.24141 -0.87999 -0.80635 -0.39613 0.58288 0.98755 -0.87897 0.34519 0.95392 -0.13184 -0.80523 -0.99723 -0.91248 -0.6323 -0.23937 0.15266 0.45285 0.60061 0.69088 0.73697 0.81202 0.89838 0.968 0.99432 0.95605 0.87843 0.79224 0.72424 0.68123 0.67651 0.69783 0.75583 0.82813 0.90398 0.95717 0.9794 0.96322 0.13166 -0.66929 -0.76622 -0.76338 -0.71722 -0.61343
0.11781 -0.20006 0.13552 0.6813 0.39487 -0.66445 0.33463 -0.99405 -0.98986 -0.75255 0.21058 0.95713 -0.86792 0.026371 0.96687 0.15679 -0.61407 -0.94588 -0.98463 -0.79565 -0.44995 -0.061872 0.26104 0.43227 0.54256 0.60231 0.69793 0.81261 0.91682 0.98622 0.98696 0.93893 0.87153 0.81338 0.77434 0.76798 0.78419 0.8319 0.89002 0.94774 0.98296 0.99351 0.98553 0.2391 -0.58622 -0.69512 -0.69351 -0.64395 -0.53292
-0.19606 -0.32511 0.46476 0.6465 -0.22439 -0.86036 0.7781 -0.81842 -0.93881 -0.95711 -0.19085 0.79259 -0.7527 -0.29058 0.88994 0.4284 -0.38052 -0.83284 -0.99709 -0.91367 -0.6354 -0.27062 0.061066 0.24975 0.37711 0.44977 0.56415 0.70493 0.84199 0.9537 0.9944 0.97798 0.9317 0.88542 0.85187 0.84477 0.85636 0.89385 0.93776 0.9774 0.99505 0.99457 0.99534 0.34223 -0.49768 -0.61748 -0.61741 -0.56527 -0.44842
0.1032 0.1742 0.2079 0.068335 -0.68167 -0.66141 0.93907 -0.4149 -0.67417 -0.97738 -0.5559 0.52212 -0.55144 -0.57312 0.73392 0.66191 -0.12308 -0.66796 -0.95161 -0.98201 -0.78783 -0.46461 -0.13861 0.060452 0.20099 0.28499 0.41549 0.57925 0.74646 0.89856 0.97917 0.99562 0.97231 0.93967 0.91306 0.90615 0.91376 0.94127 0.97121 0.99313 0.99386 0.9831 0.99306 0.44 -0.40488 -0.53441 -0.53611 -0.4822 -0.3609
0.069337 0.20642 -0.24964 -0.53288 -0.7145 -0.17678 0.77563 0.096102 -0.26322 -0.81732 -0.82921 0.18617 -0.2909 -0.79443 0.51589 0.84068 0.13929 -0.46371 -0.85315 -0.99921 -0.90144 -0.63613 -0.33013 -0.12845 0.020551 0.11363 0.25688 0.43973 0.63349 0.82304 0.94254 0.99237 0.99336 0.97585 0.95749 0.95174 0.95607 0.97406 0.99047 0.99529 0.97995 0.95977 0.9792 0.53152 -0.30902 -0.447 -0.45067 -0.39573 -0.27132
-0.15326 -0.11404 -0.36929 -0.67281 -0.3317 0.36988 0.35745 0.57358 0.19938 -0.51317 -0.97317 -0.16897 -0.0025596 -0.9355 0.25711 0.95342 0.38862 -0.23417 -0.70932 -0.96649 -0.97264 -0.77892 -0.50647 -0.31028 -0.15811 -0.058834 0.093223 0.2906 0.50658 0.72974 0.88619 0.96913 0.99525 0.99403 0.98509 0.98144 0.98325 0.99233 0.99587 0.9844 0.95401 0.92534 0.95441 0.61602 -0.21125 -0.35633 -0.36208 -0.3068 -0.18057
0.065983 -0.11084 -0.080421 -0.28061 0.22248 0.74663 -0.16788 0.89482 0.61426 -0.12402 -0.97192 -0.49773 0.28124 -0.98629 -0.019161 0.99452 0.60898 0.0060368 -0.52967 -0.88748 -1 -0.88835 -0.66167 -0.47907 -0.32938 -0.22726 -0.070777 0.1361 0.36935 0.62145 0.81209 0.92719 0.9787 0.99462 0.99606 0.9954 0.99551 0.9964 0.98789 0.96113 0.91685 0.88066 0.9194 0.69288 -0.11267 -0.26342 -0.27132 -0.21634 -0.089495
0.094972 0.05109 0.24667 0.30006 0.63094 0.8093 -0.62945 0.9851 0.89831 0.28046 -0.83158 -0.76084 0.53089 -0.94581 -0.28981 0.96394 0.78741 0.24261 -0.32501 -0.7678 -0.98411 -0.96145 -0.79094 -0.62969 -0.48825 -0.38696 -0.23071 -0.019699 0.22542 0.50117 0.7225 0.8681 0.94478 0.97832 0.99091 0.99406 0.99326 0.98679 0.96716 0.92628 0.86937 0.82667 0.87498 0.76158 -0.014297 -0.16928 -0.17933 -0.12521 0.001105
-0.14633 0.025737 0.27901 0.62248 0.68392 0.55009 -0.88828 0.83179 1 0.63272 -0.57744 -0.92955 0.72236 -0.82141 -0.53374 0.86673 0.91445 0.46242 -0.10673 -0.61459 -0.92738 -0.99686 -0.89074 -0.75796 -0.63042 -0.53382 -0.38258 -0.17296 0.078337 0.37194 0.61983 0.79368 0.89477 0.94608 0.97035 0.97805 0.97713 0.96418 0.93448 0.88074 0.81255 0.76435 0.822 0.82176 0.082905 -0.074844 -0.086989 -0.034237 0.090492
0.025959 -0.0083864 0.041317 0.47642 0.37754 0.08655 -0.8763 0.48179 0.90668 0.87814 -0.24867 -0.98809 0.83908 -0.62734 -0.73331 0.71216 0.98445 0.65413 0.11384 -0.43606 -0.83375 -0.99476 -0.95882 -0.8607 -0.75237 -0.66434 -0.52285 -0.32016 -0.068525 0.23679 0.50659 0.70588 0.83018 0.89905 0.93532 0.94817 0.94788 0.92938 0.89073 0.82548 0.7474 0.6947 0.76135 0.87314 0.17805 0.019016 0.0048796 0.055813 0.17798
0.12254 0.054866 -0.19424 0.0063151 -0.10756 -0.39592 -0.60954 0.024963 0.64353 0.98257 0.10823 -0.93427 0.87293 -0.38288 -0.87543 0.51278 0.99552 0.80865 0.32602 -0.241 -0.70841 -0.95671 -0.99416 -0.93573 -0.85143 -0.77571 -0.64852 -0.45815 -0.21201 0.09869 0.38535 0.60682 0.75267 0.83858 0.88692 0.90541 0.90643 0.88333 0.83687 0.76153 0.67498 0.61877 0.69396 0.91558 0.27034 0.11148 0.095502 0.14424 0.26296
-0.11561 0.0029034 -0.21963 -0.43622 -0.51795 -0.71955 -0.17555 -0.43039 0.26551 0.93576 0.44612 -0.77852 0.82421 -0.11027 -0.95208 0.2832 0.94936 0.91946 0.52021 -0.038356 -0.55747 -0.88548 -0.99688 -0.9819 -0.92574 -0.8658 -0.75713 -0.58418 -0.34923 -0.039532 0.25867 0.49864 0.66403 0.76612 0.82638 0.85087 0.85381 0.82703 0.77396 0.68995 0.59636 0.53757 0.62075 0.94903 0.35903 0.2018 0.18417 0.23038 0.34487
-0.034358 -0.12407 -0.056765 -0.55801 -0.6597 -0.77744 0.29784 -0.78344 -0.15519 0.75075 0.72337 -0.54164 0.70085 0.16742 -0.96047 0.039041 0.85082 0.98268 0.68827 0.16319 -0.38762 -0.78481 -0.96818 -0.99898 -0.97424 -0.93318 -0.84681 -0.69598 -0.47764 -0.17522 0.12904 0.38355 0.56609 0.68324 0.75503 0.78574 0.79112 0.76158 0.70306 0.61184 0.51262 0.45214 0.54266 0.97353 0.4435 0.28928 0.27024 0.31367 0.42321
0.12478 -0.042893 0.12349 -0.3096 -0.48415 -0.56387 0.68119 -0.96219 -0.54349 0.45986 0.9085 -0.2516 0.51701 0.4282 -0.90273 -0.20421 0.70731 0.99706 0.82376 0.35557 -0.20585 -0.65925 -0.91015 -0.98761 -0.99666 -0.97707 -0.91625 -0.79171 -0.59502 -0.30595 -0.0011592 0.26371 0.46075 0.59155 0.6743 0.71129 0.71955 0.68812 0.6253 0.52829 0.42481 0.36348 0.46062 0.98921 0.52317 0.37333 0.35312 0.39358 0.49755
-0.035459 0.16194 0.17935 0.11633 -0.094071 -0.16598 0.87788 -0.93616 -0.83456 0.10839 0.98309 0.059948 0.29121 0.65281 -0.78539 -0.4321 0.52824 0.9638 0.92207 0.53158 -0.019121 -0.51388 -0.82569 -0.94919 -0.99342 -0.99733 -0.96468 -0.87 -0.69951 -0.42952 -0.12968 0.14122 0.34989 0.49271 0.58563 0.62883 0.6403 0.60779 0.5418 0.44039 0.33396 0.27257 0.37552 0.99627 0.59756 0.45339 0.4323 0.46964 0.5675
-0.096003 0.12047 0.095887 0.43913 0.3203 0.27475 0.84609 -0.71903 -0.98381 -0.25292 0.94284 0.36125 0.04435 0.82592 -0.61848 -0.63199 0.32425 0.8863 0.9805 0.68511 0.16587 -0.35408 -0.71828 -0.88581 -0.96559 -0.9944 -0.99186 -0.92996 -0.78964 -0.54403 -0.25444 0.018105 0.23535 0.38837 0.49049 0.53971 0.55461 0.52177 0.45367 0.34921 0.24109 0.18033 0.28824 0.99497 0.66626 0.52898 0.50733 0.54144 0.63276
0.070681 -0.14378 -0.042432 0.47405 0.57548 0.614 0.60418 -0.36192 -0.97249 -0.57523 0.7968 0.62355 -0.20229 0.93699 -0.4146 -0.79367 0.10661 0.76976 0.99819 0.81131 0.34288 -0.1854 -0.59186 -0.80008 -0.91477 -0.96921 -0.99803 -0.97108 -0.8643 -0.64784 -0.37358 -0.10373 0.11892 0.28016 0.39037 0.44527 0.46371 0.43122 0.36201 0.25578 0.14716 0.087656 0.19963 0.98566 0.72895 0.5997 0.5778 0.60865 0.69304
0.067002 -0.2054 -0.13589 0.22902 0.57329 0.75067 0.2206 0.059948 -0.80843 -0.81794 0.56519 0.82363 -0.42881 0.98054 -0.18787 -0.90969 -0.11342 0.62084 0.97596 0.90662 0.50638 -0.013273 -0.45069 -0.69505 -0.84306 -0.92318 -0.98384 -0.9933 -0.92271 -0.73962 -0.48541 -0.22252 0.0023101 0.16966 0.28669 0.34682 0.36884 0.33729 0.26789 0.16109 0.053065 -0.0046107 0.11048 0.9687 0.78536 0.66521 0.6434 0.67098 0.74816
-0.091592 0.057371 -0.13269 -0.12724 0.33263 0.65387 -0.20715 0.46384 -0.52254 -0.95323 0.27621 0.94551 -0.61824 0.95615 0.047075 -0.97554 -0.32521 0.44718 0.91619 0.96884 0.65157 0.15707 -0.29914 -0.57409 -0.75289 -0.85807 -0.95036 -0.9969 -0.96449 -0.8183 -0.58848 -0.33667 -0.11288 0.058382 0.18087 0.24565 0.27117 0.24107 0.17234 0.066085 -0.040321 -0.09569 0.021561 0.94453 0.8353 0.72522 0.70383 0.72818 0.79793
-0.039312 0.2493 -0.044811 -0.384 -0.031702 0.36513 -0.57806 0.77566 -0.1622 -0.96845 -0.037652 0.98125 -0.75752 0.86807 0.27602 -0.98969 -0.51914 0.25703 0.82258 0.99707 0.77457 0.32079 -0.14164 -0.44074 -0.64699 -0.77596 -0.89895 -0.98252 -0.98953 -0.88311 -0.68159 -0.44472 -0.22517 -0.052243 0.074241 0.14302 0.17187 0.14365 0.076345 -0.028336 -0.13221 -0.18486 -0.066428 0.91359 0.87864 0.77952 0.75889 0.78008 0.84225
0.10432 0.077074 0.069934 -0.41142 -0.36604 -0.020996 -0.81092 0.94278 0.21721 -0.8664 -0.34335 0.93102 -0.83827 0.72447 0.48599 -0.95336 -0.68702 0.058799 0.69984 0.99161 0.87245 0.47352 0.017543 -0.29864 -0.52829 -0.67916 -0.83125 -0.95108 -0.99803 -0.93357 -0.76372 -0.54542 -0.33321 -0.16088 -0.031923 0.040113 0.072029 0.04603 -0.01918 -0.12135 -0.22185 -0.27145 -0.15283 0.87637 0.91532 0.82793 0.80841 0.82655 0.88105
0.010784 -0.20815 0.14134 -0.21904 -0.5426 -0.38944 -0.86066 0.94149 0.56091 -0.66364 -0.61074 0.80236 -0.85691 0.53663 0.66592 -0.87023 -0.82235 -0.13928 0.55351 0.9539 0.94318 0.61149 0.17432 -0.15141 -0.3998 -0.57015 -0.74913 -0.90375 -0.99047 -0.96943 -0.83412 -0.63768 -0.43577 -0.2663 -0.13644 -0.061964 -0.02731 -0.050834 -0.11336 -0.21218 -0.3086 -0.35487 -0.23703 0.83337 0.94532 0.87036 0.85227 0.86749 0.9143
-0.10544 -0.20074 0.12388 0.069646 -0.5056 -0.6389 -0.72479 0.77869 0.82246 -0.3874 -0.81526 0.60893 -0.81458 0.31792 0.80706 -0.7461 -0.92046 -0.32947 0.38961 0.88634 0.98572 0.73155 0.32494 -0.0025781 -0.26459 -0.45149 -0.6546 -0.84192 -0.96756 -0.99069 -0.89222 -0.72059 -0.5318 -0.36739 -0.2382 -0.16217 -0.12518 -0.14605 -0.20541 -0.30014 -0.39183 -0.43459 -0.31849 0.78513 0.96868 0.90673 0.8904 0.90285 0.94201
0.011613 0.076918 0.024118 0.29783 -0.28389 -0.70821 -0.44011 0.48809 0.96939 -0.071556 -0.93988 0.36884 -0.71659 0.0828 0.90332 -0.58836 -0.97856 -0.50482 0.21443 0.79212 0.99987 0.83122 0.466 0.1445 -0.12566 -0.3258 -0.54979 -0.76713 -0.93021 -0.99758 -0.9377 -0.79345 -0.62037 -0.46315 -0.33623 -0.25954 -0.22068 -0.23881 -0.29459 -0.3846 -0.47101 -0.51012 -0.39671 0.73215 0.98549 0.93705 0.92278 0.93263 0.96422
0.097566 0.24017 -0.098536 0.35937 0.029147 -0.58875 -0.071545 0.12228 0.98647 0.24773 -0.97607 0.10284 -0.57177 -0.15416 0.95136 -0.40554 -0.99571 -0.65936 0.034258 0.6751 0.98628 0.90871 0.59455 0.28672 0.014082 -0.19565 -0.43688 -0.68105 -0.8795 -0.99052 -0.9704 -0.8557 -0.70071 -0.55271 -0.42961 -0.35321 -0.31299 -0.32835 -0.38024 -0.46498 -0.54567 -0.58105 -0.47125 0.67499 0.99588 0.96133 0.94941 0.95687 0.98101
-0.02153 0.088078 -0.16491 0.24336 0.31636 -0.32148 0.30354 -0.25732 0.8762 0.53612 -0.92384 -0.16755 -0.39149 -0.37918 0.95052 -0.20681 -0.9727 -0.78825 -0.14482 0.53957 0.94631 0.96288 0.70811 0.42126 0.15188 -0.063564 -0.31805 -0.58546 -0.81666 -0.97012 -0.99035 -0.90696 -0.77219 -0.63533 -0.51755 -0.4424 -0.40138 -0.41402 -0.46176 -0.54079 -0.61541 -0.64704 -0.54173 0.61416 1 0.97965 0.97035 0.97562 0.99247
-0.088325 -0.1591 -0.12682 0.02484 0.48041 0.018335 0.61167 -0.59096 0.65711 0.7646 -0.79109 -0.4218 -0.18874 -0.57995 0.90266 -0.0015013 -0.9119 -0.88783 -0.31711 0.39014 0.88198 0.99327 0.80469 0.54562 0.28517 0.068059 -0.19548 -0.48214 -0.74303 -0.93711 -0.99776 -0.94702 -0.83433 -0.71036 -0.59937 -0.52642 -0.48518 -0.4952 -0.53865 -0.61161 -0.67988 -0.70779 -0.60781 0.55021 0.99806 0.9921 0.98568 0.98897 0.99876
0.019206 -0.19088 -0.0021463 -0.18373 0.47481 0.3432 0.79711 -0.82962 0.36008 0.9121 -0.59222 -0.64178 0.022849 -0.74629 0.81181 0.20131 -0.817 -0.95573 -0.47749 0.23155 0.79582 1 0.88279 0.65769 0.41166 0.19697 -0.071263 -0.37293 -0.66001 -0.89239 -0.993 -0.97581 -0.88676 -0.77731 -0.67449 -0.60467 -0.56382 -0.57138 -0.61045 -0.67708 -0.73881 -0.76307 -0.6692 0.48363 0.99029 0.99883 0.99552 0.99705 1
0.082983 0.0020552 0.13262 -0.28998 0.31364 0.57588 0.83078 -0.94147 0.023624 0.9669 -0.34636 -0.81293 0.22994 -0.87047 0.68387 0.39321 -0.69278 -0.99079 -0.62149 0.0685 0.69078 0.98376 0.9414 0.75569 0.52928 0.32109 0.052595 -0.25963 -0.56909 -0.83694 -0.97653 -0.99341 -0.92929 -0.83578 -0.74241 -0.67666 -0.6368 -0.64211 -0.67678 -0.7369 -0.79196 -0.8127 -0.72568 0.41495 0.97694 1 1 1 0.99638
-0.0086218 0.16555 0.19017 -0.25985 0.060105 0.66668 0.71321 -0.91516 -0.31137 0.9271 -0.075424 -0.92501 0.42027 -0.94747 0.5261 0.56672 -0.54483 -0.99301 -0.7454 -0.094439 0.57011 0.94572 0.98 0.83824 0.63627 0.43855 0.17421 -0.144 -0.47174 -0.77183 -0.94897 -1 -0.96181 -0.8855 -0.80276 -0.74195 -0.70372 -0.70703 -0.73733 -0.79083 -0.83918 -0.85654 -0.77707 0.34464 0.95827 0.9958 0.99929 0.99798 0.98808
-0.081527 0.12247 0.12964 -0.12322 -0.1992 0.60237 0.47187 -0.75973 -0.60656 0.79996 0.19797 -0.97247 0.58332 -0.97504 0.3467 0.71554 -0.37928 -0.96348 -0.84633 -0.25297 0.43727 0.88749 0.9985 0.90435 0.73115 0.54769 0.29185 -0.027738 -0.36947 -0.6982 -0.91102 -0.99591 -0.98434 -0.92629 -0.85526 -0.80023 -0.76422 -0.76581 -0.79185 -0.83869 -0.88035 -0.89452 -0.82322 0.27319 0.93459 0.98643 0.99358 0.99119 0.97531
-0.0067073 -0.042084 -0.015576 0.049325 -0.38395 0.40561 0.154 -0.50167 -0.8303 0.60046 0.45233 -0.95446 0.71078 -0.95354 0.15438 0.83472 -0.20255 -0.90423 -0.92222 -0.40317 0.2958 0.81102 0.99724 0.95338 0.81273 0.6471 0.40393 0.087557 -0.26375 -0.61722 -0.86347 -0.98154 -0.99699 -0.95807 -0.8997 -0.85123 -0.81806 -0.81824 -0.84016 -0.88037 -0.91541 -0.9266 -0.86403 0.20104 0.9062 0.97214 0.98307 0.97981 0.95829
0.080586 -0.12953 -0.1579 0.18283 -0.44393 0.12648 -0.18325 -0.17982 -0.96065 0.34935 0.66888 -0.87449 0.79685 -0.88576 -0.042105 0.92075 -0.021045 -0.81814 -0.97184 -0.54154 0.14925 0.71856 0.97693 0.98505 0.88013 0.7356 0.50905 0.20038 -0.15601 -0.53009 -0.80718 -0.95741 -1 -0.98087 -0.93598 -0.8948 -0.86503 -0.86414 -0.88213 -0.9158 -0.94435 -0.95279 -0.89945 0.12863 0.87342 0.95315 0.96797 0.96406 0.93723
0.024805 -0.068073 -0.21013 0.22943 -0.37059 -0.17094 -0.48322 0.16081 -0.98696 0.07075 0.83279 -0.73987 0.83836 -0.77659 -0.23434 0.97159 0.159 -0.7087 -0.99476 -0.66508 0.001092 0.61255 0.93861 0.9994 0.93276 0.81222 0.60597 0.30935 -0.047638 -0.43801 -0.74304 -0.92408 -0.99366 -0.99478 -0.96408 -0.93083 -0.90502 -0.90339 -0.91767 -0.94496 -0.9672 -0.97313 -0.92947 0.056363 0.83656 0.92974 0.94852 0.94417 0.91238
-0.075631 0.042089 -0.139 0.18298 -0.19487 -0.42355 -0.69899 0.47548 -0.91013 -0.21023 0.93397 -0.56094 0.83474 -0.63258 -0.41455 0.98659 0.33178 -0.57992 -0.99128 -0.77134 -0.14538 0.49559 0.88359 0.99678 0.97028 0.87626 0.69367 0.41322 0.060063 -0.34219 -0.67199 -0.8822 -0.97835 -1 -0.98402 -0.9593 -0.93796 -0.93595 -0.94679 -0.96788 -0.98401 -0.98769 -0.95409 -0.015373 0.79597 0.90217 0.92496 0.92037 0.88397
-0.044132 0.079074 0.015368 0.074211 0.026126 -0.58211 -0.80008 0.7254 -0.74159 -0.46972 0.96741 -0.35017 0.78782 -0.46153 -0.57592 0.96647 0.49203 -0.43617 -0.9624 -0.85841 -0.28708 0.37034 0.81345 0.97781 0.99263 0.92722 0.77129 0.51086 0.16586 -0.24378 -0.595 -0.83248 -0.95451 -0.99677 -0.99594 -0.98025 -0.96385 -0.96182 -0.96948 -0.98461 -0.9949 -0.99661 -0.97336 -0.086217 0.75196 0.8707 0.89753 0.89289 0.85224
0.062773 0.031899 0.16463 -0.047596 0.22806 -0.61994 -0.77578 0.88212 -0.50135 -0.68701 0.93318 -0.12125 0.70158 -0.27203 -0.71275 0.91312 0.6352 -0.28196 -0.90971 -0.92495 -0.42121 0.2395 0.72992 0.94335 1 0.96485 0.83816 0.60131 0.26863 -0.14393 -0.51303 -0.77562 -0.92264 -0.98539 -1 -0.99376 -0.98274 -0.98104 -0.98584 -0.99527 -1 -1 -0.98736 -0.15584 0.70489 0.83563 0.86651 0.86198 0.81744
0.061874 -0.022094 0.22441 -0.13652 0.35779 -0.53601 -0.63509 0.93021 -0.21531 -0.84603 0.83597 0.11187 0.58174 -0.072996 -0.82064 0.8295 0.7575 -0.12187 -0.83533 -0.97015 -0.54528 0.10569 0.6349 0.89447 0.99277 0.98906 0.89379 0.68372 0.36731 -0.04373 -0.42706 -0.71242 -0.88329 -0.96625 -0.99644 -1 -0.99475 -0.99371 -0.99596 -1 -0.99948 -0.99804 -0.9962 -0.22392 0.65506 0.79724 0.83213 0.8279 0.77983
-0.039914 -0.027593 0.16179 -0.16633 0.38639 -0.35276 -0.40376 0.86801 0.087683 -0.93626 0.68447 0.33573 0.43535 0.12674 -0.89654 0.71942 0.85601 0.039619 -0.74178 -0.99375 -0.65714 -0.028529 0.53038 0.83241 0.97154 1 0.93786 0.75743 0.46099 0.055799 -0.33804 -0.64363 -0.83705 -0.93975 -0.98554 -0.99916 -1 -0.99998 -1 -0.99896 -0.99352 -0.99093 -1 -0.29018 0.60282 0.75581 0.79467 0.79088 0.73963
-0.073148 -0.0044769 0.011566 -0.13629 0.31399 -0.10961 -0.11905 0.70681 0.37879 -0.95315 0.49042 0.53819 0.27034 0.31882 -0.93875 0.58735 0.92866 0.19824 -0.63192 -0.99596 -0.75501 -0.16074 0.41839 0.75856 0.93707 0.99795 0.97023 0.82187 0.54882 0.15369 -0.24691 -0.57005 -0.78452 -0.90634 -0.96762 -0.99147 -0.9987 -1 -0.99813 -0.99236 -0.98234 -0.97886 -0.99891 -0.35437 0.54848 0.71162 0.75438 0.75118 0.6971
0.0080549 0.00011 -0.14558 -0.066473 0.16648 0.1459 0.17656 0.46844 0.63189 -0.89798 0.26768 0.70896 0.095055 0.49565 -0.94692 0.43824 0.97424 0.35003 -0.50881 -0.97744 -0.83749 -0.28869 0.30098 0.6744 0.89027 0.98338 0.9909 0.87664 0.6301 0.24903 -0.15456 -0.49249 -0.72634 -0.86651 -0.94306 -0.97723 -0.99106 -0.99399 -0.99055 -0.98042 -0.96617 -0.96207 -0.99309 -0.41624 0.49236 0.66497 0.71154 0.70905 0.65248
0.07179 -0.019652 -0.22796 0.013361 -0.013875 0.3675 0.44176 0.18207 0.82569 -0.77734 0.031101 0.84 -0.082153 0.65067 -0.92191 0.2773 0.9924 0.49143 -0.37569 -0.93926 -0.90353 -0.41033 0.18018 0.58148 0.83218 0.95686 1 0.92146 0.70421 0.34101 -0.061871 -0.4117 -0.66316 -0.82076 -0.91222 -0.95674 -0.97736 -0.98218 -0.97749 -0.96337 -0.94527 -0.94079 -0.98273 -0.47559 0.43477 0.61612 0.66639 0.66472 0.60601
0.027332 -0.025276 -0.19518 0.07592 -0.18076 0.51824 0.64198 -0.11961 0.9453 -0.60222 -0.20441 0.92584 -0.25332 0.77857 -0.86571 0.10982 0.98353 0.61931 -0.23583 -0.88283 -0.95248 -0.52383 0.057956 0.48143 0.76393 0.91913 0.99782 0.95619 0.77065 0.42888 0.030346 -0.32848 -0.59563 -0.76964 -0.87555 -0.93033 -0.95786 -0.96483 -0.95922 -0.94147 -0.91988 -0.91527 -0.96803 -0.53223 0.376 0.56536 0.61919 0.61845 0.55791
-0.052953 0.0093937 -0.066258 0.10506 -0.29545 0.57607 0.75343 -0.40416 0.98301 -0.38689 -0.42484 0.96362 -0.41119 0.87535 -0.78124 -0.058999 0.94878 0.73106 -0.092463 -0.80986 -0.984 -0.62759 -0.063794 0.37586 0.68673 0.871 0.98474 0.98079 0.82903 0.51197 0.12131 -0.24357 -0.5244 -0.71367 -0.83348 -0.89838 -0.93287 -0.94223 -0.936 -0.91501 -0.8903 -0.88578 -0.9492 -0.586 0.31633 0.51295 0.5702 0.57047 0.50842
-0.0561 0.057238 0.093466 0.098701 -0.33511 0.53615 0.76539 -0.64276 0.93841 -0.14763 -0.61784 0.95306 -0.5495 0.93844 -0.67225 -0.22419 0.88988 0.8246 0.051255 -0.72229 -0.99813 -0.72027 -0.18329 0.26638 0.60183 0.81335 0.96127 0.99533 0.87905 0.58969 0.21031 -0.15769 -0.45013 -0.65341 -0.78645 -0.86126 -0.90273 -0.91467 -0.90812 -0.88425 -0.85679 -0.85258 -0.92645 -0.63676 0.25606 0.45915 0.51965 0.521 0.45775
0.017105 0.062738 0.207 0.066333 -0.29637 0.41009 0.68046 -0.81294 0.81791 0.098522 -0.77332 0.89631 -0.66316 0.96663 -0.54304 -0.38117 0.80912 0.89837 0.19234 -0.62223 -0.99517 -0.80076 -0.29889 0.15458 0.51055 0.74717 0.92798 1 0.92051 0.66155 0.29667 -0.071543 -0.37346 -0.58942 -0.73494 -0.81937 -0.86778 -0.88245 -0.87587 -0.84951 -0.81966 -0.81595 -0.90001 -0.6844 0.19544 0.40422 0.46779 0.47029 0.40612
0.065914 0.0042879 0.223 0.023201 -0.19388 0.22256 0.51319 -0.90029 0.63366 0.33502 -0.88383 0.7976 -0.74836 0.96007 -0.39836 -0.52582 0.70924 0.95136 0.32802 -0.51193 -0.97573 -0.86823 -0.40908 0.041994 0.41417 0.67346 0.88554 0.99507 0.95331 0.72711 0.37978 0.014221 -0.295 -0.52223 -0.67943 -0.77311 -0.82836 -0.84592 -0.83956 -0.81107 -0.77918 -0.77616 -0.87011 -0.72881 0.13472 0.3484 0.41485 0.41853 0.35373
0.026504 -0.075046 0.13777 -0.016012 -0.055033 0.0061363 0.28724 -0.89931 0.40218 0.54685 -0.94483 0.66293 -0.80269 0.92011 -0.24319 -0.65459 0.59327 0.98308 0.45579 -0.39371 -0.94065 -0.92207 -0.51251 -0.069925 0.314 0.59327 0.83466 0.98088 0.97744 0.78603 0.4591 0.098977 -0.21537 -0.45241 -0.62037 -0.7229 -0.78485 -0.8054 -0.79951 -0.76924 -0.73565 -0.73349 -0.83699 -0.76992 0.074135 0.29194 0.36106 0.36596 0.30078
-0.048327 -0.10273 -0.0066377 -0.041749 0.08747 -0.20447 0.031869 -0.81325 0.14276 0.72139 -0.9547 0.49964 -0.82507 0.84922 -0.082531 -0.76455 0.4645 0.99351 0.5734 -0.26988 -0.891 -0.96193 -0.608 -0.1798 0.21131 0.50767 0.77613 0.95787 0.99296 0.83803 0.53414 0.18214 -0.13514 -0.38047 -0.55825 -0.66915 -0.73762 -0.76123 -0.75603 -0.72432 -0.68937 -0.68821 -0.80089 -0.80767 0.013923 0.23505 0.30662 0.31276 0.24746
-0.060286 -0.044495 -0.14464 -0.051253 0.20323 -0.37791 -0.22203 -0.65312 -0.12423 0.84902 -0.91462 0.316 -0.81573 0.75077 0.078677 -0.85344 0.32637 0.98312 0.67896 -0.14278 -0.82801 -0.98767 -0.69453 -0.28635 0.10735 0.41772 0.71076 0.92653 1 0.88292 0.60446 0.26318 -0.054863 -0.30694 -0.49353 -0.61228 -0.68702 -0.71374 -0.70944 -0.67663 -0.64062 -0.6406 -0.76205 -0.84201 -0.045708 0.17795 0.25175 0.25914 0.19396
0.0064043 0.060181 -0.21757 -0.047494 0.27031 -0.4906 -0.44562 -0.43611 -0.37894 0.92356 -0.82827 0.12071 -0.77609 0.62889 0.23576 -0.91963 0.18231 0.95279 0.77089 -0.014651 -0.75308 -0.99937 -0.77126 -0.38841 0.0033114 0.32448 0.63939 0.88738 0.99878 0.92056 0.6697 0.34159 0.024927 -0.23233 -0.42668 -0.5527 -0.63344 -0.66329 -0.66007 -0.62646 -0.58971 -0.59093 -0.72071 -0.87293 -0.10456 0.12085 0.19665 0.20528 0.14044
0.065331 0.12799 -0.19804 -0.03641 0.27883 -0.52941 -0.61518 -0.18355 -0.60346 0.9423 -0.7015 -0.077459 -0.70863 0.48826 0.3844 -0.9622 0.035754 0.90375 0.84792 0.11236 -0.66771 -0.99732 -0.83752 -0.48492 -0.099684 0.22901 0.56287 0.84103 0.98955 0.9509 0.72953 0.41692 0.10374 -0.15713 -0.35814 -0.49082 -0.57725 -0.61021 -0.60823 -0.57412 -0.53691 -0.53947 -0.67711 -0.90042 -0.16244 0.063953 0.1415 0.15136 0.08707
0.041177 0.10069 -0.098734 -0.023854 0.23163 -0.49267 -0.7144 0.081282 -0.78296 0.90601 -0.54188 -0.27008 -0.61669 0.3339 0.52075 -0.98085 -0.11001 0.83755 0.90917 0.23623 -0.57349 -0.98197 -0.89283 -0.57495 -0.20057 0.1323 0.48207 0.78808 0.97265 0.97393 0.78372 0.48878 0.1811 -0.081785 -0.28835 -0.42705 -0.51881 -0.55484 -0.55423 -0.51991 -0.48249 -0.48647 -0.63148 -0.92448 -0.21919 0.0074338 0.086482 0.097553 0.034002
-0.034183 -0.0063087 0.036363 -0.013412 0.14227 -0.38932 -0.73549 0.33533 -0.90653 0.81856 -0.35815 -0.44941 -0.50434 0.17101 0.6415 -0.97587 -0.25187 0.75601 0.95404 0.3551 -0.47205 -0.95392 -0.93683 -0.65768 -0.29837 0.035326 0.39784 0.72919 0.94844 0.98971 0.83205 0.55679 0.25659 -0.0067531 -0.21773 -0.36176 -0.45848 -0.49751 -0.49839 -0.46411 -0.42674 -0.43219 -0.58406 -0.94513 -0.27463 -0.048529 0.03177 0.044015 -0.018615
-0.066307 -0.11507 0.15232 -0.0057037 0.03122 -0.23675 -0.67937 0.55771 -0.9676 0.68653 -0.15976 -0.60862 -0.37611 0.0047992 0.74393 -0.94812 -0.38696 0.66115 0.98229 0.46726 -0.36506 -0.91395 -0.96935 -0.73244 -0.39217 -0.060981 0.31104 0.66503 0.91734 0.99835 0.87438 0.62063 0.3298 0.067552 -0.14669 -0.29535 -0.39661 -0.43855 -0.441 -0.407 -0.36992 -0.37688 -0.53508 -0.9624 -0.32863 -0.10377 -0.022478 -0.0091022 -0.070645
-0.018322 -0.14503 0.20577 0.00090706 -0.078855 -0.057712 -0.55489 0.73129 -0.96415 0.5186 0.043649 -0.74206 -0.23687 -0.15972 0.82595 -0.89894 -0.5127 0.55513 0.99394 0.57123 -0.25417 -0.86292 -0.99037 -0.79865 -0.48117 -0.15575 0.22248 0.59626 0.87978 1 0.91061 0.68005 0.40038 0.14074 -0.075627 -0.22818 -0.33354 -0.37826 -0.38237 -0.34886 -0.31228 -0.32077 -0.48476 -0.97634 -0.38105 -0.15814 -0.07611 -0.061655 -0.12196
0.049116 -0.073143 0.1804 0.0087498 -0.16763 0.1232 -0.37728 0.84379 -0.89844 0.32497 0.2427 -0.84539 -0.091587 -0.31782 0.88612 -0.83013 -0.62685 0.44023 0.98932 0.6657 -0.141 -0.8018 -1 -0.85588 -0.56463 -0.24817 0.13297 0.52358 0.83624 0.99486 0.94069 0.73481 0.46799 0.21244 -0.0048953 -0.1606 -0.26961 -0.31697 -0.32277 -0.28996 -0.25407 -0.2641 -0.43332 -0.987 -0.43177 -0.2115 -0.12899 -0.11351 -0.17244
0.057771 0.05078 0.090444 0.019194 -0.2206 0.28286 -0.16616 0.88848 -0.77663 0.11665 0.4287 -0.91563 0.054837 -0.4652 0.9236 -0.74379 -0.72749 0.31876 0.96899 0.74958 -0.027138 -0.73165 -0.99847 -0.90381 -0.64193 -0.33749 0.043287 0.44767 0.78722 0.98318 0.96461 0.78471 0.53234 0.28231 0.065151 -0.092946 -0.20512 -0.25496 -0.26248 -0.23055 -0.19553 -0.20709 -0.38096 -0.99445 -0.48068 -0.26371 -0.18097 -0.16454 -0.22197
0.0023276 0.1417 -0.027591 0.03159 -0.23111 0.40244 0.05678 0.86421 -0.60807 -0.095132 0.59398 -0.9512 0.19771 -0.59809 0.9382 -0.64234 -0.81309 0.19303 0.93376 0.82199 0.085913 -0.65358 -0.98613 -0.94223 -0.71253 -0.42303 -0.045844 0.36919 0.73323 0.96523 0.98241 0.82962 0.59317 0.35005 0.13418 -0.025547 -0.1404 -0.19253 -0.20177 -0.17088 -0.13687 -0.14995 -0.3279 -0.99875 -0.52769 -0.31465 -0.23195 -0.21464 -0.27045
-0.05255 0.13942 -0.13032 0.043163 -0.20067 0.46934 0.26997 0.77517 -0.40449 -0.29956 0.73213 -0.9519 0.3327 -0.71331 0.93026 -0.52841 -0.88247 0.065333 0.88461 0.88226 0.19673 -0.56874 -0.96345 -0.97105 -0.77598 -0.50416 -0.13373 0.28881 0.67479 0.94131 0.99416 0.86942 0.65026 0.41537 0.2019 0.041297 -0.075716 -0.12994 -0.14089 -0.11118 -0.078329 -0.092883 -0.27433 -1 -0.57269 -0.36421 -0.28181 -0.26369 -0.31779
-0.049597 0.04765 -0.18343 0.049856 -0.13777 0.47823 0.45402 0.63016 -0.17918 -0.48674 0.83825 -0.91876 0.45593 -0.80831 0.90067 -0.40474 -0.93482 -0.062142 0.82271 0.92993 0.30399 -0.47831 -0.93097 -0.99028 -0.83192 -0.58034 -0.21972 0.20717 0.61244 0.91175 0.99998 0.90404 0.70341 0.47801 0.26801 0.1073 -0.011361 -0.067452 -0.080079 -0.051665 -0.020097 -0.036076 -0.22044 -0.99827 -0.61564 -0.4123 -0.33043 -0.31159 -0.3639
0.0036431 -0.072266 -0.17256 0.047765 -0.055673 0.43098 0.59333 0.44159 0.054005 -0.64813 0.90898 -0.854 0.56411 -0.88123 0.85077 -0.27415 -0.96972 -0.18731 0.74936 0.96473 0.40649 -0.38347 -0.88931 -1 -0.88007 -0.65109 -0.30321 0.12488 0.5467 0.87691 1 0.93343 0.75247 0.53774 0.33225 0.17219 0.052408 -0.0053222 -0.019576 0.0074396 0.03763 0.020286 -0.16641 -0.99366 -0.65644 -0.45881 -0.37774 -0.35826 -0.4087
