0.0054503 -0.0047964 0.015351 0.014186 -0.018611 0.028276 0.048896 0.04933 0.02216 0.0056575 0.043933 -0.1324 0.15061 0.016888 -0.026851 0.036711 0.14471 0.20979 -0.3762 0.4524 -0.31461 -0.47145 -0.080377 0.11565 0.049433 -0.27513 -0.66698 -0.38596 0.62279 0.13785 -0.68791 0.70413 -0.47599 0.26737 -0.18692 0.27553 -0.51132 0.76913 -0.72637 0.2643 0.33885 -0.75464 0.77139 -0.30911 -0.40702 0.83277 -0.15641 -0.83517 -0.19159
-0.007412 0.0015284 0.013917 -0.022728 -0.0016045 0.011557 0.049238 -0.078786 -0.026628 0.12788 -0.002878 0.10401 0.20741 0.054292 0.0063885 0.059237 0.031219 -0.33115 0.41466 -0.477 -0.023378 0.53271 0.64098 0.66809 0.63574 0.28061 -0.48151 -0.58547 0.59822 0.076902 -0.60178 0.77739 -0.76239 0.72682 -0.74768 0.80782 -0.77069 0.40601 0.29671 -0.79541 0.70601 -0.12782 -0.53881 0.84293 -0.4236 -0.46997 0.7459 0.68325 -0.39359
0.0069944 0.0063014 -0.0045473 0.00085695 -0.018423 0.050515 -0.041065 -0.078726 -0.050956 -0.10327 -0.054969 0.18991 0.18729 -0.043616 -0.0012236 -0.13584 -0.13946 0.37082 -0.44363 0.15451 0.58382 0.37769 0.28989 0.47012 0.70316 0.46741 -0.4634 -0.5162 0.73798 -0.34423 -0.12099 0.42934 -0.56057 0.56967 -0.46167 0.17074 0.31883 -0.78589 0.67381 0.065945 -0.73416 0.76929 -0.16631 -0.62644 0.80915 -0.04334 -0.8665 -0.3675 0.67052
-0.0024736 -0.00029236 0.0043696 0.022181 0.035546 -0.010787 -0.013926 -0.072637 0.10564 0.085424 -0.066764 0.19899 0.18216 -0.08477 0.042312 0.17104 0.084406 -0.25396 0.032273 0.54724 0.1204 -0.16101 -0.09242 0.30334 0.7166 0.36908 -0.66746 -0.11545 0.68463 -0.78422 0.6649 -0.53146 0.50208 -0.58526 0.74032 -0.83409 0.60389 0.11481 -0.80176 0.61062 0.2284 -0.82708 0.61572 0.25847 -0.85802 0.3496 0.82782 0.18763 -0.75287
-0.0075256 -0.0075063 0.0015027 0.0083869 0.0011537 0.0014766 -0.0081501 0.014069 -0.11935 0.034261 -0.075603 0.18879 -0.05341 0.036696 -0.06912 -0.2291 0.20612 -0.29359 0.5355 0.1581 -0.30925 -0.40674 -0.17203 0.4061 0.73825 -0.064348 -0.73997 0.58776 -0.084752 -0.2997 0.50647 -0.58025 0.53587 -0.35934 0.011748 0.48802 -0.84282 0.52121 0.44101 -0.84711 0.20476 0.66863 -0.78816 -0.032607 0.83045 -0.44736 -0.81725 -0.19842 0.72291
-0.0039205 -0.0096019 0.014902 0.017109 -0.038569 0.020252 0.05434 -0.005685 -0.012993 0.016784 -0.16077 -0.092565 -0.064312 0.007888 0.13546 0.13611 -0.33471 0.25627 0.41787 -0.1669 -0.44607 -0.38644 0.054652 0.68573 0.44267 -0.68187 -0.075743 0.65252 -0.80885 0.78335 -0.74703 0.7583 -0.81755 0.8272 -0.63602 0.095446 0.62583 -0.79905 -0.088132 0.85297 -0.42195 -0.55911 0.8296 -0.002363 -0.84362 0.37651 0.8643 0.38324 -0.5601
0.0070156 0.0030377 0.018721 0.0091381 0.043422 0.058092 0.0080594 -0.030324 0.081574 0.009339 -0.086483 -0.080461 0.062438 -0.044785 -0.14082 0.27153 -0.34985 0.50844 0.23835 -0.23285 -0.35103 -0.083973 0.52899 0.67902 -0.38679 -0.54429 0.79236 -0.53078 0.2376 -0.085678 0.076324 -0.19798 0.45345 -0.73972 0.84621 -0.47939 -0.36408 0.86547 -0.091423 -0.83322 0.46097 0.58072 -0.8052 -0.14209 0.88115 -0.13251 -0.88389 -0.67322 0.19505
0.0068559 0.0011217 0.0044354 -0.015794 0.0050668 0.049204 -0.0027632 0.047389 0.068206 -0.068564 0.20748 0.10894 -0.019443 0.024781 -0.15469 -0.024867 -0.12268 0.55695 0.25299 -0.039788 0.035932 0.48898 0.747 -0.14428 -0.73473 0.62063 -0.04892 -0.37847 0.56729 -0.60394 0.5372 -0.34938 -0.012993 0.49243 -0.84418 0.64801 0.23358 -0.87555 0.090208 0.85718 -0.34576 -0.71509 0.67715 0.43458 -0.82801 -0.28016 0.71081 0.88862 0.35758
-0.0035261 0.00014005 0.00775 -0.030951 0.030384 -0.053205 -0.055902 0.098782 0.0040232 -0.0018657 -0.20562 -0.04583 -0.0046349 0.13128 0.10088 -0.26251 -0.00023195 0.58776 0.47042 0.40187 0.61185 0.73659 -0.042162 -0.78887 0.44043 0.2813 -0.70087 0.82279 -0.84088 0.84207 -0.80411 0.64698 -0.2646 -0.32334 0.81928 -0.6794 -0.26648 0.87421 0.078975 -0.88453 0.062662 0.86427 -0.35636 -0.76469 0.52269 0.72972 -0.20684 -0.74519 -0.83783
0.0028459 0.0005489 0.00078944 0.012819 0.044421 0.019217 0.0030925 0.095979 -0.028802 0.086325 0.21356 -0.070584 -0.0073442 0.012862 0.27441 -0.35764 -0.062946 0.55241 0.67946 0.72393 0.61051 -0.13835 -0.79472 0.35398 0.43288 -0.80455 0.80802 -0.73267 0.7336 -0.80629 0.85928 -0.76104 0.36668 0.30097 -0.84073 0.59965 0.44535 -0.80844 -0.39104 0.79304 0.36915 -0.84284 -0.18263 0.88654 0.091511 -0.8891 -0.50891 0.087809 0.77547
-0.007662 -0.001779 -0.0090951 0.001717 -0.029996 0.013016 -0.014896 -0.0065458 -0.011866 -0.11125 -0.17013 0.086756 -0.069334 -0.1384 0.34643 -0.34978 -0.31204 0.21266 0.3719 0.17523 -0.43265 -0.75489 0.3843 0.46421 -0.82641 0.74328 -0.55138 0.46964 -0.5485 0.72441 -0.86004 0.77925 -0.31913 -0.42308 0.88039 -0.3751 -0.70468 0.56726 0.74251 -0.43736 -0.78833 0.4536 0.74014 -0.52148 -0.74253 0.43085 0.90916 0.71721 0.018489
-0.008426 -0.0068538 0.0050283 0.038778 0.0032306 0.01671 -0.043967 -0.11447 0.0074259 0.046498 -0.047648 0.037405 -0.057566 -0.22487 0.37075 -0.1827 -0.57958 -0.45057 -0.50975 -0.74073 -0.54602 0.55595 0.38784 -0.82697 0.72856 -0.45498 0.26902 -0.26725 0.44467 -0.70709 0.87108 -0.72037 0.12298 0.64536 -0.8344 -0.028713 0.88828 -0.07385 -0.89597 -0.19621 0.86155 0.27644 -0.86438 -0.28938 0.83751 0.46861 -0.43908 -0.81767 -0.84603
0.0020382 0.013281 -0.028387 0.021323 -0.0152 -0.042678 -0.0035272 0.060802 -0.012318 0.13428 0.16545 -0.0018963 -0.015238 -0.25265 0.29997 0.21328 -0.38288 -0.59146 -0.50595 0.020585 0.77013 0.14196 -0.79463 0.76818 -0.47225 0.20634 -0.10461 0.19995 -0.46627 0.77035 -0.86979 0.53951 0.21953 -0.85283 0.5617 0.5395 -0.75976 -0.55364 0.57369 0.7975 -0.32072 -0.86656 0.23539 0.8925 -0.065964 -0.9055 -0.58452 -0.1134 0.58025
-0.0099694 0.0039385 0.002144 0.0070815 -0.025694 -0.059363 0.11002 -0.020825 0.07631 -0.18913 0.11434 0.016161 -0.0059334 -0.19067 0.0082277 0.56119 0.40978 0.39233 0.67809 0.68794 -0.30817 -0.64768 0.82904 -0.57236 0.27149 -0.088935 0.085855 -0.27432 0.60058 -0.86229 0.76762 -0.17787 -0.63016 0.84462 -0.0006028 -0.88644 0.17669 0.90519 0.2141 -0.8011 -0.56346 0.64034 0.693 -0.49893 -0.83044 0.17424 0.84108 0.91404 0.58143
-0.0083306 0.0020504 0.02457 0.039572 0.049136 -0.01745 -0.054217 0.017207 -0.15257 -0.14841 0.023331 0.051291 -0.069642 0.040024 -0.42578 0.1852 0.49215 0.46581 -0.033581 -0.76054 -0.24044 0.83597 -0.7177 0.42298 -0.19758 0.11433 -0.20718 0.46976 -0.78567 0.86699 -0.45371 -0.34127 0.88932 -0.43137 -0.65032 0.69681 0.60696 -0.53203 -0.87233 -0.009869 0.88576 0.35936 -0.79041 -0.585 0.57915 0.84323 0.21614 -0.23516 -0.77484
0.011527 -0.0039435 0.018171 -0.043177 0.066988 0.050167 -0.0097171 -0.0037392 0.0099164 0.046435 -0.0084808 0.078494 -0.21321 0.37283 -0.39807 -0.58899 -0.58307 -0.73362 -0.57129 0.44223 0.59347 -0.84842 0.62448 -0.38628 0.25883 -0.27311 0.44537 -0.72204 0.89105 -0.63308 -0.099834 0.80512 -0.70093 -0.31636 0.89417 0.094737 -0.89283 -0.41326 0.60164 0.85461 -0.083695 -0.90923 -0.25489 0.80954 0.607 -0.47185 -0.91624 -0.87987 -0.48224
-0.0081159 0.017697 -0.010034 0.019785 0.046818 0.02249 0.013413 -0.04044 0.19333 0.15148 0.0038252 0.064346 -0.31683 0.35484 0.35968 -0.037196 -0.043908 0.38739 0.80047 -0.078592 -0.75731 0.82484 -0.61602 0.46908 -0.43912 0.5324 -0.72743 0.88898 -0.73453 0.086494 0.69374 -0.83602 -0.013089 0.87959 -0.33788 -0.84833 0.20527 0.91309 0.4598 -0.55433 -0.86894 0.070744 0.91289 0.33572 -0.73925 -0.77243 -0.12231 0.27044 0.76625
-0.013117 -0.010915 -0.034445 -0.012631 0.0048911 0.0015347 0.03062 0.0040654 0.1496 0.17189 0.030156 -0.041415 -0.11315 -0.27324 0.37559 0.61206 0.58537 0.10251 -0.76399 -0.17433 0.81569 -0.83193 0.69627 -0.64306 0.68597 -0.79841 0.89416 -0.76672 0.20575 0.58951 -0.88854 0.21354 0.77773 -0.6114 -0.62338 0.63269 0.77842 -0.17531 -0.88344 -0.6141 0.42622 0.90546 0.0487 -0.87182 -0.55165 0.48551 0.91331 0.91229 0.61648
-0.0096965 0.0088782 0.0043703 0.038843 -0.017686 -0.041999 -0.068084 0.10754 0.03609 0.15298 0.032262 -0.20252 0.33733 -0.40601 -0.59136 -0.5966 -0.74232 -0.46063 0.64943 0.29342 -0.82234 0.87048 -0.82215 0.83165 -0.87841 0.89213 -0.73203 0.23154 0.52041 -0.90557 0.34969 0.66092 -0.76747 -0.38375 0.84204 0.45295 -0.66347 -0.85416 -0.12277 0.75368 0.78672 -0.20353 -0.92445 -0.33878 0.70332 0.8386 0.3023 -0.035187 -0.5688
0.011694 0.017076 -0.021199 0.054385 0.057954 0.074708 0.021791 0.09209 -0.03171 0.102 -0.026409 -0.16426 0.21962 0.47238 0.19378 0.22469 0.63911 0.65259 -0.5726 -0.29138 0.7777 -0.88717 0.89795 -0.89392 0.82913 -0.61344 0.14306 0.52163 -0.91 0.43342 0.58042 -0.84509 -0.18606 0.90968 0.13563 -0.87974 -0.52593 0.4498 0.92532 0.51021 -0.48393 -0.91192 -0.12066 0.82302 0.69868 -0.25559 -0.808 -0.91895 -0.86108
-0.015574 0.00029852 0.03202 0.039491 -0.026235 -0.099336 0.017496 0.0046575 -0.035563 0.013121 -0.094249 0.19706 -0.43763 0.026044 0.30977 0.16879 -0.46697 -0.73431 0.57755 0.17195 -0.638 0.78534 -0.78382 0.66142 -0.38913 -0.059523 0.61099 -0.91213 0.46856 0.52888 -0.87712 -0.048792 0.91613 -0.095083 -0.92257 -0.16263 0.80474 0.7922 0.051927 -0.75741 -0.82594 0.069374 0.89696 0.56714 -0.46169 -0.93399 -0.66577 -0.43015 0.083104
0.012026 0.011528 -0.0026425 0.01536 -0.019506 0.062269 0.03691 -0.066251 0.017315 -0.075743 -0.0059713 0.22209 0.042253 -0.48591 -0.61321 -0.43927 0.34031 0.75382 -0.66323 0.068279 0.34494 -0.46392 0.36683 -0.075485 -0.34182 0.75764 -0.90307 0.43202 0.51631 -0.89089 0.014631 0.90183 -0.2496 -0.89368 0.11983 0.92166 0.45179 -0.46439 -0.9251 -0.61613 0.30948 0.92786 0.42628 -0.58892 -0.9045 -0.22735 0.42125 0.64175 0.90337
0.011451 0.0020011 0.0065956 0.0054472 0.027551 0.073709 0.071409 -0.092167 0.10661 -0.073362 0.16602 -0.32457 0.40727 0.63577 0.70631 0.58526 -0.30307 -0.7203 0.7913 -0.40668 0.11414 -0.089223 0.29289 -0.62778 0.88595 -0.83969 0.29719 0.56674 -0.89332 0.038688 0.89534 -0.33798 -0.85251 0.29796 0.91682 0.12471 -0.78935 -0.84956 -0.23343 0.59023 0.92512 0.30053 -0.69368 -0.86477 -0.058856 0.78046 0.938 0.88263 0.60446
0.0048035 -0.0086697 -0.019021 0.050977 -0.00029713 -0.1076 0.074715 -0.067405 0.16911 0.020566 -0.017107 0.00055528 -0.54746 -0.54764 -0.69156 -0.64614 0.36342 0.6055 -0.87871 0.74747 -0.62456 0.68164 -0.84592 0.91539 -0.67005 0.054618 0.68663 -0.87353 0.020513 0.89575 -0.361 -0.82263 0.4046 0.87697 -0.1139 -0.91255 -0.58743 0.25303 0.84635 0.83979 0.10882 -0.76552 -0.81406 0.045431 0.85224 0.78474 0.30268 0.082456 -0.37356
-0.011122 -0.00010735 -0.035121 -0.0048846 -0.030726 -0.08129 0.063271 0.015405 0.11426 0.024996 -0.21819 0.34446 0.41513 0.37766 0.66055 0.64659 -0.5086 -0.36341 0.80203 -0.90128 0.91088 -0.91613 0.79754 -0.38735 -0.26479 0.83311 -0.80365 -0.069352 0.90618 -0.35292 -0.82196 0.45466 0.84232 -0.25467 -0.93344 -0.32268 0.61423 0.93681 0.59724 -0.16852 -0.85452 -0.76526 0.14258 0.8844 0.70859 -0.13247 -0.66316 -0.79215 -0.93997
0.0085269 -0.0016031 -0.012099 -0.046313 0.0079129 0.02201 0.068931 0.13754 -0.041226 -0.046678 0.21587 -0.45674 -0.18243 -0.23194 -0.66201 -0.58113 0.69645 -0.027042 -0.4509 0.65976 -0.6709 0.47055 -0.015958 -0.58188 0.92493 -0.64156 -0.2514 0.92457 -0.31122 -0.83434 0.449 0.82564 -0.33122 -0.92167 -0.12626 0.80058 0.83253 0.19248 -0.51694 -0.93046 -0.66568 0.21381 0.90932 0.66652 -0.23567 -0.8882 -0.91439 -0.84868 -0.57935
-0.010647 -0.0034108 0.021777 0.046233 0.035285 0.057391 0.10952 0.20461 -0.10212 0.053727 0.00074565 0.36017 -0.027604 0.15687 0.7064 0.42026 -0.8383 0.49813 -0.15404 0.0021412 -0.094855 0.43361 -0.8268 0.89382 -0.36547 -0.50278 0.92738 -0.20481 -0.86054 0.41822 0.83771 -0.35597 -0.91074 -0.014946 0.88167 0.67389 -0.18402 -0.81607 -0.91754 -0.47631 0.34667 0.92271 0.62456 -0.27826 -0.91377 -0.72926 -0.26935 -0.10779 0.29695
0.011208 -0.015249 0.014924 -0.021936 0.048217 0.037271 0.17569 0.092969 0.0031488 0.0098685 -0.23564 -0.17926 0.16755 -0.16666 -0.77124 -0.13415 0.8016 -0.84798 0.7469 -0.72442 0.83169 -0.93474 0.71501 -0.014262 -0.75151 0.86107 -0.0062379 -0.90172 0.35895 0.8589 -0.32622 -0.90872 0.037303 0.91002 0.54259 -0.42733 -0.93459 -0.73431 -0.1545 0.54601 0.94146 0.59656 -0.31892 -0.92095 -0.68265 0.11341 0.60581 0.71059 0.90377
0.0063542 0.001479 -0.041473 -1.4432e-07 -0.036635 0.0017896 0.20936 -0.12438 0.045587 -0.11005 0.36688 0.0091969 -0.23048 0.26227 0.80071 -0.26377 -0.46933 0.79975 -0.88 0.87591 -0.75651 0.34927 0.35751 -0.91057 0.67762 0.275 -0.93658 0.23952 0.88841 -0.27394 -0.92078 0.039915 0.92056 0.47035 -0.5632 -0.93739 -0.46908 0.25104 0.77843 0.93623 0.51065 -0.33976 -0.92819 -0.67533 0.1667 0.83837 0.95046 0.93351 0.79004
-0.0025838 -0.0056807 -0.0082119 -0.011225 -0.11227 -0.032861 0.11745 -0.1269 0.0060786 0.16488 -0.38946 0.10822 0.2175 -0.4317 -0.71125 0.66574 -0.13379 -0.22725 0.29731 -0.16253 -0.20272 0.71902 -0.93351 0.38699 0.57852 -0.91015 0.031865 0.9242 -0.19561 -0.93289 -0.012431 0.92022 0.44495 -0.6209 -0.90784 -0.25499 0.55522 0.9317 0.83963 0.33524 -0.4258 -0.93036 -0.66774 0.16356 0.85584 0.86195 0.54039 0.44553 0.10404
0.0034177 0.016132 -0.0042436 0.065325 -0.11759 -0.058058 -0.098375 0.091569 -0.014339 -0.14225 0.35272 -0.16244 -0.1242 0.63544 0.42386 -0.85877 0.72761 -0.5707 0.60742 -0.76959 0.93474 -0.77246 0.028075 0.81673 -0.76943 -0.25489 0.94214 -0.060079 -0.94285 -0.083179 0.90829 0.45947 -0.63726 -0.8876 -0.11969 0.7189 0.93691 0.59831 0.037118 -0.58358 -0.94377 -0.67197 0.16291 0.84902 0.8504 0.22792 -0.256 -0.34476 -0.63582
0.025699 0.016492 0.021229 -0.062084 -0.088749 -0.050366 -0.20398 0.064166 -0.043215 0.06594 -0.30687 0.15085 -0.05554 -0.78941 0.064413 0.62457 -0.85548 0.90706 -0.89814 0.76686 -0.35511 -0.39337 0.93993 -0.51741 -0.56127 0.88975 0.15547 -0.93945 -0.17485 0.88624 0.51818 -0.62047 -0.88474 -0.064224 0.79591 0.88081 0.32332 -0.3312 -0.78582 -0.94849 -0.62245 0.14584 0.84436 0.86358 0.21486 -0.55354 -0.8583 -0.88907 -0.9549
0.0021826 -0.013621 -0.020482 -0.05635 -0.066826 0.022777 0.0013811 -0.084627 0.093861 0.025399 0.28481 -0.068154 0.31121 0.76934 -0.59795 0.03758 0.27228 -0.32419 0.10774 0.30184 -0.7888 0.90911 -0.18866 -0.80284 0.72396 0.43093 -0.89248 -0.31372 0.85087 0.58531 -0.56517 -0.89596 -0.059351 0.82048 0.82874 0.126 -0.59868 -0.931 -0.88589 -0.49118 0.2034 0.83133 0.87488 0.25435 -0.5548 -0.94837 -0.89756 -0.87372 -0.70137
-0.01476 -0.028281 0.024232 0.0441 -0.063176 0.14007 0.17699 0.0243 -0.090947 -0.10516 -0.30318 -0.090607 -0.58862 -0.46678 0.86162 -0.72886 0.61188 -0.66252 0.85465 -0.94058 0.63471 0.22133 -0.93634 0.46013 0.69967 -0.75838 -0.51022 0.77888 0.66152 -0.49522 -0.92039 -0.095231 0.82099 0.8077 0.013441 -0.73776 -0.94878 -0.69713 -0.23777 0.35165 0.85504 0.88996 0.28815 -0.51267 -0.94689 -0.7438 -0.39947 -0.35673 -0.066444
0.018467 -0.017952 -0.030242 0.050224 -0.066279 0.15988 -0.035913 0.0042487 0.040659 0.16177 0.36614 0.31508 0.77193 -0.097782 -0.5688 0.82276 -0.87435 0.83564 -0.59143 0.056625 0.65518 -0.93402 0.13799 0.88509 -0.51862 -0.72774 0.63655 0.75955 -0.40761 -0.93951 -0.17687 0.80067 0.81258 -0.021123 -0.80015 -0.91205 -0.46785 0.10905 0.58454 0.91129 0.87625 0.33377 -0.47536 -0.9375 -0.75517 -0.11099 0.30986 0.33923 0.58687
-0.030081 0.01538 0.0097424 0.0024323 -0.052407 -0.037121 -0.10856 0.010341 0.029288 -0.19095 -0.46393 -0.55722 -0.70865 0.67413 -0.20065 -0.09115 0.085967 0.1609 -0.61396 0.93939 -0.71463 -0.24938 0.95908 -0.21418 -0.89594 0.40123 0.87102 -0.27167 -0.95222 -0.26593 0.75335 0.83595 -0.009198 -0.81517 -0.8774 -0.30153 0.38487 0.81381 0.95634 0.81431 0.30486 -0.42552 -0.92706 -0.79646 -0.13862 0.56702 0.83927 0.84689 0.93927
0.017288 -0.0024049 0.029284 -0.022528 -0.0062873 -0.21186 0.094254 -0.027556 -0.096129 0.18779 0.56621 0.71637 0.30744 -0.84479 0.84111 -0.78062 0.84592 -0.93776 0.79845 -0.20316 -0.65542 0.90277 0.10807 -0.96046 0.091383 0.94909 -0.060715 -0.94945 -0.36421 0.69408 0.8766 0.039357 -0.80785 -0.8671 -0.20994 0.53957 0.92532 0.91004 0.65495 0.17891 -0.44701 -0.90929 -0.82996 -0.21571 0.53706 0.93829 0.94305 0.94178 0.85597
-0.010858 -0.02858 0.0019781 -0.017129 0.040547 0.00068479 -0.023471 0.021303 0.1484 -0.14304 -0.61624 -0.65954 0.31856 0.35257 -0.65224 0.71445 -0.57841 0.19605 0.45626 -0.93668 0.65279 0.45605 -0.91782 -0.22627 0.93935 0.21586 -0.90505 -0.49445 0.62096 0.91084 0.12967 -0.78022 -0.8763 -0.19006 0.61164 0.95519 0.78829 0.38031 -0.067851 -0.55386 -0.91546 -0.86388 -0.28261 0.46389 0.92753 0.84967 0.60918 0.61675 0.40978
-0.033727 0.0023619 -0.071804 -0.0049828 0.0099936 0.21445 -0.0077645 0.0081033 -0.18117 0.045114 0.5387 0.30256 -0.79436 0.49776 -0.2947 0.32888 -0.60007 0.89963 -0.85156 0.15272 0.78265 -0.75367 -0.50729 0.83085 0.50492 -0.78297 -0.66219 0.50623 0.93908 0.22318 -0.72542 -0.8972 -0.21249 0.62403 0.95814 0.68195 0.12027 -0.38314 -0.73293 -0.94532 -0.86044 -0.35693 0.39667 0.8996 0.87215 0.37967 0.019548 0.042996 -0.18929
-0.0084123 -0.021729 -0.011837 -0.0068811 -0.094101 -0.08556 0.0013525 -0.04851 0.18957 0.11057 -0.27584 0.26715 0.68693 -0.88638 0.90968 -0.91733 0.79856 -0.34517 -0.46147 0.96154 -0.42738 -0.76122 0.64858 0.73676 -0.57209 -0.83079 0.32093 0.95849 0.32184 -0.66102 -0.92718 -0.26649 0.60559 0.95739 0.62099 -0.042884 -0.61011 -0.89731 -0.95923 -0.80628 -0.35327 0.31801 0.86872 0.90963 0.4322 -0.24001 -0.56346 -0.53327 -0.70202
0.023553 0.040414 0.043451 -0.03332 -0.078119 -0.13424 0.0045409 0.088108 -0.16471 -0.30529 -0.1472 -0.73082 0.045719 0.28123 -0.29667 0.065849 0.41859 -0.8869 0.80838 0.081991 -0.93918 0.37595 0.88864 -0.31394 -0.9426 0.06327 0.94924 0.44986 -0.5861 -0.9479 -0.35578 0.56113 0.95885 0.61211 -0.12247 -0.72527 -0.95815 -0.88708 -0.65789 -0.25142 0.31749 0.82636 0.93543 0.52416 -0.17713 -0.74869 -0.91601 -0.89873 -0.95322
0.018946 -0.023983 0.026645 -0.07887 0.12411 0.17913 0.011209 -0.11857 0.094 0.48029 0.56573 0.69184 -0.77981 0.70324 -0.77451 0.91386 -0.86498 0.31347 0.61788 -0.93194 -0.0026444 0.96828 -0.048972 -0.96622 -0.22731 0.87682 0.61613 -0.47345 -0.96076 -0.44178 0.48368 0.95778 0.6346 -0.1314 -0.77352 -0.96088 -0.75591 -0.39895 -0.025521 0.41388 0.82429 0.95355 0.60067 -0.066672 -0.70231 -0.96329 -0.92906 -0.94332 -0.88017
0.023236 -0.010346 0.010965 -0.11334 0.1108 -0.071297 -0.046947 0.13298 0.032441 -0.53733 -0.70756 -0.056028 0.68268 -0.76571 0.64246 -0.27239 -0.39109 0.93118 -0.63425 -0.46721 0.93115 0.24701 -0.91483 -0.48473 0.72483 0.78954 -0.29591 -0.96037 -0.52682 0.40197 0.94925 0.67769 -0.1021 -0.77745 -0.95258 -0.65109 -0.15412 0.28117 0.60492 0.87281 0.9559 0.67596 0.031691 -0.61771 -0.95515 -0.83104 -0.62552 -0.67834 -0.53222
0.01211 0.040065 0.027824 -0.09439 -0.18107 -0.046965 0.091787 -0.12283 -0.20829 0.3797 0.37702 -0.68114 0.25628 -0.29451 0.57787 -0.89143 0.84768 -0.10876 -0.84698 0.6967 0.56693 -0.78323 -0.68374 0.52524 0.9181 -0.053824 -0.9274 -0.63136 0.31515 0.93148 0.74188 -0.044138 -0.76012 -0.95109 -0.59484 -0.0022548 0.5122 0.81113 0.94452 0.94072 0.68667 0.13604 -0.53596 -0.93076 -0.86869 -0.42394 -0.12851 -0.21064 -0.035044
-0.0038368 -0.036809 0.056198 -0.021166 -0.030978 0.094864 -0.13566 0.077198 0.39375 0.00093609 0.28672 0.73653 -0.89274 0.92016 -0.78557 0.30046 0.51838 -0.9636 0.25642 0.85789 -0.53953 -0.84969 0.31439 0.97154 0.21442 -0.83468 -0.76037 0.19425 0.90623 0.79673 0.047804 -0.72395 -0.95638 -0.59032 0.069853 0.63365 0.91965 0.96138 0.86849 0.6197 0.15376 -0.4424 -0.8978 -0.9164 -0.49814 0.1073 0.39539 0.30698 0.45975
-0.043895 -0.00043197 0.074312 0.035227 0.20872 -0.076621 0.17147 0.014161 -0.50723 -0.4407 -0.75313 0.07094 0.27085 -0.022677 -0.48238 0.91651 -0.72788 -0.2621 0.97472 -0.14571 -0.96036 0.064948 0.96301 0.44761 -0.67611 -0.88397 0.015619 0.85855 0.84539 0.13491 -0.66249 -0.96251 -0.61502 0.074481 0.6854 0.95505 0.90353 0.69606 0.43959 0.064785 -0.42402 -0.85042 -0.94648 -0.60466 0.018667 0.59381 0.79343 0.7276 0.82093
-0.0088385 0.0020518 0.073075 0.029928 -0.163 0.029875 -0.19277 -0.15191 0.44742 0.63115 0.50398 -0.82741 0.78574 -0.9314 0.81208 -0.16401 -0.74796 0.83897 0.31879 -0.9519 -0.23671 0.89651 0.62587 -0.48948 -0.96035 -0.21092 0.76595 0.89755 0.21935 -0.59899 -0.96589 -0.65806 0.044085 0.68806 0.96333 0.84061 0.50239 0.15431 -0.14943 -0.50136 -0.83956 -0.96357 -0.69024 -0.11448 0.51779 0.9012 0.96708 0.94888 0.96817
0.047371 0.031236 0.050046 0.032333 -0.0079062 0.015037 0.19071 0.31359 -0.16082 -0.33941 0.31726 0.47497 -0.58732 0.16904 0.52785 -0.95704 0.43266 0.70741 -0.75777 -0.58273 0.74502 0.78374 -0.30886 -0.97454 -0.44217 0.61375 0.94877 0.32814 -0.53401 -0.96105 -0.72062 -0.011238 0.66743 0.96307 0.80349 0.37123 -0.092824 -0.43465 -0.67058 -0.87994 -0.96642 -0.76804 -0.23028 0.39757 0.86102 0.96071 0.88885 0.93143 0.88293
-0.0045986 0.026538 0.011152 0.035282 0.1411 -0.046266 -0.15258 -0.44247 -0.26812 -0.28862 -0.80785 0.59245 -0.62917 0.93161 -0.74432 -0.13535 0.94728 -0.40838 -0.86032 0.46179 0.91511 -0.10251 -0.94671 -0.62512 0.41587 0.97286 0.47713 -0.44132 -0.9512 -0.77213 -0.096485 0.62798 0.9613 0.80035 0.30577 -0.23752 -0.63945 -0.85239 -0.94779 -0.95951 -0.78601 -0.34592 0.28533 0.78831 0.9692 0.77596 0.59686 0.69743 0.60207
-0.017305 -0.043628 -0.01961 -0.075485 -0.17408 0.065689 0.064246 0.45383 0.58728 0.68866 0.27516 -0.7626 0.72512 -0.14957 -0.69199 0.90339 0.077439 -0.97362 0.080252 0.98122 0.1495 -0.87921 -0.75149 0.22226 0.94759 0.64669 -0.29667 -0.92715 -0.8166 -0.17238 0.56379 0.95495 0.81669 0.30066 -0.30446 -0.74236 -0.94214 -0.96692 -0.90766 -0.73708 -0.37504 0.16522 0.71135 0.96441 0.83271 0.40965 0.17456 0.31504 0.20016
0.033007 -0.027323 -0.0067948 -0.068022 0.13681 -0.081547 0.081681 -0.27541 -0.50886 -0.36892 0.66719 -0.33261 0.55802 -0.95402 0.54066 0.55065 -0.895 -0.30275 0.91787 0.4574 -0.75037 -0.85767 0.061767 0.88502 0.79549 -0.1023 -0.87244 -0.86689 -0.24142 0.50329 0.94029 0.84347 0.32652 -0.30982 -0.7853 -0.96726 -0.91403 -0.76259 -0.58579 -0.3009 0.13286 0.62012 0.94381 0.89794 0.50209 -0.041222 -0.27593 -0.12431 -0.23256
-0.04219 -0.0053639 0.048657 0.15189 -0.082562 0.10355 -0.27172 -0.079876 -0.0093852 -0.41435 -0.6553 0.87062 -0.74785 -0.027971 0.89181 -0.60882 -0.67257 0.7266 0.73662 -0.51963 -0.94373 -0.10646 0.81301 0.89158 0.10772 -0.77311 -0.92423 -0.33085 0.44697 0.92178 0.88079 0.37214 -0.28579 -0.78873 -0.97095 -0.85453 -0.58795 -0.32594 -0.097895 0.21032 0.5937 0.90568 0.93952 0.62223 0.066145 -0.47285 -0.65897 -0.52878 -0.61085
0.047463 -0.037627 0.064878 -0.022778 0.045606 -0.14009 0.45642 0.45438 0.57523 0.71827 -0.39339 0.18345 -0.60741 0.94938 -0.14687 -0.90897 0.40003 0.90979 -0.21426 -0.98498 -0.3037 0.71896 0.94311 0.27993 -0.63705 -0.96813 -0.45809 0.3679 0.90273 0.90765 0.44115 -0.24136 -0.77531 -0.97041 -0.81799 -0.46496 -0.086517 0.1973 0.40674 0.65399 0.89283 0.96421 0.71652 0.21408 -0.37403 -0.79791 -0.9039 -0.82431 -0.86978
-0.029529 -0.066717 -0.032977 -0.15738 -0.035842 0.19567 -0.54789 -0.58421 -0.60202 -0.050897 0.81953 -0.90301 0.66949 0.34775 -0.96356 0.0096554 0.9794 0.09302 -0.93873 -0.54364 0.58108 0.97595 0.39882 -0.50567 -0.97795 -0.60733 0.24298 0.87008 0.92865 0.49651 -0.1712 -0.74865 -0.97081 -0.81244 -0.40026 0.060721 0.42963 0.65388 0.79186 0.92169 0.96891 0.79824 0.33994 -0.23025 -0.72847 -0.96055 -0.97474 -0.96555 -0.97319
0.045091 -0.059603 -0.12761 0.19727 0.0492 -0.26699 0.44874 0.28812 -0.04641 -0.72769 0.18132 -0.17743 0.75449 -0.8075 -0.40464 0.90922 0.42236 -0.81148 -0.75867 0.36485 0.98747 0.51082 -0.40686 -0.95942 -0.74198 0.076552 0.80762 0.95046 0.54202 -0.1132 -0.7041 -0.96928 -0.82417 -0.39032 0.1334 0.55728 0.81423 0.92633 0.96777 0.96084 0.82001 0.46025 -0.099806 -0.61836 -0.93459 -0.9421 -0.87126 -0.93931 -0.91514
-0.0064789 -0.034777 -0.023664 -0.087544 -0.077595 0.33771 -0.12105 0.29126 0.68917 0.41149 -0.87395 0.90167 -0.45489 -0.72935 0.70226 0.68986 -0.5947 -0.89381 0.10898 0.95637 0.63468 -0.30468 -0.93517 -0.83033 -0.097833 0.70802 0.97183 0.60062 -0.065979 -0.66586 -0.9637 -0.84492 -0.40735 0.14531 0.6163 0.88669 0.97338 0.95802 0.90636 0.77825 0.49455 0.033303 -0.50992 -0.87953 -0.96481 -0.75852 -0.62323 -0.76167 -0.71611
-0.053876 -0.012591 0.12224 -0.060948 0.11343 -0.3749 -0.333 -0.66466 -0.47672 0.59459 -0.095886 0.31137 -0.91858 0.41324 0.88698 -0.33383 -0.97386 -0.12195 0.86957 0.78015 -0.17387 -0.9025 -0.87707 -0.2294 0.58628 0.97856 0.68609 -0.00051683 -0.63546 -0.956 -0.8758 -0.44041 0.1295 0.62651 0.9151 0.97185 0.88189 0.75775 0.63807 0.42928 0.072914 -0.39101 -0.81397 -0.97472 -0.82602 -0.45215 -0.28075 -0.4707 -0.41556
0.059481 0.006756 0.016092 0.15304 -0.14962 0.33321 0.65564 0.39465 -0.41405 -0.614 0.8927 -0.84028 0.065424 0.97314 -0.035504 -0.97442 -0.36771 0.75083 0.89783 0.015879 -0.84837 -0.91404 -0.30363 0.48559 0.96146 0.784 0.10509 -0.58979 -0.94998 -0.89622 -0.49323 0.096304 0.61642 0.91971 0.96152 0.80743 0.57892 0.38747 0.23588 -0.0016883 -0.35416 -0.73196 -0.9638 -0.89871 -0.55301 -0.080493 0.097083 -0.11713 -0.063107
0.011993 0.033107 -0.079913 -0.16451 0.17751 -0.17396 -0.56642 0.34031 0.7426 -0.47527 0.14689 -0.55706 0.94959 0.2269 -0.90797 -0.56644 0.58524 0.95721 0.21423 -0.74769 -0.94934 -0.36846 0.43021 0.93514 0.86608 0.24151 -0.50874 -0.93723 -0.91079 -0.52998 0.040851 0.59292 0.91668 0.95769 0.76042 0.4502 0.14876 -0.059932 -0.20698 -0.42317 -0.70503 -0.93324 -0.94383 -0.67574 -0.19835 0.29531 0.45254 0.24507 0.29009
-0.077261 0.067339 0.028753 0.12111 -0.1846 -0.099399 0.022793 -0.72866 0.0738 0.70301 -0.88605 0.64467 0.45588 -0.80565 -0.73509 0.41667 0.98708 0.36299 -0.62119 -0.98213 -0.44755 0.38199 0.92007 0.91239 0.37382 -0.39413 -0.90787 -0.92855 -0.55445 0.0026043 0.55172 0.90766 0.96014 0.7474 0.37748 -0.0039896 -0.30518 -0.48545 -0.59938 -0.75561 -0.92114 -0.96932 -0.76875 -0.35101 0.17864 0.6203 0.73752 0.56677 0.59848
0.015075 0.089132 -0.01382 -0.059848 0.15416 0.40496 0.6029 0.20965 -0.80646 0.44103 -0.32666 0.83048 -0.66962 -0.84011 0.24055 0.98034 0.51364 -0.51201 -0.9938 -0.56384 0.31649 0.90688 0.92948 0.45757 -0.27363 -0.85672 -0.95351 -0.58957 -0.020298 0.52389 0.89033 0.96495 0.75211 0.35705 -0.085735 -0.44797 -0.68569 -0.80534 -0.86989 -0.94456 -0.97399 -0.8452 -0.47653 0.019617 0.5219 0.85277 0.91879 0.80955 0.82719
0.043927 0.06972 0.013872 0.0062293 -0.068898 -0.58161 -0.72116 0.632 0.17801 -0.71686 0.80654 -0.24385 -0.89744 0.11588 0.95389 0.61774 -0.38682 -0.98364 -0.67212 0.2038 0.88435 0.94051 0.48335 -0.1962 -0.79413 -0.97607 -0.65128 -0.056677 0.50994 0.87856 0.97243 0.76613 0.3608 -0.1095 -0.52046 -0.78832 -0.92103 -0.96533 -0.97728 -0.96667 -0.86554 -0.59097 -0.11894 0.37964 0.7862 0.96803 0.98017 0.94902 0.95466
0.065356 0.016533 0.049788 0.030371 -0.07931 0.46367 0.10704 -0.60844 0.79474 -0.50915 0.59938 -0.96261 0.023817 0.93246 0.70103 -0.29536 -0.96244 -0.73012 0.089993 0.83548 0.95309 0.49548 -0.18116 -0.75301 -0.98614 -0.72889 -0.12827 0.48441 0.87485 0.97571 0.79223 0.37787 -0.10862 -0.54209 -0.83566 -0.9628 -0.97533 -0.94655 -0.91344 -0.8291 -0.6234 -0.25341 0.24826 0.68012 0.94182 0.95915 0.92205 0.97568 0.97327
-0.030487 -0.0037521 -0.13462 -0.052315 0.27427 -0.025569 0.67635 -0.34812 -0.30822 0.65347 -0.57281 -0.33301 0.90996 0.73055 -0.22415 -0.94247 -0.78526 0.029965 0.78275 0.97321 0.51598 -0.18261 -0.75249 -0.98773 -0.79594 -0.2262 0.42751 0.86472 0.9784 0.80492 0.41254 -0.093933 -0.54402 -0.84954 -0.9746 -0.94823 -0.8502 -0.76372 -0.69997 -0.56386 -0.29267 0.11351 0.5739 0.88534 0.97615 0.83524 0.75892 0.8939 0.88808
-0.03732 0.049537 0.14498 0.068089 -0.46123 -0.50184 -0.70964 0.79241 -0.79363 0.66121 -0.86451 0.74274 0.71747 -0.22904 -0.9313 -0.80333 -0.028362 0.75831 0.98857 0.56951 -0.17508 -0.76366 -0.9908 -0.82668 -0.31686 0.34433 0.83681 0.9809 0.80793 0.42753 -0.060866 -0.53484 -0.8525 -0.9763 -0.92127 -0.75925 -0.57896 -0.45774 -0.38024 -0.21917 0.073316 0.4574 0.81779 0.97555 0.89281 0.61799 0.5156 0.71933 0.71448
-0.10312 0.075379 -0.057026 -0.08842 0.5478 0.70521 -0.15866 0.078766 0.32242 -0.47502 0.12826 0.85504 -0.28528 -0.9498 -0.80466 -0.030437 0.7377 0.98872 0.61544 -0.12954 -0.76913 -0.99403 -0.81801 -0.35492 0.2648 0.79171 0.98367 0.81603 0.42576 -0.049284 -0.51085 -0.84912 -0.9775 -0.90862 -0.69762 -0.44021 -0.21632 -0.085175 -0.0094848 0.15012 0.42185 0.73443 0.9544 0.94716 0.70887 0.33732 0.22298 0.47564 0.47509
-0.060801 -0.036605 -0.072692 0.12395 -0.4369 -0.31823 0.86298 -0.8467 0.83264 -0.8344 0.93914 -0.094836 -0.96937 -0.75258 0.0044124 0.7549 0.98974 0.60729 -0.095008 -0.75086 -0.99513 -0.79592 -0.32665 0.2372 0.7466 0.98308 0.84107 0.43218 -0.057593 -0.50521 -0.83753 -0.97795 -0.90533 -0.67127 -0.35417 -0.053207 0.17376 0.29293 0.35525 0.49135 0.70803 0.91387 0.97398 0.81088 0.45092 0.026913 -0.086142 0.19094 0.19644
-0.049326 -0.12892 0.17442 -0.18294 0.095905 -0.41567 -0.37047 0.092127 -0.2203 0.14062 0.45833 -0.92637 -0.63506 0.13468 0.79933 0.97948 0.59102 -0.12638 -0.7429 -0.99564 -0.7736 -0.27568 0.27895 0.73598 0.97873 0.87625 0.46632 -0.057124 -0.51777 -0.83692 -0.97799 -0.90647 -0.66186 -0.31758 0.042957 0.33482 0.52957 0.62096 0.66361 0.76105 0.89953 0.98011 0.88154 0.58843 0.15083 -0.27996 -0.38072 -0.10569 -0.094029
-0.080195 -0.013105 -0.21512 0.26772 0.36864 0.79692 -0.70213 0.86209 -0.89108 0.90726 -0.62873 -0.68956 0.33311 0.89223 0.95742 0.51625 -0.17242 -0.77684 -0.99882 -0.77089 -0.22531 0.34346 0.77291 0.98012 0.90403 0.51971 -0.026248 -0.52303 -0.84829 -0.97896 -0.91442 -0.66068 -0.30211 0.084113 0.42539 0.66352 0.80073 0.85601 0.87793 0.92937 0.97899 0.93245 0.69417 0.30861 -0.15846 -0.55376 -0.63425 -0.387 -0.37067
-0.038088 0.076232 0.202 -0.36922 -0.70187 -0.33246 0.71026 -0.14706 -0.0069805 0.32989 -0.91277 0.30671 0.97001 0.88288 0.39296 -0.28672 -0.82042 -0.99496 -0.75868 -0.20431 0.4058 0.82242 0.99029 0.90625 0.56271 0.026588 -0.50299 -0.85505 -0.9826 -0.9127 -0.67161 -0.29683 0.1037 0.46422 0.73394 0.88755 0.95405 0.97217 0.97656 0.98198 0.94399 0.78308 0.43746 0.0032578 -0.4464 -0.77105 -0.82663 -0.62986 -0.61156
-0.028733 -7.0653e-05 -0.16128 0.46121 0.62676 -0.56219 0.45342 -0.88542 0.90113 -0.72364 -0.076738 0.96969 0.70055 0.15327 -0.44774 -0.89311 -0.98414 -0.69079 -0.16397 0.4405 0.86627 0.99606 0.87469 0.55555 0.067584 -0.46456 -0.84726 -0.98462 -0.90334 -0.66385 -0.30627 0.11303 0.48443 0.7635 0.92651 0.98117 0.97583 0.96161 0.95436 0.9197 0.80531 0.55398 0.14165 -0.29646 -0.68752 -0.9159 -0.94513 -0.81667 -0.79989
-0.095664 0.036783 0.11797 -0.49845 -0.083792 0.81617 -0.8737 0.084573 0.34753 -0.78272 0.84668 0.63643 -0.19063 -0.68701 -0.9655 -0.93743 -0.59879 -0.045628 0.49522 0.89232 0.9916 0.82156 0.48219 0.047525 -0.43704 -0.82905 -0.98529 -0.8949 -0.63937 -0.29135 0.10785 0.49592 0.77999 0.94101 0.98215 0.9393 0.87104 0.83317 0.82113 0.75633 0.58391 0.27324 -0.16215 -0.56297 -0.8631 -0.98026 -0.98445 -0.93609 -0.92456
-0.14756 -0.014105 -0.08655 0.42566 -0.59591 -0.0023371 -0.25719 0.91473 -0.75927 0.19952 0.80316 -0.31971 -0.90784 -0.99779 -0.831 -0.42315 0.1001 0.61103 0.92754 0.98236 0.75517 0.37685 -0.05099 -0.46486 -0.81813 -0.98529 -0.89764 -0.61762 -0.25378 0.1283 0.49552 0.79041 0.94948 0.97786 0.90116 0.77538 0.66018 0.60899 0.59842 0.51538 0.30734 -0.028661 -0.4451 -0.77444 -0.96203 -0.96364 -0.94621 -0.9831 -0.98031
-0.13601 -0.13846 0.070356 -0.20303 0.83505 -0.86144 0.93775 0.096966 -0.7207 0.92781 -0.11969 -0.96418 -0.8669 -0.58029 -0.16471 0.32551 0.73672 0.97454 0.96413 0.69639 0.25977 -0.18048 -0.55974 -0.84188 -0.98664 -0.90857 -0.61634 -0.22 0.17297 0.51743 0.79321 0.95507 0.97498 0.87702 0.70226 0.51721 0.37467 0.32017 0.31555 0.2262 0.005999 -0.32217 -0.68305 -0.91596 -0.98068 -0.87209 -0.83786 -0.95857 -0.96732
-0.07981 0.15269 -0.064584 -0.15412 -0.31401 0.50166 0.16784 -0.90321 0.37537 0.50956 -0.91054 -0.72329 -0.13755 0.2366 0.59357 0.88365 1 0.89899 0.61194 0.16015 -0.31403 -0.67264 -0.90135 -0.99257 -0.91376 -0.62935 -0.21132 0.21335 0.56043 0.81101 0.95807 0.97238 0.86109 0.66004 0.41768 0.20148 0.051632 0.0019636 0.0053841 -0.079809 -0.29025 -0.58134 -0.85815 -0.97993 -0.92223 -0.71689 -0.67133 -0.86837 -0.89047
0.0055043 0.040471 0.059332 0.54105 -0.56975 0.64705 -0.95953 -0.38453 0.94559 -0.51612 -0.77014 0.15022 0.68778 0.88296 0.98773 0.96543 0.78476 0.44042 0.028736 -0.42338 -0.77687 -0.95771 -0.99216 -0.89171 -0.62998 -0.21939 0.22888 0.59895 0.8427 0.96605 0.97212 0.84817 0.6314 0.36171 0.08726 -0.13177 -0.27111 -0.31055 -0.29956 -0.37259 -0.55485 -0.78572 -0.95951 -0.96577 -0.79557 -0.51298 -0.46158 -0.72232 -0.75837
0.10968 -0.1947 -0.041649 -0.77073 0.90713 -0.80024 -0.19764 0.76963 0.22589 -0.94715 0.12401 0.88722 0.99555 0.94875 0.81077 0.5541 0.21475 -0.19177 -0.55544 -0.85357 -0.99131 -0.96603 -0.82227 -0.57764 -0.21057 0.2288 0.6171 0.8698 0.97796 0.96576 0.84173 0.60784 0.32281 0.023871 -0.24739 -0.44426 -0.55932 -0.58619 -0.57032 -0.62614 -0.76655 -0.92144 -0.9833 -0.87901 -0.61381 -0.27738 -0.22512 -0.53301 -0.58236
0.17459 0.15062 -0.0027329 0.65578 -0.22603 -0.3812 0.95247 0.7155 -0.79344 -0.32672 0.89376 0.89263 0.59248 0.42236 0.18975 -0.12263 -0.44058 -0.73777 -0.93086 -0.99826 -0.90692 -0.71048 -0.4488 -0.13512 0.24671 0.62349 0.88394 0.98522 0.9524 0.81884 0.59365 0.29025 -0.021062 -0.31073 -0.54804 -0.70355 -0.78552 -0.80031 -0.78387 -0.82042 -0.9106 -0.98152 -0.93208 -0.73009 -0.39277 -0.027672 0.021325 -0.31458 -0.37538
0.096783 -0.017423 0.086586 -0.15393 -0.76981 0.93463 0.34196 -0.43358 -0.80347 0.64154 0.84243 0.19644 -0.21046 -0.3499 -0.52255 -0.73095 -0.89918 -0.99384 -0.97901 -0.82736 -0.56412 -0.27269 0.026679 0.32986 0.64505 0.89171 0.98829 0.93447 0.77888 0.55494 0.26855 -0.059148 -0.35623 -0.60365 -0.78376 -0.88578 -0.93099 -0.93637 -0.92446 -0.94232 -0.97919 -0.96557 -0.81381 -0.53296 -0.14956 0.21923 0.26193 -0.081644 -0.15097
-0.14112 -0.023559 -0.21594 -0.51277 0.82776 0.18187 -0.88754 -0.94758 0.17461 0.94362 0.051086 -0.64035 -0.86363 -0.90835 -0.95683 -0.9973 -0.98424 -0.88119 -0.70126 -0.40945 -0.071547 0.22654 0.48776 0.71597 0.90826 0.99067 0.92101 0.73479 0.49163 0.21769 -0.086266 -0.39502 -0.64376 -0.82465 -0.93336 -0.97707 -0.98643 -0.98649 -0.98413 -0.98595 -0.97119 -0.87899 -0.64058 -0.30364 0.098859 0.44816 0.48271 0.15167 0.07755
-0.3244 -0.072066 0.38222 0.90683 0.22922 -0.98319 -0.57671 -0.10903 0.94424 0.30361 -0.776 -0.99895 -0.95865 -0.95196 -0.91303 -0.82237 -0.68172 -0.45902 -0.20383 0.12053 0.43168 0.66209 0.83168 0.94742 0.99309 0.91189 0.70256 0.42518 0.13843 -0.14311 -0.4239 -0.67779 -0.85369 -0.95402 -0.98642 -0.97364 -0.95174 -0.95105 -0.96241 -0.95218 -0.89139 -0.73183 -0.42719 -0.058829 0.3367 0.64643 0.67209 0.37249 0.29788
-0.16401 0.20726 -0.55376 -0.66249 -1 -0.091529 0.70663 0.88205 0.62873 -0.62533 -0.9597 -0.64876 -0.46454 -0.48309 -0.43625 -0.30276 -0.1262 0.11257 0.34819 0.60788 0.81596 0.93496 0.99029 0.98626 0.89342 0.67841 0.37597 0.057721 -0.2279 -0.47901 -0.70382 -0.87761 -0.96735 -0.9834 -0.94299 -0.88096 -0.83486 -0.83765 -0.86546 -0.84778 -0.74945 -0.53749 -0.18983 0.18528 0.55027 0.80432 0.82134 0.56982 0.49925
0.18744 -0.2607 0.67203 -0.1399 0.31452 1 0.83719 0.69526 -0.38297 -0.96763 -0.3833 0.13837 0.29732 0.22922 0.23298 0.33204 0.46651 0.63796 0.78772 0.92297 0.9926 0.99191 0.94036 0.83523 0.63678 0.33708 -0.0027203 -0.3117 -0.55742 -0.74902 -0.89597 -0.97669 -0.97795 -0.91526 -0.81235 -0.71205 -0.65006 -0.65958 -0.70472 -0.68414 -0.55853 -0.31134 0.055231 0.414 0.72854 0.91524 0.92471 0.73486 0.67281
0.071882 0.17715 -0.66082 0.87762 0.87241 0.11815 -0.35475 -0.39002 -0.98038 -0.43898 0.47927 0.82444 0.87852 0.81606 0.78892 0.82647 0.88583 0.953 0.99449 0.99256 0.93037 0.83184 0.70286 0.53233 0.2755 -0.052015 -0.37458 -0.63182 -0.80941 -0.92385 -0.9831 -0.96973 -0.88991 -0.7613 -0.61095 -0.48545 -0.41598 -0.43403 -0.4954 -0.47587 -0.33399 -0.069485 0.29268 0.61483 0.86346 0.97582 0.97936 0.86122 0.81186
-0.55612 0.021822 0.45535 -0.83697 -0.68247 -0.99788 -1 -0.98595 -0.5595 0.46676 0.97917 0.97879 0.96732 1 1 1 0.99816 0.97214 0.92328 0.81185 0.65596 0.49974 0.33357 0.13964 -0.12516 -0.42659 -0.68676 -0.8625 -0.95646 -0.98805 -0.96117 -0.86306 -0.71703 -0.54022 -0.36008 -0.22292 -0.15358 -0.18031 -0.2549 -0.23936 -0.092045 0.1724 0.50899 0.778 0.95009 0.9856 0.98519 0.94498 0.9119
-0.46022 -0.27524 -0.049077 -0.042028 -0.64544 -0.25745 -0.16102 -0.38775 0.41941 0.97447 0.77657 0.53182 0.54032 0.71514 0.79646 0.80517 0.78218 0.70477 0.60732 0.43754 0.2411 0.071942 -0.09169 -0.27049 -0.4992 -0.73188 -0.89931 -0.97871 -0.98636 -0.94015 -0.8382 -0.67252 -0.47999 -0.27519 -0.083403 0.052758 0.11587 0.081914 -0.0012501 0.0085168 0.1514 0.40002 0.69306 0.89666 0.9865 0.94679 0.94451 0.98457 0.9706
0.76265 0.52316 -0.46129 0.90953 0.87343 0.95045 0.90339 0.66197 0.98614 0.68863 0.0424 -0.22361 -0.15791 0.1129 0.27981 0.32922 0.32265 0.24147 0.14039 -0.03286 -0.21834 -0.36284 -0.49342 -0.62896 -0.7904 -0.92783 -0.9891 -0.97193 -0.90168 -0.79116 -0.632 -0.42079 -0.20363 0.0088225 0.19531 0.31975 0.37236 0.33405 0.24816 0.25164 0.38172 0.60112 0.83653 0.96697 0.9735 0.86378 0.86162 0.98055 0.98765
1 -0.72752 0.87072 -0.78024 0.45204 0.4906 0.70419 0.95689 0.62532 -0.13416 -0.71112 -0.84091 -0.76745 -0.52913 -0.33608 -0.25147 -0.22799 -0.28064 -0.35381 -0.48818 -0.62531 -0.72202 -0.80294 -0.88086 -0.95974 -0.993 -0.95086 -0.84928 -0.7178 -0.56192 -0.36718 -0.1344 0.085836 0.28735 0.45418 0.55872 0.59854 0.55979 0.47772 0.47556 0.58632 0.76602 0.93397 0.98789 0.91428 0.7427 0.74238 0.93535 0.9645
-0.51362 0.87379 -0.93807 -0.27486 -0.94822 -0.80284 -0.44096 0.20101 -0.29945 -0.84804 -0.9986 -0.98531 -1 -0.93914 -0.81792 -0.74033 -0.70286 -0.72011 -0.7553 -0.82983 -0.90137 -0.94387 -0.97295 -0.99256 -0.98909 -0.92535 -0.79586 -0.63082 -0.45964 -0.27977 -0.07195 0.15923 0.36328 0.53846 0.67467 0.75402 0.78062 0.74595 0.67438 0.66819 0.75512 0.88781 0.98278 0.96093 0.81396 0.59091 0.59376 0.85296 0.90415
-0.73377 -0.96256 0.53458 1 -0.34964 -0.7653 -0.99899 -0.76326 -0.95423 -0.93405 -0.66227 -0.60173 -0.76576 -0.96188 -0.99957 -0.9862 -0.97045 -0.96841 -0.97561 -0.9915 -1 -0.99617 -0.98291 -0.9544 -0.88145 -0.74026 -0.54852 -0.3458 -0.15793 0.025008 0.22501 0.43432 0.60669 0.74419 0.84267 0.89439 0.90893 0.88296 0.82817 0.82027 0.88089 0.96243 0.98306 0.88981 0.67914 0.4165 0.42339 0.73855 0.8108
0.58169 1 0.20639 -0.42576 0.95885 0.49711 -0.28803 -0.93589 -0.79368 -0.3573 0.067588 0.086984 -0.19206 -0.60716 -0.83272 -0.92527 -0.96725 -0.97348 -0.97437 -0.9492 -0.91168 -0.87844 -0.83922 -0.77938 -0.65805 -0.46659 -0.24204 -0.028269 0.15473 0.32247 0.49724 0.66883 0.79861 0.89153 0.94901 0.97324 0.97807 0.96507 0.93248 0.92557 0.95926 0.98859 0.93725 0.77997 0.51742 0.22787 0.23918 0.5981 0.68954
-0.012324 -0.9902 -0.87321 -0.72527 0.35124 0.97658 0.76663 -0.17549 0.017345 0.45869 0.74874 0.72248 0.45616 -0.027794 -0.3901 -0.59054 -0.7073 -0.74599 -0.76271 -0.72129 -0.66149 -0.61849 -0.57125 -0.49871 -0.3535 -0.14156 0.086409 0.28707 0.44733 0.5858 0.72264 0.84584 0.92698 0.97281 0.98953 0.98857 0.98676 0.99026 0.98403 0.98089 0.9887 0.96745 0.84974 0.63817 0.33691 0.033303 0.048897 0.43813 0.54609
-0.61935 0.93294 0.9922 0.83713 -0.92497 -0.020483 0.89653 0.74737 0.8068 0.96181 1 1 0.9035 0.55278 0.17174 -0.091471 -0.26984 -0.34986 -0.39518 -0.36019 -0.3008 -0.26462 -0.22428 -0.15547 -0.0098272 0.19461 0.40031 0.56857 0.6933 0.79346 0.88482 0.9544 0.98553 0.98564 0.96483 0.94258 0.93749 0.95994 0.98268 0.98592 0.9702 0.90235 0.72649 0.47198 0.14586 -0.15936 -0.14006 0.26531 0.38648
0.7162 -0.824 -0.40112 0.285 -0.44803 -0.97546 -0.007446 0.96319 0.96698 0.84164 0.70381 0.8063 0.97793 0.92836 0.67118 0.42528 0.22782 0.11816 0.046313 0.061246 0.1045 0.12419 0.14877 0.20253 0.32956 0.50371 0.66763 0.79049 0.87254 0.93046 0.9739 0.98967 0.97352 0.93254 0.87969 0.84103 0.83593 0.8785 0.93112 0.94289 0.90699 0.79835 0.57451 0.2894 -0.047735 -0.34299 -0.32097 0.086264 0.21681
0.068988 0.65994 -0.50973 -0.94669 0.83448 -0.53311 -0.88893 0.30484 0.40416 0.19922 0.040893 0.25082 0.66775 0.97965 0.95988 0.81984 0.66309 0.55338 0.47185 0.46518 0.48648 0.48843 0.49564 0.5294 0.62525 0.75355 0.86367 0.93485 0.97253 0.98892 0.98653 0.95266 0.8952 0.82015 0.74228 0.69256 0.69023 0.75269 0.83436 0.85618 0.80412 0.66187 0.40148 0.098441 -0.23643 -0.51137 -0.48793 -0.092738 0.043019
-0.66611 -0.44405 1 0.094485 0.61358 0.63669 -0.79365 -0.61386 -0.44461 -0.55602 -0.63387 -0.40635 0.10886 0.70492 0.96321 0.99529 0.93766 0.86627 0.80164 0.78298 0.78632 0.77691 0.77172 0.78676 0.84595 0.92079 0.97274 0.99224 0.98856 0.96799 0.92546 0.84945 0.75899 0.65841 0.56328 0.50778 0.5103 0.59105 0.69926 0.73189 0.66801 0.50016 0.21535 -0.093193 -0.41357 -0.65935 -0.636 -0.26592 -0.12931
0.45891 0.19281 -0.60369 0.88297 -0.65539 0.93567 0.13321 -1 -0.9725 -0.97811 -0.98631 -0.88166 -0.48151 0.2079 0.69364 0.91775 0.99725 0.99925 0.97983 0.96586 0.96237 0.95309 0.94507 0.94755 0.97114 0.99243 0.9887 0.96177 0.92335 0.87307 0.79864 0.69027 0.57642 0.45949 0.35498 0.29849 0.30708 0.40321 0.53397 0.57736 0.50604 0.321 0.023925 -0.27839 -0.57343 -0.78287 -0.76129 -0.42814 -0.29506
-0.070145 0.060523 -0.3448 -0.33732 -0.79597 0.014746 0.9076 -0.55688 -0.83427 -0.84221 -0.862 -0.98807 -0.89156 -0.34613 0.238 0.61796 0.83895 0.93471 0.98198 0.99072 0.99463 0.99858 0.99908 0.99799 0.9921 0.96597 0.91451 0.85021 0.78594 0.71477 0.61809 0.48828 0.36106 0.23685 0.13034 0.076867 0.091821 0.19935 0.34739 0.40067 0.32607 0.13222 -0.16538 -0.45083 -0.71137 -0.87907 -0.86093 -0.57503 -0.44975
-0.029131 -0.26893 0.91493 -0.76817 0.3583 -0.90688 0.77051 0.32608 -0.14885 -0.24645 -0.33986 -0.7 -0.98808 -0.78729 -0.27385 0.17707 0.50632 0.69412 0.81596 0.86112 0.88525 0.91359 0.93291 0.93768 0.91159 0.84853 0.76097 0.67057 0.59033 0.50752 0.39861 0.2584 0.12743 0.0042795 -0.097787 -0.1452 -0.1245 -0.010417 0.14867 0.21021 0.1361 -0.058582 -0.34582 -0.60515 -0.82385 -0.94618 -0.93311 -0.70302 -0.58954
0.04292 0.38402 -0.50593 0.45302 0.9109 -0.69953 -0.1028 0.94475 0.62313 0.47299 0.32762 -0.14648 -0.75322 -0.99184 -0.70742 -0.29755 0.075419 0.32988 0.5172 0.60381 0.65592 0.71494 0.75983 0.77826 0.74234 0.65518 0.54494 0.44039 0.35386 0.26812 0.15644 0.016171 -0.11 -0.22495 -0.31735 -0.35675 -0.33171 -0.21649 -0.053209 0.014315 -0.056113 -0.24431 -0.51148 -0.73704 -0.90847 -0.9835 -0.97699 -0.80936 -0.71132
-0.16813 -0.37642 -0.42647 0.6723 0.049352 0.33485 -0.86283 0.8443 1 0.94001 0.843 0.45352 -0.27825 -0.9127 -0.95807 -0.69918 -0.36389 -0.087448 0.13993 0.26234 0.34281 0.43219 0.50428 0.54086 0.5047 0.40666 0.28723 0.17982 0.09553 0.014287 -0.091936 -0.22334 -0.33764 -0.43878 -0.51767 -0.54816 -0.52084 -0.41017 -0.24983 -0.17913 -0.24331 -0.4186 -0.65744 -0.84325 -0.96389 -0.99133 -0.99264 -0.89217 -0.81274
0.28747 0.25623 0.80084 -0.47434 -0.85438 0.95886 -0.8275 0.12881 0.77207 0.93184 0.99518 0.88044 0.27674 -0.58459 -0.97353 -0.94489 -0.72691 -0.48342 -0.25341 -0.11102 -0.0097471 0.1027 0.19788 0.25292 0.22392 0.12695 0.010452 -0.090224 -0.16556 -0.23664 -0.33093 -0.44635 -0.5435 -0.62687 -0.68986 -0.71149 -0.68442 -0.58395 -0.43365 -0.36293 -0.41898 -0.576 -0.77981 -0.92165 -0.98981 -0.97079 -0.98094 -0.95032 -0.89215
-0.2699 -0.081039 -0.191 -0.61959 -0.48688 0.49223 -0.067033 -0.66783 0.09774 0.4725 0.73779 0.99201 0.73914 -0.10617 -0.76086 -0.99064 -0.94959 -0.79281 -0.60262 -0.46355 -0.35577 -0.23356 -0.12472 -0.055218 -0.07273 -0.15913 -0.26299 -0.3497 -0.41155 -0.46883 -0.54668 -0.64108 -0.71766 -0.78099 -0.82706 -0.84072 -0.81667 -0.73172 -0.59818 -0.5308 -0.57753 -0.71203 -0.87578 -0.97111 -0.98682 -0.92378 -0.94346 -0.98346 -0.94859
0.16793 -0.061807 -0.59235 0.42737 0.55094 -0.49929 0.73389 -0.99365 -0.62283 -0.20293 0.19117 0.76427 0.97661 0.39229 -0.37874 -0.8362 -0.99812 -0.96937 -0.85852 -0.74927 -0.65352 -0.53889 -0.42977 -0.35356 -0.35864 -0.42811 -0.51262 -0.58084 -0.62695 -0.66883 -0.72776 -0.79821 -0.85261 -0.89521 -0.92456 -0.93179 -0.91357 -0.84888 -0.73817 -0.67751 -0.71436 -0.82328 -0.94359 -0.99151 -0.95632 -0.85277 -0.88236 -0.99191 -0.98177
-0.10097 0.098528 0.52701 0.60549 0.7913 -0.93621 0.90974 -0.65124 -0.99228 -0.77711 -0.42121 0.28762 0.93123 0.78514 0.080977 -0.52078 -0.87182 -0.99133 -0.98896 -0.9343 -0.87012 -0.78173 -0.68782 -0.61525 -0.61007 -0.65962 -0.72126 -0.76915 -0.7994 -0.82613 -0.86557 -0.91114 -0.94342 -0.96596 -0.97983 -0.98257 -0.97284 -0.93236 -0.84968 -0.79897 -0.82598 -0.90739 -0.9825 -0.98357 -0.90041 -0.76072 -0.80024 -0.97657 -0.99196
0.10743 -0.018115 0.22921 -0.3259 -0.031636 -0.39751 0.3505 0.10814 -0.8287 -1 -0.86729 -0.27405 0.62824 0.98173 0.5165 -0.11142 -0.59988 -0.86223 -0.98158 -1 -0.98447 -0.9395 -0.87617 -0.81873 -0.80795 -0.83772 -0.87596 -0.90409 -0.92016 -0.93352 -0.95454 -0.97606 -0.98767 -0.99197 -0.99238 -0.99282 -0.99387 -0.98062 -0.93008 -0.89226 -0.90997 -0.96303 -0.99266 -0.9488 -0.8217 -0.65092 -0.70007 -0.93889 -0.97997
-0.14196 -0.10859 -0.56539 -0.60855 -0.77611 0.52411 -0.46934 0.78769 -0.23933 -0.79054 -0.99228 -0.74215 0.16077 0.94449 0.83854 0.31237 -0.23349 -0.60787 -0.84348 -0.94369 -0.98845 -0.99997 -0.98034 -0.94908 -0.93889 -0.95161 -0.96847 -0.97939 -0.98429 -0.98719 -0.99215 -0.99189 -0.98537 -0.97408 -0.96358 -0.96392 -0.97758 -0.9935 -0.97804 -0.95564 -0.96498 -0.98982 -0.97509 -0.88932 -0.72326 -0.52688 -0.58502 -0.88071 -0.94706
0.15219 0.16792 0.051123 0.17777 -0.50878 0.90946 -0.91366 0.97484 0.46179 -0.25431 -0.76606 -0.97936 -0.34164 0.69228 0.98727 0.67423 0.16472 -0.27024 -0.59833 -0.7774 -0.88651 -0.96148 -0.99463 -0.99864 -0.99575 -0.99597 -0.99539 -0.99299 -0.99054 -0.98659 -0.97875 -0.96003 -0.93868 -0.915 -0.89643 -0.89873 -0.92622 -0.97211 -0.99341 -0.98842 -0.99063 -0.98828 -0.93148 -0.80779 -0.60841 -0.3922 -0.45841 -0.80425 -0.89486
-0.12685 -0.088815 0.45087 0.59752 0.36818 0.42305 -0.67364 0.57987 0.92791 0.37768 -0.28124 -0.9262 -0.74983 0.29055 0.94124 0.91414 0.53169 0.099989 -0.28168 -0.52494 -0.69392 -0.83207 -0.92173 -0.96695 -0.97749 -0.97075 -0.95782 -0.94677 -0.94112 -0.93413 -0.91723 -0.88406 -0.8516 -0.81899 -0.79526 -0.80126 -0.84314 -0.91868 -0.97713 -0.99097 -0.98748 -0.95971 -0.86414 -0.70723 -0.48067 -0.25049 -0.32356 -0.71192 -0.82529
0.088346 -0.086359 -0.1878 0.0043052 0.76248 -0.43799 0.043222 -0.1434 0.94815 0.85263 0.28986 -0.61043 -0.9673 -0.16764 0.71768 0.99702 0.8136 0.45138 0.064692 -0.21809 -0.43412 -0.62767 -0.77165 -0.86004 -0.88873 -0.8807 -0.86096 -0.84605 -0.84115 -0.83476 -0.81267 -0.76936 -0.72962 -0.69155 -0.66542 -0.67645 -0.73258 -0.83636 -0.93108 -0.96452 -0.95688 -0.90604 -0.77584 -0.59096 -0.3436 -0.10525 -0.18376 -0.60637 -0.7405
-0.063252 0.21791 -0.30928 -0.53871 0.25309 -0.88053 0.71211 -0.77426 0.53211 0.99545 0.75911 -0.13078 -0.95025 -0.58396 0.36548 0.91613 0.97296 0.73864 0.39842 0.10776 -0.13556 -0.36994 -0.56015 -0.68932 -0.73878 -0.7345 -0.71325 -0.69892 -0.69813 -0.69546 -0.67181 -0.62264 -0.57932 -0.53903 -0.51297 -0.52988 -0.59942 -0.72901 -0.85796 -0.9111 -0.90085 -0.82977 -0.66969 -0.46244 -0.20075 0.040181 -0.042154 -0.49028 -0.64279
0.06342 -0.18298 0.2132 -0.19278 -0.51422 -0.54256 0.88174 -0.97235 -0.11559 0.76691 0.98367 0.37682 -0.71282 -0.87565 -0.046797 0.69133 0.99245 0.92793 0.68162 0.41771 0.17162 -0.083694 -0.30684 -0.47018 -0.54055 -0.54389 -0.52564 -0.51549 -0.52131 -0.5247 -0.50263 -0.45157 -0.40797 -0.36831 -0.34437 -0.36747 -0.44894 -0.601 -0.76105 -0.83335 -0.82198 -0.73381 -0.54903 -0.32517 -0.055537 0.1827 0.098276 -0.36639 -0.53458
-0.084202 -0.0010321 0.19942 0.40804 -0.67538 0.24411 0.46621 -0.65162 -0.70347 0.26494 0.90551 0.77865 -0.31813 -0.9905 -0.44494 0.36344 0.87534 1 0.88478 0.68095 0.45858 0.20557 -0.033294 -0.22045 -0.30929 -0.32252 -0.3106 -0.30714 -0.32098 -0.33183 -0.31379 -0.26429 -0.22318 -0.18649 -0.1662 -0.19529 -0.28661 -0.45703 -0.64414 -0.73441 -0.72327 -0.62137 -0.41733 -0.18261 0.088806 0.31949 0.2348 -0.2374 -0.41828
0.11236 0.17294 -0.17712 0.34252 -0.10673 0.80378 -0.23724 -0.00051521 -0.98553 -0.32295 0.56061 0.97728 0.1404 -0.91405 -0.76231 -0.014071 0.64309 0.95116 0.98921 0.87349 0.70036 0.47386 0.23892 0.041107 -0.061362 -0.084989 -0.081322 -0.085803 -0.10791 -0.12661 -0.11423 -0.069034 -0.032552 -0.00057124 0.015076 -0.019297 -0.11789 -0.30197 -0.51129 -0.61779 -0.60804 -0.49582 -0.27805 -0.03812 0.22929 0.44804 0.36495 -0.1059 -0.29631
-0.1344 -0.17604 -0.13081 -0.20747 0.53979 0.70003 -0.77441 0.63955 -0.85874 -0.79263 0.059585 0.93236 0.56221 -0.66871 -0.95026 -0.38415 0.33073 0.7922 0.98806 0.97985 0.87771 0.70059 0.4898 0.29624 0.18695 0.15417 0.14916 0.13679 0.10728 0.081346 0.087296 0.1262 0.15663 0.18279 0.19334 0.15486 0.051955 -0.14064 -0.36674 -0.4872 -0.4798 -0.36065 -0.13463 0.10516 0.36323 0.56619 0.48657 0.025633 -0.17101
0.14086 0.022045 0.11534 -0.40183 0.60226 0.053242 -0.82779 0.95656 -0.39104 -0.99314 -0.45073 0.66496 0.86135 -0.30606 -0.98427 -0.69476 -0.018914 0.54579 0.88587 0.99373 0.97825 0.86984 0.7023 0.52837 0.42047 0.38134 0.36865 0.34962 0.3146 0.28296 0.28253 0.31398 0.33763 0.35749 0.36301 0.32195 0.21797 0.022267 -0.21474 -0.34648 -0.34213 -0.21931 0.009686 0.24432 0.48823 0.67215 0.5978 0.1549 -0.04464
-0.12746 0.1172 0.090596 -0.022842 0.068357 -0.61167 -0.3913 0.81422 0.22137 -0.87084 -0.83101 0.24676 0.98266 0.10507 -0.86551 -0.90568 -0.36135 0.24275 0.69703 0.91772 0.99687 0.97119 0.86324 0.72357 0.62595 0.5845 0.56635 0.54293 0.50512 0.47004 0.46407 0.48765 0.50446 0.51812 0.51915 0.47734 0.37567 0.18235 -0.059456 -0.19944 -0.19857 -0.075163 0.15182 0.37674 0.60228 0.76445 0.6971 0.2798 0.080709
0.094602 -0.10358 -0.047246 0.33829 -0.49781 -0.80061 0.25812 0.29863 0.74075 -0.47732 -0.98598 -0.2211 0.9098 0.49226 -0.61826 -0.99282 -0.656 -0.082047 0.44344 0.76223 0.93547 1 0.96385 0.87118 0.79269 0.75376 0.7333 0.70853 0.67123 0.63556 0.62552 0.64156 0.65206 0.66012 0.65758 0.61705 0.52109 0.33559 0.095158 -0.049783 -0.052598 0.068605 0.28895 0.50011 0.70369 0.84203 0.78326 0.39846 0.20309
-0.046815 -0.0098359 -0.060535 0.21035 -0.56374 -0.40587 0.74559 -0.34182 0.97985 0.056187 -0.88509 -0.63342 0.66477 0.79199 -0.28408 -0.94996 -0.87059 -0.39382 0.15166 0.54384 0.80212 0.95718 1 0.96421 0.91292 0.8817 0.86267 0.84007 0.80693 0.77387 0.7617 0.77112 0.77634 0.77982 0.77495 0.73782 0.6509 0.47841 0.24543 0.098967 0.092531 0.20902 0.41859 0.61246 0.79113 0.90412 0.85539 0.50922 0.32072
-0.0075161 0.062871 -0.016625 -0.16812 -0.11354 0.25947 0.81396 -0.82123 0.86477 0.5655 -0.56421 -0.90403 0.30019 0.95933 0.085789 -0.78785 -0.98417 -0.66147 -0.14998 0.28331 0.6099 0.84865 0.97201 0.9994 0.98197 0.96353 0.9499 0.93316 0.90786 0.88072 0.86872 0.87291 0.87427 0.8745 0.86875 0.83714 0.76238 0.60773 0.38803 0.24355 0.23378 0.34339 0.53852 0.71216 0.86364 0.95031 0.91287 0.61068 0.43205
0.056853 -0.010191 0.02483 -0.28289 0.40716 0.72309 0.44916 -0.94241 0.45042 0.90434 -0.11066 -0.98232 -0.11318 0.97333 0.43856 -0.53129 -0.98835 -0.86035 -0.43417 0.0034536 0.3754 0.68439 0.88421 0.97706 0.99826 0.99706 0.9927 0.98536 0.97141 0.9534 0.94399 0.94469 0.94384 0.94239 0.93732 0.91327 0.85348 0.72103 0.52005 0.38101 0.36839 0.46931 0.64688 0.79794 0.92056 0.98048 0.9554 0.70167 0.53569
-0.088365 -0.031173 0.0669 -0.035329 0.54205 0.68796 -0.13725 -0.67088 -0.1101 0.98424 0.36247 -0.86026 -0.50069 0.83814 0.72729 -0.21481 -0.88711 -0.97414 -0.67694 -0.27289 0.11718 0.47748 0.74434 0.90076 0.96305 0.98265 0.99093 0.99616 0.99659 0.99062 0.9862 0.98534 0.98408 0.98262 0.97982 0.96516 0.92279 0.81632 0.639 0.50876 0.49395 0.58472 0.74218 0.86886 0.96158 0.99479 0.98292 0.78127 0.63049
0.091588 -0.015876 0.025672 0.2165 0.21313 0.20772 -0.63825 -0.13367 -0.6255 0.79374 0.74505 -0.57019 -0.79713 0.58 0.91665 0.12229 -0.69519 -0.9956 -0.85946 -0.52467 -0.14575 0.24288 0.5627 0.7768 0.88017 0.92286 0.94645 0.96675 0.98399 0.99247 0.99527 0.99484 0.99499 0.99516 0.99616 0.9925 0.96955 0.89218 0.74285 0.62457 0.60836 0.6879 0.82323 0.9243 0.98665 0.99365 0.99562 0.84879 0.71549
-0.063425 0.054036 -0.091416 0.17413 -0.26664 -0.38566 -0.81266 0.4461 -0.93181 0.39452 0.9547 -0.17477 -0.95684 0.24142 0.98639 0.44095 -0.43566 -0.92646 -0.96911 -0.73405 -0.39528 -0.0036767 0.35137 0.61363 0.75557 0.82223 0.86284 0.89991 0.93557 0.96031 0.97222 0.97412 0.97739 0.98077 0.98696 0.99559 0.99357 0.9477 0.83004 0.72661 0.7099 0.77746 0.88919 0.96397 0.99603 0.97769 0.99391 0.90377 0.78994
0.011893 0.016325 -0.08961 -0.062325 -0.49983 -0.71859 -0.59452 0.84429 -0.94166 -0.10137 0.9525 0.24762 -0.95945 -0.12646 0.93263 0.70672 -0.13678 -0.77644 -1 -0.8875 -0.61542 -0.24675 0.12331 0.42118 0.59683 0.6868 0.74507 0.79966 0.85447 0.89654 0.91903 0.925 0.93292 0.9409 0.95346 0.97531 0.99521 0.98252 0.89945 0.81346 0.79721 0.85236 0.93956 0.98784 0.99017 0.94774 0.97837 0.94595 0.85327
0.043379 -0.092846 0.076692 -0.18809 -0.32869 -0.60693 -0.10629 0.92016 -0.6643 -0.56458 0.74745 0.61879 -0.81085 -0.47177 0.76679 0.89311 0.1712 -0.56166 -0.95282 -0.97636 -0.79309 -0.47212 -0.10842 0.21026 0.41265 0.52376 0.59921 0.67105 0.74481 0.80449 0.83853 0.85001 0.86384 0.87756 0.89742 0.93305 0.9753 0.99671 0.9504 0.88406 0.86927 0.91189 0.97411 0.99617 0.96977 0.90477 0.94977 0.97527 0.90511
-0.077433 0.021573 0.1518 -0.080883 0.077714 -0.14419 0.41609 0.66023 -0.19404 -0.88224 0.39032 0.8748 -0.53995 -0.74905 0.51288 0.98373 0.45913 -0.3027 -0.83421 -0.99703 -0.9188 -0.66749 -0.33143 -0.0081344 0.21232 0.34102 0.43201 0.51987 0.61143 0.68819 0.73419 0.75226 0.77293 0.79327 0.82105 0.87061 0.93511 0.99079 0.98263 0.93777 0.92542 0.95565 0.99292 0.98942 0.93569 0.8499 0.909 0.99186 0.94528
0.071617 0.10809 -0.01546 0.097744 0.39601 0.38258 0.73973 0.17139 0.32492 -0.98381 -0.040529 0.97588 -0.19217 -0.92476 0.20359 0.97307 0.70158 -0.022457 -0.65571 -0.95077 -0.98686 -0.82308 -0.53456 -0.22332 0.0052938 0.14679 0.25067 0.35235 0.45965 0.5522 0.60996 0.63532 0.66339 0.69088 0.7269 0.79014 0.87625 0.96566 0.99627 0.97426 0.96531 0.98354 0.99629 0.96828 0.88895 0.78433 0.85706 0.996 0.97372
-0.026238 -0.070935 -0.18419 0.13704 0.40596 0.67528 0.73565 -0.36735 0.74397 -0.85403 -0.45715 0.91113 0.17867 -0.98049 -0.12426 0.86613 0.87879 0.2559 -0.43249 -0.84319 -0.99544 -0.93192 -0.70838 -0.42547 -0.19932 -0.05075 0.062426 0.17488 0.29509 0.40137 0.47015 0.50305 0.5387 0.57352 0.61777 0.69404 0.80064 0.92253 0.99176 0.99357 0.9889 0.99573 0.98477 0.93362 0.83067 0.70935 0.79506 0.98812 0.99057
-0.034673 -0.093711 -0.081873 0.017939 0.13187 0.58945 0.42302 -0.77224 0.95183 -0.53159 -0.77999 0.69773 0.51893 -0.91404 -0.43413 0.67698 0.97795 0.51083 -0.18193 -0.68349 -0.94632 -0.99001 -0.84552 -0.60596 -0.39306 -0.24384 -0.12567 -0.0061726 0.12341 0.24073 0.3192 0.35947 0.40249 0.4445 0.49662 0.58492 0.71041 0.86291 0.9699 0.99603 0.99645 0.99264 0.9591 0.88643 0.7621 0.62629 0.72413 0.96877 0.99606
0.073014 0.10628 0.15631 -0.10189 -0.20973 0.19485 -0.053577 -0.91607 0.90128 -0.09573 -0.95225 0.37573 0.78265 -0.73819 -0.69375 0.42662 0.99369 0.72394 0.077796 -0.48358 -0.84449 -0.99628 -0.94082 -0.75767 -0.56846 -0.42535 -0.30702 -0.18475 -0.049871 0.075246 0.16163 0.20865 0.25846 0.30716 0.36651 0.46546 0.60784 0.78849 0.93171 0.98224 0.98843 0.97488 0.92018 0.82785 0.68453 0.53651 0.6455 0.93861 0.99057
-0.059818 0.064753 0.17915 -0.090177 -0.38433 -0.28428 -0.49484 -0.76408 0.61602 0.35464 -0.94836 -0.0003128 0.93716 -0.47792 -0.87811 0.14042 0.92789 0.88108 0.32902 -0.25709 -0.69755 -0.95236 -0.99145 -0.8752 -0.71927 -0.58904 -0.47566 -0.35525 -0.21951 -0.090259 0.0018048 0.054613 0.11027 0.16485 0.23047 0.33843 0.49532 0.70118 0.87847 0.95302 0.96556 0.94327 0.86907 0.75909 0.59929 0.44138 0.56036 0.8984 0.97458
-0.0014796 -0.11909 -0.056103 0.021994 -0.2963 -0.60025 -0.73054 -0.37661 0.17835 0.72377 -0.77588 -0.37099 0.96634 -0.1664 -0.97143 -0.15459 0.7889 0.97308 0.55575 -0.018367 -0.51512 -0.86231 -0.99679 -0.95493 -0.84058 -0.72972 -0.62645 -0.51265 -0.38071 -0.25127 -0.15608 -0.098824 -0.038573 0.020798 0.091498 0.20654 0.37527 0.60296 0.8116 0.90942 0.92873 0.89878 0.80691 0.68142 0.50774 0.34222 0.46996 0.84896 0.94865
0.07088 -0.037561 -0.22131 0.098703 -0.029568 -0.6077 -0.68191 0.11804 -0.29665 0.93868 -0.47133 -0.68145 0.87126 0.1595 -0.96797 -0.4323 0.59032 0.99592 0.74454 0.21839 -0.30809 -0.73218 -0.9583 -0.995 -0.92892 -0.84332 -0.75515 -0.65268 -0.52921 -0.40368 -0.30816 -0.24807 -0.18474 -0.12191 -0.047555 0.072447 0.25011 0.4959 0.7327 0.85264 0.87901 0.84252 0.73495 0.59619 0.41124 0.24036 0.37551 0.79116 0.91341
-0.096959 0.11301 -0.087655 0.058082 0.232 -0.323 -0.38212 0.56814 -0.69215 0.96211 -0.091424 -0.88901 0.66859 0.46359 -0.87172 -0.66968 0.34949 0.95063 0.88514 0.43997 -0.087962 -0.56956 -0.87926 -0.99532 -0.98227 -0.92697 -0.85849 -0.77183 -0.66136 -0.54384 -0.45095 -0.38987 -0.32516 -0.26041 -0.184 -0.061309 0.12221 0.38209 0.64345 0.78402 0.81758 0.77568 0.65448 0.50472 0.31111 0.13706 0.27818 0.72592 0.86957
0.058171 0.020751 0.16381 -0.04807 0.33189 0.10106 0.04691 0.84501 -0.91763 0.79681 0.29816 -0.96827 0.3872 0.71429 -0.69519 -0.84849 0.085859 0.84276 0.97087 0.63483 0.13379 -0.38308 -0.7645 -0.95732 -1 -0.979 -0.93421 -0.86743 -0.77421 -0.66867 -0.58139 -0.52132 -0.4571 -0.39211 -0.31536 -0.19236 -0.0061818 0.26362 0.54559 0.705 0.74573 0.69954 0.56685 0.40835 0.20866 0.033518 0.17914 0.65419 0.81789
0.013593 -0.095049 0.20255 -0.10198 0.22986 0.4608 0.44663 0.87768 -0.92775 0.48162 0.63421 -0.9132 0.063605 0.88752 -0.45754 -0.95641 -0.18065 0.68162 0.99871 0.79355 0.34632 -0.18191 -0.62001 -0.88385 -0.9828 -0.99887 -0.98104 -0.93765 -0.8655 -0.77564 -0.69691 -0.63993 -0.57816 -0.51469 -0.43942 -0.31852 -0.13292 0.1425 0.4409 0.61707 0.6648 0.61543 0.47339 0.30841 0.10513 -0.069122 0.079461 0.57693 0.75913
-0.055236 -0.015162 -0.014382 -0.046246 0.0072139 0.59921 0.68066 0.66759 -0.72879 0.081107 0.86591 -0.73629 -0.26296 0.9686 -0.18226 -0.98751 -0.4311 0.47941 0.96919 0.90919 0.53987 0.024648 -0.45266 -0.77892 -0.93253 -0.98713 -0.99864 -0.98149 -0.93365 -0.86284 -0.79545 -0.74364 -0.68629 -0.62617 -0.55421 -0.43783 -0.25601 0.020694 0.33115 0.52178 0.57621 0.5247 0.37544 0.20617 0.0017031 -0.16981 -0.019801 0.49509 0.69413
0.030052 0.070498 -0.20836 0.062607 -0.19834 0.47023 0.6789 0.2818 -0.37282 -0.3285 0.96164 -0.46535 -0.55533 0.95295 0.1053 -0.9422 -0.64881 0.25013 0.88604 0.97744 0.70617 0.22765 -0.2698 -0.64742 -0.85205 -0.94528 -0.98757 -0.99872 -0.9778 -0.92891 -0.87545 -0.83085 -0.77986 -0.72488 -0.65807 -0.54856 -0.37367 -0.099959 0.21808 0.42069 0.48137 0.4287 0.27433 0.10289 -0.1005 -0.26757 -0.11768 0.40961 0.62369
0.031492 0.016843 -0.14686 0.11591 -0.27759 0.14652 0.45441 -0.17062 0.057448 -0.674 0.91218 -0.13865 -0.78238 0.84565 0.38022 -0.8267 -0.82033 0.0086199 0.75576 0.99663 0.83868 0.41882 -0.078951 -0.49494 -0.74507 -0.87566 -0.94917 -0.98985 -0.99772 -0.97312 -0.93584 -0.90038 -0.85759 -0.80951 -0.74961 -0.64923 -0.48429 -0.21774 0.10338 0.31533 0.3817 0.32878 0.17133 -0.00028292 -0.20045 -0.36152 -0.21328 0.32143 0.54864
-0.056903 -0.042126 0.082773 0.059215 -0.20398 -0.22398 0.091054 -0.5705 0.46882 -0.89778 0.73023 0.20088 -0.922 0.66021 0.62016 -0.65203 -0.93607 -0.23043 0.58697 0.96761 0.93278 0.59086 0.11252 -0.32745 -0.61593 -0.78132 -0.88546 -0.95604 -0.99382 -0.99525 -0.97606 -0.95148 -0.91861 -0.87906 -0.82774 -0.7386 -0.58645 -0.33108 -0.011334 0.20723 0.2786 0.22626 0.067662 -0.10223 -0.2972 -0.45087 -0.30577 0.23144 0.4698
0.008938 -0.019686 0.20655 -0.058839 -0.034073 -0.48707 -0.28987 -0.81966 0.77776 -0.96647 0.44674 0.5113 -0.96267 0.41656 0.80696 -0.43289 -0.99061 -0.45335 0.38983 0.89346 0.98579 0.73766 0.29765 -0.15108 -0.4694 -0.66584 -0.79906 -0.89901 -0.96703 -0.99561 -0.99601 -0.98382 -0.9624 -0.93289 -0.89169 -0.81571 -0.67896 -0.43856 -0.12455 0.097832 0.17342 0.12239 -0.035515 -0.20193 -0.38989 -0.53492 -0.39442 0.14051 0.38799
0.065068 0.011818 0.094805 -0.13346 0.13518 -0.54504 -0.57073 -0.86338 0.92645 -0.87446 0.10503 0.75666 -0.90384 0.13873 0.92775 -0.18622 -0.98273 -0.64818 0.17537 0.77921 0.99692 0.85448 0.47012 0.028107 -0.31052 -0.53321 -0.693 -0.82098 -0.91876 -0.97495 -0.99599 -0.99746 -0.98878 -0.97063 -0.94092 -0.87983 -0.76085 -0.53894 -0.23487 -0.011466 0.067485 0.0184 -0.13711 -0.29843 -0.47776 -0.61308 -0.47854 0.049462 0.30399
-0.078595 0.017214 -0.11101 -0.096965 0.22153 -0.3889 -0.67274 -0.69983 0.89206 -0.6426 -0.24621 0.9108 -0.75505 -0.14764 0.97559 0.070114 -0.91512 -0.80523 -0.045172 0.63142 0.96722 0.93797 0.6244 0.20429 -0.14443 -0.38765 -0.57068 -0.72453 -0.85084 -0.93444 -0.97671 -0.9928 -0.99791 -0.99223 -0.9752 -0.93046 -0.83135 -0.63112 -0.34099 -0.11936 -0.037982 -0.084583 -0.23613 -0.3909 -0.56013 -0.68482 -0.55758 -0.040939 0.21855
0.0083099 0.017333 -0.18445 0.024561 0.19488 -0.092305 -0.57546 -0.37601 0.68826 -0.31268 -0.5599 0.95951 -0.53419 -0.41768 0.94948 0.31862 -0.79392 -0.91742 -0.2609 0.45777 0.89929 0.98624 0.75593 0.3721 0.023864 -0.23351 -0.43572 -0.61255 -0.76543 -0.87559 -0.93921 -0.97056 -0.99025 -0.99792 -0.99453 -0.96736 -0.88989 -0.71421 -0.44177 -0.22463 -0.14181 -0.18549 -0.33164 -0.47856 -0.63643 -0.74974 -0.63101 -0.12996 0.13241
0.068453 -0.0043353 -0.063449 0.13485 0.082511 0.22507 -0.31714 0.027349 0.35958 0.060796 -0.79664 0.90122 -0.26509 -0.64938 0.85396 0.54336 -0.62809 -0.98043 -0.46178 0.26661 0.79714 0.99879 0.86118 0.52672 0.18954 -0.075105 -0.29182 -0.4881 -0.66494 -0.80022 -0.88481 -0.93174 -0.96648 -0.98815 -0.99913 -0.99049 -0.93612 -0.78747 -0.53617 -0.32617 -0.24293 -0.28334 -0.42282 -0.56075 -0.70616 -0.80749 -0.69842 -0.21694 0.046267
-0.062681 -0.039587 0.1089 0.14593 -0.053653 0.44645 0.021661 0.41681 -0.029288 0.41992 -0.9292 0.74613 0.02529 -0.82513 0.69838 0.73083 -0.42862 -0.99277 -0.63905 0.066576 0.66586 0.97642 0.93765 0.66403 0.34813 0.083375 -0.14271 -0.35438 -0.55198 -0.71035 -0.8151 -0.87758 -0.92757 -0.96361 -0.98946 -1 -0.96985 -0.85034 -0.6233 -0.42296 -0.34035 -0.37725 -0.50892 -0.63688 -0.76894 -0.85784 -0.75947 -0.30125 -0.039235
-0.011466 -0.020346 0.15795 0.046074 -0.1511 0.49955 0.34429 0.70792 -0.4068 0.71232 -0.94492 0.51419 0.30958 -0.93288 0.49577 0.87065 -0.20778 -0.95557 -0.78553 -0.13383 0.51137 0.9211 0.98395 0.78062 0.49563 0.23798 0.0079761 -0.2146 -0.42926 -0.60819 -0.73184 -0.80951 -0.87463 -0.92517 -0.96613 -0.99623 -0.99109 -0.90241 -0.70242 -0.51412 -0.43319 -0.46641 -0.5893 -0.70648 -0.82444 -0.90061 -0.81387 -0.38234 -0.12348
0.051822 0.047036 0.052955 -0.093402 -0.17416 0.37722 0.56555 0.84266 -0.70769 0.89833 -0.84613 0.23217 0.56253 -0.9666 0.26171 0.95596 0.021693 -0.87236 -0.89582 -0.32658 0.3401 0.8358 0.99967 0.87391 0.62855 0.38509 0.15677 -0.071906 -0.29953 -0.49604 -0.63694 -0.72913 -0.80897 -0.87386 -0.92994 -0.97969 -1 -0.94345 -0.77291 -0.59886 -0.52065 -0.55012 -0.66342 -0.76914 -0.87246 -0.93571 -0.86144 -0.4597 -0.2059
-0.0089999 0.052053 -0.087374 -0.1726 -0.12419 0.13284 0.63303 0.79939 -0.8837 0.95563 -0.64866 -0.069579 0.76312 -0.92632 0.013007 0.98357 0.24731 -0.74869 -0.96639 -0.50437 0.15873 0.72435 0.98539 0.94211 0.74397 0.52144 0.30044 0.070646 -0.16554 -0.37628 -0.53241 -0.63813 -0.73201 -0.81086 -0.8818 -0.95102 -0.99689 -0.97334 -0.83429 -0.67652 -0.60205 -0.62776 -0.7308 -0.82457 -0.91284 -0.96313 -0.90204 -0.5329 -0.28598
-0.041392 -0.032791 -0.13121 -0.13478 -0.031855 -0.14412 0.53755 0.59427 -0.91029 0.88098 -0.37891 -0.36048 0.89602 -0.81764 -0.23351 0.95385 0.4575 -0.5917 -0.99564 -0.66094 -0.026056 0.59117 0.94254 0.98422 0.83961 0.64424 0.43607 0.21019 -0.029954 -0.25127 -0.4203 -0.53829 -0.64525 -0.73742 -0.82276 -0.91098 -0.9822 -0.99214 -0.88622 -0.74653 -0.67679 -0.69883 -0.79107 -0.87252 -0.94551 -0.9829 -0.93559 -0.60155 -0.36323
0.012891 -0.078974 -0.05557 -0.0040481 0.060929 -0.36139 0.31137 0.27487 -0.78878 0.68913 -0.070014 -0.61277 0.95251 -0.65086 -0.46211 0.87045 0.64211 -0.40968 -0.98376 -0.79113 -0.20785 0.44118 0.87332 1 0.91378 0.75116 0.56103 0.34407 0.10466 -0.12336 -0.3027 -0.43144 -0.55029 -0.65491 -0.75394 -0.86045 -0.95649 -1 -0.92846 -0.80847 -0.7444 -0.7629 -0.84396 -0.91286 -0.97047 -0.99514 -0.96209 -0.66531 -0.43724
0.051125 -0.0035351 0.05449 0.13382 0.11963 -0.4539 0.016405 -0.091859 -0.54404 0.40951 0.24245 -0.80393 0.93062 -0.43988 -0.65905 0.73984 0.79286 -0.21159 -0.93261 -0.89108 -0.3807 0.2795 0.78056 0.98993 0.96542 0.84034 0.67312 0.46989 0.23592 0.0051965 -0.18164 -0.3194 -0.44873 -0.56472 -0.67654 -0.80037 -0.92042 -0.99721 -0.96091 -0.86199 -0.80448 -0.81962 -0.88926 -0.9455 -0.98778 -1 -0.98159 -0.72391 -0.50761
-0.038386 0.085398 0.10154 0.1898 0.12863 -0.40132 -0.27346 -0.43406 -0.21874 0.08118 0.52454 -0.91842 0.83482 -0.20093 -0.81335 0.5707 0.90356 -0.0065859 -0.84552 -0.95824 -0.53927 0.11135 0.66757 0.95511 0.99408 0.91044 0.7705 0.58555 0.36161 0.13225 -0.05914 -0.204 -0.34219 -0.46827 -0.59178 -0.73177 -0.87474 -0.98415 -0.98357 -0.90687 -0.85673 -0.86875 -0.92684 -0.97045 -0.99757 -0.99769 -0.99418 -0.77713 -0.57402
-0.045229 0.050849 0.060525 0.12844 0.092887 -0.22956 -0.49091 -0.68891 0.13468 -0.25286 0.74745 -0.94855 0.67516 0.04874 -0.9172 0.37333 0.97031 0.19635 -0.72704 -0.99133 -0.67897 -0.058151 0.53806 0.89724 0.99985 0.9606 0.85171 0.68925 0.47976 0.2558 0.062911 -0.086974 -0.23227 -0.36702 -0.50094 -0.65571 -0.82024 -0.96129 -0.99653 -0.94297 -0.90095 -0.91013 -0.95666 -0.98776 -1 -0.98847 -1 -0.82479 -0.63617
0.068119 -0.06014 -0.017542 -0.012574 0.031639 0.0020638 -0.59007 -0.81345 0.4626 -0.55132 0.89019 -0.89457 0.46602 0.29211 -0.96621 0.15892 0.99148 0.38885 -0.58267 -0.99037 -0.79608 -0.22411 0.39598 0.81847 0.98337 0.99043 0.91574 0.77952 0.58862 0.37401 0.18271 0.029974 -0.12053 -0.26236 -0.40527 -0.57329 -0.75781 -0.92919 -1 -0.97025 -0.93701 -0.94367 -0.97873 -0.99755 -0.99531 -0.97263 -0.99924 -0.86677 -0.69383
0.01444 -0.087081 -0.065443 -0.14862 -0.031409 0.22187 -0.55492 -0.79074 0.71826 -0.77955 0.94108 -0.76406 0.22475 0.51352 -0.9594 -0.061048 0.96761 0.5634 -0.41858 -0.9565 -0.88777 -0.38202 0.24537 0.72135 0.94572 1 0.96192 0.8552 0.68669 0.48522 0.29859 0.14525 -0.0084607 -0.15569 -0.30605 -0.4856 -0.68834 -0.88845 -0.99425 -0.98875 -0.96488 -0.96934 -0.99313 -1 -0.98375 -0.95049 -0.99211 -0.903 -0.74678
-0.073267 0.0069864 -0.056695 -0.20038 -0.076874 0.3679 -0.40004 -0.63067 0.86793 -0.91315 0.89828 -0.57069 -0.029912 0.69957 -0.89903 -0.27546 0.90125 0.71363 -0.24133 -0.8919 -0.95213 -0.52784 0.090309 0.60873 0.8884 0.98977 0.98998 0.91546 0.77274 0.58797 0.40903 0.25737 0.1025 -0.048337 -0.20451 -0.39376 -0.61277 -0.83977 -0.97963 -0.99861 -0.98459 -0.9872 -1 -0.99533 -0.96564 -0.9224 -0.97887 -0.93343 -0.79487
0.015001 0.089089 -0.013838 -0.13927 -0.094662 0.4044 -0.16467 -0.36613 0.89466 -0.94002 0.76917 -0.33263 -0.27928 0.83985 -0.79018 -0.47407 0.79666 0.83448 -0.057585 -0.79966 -0.98819 -0.65805 -0.065266 0.48365 0.81324 0.96058 1 0.95978 0.84581 0.68103 0.51268 0.36497 0.21103 0.058418 -0.10183 -0.29886 -0.53204 -0.78384 -0.95655 -1 -0.99624 -0.99736 -0.99954 -0.98379 -0.94131 -0.88874 -0.9598 -0.95806 -0.83797
0.0566 0.050723 0.024156 -0.00068226 -0.084574 0.32893 0.097819 -0.045533 0.7993 -0.86083 0.56897 -0.070699 -0.50608 0.9273 -0.64031 -0.64794 0.65955 0.92229 0.1261 -0.68354 -0.99582 -0.76976 -0.2176 0.34929 0.72237 0.9136 0.99238 0.98794 0.90518 0.76336 0.60834 0.46682 0.3159 0.16338 0.00083727 -0.20196 -0.4471 -0.72142 -0.9255 -0.9932 -1 -1 -0.99198 -0.96569 -0.91111 -0.84991 -0.9352 -0.97695 -0.876
-0.022796 -0.049486 0.03629 0.13896 -0.053734 0.16947 0.33232 0.27639 0.599 -0.68798 0.31869 0.19352 -0.6955 0.95845 -0.45864 -0.78976 0.49667 0.97486 0.30354 -0.54788 -0.97573 -0.8607 -0.36321 0.20887 0.6181 0.85027 0.96783 1 0.95039 0.83412 0.69499 0.56182 0.41597 0.26544 0.10241 -0.10411 -0.3589 -0.65327 -0.887 -0.97851 -0.99609 -0.99533 -0.9776 -0.94137 -0.87544 -0.80631 -0.9054 -0.99016 -0.90891
-0.039925 -0.079956 0.027395 0.20561 -0.012772 -0.026286 0.49328 0.54801 0.32374 -0.44334 0.042791 0.43943 -0.83608 0.93334 -0.25556 -0.89413 0.31547 0.99139 0.46906 -0.39737 -0.92935 -0.92927 -0.49896 0.065552 0.50291 0.77226 0.92729 0.99628 0.98122 0.89271 0.77179 0.64902 0.51026 0.36357 0.20187 -0.0062872 -0.26835 -0.58019 -0.8416 -0.95632 -0.98478 -0.98362 -0.95672 -0.91118 -0.8347 -0.75836 -0.87074 -0.9978 -0.93669
0.01237 -0.011571 0.012406 0.16623 0.027617 -0.20548 0.55285 0.72871 0.011407 -0.15523 -0.23332 0.64895 -0.92022 0.85526 -0.041997 -0.95757 0.12377 0.97244 0.61771 -0.2369 -0.85877 -0.9745 -0.62211 -0.077591 0.37936 0.68144 0.87194 0.97735 0.99769 0.93872 0.83808 0.72763 0.59786 0.45684 0.29827 0.090569 -0.17636 -0.50296 -0.78989 -0.92703 -0.9664 -0.96517 -0.9297 -0.87551 -0.7893 -0.70649 -0.83157 -1 -0.95935
0.037083 0.061455 -0.00078132 0.04319 0.058878 -0.32413 0.50477 0.79432 -0.29758 0.14508 -0.4856 0.80771 -0.94437 0.7303 0.17118 -0.97865 -0.070634 0.91982 0.74531 -0.071396 -0.76659 -0.99603 -0.73034 -0.21765 0.25004 0.57978 0.80315 0.94395 1 0.97193 0.89335 0.79699 0.67803 0.54444 0.39077 0.18558 -0.083786 -0.42236 -0.7325 -0.89108 -0.94129 -0.94033 -0.89689 -0.83475 -0.73966 -0.65113 -0.78826 -0.99692 -0.97693
0.0019814 0.05467 -0.013621 -0.10049 0.075526 -0.35718 0.36355 0.73951 -0.56547 0.42675 -0.69333 0.90582 -0.90897 0.56687 0.37369 -0.95781 -0.26022 0.83639 0.84858 0.094331 -0.65587 -0.99412 -0.82179 -0.35195 0.11752 0.46938 0.72244 0.89706 0.98857 0.99231 0.93728 0.8566 0.75013 0.62564 0.47859 0.27793 0.0085449 -0.33917 -0.67005 -0.84896 -0.90986 -0.90946 -0.8587 -0.78932 -0.68622 -0.5927 -0.74117 -0.98875 -0.98949
-0.046331 -0.010029 -0.027102 -0.19464 0.075255 -0.30266 0.15992 0.57707 -0.76159 0.66248 -0.84066 0.93828 -0.81815 0.37498 0.55631 -0.89725 -0.43807 0.72593 0.92515 0.25571 -0.52997 -0.96953 -0.89504 -0.47803 -0.015722 0.35235 0.63143 0.83776 0.96399 1 0.96969 0.90608 0.81363 0.69983 0.56104 0.36688 0.099851 -0.25414 -0.60318 -0.80117 -0.87251 -0.87297 -0.81554 -0.73965 -0.62941 -0.53162 -0.69068 -0.97569 -0.99715
-0.010859 -0.05129 -0.034135 -0.19609 0.05871 -0.17964 -0.066219 0.33466 -0.86544 0.8309 -0.91756 0.90498 -0.67919 0.16566 0.71122 -0.80072 -0.59803 0.59291 0.97359 0.40852 -0.39245 -0.92353 -0.94916 -0.59375 -0.1473 0.23081 0.53183 0.76728 0.92699 0.99529 0.99056 0.94521 0.86815 0.76649 0.63751 0.45173 0.1894 -0.168 -0.53253 -0.74822 -0.82969 -0.83126 -0.76784 -0.68616 -0.56967 -0.46833 -0.63716 -0.95794 -1
0.058412 -0.031932 -0.023849 -0.10703 0.029213 -0.02154 -0.27377 0.049624 -0.86833 0.91826 -0.9202 0.81035 -0.50188 -0.049748 0.83228 -0.67323 -0.73492 0.44232 0.99335 0.549 -0.24699 -0.8578 -0.98362 -0.69727 -0.275 0.10686 0.4254 0.68696 0.87843 0.97863 1 0.97387 0.91341 0.82522 0.7075 0.5319 0.27651 -0.081471 -0.45874 -0.69066 -0.78185 -0.78476 -0.71603 -0.62929 -0.50741 -0.40322 -0.58098 -0.93576 -0.99819
0.013767 0.012415 0.0061488 0.029144 -0.0075954 0.13317 -0.42775 -0.23691 -0.77349 0.91911 -0.85082 0.66274 -0.2977 -0.26017 0.91518 -0.52076 -0.84467 0.27946 0.98478 0.67389 -0.097267 -0.77437 -0.99836 -0.78706 -0.39677 -0.01749 0.31389 0.59818 0.81929 0.95058 0.99826 0.99209 0.94924 0.8757 0.77058 0.60684 0.36057 0.0047909 -0.38245 -0.62901 -0.72947 -0.73392 -0.66054 -0.56947 -0.44306 -0.3367 -0.5225 -0.90937 -0.99186
-0.065456 0.031902 0.04216 0.15031 -0.044403 0.25019 -0.50474 -0.48604 -0.59483 0.83624 -0.71713 0.47353 -0.079096 -0.45536 0.95751 -0.34997 -0.92434 0.10974 0.94897 0.78052 0.053129 -0.67554 -0.99369 -0.86194 -0.51077 -0.1403 0.19908 0.50241 0.75062 0.91182 0.9857 1 0.97558 0.91772 0.82641 0.67609 0.44099 0.090145 -0.30428 -0.56383 -0.67301 -0.67918 -0.60182 -0.50713 -0.37703 -0.26917 -0.4621 -0.87904 -0.98118
-0.0149 0.018307 0.060366 0.20428 -0.073336 0.30662 -0.49581 -0.6661 -0.35462 0.67984 -0.53128 0.25625 0.14132 -0.62634 0.95874 -0.16787 -0.97217 -0.061492 0.88776 0.86679 0.20077 -0.56384 -0.9703 -0.92105 -0.61538 -0.25977 0.082661 0.40109 0.67358 0.86312 0.96279 0.99783 0.99245 0.95116 0.87473 0.73926 0.51728 0.17399 -0.22482 -0.49565 -0.61297 -0.62098 -0.5403 -0.44268 -0.30972 -0.20098 -0.40012 -0.84502 -0.96633
0.06387 -0.0023589 0.043416 0.1706 -0.087482 0.29468 -0.40673 -0.75629 -0.080483 0.46603 -0.30868 0.02549 0.35149 -0.76575 0.9201 0.018455 -0.98755 -0.22912 0.80354 0.93122 0.34248 -0.44192 -0.92918 -0.96383 -0.70923 -0.37423 -0.033707 0.29571 0.58932 0.80533 0.93007 0.9859 1 0.97598 0.91536 0.79603 0.58898 0.25578 -0.14465 -0.425 -0.54982 -0.55978 -0.47642 -0.37655 -0.24153 -0.1325 -0.33691 -0.80759 -0.94751
0.018093 -0.011039 -0.0048473 0.066763 -0.082557 0.22181 -0.25572 -0.74856 0.19791 0.21506 -0.066611 -0.20407 0.54053 -0.86809 0.84441 0.20211 -0.97099 -0.38837 0.69923 0.97294 0.47534 -0.31252 -0.87164 -0.99008 -0.79117 -0.48217 -0.14846 0.18771 0.49906 0.73935 0.88819 0.96462 0.99843 0.99222 0.9482 0.84616 0.6557 0.33499 -0.064342 -0.35242 -0.48404 -0.49603 -0.4106 -0.30913 -0.17282 -0.064085 -0.2728 -0.76702 -0.92491
-0.053359 -0.011773 -0.058431 -0.061892 -0.058229 0.10743 -0.0695 -0.64759 0.45207 -0.050735 0.17715 -0.41858 0.69922 -0.92986 0.73583 0.37667 -0.92398 -0.53498 0.57813 0.99167 0.59679 -0.17839 -0.79918 -0.99984 -0.8603 -0.58226 -0.26012 0.078504 0.40402 0.66615 0.83783 0.93448 0.98802 1 0.97322 0.88946 0.7171 0.41116 0.015584 -0.2784 -0.4161 -0.43016 -0.34326 -0.24081 -0.10396 0.0039532 -0.20811 -0.72358 -0.89874
-0.024157 -0.012726 -0.084019 -0.16277 -0.018642 -0.022294 0.12163 -0.46932 0.65743 -0.30895 0.40563 -0.60578 0.82038 -0.94954 0.59964 0.53632 -0.84889 -0.66523 0.44379 0.98767 0.70465 -0.042227 -0.71353 -0.99345 -0.91597 -0.67334 -0.36735 -0.030558 0.30541 0.58671 0.77976 0.89603 0.96914 0.99951 0.99046 0.92581 0.77292 0.48387 0.094623 -0.20346 -0.34646 -0.3626 -0.27481 -0.17197 -0.035283 0.071301 -0.14316 -0.67754 -0.86923
0.035157 -0.0090655 -0.062231 -0.19745 0.02814 -0.14048 0.2887 -0.23809 0.79558 -0.53896 0.60377 -0.75566 0.89909 -0.92758 0.44194 0.67607 -0.74887 -0.77604 0.29992 0.9617 0.7971 0.093346 -0.61656 -0.9715 -0.95776 -0.75443 -0.46891 -0.13819 0.20444 0.50205 0.71477 0.84986 0.94219 0.99099 1 0.95514 0.82291 0.55273 0.1723 -0.12806 -0.27557 -0.29377 -0.20563 -0.10298 0.032884 0.13767 -0.078232 -0.62917 -0.83658
