-0.0062454 -0.0084828 0.0093376 0.03109 -0.0060537 0.022822 0.05387 0.0081729 0.096409 -0.011162 0.079718 -0.16052 0.084242 -0.011263 0.16319 0.039845 -0.29945 0.2854 -0.21801 0.54059 0.62472 0.6757 0.48817 -0.27309 -0.67137 0.49889 0.27386 -0.73801 0.68436 -0.54584 0.51767 -0.57603 0.67182 -0.7642 0.80729 -0.61909 -0.037711 0.77091 -0.47528 -0.6731 0.49573 0.69633 -0.50596 -0.57715 0.74754 0.11569 -0.85301 0.014587 0.85389
-0.0032004 0.0018574 0.00030861 -0.0087825 -0.038412 0.031195 0.10923 0.021772 -0.080392 -0.0047586 -0.042103 -0.11634 0.12299 -0.037673 -0.17791 -0.044568 0.19207 -0.32565 0.47461 0.35907 0.25084 0.56824 0.67335 -0.20268 -0.65767 0.68393 -0.14752 -0.43627 0.70322 -0.76208 0.73723 -0.63698 0.44136 -0.14597 -0.28021 0.7453 -0.72613 -0.18564 0.85295 0.13896 -0.83195 -0.32375 0.78871 0.2781 -0.8598 0.11468 0.86876 -0.12835 -0.87827
0.0053095 -0.0094086 -0.0039591 -0.043061 -0.041616 -0.059629 0.092985 -0.025113 0.12224 0.036451 0.007394 0.10916 -0.033728 0.016703 0.24107 -0.21019 0.28703 -0.21534 0.39935 -0.091222 -0.039455 0.51736 0.64936 -0.46233 -0.33632 0.74086 -0.73651 0.44824 -0.21251 0.21809 -0.4103 0.65247 -0.81522 0.79631 -0.48955 -0.20265 0.83884 -0.35817 -0.77928 0.25776 0.86524 0.076731 -0.85541 -0.15899 0.874 -0.11811 -0.87963 0.018801 0.85559
0.0073193 -0.004764 -0.0069124 0.0048197 0.0089735 -0.060205 -0.0070375 0.070443 0.045241 0.031789 0.19634 0.085597 -0.012883 -0.046904 -0.29463 0.39338 -0.29217 0.16889 0.14775 -0.25903 -0.0078881 0.67404 0.34874 -0.77932 0.41997 0.027986 -0.43092 0.68016 -0.75252 0.70344 -0.48718 0.090544 0.38421 -0.75501 0.81751 -0.27431 -0.6751 0.6271 0.64473 -0.4252 -0.85307 -0.033391 0.8572 0.23909 -0.85733 -0.076306 0.86316 0.27962 -0.70267
0.011844 -0.0051336 -0.0014551 -0.037101 0.036823 -0.045195 -0.0040109 -0.093146 0.021494 -0.1114 0.0086446 -0.10942 0.027566 0.17457 -0.08276 0.29836 -0.51623 0.35391 0.097612 -0.13322 0.3362 0.75391 -0.37595 -0.40559 0.75787 -0.8118 0.74833 -0.63557 0.62735 -0.76387 0.83881 -0.62957 0.12079 0.47802 -0.85141 0.51431 0.5448 -0.70779 -0.61739 0.4088 0.87515 0.18266 -0.78961 -0.4846 0.73011 0.43335 -0.67629 -0.67466 0.28241
-0.0073983 -0.008275 0.020808 0.0086631 0.021014 -0.013865 0.05139 -0.12356 0.02393 -0.11279 -0.10215 0.064963 -0.058557 -0.11542 0.33116 -0.017237 -0.53405 0.37697 0.29471 0.2941 0.74736 0.17565 -0.78696 0.6792 -0.38 0.19611 -0.030816 -0.07356 -0.020104 0.36177 -0.75097 0.82612 -0.41796 -0.27774 0.82724 -0.57368 -0.55115 0.66699 0.71416 -0.21884 -0.87647 -0.48482 0.55118 0.78403 -0.36018 -0.8018 0.18117 0.89994 0.38152
0.0014926 0.0091681 0.013805 0.0063833 0.028616 0.017672 -0.069163 -0.11267 -0.025716 0.20165 0.069703 0.0013925 -0.010201 -0.28057 0.44706 -0.16735 -0.57393 0.22668 0.60612 0.73616 0.4464 -0.75923 0.24415 0.27508 -0.51669 0.57061 -0.606 0.60154 -0.44597 0.013903 0.57661 -0.86232 0.52275 0.2419 -0.84384 0.49017 0.68396 -0.48394 -0.85619 -0.15241 0.71043 0.80682 -0.05308 -0.88869 -0.26725 0.85512 0.51943 -0.59314 -0.88413
-0.0091603 0.010192 0.0074197 -0.053044 -0.00029465 -0.062079 -0.135 -0.05024 0.055938 -0.21284 0.048481 -0.011423 0.14328 -0.22184 0.45975 -0.10697 -0.58709 -0.18277 0.51884 0.33377 -0.64331 -0.1609 0.66358 -0.82601 0.84439 -0.84347 0.83721 -0.81152 0.67039 -0.21253 -0.49557 0.86958 -0.4803 -0.36916 0.87842 -0.2426 -0.85105 0.10396 0.86874 0.62013 -0.23717 -0.86908 -0.5852 0.50675 0.83193 -0.30397 -0.90574 -0.26145 0.61743
-0.011787 0.005261 -0.010987 -0.0021421 0.033662 0.054253 -0.1214 0.048684 -0.065458 0.16586 -0.12109 0.017632 0.18683 -0.16555 0.51347 0.18551 -0.28663 -0.579 -0.32875 -0.71802 -0.31701 0.8142 -0.8118 0.70445 -0.69739 0.78521 -0.84186 0.85914 -0.74218 0.23769 0.54925 -0.8654 0.28574 0.61331 -0.81725 -0.18314 0.86572 0.43514 -0.53679 -0.901 -0.4608 0.3953 0.90613 0.32317 -0.74695 -0.58942 0.41208 0.90316 0.38265
0.0081972 0.00094356 -0.010005 0.013874 -0.063863 0.084336 0.011976 0.0055831 0.10886 0.035743 -0.019836 -0.033447 0.18301 -0.22215 0.53449 0.57774 0.41489 -0.17386 -0.5931 -0.083972 0.82762 -0.68543 0.45865 -0.34836 0.44368 -0.66508 0.81162 -0.86851 0.72051 -0.10303 -0.70638 0.77581 0.079994 -0.84678 0.50664 0.67104 -0.5116 -0.86407 -0.17212 0.61713 0.90344 0.46576 -0.42698 -0.90616 -0.14982 0.86681 0.61929 -0.40559 -0.90729
-0.0069988 -0.0044882 -0.0030522 0.058326 0.025314 0.06347 0.11227 -0.012936 -0.17251 -0.19351 0.028168 -0.097395 0.2221 -0.38647 0.25525 0.4881 0.58973 0.6196 0.59155 0.73144 -0.64126 0.24395 -0.062107 0.061047 -0.28064 0.6197 -0.82674 0.86545 -0.59051 -0.18565 0.8643 -0.48288 -0.55102 0.83821 0.10158 -0.896 -0.21748 0.743 0.83117 0.24023 -0.51524 -0.90893 -0.56956 0.42922 0.9038 0.024506 -0.80484 -0.72218 0.018287
0.010603 0.0039667 -0.027138 -0.058493 0.048727 0.028516 -0.051108 0.028844 0.066382 -0.089378 0.0062435 -0.1398 0.31617 -0.47247 -0.39287 -0.38794 -0.44079 -0.13108 0.020692 -0.78549 0.22022 0.1319 -0.19 0.072021 0.26176 -0.67895 0.87347 -0.79234 0.29519 0.57127 -0.83878 -0.06356 0.87984 -0.37632 -0.74069 0.50221 0.8528 0.064345 -0.71843 -0.90151 -0.50169 0.23764 0.85557 0.67529 -0.33983 -0.90649 -0.31966 0.64668 0.9201
-0.0088906 -0.015899 -0.004686 0.027147 0.017705 0.022087 0.0049583 -0.090212 0.20462 0.031503 -0.031055 -0.13714 0.34437 -0.12466 -0.56099 -0.52604 -0.3609 -0.45929 -0.53453 0.52952 0.1201 -0.34079 0.28063 -0.0497 -0.38403 0.80483 -0.86391 0.54452 0.18133 -0.86868 0.44358 0.67601 -0.70662 -0.41853 0.8406 0.39099 -0.67519 -0.85777 -0.26105 0.44015 0.87846 0.80492 0.1576 -0.727 -0.80857 0.21955 0.88109 0.64761 -0.076822
0.01447 0.0082915 0.014213 0.014967 -0.021819 -0.012367 0.02839 0.093519 0.046989 0.064854 -0.076078 -0.026921 0.072 0.49811 0.39309 0.65022 0.74362 0.68401 0.75244 -0.25987 -0.30189 0.39817 -0.22567 -0.11936 0.60988 -0.89258 0.66209 -0.056165 -0.69435 0.78306 0.28186 -0.88672 -0.060988 0.90404 -0.094115 -0.90992 -0.32903 0.57562 0.92009 0.68739 0.1014 -0.55697 -0.92253 -0.51913 0.47149 0.89699 0.30563 -0.61953 -0.92984
0.0060549 -0.0032865 0.03194 0.042649 -0.052461 -0.045499 -0.086514 0.11673 -0.10719 0.044666 -0.11632 0.20948 -0.39877 0.23579 0.40308 -0.092699 -0.60278 -0.62297 -0.78494 0.10203 0.33842 -0.32148 0.027349 0.4121 -0.83868 0.77806 -0.17314 -0.55455 0.89382 -0.15431 -0.86561 0.32257 0.82868 -0.42326 -0.80912 0.2691 0.91584 0.57196 -0.15149 -0.70415 -0.92462 -0.70382 -0.041845 0.76155 0.82049 -0.14647 -0.83672 -0.77408 -0.16936
-0.019534 -0.0060784 -0.0076595 -0.014795 0.038782 0.073847 0.072196 -0.055413 -0.16781 -0.00078675 -0.081618 0.31313 -0.23926 -0.60763 -0.71956 -0.46317 0.26936 0.4784 0.76863 -0.081657 -0.24148 0.10511 0.30311 -0.74105 0.88514 -0.32576 -0.48941 0.90255 -0.45152 -0.66784 0.65691 0.62895 -0.65793 -0.62706 0.62649 0.79327 -0.07733 -0.79593 -0.89597 -0.56406 -0.0012953 0.58471 0.92505 0.60223 -0.32871 -0.92886 -0.55155 0.342 0.85234
0.020434 -0.0011417 -0.018231 -0.025437 0.048506 -0.04952 0.14311 -0.17396 -0.16602 -0.042073 0.099131 -0.080346 0.48749 0.21914 0.4739 0.73931 0.018699 -0.37576 -0.77504 0.19508 0.0068751 0.24704 -0.68459 0.91246 -0.5511 -0.37865 0.90234 -0.56344 -0.44456 0.85646 0.32014 -0.83634 -0.41828 0.79513 0.54064 -0.56767 -0.91169 -0.43119 0.24569 0.72246 0.92818 0.77689 0.21921 -0.60418 -0.92037 -0.20481 0.58995 0.9313 0.6241
-0.0052662 0.0063179 0.039327 -0.0049498 -0.072758 -0.042896 -0.070123 -0.20649 -0.11595 -0.021301 0.23942 -0.39474 -0.038901 0.33669 -0.050382 -0.79919 -0.18602 0.36203 0.81111 -0.42321 0.34967 -0.65588 0.91621 -0.68486 -0.15878 0.88927 -0.58651 -0.35131 0.91118 -0.016438 -0.91642 -0.14716 0.88452 0.33223 -0.79619 -0.69265 0.17797 0.81266 0.91264 0.65779 0.18724 -0.37425 -0.84656 -0.8346 -0.089141 0.81458 0.87302 0.22812 -0.43056
-0.0077617 0.00018589 -0.0093714 -0.029175 0.054339 0.11808 -0.22544 -0.20961 -0.010818 0.072642 -0.041977 0.24451 -0.44974 -0.64798 -0.29274 0.77895 0.2309 -0.44224 -0.83003 0.70347 -0.73061 0.91534 -0.73451 -0.001048 0.82265 -0.65091 -0.35038 0.91676 -0.2457 -0.87949 0.16364 0.92107 0.14171 -0.88177 -0.4445 0.59959 0.92356 0.53223 -0.06405 -0.54227 -0.8594 -0.92026 -0.60655 0.16555 0.8573 0.70869 0.0051745 -0.75152 -0.93989
0.0063321 -0.0065908 0.012949 -0.01576 -0.016785 -0.015626 -0.24372 -0.20568 0.11222 0.065645 -0.30936 0.23096 0.60032 0.70134 0.4962 -0.76833 -0.15954 0.59164 0.74106 -0.89443 0.92032 -0.7521 0.055914 0.75355 -0.77931 -0.29191 0.92094 -0.30305 -0.79536 0.44176 0.87661 -0.092343 -0.91891 -0.27612 0.79044 0.75822 -0.0056945 -0.67081 -0.92861 -0.86877 -0.5822 -0.10972 0.48516 0.92682 0.67162 -0.28404 -0.8529 -0.83755 -0.38433
0.014658 -0.0014758 0.031241 0.09858 -0.018566 -0.075106 -0.22011 -0.16896 0.13294 -0.13368 0.2182 -0.50442 -0.47717 -0.63384 -0.58695 0.7973 -0.02961 -0.74348 -0.44532 0.79371 -0.66877 0.075555 0.73107 -0.84859 -0.11408 0.92463 -0.2702 -0.7772 0.59833 0.75568 -0.35099 -0.92074 -0.13107 0.86326 0.57319 -0.41427 -0.92075 -0.78868 -0.35866 0.08685 0.51283 0.83771 0.92915 0.51788 -0.31696 -0.92966 -0.74541 -0.024941 0.55548
-0.018408 -0.002875 0.03419 -0.090612 -0.015004 -0.020541 -0.21661 -0.059765 -0.0023631 -0.06133 0.14811 0.46559 0.26519 0.56142 0.59339 -0.84618 0.32442 0.77811 -0.074896 -0.27546 -0.052187 0.7235 -0.87168 0.0093645 0.90663 -0.30428 -0.80719 0.61791 0.64333 -0.57324 -0.86215 0.060683 0.90388 0.45866 -0.61988 -0.90572 -0.39789 0.26577 0.71384 0.91109 0.92269 0.72228 0.2506 -0.47997 -0.93493 -0.57198 0.12343 0.79377 0.94508
0.0098657 0.0076916 0.022619 0.058646 0.076655 0.025655 -0.23034 0.093012 -0.082639 0.23141 -0.40795 -0.26323 -0.086121 -0.5429 -0.51547 0.8507 -0.65602 -0.55751 0.64078 -0.48227 0.7954 -0.87969 0.045471 0.87877 -0.45569 -0.79969 0.57032 0.63937 -0.68833 -0.74756 0.28692 0.93121 0.3612 -0.70481 -0.82432 -0.027011 0.69171 0.94101 0.83202 0.57561 0.21335 -0.22553 -0.69244 -0.94665 -0.58398 0.33983 0.8555 0.87055 0.4966
0.015662 0.0032092 -0.0087528 -0.031 0.05406 0.037488 -0.21092 0.14293 0.017986 -0.15889 0.43634 0.048036 -0.013459 0.5939 0.32859 -0.71349 0.86571 0.039944 -0.86981 0.924 -0.8263 0.05988 0.87386 -0.55304 -0.71372 0.58317 0.69554 -0.68778 -0.65327 0.49219 0.92006 0.21165 -0.76331 -0.77262 0.18302 0.87893 0.84327 0.40673 -0.065226 -0.42458 -0.72054 -0.91329 -0.90589 -0.47181 0.31085 0.92179 0.82283 0.21376 -0.3424
0.00066101 0.011858 0.028733 -0.0071061 -0.05594 0.04242 -0.10314 0.010553 0.010709 -0.065641 -0.31432 0.10777 0.02282 -0.69737 -0.011605 0.35031 -0.74358 0.57038 0.44476 -0.52334 -0.058896 0.87045 -0.58289 -0.64387 0.69664 0.69559 -0.62888 -0.66637 0.59904 0.86169 0.012256 -0.8388 -0.72784 0.26706 0.92822 0.63051 -0.051944 -0.59929 -0.87244 -0.94688 -0.8907 -0.68222 -0.25478 0.42184 0.91286 0.71531 0.12637 -0.59236 -0.90326
-0.0019533 0.0013952 0.023081 0.01706 -0.11757 0.067952 0.056739 -0.090462 -0.012343 0.26957 0.15541 -0.18636 0.060462 0.80018 -0.40315 0.21477 0.19249 -0.82359 0.4229 -0.4716 0.90768 -0.59983 -0.62546 0.76797 0.59387 -0.63038 -0.73219 0.5817 0.80673 -0.18818 -0.908 -0.64027 0.32783 0.93744 0.48616 -0.37487 -0.87194 -0.92896 -0.74939 -0.50973 -0.20341 0.16994 0.60548 0.93839 0.76087 -0.042539 -0.64681 -0.95127 -0.8236
0.019867 0.02375 -0.042267 0.076001 -0.11897 0.1221 0.11278 -0.0095516 0.044957 -0.37443 -0.028722 0.18658 -0.23388 -0.80889 0.77778 -0.7541 0.54978 0.37343 -0.89281 0.92729 -0.51353 -0.60947 0.79316 0.51287 -0.73297 -0.73981 0.50041 0.82578 -0.29681 -0.94108 -0.50011 0.43736 0.94134 0.43519 -0.52205 -0.94197 -0.74422 -0.30468 0.10079 0.39223 0.64951 0.85764 0.95105 0.70783 0.041129 -0.75041 -0.95143 -0.66633 -0.21751
0.021208 0.0067348 0.017965 -0.088209 -0.10065 0.16674 0.022814 0.036461 -0.092708 0.39457 -0.038313 -0.10444 0.47314 0.61205 -0.87464 0.87922 -0.90097 0.48908 0.30764 -0.12207 -0.68004 0.81165 0.48644 -0.79966 -0.64861 0.49326 0.87497 -0.25969 -0.94129 -0.33776 0.58083 0.939 0.39989 -0.56171 -0.93933 -0.51439 0.12147 0.5957 0.84134 0.93474 0.94557 0.85017 0.56712 -0.031493 -0.68903 -0.93746 -0.63582 0.023245 0.50154
-0.026162 -0.0066784 0.016855 -0.11999 -0.082091 0.10838 -0.016777 0.022286 0.11781 -0.37707 0.036698 -0.065977 -0.70579 -0.15538 0.49579 -0.34461 0.40825 -0.83276 0.71449 -0.8893 0.76072 0.45683 -0.8268 -0.57127 0.61041 0.88376 -0.15105 -0.94577 -0.24429 0.71049 0.91195 0.30825 -0.58667 -0.93597 -0.38755 0.40538 0.85669 0.95054 0.85636 0.71248 0.50717 0.21704 -0.20708 -0.73082 -0.95374 -0.53624 0.051508 0.68076 0.92341
0.016838 -0.022417 -0.046406 -0.0042424 -0.057176 -0.088618 -0.022098 -0.044964 -0.10926 0.36305 0.038854 0.31451 0.79988 -0.44531 0.2616 -0.53879 0.5608 0.11302 -0.71199 0.46107 0.52278 -0.85064 -0.53984 0.69349 0.82824 -0.1363 -0.94265 -0.29321 0.7684 0.85527 0.15977 -0.65697 -0.93415 -0.36246 0.52329 0.93831 0.83615 0.51515 0.19875 -0.038572 -0.28394 -0.54917 -0.82587 -0.95262 -0.6363 0.16482 0.69171 0.9564 0.85867
-0.028001 -0.025349 0.039829 0.071759 -0.01529 -0.21125 -0.068831 -0.0059384 0.080014 -0.37702 -0.18971 -0.58615 -0.60739 0.85525 -0.86934 0.92059 -0.88214 0.79508 -0.43491 0.78776 -0.81662 -0.49815 0.73209 0.77246 -0.2757 -0.94441 -0.40411 0.7382 0.81344 -0.0033033 -0.7567 -0.91842 -0.35037 0.54006 0.9492 0.66522 0.14222 -0.30578 -0.58892 -0.74459 -0.86601 -0.94543 -0.92389 -0.61056 0.030305 0.75835 0.95641 0.74841 0.38455
0.030506 -0.0036048 0.020584 0.067018 0.026951 -0.00078857 0.12378 0.088229 -0.049054 0.4273 0.39937 0.7611 0.087096 -0.69207 0.69837 -0.25214 0.012637 -0.49433 0.85109 -0.56502 -0.54368 0.77232 0.74412 -0.38579 -0.95809 -0.42054 0.65944 0.84377 -0.087898 -0.84428 -0.87448 -0.27702 0.54635 0.95045 0.57583 -0.12815 -0.64305 -0.88844 -0.95536 -0.94777 -0.89402 -0.76833 -0.49247 0.056201 0.66346 0.9548 0.75221 0.19886 -0.24805
-0.0029474 -0.029219 -0.046593 0.024358 0.012992 0.21419 -0.02266 -0.15733 0.032017 -0.50524 -0.61202 -0.68153 0.55041 -0.068475 0.23096 -0.76836 0.90124 -0.64296 0.29928 -0.78721 0.74543 0.6998 -0.4451 -0.95438 -0.28676 0.65052 0.89542 -0.029592 -0.879 -0.80414 -0.14315 0.60555 0.95182 0.57225 -0.23779 -0.80898 -0.95789 -0.86226 -0.70296 -0.56852 -0.40107 -0.16823 0.19005 0.67685 0.95542 0.698 0.21465 -0.42173 -0.75985
-0.038663 0.009175 -0.0014713 -0.024275 -0.073863 -0.044137 -0.15758 0.19874 -0.040428 0.58027 0.72091 0.25846 -0.85242 0.81496 -0.92626 0.7351 -0.38472 0.64847 -0.87489 0.48792 0.71953 -0.51597 -0.94926 -0.1668 0.75569 0.90367 0.091194 -0.857 -0.75854 0.0089755 0.70413 0.95134 0.57691 -0.2375 -0.86012 -0.9144 -0.63497 -0.29647 -0.036991 0.12516 0.29764 0.504 0.76028 0.95858 0.80309 0.14211 -0.3987 -0.85478 -0.962
-0.027751 0.010987 -0.019079 -0.063532 -0.090644 -0.16481 0.2938 -0.22067 0.082999 -0.59615 -0.59667 0.3737 0.45646 -0.71301 0.4228 0.42777 -0.80577 0.58198 -0.35271 0.88659 -0.50162 -0.92883 -0.091049 0.83401 0.84596 0.10382 -0.79966 -0.79619 0.087065 0.79865 0.9354 0.5254 -0.22859 -0.85857 -0.88127 -0.42466 0.071632 0.42957 0.63329 0.73478 0.82711 0.91371 0.96169 0.80548 0.31155 -0.45719 -0.83856 -0.95278 -0.80878
-0.00411 0.0080686 -0.033924 -0.07029 0.082533 0.14977 -0.33488 0.23871 -0.1639 0.48137 0.17914 -0.8077 0.41078 -0.26078 0.70618 -0.90805 0.5308 -0.655 0.8207 -0.21964 -0.92923 0.010036 0.88052 0.77691 -0.053654 -0.79708 -0.85847 0.026695 0.83858 0.8962 0.41481 -0.28782 -0.85368 -0.88621 -0.33786 0.31171 0.72003 0.90187 0.95538 0.96211 0.94871 0.89644 0.73854 0.32009 -0.29166 -0.86504 -0.95763 -0.71086 -0.3845
-0.017174 -0.029673 0.0081111 -0.0097852 0.14172 -0.0063306 0.29997 -0.26614 0.27576 -0.18834 0.39857 0.61117 -0.88241 0.92508 -0.76216 -0.20546 0.7796 -0.65561 0.56657 -0.96885 0.02092 0.92549 0.72236 -0.19648 -0.88064 -0.86448 -0.091061 0.81054 0.8661 0.27836 -0.40619 -0.87987 -0.89363 -0.35168 0.39598 0.85307 0.96279 0.89772 0.80032 0.73316 0.64307 0.4966 0.21933 -0.27787 -0.76961 -0.95095 -0.74292 -0.23975 0.15082
-0.016402 0.028186 0.055463 0.11578 -0.13258 -0.095989 -0.23336 0.30937 -0.3889 -0.24045 -0.77793 0.17909 0.31124 -0.26835 -0.45452 0.94796 -0.50289 0.52454 -0.61988 -0.24645 0.93288 0.63519 -0.29835 -0.93692 -0.78198 -0.094634 0.74494 0.89255 0.20381 -0.53521 -0.92346 -0.87361 -0.37071 0.38004 0.88945 0.92498 0.70996 0.45923 0.28019 0.18772 0.075391 -0.092075 -0.37055 -0.75824 -0.9643 -0.7138 -0.2934 0.29327 0.62655
-0.046841 -0.009099 0.071575 0.19697 -0.09732 0.10274 0.17395 -0.36435 0.44481 0.622 0.58656 -0.83111 0.69697 -0.82606 0.88131 0.17334 -0.85276 0.81314 -0.83698 0.82271 0.60458 -0.42557 -0.9675 -0.68314 0.078593 0.74781 0.93085 0.2607 -0.59784 -0.95497 -0.81712 -0.32078 0.35971 0.88239 0.89983 0.52982 0.12386 -0.17735 -0.34837 -0.42154 -0.50761 -0.63104 -0.8118 -0.96477 -0.83544 -0.25684 0.23337 0.72643 0.91365
-0.018708 0.010464 0.05921 0.085741 0.20966 -0.049929 -0.14742 0.4122 -0.36919 -0.68313 0.14714 0.54112 -0.73985 0.56294 0.34572 -0.94187 0.30423 -0.21153 0.1804 0.76848 -0.47323 -0.98179 -0.59529 0.24238 0.85182 0.93261 0.36596 -0.5547 -0.96142 -0.73268 -0.20284 0.40878 0.87351 0.90867 0.46115 -0.10666 -0.50378 -0.72254 -0.81954 -0.85193 -0.88786 -0.93295 -0.96698 -0.85344 -0.45064 0.2646 0.67961 0.94883 0.95217
0.03985 -0.038641 0.030547 -0.13338 -0.10382 -0.012691 0.16933 -0.41666 0.11903 0.26701 -0.78781 0.46101 -0.36055 0.70538 -0.89801 -0.32455 0.95013 -0.91086 0.9393 -0.26877 -0.97939 -0.46209 0.37012 0.92574 0.87105 0.35838 -0.465 -0.96063 -0.67831 -0.057336 0.51738 0.89534 0.91792 0.4839 -0.18381 -0.6805 -0.90314 -0.96368 -0.96508 -0.96045 -0.94912 -0.9166 -0.81035 -0.4849 0.055772 0.69843 0.93164 0.92062 0.75359
0.015917 0.011282 -0.0037271 -0.13451 -0.070748 0.058577 -0.24796 0.33057 0.24647 0.41187 0.58835 -0.85912 0.89313 -0.66727 -0.41011 0.86095 0.083224 -0.28692 0.45126 -0.96809 -0.38708 0.52461 0.96744 0.7804 0.17534 -0.47892 -0.94739 -0.71603 0.024212 0.63729 0.93486 0.90281 0.50799 -0.15711 -0.73234 -0.95515 -0.93294 -0.83371 -0.75879 -0.73595 -0.69737 -0.61333 -0.4148 0.013324 0.53386 0.93705 0.94159 0.66963 0.38437
-0.053162 0.037065 -0.025391 0.0691 0.17189 -0.084464 0.38189 -0.12035 -0.52964 -0.77308 0.3453 -0.023095 0.13005 -0.68799 0.83402 0.61339 -0.90527 0.72848 -0.59699 -0.54814 0.60464 0.98521 0.6846 -0.012939 -0.64317 -0.95403 -0.78112 -0.024525 0.69758 0.96261 0.85399 0.46476 -0.12924 -0.71411 -0.96251 -0.84536 -0.61148 -0.40904 -0.2995 -0.27845 -0.23621 -0.13649 0.087917 0.49531 0.86154 0.93697 0.72703 0.272 -0.059712
0.029924 -0.0062332 -0.0058433 0.07937 -0.17414 0.09906 -0.551 -0.19131 0.4821 0.36577 -0.86329 0.89453 -0.9299 0.63309 0.6185 -0.60199 -0.59108 0.78772 -0.92631 0.46152 0.97735 0.53149 -0.17554 -0.78141 -0.97474 -0.76856 -0.12041 0.66727 0.96675 0.77551 0.353 -0.17988 -0.69513 -0.96137 -0.80837 -0.42258 -0.080948 0.14323 0.24468 0.25293 0.28242 0.36649 0.55461 0.83891 0.97061 0.71761 0.35471 -0.17406 -0.47995
-0.03733 0.017578 0.062764 -0.025359 0.12281 -0.11423 0.70489 0.48767 -0.035682 0.48688 0.15987 -0.25863 -0.069038 0.78483 -0.62684 -0.90768 0.52464 -0.12798 -0.21012 0.98144 0.41978 -0.3775 -0.87876 -0.95247 -0.62427 -0.090662 0.59935 0.96855 0.71948 0.20777 -0.30166 -0.73092 -0.95947 -0.82546 -0.35729 0.1392 0.46404 0.63664 0.70154 0.69831 0.71052 0.76065 0.87027 0.97212 0.85332 0.34531 -0.083326 -0.57333 -0.79557
0.012993 0.043808 0.11755 -0.034979 -0.066944 0.14065 -0.75948 -0.57689 -0.49965 -0.78773 0.81569 -0.85776 0.93807 -0.45195 -0.87457 0.083603 0.95299 -0.88569 0.72157 0.53546 -0.50477 -0.9588 -0.89897 -0.44754 0.12884 0.62895 0.96263 0.74714 0.11805 -0.44506 -0.80869 -0.96562 -0.84115 -0.38632 0.20885 0.64142 0.84934 0.92684 0.94664 0.94247 0.94336 0.95619 0.97149 0.88117 0.55328 -0.089702 -0.49367 -0.85235 -0.95629
-0.037293 0.01885 0.060844 -0.036551 0.031851 -0.18529 0.61849 0.31307 0.58608 0.045598 -0.48426 0.36547 0.17662 -0.92765 0.19813 0.9537 0.20743 -0.64878 0.91072 -0.39938 -0.98454 -0.77936 -0.26927 0.34706 0.78694 0.97016 0.79886 0.15336 -0.52629 -0.88607 -0.96685 -0.81516 -0.41318 0.17835 0.69249 0.92984 0.97156 0.94667 0.92977 0.93781 0.93861 0.92245 0.8522 0.60324 0.14688 -0.49624 -0.80043 -0.96962 -0.9461
0.049245 -0.014635 -0.069844 0.12047 -0.021907 0.24801 -0.2325 0.22021 -0.024965 0.79811 -0.69619 0.86002 -0.90817 0.087717 0.9795 0.58525 -0.77223 0.27289 0.22178 -0.96812 -0.66206 -0.024845 0.53291 0.906 0.9685 0.77272 0.23008 -0.50119 -0.92115 -0.94504 -0.7393 -0.36446 0.15035 0.67089 0.94721 0.93436 0.81598 0.71141 0.67532 0.70456 0.71565 0.68466 0.55489 0.20956 -0.27815 -0.80026 -0.95644 -0.91747 -0.78005
-0.044463 -0.020018 -0.082933 -0.087979 0.031411 -0.31624 -0.31907 -0.64066 -0.61636 -0.44682 0.63215 -0.31746 -0.43078 0.96599 0.4154 -0.4982 -0.88385 0.90977 -0.66004 -0.71948 0.16142 0.73311 0.97332 0.90891 0.60563 0.17783 -0.43837 -0.91488 -0.91668 -0.62636 -0.23989 0.20477 0.65113 0.94115 0.91401 0.67501 0.44539 0.30051 0.26323 0.3142 0.34044 0.30863 0.15325 -0.21488 -0.64164 -0.95565 -0.94673 -0.71748 -0.49626
0.032057 -0.00088729 0.020649 -0.049257 -0.051958 0.35999 0.78574 0.5149 0.49638 -0.64846 0.6434 -0.91349 0.75613 0.43003 -0.68494 -0.98751 -0.061185 0.66852 -0.95617 0.095406 0.85268 0.98659 0.80476 0.3929 -0.070728 -0.49248 -0.89138 -0.92681 -0.54348 -0.078116 0.3337 0.69288 0.93521 0.92462 0.62358 0.24105 -0.029707 -0.17331 -0.19961 -0.13566 -0.096882 -0.11992 -0.26796 -0.58999 -0.88448 -0.94755 -0.78546 -0.41192 -0.14601
0.019011 0.022711 0.020284 0.20044 0.074663 -0.33352 -0.83664 0.15229 0.33386 0.659 -0.65316 0.11405 0.75491 -0.70182 -0.92429 -0.37188 0.81237 -0.1784 -0.45876 0.82433 0.94228 0.60858 0.168 -0.32578 -0.69779 -0.91858 -0.94608 -0.56067 0.029192 0.48622 0.78233 0.95039 0.93306 0.64697 0.17284 -0.24414 -0.48671 -0.59651 -0.60821 -0.54684 -0.50475 -0.51568 -0.63082 -0.85432 -0.97531 -0.78952 -0.50869 -0.05363 0.21623
-0.050111 0.031912 0.007227 -0.29473 -0.089324 0.19259 0.31462 -0.71004 -0.71372 0.52643 -0.6959 0.95182 -0.37852 -0.89377 -0.067333 0.63046 0.89719 -0.85998 0.39118 0.94966 0.41142 -0.12959 -0.54979 -0.8623 -0.97874 -0.92773 -0.60772 0.014764 0.57906 0.87301 0.97105 0.91608 0.66592 0.20188 -0.31165 -0.65956 -0.82209 -0.88048 -0.88174 -0.84087 -0.80839 -0.80981 -0.87715 -0.97251 -0.91106 -0.51661 -0.16519 0.30352 0.54103
-0.02015 0.016226 0.049418 0.31568 0.083133 0.068294 0.50016 0.44935 -0.02552 -0.74025 0.55711 0.24206 -0.96598 0.048746 0.85581 0.98263 0.16346 -0.82319 0.93549 0.42517 -0.36652 -0.7791 -0.96238 -0.9659 -0.80954 -0.54494 -0.037188 0.57266 0.91784 0.96948 0.86082 0.62056 0.22504 -0.28477 -0.71013 -0.91487 -0.97156 -0.97651 -0.9761 -0.97108 -0.96103 -0.9594 -0.97521 -0.93677 -0.71273 -0.17642 0.1928 0.61234 0.78985
0.058447 -0.01581 -0.095244 -0.28414 -0.041535 -0.37297 -0.94117 0.41931 0.75957 -0.50861 0.82699 -0.84501 -0.22896 0.92404 0.84654 0.38331 -0.7016 -0.14012 0.80551 -0.3659 -0.91191 -0.9904 -0.88218 -0.61766 -0.29421 0.048779 0.53541 0.91866 0.94905 0.76623 0.50455 0.16285 -0.26384 -0.69171 -0.93703 -0.96581 -0.91748 -0.87919 -0.88651 -0.92603 -0.94758 -0.95061 -0.92049 -0.76357 -0.41826 0.17974 0.51737 0.83755 0.93816
0.057597 -0.032154 0.0030857 0.23111 -0.046325 0.55593 0.50448 -0.75724 -0.18117 0.73153 -0.31347 -0.67305 0.80315 0.72334 -0.032138 -0.55978 -0.97317 0.6383 0.13166 -0.9164 -0.93075 -0.68251 -0.38074 -0.002715 0.33152 0.61166 0.90552 0.95195 0.6842 0.3436 0.017484 -0.32703 -0.67776 -0.93046 -0.95479 -0.81626 -0.6849 -0.62043 -0.64199 -0.72585 -0.78208 -0.7961 -0.73201 -0.4872 -0.074369 0.50454 0.77055 0.95825 0.97618
-0.020751 -0.0098157 0.14219 -0.18139 0.17646 -0.43996 0.48823 -0.013808 -0.75706 0.60489 -0.94611 0.45714 0.82449 -0.2735 -0.86756 -0.99837 -0.47246 0.94994 -0.61615 -0.91698 -0.4473 -0.042561 0.28454 0.60101 0.81486 0.94059 0.96115 0.68328 0.22225 -0.16551 -0.46373 -0.72596 -0.92556 -0.96019 -0.7743 -0.50973 -0.32987 -0.25762 -0.29484 -0.41376 -0.50071 -0.52887 -0.44568 -0.15211 0.27118 0.76016 0.92746 0.96818 0.90761
-0.064747 0.010587 -0.18904 0.14924 -0.31633 -0.0018067 -0.9702 0.80343 0.26505 -0.62177 -0.098541 0.96029 -0.13949 -0.97089 -0.87903 -0.59491 0.37633 0.61028 -0.97196 -0.40253 0.25684 0.60497 0.81286 0.95103 0.98477 0.93703 0.70547 0.21426 -0.29272 -0.62009 -0.81942 -0.94644 -0.96373 -0.78908 -0.445 -0.11464 0.075841 0.14057 0.091848 -0.045484 -0.15277 -0.19417 -0.10664 0.19474 0.57597 0.92145 0.97718 0.87404 0.74709
-0.07353 -0.038111 0.10573 -0.13986 0.39897 0.515 0.27742 -0.29492 0.7763 -0.77774 0.89751 0.20843 -0.93572 -0.68164 -0.104 0.27777 0.94117 -0.12082 -0.75059 0.31803 0.8216 0.96755 0.99371 0.92966 0.80153 0.62428 0.2381 -0.30659 -0.71831 -0.90886 -0.97356 -0.95126 -0.79848 -0.46495 -0.039214 0.29227 0.45989 0.50748 0.456 0.32126 0.20862 0.15877 0.23832 0.5103 0.80728 0.97693 0.92185 0.69279 0.51693
-0.083604 -0.0974 0.028328 0.15198 -0.34149 -0.65973 0.80367 -0.7489 -0.22883 0.36449 0.60253 -0.79937 -0.70143 0.26088 0.7485 0.92479 0.85082 -0.76596 -0.11197 0.86268 0.99131 0.90765 0.77803 0.56904 0.35057 0.12142 -0.28952 -0.73282 -0.95109 -0.97331 -0.90473 -0.75386 -0.47676 -0.059749 0.36489 0.64084 0.76162 0.78883 0.74589 0.63547 0.53452 0.48393 0.54696 0.76011 0.94445 0.92797 0.77435 0.44821 0.24361
-0.034329 -0.021953 -0.12611 -0.17947 0.098543 0.19902 -0.78769 0.46637 -0.82645 0.92922 -0.52207 -0.84437 0.26435 0.95086 0.97634 0.88684 0.20389 -0.94751 0.57572 0.9762 0.71527 0.47702 0.27303 0.017237 -0.20459 -0.40772 -0.72546 -0.95903 -0.94675 -0.81347 -0.64261 -0.40788 -0.070742 0.34766 0.69812 0.87834 0.94004 0.94915 0.92612 0.85898 0.78606 0.74385 0.78607 0.921 0.97936 0.78664 0.55532 0.16749 -0.045335
-0.038709 0.095616 0.15369 0.21218 0.26664 0.51996 -0.39761 0.71113 0.066415 0.066971 -0.95335 0.078275 0.95494 0.79315 0.43746 0.23093 -0.56024 -0.58996 0.95705 0.63259 0.13961 -0.13183 -0.32036 -0.52934 -0.68555 -0.8094 -0.95899 -0.94171 -0.72181 -0.47913 -0.25397 0.0097379 0.33968 0.68666 0.91065 0.97533 0.9771 0.97412 0.98003 0.96952 0.9378 0.91292 0.93394 0.98196 0.91535 0.57285 0.28993 -0.12189 -0.32409
-0.057367 0.037376 -0.12497 -0.23729 -0.55381 -0.7329 0.9805 -0.51944 0.86113 -0.89632 -0.17517 0.9072 0.72173 -0.031879 -0.42013 -0.56833 -0.97589 0.081215 0.86381 0.013628 -0.48187 -0.67954 -0.79184 -0.89684 -0.95505 -0.9816 -0.94347 -0.70075 -0.34081 -0.051667 0.17645 0.41692 0.68248 0.90578 0.97721 0.92669 0.87693 0.86932 0.90913 0.9612 0.97888 0.97855 0.98106 0.9435 0.76516 0.31117 0.0048015 -0.3947 -0.57051
-0.044035 -0.034532 0.070925 0.24255 0.51598 0.087123 0.040462 -0.7392 0.22293 -0.5903 0.81159 0.77403 -0.17182 -0.81952 -0.96326 -0.99159 -0.82504 0.69981 0.36831 -0.5996 -0.90386 -0.97387 -0.9937 -0.98471 -0.95048 -0.8938 -0.6986 -0.30541 0.10493 0.37739 0.56505 0.74229 0.90483 0.97825 0.89737 0.74879 0.6619 0.65661 0.7302 0.84279 0.91201 0.94063 0.92934 0.81587 0.54832 0.027865 -0.27461 -0.62986 -0.76749
-0.053281 -0.0053022 -0.016304 -0.22161 -0.073115 0.72287 -1 0.46338 -0.785 0.51888 0.84609 -0.13862 -0.90302 -0.96138 -0.83733 -0.80193 -0.22404 0.96218 -0.28332 -0.9572 -0.98128 -0.92988 -0.8792 -0.78495 -0.69037 -0.58444 -0.29607 0.14837 0.5204 0.72592 0.84466 0.93604 0.979 0.90258 0.69193 0.47401 0.36702 0.36887 0.47097 0.63449 0.75127 0.80971 0.79015 0.61658 0.28823 -0.25176 -0.52608 -0.81156 -0.90354
-0.10075 -0.063251 -0.028284 0.17913 -0.50458 -0.60832 0.1706 0.82789 -0.58767 0.94812 -0.06605 -0.9076 -0.8627 -0.38804 -0.16371 -0.14624 0.48449 0.76447 -0.80238 -0.93515 -0.70772 -0.58292 -0.50254 -0.37112 -0.25779 -0.14154 0.16437 0.56233 0.82651 0.93527 0.97417 0.97519 0.90309 0.6991 0.39691 0.144 0.033508 0.044406 0.16529 0.36406 0.51884 0.60435 0.58193 0.36777 0.009558 -0.50542 -0.73196 -0.92976 -0.9729
-0.13648 0.052116 0.064487 -0.1305 0.70054 -0.38912 0.97753 -0.28268 0.48883 0.18587 -0.89993 -0.82575 -0.12475 0.4526 0.60174 0.5803 0.93723 0.22309 -0.98362 -0.56468 -0.19809 -0.06036 0.011446 0.13327 0.22979 0.32503 0.58079 0.85644 0.97299 0.97756 0.94171 0.86342 0.69763 0.40391 0.056416 -0.19696 -0.29709 -0.27832 -0.15149 0.062732 0.24167 0.34815 0.32734 0.093492 -0.26409 -0.71519 -0.87994 -0.98013 -0.97511
-0.11045 0.095925 -0.10139 0.091782 -0.22141 0.85391 -0.23241 -0.92188 0.87386 -0.79763 -0.79871 -0.0093918 0.70001 0.97185 0.99149 0.98277 0.93047 -0.40656 -0.77567 0.000643 0.36655 0.47025 0.51237 0.594 0.65376 0.71142 0.87076 0.98199 0.94358 0.85608 0.76247 0.62668 0.39938 0.061668 -0.28422 -0.50791 -0.58789 -0.56503 -0.44656 -0.23845 -0.051911 0.06685 0.050716 -0.1826 -0.51196 -0.86839 -0.96321 -0.96354 -0.91428
-0.0115 -0.17948 0.15101 -0.062422 -0.55079 0.016433 -0.97383 -0.039581 0.055737 -0.85164 0.092411 0.80519 0.99188 0.84755 0.80128 0.87226 0.49393 -0.85674 -0.27964 0.55528 0.8059 0.85588 0.86848 0.90115 0.92206 0.94127 0.98527 0.92635 0.7541 0.60038 0.47247 0.30622 0.053943 -0.28152 -0.58433 -0.75552 -0.81015 -0.78873 -0.69265 -0.51166 -0.335 -0.21432 -0.22432 -0.43914 -0.71742 -0.95773 -0.98018 -0.88528 -0.79818
0.11335 0.090126 -0.22432 0.016015 0.76701 -0.89851 0.1586 0.91433 -0.8413 0.043793 0.88666 0.94859 0.57044 0.19337 0.16978 0.33286 -0.15395 -0.95756 0.30858 0.91752 0.99544 0.99897 0.9982 0.99207 0.98592 0.97779 0.91348 0.71026 0.44533 0.25789 0.12032 -0.049328 -0.29157 -0.58408 -0.81205 -0.91685 -0.94522 -0.93143 -0.86991 -0.73444 -0.58434 -0.47269 -0.47669 -0.65844 -0.86859 -0.98114 -0.93387 -0.75405 -0.63718
0.1602 0.057352 0.3268 0.079745 -0.061908 0.25584 0.98569 0.46873 -0.66763 0.88635 0.8619 0.3421 -0.23651 -0.56693 -0.54133 -0.35497 -0.72528 -0.69005 0.77992 0.9845 0.8954 0.87617 0.88351 0.85931 0.8443 0.82551 0.67947 0.37964 0.072902 -0.11575 -0.24155 -0.39157 -0.59476 -0.81344 -0.94683 -0.98039 -0.98511 -0.98473 -0.96675 -0.89097 -0.78183 -0.68972 -0.68915 -0.82729 -0.95857 -0.94114 -0.83104 -0.58093 -0.44328
0.052724 -0.11597 -0.45239 -0.2122 -0.77973 0.87072 0.042326 -0.67414 0.32746 0.80909 0.080007 -0.5156 -0.87564 -0.98721 -0.96361 -0.86949 -0.99103 -0.17333 0.98445 0.7532 0.55044 0.53428 0.56561 0.54468 0.53765 0.52385 0.33324 -0.0055109 -0.30332 -0.46596 -0.5646 -0.67861 -0.82252 -0.94851 -0.98011 -0.94572 -0.93181 -0.94924 -0.97977 -0.97254 -0.9153 -0.85184 -0.84908 -0.93734 -0.98525 -0.84407 -0.68126 -0.3784 -0.22917
-0.11027 0.06685 0.57688 0.28595 0.60972 -0.40073 -0.95994 -0.85881 0.93689 -0.069824 -0.76041 -0.98623 -0.95049 -0.8523 -0.90569 -0.99545 -0.86424 0.39617 0.87212 0.30804 0.066312 0.069265 0.12755 0.12387 0.13431 0.1352 -0.06133 -0.38253 -0.62882 -0.74674 -0.81007 -0.8794 -0.95364 -0.98053 -0.91458 -0.82202 -0.79571 -0.83334 -0.91293 -0.97728 -0.97866 -0.95084 -0.94879 -0.98496 -0.95078 -0.69915 -0.49593 -0.15934 -0.0073457
-0.082276 0.0051115 -0.65407 -0.17153 0.45144 -0.85766 -0.3493 0.1381 0.47907 -0.87437 -0.97268 -0.75982 -0.44544 -0.26463 -0.42176 -0.70174 -0.41472 0.8223 0.49524 -0.21464 -0.4257 -0.40321 -0.32964 -0.31355 -0.28604 -0.26913 -0.43881 -0.69606 -0.86147 -0.92571 -0.95256 -0.97595 -0.97962 -0.91229 -0.76243 -0.62588 -0.59356 -0.65137 -0.77622 -0.9094 -0.97157 -0.98372 -0.98538 -0.97092 -0.86087 -0.51752 -0.28732 0.063731 0.21049
0.15677 -0.013831 0.62143 -0.14357 -0.88604 0.42745 0.81046 0.95274 -0.50441 -0.86822 -0.42174 -0.024937 0.31266 0.44924 0.24491 -0.13034 0.17687 0.97407 -0.020513 -0.67056 -0.80489 -0.77684 -0.7106 -0.68337 -0.64836 -0.62207 -0.74269 -0.90523 -0.97575 -0.9865 -0.98142 -0.96373 -0.90392 -0.75638 -0.54285 -0.37882 -0.3461 -0.42164 -0.58407 -0.77806 -0.89865 -0.95225 -0.96027 -0.89969 -0.72392 -0.31132 -0.067805 0.27929 0.414
0.20229 -0.068456 -0.42199 0.43453 -0.061459 0.8919 0.6912 0.54842 -0.95324 -0.094332 0.43949 0.71558 0.88303 0.92978 0.79337 0.48166 0.69694 0.81895 -0.52163 -0.94628 -0.98864 -0.97686 -0.94426 -0.92188 -0.89464 -0.87111 -0.93274 -0.98747 -0.96388 -0.92865 -0.89996 -0.8503 -0.73997 -0.53256 -0.27934 -0.10466 -0.075792 -0.16442 -0.35363 -0.59602 -0.76856 -0.86214 -0.87859 -0.7787 -0.55023 -0.09285 0.15089 0.47731 0.59453
-0.099116 0.21712 0.043877 -0.36504 0.94568 -0.33875 -0.45909 -0.53165 -0.42991 0.75175 0.97101 0.99924 0.9662 0.96122 1 0.9037 0.97555 0.42029 -0.87281 -0.98381 -0.94654 -0.97172 -0.99452 -0.99465 -0.99146 -0.98455 -0.98873 -0.93925 -0.83454 -0.7656 -0.7233 -0.65303 -0.50857 -0.265 0.0030135 0.17281 0.19523 0.099884 -0.10313 -0.37827 -0.59281 -0.72224 -0.74832 -0.6175 -0.35108 0.12612 0.35818 0.64958 0.7453
-0.13432 -0.38899 0.43668 -0.12606 -0.23848 -0.95882 -0.91954 -0.97615 0.51387 0.97173 0.81802 0.67907 0.54441 0.5533 0.8001 0.99474 0.93634 -0.093369 -0.99056 -0.78752 -0.70041 -0.774 -0.86252 -0.89875 -0.9321 -0.9536 -0.91068 -0.77403 -0.60962 -0.52136 -0.4752 -0.39594 -0.23487 0.020515 0.27989 0.43174 0.44687 0.3523 0.14952 -0.14072 -0.38469 -0.5435 -0.57945 -0.42696 -0.13806 0.33491 0.54505 0.78985 0.86155
0.22334 0.54968 -0.84067 0.57957 -0.91319 0.12559 -0.08634 -0.29862 0.96747 0.42096 0.11752 -0.028735 -0.14392 -0.090991 0.29341 0.74139 0.60872 -0.57283 -0.85801 -0.41523 -0.31295 -0.43226 -0.58168 -0.65918 -0.73424 -0.79066 -0.71624 -0.5184 -0.32001 -0.22644 -0.18445 -0.10657 0.054498 0.29909 0.52969 0.65379 0.66234 0.57644 0.38797 0.10095 -0.1582 -0.3381 -0.38319 -0.21845 0.077645 0.52432 0.70427 0.8939 0.94043
0.024782 -0.68325 0.93958 -0.40096 0.41152 1 0.8414 0.7062 0.53588 -0.44403 -0.64924 -0.70989 -0.75178 -0.6861 -0.31402 0.24647 0.10581 -0.89143 -0.52077 0.041538 0.13022 -0.017375 -0.20777 -0.32133 -0.43418 -0.52494 -0.43618 -0.2072 -0.0008872 0.086172 0.11865 0.18713 0.334 0.54871 0.73491 0.82499 0.82892 0.75932 0.59825 0.33229 0.072914 -0.11855 -0.17113 -0.0031959 0.28577 0.68692 0.83053 0.95946 0.98089
-0.37172 0.7889 -0.58798 -0.3338 0.88181 0.21007 0.6491 0.9503 -0.36508 -0.9722 -1 -1 -1 -0.99178 -0.79808 -0.31866 -0.41884 -0.97548 -0.068312 0.4815 0.54042 0.39317 0.19318 0.058599 -0.079301 -0.19642 -0.10891 0.12159 0.31262 0.38475 0.40541 0.45937 0.58126 0.75163 0.883 0.93631 0.93836 0.8918 0.76944 0.54075 0.29591 0.10304 0.045396 0.20826 0.47733 0.81718 0.92043 0.98608 0.98355
0.14875 -0.87243 -0.12169 0.71892 -0.46644 -0.91958 -0.35368 0.21232 -0.95045 -0.80494 -0.74423 -0.76884 -0.79573 -0.90308 -0.99747 -0.77609 -0.81927 -0.8164 0.39184 0.81593 0.84313 0.72961 0.55683 0.42334 0.27987 0.15059 0.22513 0.43149 0.58914 0.64179 0.65121 0.68856 0.77854 0.89531 0.96666 0.98359 0.98688 0.96868 0.89389 0.71624 0.49963 0.31555 0.25586 0.40654 0.64491 0.91146 0.97239 0.97487 0.95039
0.14059 0.93836 0.81184 -0.11842 -0.89368 -0.61367 -0.89725 -0.73148 -0.75296 -0.089787 -0.060579 -0.15818 -0.25074 -0.47425 -0.86066 -0.9957 -0.99556 -0.46492 0.75996 0.98484 0.9899 0.9407 0.83028 0.7229 0.59676 0.47355 0.52831 0.69128 0.8038 0.83611 0.83724 0.85855 0.91358 0.97266 0.98373 0.9673 0.97484 0.98856 0.96729 0.85134 0.67493 0.50932 0.45098 0.58369 0.78282 0.96794 0.98648 0.92835 0.88456
-0.34563 -0.98458 -1 -0.72939 0.41194 0.61741 -0.3708 -0.96361 0.038657 0.67508 0.64681 0.51899 0.38997 0.12037 -0.44946 -0.9272 -0.91433 -0.012061 0.96433 0.96514 0.96374 0.99977 0.97859 0.92054 0.83427 0.73648 0.76975 0.87764 0.9398 0.95402 0.95137 0.95934 0.97985 0.98192 0.93669 0.89189 0.90624 0.9534 0.98851 0.94141 0.8149 0.67644 0.623 0.7334 0.8871 0.9865 0.96425 0.85008 0.7901
0.53027 1 0.47001 0.52032 0.94668 0.94092 0.55996 -0.29817 0.79449 1 0.99446 0.94504 0.86358 0.66277 0.094014 -0.60457 -0.60909 0.43633 0.97253 0.77038 0.77819 0.90592 0.98763 0.99615 0.96818 0.91335 0.92775 0.97649 0.98906 0.98963 0.98837 0.9871 0.97636 0.92612 0.83194 0.76503 0.78798 0.86806 0.95928 0.98448 0.91494 0.81093 0.76588 0.85107 0.95552 0.9685 0.90845 0.74446 0.67167
-0.10804 -0.96529 0.43952 0.55366 -0.24443 -0.067271 0.84617 0.62839 0.95808 0.70612 0.81882 0.94179 0.99465 0.97138 0.60007 -0.12688 -0.16416 0.78439 0.79315 0.44398 0.47142 0.68099 0.86354 0.94673 0.98851 0.98977 0.99095 0.98325 0.95189 0.94439 0.9495 0.9437 0.90704 0.81229 0.67891 0.59674 0.62918 0.73963 0.88372 0.98104 0.97269 0.90879 0.87531 0.93382 0.98742 0.91652 0.8228 0.61646 0.53431
-0.73887 0.85805 -0.98253 -0.77689 -1 -0.97502 0.22493 1 0.43777 -0.0024892 0.23411 0.53212 0.7514 0.95701 0.9244 0.37525 0.31103 0.96527 0.46926 0.048124 0.097229 0.36376 0.62947 0.78478 0.89895 0.96309 0.95827 0.90215 0.83594 0.82611 0.84161 0.8359 0.77991 0.65054 0.48909 0.39855 0.44032 0.57682 0.76787 0.93371 0.9879 0.96791 0.94878 0.98037 0.9836 0.83417 0.71171 0.47133 0.38323
1 -0.66178 0.63337 -0.33951 -0.03919 -0.58292 -0.60613 0.52882 -0.37894 -0.69957 -0.45526 -0.092789 0.24069 0.64064 0.9859 0.7762 0.70958 0.9513 0.066493 -0.34889 -0.28505 0.0023792 0.32055 0.53494 0.71483 0.84134 0.8377 0.74478 0.6547 0.64757 0.67599 0.67429 0.60601 0.45303 0.27514 0.18263 0.23257 0.38926 0.61916 0.84684 0.96216 0.98797 0.98536 0.99093 0.94605 0.7258 0.5801 0.31444 0.22363
-0.45622 0.37777 0.31618 0.90896 0.97818 0.55186 -0.80652 -0.36564 -0.93567 -0.99934 -0.92043 -0.67044 -0.34568 0.13418 0.78144 0.98529 0.95011 0.75491 -0.34127 -0.68436 -0.61995 -0.35318 -0.021858 0.2297 0.46011 0.64113 0.64458 0.52821 0.4257 0.42495 0.46702 0.4721 0.39838 0.23298 0.049958 -0.038964 0.017068 0.18697 0.44589 0.72615 0.89864 0.97024 0.98563 0.967 0.8778 0.59624 0.43308 0.15107 0.060498
-0.21186 -0.035795 -0.90903 0.17946 0.41099 0.98714 -0.22492 -0.9625 -0.88528 -0.7602 -0.96128 -0.97833 -0.80612 -0.40341 0.3777 0.96397 0.99089 0.42165 -0.68545 -0.91034 -0.86334 -0.65794 -0.35596 -0.095112 0.16386 0.38506 0.3993 0.27293 0.16863 0.17623 0.23077 0.24404 0.17097 0.003786 -0.17404 -0.2549 -0.19559 -0.020202 0.2567 0.57831 0.80175 0.91732 0.95146 0.91117 0.78264 0.45062 0.27585 -0.01378 -0.10149
0.56422 -0.30235 0.4953 -0.97025 -0.78906 0.22963 0.5449 -0.82183 -0.28519 -0.13156 -0.58058 -0.91391 -0.9968 -0.81742 -0.11389 0.72859 0.8338 0.01806 -0.91355 -0.99912 -0.98718 -0.877 -0.6444 -0.40464 -0.14321 0.09891 0.12497 0.00077193 -0.096365 -0.080295 -0.016217 0.0051797 -0.062286 -0.22179 -0.38554 -0.45508 -0.39586 -0.22304 0.060225 0.4105 0.67682 0.8329 0.88578 0.8269 0.66493 0.29414 0.11345 -0.17547 -0.25808
-0.7297 0.55489 0.45359 -0.11371 -0.77725 -0.78363 0.7961 -0.080015 0.4798 0.55342 0.039858 -0.51884 -0.87098 -1 -0.56966 0.34055 0.51894 -0.38247 -0.9957 -0.94498 -0.98145 -0.98867 -0.85799 -0.66846 -0.43191 -0.19104 -0.15485 -0.26697 -0.35026 -0.32733 -0.25813 -0.23003 -0.2883 -0.43224 -0.57481 -0.63101 -0.57552 -0.41326 -0.13535 0.23011 0.5298 0.7215 0.79235 0.71829 0.52938 0.13188 -0.049327 -0.32983 -0.40553
0.88712 -0.64817 -0.7959 0.99871 0.3734 -0.89612 0.34423 0.70855 0.9573 0.96053 0.63416 0.051954 -0.48248 -0.91402 -0.88453 -0.11183 0.11276 -0.71301 -0.92666 -0.76248 -0.85333 -0.98549 -0.97793 -0.86318 -0.67717 -0.46035 -0.41812 -0.51107 -0.57639 -0.54964 -0.48077 -0.44856 -0.49544 -0.61778 -0.734 -0.77601 -0.72799 -0.58381 -0.32254 0.044364 0.36693 0.5882 0.67556 0.58989 0.38083 -0.031324 -0.2081 -0.47326 -0.54065
-0.96534 0.55361 0.12311 0.15451 0.97003 -0.027024 -0.38105 0.9992 0.89083 0.9123 0.96805 0.59599 0.041514 -0.59477 -0.99411 -0.53435 -0.30715 -0.92344 -0.7239 -0.48217 -0.62441 -0.87352 -0.99664 -0.97393 -0.85978 -0.68829 -0.64585 -0.71558 -0.76128 -0.73478 -0.67223 -0.63934 -0.67405 -0.77067 -0.85732 -0.88534 -0.84832 -0.729 -0.49481 -0.13988 0.1945 0.43837 0.54016 0.44646 0.22415 -0.19101 -0.35894 -0.60273 -0.6608
0.82145 -0.3129 0.6448 -1 0.2163 0.85451 -0.76717 0.62095 0.3402 0.45207 0.92599 0.93577 0.54527 -0.13307 -0.88449 -0.8463 -0.66705 -0.9866 -0.42253 -0.14478 -0.32642 -0.67013 -0.91727 -0.99475 -0.96746 -0.85909 -0.82325 -0.86858 -0.89524 -0.87357 -0.82336 -0.79373 -0.81667 -0.88538 -0.94108 -0.95616 -0.93334 -0.8446 -0.6467 -0.31639 0.018624 0.27751 0.39111 0.29284 0.063994 -0.34317 -0.49846 -0.7158 -0.76396
-0.46377 0.029916 -0.46577 -0.29978 -0.80851 0.8412 -0.53098 -0.15174 -0.38309 -0.19898 0.54158 0.97304 0.89103 0.35308 -0.5896 -0.99438 -0.90926 -0.89993 -0.068386 0.20507 0.0035431 -0.40085 -0.75217 -0.92823 -0.99512 -0.96264 -0.9403 -0.96256 -0.97254 -0.96031 -0.92798 -0.90567 -0.91825 -0.95858 -0.98365 -0.9875 -0.9815 -0.92785 -0.77394 -0.47971 -0.15499 0.11101 0.23337 0.13375 -0.095227 -0.48432 -0.62382 -0.81065 -0.84864
0.048562 0.17765 -0.3401 0.94711 -0.75807 -0.0093941 0.10324 -0.81818 -0.90209 -0.75557 -0.030856 0.71081 0.99424 0.74933 -0.17892 -0.95955 -1 -0.68321 0.28926 0.52482 0.32781 -0.095891 -0.52072 -0.78424 -0.94445 -0.99464 -0.99197 -0.9944 -0.99135 -0.9927 -0.98288 -0.97171 -0.97606 -0.98909 -0.98525 -0.98006 -0.9928 -0.97737 -0.87345 -0.62525 -0.32115 -0.056005 0.071757 -0.026284 -0.2495 -0.61155 -0.73277 -0.88602 -0.91391
0.25886 -0.24371 0.55263 0.52934 0.24514 -0.83272 0.63554 -0.97994 -0.96893 -0.99341 -0.58341 0.2414 0.83986 0.97071 0.26047 -0.75673 -0.93221 -0.37324 0.6046 0.77882 0.61233 0.21346 -0.24673 -0.57836 -0.82308 -0.95626 -0.978 -0.96515 -0.9534 -0.97161 -0.98768 -0.99093 -0.98963 -0.97768 -0.94779 -0.93597 -0.96861 -0.99309 -0.94334 -0.74937 -0.47531 -0.2188 -0.08918 -0.1831 -0.39525 -0.72253 -0.82364 -0.94122 -0.95935
-0.38589 0.18974 0.084749 -0.79037 0.91978 -0.85803 0.6886 -0.56533 -0.57124 -0.83273 -0.93104 -0.29001 0.47866 0.97727 0.64279 -0.4285 -0.72373 -0.016845 0.84065 0.94167 0.82985 0.49796 0.044101 -0.32992 -0.64333 -0.85349 -0.90241 -0.87945 -0.8635 -0.90069 -0.94453 -0.96467 -0.96048 -0.92681 -0.87461 -0.85861 -0.91148 -0.97613 -0.98282 -0.84936 -0.61364 -0.37314 -0.24528 -0.33294 -0.52941 -0.81548 -0.89528 -0.97605 -0.98497
0.35377 -0.096867 -0.49449 -0.78943 0.48341 -0.1034 0.25853 0.16352 0.086193 -0.35402 -0.97003 -0.73209 0.0077001 0.77778 0.89965 -0.034956 -0.41197 0.33652 0.97291 1 0.96196 0.73293 0.3267 -0.060096 -0.42076 -0.69618 -0.77278 -0.7449 -0.72894 -0.78587 -0.85776 -0.89628 -0.89186 -0.84037 -0.77012 -0.75231 -0.82489 -0.92857 -0.99214 -0.92349 -0.73306 -0.51535 -0.39283 -0.47252 -0.64942 -0.8892 -0.9471 -0.99076 -0.99123
-0.23051 0.03116 0.060337 0.48217 -0.49528 0.72445 -0.32904 0.79069 0.69633 0.24915 -0.70253 -0.96945 -0.45757 0.42275 0.99071 0.35794 -0.046301 0.64161 0.99089 0.95257 1 0.90004 0.5786 0.20999 -0.17277 -0.49696 -0.59937 -0.57127 -0.55883 -0.63481 -0.73338 -0.79066 -0.78842 -0.72335 -0.6396 -0.62208 -0.71305 -0.85333 -0.97244 -0.97088 -0.83127 -0.64236 -0.52864 -0.59905 -0.75326 -0.94302 -0.97896 -0.98602 -0.97891
0.079559 0.0081921 0.39153 0.97992 -0.88797 0.9126 -0.67623 0.98592 0.99515 0.75269 -0.22467 -0.94939 -0.81187 -0.010217 0.90788 0.6894 0.32013 0.86265 0.89783 0.80915 0.94483 0.98822 0.78151 0.46082 0.082884 -0.27016 -0.39424 -0.36975 -0.36338 -0.45635 -0.57866 -0.65397 -0.65584 -0.58153 -0.48886 -0.47339 -0.58068 -0.75396 -0.92566 -0.9915 -0.90672 -0.75175 -0.65002 -0.71028 -0.83944 -0.97676 -0.99116 -0.96282 -0.94912
0.05965 -0.060793 -0.11103 -0.02016 -0.30377 0.33865 -0.57812 0.66801 0.86983 0.98448 0.31205 -0.68894 -0.98245 -0.43438 0.67328 0.91257 0.63815 0.97681 0.70896 0.58835 0.80574 0.99386 0.9223 0.67572 0.32929 -0.030684 -0.17033 -0.15214 -0.15331 -0.2599 -0.40166 -0.49317 -0.50054 -0.42116 -0.32395 -0.31187 -0.43279 -0.63447 -0.85432 -0.98605 -0.95856 -0.84169 -0.75488 -0.80448 -0.90697 -0.99066 -0.98438 -0.92247 -0.9032
-0.17164 0.12458 -0.29447 -0.9678 0.57943 -0.49338 -0.12678 0.020322 0.39009 0.87815 0.75057 -0.26329 -0.94144 -0.77122 0.33237 1 0.86864 0.97558 0.44851 0.31486 0.59875 0.92032 0.99349 0.84178 0.55141 0.20694 0.059368 0.069826 0.060781 -0.054995 -0.21077 -0.31566 -0.32929 -0.24868 -0.15098 -0.14317 -0.27446 -0.49916 -0.76149 -0.95587 -0.98663 -0.91101 -0.84164 -0.88044 -0.95533 -0.98537 -0.95962 -0.86647 -0.8427
0.25325 -0.12855 0.10265 -0.5032 0.83693 -0.91765 0.38151 -0.6263 -0.23801 0.48424 0.97315 0.21838 -0.70698 -0.96398 -0.055804 0.9456 0.98653 0.86426 0.14631 0.016436 0.34447 0.7769 0.99318 0.95032 0.73684 0.42938 0.28252 0.28506 0.26889 0.14917 -0.014322 -0.12896 -0.14894 -0.070479 0.024168 0.027279 -0.11074 -0.35244 -0.65056 -0.90284 -0.99135 -0.95908 -0.90927 -0.93742 -0.98445 -0.96187 -0.91816 -0.79652 -0.76928
-0.30312 0.018711 0.21594 0.6491 0.25271 -0.63356 0.64604 -0.96612 -0.76577 -0.05809 0.92944 0.642 -0.33487 -0.98553 -0.4293 0.76325 0.98251 0.65996 -0.16587 -0.27895 0.065918 0.57757 0.92465 0.99703 0.87632 0.62515 0.48805 0.48365 0.46206 0.34414 0.17975 0.059662 0.033831 0.10735 0.19596 0.19439 0.053585 -0.19871 -0.52514 -0.82927 -0.97367 -0.98582 -0.95722 -0.97515 -0.99464 -0.92142 -0.86149 -0.71444 -0.68475
0.31675 0.13454 -0.065637 0.88531 -0.55248 0.1101 0.53415 -0.85733 -1 -0.57371 0.64305 0.91508 0.096375 -0.83997 -0.73302 0.48288 0.86254 0.38855 -0.45764 -0.54569 -0.21366 0.33937 0.79555 0.9818 0.96394 0.78507 0.66661 0.6572 0.63262 0.52244 0.3642 0.24338 0.21277 0.27916 0.35938 0.35355 0.21404 -0.04224 -0.38894 -0.73779 -0.93499 -0.99163 -0.9854 -0.99376 -0.98656 -0.8655 -0.79125 -0.62212 -0.59092
-0.28722 -0.17176 -0.15026 -0.052429 -0.80663 0.75415 0.13404 -0.36904 -0.86822 -0.90849 0.19784 0.9849 0.5028 -0.55877 -0.9261 0.14491 0.64556 0.080983 -0.70275 -0.7625 -0.47265 0.080859 0.61699 0.90833 0.99716 0.9025 0.81085 0.79906 0.77447 0.67785 0.53267 0.41606 0.3822 0.43995 0.51005 0.50072 0.36659 0.11296 -0.24568 -0.63128 -0.87709 -0.97731 -0.99416 -0.99376 -0.96119 -0.79578 -0.70922 -0.52149 -0.48965
0.2105 0.030447 0.022279 -0.88771 -0.31467 0.85492 -0.32008 0.27008 -0.43259 -0.97265 -0.28905 0.84582 0.81119 -0.1929 -0.98638 -0.20594 0.36006 -0.23035 -0.88113 -0.91381 -0.69258 -0.17932 0.4024 0.78346 0.97659 0.97347 0.9156 0.9045 0.88312 0.80547 0.67986 0.57239 0.5372 0.58538 0.64426 0.6325 0.50771 0.26319 -0.098962 -0.51273 -0.80202 -0.94406 -0.98417 -0.97599 -0.91974 -0.71402 -0.61725 -0.41446 -0.38278
-0.092299 0.14334 0.08794 -0.58418 0.43523 0.37444 -0.58869 0.78464 0.14475 -0.76011 -0.699 0.53568 0.97116 0.19717 -0.91155 -0.52668 0.03993 -0.51502 -0.98006 -0.99048 -0.85921 -0.4238 0.16651 0.61651 0.9057 0.99659 0.97786 0.97067 0.95577 0.90183 0.8016 0.708 0.67363 0.71193 0.75907 0.74613 0.63443 0.40515 0.047794 -0.38519 -0.71208 -0.89334 -0.95647 -0.94152 -0.8636 -0.62209 -0.5172 -0.30294 -0.27209
-0.046384 -0.14753 0.0098393 0.41359 0.77746 -0.33819 -0.54956 0.97042 0.66581 -0.34181 -0.94001 0.12385 0.96169 0.55171 -0.71751 -0.78096 -0.27969 -0.74732 -0.99459 -0.98984 -0.96311 -0.63749 -0.075773 0.41844 0.79026 0.97285 0.99677 0.9966 0.99122 0.96484 0.89493 0.81951 0.78823 0.81684 0.85226 0.83955 0.74434 0.53599 0.19141 -0.25168 -0.60967 -0.82689 -0.91232 -0.8917 -0.79436 -0.52189 -0.41095 -0.18873 -0.15929
0.16982 -0.01694 -0.024818 0.87888 0.4532 -0.81356 -0.24377 0.76884 0.96473 0.16112 -0.96508 -0.30552 0.79183 0.8205 -0.43446 -0.94271 -0.56626 -0.90821 -0.92716 -0.9153 -0.99992 -0.80832 -0.3102 0.20115 0.63789 0.90538 0.9734 0.98301 0.98975 0.99376 0.95803 0.90453 0.87865 0.89819 0.92236 0.91133 0.83562 0.65328 0.329 -0.11514 -0.49729 -0.74658 -0.8532 -0.82802 -0.71369 -0.41531 -0.30032 -0.073564 -0.04601
-0.23671 0.13752 -0.015979 0.31499 -0.22548 -0.76913 0.16409 0.27525 0.95717 0.61415 -0.77824 -0.67098 0.49617 0.96915 -0.10161 -0.99803 -0.79283 -0.98642 -0.78667 -0.7755 -0.9701 -0.92776 -0.524 -0.023341 0.45745 0.79905 0.91055 0.93211 0.95303 0.98909 0.9902 0.96169 0.94337 0.95485 0.96861 0.96072 0.90701 0.7551 0.45802 0.02166 -0.37746 -0.65445 -0.78076 -0.7521 -0.62333 -0.30421 -0.18708 0.040938 0.066239
0.21799 -0.073903 -0.032477 -0.57157 -0.6941 -0.26133 0.47799 -0.31228 0.65841 0.90502 -0.42864 -0.90863 0.12686 0.98242 0.23851 -0.94558 -0.9402 -0.97867 -0.58718 -0.5831 -0.87842 -0.99096 -0.70644 -0.24347 0.25852 0.66009 0.8124 0.8474 0.88383 0.95241 0.99178 0.99051 0.98174 0.9864 0.9909 0.98752 0.9578 0.84 0.57628 0.15611 -0.25265 -0.55258 -0.69677 -0.66567 -0.52505 -0.19039 -0.072922 0.15328 0.17606
-0.11575 -0.061172 -0.012333 -0.79142 -0.60578 0.38444 0.56342 -0.77573 0.16923 0.96942 0.0041228 -0.98186 -0.25629 0.86435 0.54552 -0.79545 -0.99796 -0.88923 -0.34626 -0.35358 -0.73328 -0.99669 -0.84924 -0.4487 0.050829 0.49571 0.6843 0.73339 0.78589 0.88625 0.96401 0.99138 0.99386 0.99312 0.98972 0.9921 0.98778 0.90697 0.68197 0.28586 -0.12526 -0.44309 -0.60305 -0.5705 -0.42064 -0.075561 0.040589 0.2621 0.2822
-0.026848 0.086531 0.065712 -0.16376 -0.067642 0.79039 0.39936 -0.95682 -0.36147 0.80187 0.42927 -0.88514 -0.5956 0.63593 0.7857 -0.56704 -0.96468 -0.72879 -0.083352 -0.10382 -0.54577 -0.94706 -0.94676 -0.62997 -0.15615 0.31365 0.53232 0.59534 0.66364 0.79389 0.90895 0.96547 0.98052 0.9759 0.96609 0.97529 0.99722 0.95545 0.77364 0.40879 0.0024331 -0.32807 -0.50147 -0.46836 -0.31184 0.038669 0.15199 0.36619 0.38353
0.13869 -0.0063805 0.069191 0.59611 0.49352 0.74406 0.073461 -0.80608 -0.7834 0.45132 0.76386 -0.64195 -0.84378 0.33074 0.93519 -0.2862 -0.84711 -0.51299 0.18186 0.14912 -0.32879 -0.84709 -0.99603 -0.77995 -0.35366 0.12183 0.36307 0.43899 0.52201 0.67922 0.82929 0.91459 0.94312 0.93614 0.92147 0.93834 0.98677 0.9853 0.8502 0.52305 0.12832 -0.20958 -0.3939 -0.36102 -0.20033 0.15081 0.25996 0.46446 0.47906
-0.15626 -0.048265 -0.052513 0.71442 0.67657 0.29656 -0.26783 -0.38893 -0.98624 0.0047543 0.9481 -0.29813 -0.96975 -0.010481 0.98166 0.017952 -0.65885 -0.26072 0.43088 0.38915 -0.096035 -0.70416 -0.99669 -0.89324 -0.53392 -0.071971 0.18329 0.27029 0.36624 0.5465 0.72824 0.84107 0.88357 0.87571 0.85772 0.88286 0.95749 0.99674 0.91094 0.62709 0.25044 -0.089575 -0.28215 -0.25021 -0.087735 0.25951 0.36329 0.55599 0.56793
0.067474 0.034902 -0.12724 0.12975 0.38313 -0.2928 -0.48602 0.14688 -0.92541 -0.43574 0.95431 0.087599 -0.96143 -0.34545 0.92457 0.31608 -0.41852 0.0076299 0.64758 0.60212 0.13881 -0.52736 -0.95072 -0.96646 -0.6904 -0.26045 -0.00032767 0.095228 0.20161 0.40025 0.60937 0.74771 0.8042 0.79679 0.77697 0.81073 0.91069 0.99032 0.95547 0.71963 0.36706 0.030096 -0.168 -0.13759 0.024442 0.36354 0.46095 0.64001 0.64945
0.068468 -0.0022479 -0.016209 -0.54041 -0.15281 -0.71308 -0.50448 0.6264 -0.62754 -0.77643 0.78894 0.45408 -0.82554 -0.63551 0.77408 0.58141 -0.14774 0.27188 0.81905 0.77642 0.3629 -0.32691 -0.86215 -0.99815 -0.81798 -0.437 -0.18144 -0.080428 0.033342 0.24505 0.47649 0.6376 0.70764 0.70187 0.68157 0.72402 0.84797 0.96689 0.98371 0.79966 0.47662 0.14771 -0.053124 -0.024704 0.13479 0.46183 0.55202 0.71588 0.72303
-0.15064 -0.030311 0.14231 -0.66703 -0.56086 -0.76384 -0.33054 0.90446 -0.17707 -0.95086 0.48822 0.74721 -0.585 -0.84975 0.54905 0.79192 0.1309 0.51349 0.9362 0.90355 0.56481 -0.11347 -0.73666 -0.98872 -0.91298 -0.59587 -0.35421 -0.25128 -0.13361 0.085441 0.33353 0.51403 0.59676 0.5936 0.57403 0.62498 0.77111 0.92755 0.99587 0.86647 0.5778 0.26169 0.060899 0.086962 0.24201 0.55345 0.63574 0.7831 0.78822
0.1084 0.043412 0.11591 -0.18507 -0.59003 -0.4418 -0.042564 0.90673 0.30986 -0.93085 0.10912 0.92734 -0.27446 -0.96776 0.27433 0.93179 0.39572 0.71671 0.99396 0.97826 0.73507 0.10237 -0.5812 -0.94021 -0.97321 -0.73233 -0.51345 -0.41242 -0.29463 -0.074237 0.18441 0.38039 0.47455 0.47475 0.45693 0.51593 0.68201 0.87358 0.99241 0.91957 0.66949 0.37063 0.17261 0.19606 0.34496 0.63761 0.71148 0.84132 0.8447
0.033624 0.010149 -0.078463 0.42482 -0.25161 0.078677 0.24725 0.64486 0.7162 -0.72857 -0.28223 0.97359 0.065124 -0.98086 -0.022194 0.99223 0.62752 0.86948 0.99122 0.99856 0.86643 0.31061 -0.40351 -0.85608 -0.99791 -0.84273 -0.65476 -0.55959 -0.44562 -0.22992 0.032915 0.2401 0.34405 0.34812 0.33288 0.39922 0.58269 0.80646 0.974 0.95874 0.75078 0.47326 0.28067 0.30136 0.44259 0.71367 0.77874 0.89029 0.89226
-0.16072 -0.070707 -0.1842 0.62745 0.22044 0.54561 0.43685 0.20498 0.95138 -0.39036 -0.62212 0.88511 0.39205 -0.89197 -0.31246 0.97155 0.81081 0.96381 0.93055 0.96556 0.95406 0.50228 -0.21178 -0.74094 -0.98764 -0.92452 -0.77459 -0.68919 -0.58298 -0.37793 -0.11733 0.096479 0.20828 0.21648 0.20443 0.27721 0.4752 0.72776 0.94153 0.98399 0.82098 0.56852 0.38389 0.40177 0.53401 0.78113 0.83716 0.92989 0.93079
0.15975 0.010814 -0.053739 0.29297 0.53679 0.75197 0.46855 -0.28332 0.96949 0.015089 -0.85929 0.67929 0.66886 -0.71424 -0.57085 0.87465 0.93457 0.99602 0.81772 0.8831 0.99555 0.66971 -0.014221 -0.60027 -0.94414 -0.97626 -0.87026 -0.79835 -0.70373 -0.51501 -0.26298 -0.04728 0.070168 0.082534 0.074054 0.15217 0.36159 0.63916 0.89603 0.99552 0.87962 0.65549 0.48122 0.49631 0.61844 0.83961 0.88649 0.96011 0.9603
-0.028674 0.087729 0.15303 -0.25286 0.52782 0.62247 0.34318 -0.68636 0.77538 0.41144 -0.96168 0.38784 0.86629 -0.46878 -0.77622 0.71205 0.99266 0.96656 0.66106 0.75731 0.99082 0.8068 0.18127 -0.44011 -0.87016 -0.99755 -0.94 -0.88498 -0.8055 -0.63837 -0.40101 -0.1882 -0.067488 -0.051168 -0.055888 0.026291 0.24389 0.54235 0.83865 0.9937 0.92638 0.73342 0.57173 0.58416 0.69527 0.88886 0.92661 0.98102 0.98086
-0.10731 -0.02401 0.17774 -0.55512 0.22461 0.23203 0.11281 -0.90215 0.41905 0.72907 -0.91956 0.051369 0.96578 -0.18189 -0.91333 0.49852 0.98376 0.87958 0.47078 0.5961 0.94191 0.90908 0.36737 -0.26682 -0.7693 -0.98893 -0.98287 -0.94769 -0.88658 -0.74574 -0.52877 -0.32354 -0.20209 -0.18223 -0.18321 -0.098374 0.12407 0.43908 0.77065 0.9791 0.96115 0.80174 0.65466 0.66461 0.76397 0.92874 0.95749 0.9928 0.99264
0.11376 -0.098822 -0.011435 -0.405 -0.18346 -0.24153 -0.14207 -0.88374 -0.018922 0.91659 -0.74494 -0.28658 0.96059 0.11794 -0.97362 0.25167 0.9111 0.74242 0.25824 0.40859 0.85267 0.97384 0.53761 -0.086805 -0.64576 -0.95183 -0.99875 -0.98583 -0.94584 -0.83537 -0.644 -0.45088 -0.33128 -0.30847 -0.30591 -0.21991 0.0039714 0.33105 0.69337 0.95239 0.98397 0.86003 0.72938 0.73709 0.82416 0.95923 0.9792 0.9957 0.99589
0.0059553 0.025709 -0.18977 0.036288 -0.47061 -0.6011 -0.3411 -0.64599 -0.4466 0.9479 -0.46788 -0.5851 0.85542 0.40289 -0.9553 -0.009663 0.78178 0.56481 0.03522 0.20455 0.7285 1 0.68648 0.09373 -0.50422 -0.88841 -0.98827 -0.99942 -0.98275 -0.90599 -0.74482 -0.56807 -0.45292 -0.42791 -0.42219 -0.3366 -0.11464 0.21993 0.60817 0.91438 0.99503 0.908 0.7954 0.80116 0.87557 0.98041 0.99189 0.99003 0.99091
-0.1029 0.10574 -0.15245 0.41222 -0.49772 -0.71102 -0.4285 -0.25616 -0.78003 0.82427 -0.13068 -0.81061 0.66494 0.64824 -0.8629 -0.26681 0.60598 0.35818 -0.18671 -0.0060771 0.57589 0.98806 0.80962 0.26894 -0.34959 -0.80143 -0.95272 -0.98906 -0.99736 -0.95686 -0.82982 -0.67334 -0.56518 -0.53885 -0.53047 -0.44687 -0.23015 0.10733 0.51645 0.86596 0.99466 0.94553 0.85235 0.85649 0.91804 0.99242 0.9958 0.97619 0.97806
0.052165 -0.015466 0.053291 0.45995 -0.27255 -0.54347 -0.38679 0.18689 -0.95889 0.57167 0.21899 -0.94013 0.41138 0.83432 -0.70634 -0.50259 0.39609 0.13482 -0.39676 -0.21371 0.40212 0.93993 0.90381 0.43353 -0.18686 -0.69415 -0.89395 -0.95592 -0.99019 -0.98767 -0.89794 -0.76523 -0.66648 -0.63981 -0.6294 -0.54939 -0.34109 -0.0052198 0.4196 0.80811 0.98329 0.97261 0.89999 0.90286 0.95151 0.99552 0.99122 0.95458 0.95773
0.084799 -0.10706 0.19808 0.18314 0.072896 -0.17774 -0.23723 0.57869 -0.95578 0.2345 0.5349 -0.96297 0.12171 0.94776 -0.49973 -0.70234 0.16577 -0.092863 -0.58539 -0.4095 0.21484 0.85872 0.96704 0.58286 -0.020944 -0.57015 -0.81426 -0.90162 -0.96222 -0.99858 -0.94855 -0.84261 -0.75556 -0.72957 -0.71785 -0.64299 -0.44615 -0.11629 0.31898 0.74186 0.96148 0.98935 0.93819 0.94018 0.97601 0.99002 0.97853 0.9257 0.93039
-0.12283 -0.004309 0.13168 -0.19133 0.36241 0.24034 -0.029314 0.83335 -0.77849 -0.13286 0.77809 -0.88082 -0.17538 0.98205 -0.25994 -0.85463 -0.071042 -0.31298 -0.74466 -0.58564 0.02175 0.74856 0.99844 0.71306 0.14345 -0.43324 -0.71637 -0.82817 -0.91481 -0.99013 -0.98138 -0.90471 -0.83143 -0.80719 -0.79496 -0.72673 -0.54417 -0.22455 0.21594 0.66826 0.92984 0.99598 0.96694 0.96843 0.99166 0.97628 0.95813 0.89003 0.89649
-0.0044371 0.099557 -0.066564 -0.4019 0.46495 0.55796 0.17629 0.90094 -0.46543 -0.47505 0.92122 -0.70649 -0.45232 0.93749 -0.0051362 -0.95177 -0.30086 -0.51479 -0.86849 -0.73564 -0.16969 0.6143 0.99821 0.82107 0.30195 -0.28732 -0.60322 -0.73787 -0.84967 -0.96321 -0.99652 -0.95104 -0.89338 -0.87196 -0.86003 -0.79984 -0.63418 -0.32879 0.11173 0.58841 0.88909 0.9928 0.98632 0.9877 0.99866 0.95474 0.93048 0.84812 0.85654
0.13626 0.028138 -0.19035 -0.33119 0.34949 0.67005 0.32533 0.77503 -0.076304 -0.74389 0.95087 -0.46163 -0.6851 0.82057 0.2466 -0.98992 -0.51146 -0.6891 -0.95274 -0.85448 -0.35255 0.46135 0.96755 0.90465 0.45063 -0.1363 -0.47794 -0.63326 -0.76873 -0.91899 -0.99436 -0.98145 -0.94097 -0.92341 -0.91263 -0.86178 -0.71534 -0.42795 0.0075946 0.50338 0.83997 0.98021 0.99649 0.99814 0.99726 0.92586 0.89607 0.80051 0.81106
-0.090999 -0.080941 -0.12416 -0.059162 0.086206 0.55039 0.38345 0.49014 0.32 -0.90459 0.86796 -0.17368 -0.85507 0.64296 0.47852 -0.96905 -0.69236 -0.82862 -0.99526 -0.9387 -0.52064 0.29539 0.90851 0.9624 0.58605 0.016068 -0.34376 -0.51703 -0.67415 -0.85892 -0.97558 -0.99603 -0.97402 -0.9613 -0.95251 -0.91216 -0.78701 -0.52106 -0.095347 0.41426 0.78329 0.95868 0.9977 1 0.9878 0.89015 0.8554 0.74777 0.76057
-0.070289 -0.048043 0.05491 0.21948 -0.19756 0.25236 0.34266 0.11101 0.65773 -0.93945 0.68644 0.12732 -0.95015 0.42013 0.67622 -0.89258 -0.83531 -0.92812 -0.99581 -0.98635 -0.66868 0.12218 0.82387 0.99371 0.70532 0.16619 -0.2039 -0.39195 -0.5682 -0.78465 -0.9411 -0.99514 -0.99258 -0.9856 -0.97961 -0.95078 -0.84869 -0.60731 -0.19603 0.32211 0.71987 0.92873 0.99028 0.99357 0.97064 0.84813 0.80903 0.69046 0.70561
0.1182 0.052918 0.17207 0.33469 -0.37954 -0.11682 0.22022 -0.2831 0.88471 -0.84875 0.43054 0.41194 -0.96528 0.16993 0.82839 -0.76689 -0.9345 -0.98457 -0.95589 -0.99703 -0.79239 -0.052654 0.71697 0.99875 0.80612 0.31077 -0.061497 -0.26079 -0.45324 -0.69796 -0.89206 -0.97936 -0.99691 -0.99649 -0.99405 -0.97761 -0.90004 -0.686 -0.2935 0.22796 0.65057 0.89096 0.97461 0.97922 0.9462 0.80035 0.75748 0.62916 0.64671
0.0059913 0.056214 0.12737 0.24004 -0.39327 -0.43594 0.051471 -0.6152 0.9695 -0.64922 0.1312 0.65411 -0.90222 -0.088922 0.92725 -0.60073 -0.98665 -0.99701 -0.87858 -0.9717 -0.88857 -0.22375 0.59161 0.97833 0.88675 0.44682 0.080429 -0.12628 -0.33167 -0.60077 -0.82974 -0.94946 -0.98747 -0.99431 -0.99612 -0.99275 -0.94085 -0.75655 -0.38687 0.13278 0.57623 0.84598 0.95111 0.95735 0.91494 0.74739 0.70133 0.56443 0.58441
-0.096688 -0.022754 -0.024381 0.019423 -0.24805 -0.60913 -0.1207 -0.82511 0.90455 -0.37042 -0.17785 0.83326 -0.7689 -0.33826 0.96881 -0.40453 -0.99096 -0.96649 -0.76823 -0.91257 -0.95512 -0.38619 0.45187 0.93389 0.94606 0.57172 0.21906 0.0089402 -0.20584 -0.49505 -0.75561 -0.9064 -0.96488 -0.97955 -0.98623 -0.99645 -0.97105 -0.81854 -0.47536 0.037521 0.49771 0.79443 0.92026 0.92839 0.87735 0.68981 0.64113 0.49683 0.51923
0.01345 -0.049681 -0.14234 -0.18414 -0.015321 -0.59256 -0.25673 -0.87921 0.70532 -0.049979 -0.46394 0.93576 -0.57821 -0.56166 0.9527 -0.18968 -0.94898 -0.89585 -0.63022 -0.82289 -0.99104 -0.53561 0.30195 0.86738 0.98348 0.68325 0.3518 0.14239 -0.078041 -0.38279 -0.67118 -0.85124 -0.92993 -0.95286 -0.96493 -0.98909 -0.99071 -0.87164 -0.5583 -0.05694 0.41586 0.73699 0.88258 0.89284 0.83392 0.62818 0.57743 0.4269 0.45168
0.084898 0.00081565 -0.13191 -0.26019 0.20744 -0.4022 -0.32895 -0.77427 0.40606 0.27172 -0.69875 0.95553 -0.34664 -0.7454 0.88197 0.032137 -0.86428 -0.7894 -0.47065 -0.7068 -0.9963 -0.66828 0.1461 0.78119 0.99897 0.77961 0.47633 0.27175 0.049519 -0.26597 -0.57807 -0.78518 -0.8835 -0.91499 -0.93289 -0.97113 -1 -0.91564 -0.6351 -0.14978 0.3315 0.67434 0.83861 0.85119 0.78518 0.56308 0.51078 0.35517 0.38226
-0.015335 0.034033 -0.016698 -0.1867 0.3374 -0.10309 -0.32636 -0.53535 0.053285 0.55662 -0.86084 0.89396 -0.092713 -0.87913 0.76261 0.24958 -0.7422 -0.65269 -0.29607 -0.56904 -0.97186 -0.78116 -0.011532 0.67801 0.99297 0.85941 0.59063 0.39493 0.17478 -0.14655 -0.47791 -0.70951 -0.82659 -0.86679 -0.89083 -0.94316 -0.99919 -0.95044 -0.70526 -0.24024 0.24541 0.60716 0.7889 0.80396 0.73166 0.49507 0.44171 0.28215 0.31146
-0.095175 0.0062994 0.098888 -0.026148 0.33536 0.21417 -0.25504 -0.20905 -0.30179 0.77326 -0.93717 0.75917 0.16452 -0.95631 0.60295 0.45219 -0.58939 -0.49213 -0.11316 -0.41481 -0.91949 -0.87191 -0.167 0.5608 0.96638 0.92168 0.69298 0.51005 0.29584 -0.026373 -0.37236 -0.62554 -0.76028 -0.80919 -0.83959 -0.9058 -0.98863 -0.97602 -0.76839 -0.32762 0.15838 0.53615 0.73404 0.75169 0.6739 0.42471 0.37076 0.20834 0.23973
0.029372 -0.021659 0.12552 0.12364 0.21421 0.46121 -0.13489 0.14628 -0.61074 0.89984 -0.92368 0.56479 0.4069 -0.97427 0.41304 0.63084 -0.41345 -0.31471 0.071478 -0.24952 -0.84167 -0.93896 -0.31665 0.43265 0.92047 0.96585 0.78199 0.61549 0.41097 0.092777 -0.26304 -0.53466 -0.6857 -0.74318 -0.78004 -0.85979 -0.96879 -0.99249 -0.82418 -0.41131 0.071129 0.46197 0.67461 0.69493 0.61243 0.35252 0.29842 0.13419 0.16752
0.10568 -0.0030209 0.055755 0.18783 0.027391 0.57566 0.0061088 0.4712 -0.83421 0.92581 -0.82496 0.32838 0.61838 -0.93405 0.20393 0.77807 -0.22251 -0.12764 0.25157 -0.078615 -0.74146 -0.98142 -0.45716 0.29672 0.85683 0.99173 0.85658 0.70989 0.51864 0.20925 -0.15153 -0.43824 -0.60402 -0.66979 -0.7131 -0.80587 -0.94017 -1 -0.87241 -0.49074 -0.015652 0.38531 0.61118 0.63422 0.54778 0.27902 0.22519 0.060158 0.095255
-0.053278 0.022134 -0.044642 0.14911 -0.15513 0.53518 0.1385 0.71495 -0.94634 0.85218 -0.6531 0.069788 0.78592 -0.8401 -0.012962 0.88829 -0.024864 0.061922 0.42135 0.092602 -0.62239 -0.99908 -0.58563 0.15617 0.77732 0.99948 0.916 0.79214 0.61752 0.32153 -0.039377 -0.33765 -0.51643 -0.59008 -0.63971 -0.74486 -0.90335 -0.99881 -0.91294 -0.56542 -0.10132 0.30679 0.54435 0.5701 0.48049 0.20471 0.15151 -0.013352 0.02332
-0.10194 0.0042825 -0.098864 0.045346 -0.2729 0.35916 0.23732 0.8427 -0.93704 0.69039 -0.426 -0.19065 0.90016 -0.69966 -0.2265 0.95792 0.17142 0.24713 0.57572 0.25912 -0.48828 -0.99239 -0.6996 0.014044 0.68402 0.9896 0.95977 0.86139 0.70647 0.42824 0.071988 -0.23425 -0.42412 -0.50511 -0.56085 -0.67758 -0.85893 -0.98921 -0.94569 -0.63495 -0.18526 0.22705 0.47468 0.50311 0.41105 0.13007 0.07784 -0.085947 -0.047909
0.069707 -0.030439 -0.076969 -0.060527 -0.29377 0.099693 0.28642 0.83964 -0.81195 0.46032 -0.16531 -0.43361 0.95569 -0.5222 -0.42634 0.98536 0.35877 0.42169 0.71036 0.41636 -0.34313 -0.96234 -0.79708 -0.12672 0.57915 0.96286 0.98774 0.91705 0.7846 0.52815 0.18121 -0.12933 -0.32828 -0.41594 -0.47746 -0.60488 -0.80758 -0.9716 -0.97067 -0.69895 -0.26694 0.14668 0.40273 0.43378 0.33998 0.055543 0.0045858 -0.15727 -0.11809
0.088299 -0.022194 -0.0078182 -0.11708 -0.22048 -0.17467 0.28047 0.71153 -0.59048 0.18756 0.10572 -0.64219 0.95113 -0.31867 -0.60341 0.9709 0.5304 0.58002 0.82184 0.56026 -0.19102 -0.91043 -0.87653 -0.26339 0.46502 0.92029 1 0.95875 0.8512 0.62023 0.28702 -0.024148 -0.23005 -0.32364 -0.39052 -0.5276 -0.74998 -0.94637 -0.98796 -0.75714 -0.34584 0.06625 0.32906 0.36261 0.26775 -0.018448 -0.067862 -0.22697 -0.18689
-0.068209 0.026383 0.053373 -0.10755 -0.084994 -0.39719 0.22468 0.48209 -0.3024 -0.099604 0.36434 -0.8029 0.88888 -0.10081 -0.75022 0.91659 0.68049 0.71741 0.90758 0.68736 -0.035958 -0.83859 -0.93692 -0.39347 0.34397 0.86314 0.9969 0.98637 0.90575 0.70356 0.3883 0.080113 -0.13055 -0.22922 -0.30096 -0.44658 -0.68682 -0.914 -0.99767 -0.8093 -0.42151 -0.0137 0.25419 0.2901 0.19482 -0.091505 -0.13914 -0.29477 -0.25402
-0.076035 0.048222 0.068659 -0.050894 0.065435 -0.51864 0.13266 0.18815 0.016523 -0.37314 0.59012 -0.90634 0.77466 0.11958 -0.86112 0.82601 0.80435 0.83008 0.96596 0.79484 0.11819 -0.74909 -0.97767 -0.51474 0.21836 0.79282 0.97899 1 0.94795 0.77741 0.48402 0.18235 -0.030839 -0.13367 -0.20969 -0.36267 -0.61881 -0.87497 -1 -0.85526 -0.49354 -0.092667 0.17862 0.21673 0.12164 -0.16326 -0.20892 -0.36037 -0.31921
0.049721 0.0059861 0.038964 0.01506 0.18474 -0.51698 0.023019 -0.1267 0.32906 -0.60793 0.76642 -0.94756 0.61693 0.33121 -0.93238 0.70398 0.89849 0.91531 0.99621 0.88058 0.26779 -0.64448 -0.99861 -0.62525 0.090479 0.71089 0.94705 0.99992 0.97767 0.84122 0.57329 0.28154 0.068062 -0.037947 -0.11759 -0.27666 -0.54668 -0.82982 -0.99517 -0.8949 -0.56158 -0.17018 0.10285 0.14296 0.04861 -0.23337 -0.27688 -0.42352 -0.38222
0.071311 -0.052303 -0.0060485 0.056257 0.24155 -0.39971 -0.084441 -0.41867 0.60087 -0.78391 0.88141 -0.92603 0.42619 0.52388 -0.96227 0.55629 0.96065 0.97134 0.99845 0.94312 0.40953 -0.52749 -1 -0.72338 -0.037461 0.61901 0.90201 0.98659 0.99495 0.89456 0.65532 0.37675 0.16521 0.057068 -0.0255 -0.18936 -0.47112 -0.77908 -0.98346 -0.92816 -0.62531 -0.24581 0.027322 0.069226 -0.023864 -0.30153 -0.34275 -0.48401 -0.44282
-0.020453 -0.052267 -0.034947 0.058509 0.22621 -0.1993 -0.17219 -0.6497 0.804 -0.88744 0.92859 -0.84531 0.21418 0.68889 -0.95092 0.3894 0.98981 0.99744 0.97353 0.98168 0.54045 -0.40096 -0.98247 -0.8078 -0.16337 0.5189 0.84492 0.96063 1 0.93717 0.72948 0.46713 0.25973 0.15053 0.065793 -0.10151 -0.39284 -0.72332 -0.96518 -0.95504 -0.68448 -0.31916 -0.047526 -0.0040732 -0.095416 -0.36745 -0.40627 -0.54163 -0.50083
-0.072607 0.011979 -0.035648 0.030504 0.15044 0.03638 -0.2276 -0.79207 0.91941 -0.91208 0.90686 -0.71254 -0.0068239 0.81935 -0.9002 0.21013 0.98609 0.99383 0.92302 0.99613 0.65802 -0.26778 -0.94698 -0.87753 -0.28532 0.4123 0.77698 0.92278 0.99315 0.96892 0.79523 0.55196 0.35083 0.24166 0.15555 -0.01383 -0.31252 -0.6631 -0.94067 -0.97556 -0.73886 -0.38986 -0.12129 -0.076547 -0.1657 -0.43087 -0.46721 -0.59622 -0.55606
-0.013643 0.06817 -0.017734 -0.0051105 0.041043 0.2557 -0.24445 -0.83108 0.9383 -0.85852 0.82022 -0.5377 -0.22475 0.91037 -0.81351 0.025386 0.95073 0.96158 0.84909 0.98693 0.76012 -0.13082 -0.89477 -0.93186 -0.40152 0.30099 0.69946 0.87391 0.97488 0.98982 0.85217 0.63058 0.43776 0.32974 0.24307 0.072999 -0.23081 -0.599 -0.9103 -0.98982 -0.78828 -0.45759 -0.1936 -0.14784 -0.23441 -0.49156 -0.52538 -0.64762 -0.60837
0.073452 0.050809 0.00065117 -0.025985 -0.069582 0.41444 -0.22312 -0.7659 0.86217 -0.73405 0.67704 -0.33278 -0.42835 0.95915 -0.69552 -0.15812 0.88587 0.90255 0.7544 0.95505 0.8451 0.0071494 -0.82731 -0.97041 -0.5104 0.18669 0.61369 0.81498 0.94577 1 0.90001 0.70245 0.5199 0.41412 0.32773 0.15834 -0.14836 -0.53157 -0.87445 -0.99791 -0.83261 -0.52206 -0.26411 -0.21761 -0.30124 -0.54933 -0.58059 -0.69571 -0.65763
0.048037 -0.023395 0.0081589 -0.021728 -0.15284 0.48412 -0.16979 -0.60857 0.70193 -0.55136 0.48917 -0.11087 -0.60775 0.96494 -0.55189 -0.33407 0.7945 0.81924 0.64198 0.90198 0.91175 0.14346 -0.74629 -0.99307 -0.61058 0.07107 0.52105 0.74704 0.9065 0.9997 0.93858 0.76711 0.59667 0.49422 0.40896 0.24162 -0.06578 -0.46139 -0.83355 -1 -0.87176 -0.58303 -0.33249 -0.28556 -0.36593 -0.604 -0.63269 -0.74039 -0.70373
-0.066382 -0.075196 0.0063613 0.0022347 -0.19082 0.45611 -0.094798 -0.38146 0.47606 -0.32715 0.27083 0.11463 -0.75481 0.92892 -0.38896 -0.49676 0.68024 0.7147 0.51518 0.82958 0.95932 0.27563 -0.65352 -1 -0.70086 -0.044248 0.42293 0.67116 0.85784 0.98925 0.96779 0.82421 0.66758 0.56953 0.48625 0.32227 0.016363 -0.389 -0.788 -0.99626 -0.90566 -0.64026 -0.39846 -0.3514 -0.42823 -0.65541 -0.68155 -0.78159 -0.7466
-0.078156 -0.050086 0.0044563 0.029283 -0.17926 0.34145 -0.010662 -0.11384 0.20829 -0.080471 0.037523 0.33088 -0.86344 0.85402 -0.21347 -0.64123 0.54723 0.59238 0.3775 0.74005 0.98748 0.40139 -0.55095 -0.9916 -0.78029 -0.15775 0.32071 0.58848 0.8006 0.9691 0.98768 0.87348 0.73222 0.6396 0.55913 0.39982 0.097521 -0.31494 -0.73823 -0.98691 -0.9343 -0.69358 -0.46177 -0.41488 -0.48795 -0.70344 -0.72707 -0.81924 -0.78615
0.046243 0.025493 0.0090403 0.041303 -0.12656 0.16679 0.070043 0.16208 -0.075066 0.16898 -0.19517 0.52624 -0.92974 0.74462 -0.032237 -0.76338 0.39993 0.45605 0.2325 0.63586 0.9963 0.51871 -0.44057 -0.96849 -0.84809 -0.26801 0.21577 0.50015 0.73566 0.93975 0.99835 0.91474 0.79027 0.70406 0.6272 0.47383 0.17719 -0.23974 -0.68469 -0.97217 -0.95769 -0.74283 -0.52217 -0.47578 -0.54487 -0.74799 -0.76915 -0.8533 -0.82235
0.097764 0.075315 0.017754 0.028271 -0.049808 -0.032074 0.13646 0.41508 -0.34773 0.40235 -0.41253 0.69085 -0.95201 0.60632 0.14805 -0.86007 0.24298 0.30962 0.083764 0.51965 0.98624 0.6258 -0.32439 -0.93148 -0.90371 -0.37375 0.10942 0.40732 0.66395 0.90178 1 0.94788 0.84145 0.76258 0.69014 0.54388 0.25489 -0.16389 -0.6278 -0.95231 -0.97588 -0.78788 -0.57948 -0.53389 -0.59884 -0.78898 -0.80775 -0.88376 -0.85516
-0.012852 0.052157 0.021275 -0.0067605 0.030642 -0.21769 0.18076 0.61827 -0.58583 0.60306 -0.60162 0.81702 -0.93067 0.44558 0.32109 -0.92911 0.081034 0.15707 -0.065261 0.39418 0.95809 0.72118 -0.20442 -0.88155 -0.94679 -0.47379 0.0029487 0.31114 0.5864 0.85581 0.9929 0.9729 0.8856 0.81492 0.74766 0.60966 0.3302 -0.087867 -0.568 -0.92759 -0.98892 -0.82865 -0.6335 -0.58902 -0.64971 -0.82633 -0.8428 -0.9106 -0.88456
-0.099369 -0.018621 0.011378 -0.049081 0.096421 -0.35786 0.19886 0.75173 -0.76983 0.75776 -0.75192 0.89948 -0.86812 0.2694 0.48119 -0.96929 -0.081334 0.0022939 -0.21128 0.26224 0.91294 0.80362 -0.082622 -0.8198 -0.97717 -0.56708 -0.10244 0.21273 0.50395 0.80254 0.97739 0.98984 0.92257 0.86089 0.79953 0.67084 0.40272 -0.012138 -0.50572 -0.89829 -0.99693 -0.86508 -0.68409 -0.64104 -0.69737 -0.86003 -0.87428 -0.93384 -0.91056
-0.027123 -0.069087 -0.011404 -0.079055 0.13503 -0.43078 0.19054 0.80405 -0.8859 0.85715 -0.8558 0.93549 -0.76844 0.085 0.62339 -0.98033 -0.23979 -0.15092 -0.35125 0.12662 0.85212 0.87218 0.039112 -0.74748 -0.99485 -0.65274 -0.20561 0.11318 0.41757 0.74266 0.95387 0.99881 0.95232 0.90036 0.84557 0.72719 0.4721 0.062873 -0.44138 -0.86472 -1 -0.89711 -0.73113 -0.6898 -0.7417 -0.89004 -0.90218 -0.9535 -0.93317
0.077466 -0.055383 -0.036258 -0.080859 0.14167 -0.42788 0.159 0.77292 -0.92667 0.89624 -0.90878 0.92479 -0.6371 -0.10045 0.74359 -0.96285 -0.39034 -0.29905 -0.48241 -0.0099598 0.7772 0.92619 0.15899 -0.6659 -1 -0.73 -0.3055 0.013535 0.32819 0.67693 0.92277 1 0.97486 0.93326 0.88566 0.7785 0.53802 0.13676 -0.37539 -0.82718 -0.99829 -0.92474 -0.77451 -0.7352 -0.78263 -0.91635 -0.92651 -0.96964 -0.95241
0.060284 0.0051903 -0.047899 -0.04945 0.11908 -0.35397 0.11003 0.66461 -0.89138 0.87444 -0.90953 0.86941 -0.48064 -0.28012 0.8386 -0.91823 -0.52938 -0.43885 -0.60232 -0.14491 0.68989 0.96526 0.27535 -0.57641 -0.99296 -0.79823 -0.40117 -0.085217 0.23674 0.60609 0.8846 0.99363 0.99023 0.95957 0.91973 0.82462 0.6002 0.20915 -0.30815 -0.78599 -0.99194 -0.94798 -0.81416 -0.77715 -0.82011 -0.93899 -0.94728 -0.98228 -0.96832
-0.033533 0.056279 -0.03601 0.0069693 0.075624 -0.22521 0.05101 0.49271 -0.78541 0.79525 -0.85973 0.77346 -0.30631 -0.44776 0.90623 -0.84859 -0.6538 -0.56743 -0.7089 -0.2758 0.59205 0.98926 0.38666 -0.48045 -0.97418 -0.85695 -0.49173 -0.18214 0.14411 0.5309 0.83987 0.97999 0.99856 0.9793 0.94774 0.86542 0.6584 0.27969 -0.24005 -0.74146 -0.98114 -0.96685 -0.85003 -0.81558 -0.85408 -0.95797 -0.96454 -0.99151 -0.98095
-0.070458 0.055936 -0.0023843 0.069748 0.022636 -0.06538 -0.010236 0.27621 -0.61946 0.66573 -0.76377 0.64271 -0.1217 -0.59785 0.94527 -0.75661 -0.761 -0.68233 -0.80045 -0.4004 0.4856 0.99829 0.49152 -0.37942 -0.94424 -0.90582 -0.57643 -0.27637 0.051166 0.45212 0.78913 0.9594 1 0.99254 0.9697 0.90082 0.71241 0.34807 -0.17146 -0.6939 -0.96606 -0.98142 -0.88206 -0.85044 -0.88453 -0.97335 -0.97832 -0.99739 -0.99037
-0.019496 0.010374 0.03867 0.11652 -0.028459 0.098623 -0.066405 0.037296 -0.40829 0.4958 -0.62829 0.48425 0.065566 -0.72578 0.95541 -0.64545 -0.84896 -0.78148 -0.87566 -0.51671 0.37253 0.99267 0.58873 -0.27476 -0.90385 -0.9446 -0.6546 -0.36711 -0.041273 0.37052 0.73296 0.93223 0.99475 0.99939 0.98567 0.93078 0.76207 0.41398 -0.10274 -0.64364 -0.94692 -0.99174 -0.91026 -0.88172 -0.91144 -0.98517 -0.98868 -1 -0.99663
0.047162 -0.037871 0.067029 0.12926 -0.068445 0.24128 -0.11154 -0.20102 -0.1693 0.29736 -0.46169 0.30608 0.24817 -0.82793 0.93728 -0.51863 -0.91618 -0.86326 -0.9336 -0.62297 0.25482 0.97295 0.67721 -0.16784 -0.85376 -0.9732 -0.72566 -0.45363 -0.13243 0.28683 0.67195 0.89885 0.98305 1 0.99573 0.95531 0.80724 0.47717 -0.034224 -0.591 -0.9239 -0.9979 -0.93461 -0.90938 -0.93482 -0.9935 -0.9957 -0.99944 -0.99981
0.058469 -0.050112 0.066973 0.10069 -0.091734 0.34227 -0.14155 -0.41706 0.078957 0.083469 -0.27352 0.11663 0.41934 -0.90174 0.89226 -0.37991 -0.96177 -0.92652 -0.97371 -0.71769 0.13442 0.93981 0.7561 -0.060021 -0.79483 -0.99162 -0.78916 -0.53528 -0.22159 0.20177 0.6067 0.8597 0.96517 0.99456 1 0.97442 0.84782 0.53741 0.033759 -0.53628 -0.89724 -1 -0.95515 -0.93344 -0.9547 -0.99841 -0.99944 -0.9958 -1
0.0042789 -0.02217 0.035496 0.036957 -0.096763 0.38898 -0.15446 -0.59238 0.31825 -0.1326 -0.073969 -0.075593 0.57308 -0.94569 0.82248 -0.23314 -0.98535 -0.97053 -0.99579 -0.79965 0.013251 0.89414 0.82466 0.047399 -0.72797 -1 -0.84471 -0.61151 -0.30806 0.11604 0.5378 0.81522 0.94141 0.98329 0.99863 0.98818 0.88373 0.59448 0.10091 -0.47979 -0.86716 -0.99816 -0.9719 -0.95392 -0.9711 -1 -1 -0.98919 -0.99729
-0.060112 0.017878 -0.015551 -0.044201 -0.08551 0.37772 -0.15037 -0.71315 0.53191 -0.33811 0.12677 -0.26241 0.70433 -0.95931 0.73065 -0.082201 -0.98707 -0.99499 -1 -0.8679 -0.10688 0.83692 0.88236 0.1532 -0.65413 -0.99854 -0.89206 -0.6818 -0.39124 0.030299 0.46585 0.76585 0.9121 0.96643 0.99179 0.99667 0.91494 0.64821 0.16695 -0.42183 -0.83388 -0.99249 -0.98492 -0.97084 -0.98408 -0.99835 -0.99747 -0.97971 -0.99176
-0.058746 0.037326 -0.064493 -0.11896 -0.062422 0.31338 -0.1312 -0.771 0.70597 -0.52163 0.31895 -0.43627 0.80911 -0.94312 0.61995 0.069123 -0.96754 -1 -0.98679 -0.92176 -0.22425 0.76927 0.92881 0.25623 -0.57429 -0.98756 -0.93101 -0.74575 -0.47058 -0.05481 0.39144 0.71207 0.87758 0.94423 0.9797 1 0.94142 0.69843 0.2316 -0.3627 -0.79763 -0.98315 -0.99426 -0.98426 -0.99369 -0.99357 -0.99194 -0.96749 -0.98353
0.017684 0.025259 -0.089527 -0.16468 -0.033097 0.20797 -0.10022 -0.76335 0.82988 -0.67355 0.49374 -0.59054 0.88458 -0.89851 0.49393 0.21723 -0.92783 -0.98605 -0.95691 -0.96083 -0.33728 0.69238 0.96379 0.35544 -0.48945 -0.96744 -0.96147 -0.80302 -0.54555 -0.13869 0.31516 0.65436 0.83822 0.91699 0.96256 0.99831 0.96319 0.74503 0.29463 -0.30268 -0.75866 -0.97026 -1 -0.99422 -1 -0.98577 -0.98354 -0.95263 -0.97269
