0.00094236 0.0074559 -0.013763 -0.0029763 0.022674 -0.0024454 -0.015416 -0.072345 -0.077853 -0.02381 -0.013539 -0.090297 -0.16248 -0.16455 0.044542 0.055763 0.14049 -0.27952 0.37022 -0.4473 -0.4241 0.094421 0.4033 0.43122 0.16627 -0.43424 -0.65765 0.34129 0.47191 -0.75319 0.6144 -0.39245 0.26653 -0.27268 0.40196 -0.61059 0.7891 -0.75725 0.37368 0.29585 -0.8042 0.53513 0.46478 -0.77253 0.44665 0.56096 -0.69097 -0.45185 0.70035
-0.0022482 0.0016918 0.011333 0.020237 -0.0064064 -0.03602 0.014065 -0.011457 -0.019341 -0.0096042 0.069278 -0.19162 -0.15038 -0.22955 0.053257 -0.080334 -0.23065 0.34258 -0.52665 -0.060391 0.45199 0.62544 0.64434 0.68535 0.48844 -0.29165 -0.69266 0.47506 0.22439 -0.65475 0.78284 -0.79162 0.79866 -0.81289 0.77511 -0.57582 0.13468 0.44122 -0.82614 0.60776 0.22098 -0.8471 0.24365 0.78661 -0.81263 -0.092329 0.86261 0.079995 -0.85065
0.0025655 -0.007138 0.0067677 0.028987 -0.048281 -0.025695 -0.075103 -0.032303 0.069777 -0.046381 0.071593 -0.20655 -0.20774 0.027744 -0.037802 0.098887 0.21552 -0.39557 0.23287 0.62913 0.56817 0.45606 0.51031 0.69791 0.50017 -0.45181 -0.51384 0.75239 -0.40712 0.015658 0.20991 -0.27334 0.1849 0.051381 -0.40388 0.74362 -0.81353 0.39658 0.36833 -0.85007 0.39671 0.6255 -0.65292 -0.54411 0.85341 -0.19284 -0.85656 0.085154 0.87289
-0.001949 0.0049703 0.0014503 -0.018648 -0.026461 0.00088396 -0.038418 0.0019227 0.017275 0.00018335 0.087004 -0.13876 0.030531 0.099407 0.0099632 -0.17974 0.057544 -0.10386 0.59355 0.492 0.33512 0.30543 0.51181 0.72932 0.22241 -0.74087 0.10128 0.54104 -0.78158 0.7963 -0.78014 0.79923 -0.82854 0.75361 -0.44701 -0.12 0.70334 -0.80559 0.17001 0.6951 -0.70233 -0.362 0.7984 0.38219 -0.83609 0.26475 0.86008 -0.043598 -0.86561
-0.0028977 0.0026512 -0.0083283 0.029884 0.030042 -0.0091995 0.0040675 -0.015359 -0.11752 -0.025675 0.17605 0.17588 0.090553 -0.08207 0.056705 0.15685 -0.36917 0.39702 0.37526 0.26573 0.27056 0.40476 0.68113 0.58305 -0.40266 -0.54281 0.77778 -0.49276 0.17101 -0.001203 0.0098552 -0.17252 0.46433 -0.76048 0.82619 -0.43146 -0.33644 0.85272 -0.47868 -0.51782 0.80108 0.24955 -0.82575 -0.3886 0.85659 -0.14783 -0.88417 -0.18634 0.77362
0.0039126 -0.0024224 0.014753 0.019417 -0.011039 -0.049362 -0.053671 -0.060402 -0.10958 -0.026988 0.02514 -0.053971 -0.086052 -0.021917 -0.08642 0.21756 -0.26843 0.53004 0.2123 0.28461 0.45621 0.66532 0.67533 -0.092833 -0.76588 0.4723 0.1523 -0.54922 0.70758 -0.74083 0.68548 -0.5022 0.12335 0.40925 -0.82165 0.69957 0.067557 -0.80735 0.58669 0.47028 -0.80529 -0.31598 0.77909 0.54977 -0.87419 -0.15026 0.82112 0.55031 -0.46749
-0.0018786 -0.0053406 0.00034156 -0.027185 -0.049523 -0.019932 0.069717 0.042429 -0.080695 0.090762 -0.17351 0.038032 0.018359 0.10852 -0.12007 -0.0097814 -0.062804 0.54751 0.29521 0.54671 0.71026 0.63944 -0.01285 -0.77766 0.13679 0.57201 -0.81235 0.79446 -0.75583 0.78189 -0.83976 0.80072 -0.50344 -0.1043 0.72814 -0.78774 0.020259 0.80741 -0.55055 -0.56959 0.7216 0.53067 -0.59992 -0.78043 0.75141 0.56758 -0.50614 -0.86191 -0.11293
-0.00085791 0.0074653 0.013554 0.015356 -0.02836 0.059164 0.046759 0.078007 0.031596 0.0030868 0.19736 -0.10917 0.063561 0.0042018 -0.0089929 -0.17941 -0.00069013 0.58997 0.57735 0.76587 0.48481 -0.16535 -0.77616 -0.0025884 0.73086 -0.76956 0.53917 -0.36512 0.35038 -0.4899 0.71752 -0.85621 0.6683 -0.032708 -0.70056 0.78656 0.068372 -0.86048 0.36419 0.75821 -0.47669 -0.79256 0.20055 0.88888 -0.3353 -0.87889 -0.11981 0.7885 0.73776
-0.0060826 -0.0046635 0.0088937 -0.02274 0.037413 -0.031155 -0.059336 0.018788 0.041948 -0.072395 -0.15033 0.13374 -0.061298 -0.03098 0.091374 -0.22942 -0.12765 0.52855 0.71492 0.31707 -0.45272 -0.75661 0.084983 0.75425 -0.68166 0.27733 0.022333 -0.12532 0.039737 0.21762 -0.58663 0.8514 -0.70061 -0.0026306 0.76598 -0.69546 -0.31412 0.87766 0.0030049 -0.88995 0.0083084 0.88616 0.38888 -0.61888 -0.34412 0.72459 0.7674 -0.12513 -0.84922
-0.0028231 -0.0029734 0.022007 -0.041351 -0.0078885 -0.0085009 -0.062425 -0.099373 -0.079983 0.05453 -0.022999 0.021121 -0.030581 -0.010246 0.124 -0.14925 -0.40967 0.08056 0.12771 -0.67831 -0.58757 0.36957 0.68162 -0.68839 0.16011 0.2494 -0.43121 0.43128 -0.26188 -0.089445 0.55876 -0.86395 0.62798 0.19732 -0.86477 0.44788 0.64812 -0.70195 -0.4983 0.73884 0.5784 -0.55253 -0.86098 -0.09822 0.8689 0.030489 -0.81447 -0.72266 0.10399
-0.0070477 -0.0020194 -0.0084438 -0.039883 0.010193 -0.03101 -0.014374 -0.018362 0.093631 0.077697 0.18385 -0.062255 0.045572 0.020914 0.061368 0.11259 -0.55631 -0.58832 -0.74392 -0.34558 0.68475 0.42463 -0.78087 0.23384 0.30312 -0.56463 0.63309 -0.56102 0.32009 0.12033 -0.64609 0.87241 -0.41504 -0.51178 0.85866 0.0076414 -0.8844 0.20791 0.87167 -0.15874 -0.90194 -0.21543 0.72176 0.81062 -0.63225 -0.82052 -0.019998 0.79056 0.81507
0.0044462 -0.00014982 0.026234 0.0060777 -0.047535 -0.065859 0.010869 0.043501 -0.048182 -0.2123 0.035444 -0.040732 0.096598 0.05973 -0.13206 0.445 -0.075548 -0.36777 -0.090723 0.83224 -0.045549 -0.79895 0.48028 0.17655 -0.5642 0.70017 -0.69746 0.56238 -0.23187 -0.2975 0.79643 -0.78065 0.020598 0.81647 -0.57225 -0.57157 0.74113 0.49032 -0.73406 -0.61382 0.52468 0.8665 0.13832 -0.71819 -0.34234 0.66003 0.87368 0.21666 -0.60361
0.0035789 0.011334 -0.0014536 0.007852 -0.01247 -0.081809 -0.013058 -0.015512 -0.10237 -0.0057334 -0.085502 -0.001638 0.12737 0.089617 -0.35561 0.34023 0.60761 0.65571 0.77225 -0.4534 -0.53335 0.76275 -0.1455 -0.41627 0.66911 -0.72843 0.66621 -0.44202 -0.0041973 0.57694 -0.8858 0.46495 0.49537 -0.8632 -0.051006 0.89873 -0.083262 -0.90381 -0.037554 0.88712 0.41653 -0.61125 -0.88908 -0.28513 0.90595 0.44109 -0.45921 -0.91849 -0.59513
0.0032807 0.00065427 0.00069256 -0.013102 -0.0014947 -0.025581 0.066745 -0.015186 0.17436 0.18535 -0.10147 0.033046 0.12328 0.040491 -0.23088 -0.36781 0.0098972 -0.02533 -0.65653 -0.14773 0.79268 -0.58462 -0.068209 0.50631 -0.67161 0.67106 -0.52391 0.17354 0.36852 -0.83559 0.73178 0.10736 -0.87266 0.42134 0.72611 -0.57949 -0.71293 0.49803 0.82966 -0.18088 -0.90862 -0.44777 0.4513 0.91297 -0.10299 -0.86675 -0.73318 0.03595 0.73898
0.0020944 0.00094098 -0.0077726 -0.019923 -0.0088547 0.081287 -0.10617 -0.0047211 0.12466 0.19281 -0.076839 0.068761 0.020783 -0.11916 0.31884 -0.34021 -0.61145 -0.58077 0.16495 0.56844 -0.83793 0.4449 0.13723 -0.47637 0.57557 -0.49579 0.22641 0.24299 -0.74632 0.85344 -0.21167 -0.71358 0.73032 0.38971 -0.85004 -0.31702 0.82429 0.49971 -0.64857 -0.79696 0.15096 0.88206 0.70286 -0.065241 -0.89341 -0.2413 0.58916 0.92477 0.57369
-0.0073182 -0.0027189 0.0039441 0.022378 -0.053935 -0.015411 0.12616 0.094767 -0.070662 0.14864 -0.041981 0.07954 -0.18765 -0.15082 0.25929 0.56619 0.58513 0.75862 0.2786 -0.77105 0.81954 -0.41138 -0.068818 0.32289 -0.34492 0.15636 0.22858 -0.69196 0.89003 -0.42939 -0.51402 0.87111 0.034675 -0.90583 0.10286 0.9109 0.070581 -0.88434 -0.45334 0.61714 0.86633 0.13351 -0.66277 -0.91367 0.22692 0.89084 0.73787 0.023533 -0.66757
-0.0027442 -0.0096122 -0.031257 0.040502 -0.070341 -0.0067598 -0.077986 -0.016109 -0.18003 0.12841 -0.0054753 -0.0056103 -0.23355 0.1498 -0.46886 -0.2043 -0.19772 -0.6428 -0.54643 0.84496 -0.82048 0.49204 -0.13155 -0.027533 -0.046122 0.32806 -0.70539 0.89793 -0.54038 -0.34251 0.90504 -0.25356 -0.82159 0.44469 0.80984 -0.33667 -0.90127 -0.041338 0.86831 0.59462 -0.39082 -0.92084 -0.63277 0.10661 0.90413 0.32396 -0.4745 -0.91762 -0.75378
0.0077647 0.013435 0.0071073 0.056501 0.039218 -0.0081288 -0.085401 -0.15093 -0.20828 0.13079 0.0038189 -0.16677 0.14593 0.13211 0.15337 -0.26313 -0.19321 0.45502 0.66886 -0.86031 0.8536 -0.65808 0.43827 -0.38533 0.52939 -0.78049 0.89747 -0.56655 -0.24996 0.89142 -0.44755 -0.67852 0.67671 0.61186 -0.63351 -0.75641 0.33455 0.91914 0.22599 -0.73739 -0.8334 -0.10514 0.64018 0.92704 -0.068051 -0.81113 -0.87547 -0.34862 0.35388
-0.0045861 0.017497 -0.0029545 0.054576 -0.005916 0.015581 0.14086 -0.16662 -0.20268 0.1176 -0.047586 -0.11516 0.27241 -0.2814 0.26318 0.55476 0.44948 -0.32279 -0.69473 0.82988 -0.87443 0.83199 -0.75645 0.77697 -0.87433 0.86971 -0.50923 -0.24726 0.87777 -0.56106 -0.54794 0.80668 0.39277 -0.81197 -0.53335 0.62784 0.82356 -0.13584 -0.90223 -0.57696 0.35423 0.90985 0.75118 0.12637 -0.92098 -0.62362 0.09542 0.74009 0.93283
0.0037414 0.006466 -0.017304 0.015069 0.0053889 0.030148 0.10167 -0.12812 -0.16457 0.051661 -0.078746 0.21777 -0.31483 0.18 -0.51043 -0.66388 -0.57991 0.29111 0.63733 -0.71461 0.79169 -0.87412 0.89332 -0.88238 0.75832 -0.35278 -0.33953 0.88565 -0.59747 -0.45807 0.86947 0.204 -0.89673 -0.29809 0.80878 0.63456 -0.4397 -0.9208 -0.26374 0.67152 0.8992 0.3375 -0.39631 -0.87219 -0.33778 0.4937 0.91698 0.78583 0.2526
0.0052199 0.0058599 0.029056 -0.038355 -0.024033 -0.095147 -0.025761 -0.10966 -0.062567 -0.033075 0.064084 0.074608 -0.00039331 0.031105 0.57918 0.68089 0.62591 -0.36568 -0.47223 0.45014 -0.50135 0.62288 -0.63087 0.46889 -0.071818 -0.5144 0.90923 -0.56698 -0.43902 0.89476 0.076809 -0.91966 -0.09199 0.89798 0.41868 -0.67134 -0.83845 0.04014 0.85435 0.74404 -0.065663 -0.77416 -0.92015 -0.56186 0.72228 0.91518 0.50809 -0.17564 -0.72794
0.0041096 -0.0043095 0.0038406 0.026228 0.066509 -0.0061119 -0.078413 -0.13612 0.094886 -0.03062 0.13794 -0.31268 0.31713 -0.216 -0.55995 -0.68205 -0.60668 0.52888 0.16481 -0.0038606 -0.025714 -0.032284 -0.053763 0.34015 -0.73413 0.91014 -0.45747 -0.49264 0.89746 0.011793 -0.92033 0.06076 0.92645 0.21608 -0.81555 -0.69083 0.30463 0.92823 0.52606 -0.38737 -0.92038 -0.72093 -0.12057 0.51758 0.81126 0.16448 -0.51698 -0.91201 -0.85997
-0.0081545 0.017659 0.01301 0.0087856 -0.10158 0.11996 -0.070174 -0.19139 0.17159 0.025271 -0.16041 0.25441 -0.45564 0.33168 0.53239 0.70145 0.50839 -0.72754 0.27461 -0.53796 0.62388 -0.65052 0.76321 -0.90234 0.82023 -0.24838 -0.61363 0.87982 0.026172 -0.9176 0.14892 0.92158 0.049971 -0.89215 -0.52626 0.52397 0.92308 0.29401 -0.62287 -0.92691 -0.44196 0.32637 0.82731 0.92125 -0.09412 -0.76649 -0.93669 -0.6379 -0.084051
0.0037005 -2.2534e-05 0.021803 -0.038965 0.037494 0.10751 -0.040435 -0.21163 0.017939 -0.033892 -0.043605 -0.016583 0.44206 -0.39296 -0.53812 -0.73298 -0.29748 0.85366 -0.72243 0.91324 -0.90937 0.89847 -0.82611 0.53974 0.075867 -0.77111 0.81983 0.11751 -0.9228 0.17917 0.91406 -0.064979 -0.92471 -0.37257 0.67819 0.86221 0.071844 -0.78081 -0.85475 -0.17037 0.61916 0.94048 0.7441 0.2316 -0.87639 -0.84431 -0.36569 0.27457 0.75659
-0.0069691 0.014911 0.003407 0.040262 0.089482 0.036927 -0.0058541 -0.1093 -0.15258 -0.016984 0.24332 -0.2205 -0.36636 0.42609 0.58541 0.73403 -0.044014 -0.75654 0.92328 -0.78408 0.53072 -0.3423 0.011278 0.49446 -0.90299 0.67676 0.28759 -0.92945 0.13677 0.91301 -0.12092 -0.93133 -0.24765 0.77849 0.7766 -0.13513 -0.87711 -0.74182 0.069671 0.79532 0.89751 0.42849 -0.18463 -0.69816 -0.72326 -0.068444 0.54808 0.90999 0.89643
0.0092105 -0.016795 -0.0047787 -0.011606 -0.010012 -0.0098007 0.01894 0.093274 0.025471 0.10327 -0.29346 0.37597 0.29849 -0.44532 -0.65299 -0.63309 0.46289 0.32985 -0.62036 0.06235 0.35605 -0.61023 0.85512 -0.89468 0.40324 0.51904 -0.91107 0.022819 0.92395 -0.12424 -0.93375 -0.16492 0.83874 0.68825 -0.29811 -0.92756 -0.60985 0.26989 0.89291 0.79093 0.13957 -0.54605 -0.90032 -0.90117 0.13095 0.75458 0.94791 0.74222 0.28484
0.0066231 -0.0055973 0.027933 -0.034016 -0.064082 -0.018697 0.0015769 0.16365 0.12391 -0.12148 0.21268 -0.45518 -0.27478 0.44548 0.68801 0.35917 -0.78921 0.33231 -0.15123 0.76718 -0.92206 0.87079 -0.59236 -0.035552 0.76582 -0.82059 -0.16791 0.9352 -0.059241 -0.93578 -0.13538 0.86731 0.61386 -0.41836 -0.94159 -0.46633 0.43363 0.93653 0.66063 -0.096104 -0.75333 -0.94256 -0.71769 -0.25113 0.84819 0.90352 0.54662 -0.018148 -0.53225
0.0021856 -0.021389 -0.020869 0.038325 -0.071557 -0.0026318 -0.07573 -0.023498 -0.1504 0.046105 -0.080672 0.49307 0.30867 -0.40196 -0.61053 0.092355 0.77424 -0.84303 0.85478 -0.86078 0.41784 0.032108 -0.56368 0.92724 -0.60104 -0.42265 0.91789 0.072331 -0.93552 -0.15344 0.87665 0.56621 -0.49957 -0.93539 -0.34106 0.57119 0.94401 0.52678 -0.28525 -0.86657 -0.87972 -0.43348 0.11605 0.60445 0.83659 0.31976 -0.2692 -0.74632 -0.9463
0.0015368 0.003582 -0.021258 0.042871 -0.076564 0.018849 -0.12337 -0.11545 0.067326 0.071895 -0.041527 -0.51868 -0.39787 0.27867 0.34612 -0.5797 -0.27746 0.72069 -0.76188 -0.04053 0.6599 -0.91319 0.8265 -0.19703 -0.70135 0.82504 0.27223 -0.91876 -0.234 0.86853 0.55933 -0.54076 -0.92277 -0.24088 0.66849 0.92617 0.39653 -0.43411 -0.92435 -0.78314 -0.18909 0.4489 0.8327 0.94809 0.17132 -0.49008 -0.87079 -0.93826 -0.71751
0.011356 -0.014218 0.022256 -0.048338 -0.089525 0.019232 0.013863 0.048245 0.05782 -0.17897 0.12674 0.54251 0.52053 -0.051182 0.10155 0.80827 -0.4749 0.0859 -0.18811 0.92224 -0.80498 0.34015 0.35718 -0.91242 0.60303 0.52141 -0.85554 -0.37057 0.83236 0.58734 -0.54373 -0.91206 -0.1708 0.73332 0.89712 0.26667 -0.55233 -0.94726 -0.67786 0.0051646 0.64988 0.94091 0.87395 0.56421 -0.60291 -0.93763 -0.87245 -0.51915 -0.048446
-0.0023698 -0.030458 0.0042441 -0.085079 -0.10657 -0.016321 0.19111 0.030422 -0.16732 0.25403 -0.1672 -0.5534 -0.62496 -0.253 -0.57058 -0.50882 0.86823 -0.84653 0.94043 -0.51225 -0.32645 0.83355 -0.88363 0.20137 0.77392 -0.70494 -0.55465 0.75534 0.65879 -0.51138 -0.91545 -0.13769 0.77257 0.86667 0.16246 -0.65216 -0.94796 -0.57521 0.16105 0.77222 0.94707 0.69674 0.26919 -0.20977 -0.94935 -0.76329 -0.32793 0.20174 0.6313
-0.0036122 -0.017033 -0.032957 -0.028113 -0.11726 -0.043086 -0.0068428 -0.027766 0.2354 -0.30186 0.15876 0.51909 0.62709 0.51778 0.75337 -0.23038 -0.40923 0.62481 -0.41684 -0.70331 0.91793 -0.47243 -0.34523 0.93705 -0.42771 -0.75379 0.61182 0.76009 -0.427 -0.92739 -0.14914 0.78653 0.84332 0.08503 -0.72142 -0.93308 -0.47712 0.28569 0.84941 0.91503 0.52549 -0.043002 -0.5067 -0.82656 -0.68619 -0.12939 0.39423 0.79076 0.95223
0.0064754 0.015003 0.042743 0.031701 -0.099178 0.021838 -0.22891 0.0048812 -0.26481 0.33586 -0.09377 -0.394 -0.43773 -0.55833 -0.40576 0.80891 -0.54086 0.43666 -0.7483 0.75952 0.16404 -0.82249 0.85348 0.0019275 -0.91153 0.37723 0.86964 -0.28589 -0.94395 -0.19867 0.77898 0.83262 0.035948 -0.76638 -0.91297 -0.37771 0.38835 0.89764 0.86855 0.3818 -0.25568 -0.73641 -0.93775 -0.91837 -0.023682 0.56198 0.88295 0.95001 0.78453
-0.01137 0.0067407 -0.0095209 0.05226 -0.026163 0.11057 0.14981 -0.016409 0.27259 -0.36579 -0.036162 0.14342 0.034385 0.24852 -0.31947 -0.56225 0.84801 -0.89554 0.71707 0.54594 -0.93628 0.41333 0.51717 -0.93374 0.039567 0.94396 -0.076643 -0.94836 -0.29982 0.74851 0.84432 0.020743 -0.79201 -0.89346 -0.29974 0.4813 0.92743 0.81781 0.26122 -0.40195 -0.8505 -0.9502 -0.79375 -0.47814 0.63548 0.93765 0.90912 0.63971 0.25151
-0.0062907 -0.024589 -0.036388 0.04619 0.088291 -0.0038858 0.10774 0.060036 -0.27755 0.3914 0.227 0.21257 0.44993 0.2878 0.78763 -0.36637 0.012138 -0.044801 0.56577 -0.82155 -0.2069 0.89733 -0.69606 -0.38625 0.92495 0.1973 -0.91252 -0.44428 0.67953 0.87034 0.045541 -0.79679 -0.88019 -0.24358 0.54767 0.94614 0.76526 0.16058 -0.50873 -0.90854 -0.90766 -0.5994 -0.20593 0.20937 0.94935 0.83822 0.50112 0.044304 -0.37836
0.0076981 0.0074145 0.015606 0.027616 0.14498 -0.15965 -0.26848 -0.11101 0.29391 -0.39914 -0.44175 -0.55517 -0.71678 -0.62883 -0.41982 0.85557 -0.87987 0.92782 -0.81177 -0.55386 0.90726 -0.16373 -0.78925 0.73401 0.51251 -0.7985 -0.62169 0.56294 0.90972 0.10437 -0.78297 -0.87625 -0.2109 0.59148 0.95479 0.70727 0.072929 -0.58854 -0.93899 -0.85446 -0.43972 0.073614 0.4762 0.77389 0.79518 0.35153 -0.12015 -0.55462 -0.83552
-0.0010005 -0.031055 0.00070606 -0.0032213 0.038223 0.067595 0.24507 0.15329 -0.32871 0.36197 0.59478 0.67711 0.48357 0.37442 -0.48054 -0.13915 0.33967 -0.15274 -0.53308 0.76157 0.43105 -0.9547 0.3112 0.81095 -0.56916 -0.80048 0.38111 0.9464 0.21159 -0.74826 -0.88955 -0.20694 0.61529 0.95743 0.66119 -0.013363 -0.65178 -0.95386 -0.80154 -0.31741 0.25502 0.69218 0.90569 0.95731 0.28349 -0.27603 -0.67513 -0.91489 -0.95749
-0.005179 0.032545 0.029355 -0.04883 -0.11868 0.14113 -0.11095 -0.18547 0.37969 -0.24648 -0.56637 -0.40552 0.18509 0.31805 0.78019 -0.81459 0.8006 -0.92248 0.78324 0.71201 -0.75812 -0.27436 0.95861 -0.19051 -0.93242 0.12503 0.95554 0.36029 -0.67711 -0.91163 -0.23862 0.61527 0.95805 0.62794 -0.07657 -0.70953 -0.95936 -0.75243 -0.22015 0.37584 0.80347 0.95943 0.90359 0.71 -0.33629 -0.77472 -0.95071 -0.92058 -0.72882
-0.012206 -0.015854 0.056195 -0.094686 -0.052286 -0.20221 -0.036419 0.21432 -0.43175 0.033265 0.2732 -0.18857 -0.72869 -0.66697 0.041511 0.44388 -0.48454 0.15343 0.65692 -0.54452 -0.75291 0.79956 0.30725 -0.94156 -0.20036 0.90058 0.54357 -0.56166 -0.93986 -0.29873 0.59057 0.95664 0.60995 -0.11895 -0.74928 -0.95864 -0.70524 -0.14155 0.46306 0.86466 0.95504 0.78226 0.50697 0.17196 -0.80587 -0.96312 -0.86858 -0.59989 -0.25776
-0.016872 0.00079497 0.029913 -0.096962 0.1108 0.082777 0.14452 -0.24757 0.45357 0.24959 0.21863 0.68713 0.51965 0.13909 -0.82638 0.71722 -0.77678 0.94251 -0.61739 -0.91992 0.36945 0.7658 -0.72867 -0.56751 0.74273 0.73566 -0.38614 -0.95959 -0.39938 0.54132 0.9586 0.61094 -0.14081 -0.77419 -0.95535 -0.65337 -0.073172 0.52849 0.90185 0.93513 0.67407 0.27368 -0.08803 -0.42032 -0.96027 -0.79894 -0.48744 -0.087655 0.28365
-0.0085937 0.019661 -0.0098595 -0.014357 -0.016819 0.086087 -0.20456 0.28868 -0.40027 -0.49832 -0.63136 -0.58437 0.32514 0.61994 0.2533 -0.56077 0.46479 0.028888 -0.86393 0.10704 0.9638 -0.26284 -0.8743 0.43703 0.89719 -0.14286 -0.94843 -0.53145 0.45105 0.95713 0.63857 -0.13703 -0.78655 -0.95121 -0.61412 -0.0026623 0.58196 0.92537 0.91156 0.58986 0.11494 -0.33307 -0.63438 -0.84245 -0.77059 -0.36745 0.042989 0.43895 0.7257
-0.0057719 -0.038781 -0.025978 0.10373 -0.082801 -0.19434 0.22804 -0.3327 0.23038 0.55103 0.60591 -0.14001 -0.7891 -0.44429 0.78317 -0.69865 0.84023 -0.93465 0.2492 0.9709 0.27033 -0.95673 -0.021485 0.96451 0.16485 -0.87543 -0.68521 0.31707 0.94416 0.68406 -0.10276 -0.78283 -0.94879 -0.5868 0.04845 0.63473 0.94108 0.88796 0.52224 0.0067444 -0.47651 -0.79836 -0.93649 -0.96068 -0.3285 0.17078 0.54682 0.8227 0.95067
0.007068 0.022736 -0.01666 0.10208 0.11348 0.21767 -0.22885 0.36254 0.058261 -0.28852 -0.046401 0.75063 0.15565 -0.4805 -0.37413 0.53486 -0.28455 -0.37234 0.98293 0.49878 -0.75663 -0.52788 0.84288 0.51802 -0.70936 -0.83433 0.13016 0.90837 0.75331 -0.042928 -0.7639 -0.9481 -0.57283 0.082555 0.67181 0.95346 0.8634 0.46678 -0.073368 -0.56518 -0.87491 -0.96607 -0.90999 -0.76059 0.20598 0.64412 0.87979 0.96812 0.91594
0.01904 0.0094666 0.00532 -0.051521 -0.069637 -0.18503 0.21571 -0.34783 -0.38623 -0.21088 -0.60832 -0.44553 0.74044 0.58855 -0.77812 0.77797 -0.9276 0.7649 0.31876 -0.61499 -0.86776 0.47786 0.83381 -0.4126 -0.94341 -0.10785 0.83056 0.83482 0.057682 -0.72801 -0.95501 -0.5757 0.099884 0.69567 0.96085 0.83354 0.41639 -0.13545 -0.62646 -0.91383 -0.95395 -0.80288 -0.58971 -0.32982 0.66629 0.92258 0.96438 0.85615 0.65133
-0.0072226 0.022668 0.025348 -0.096949 -0.021482 0.1338 -0.19124 0.25188 0.5843 0.60739 0.65055 -0.48711 -0.4648 0.3985 0.34464 -0.36273 -0.07149 0.77066 -0.7677 -0.9587 0.0056483 0.97005 0.017981 -0.95777 -0.3858 0.68954 0.91405 0.19451 -0.66095 -0.96242 -0.60282 0.095344 0.70781 0.96437 0.81046 0.36006 -0.18944 -0.67146 -0.93633 -0.93405 -0.71213 -0.38715 -0.097045 0.1869 0.92886 0.9466 0.79851 0.5352 0.23848
-0.0094169 -0.03494 0.02636 0.057979 0.1155 -0.088576 0.15408 -0.052671 -0.4711 -0.50617 0.082054 0.74307 -0.62023 -0.63256 0.83305 -0.89255 0.89278 -0.30181 -0.86235 -0.17825 0.86149 0.4932 -0.80163 -0.67915 0.46715 0.96421 0.36685 -0.5586 -0.96593 -0.64581 0.064012 0.70407 0.96594 0.79339 0.31816 -0.24822 -0.70874 -0.95009 -0.91372 -0.64452 -0.25104 0.13549 0.41177 0.63952 0.93945 0.73006 0.44247 0.09715 -0.21766
0.011035 -0.037905 -0.0061785 0.041213 -0.17511 0.059334 -0.10267 -0.22325 0.019867 -0.10899 -0.75256 0.16155 0.60619 -0.42301 -0.16497 0.017737 0.5479 -0.9648 0.090436 0.78925 0.82662 -0.4405 -0.91076 0.14241 0.95476 0.56054 -0.40904 -0.95611 -0.71227 0.011267 0.68447 0.96421 0.78375 0.28851 -0.29141 -0.74792 -0.95897 -0.89442 -0.59144 -0.15995 0.27417 0.60706 0.79608 0.91429 0.71492 0.34383 -0.0066144 -0.35161 -0.61637
-0.024363 -0.0012685 -0.062065 -0.079802 0.18795 -0.046584 0.039528 0.47311 0.50401 0.65906 0.40618 -0.82752 0.56552 0.59897 -0.88806 0.90068 -0.55799 -0.40152 0.92717 0.91127 -0.0084914 -0.96639 -0.26638 0.84076 0.75498 -0.2066 -0.91717 -0.79301 -0.077772 0.64902 0.96407 0.78356 0.27152 -0.32152 -0.77624 -0.96578 -0.87406 -0.54789 -0.092711 0.36073 0.70957 0.90359 0.96575 0.95665 0.32668 -0.11104 -0.44338 -0.716 -0.88159
0.0102 -0.011459 -0.089584 0.064564 -0.16422 0.046064 0.025003 -0.53609 -0.64481 -0.46338 0.56472 0.052931 -0.6307 0.54782 -0.16952 0.46251 -0.91765 0.6397 0.7361 0.11889 -0.82328 -0.66443 0.57586 0.91643 0.049774 -0.82945 -0.87789 -0.19848 0.58376 0.96044 0.8002 0.2716 -0.33925 -0.79545 -0.96975 -0.84776 -0.50664 -0.039757 0.42186 0.76815 0.94488 0.96217 0.89538 0.77426 -0.12551 -0.53121 -0.77836 -0.93003 -0.97286
-0.02195 -0.027166 -0.040792 -0.0086008 0.12334 -0.051114 -0.072901 0.29148 0.17147 -0.34662 -0.67721 0.84037 -0.61534 -0.45764 0.81412 -0.62022 -0.11651 0.93724 -0.22032 -0.77445 -0.90539 0.16793 0.97508 0.35903 -0.6742 -0.94608 -0.35118 0.48736 0.94729 0.8259 0.29533 -0.33958 -0.80692 -0.97112 -0.82669 -0.45696 0.0087645 0.46851 0.80695 0.96195 0.93507 0.78631 0.6193 0.4246 -0.54044 -0.83342 -0.95352 -0.96473 -0.88682
0.020068 -0.013993 0.035843 -0.072185 -0.082835 0.053588 0.085642 0.19315 0.52793 0.72503 -0.34691 -0.12246 0.54872 -0.71614 0.59345 -0.87271 0.81821 0.20909 -0.94429 -0.95207 -0.23319 0.85782 0.67773 -0.42338 -0.97467 -0.52504 0.35057 0.9188 0.86519 0.33548 -0.31953 -0.80705 -0.97142 -0.80954 -0.41809 0.065966 0.51007 0.83504 0.96977 0.90878 0.7006 0.43392 0.21367 -0.0061143 -0.83701 -0.96788 -0.94822 -0.82732 -0.65151
-0.012915 0.0061293 0.033586 0.13571 0.05409 -0.045027 -0.058168 -0.59797 -0.66745 -0.047002 0.78922 -0.85764 0.74669 0.15913 -0.46574 -0.015926 0.80687 -0.7277 -0.76484 -0.30605 0.61263 0.91122 -0.070076 -0.92789 -0.70627 0.1702 0.86261 0.91068 0.40466 -0.28311 -0.79754 -0.96968 -0.79742 -0.38762 0.11055 0.55804 0.85862 0.97302 0.8854 0.63939 0.3116 -0.0049336 -0.22711 -0.42564 -0.96703 -0.92224 -0.77672 -0.55379 -0.31631
0.016908 0.0096142 -0.0091642 -0.1447 -0.042938 0.019696 0.010871 0.53508 -0.024684 -0.73945 0.22359 0.049332 -0.328 0.80141 -0.89502 0.85471 -0.085895 -0.93236 0.10055 0.58039 0.98312 0.33218 -0.7597 -0.87373 -0.054887 0.76491 0.9532 0.49684 -0.2154 -0.77795 -0.97164 -0.79228 -0.36596 0.14516 0.59527 0.88432 0.97309 0.86413 0.59182 0.23084 -0.1361 -0.43277 -0.61288 -0.75501 -0.91894 -0.71759 -0.47988 -0.19812 0.059648
6.4072e-05 -0.0043223 0.025236 0.096872 0.051601 0.02009 0.016244 0.049597 0.72816 0.32881 -0.82755 0.87819 -0.87495 0.28756 -0.17032 0.73132 -0.8798 -0.25437 0.8661 0.998 0.64236 -0.45597 -0.9744 -0.32833 0.61277 0.97607 0.60973 -0.11925 -0.73727 -0.97273 -0.80173 -0.35721 0.17022 0.62377 0.90372 0.97007 0.84129 0.55193 0.1707 -0.21839 -0.54571 -0.76588 -0.87476 -0.94118 -0.71386 -0.39934 -0.11399 0.17943 0.41819
-0.024282 -0.021982 0.011924 -0.01823 -0.079789 -0.058644 0.0042295 -0.64199 -0.42102 0.67488 -0.22915 0.16305 -0.058225 -0.62762 0.76112 -0.19782 -0.79025 0.64347 0.91093 0.66482 -0.13146 -0.94373 -0.62031 0.38297 0.96275 0.73135 0.0099466 -0.67484 -0.97007 -0.81876 -0.36823 0.1808 0.64462 0.91763 0.96623 0.81051 0.51199 0.12166 -0.27787 -0.61282 -0.83939 -0.94842 -0.97452 -0.96236 -0.3967 -0.025746 0.26069 0.52243 0.7105
0.014667 -0.025473 -0.08464 -0.060885 0.12415 0.067598 -0.048878 0.55409 -0.54729 -0.47552 0.82492 -0.83555 0.84864 -0.71621 0.79344 -0.91041 0.048086 0.97627 0.2444 -0.13481 -0.80638 -0.85772 0.069915 0.88528 0.84978 0.16909 -0.58203 -0.96018 -0.84938 -0.39177 0.17303 0.65354 0.92738 0.96094 0.78398 0.46088 0.07383 -0.3254 -0.65966 -0.87896 -0.97033 -0.95837 -0.90654 -0.8267 -0.024937 0.34326 0.58962 0.78595 0.90247
0.014364 -0.0027698 0.034328 0.12165 -0.17635 -0.019879 0.048552 0.22489 0.6754 -0.64173 0.36239 -0.4852 0.54355 0.10158 -0.06578 -0.70016 0.83265 0.50415 -0.59298 -0.82896 -0.96883 -0.28358 0.71067 0.9471 0.35524 -0.4532 -0.93447 -0.88867 -0.44032 0.15233 0.65085 0.93058 0.95542 0.75978 0.41758 0.013996 -0.37081 -0.69609 -0.90451 -0.97601 -0.9265 -0.80602 -0.69353 -0.56622 0.34226 0.65535 0.83097 0.9409 0.97687
0.0052317 0.036327 0.089196 -0.15877 0.22115 -0.082582 0.035651 -0.76415 0.34039 0.51122 -0.75308 0.62234 -0.5063 0.79806 -0.84874 0.1812 0.88676 -0.35562 -0.99496 -0.97473 -0.55449 0.43468 0.98283 0.56806 -0.28273 -0.88196 -0.93133 -0.50888 0.10414 0.6387 0.93158 0.94976 0.73872 0.37941 -0.036455 -0.4264 -0.72974 -0.92291 -0.97608 -0.89829 -0.72734 -0.52718 -0.37845 -0.22811 0.65315 0.87203 0.95932 0.97541 0.93289
-0.032368 0.054094 -0.12042 0.17512 -0.23676 0.1845 -0.12988 0.26283 -0.78777 0.68035 -0.59286 0.80675 -0.89185 0.57049 -0.7542 0.88665 0.20691 -0.93674 -0.71503 -0.51619 0.16609 0.91413 0.77918 -0.055418 -0.79237 -0.96569 -0.59693 0.032449 0.60524 0.9288 0.95105 0.72328 0.34659 -0.080314 -0.47301 -0.76951 -0.93818 -0.97321 -0.87338 -0.67083 -0.41556 -0.17351 -0.014739 0.13463 0.86957 0.97178 0.96648 0.8936 0.78371
-0.012513 0.022342 0.035335 -0.17571 0.2007 -0.19043 0.091987 0.66088 -0.21573 -0.44212 0.5426 -0.16171 -0.15646 -0.28975 0.080749 0.80492 -0.62738 -0.83987 0.023566 0.23841 0.78423 0.9314 0.22302 -0.64372 -0.98174 -0.69605 -0.066489 0.55273 0.91668 0.95451 0.72133 0.3233 -0.11795 -0.51286 -0.80223 -0.95402 -0.96709 -0.84983 -0.6255 -0.34042 -0.046795 0.19794 0.34318 0.47152 0.97002 0.95018 0.85979 0.71268 0.55277
-0.0082019 -0.016397 0.062351 0.16398 -0.1026 0.0386 0.094438 -0.59298 0.8317 -0.77798 0.83185 -0.91014 0.76547 -0.84142 0.83262 0.047314 -0.97599 -0.17091 0.73475 0.84497 0.98685 0.507 -0.42024 -0.9611 -0.80019 -0.18959 0.4751 0.89546 0.96228 0.72614 0.31619 -0.1445 -0.54682 -0.82911 -0.9657 -0.95562 -0.82316 -0.58526 -0.28217 0.035174 0.32097 0.53384 0.64767 0.74103 0.94991 0.81792 0.65896 0.45892 0.26965
0.030945 0.015012 -0.094305 -0.1406 -0.039338 0.20197 -0.21113 -0.45994 0.20744 0.24803 -0.13571 -0.46227 0.80129 -0.53633 0.82798 -0.73931 -0.61395 0.59926 0.99828 0.98541 0.69934 -0.13928 -0.87627 -0.90192 -0.33612 0.37005 0.85909 0.97268 0.74672 0.31816 -0.15615 -0.5704 -0.85123 -0.97315 -0.9432 -0.78598 -0.54229 -0.23169 0.097308 0.39772 0.63619 0.79152 0.86326 0.91461 0.81957 0.59718 0.39188 0.16346 -0.033998
0.019235 0.07107 0.066908 0.10423 0.16994 -0.32223 0.044289 0.76099 -0.83975 0.87041 -0.91068 0.56835 -0.049159 0.29047 0.10944 -0.94672 0.16782 0.98279 0.69153 0.61575 0.087293 -0.71353 -0.97438 -0.51144 0.2339 0.80146 0.98162 0.77983 0.34249 -0.1588 -0.58347 -0.86546 -0.97743 -0.92847 -0.75081 -0.48533 -0.17919 0.15029 0.45463 0.69714 0.86007 0.94315 0.96941 0.97822 0.60082 0.31748 0.090423 -0.14176 -0.32797
0.033045 0.010503 -0.027675 -0.053763 -0.21319 0.14285 0.23687 0.30307 -0.31899 0.087242 -0.41775 0.90932 -0.84319 0.84317 -0.69226 -0.45307 0.82706 0.77236 0.015225 -0.05057 -0.55316 -0.9819 -0.69904 0.051947 0.71673 0.98142 0.82432 0.38494 -0.13838 -0.58955 -0.87534 -0.97736 -0.91231 -0.71533 -0.43276 -0.11147 0.20428 0.50228 0.74086 0.89731 0.96983 0.97703 0.9608 0.93188 0.3228 0.011329 -0.21352 -0.42725 -0.58619
0.042248 -0.089201 0.011856 -0.0082233 0.12054 0.23601 -0.19665 -0.83327 0.79279 -0.84076 0.63589 0.1931 -0.77496 0.63879 -0.93752 0.35441 0.95177 0.12295 -0.65701 -0.6808 -0.94342 -0.85637 -0.17369 0.58729 0.96653 0.87311 0.44722 -0.099434 -0.57717 -0.88127 -0.9793 -0.89563 -0.68003 -0.38169 -0.049724 0.27225 0.54967 0.77634 0.92197 0.97887 0.95935 0.89676 0.84574 0.7876 0.017741 -0.28956 -0.4912 -0.66851 -0.78856
0.021426 -0.019399 -0.026121 0.071746 0.070569 -0.41682 -0.18573 -0.24795 0.53138 -0.51508 0.87169 -0.73589 0.049184 -0.11298 -0.46858 0.91116 0.49593 -0.58343 -0.99068 -0.99197 -0.93691 -0.40832 0.40266 0.92315 0.9227 0.52439 -0.038322 -0.55045 -0.87703 -0.9806 -0.88631 -0.64773 -0.33223 0.0089685 0.3335 0.60757 0.81015 0.94028 0.98127 0.93933 0.83746 0.71853 0.64331 0.56634 -0.28278 -0.5573 -0.71931 -0.8475 -0.92183
0.027629 0.057126 0.059313 -0.1174 -0.22416 0.11133 0.31084 0.85714 -0.63144 0.55678 0.029066 -0.87267 0.82143 -0.76766 0.33614 0.8687 -0.24208 -0.97158 -0.84651 -0.86824 -0.55974 0.17993 0.83376 0.96757 0.61561 0.042854 -0.50511 -0.86556 -0.98142 -0.87916 -0.6263 -0.28856 0.064881 0.39048 0.65876 0.8493 0.95548 0.97971 0.91907 0.79091 0.62481 0.46758 0.37967 0.29459 -0.55092 -0.76997 -0.88133 -0.95337 -0.97979
0.049618 -0.013934 -0.097469 0.11962 0.1904 0.39215 0.11145 0.30908 -0.78078 0.86182 -0.84689 -0.11102 0.84904 -0.8118 0.89687 0.28576 -0.83362 -0.8637 -0.31842 -0.38677 0.022935 0.69495 0.98982 0.72483 0.14551 -0.44052 -0.84327 -0.98307 -0.88057 -0.60899 -0.2571 0.11315 0.44372 0.70482 0.88238 0.96994 0.9738 0.89747 0.75023 0.55705 0.34985 0.17412 0.084449 0.000937 -0.76467 -0.91272 -0.96804 -0.9823 -0.96274
0.047754 0.019209 0.13179 -0.058483 0.041635 -0.42465 -0.38538 -0.83446 0.2918 0.01665 -0.75261 0.75587 0.14311 -0.23983 0.84998 -0.45986 -0.96929 -0.3401 0.33966 0.23962 0.58687 0.96887 0.83907 0.28099 -0.35408 -0.80735 -0.98346 -0.88987 -0.60695 -0.23072 0.14991 0.48849 0.74643 0.90985 0.97945 0.96099 0.8706 0.71078 0.50041 0.26822 0.044658 -0.13046 -0.21273 -0.28693 -0.90902 -0.97814 -0.97726 -0.93687 -0.87656
0.023798 0.00050438 -0.15952 -0.061006 -0.26845 -0.16094 -0.057207 -0.47824 0.93285 -0.85275 0.16872 0.89904 -0.67545 0.50291 0.25688 -0.9313 -0.60434 0.3326 0.84339 0.76319 0.93618 0.92799 0.44402 -0.23109 -0.75525 -0.97852 -0.90686 -0.61755 -0.2231 0.18147 0.52404 0.77965 0.93241 0.98329 0.94468 0.83144 0.66563 0.44726 0.2016 -0.042448 -0.25889 -0.41684 -0.48506 -0.54462 -0.97635 -0.96579 -0.91304 -0.82493 -0.73151
-0.0039243 -0.08051 0.18137 0.19191 0.22499 0.57106 0.43819 0.72407 0.22169 -0.66852 0.90782 0.22012 -0.94803 0.88832 -0.4876 -0.88325 0.053322 0.84618 0.99828 0.99801 0.96621 0.60313 -0.069282 -0.67356 -0.96664 -0.92706 -0.6423 -0.22997 0.1942 0.55486 0.80694 0.94748 0.98204 0.92307 0.79042 0.60422 0.38855 0.1403 -0.11221 -0.34288 -0.53223 -0.66032 -0.71058 -0.75273 -0.966 -0.88133 -0.78448 -0.65831 -0.54087
-0.028077 0.10645 -0.19856 -0.25007 0.10205 -0.10928 0.048709 0.71488 -0.8038 0.31251 0.7197 -0.6469 -0.49144 0.67351 -0.93337 -0.36878 0.67548 0.98971 0.76423 0.87813 0.6856 0.10648 -0.55456 -0.93944 -0.95018 -0.67707 -0.25398 0.19338 0.56973 0.83027 0.96026 0.97485 0.89659 0.74495 0.54269 0.31154 0.074208 -0.17536 -0.40886 -0.60518 -0.75245 -0.84244 -0.87348 -0.8978 -0.88341 -0.7352 -0.60438 -0.45142 -0.31961
-0.042184 -0.026079 0.21057 0.15773 -0.35593 -0.58234 -0.48079 -0.46362 -0.74773 0.93489 -0.17203 -0.96031 0.32279 0.025179 -0.84117 0.32564 0.98031 0.72469 0.25042 0.46436 0.19868 -0.41143 -0.88686 -0.97489 -0.72271 -0.29184 0.17602 0.57421 0.84266 0.96994 0.96882 0.86617 0.69524 0.47799 0.23613 -0.010119 -0.24195 -0.46747 -0.661 -0.80771 -0.90356 -0.95172 -0.96456 -0.97256 -0.73887 -0.54124 -0.38784 -0.21992 -0.083178
-0.029462 -0.074992 -0.21424 0.082433 0.17265 0.32313 -0.10172 -0.92126 0.28183 0.52337 -0.89603 -0.49041 0.89991 -0.63335 -0.28901 0.85096 0.85138 0.17829 -0.34366 -0.092302 -0.33846 -0.80849 -0.99169 -0.78488 -0.34504 0.14423 0.56565 0.84912 0.97479 0.96054 0.83981 0.64391 0.41019 0.15926 -0.091189 -0.32464 -0.52771 -0.70924 -0.84809 -0.93628 -0.97702 -0.98376 -0.98111 -0.97571 -0.54608 -0.3152 -0.15086 0.020514 0.15355
0.018792 0.10752 0.20413 -0.3363 0.28466 0.54193 0.50489 0.020735 0.95904 -0.44462 -0.80186 0.35887 0.85726 -0.90764 0.40828 0.96909 0.36633 -0.42664 -0.80937 -0.6102 -0.76993 -0.98769 -0.85666 -0.42438 0.096603 0.54493 0.84791 0.97853 0.95367 0.81201 0.59879 0.34324 0.080868 -0.17171 -0.40257 -0.6001 -0.75697 -0.88119 -0.95742 -0.98439 -0.97146 -0.94059 -0.92627 -0.9112 -0.32074 -0.073444 0.090782 0.25516 0.37714
0.069594 -0.0743 -0.1746 0.38821 -0.39367 -0.45904 0.22357 0.93745 0.4757 -0.95371 -0.0074926 0.92978 0.25245 -0.65759 0.88933 0.64789 -0.25928 -0.86611 -1 -0.93625 -0.98341 -0.91617 -0.52644 0.020035 0.51129 0.8387 0.98063 0.95005 0.79115 0.55305 0.28383 0.0058327 -0.25177 -0.47775 -0.66647 -0.81156 -0.91151 -0.97203 -0.98422 -0.9528 -0.89188 -0.82973 -0.80801 -0.78727 -0.07922 0.16823 0.32255 0.47103 0.57615
0.060752 0.035006 0.12356 -0.11588 -0.085049 -0.51716 -0.47753 0.52761 -0.56252 -0.51781 0.78686 0.82065 -0.50515 -0.045972 0.93001 0.049988 -0.77416 -0.99479 -0.87018 -0.98714 -0.93472 -0.62511 -0.085311 0.45248 0.82172 0.97968 0.95041 0.77693 0.51853 0.22471 -0.061107 -0.32612 -0.55025 -0.72788 -0.85915 -0.94258 -0.98165 -0.9786 -0.931 -0.84849 -0.74836 -0.66286 -0.63792 -0.61531 0.16265 0.39552 0.53184 0.65744 0.74156
-0.0087364 -0.03322 -0.057031 -0.32589 0.4935 0.52429 -0.40128 -0.60599 -0.9654 0.40991 0.93598 0.13927 -0.9468 0.58432 0.53335 -0.55997 -0.99106 -0.78591 -0.47716 -0.76396 -0.6506 -0.19422 0.36629 0.78825 0.97694 0.95245 0.77108 0.49278 0.17957 -0.12664 -0.39242 -0.61496 -0.78431 -0.89976 -0.96606 -0.98574 -0.96609 -0.90512 -0.80644 -0.68336 -0.55474 -0.45448 -0.42998 -0.40871 0.39048 0.59631 0.70851 0.8063 0.86695
-0.031136 0.068963 -0.0081495 0.53745 -0.13848 0.54429 0.34783 -0.93905 -0.31817 0.95613 0.35167 -0.62868 -0.82844 0.90871 -0.099131 -0.9355 -0.84737 -0.3254 0.049084 -0.34132 -0.21313 0.27252 0.73489 0.96889 0.95819 0.77072 0.47816 0.14404 -0.17709 -0.45604 -0.67217 -0.83133 -0.93327 -0.98094 -0.9821 -0.94216 -0.87092 -0.76189 -0.62393 -0.47264 -0.32705 -0.22051 -0.19928 -0.18174 0.59206 0.76111 0.84512 0.91221 0.94851
0.051844 -0.11643 0.047318 -0.22698 -0.49518 -0.52099 0.57975 -0.072199 0.66041 0.65135 -0.49239 -0.98039 -0.24365 0.78081 -0.67981 -0.94285 -0.41189 0.22922 0.55231 0.16134 0.26673 0.67274 0.95199 0.96983 0.77815 0.4715 0.12071 -0.21812 -0.50491 -0.72525 -0.87172 -0.95632 -0.98696 -0.96877 -0.91085 -0.82033 -0.70816 -0.56367 -0.39987 -0.2334 -0.082157 0.022929 0.039081 0.051429 0.75777 0.88324 0.937 0.97243 0.98487
0.08972 0.151 -0.039889 -0.38506 0.32251 -0.63131 -0.076687 0.8824 0.96616 -0.20883 -0.97014 -0.71491 0.46675 0.28239 -0.96725 -0.59807 0.15442 0.70577 0.89649 0.61534 0.67825 0.92707 0.98439 0.80063 0.47488 0.10644 -0.24742 -0.54538 -0.76518 -0.90654 -0.97387 -0.98221 -0.94545 -0.86948 -0.76321 -0.63443 -0.49408 -0.32801 -0.15218 0.016912 0.16349 0.26061 0.2709 0.27758 0.88083 0.95887 0.98216 0.98667 0.97691
-0.01729 -0.16273 -0.012185 0.63819 0.45608 0.43316 -0.64948 0.78213 0.32598 -0.89074 -0.76245 -0.021186 0.9236 -0.3405 -0.85956 -0.043262 0.66209 0.96993 0.99967 0.9151 0.93551 0.99255 0.83602 0.49907 0.10259 -0.26775 -0.57574 -0.79822 -0.93073 -0.98455 -0.97324 -0.91182 -0.81774 -0.69646 -0.55554 -0.40251 -0.24738 -0.073567 0.10124 0.26169 0.39487 0.47903 0.48365 0.48507 0.9573 0.98685 0.98104 0.95682 0.92739
-0.044991 0.15527 0.07103 -0.14122 -0.44965 0.75633 -0.30593 -0.2191 -0.6182 -0.85778 -0.040782 0.67683 0.90744 -0.80618 -0.41823 0.51826 0.95628 0.95878 0.8485 1 0.9927 0.86658 0.54272 0.12144 -0.27876 -0.59807 -0.82348 -0.94979 -0.98778 -0.95648 -0.87542 -0.75698 -0.61985 -0.46823 -0.30759 -0.14452 0.012554 0.18136 0.34369 0.48618 0.59919 0.66697 0.66697 0.66426 0.98596 0.96845 0.9362 0.88656 0.84064
0.064239 -0.13848 -0.072915 -0.59681 -0.42753 -0.23275 0.48032 -0.97147 -0.9926 -0.16503 0.69979 0.9866 0.4485 -0.92284 0.17421 0.8981 0.95969 0.68958 0.49325 0.86261 0.84877 0.58258 0.16213 -0.26881 -0.61315 -0.84216 -0.96372 -0.98766 -0.9358 -0.83087 -0.69504 -0.53629 -0.37249 -0.20626 -0.040518 0.11939 0.26709 0.42004 0.56068 0.67813 0.76633 0.81594 0.81298 0.80785 0.96801 0.90701 0.85194 0.78099 0.72214
-0.022453 0.12157 -0.027478 0.60719 0.52403 -0.85924 0.64541 -0.67341 -0.48991 0.64465 0.99082 0.75803 -0.21593 -0.65827 0.69522 0.98262 0.68607 0.24562 0.028201 0.54394 0.54225 0.19953 -0.23863 -0.61184 -0.85608 -0.97274 -0.98511 -0.91354 -0.78607 -0.62533 -0.45328 -0.27259 -0.09876 0.067217 0.22492 0.37045 0.49962 0.6283 0.74052 0.82832 0.88916 0.92024 0.9164 0.91088 0.90677 0.80749 0.7339 0.64626 0.57817
-0.12998 -0.10908 0.19723 0.23871 0.4422 -0.094171 -0.029242 0.32385 0.42603 0.98458 0.67506 0.13569 -0.77375 -0.13502 0.96568 0.76013 0.22572 -0.25271 -0.43536 0.11903 0.13917 -0.21142 -0.59498 -0.8599 -0.97942 -0.9793 -0.89135 -0.74136 -0.55898 -0.36373 -0.17511 0.0095393 0.17813 0.33099 0.46989 0.59237 0.6964 0.79505 0.87477 0.93066 0.96357 0.977 0.97452 0.97077 0.8072 0.6761 0.58864 0.48912 0.41543
0.063155 0.09951 -0.3053 -0.80564 -0.54798 0.84024 -0.68836 0.98756 0.98393 0.63861 -0.034198 -0.54751 -0.98481 0.43426 0.90621 0.31271 -0.28811 -0.68194 -0.79595 -0.32222 -0.28241 -0.58052 -0.85471 -0.9829 -0.97323 -0.86747 -0.69897 -0.49435 -0.28092 -0.073129 0.11347 0.28613 0.43671 0.56639 0.67863 0.77223 0.84714 0.91269 0.95831 0.98222 0.9883 0.98597 0.98702 0.98713 0.67553 0.51985 0.42322 0.31663 0.24077
0.035982 -0.085623 0.19977 0.1821 -0.514 0.50324 -0.52314 0.68384 0.7542 -0.13213 -0.71568 -0.95503 -0.77569 0.8364 0.55208 -0.2187 -0.71925 -0.94518 -0.9826 -0.69439 -0.64775 -0.85068 -0.98444 -0.97048 -0.84492 -0.6564 -0.43401 -0.20146 0.019062 0.21909 0.38777 0.53567 0.65872 0.7584 0.83917 0.90092 0.94525 0.97708 0.98927 0.98297 0.96474 0.9492 0.95572 0.96153 0.51881 0.34615 0.24493 0.13582 0.060864
-0.047914 0.055818 0.13314 0.77364 0.50954 -0.59066 0.26691 -0.26163 -0.053674 -0.80973 -0.99591 -0.90718 -0.25167 0.9349 0.029074 -0.68097 -0.96362 -0.9913 -0.96604 -0.93212 -0.89796 -0.98508 -0.97227 -0.83114 -0.61632 -0.37499 -0.128 0.10625 0.31233 0.48771 0.62637 0.7406 0.83014 0.89623 0.94371 0.97324 0.98778 0.98746 0.96875 0.93551 0.89648 0.87071 0.88421 0.89717 0.3445 0.16245 0.060892 -0.0466 -0.118
0.1463 0.0028297 -0.46504 -0.51276 0.63628 -0.85109 0.77016 -0.95939 -0.8139 -0.97327 -0.74395 -0.44664 0.36508 0.70924 -0.49544 -0.95227 -0.97118 -0.82101 -0.75976 -0.99973 -0.99801 -0.97043 -0.82701 -0.58899 -0.31935 -0.057478 0.18591 0.39887 0.57323 0.71164 0.81247 0.88813 0.94168 0.97364 0.98864 0.98783 0.9752 0.94602 0.9004 0.84454 0.7889 0.75603 0.77753 0.79861 0.16015 -0.024009 -0.12216 -0.2244 -0.29009
-0.14218 -0.099257 0.45035 -0.63607 -0.38188 0.075345 0.4292 -0.80311 -0.98063 -0.54549 -0.1132 0.20468 0.83413 0.24934 -0.86699 -0.97079 -0.75172 -0.48086 -0.41255 -0.89411 -0.93961 -0.81629 -0.57462 -0.27883 0.0088756 0.26088 0.47655 0.65041 0.78109 0.87516 0.9347 0.97071 0.98889 0.98879 0.97427 0.94679 0.91097 0.85749 0.78994 0.71648 0.64873 0.61183 0.64174 0.67134 -0.026955 -0.20653 -0.29808 -0.39204 -0.45037
-0.065798 0.23064 0.023134 0.72019 -0.77374 0.91189 -0.38046 0.037767 -0.46253 0.19739 0.56586 0.7604 0.98864 -0.28578 -0.98703 -0.74396 -0.36591 -0.048411 0.004679 -0.6415 -0.73949 -0.55107 -0.2528 0.059222 0.33083 0.54766 0.71756 0.84069 0.92137 0.96862 0.98735 0.98592 0.97196 0.94387 0.90441 0.85514 0.80099 0.72859 0.64466 0.55889 0.48357 0.44544 0.48357 0.52156 -0.21003 -0.37909 -0.46148 -0.54478 -0.59462
0.17987 -0.37392 -0.5796 0.49865 0.13695 0.55917 -0.80908 0.83778 0.36189 0.82024 0.96458 0.99571 0.78771 -0.72557 -0.83432 -0.33893 0.093864 0.38677 0.41427 -0.28993 -0.43408 -0.216 0.095119 0.3851 0.6127 0.77621 0.88933 0.95647 0.98621 0.9885 0.97018 0.93609 0.89511 0.84451 0.7857 0.72022 0.65306 0.56746 0.47287 0.38003 0.30145 0.26448 0.31006 0.35574 -0.383 -0.53651 -0.60782 -0.67873 -0.71943
-0.12556 0.48142 0.6037 -0.83058 0.85361 -0.50938 -0.42877 0.95685 0.94102 0.98604 0.91 0.83125 0.31708 -0.94133 -0.46218 0.14012 0.52684 0.74176 0.74616 0.10095 -0.071945 0.14182 0.42614 0.66333 0.8276 0.92766 0.98007 0.99187 0.97431 0.93696 0.88778 0.82762 0.76593 0.69903 0.62694 0.55106 0.47619 0.38308 0.28338 0.1884 0.11043 0.076546 0.12827 0.18043 -0.54061 -0.67453 -0.73349 -0.79089 -0.82224
0.16892 -0.48734 0.066391 -0.42121 0.2235 -0.9565 0.37651 0.33167 0.91887 0.62619 0.44691 0.34851 -0.25333 -0.87979 0.02349 0.58015 0.84573 0.9551 0.94892 0.47029 0.29433 0.47617 0.7027 0.86648 0.9575 0.99185 0.98594 0.94796 0.89029 0.8211 0.74873 0.67005 0.59449 0.5177 0.43834 0.35766 0.28009 0.1848 0.085065 -0.0076588 -0.081703 -0.11114 -0.055026 0.0019701 -0.67856 -0.78986 -0.83579 -0.87915 -0.90133
-0.34928 0.3315 -0.75383 0.87645 -0.77293 -0.26005 0.83646 -0.53487 0.33457 -0.051528 -0.20469 -0.25784 -0.73413 -0.57045 0.49653 0.88563 0.99284 0.99557 0.99617 0.7653 0.61579 0.7474 0.89639 0.97714 0.99406 0.96727 0.91057 0.83197 0.7437 0.65185 0.56462 0.4752 0.3925 0.31191 0.23085 0.15042 0.074538 -0.018193 -0.11353 -0.20029 -0.26777 -0.29192 -0.23355 -0.1737 -0.79353 -0.88016 -0.91293 -0.94226 -0.95578
0.35366 0.00062497 0.57802 0.42833 -0.62604 0.74152 0.5344 -1 -0.44115 -0.69558 -0.76144 -0.76298 -0.97845 -0.10877 0.84353 0.99742 0.94807 0.86437 0.88803 0.94793 0.8532 0.92652 0.99018 0.98864 0.93835 0.86029 0.76387 0.65601 0.54778 0.44287 0.34893 0.25612 0.17245 0.093421 0.015485 -0.060425 -0.13099 -0.21723 -0.30453 -0.38241 -0.44137 -0.45994 -0.40167 -0.34119 -0.88316 -0.94406 -0.96401 -0.97976 -0.98539
0.023347 -0.43793 0.37443 -0.87107 0.44356 0.90962 -0.24651 -0.75232 -0.95402 -0.99634 -1 -0.9945 -0.92267 0.37628 0.98929 0.90129 0.72867 0.59147 0.64817 0.99862 0.98095 0.99745 0.97893 0.90458 0.79975 0.68372 0.5606 0.43566 0.31811 0.20927 0.11599 0.026222 -0.053187 -0.12627 -0.19724 -0.26529 -0.32781 -0.40448 -0.481 -0.54787 -0.59707 -0.61023 -0.55456 -0.49583 -0.94608 -0.98103 -0.9889 -0.99192 -0.99062
-0.5956 0.81378 -0.90368 -0.52241 0.90213 0.082825 -0.8225 0.0070627 -0.92942 -0.82773 -0.83996 -0.88602 -0.59655 0.75921 0.90999 0.62606 0.38209 0.22751 0.31783 0.91692 0.98878 0.95742 0.86874 0.73735 0.5942 0.45508 0.31867 0.18841 0.071317 -0.03346 -0.11998 -0.20152 -0.27263 -0.33651 -0.39773 -0.45562 -0.50825 -0.57323 -0.63709 -0.69163 -0.73048 -0.73881 -0.68825 -0.63367 -0.98178 -0.99136 -0.98822 -0.97963 -0.9725
0.99228 -0.91785 0.19652 0.80208 0.11923 -0.83173 -0.71541 0.75072 -0.40359 -0.28626 -0.36027 -0.48823 -0.10505 0.9492 0.6331 0.23341 -0.025578 -0.16641 -0.052092 0.71953 0.88139 0.8159 0.67508 0.50602 0.34211 0.19464 0.057444 -0.067733 -0.17618 -0.27049 -0.34568 -0.41527 -0.47532 -0.52793 -0.57773 -0.62411 -0.66592 -0.71796 -0.76815 -0.8098 -0.8383 -0.84268 -0.79965 -0.75159 -0.99056 -0.97603 -0.96317 -0.94435 -0.93257
-1 0.61349 0.8431 0.68576 -0.83591 -0.88792 -0.027022 0.99987 0.32665 0.37415 0.24672 0.059433 0.40881 0.9087 0.22613 -0.19744 -0.42293 -0.52926 -0.40914 0.43633 0.67627 0.59228 0.42028 0.23391 0.066141 -0.076469 -0.20381 -0.31555 -0.40915 -0.48846 -0.5494 -0.60481 -0.65233 -0.69274 -0.73047 -0.76498 -0.79583 -0.83453 -0.8708 -0.89966 -0.91832 -0.91989 -0.88661 -0.84727 -0.97346 -0.93664 -0.91552 -0.88798 -0.87272
0.67949 0.032381 -0.6605 -0.63761 -0.71076 -0.055823 0.68709 0.62064 0.88167 0.86699 0.75668 0.58137 0.80653 0.65695 -0.22157 -0.58617 -0.74563 -0.80927 -0.70658 0.10531 0.40039 0.31278 0.13068 -0.053921 -0.21084 -0.3379 -0.44731 -0.53968 -0.61445 -0.67611 -0.72151 -0.76195 -0.79664 -0.82497 -0.8509 -0.87396 -0.89442 -0.92011 -0.9429 -0.95964 -0.96939 -0.96941 -0.94784 -0.91919 -0.93211 -0.87526 -0.84742 -0.81277 -0.79519
-0.2464 -0.7093 -0.56102 -0.87251 0.31833 0.82727 0.88028 -0.12887 0.99555 0.99569 0.99566 0.92252 0.98999 0.25981 -0.61909 -0.86595 -0.94606 -0.9704 -0.90896 -0.23279 0.086305 0.0071632 -0.16621 -0.333 -0.46762 -0.57157 -0.65781 -0.72743 -0.78151 -0.82471 -0.85474 -0.88067 -0.90326 -0.92049 -0.93567 -0.94837 -0.95958 -0.9732 -0.98351 -0.98927 -0.99133 -0.99112 -0.98286 -0.96658 -0.86866 -0.79437 -0.76138 -0.72123 -0.70242
-0.10091 1 0.91588 0.34485 0.96345 0.92584 0.42182 -0.79078 0.6327 0.72412 0.89444 0.99178 0.92237 -0.18952 -0.89194 -0.99368 -0.999 -0.99582 -0.99542 -0.53952 -0.23193 -0.29457 -0.44431 -0.58139 -0.68613 -0.76269 -0.82333 -0.86923 -0.90277 -0.92827 -0.94432 -0.95725 -0.96927 -0.97706 -0.9831 -0.98706 -0.99056 -0.9935 -0.99279 -0.98902 -0.98484 -0.98569 -0.99196 -0.98938 -0.78563 -0.69672 -0.66011 -0.61604 -0.59699
0.2734 -0.66594 0.23967 1 0.4574 0.17583 -0.34178 -0.9907 -0.018294 0.17482 0.50102 0.78142 0.63103 -0.5933 -0.99452 -0.95486 -0.90315 -0.88823 -0.96078 -0.78275 -0.52237 -0.56499 -0.68111 -0.78121 -0.85239 -0.90044 -0.93566 -0.95898 -0.97372 -0.98357 -0.98795 -0.99015 -0.99372 -0.99417 -0.9931 -0.99026 -0.98784 -0.98186 -0.97186 -0.96027 -0.95138 -0.95451 -0.97608 -0.98814 -0.68585 -0.58524 -0.54647 -0.5 -0.48158
-0.28236 -0.11098 -1 0.076581 -0.58427 -0.72539 -0.86868 -0.63841 -0.65218 -0.4332 -0.046537 0.36094 0.19454 -0.87014 -0.91561 -0.76307 -0.67892 -0.6675 -0.81457 -0.93957 -0.75815 -0.78154 -0.85913 -0.91962 -0.95719 -0.97832 -0.99042 -0.99396 -0.99291 -0.99007 -0.98568 -0.97991 -0.97746 -0.97293 -0.96698 -0.95945 -0.95305 -0.94008 -0.92271 -0.90511 -0.89308 -0.89952 -0.93674 -0.96398 -0.57232 -0.46297 -0.42338 -0.3759 -0.35883
0.1905 0.77646 0.014052 -0.95703 -0.96703 -0.99246 -0.80731 0.051542 -0.99277 -0.8748 -0.57217 -0.14928 -0.28069 -0.9699 -0.67695 -0.45498 -0.3633 -0.36636 -0.57837 -0.99771 -0.91957 -0.92799 -0.96691 -0.98924 -0.99618 -0.99412 -0.98699 -0.97472 -0.96167 -0.94962 -0.93967 -0.92889 -0.92297 -0.91586 -0.90727 -0.89718 -0.88871 -0.87076 -0.84802 -0.82623 -0.81257 -0.82318 -0.87593 -0.91848 -0.44813 -0.33296 -0.29374 -0.2465 -0.23135
-0.063962 -0.80717 0.99187 -0.55362 -0.28487 -0.42359 -0.21401 0.70304 -0.9081 -1 -0.91893 -0.61424 -0.68713 -0.88049 -0.32615 -0.08235 -0.0030575 -0.025065 -0.2822 -0.95577 -0.99522 -0.99521 -0.99931 -0.9882 -0.96972 -0.94962 -0.92813 -0.90467 -0.88376 -0.86618 -0.85384 -0.84097 -0.83403 -0.82662 -0.81753 -0.80688 -0.79812 -0.77717 -0.751 -0.72678 -0.71289 -0.72828 -0.796 -0.8536 -0.3164 -0.19819 -0.16036 -0.11446 -0.10165
-0.05135 0.18592 -0.16401 0.64834 0.70236 0.48559 0.51645 0.98675 -0.45109 -0.77884 -0.99333 -0.91985 -0.93981 -0.62651 0.073853 0.29717 0.35246 0.31426 0.039618 -0.82225 -0.98218 -0.98123 -0.95719 -0.91966 -0.88236 -0.85009 -0.81951 -0.78963 -0.76497 -0.74537 -0.73356 -0.72125 -0.71549 -0.70977 -0.70207 -0.69264 -0.68517 -0.66303 -0.63527 -0.61025 -0.59732 -0.61787 -0.69961 -0.77157 -0.18018 -0.061539 -0.025939 0.017694 0.027892
0.13242 0.52095 -0.95519 0.91856 0.95614 1 0.92553 0.77912 0.17968 -0.29994 -0.78588 -0.99881 -0.99217 -0.26112 0.45661 0.62907 0.65806 0.61274 0.35258 -0.61371 -0.88543 -0.89069 -0.84686 -0.79113 -0.74214 -0.70362 -0.66908 -0.63726 -0.6126 -0.59409 -0.58525 -0.57575 -0.57293 -0.57052 -0.56575 -0.55901 -0.55411 -0.53241 -0.5047 -0.4803 -0.46934 -0.49515 -0.58956 -0.67488 -0.042372 0.074297 0.107 0.14763 0.1551
-0.1728 -0.66459 0.21105 -0.077863 0.24014 0.73726 0.77498 0.20186 0.73175 0.27007 -0.36553 -0.84209 -0.84195 0.14625 0.76305 0.86933 0.87799 0.83887 0.62556 -0.35246 -0.71665 -0.7338 -0.679 -0.61352 -0.55974 -0.52039 -0.48642 -0.45654 -0.43497 -0.42004 -0.41601 -0.41099 -0.41241 -0.41446 -0.41376 -0.41081 -0.40944 -0.38953 -0.36326 -0.34067 -0.33244 -0.36337 -0.4688 -0.5661 0.094269 0.20683 0.23616 0.27322 0.27797
0.17466 0.16476 0.9214 -0.9534 -0.70941 -0.075351 0.16957 -0.45932 1 0.7471 0.14647 -0.49538 -0.52734 0.52364 0.94988 0.98947 0.98943 0.97126 0.83357 -0.063927 -0.49258 -0.52504 -0.46751 -0.4001 -0.34758 -0.31185 -0.28209 -0.25715 -0.24095 -0.23136 -0.23327 -0.2338 -0.2402 -0.24737 -0.25143 -0.25295 -0.25571 -0.23865 -0.21493 -0.19508 -0.19011 -0.22576 -0.34026 -0.44791 0.22722 0.3338 0.35946 0.39255 0.39473
-0.14384 0.39868 -0.16732 -0.57106 -0.97306 -0.82278 -0.53125 -0.90102 0.89796 0.98841 0.6134 -0.04359 -0.11568 0.80902 0.99455 0.97882 0.98395 1 0.95966 0.22588 -0.23317 -0.28163 -0.22824 -0.1654 -0.1189 -0.090017 -0.066979 -0.048953 -0.039485 -0.036177 -0.044439 -0.050935 -0.062507 -0.074951 -0.083997 -0.090297 -0.097418 -0.083918 -0.063586 -0.047134 -0.045682 -0.085451 -0.20684 -0.32297 0.35421 0.45322 0.47507 0.50397 0.50382
0.088437 -0.43231 -0.89229 0.52807 -0.32669 -0.97656 -0.93522 -0.93852 0.47758 0.93165 0.9194 0.41147 0.31211 0.95959 0.89657 0.84422 0.86709 0.92653 0.99568 0.49268 0.040294 -0.022053 0.022263 0.075752 0.11306 0.13327 0.14828 0.15848 0.16078 0.15766 0.14335 0.1311 0.11469 0.097317 0.083484 0.07252 0.061154 0.07068 0.087107 0.099776 0.097675 0.054597 -0.071351 -0.19389 0.47323 0.56337 0.58143 0.60606 0.60392
-0.019463 0.001814 0.046688 0.95197 0.61115 -0.4542 -0.83306 -0.57388 -0.10205 0.60558 0.99615 0.77425 0.67768 0.95689 0.67544 0.60744 0.6564 0.76244 0.94224 0.71579 0.30695 0.2354 0.2679 0.30921 0.3358 0.3469 0.35377 0.35628 0.35186 0.34293 0.32352 0.30629 0.28587 0.26434 0.24633 0.23117 0.216 0.22146 0.23375 0.24251 0.23704 0.19163 0.063573 -0.063162 0.58255 0.66284 0.67724 0.69766 0.69395
-0.048429 0.30474 0.84776 0.22143 1 0.36564 -0.29399 0.022953 -0.63887 0.11326 0.83484 0.97463 0.91903 0.80739 0.36611 0.30114 0.3784 0.52734 0.80776 0.87945 0.54789 0.47383 0.49397 0.52224 0.53819 0.54102 0.54071 0.5366 0.52669 0.51321 0.49019 0.46926 0.44607 0.42154 0.40029 0.38174 0.36349 0.36507 0.37326 0.37823 0.3698 0.32315 0.19548 0.06684 0.68077 0.75045 0.76147 0.77784 0.77303
0.098323 -0.16216 0.13225 -0.75147 0.52421 0.93424 0.39282 0.5997 -0.95866 -0.40337 0.48267 0.97953 0.99981 0.5392 0.012831 -0.036096 0.064852 0.24622 0.60702 0.97357 0.74731 0.67873 0.68796 0.70409 0.71087 0.70737 0.70175 0.69285 0.67931 0.66308 0.63836 0.6154 0.591 0.56492 0.54168 0.5208 0.50042 0.49858 0.50295 0.50446 0.49361 0.44693 0.32215 0.19393 0.76672 0.82534 0.83333 0.84593 0.84054
-0.11492 -0.11731 -0.75538 -0.84303 -0.38541 0.89982 0.88111 0.92987 -0.96847 -0.80542 0.026804 0.79598 0.91303 0.19593 -0.33746 -0.36473 -0.25099 -0.053403 0.35932 0.99406 0.89336 0.83872 0.84007 0.84645 0.84664 0.83955 0.83116 0.81987 0.80502 0.7882 0.764 0.74095 0.71712 0.69116 0.66738 0.64543 0.62407 0.61947 0.62051 0.61907 0.60652 0.56106 0.44159 0.31613 0.83955 0.88689 0.89228 0.90148 0.89604
0.091193 0.124 -0.3375 0.0050026 -0.96939 0.30887 0.94082 0.89782 -0.6781 -0.99312 -0.4286 0.466 0.67951 -0.17098 -0.64136 -0.64886 -0.5379 -0.34422 0.086425 0.94246 0.97857 0.94595 0.94356 0.94362 0.94054 0.93313 0.92492 0.91399 0.90041 0.88538 0.86406 0.84302 0.82168 0.79763 0.77488 0.75327 0.7322 0.72567 0.72406 0.72034 0.70687 0.6639 0.55211 0.43166 0.89869 0.93474 0.93802 0.94424 0.9393
-0.033972 0.044196 0.58462 0.82523 -0.77541 -0.45849 0.55749 0.53166 -0.18762 -0.92773 -0.78647 0.055658 0.34199 -0.51016 -0.86397 -0.85978 -0.76953 -0.60151 -0.18937 0.82539 0.99993 0.99623 0.99478 0.99257 0.98994 0.98565 0.98073 0.97304 0.96339 0.95258 0.93651 0.91962 0.9027 0.8824 0.86232 0.84253 0.82308 0.81558 0.81211 0.80688 0.79338 0.75417 0.65224 0.539 0.9438 0.96876 0.97046 0.97416 0.97027
-0.034227 -0.04709 0.51718 0.75199 0.015918 -0.94372 -0.078809 -0.020658 0.35063 -0.6355 -0.97651 -0.35905 -0.043565 -0.77733 -0.98237 -0.97841 -0.92651 -0.80507 -0.44705 0.65354 0.9587 0.98899 0.99315 0.99288 0.99441 0.99659 0.99795 0.9963 0.99314 0.98889 0.98031 0.96963 0.959 0.94422 0.92844 0.91195 0.89548 0.88804 0.8836 0.87772 0.86511 0.83087 0.74082 0.63682 0.97478 0.98903 0.9897 0.99139 0.98905
0.082402 -0.07111 -0.32641 -0.092788 0.7834 -0.8811 -0.67579 -0.55545 0.78078 -0.19547 -0.96711 -0.70637 -0.41762 -0.94047 -0.98711 -0.9964 -0.99757 -0.94045 -0.66837 0.44063 0.8599 0.92696 0.94089 0.94649 0.95557 0.96717 0.9775 0.98439 0.99002 0.99443 0.99534 0.99276 0.99011 0.98251 0.97258 0.96082 0.94865 0.94233 0.93787 0.93223 0.92142 0.8933 0.81693 0.72406 0.99178 0.99584 0.99602 0.99622 0.99592
-0.085483 0.016757 -0.60481 -0.82008 0.9634 -0.32907 -0.9752 -0.88926 0.98751 0.28396 -0.76811 -0.93062 -0.72623 -0.98287 -0.88215 -0.91593 -0.97988 -0.99962 -0.8389 0.20213 0.7117 0.81567 0.84262 0.8574 0.8768 0.90017 0.92162 0.93911 0.95542 0.97024 0.98233 0.98946 0.99627 0.99731 0.99462 0.98893 0.98227 0.97814 0.97461 0.97011 0.962 0.94104 0.87993 0.79989 0.9951 0.98962 0.98985 0.98908 0.99127
0.040938 0.12835 0.013684 -0.72425 0.45097 0.39135 -0.86004 -0.91899 0.92389 0.69251 -0.42516 -1 -0.92825 -0.90388 -0.68315 -0.74864 -0.87845 -0.98104 -0.94879 -0.045839 0.52461 0.66298 0.70494 0.7313 0.76295 0.79965 0.83373 0.86331 0.8917 0.91823 0.94273 0.96087 0.97831 0.9892 0.99497 0.99651 0.99647 0.99553 0.99386 0.99139 0.98683 0.97395 0.92941 0.8637 0.98526 0.97099 0.97178 0.97053 0.97561
0.024648 -0.034988 0.54339 0.058778 -0.36712 0.89156 -0.3915 -0.64836 0.61772 0.94277 -0.0078619 -0.90954 -1 -0.71756 -0.41478 -0.51361 -0.70507 -0.88917 -0.99297 -0.28764 0.31066 0.47837 0.53592 0.57514 0.61999 0.67071 0.71814 0.76066 0.80192 0.84097 0.87867 0.9087 0.93761 0.95928 0.97446 0.98423 0.99175 0.99492 0.99599 0.99637 0.99613 0.99211 0.96519 0.91508 0.9629 0.94066 0.94248 0.94124 0.94956
-0.067371 -0.17163 0.27174 0.76292 -0.92095 0.92322 0.23042 -0.17675 0.15754 0.98715 0.40513 -0.67952 -0.93688 -0.44969 -0.10729 -0.23489 -0.47669 -0.73363 -0.97112 -0.50903 0.082626 0.27234 0.34457 0.39674 0.4547 0.51916 0.57987 0.63545 0.68978 0.74159 0.79276 0.83516 0.876 0.90905 0.93435 0.9531 0.96893 0.97702 0.98164 0.9856 0.99038 0.99584 0.98732 0.95383 0.92879 0.89946 0.90274 0.90197 0.91379
0.054317 0.072314 -0.32471 0.75362 -0.85424 0.49098 0.75711 0.34071 -0.33517 0.82446 0.74101 -0.35011 -0.75236 -0.13381 0.20703 0.061047 -0.21357 -0.52798 -0.88725 -0.69789 -0.14682 0.055766 0.14033 0.20435 0.27425 0.35126 0.42437 0.49242 0.55937 0.62364 0.68804 0.74283 0.79568 0.84036 0.87619 0.90445 0.92913 0.94282 0.95167 0.95988 0.97025 0.98566 0.99603 0.97996 0.88382 0.84831 0.85343 0.85353 0.86908
0.0090513 0.19145 -0.42398 0.078777 -0.23701 -0.17291 0.99084 0.74564 -0.73886 0.49602 0.94497 0.026375 -0.47458 0.19327 0.49729 0.34795 0.062613 -0.28847 -0.74904 -0.84475 -0.36571 -0.16065 -0.06736 0.0062509 0.085977 0.17346 0.25731 0.33657 0.41506 0.49094 0.56783 0.63459 0.69915 0.75536 0.80184 0.83986 0.87371 0.89351 0.90717 0.92017 0.93657 0.96223 0.99172 0.9936 0.82895 0.78818 0.79547 0.7968 0.81622
-0.076458 -0.10311 0.020683 -0.64185 0.51719 -0.74109 0.85455 0.92366 -0.9611 0.073602 0.98795 0.39416 -0.14156 0.49582 0.73684 0.60197 0.33055 -0.032607 -0.56705 -0.9431 -0.5634 -0.36689 -0.26955 -0.18956 -0.103 -0.0078789 0.084368 0.17293 0.26133 0.34747 0.43561 0.5135 0.58907 0.65639 0.71332 0.76112 0.80422 0.83048 0.84939 0.8676 0.89036 0.92639 0.97495 0.99509 0.76521 0.72011 0.72981 0.73268 0.75606
0.093307 -0.1953 0.37346 -0.79896 0.93827 -0.95318 0.41015 0.83357 -0.95763 -0.35726 0.86916 0.7022 0.20433 0.74289 0.90543 0.80351 0.57091 0.22211 -0.35383 -0.98953 -0.73097 -0.55406 -0.45806 -0.37568 -0.28596 -0.18666 -0.088936 0.0064838 0.10265 0.19721 0.29495 0.38273 0.46827 0.54593 0.61283 0.67014 0.72236 0.75526 0.77971 0.8034 0.83272 0.87908 0.9464 0.98485 0.69367 0.64514 0.65744 0.66212 0.68946
-0.043754 0.11476 0.22955 -0.29556 0.78844 -0.72876 -0.17486 0.51224 -0.73821 -0.71483 0.61377 0.91085 0.52185 0.91117 0.99052 0.93842 0.76754 0.45935 -0.12294 -0.98357 -0.86153 -0.71465 -0.6258 -0.54555 -0.45682 -0.35727 -0.25743 -0.15805 -0.056684 0.044085 0.14939 0.24546 0.3396 0.42652 0.50265 0.56896 0.62993 0.66947 0.69961 0.72894 0.76486 0.82133 0.90687 0.96347 0.61543 0.56435 0.57937 0.58605 0.61731
-0.029745 0.19202 -0.1527 0.42714 0.18119 -0.18677 -0.69409 0.057435 -0.35975 -0.93609 0.26671 0.99617 0.7756 0.98668 0.98776 0.99868 0.9084 0.66493 0.11188 -0.92754 -0.95038 -0.84279 -0.76695 -0.69362 -0.61031 -0.51468 -0.41642 -0.31629 -0.2126 -0.10816 0.002344 0.10481 0.2059 0.30074 0.38508 0.45966 0.5288 0.57481 0.61063 0.64561 0.68805 0.75428 0.85725 0.9316 0.53159 0.47879 0.4966 0.50542 0.54049
0.061103 -0.10451 -0.29651 0.79135 -0.51587 0.42433 -0.97528 -0.40401 0.090205 -0.98652 -0.11598 0.9518 0.93955 0.96544 0.90065 0.98249 0.986 0.82746 0.33752 -0.82612 -0.99503 -0.93435 -0.8771 -0.81544 -0.74204 -0.65462 -0.56174 -0.46429 -0.36139 -0.25605 -0.14293 -0.036206 0.069944 0.17112 0.26242 0.34432 0.42086 0.47301 0.51435 0.55485 0.6036 0.67906 0.7985 0.88999 0.44326 0.38953 0.41011 0.42115 0.45986
-0.025349 -0.1851 -0.094117 0.53981 -0.91026 0.84384 -0.93438 -0.75201 0.51459 -0.86382 -0.47642 0.78818 0.99913 0.85292 0.73959 0.89392 0.99757 0.9389 0.54219 -0.68598 -0.99515 -0.98697 -0.95326 -0.90782 -0.84861 -0.77358 -0.68992 -0.59863 -0.49973 -0.39639 -0.28341 -0.17478 -0.065638 0.040098 0.13694 0.22501 0.308 0.36578 0.41236 0.45813 0.51285 0.5969 0.73161 0.83945 0.35153 0.29758 0.32087 0.33416 0.37627
-0.031502 0.075208 0.16399 -0.10433 -0.80159 0.90785 -0.59552 -0.90329 0.82771 -0.59553 -0.76355 0.52992 0.95186 0.66282 0.52042 0.74202 0.94481 0.99467 0.71595 -0.51521 -0.9524 -1 -0.99394 -0.96871 -0.92766 -0.8689 -0.79812 -0.71644 -0.62477 -0.52639 -0.41639 -0.30829 -0.19837 -0.090004 0.01078 0.10372 0.19206 0.25484 0.30623 0.35689 0.41713 0.50898 0.65763 0.78086 0.25744 0.20394 0.22981 0.24533 0.29057
0.039091 0.17208 0.20038 -0.64977 -0.27101 0.60675 -0.074645 -0.82892 0.97151 -0.23186 -0.93982 0.21151 0.80657 0.41508 0.26267 0.53985 0.83341 0.99367 0.85106 -0.32288 -0.87016 -0.9744 -0.99898 -0.99729 -0.97777 -0.93877 -0.88425 -0.81545 -0.73413 -0.64364 -0.53945 -0.43441 -0.32599 -0.21702 -0.11401 -0.017637 0.074819 0.14183 0.19748 0.25256 0.31775 0.41652 0.57762 0.7151 0.16202 0.10957 0.13783 0.1555 0.20354
0.015291 -0.03341 0.035481 -0.71504 0.38688 0.075058 0.46339 -0.55646 0.92461 0.16448 -0.98521 -0.12753 0.58156 0.13358 -0.012268 0.30314 0.67237 0.93805 0.94221 -0.11845 -0.75327 -0.91256 -0.96953 -0.99383 -0.99854 -0.9822 -0.94692 -0.89397 -0.82594 -0.74615 -0.65055 -0.55106 -0.44645 -0.33898 -0.23554 -0.13727 -0.042034 0.028336 0.087596 0.14649 0.21599 0.32069 0.49264 0.64312 0.066223 0.015347 0.045772 0.065472 0.11594
-0.064648 -0.14748 -0.11829 -0.28313 0.83349 -0.47346 0.85812 -0.15849 0.70329 0.52941 -0.89855 -0.44774 0.30198 -0.15628 -0.28299 0.049033 0.47316 0.83279 0.98657 0.088595 -0.6077 -0.81807 -0.90782 -0.9596 -0.99043 -0.99898 -0.98542 -0.95094 -0.89885 -0.83236 -0.74798 -0.65649 -0.55797 -0.4541 -0.35209 -0.25352 -0.15692 -0.084156 -0.02203 0.040014 0.11308 0.22265 0.40375 0.56583 -0.029024 -0.077872 -0.045559 -0.024 0.028506
0.039962 -0.01053 -0.12428 0.32433 0.85846 -0.83326 1 0.26826 0.35527 0.80761 -0.69606 -0.71411 -0.0032472 -0.42987 -0.52967 -0.2052 0.2488 0.68523 0.98377 0.28927 -0.4402 -0.69551 -0.81708 -0.89675 -0.95471 -0.98964 -0.99967 -0.98583 -0.95198 -0.90115 -0.83042 -0.74925 -0.65902 -0.56083 -0.46209 -0.36487 -0.26836 -0.19425 -0.13008 -0.06564 0.01018 0.1235 0.31196 0.48417 -0.12287 -0.1693 -0.13542 -0.11221 -0.058098
0.037605 0.10734 -0.027111 0.69542 0.46997 -0.88182 0.85758 0.62689 -0.051694 0.96029 -0.4078 -0.89963 -0.30446 -0.66536 -0.73541 -0.44331 0.013017 0.50448 0.93563 0.47538 -0.25797 -0.5502 -0.70127 -0.80819 -0.89336 -0.95536 -0.99021 -0.99866 -0.98495 -0.9518 -0.8969 -0.8282 -0.74833 -0.65782 -0.5642 -0.46997 -0.37505 -0.30068 -0.23535 -0.16931 -0.091596 0.024303 0.21829 0.39906 -0.21453 -0.25823 -0.22312 -0.1985 -0.14324
-0.074047 0.042901 0.054966 0.60455 -0.12925 -0.61604 0.48006 0.84176 -0.44354 0.96958 -0.072762 -0.98753 -0.57413 -0.84524 -0.8872 -0.65103 -0.22065 0.30077 0.84598 0.63983 -0.068355 -0.38791 -0.56493 -0.69741 -0.80894 -0.89789 -0.95812 -0.98994 -0.99781 -0.984 -0.94681 -0.8925 -0.82492 -0.74399 -0.65725 -0.56763 -0.4758 -0.40228 -0.33671 -0.26994 -0.19123 -0.073959 0.1237 0.31141 -0.30328 -0.344 -0.30804 -0.28228 -0.22634
0.022883 -0.054327 0.0674 0.13644 -0.65361 -0.14266 -0.022542 0.873 -0.75334 0.83944 0.26668 -0.97222 -0.78921 -0.95739 -0.97655 -0.81679 -0.43956 0.084881 0.72027 0.77682 0.12147 -0.21468 -0.41297 -0.56833 -0.70449 -0.81944 -0.90491 -0.96062 -0.99101 -0.99781 -0.97986 -0.94163 -0.88805 -0.81846 -0.74028 -0.65685 -0.56955 -0.49803 -0.43318 -0.36656 -0.28779 -0.17036 0.029092 0.22208 -0.38846 -0.42601 -0.3896 -0.363 -0.30686
0.047308 -0.050052 0.038498 -0.39807 -0.87139 0.36809 -0.51339 0.72178 -0.93211 0.59327 0.57015 -0.85895 -0.93278 -0.99559 -0.99966 -0.93222 -0.63263 -0.13245 0.5652 0.88199 0.30473 -0.036538 -0.25052 -0.42518 -0.58339 -0.72262 -0.83252 -0.91204 -0.96539 -0.99363 -0.9961 -0.97533 -0.93725 -0.88058 -0.81253 -0.73679 -0.65544 -0.58704 -0.52387 -0.45831 -0.38041 -0.26405 -0.064663 0.13191 -0.46949 -0.50375 -0.4673 -0.44018 -0.38433
-0.044551 0.0012148 0.0088344 -0.67326 -0.70207 0.74512 -0.86649 0.42657 -0.95542 0.26911 0.80384 -0.66242 -0.9951 -0.95951 -0.95735 -0.99239 -0.79074 -0.34105 0.38835 0.95245 0.4753 0.14066 -0.082697 -0.27231 -0.44924 -0.61032 -0.74318 -0.84585 -0.92209 -0.97217 -0.99583 -0.99363 -0.97227 -0.92993 -0.87342 -0.80677 -0.73271 -0.66854 -0.60801 -0.54441 -0.46833 -0.35425 -0.15677 0.041694 -0.54585 -0.57676 -0.5407 -0.51338 -0.45832
-0.015354 0.025597 -0.016247 -0.54273 -0.23722 0.87236 -0.99779 0.052148 -0.82539 -0.086723 0.94385 -0.40454 -0.97382 -0.85432 -0.85459 -0.99583 -0.90713 -0.53173 0.19776 0.98682 0.62782 0.31143 0.085516 -0.1141 -0.30579 -0.48563 -0.63936 -0.76397 -0.86252 -0.93439 -0.97965 -0.99677 -0.99313 -0.96627 -0.92258 -0.86628 -0.80078 -0.74189 -0.68495 -0.6242 -0.55089 -0.44027 -0.24648 -0.047814 -0.61711 -0.64465 -0.6094 -0.58224 -0.52844
0.034541 0.031035 -0.04551 -0.10573 0.31402 0.72097 -0.8827 -0.32533 -0.56814 -0.42648 0.9781 -0.11181 -0.87358 -0.6898 -0.69988 -0.94431 -0.97748 -0.69665 0.0015627 0.9851 0.75786 0.47082 0.2494 0.045199 -0.15677 -0.35174 -0.5237 -0.66851 -0.78832 -0.8815 -0.94836 -0.98524 -1 -0.98958 -0.95978 -0.915 -0.8592 -0.8066 -0.75416 -0.69714 -0.6275 -0.52149 -0.33312 -0.13591 -0.68288 -0.70709 -0.67307 -0.64641 -0.59438
0.011848 0.021256 -0.064002 0.37391 0.72188 0.35057 -0.55737 -0.63397 -0.22783 -0.70726 0.90667 0.1876 -0.70511 -0.47935 -0.50446 -0.84253 -1 -0.82953 -0.19235 0.94863 0.86199 0.61449 0.40465 0.20153 -0.0058507 -0.21186 -0.39895 -0.56173 -0.70129 -0.8149 -0.90296 -0.95971 -0.99328 -1 -0.98499 -0.95271 -0.90765 -0.86228 -0.81521 -0.76277 -0.69767 -0.59737 -0.41608 -0.22196 -0.74286 -0.76381 -0.73146 -0.70565 -0.65584
-0.035362 -0.023436 -0.04001 0.63026 0.83044 -0.11679 -0.10543 -0.81926 0.14155 -0.89608 0.74085 0.46651 -0.48389 -0.23878 -0.28134 -0.69758 -0.97527 -0.92585 -0.37664 0.87987 0.93781 0.73882 0.5474 0.35115 0.14348 -0.069143 -0.26786 -0.44599 -0.60336 -0.73612 -0.84462 -0.92103 -0.97353 -0.99785 -0.99831 -0.97937 -0.94595 -0.90868 -0.86779 -0.82072 -0.76101 -0.66746 -0.49481 -0.30535 -0.7968 -0.81461 -0.78433 -0.75973 -0.71261
-0.013609 -0.063145 0.030195 0.53906 0.61222 -0.53849 0.3651 -0.85262 0.48491 -0.97314 0.50106 0.7011 -0.22856 0.015005 -0.044455 -0.51844 -0.90606 -0.98287 -0.54472 0.78227 0.98394 0.84093 0.67438 0.4907 0.28794 0.073362 -0.13317 -0.32365 -0.49656 -0.64681 -0.77465 -0.87018 -0.94145 -0.98358 -1 -0.99507 -0.97406 -0.94564 -0.91169 -0.87074 -0.8172 -0.73136 -0.56884 -0.38555 -0.84452 -0.85933 -0.83153 -0.80847 -0.76447
0.050916 -0.0249 0.098907 0.16898 0.16691 -0.79476 0.74808 -0.73434 0.75412 -0.93323 0.21403 0.87276 0.040735 0.26514 0.19226 -0.3153 -0.79699 -0.99963 -0.69101 0.66005 1 0.91877 0.78288 0.61724 0.42457 0.21279 0.0024703 -0.1971 -0.38292 -0.54871 -0.69445 -0.80826 -0.89787 -0.95777 -0.99043 -1 -0.99202 -0.97313 -0.94679 -0.91264 -0.866 -0.78879 -0.63775 -0.46207 -0.88588 -0.89789 -0.87293 -0.85176 -0.8113
-0.0005255 0.065574 0.10116 -0.27338 -0.32781 -0.82077 0.96259 -0.49114 0.91431 -0.78514 -0.090337 0.96924 0.30396 0.49594 0.41567 -0.098995 -0.65423 -0.97682 -0.81101 0.51802 0.98654 0.97105 0.87084 0.72832 0.55073 0.3465 0.13655 -0.068622 -0.2645 -0.44357 -0.6055 -0.73647 -0.84371 -0.92112 -0.97008 -0.99447 -1 -0.9912 -0.97307 -0.94634 -0.90726 -0.83949 -0.7012 -0.53448 -0.92082 -0.93022 -0.90848 -0.88951 -0.85298
-0.059535 0.085464 0.017647 -0.56171 -0.68883 -0.6199 0.96847 -0.16935 0.94757 -0.5496 -0.38218 0.98518 0.54261 0.69378 0.61406 0.11961 -0.48506 -0.91668 -0.90144 0.36135 0.94493 0.99724 0.9368 0.82195 0.66415 0.47211 0.2667 0.059553 -0.14332 -0.33319 -0.50931 -0.65607 -0.78001 -0.87442 -0.93955 -0.9789 -0.99825 -1 -0.99059 -0.97183 -0.94091 -0.88331 -0.75889 -0.60241 -0.94931 -0.95634 -0.93815 -0.92169 -0.88944
0.022468 -0.01182 -0.096757 -0.56374 -0.79402 -0.25682 0.77167 0.17446 0.85409 -0.25596 -0.63448 0.92207 0.74095 0.84777 0.77776 0.33014 -0.29749 -0.82272 -0.96019 0.19537 0.87731 0.99755 0.97994 0.89667 0.76296 0.58751 0.39079 0.18534 -0.02131 -0.21932 -0.40742 -0.56837 -0.70783 -0.81852 -0.89949 -0.95377 -0.98712 -0.99976 -0.9995 -0.98918 -0.96693 -0.92014 -0.81062 -0.66554 -0.97139 -0.97627 -0.96194 -0.94828 -0.92066
0.051861 -0.10916 -0.15119 -0.29564 -0.61959 0.16507 0.41952 0.48361 0.65066 0.061721 -0.82544 0.78754 0.88686 0.95026 0.8994 0.52316 -0.09984 -0.69955 -0.98638 0.025431 0.78639 0.97282 1 0.9515 0.84568 0.69094 0.50688 0.30682 0.099667 -0.10367 -0.30136 -0.47469 -0.6283 -0.75435 -0.85065 -0.91966 -0.96702 -0.99078 -1 -0.9985 -0.98536 -0.94995 -0.8562 -0.7236 -0.98711 -0.99011 -0.97992 -0.96933 -0.94664
-0.03512 -0.073359 -0.093476 0.10055 -0.23927 0.53402 -0.012063 0.71045 0.36723 0.3687 -0.93997 0.59433 0.97241 0.99697 0.97421 0.69055 0.099586 -0.55261 -0.98023 -0.14332 0.67542 0.92449 0.9973 0.98596 0.91123 0.7809 0.61329 0.42222 0.21788 0.012121 -0.19264 -0.37637 -0.54258 -0.68288 -0.7938 -0.87718 -0.93842 -0.97342 -0.99237 -1 -0.99633 -0.97274 -0.89553 -0.77638 -0.9966 -0.99797 -0.99218 -0.9849 -0.96741
-0.036796 0.060705 0.042955 0.43522 0.20943 0.75914 -0.43572 0.82305 0.042076 0.63332 -0.97065 0.35892 0.99403 0.98707 1 0.82579 0.29288 -0.38787 -0.94301 -0.30603 0.54797 0.85452 0.97265 1 0.95895 0.85628 0.7086 0.52997 0.33172 0.12649 -0.082705 -0.27472 -0.45182 -0.6051 -0.72978 -0.82701 -0.90188 -0.94811 -0.97693 -0.99391 -1 -0.9886 -0.92855 -0.82371 -1 -1 -0.99882 -0.99508 -0.98303
0.032383 0.12754 0.16036 0.56166 0.57643 0.7913 -0.77046 0.80888 -0.28358 0.83002 -0.91767 0.10001 0.95247 0.92292 0.97713 0.9241 0.47282 -0.21162 -0.87692 -0.4583 0.40789 0.76527 0.92729 0.99402 0.98852 0.91624 0.79164 0.62873 0.43975 0.23798 0.027038 -0.17104 -0.35719 -0.52202 -0.65946 -0.76988 -0.85796 -0.91533 -0.95406 -0.98054 -0.99657 -0.99763 -0.95524 -0.86546 -0.99748 -0.99638 -1 -1 -0.99359
0.026519 0.04167 0.16977 0.43674 0.74857 0.63155 -0.9565 0.67507 -0.57079 0.9415 -0.78835 -0.16302 0.85239 0.8097 0.90827 0.98254 0.63304 -0.030202 -0.78493 -0.59625 0.25912 0.65942 0.86288 0.96877 1 0.96027 0.86151 0.71733 0.54068 0.34526 0.13528 -0.066572 -0.25982 -0.43465 -0.5837 -0.70652 -0.80729 -0.87558 -0.92419 -0.96021 -0.98631 -1 -0.97563 -0.90156 -0.98926 -0.98731 -0.99589 -0.9998 -0.99921
-0.019436 -0.095517 0.058281 0.1292 0.68196 0.32652 -0.96476 0.44582 -0.78733 0.95977 -0.59591 -0.41154 0.70178 0.65497 0.79811 1 0.7683 0.15021 -0.67063 -0.71662 0.10562 0.53992 0.78136 0.92538 0.99377 0.98817 0.91756 0.79484 0.63337 0.44711 0.24078 0.037508 -0.16081 -0.34399 -0.5034 -0.6377 -0.75051 -0.8294 -0.88776 -0.93331 -0.9695 -0.99591 -0.98981 -0.93197 -0.97556 -0.97301 -0.98668 -0.99464 -1
-0.025892 -0.12293 -0.10042 -0.22058 0.40922 -0.046417 -0.79983 0.15752 -0.9109 0.88626 -0.35796 -0.62895 0.51124 0.46804 0.65299 0.97709 0.87452 0.3238 -0.5381 -0.81678 -0.048752 0.40984 0.68495 0.86523 0.97051 1 0.9594 0.86051 0.71688 0.54246 0.34243 0.14008 -0.061244 -0.25103 -0.41942 -0.56419 -0.68828 -0.77737 -0.84525 -0.90022 -0.94647 -0.98558 -0.99789 -0.9567 -0.95663 -0.95375 -0.97258 -0.98472 -0.99613
0.0040675 -0.012022 -0.19816 -0.46596 0.022599 -0.3995 -0.49664 -0.14737 -0.93095 0.73095 -0.09479 -0.80162 0.29316 0.25938 0.48049 0.91602 0.94889 0.48529 -0.39173 -0.8948 -0.2003 0.27236 0.57605 0.78998 0.93116 0.99609 0.98686 0.91384 0.79044 0.63037 0.43919 0.2401 0.037872 -0.15672 -0.33265 -0.48676 -0.62128 -0.72006 -0.79718 -0.86138 -0.91757 -0.96929 -1 -0.97578 -0.93276 -0.92976 -0.95382 -0.97023 -0.98776
0.032252 0.10856 -0.16755 -0.51417 -0.3587 -0.65518 -0.1121 -0.42662 -0.84889 0.51084 0.17245 -0.91966 0.060848 0.040019 0.28899 0.82037 0.98986 0.63005 -0.23606 -0.9494 -0.34562 0.13062 0.45717 0.70146 0.87688 0.977 1 0.9545 0.85343 0.71005 0.53015 0.3366 0.13558 -0.061978 -0.24394 -0.40619 -0.55019 -0.65808 -0.74407 -0.81724 -0.88318 -0.94733 -0.99633 -0.98929 -0.90422 -0.90134 -0.93064 -0.95138 -0.97507
0.009275 0.10818 -0.026793 -0.35794 -0.62553 -0.76225 0.28619 -0.64398 -0.67709 0.24784 0.42345 -0.97722 -0.17228 -0.17908 0.087276 0.69485 0.99711 0.75423 -0.075672 -0.97998 -0.48161 -0.012307 0.33091 0.60164 0.80904 0.9435 0.9991 0.98236 0.90542 0.78083 0.6145 0.42872 0.23098 0.032322 -0.1541 -0.32322 -0.47569 -0.59203 -0.68643 -0.76826 -0.84368 -0.92 -0.98708 -0.99732 -0.87132 -0.86877 -0.9033 -0.92841 -0.95826
-0.039965 -0.0039443 0.13437 -0.069792 -0.70883 -0.70468 0.63203 -0.77344 -0.43671 -0.03355 0.64019 -0.97264 -0.39347 -0.38751 -0.11592 0.54507 0.97147 0.85477 0.084989 -0.98657 -0.60555 -0.15347 0.19986 0.4926 0.72915 0.89655 0.9846 0.99745 0.94613 0.84219 0.69157 0.51568 0.32325 0.12536 -0.06393 -0.2386 -0.39845 -0.52251 -0.62481 -0.7149 -0.79949 -0.88765 -0.97248 -1 -0.83437 -0.83234 -0.87206 -0.90155 -0.93753
-0.01984 -0.10344 0.21461 0.2334 -0.59512 -0.50197 0.8713 -0.80185 -0.15486 -0.30852 0.80809 -0.90818 -0.59129 -0.57592 -0.31226 0.37722 0.91481 0.92951 0.24168 -0.96976 -0.71512 -0.29011 0.066559 0.37647 0.63882 0.83723 0.95714 1 0.97543 0.89376 0.76078 0.59678 0.41164 0.21635 0.025821 -0.15303 -0.31913 -0.45012 -0.55975 -0.65766 -0.75101 -0.85061 -0.95277 -0.99749 -0.79368 -0.79234 -0.83719 -0.87105 -0.9131
0.043983 -0.092711 0.16503 0.4384 -0.3252 -0.20213 0.96973 -0.72954 0.13864 -0.55415 0.91686 -0.78969 -0.75611 -0.73634 -0.49408 0.19781 0.8299 0.97711 0.3905 -0.93068 -0.80845 -0.41972 -0.066528 0.2554 0.53977 0.76679 0.91747 0.99035 0.99333 0.93528 0.82167 0.67144 0.49548 0.30461 0.11444 -0.067201 -0.23836 -0.37545 -0.49178 -0.59699 -0.69868 -0.80924 -0.92824 -0.98996 -0.74956 -0.74909 -0.79896 -0.83715 -0.88518
0.028368 0.0048397 0.016888 0.47663 0.021709 0.13044 0.91682 -0.56925 0.41446 -0.75116 0.96087 -0.62589 -0.88053 -0.86247 -0.65472 0.013459 0.72025 0.99711 0.52794 -0.87093 -0.88409 -0.54004 -0.19707 0.1315 0.43376 0.68654 0.8665 0.96901 1 0.96662 0.8739 0.73915 0.57415 0.38946 0.20127 0.018237 -0.15677 -0.29907 -0.42143 -0.5334 -0.64291 -0.76391 -0.89914 -0.97761 -0.70235 -0.70288 -0.75764 -0.8001 -0.854
-0.041234 0.085848 -0.14111 0.34438 0.35204 0.42905 0.72569 -0.34362 0.64654 -0.88526 0.93922 -0.42773 -0.95957 -0.94986 -0.78867 -0.16941 0.58997 0.98981 0.65096 -0.79249 -0.94105 -0.6491 -0.32292 0.0068091 0.32254 0.59788 0.8052 0.93659 0.9957 0.98777 0.91721 0.79951 0.64715 0.47032 0.28568 0.10267 -0.074941 -0.22154 -0.34921 -0.46733 -0.58414 -0.71499 -0.86578 -0.96064 -0.65237 -0.65403 -0.71352 -0.76016 -0.81979
-0.03489 0.078823 -0.21792 0.097743 0.58311 0.63791 0.42944 -0.081703 0.8144 -0.9479 0.85547 -0.20757 -0.99076 -0.99593 -0.89172 -0.34475 0.44359 0.95624 0.75703 -0.69766 -0.97878 -0.74526 -0.44208 -0.1167 0.20788 0.50225 0.73467 0.8938 0.98081 0.99883 0.95148 0.8522 0.71403 0.54668 0.36712 0.18552 0.00655 -0.1434 -0.27563 -0.39927 -0.52278 -0.66285 -0.82847 -0.93929 -0.59993 -0.60282 -0.66688 -0.71758 -0.78277
0.030836 0.0048617 -0.17243 -0.17246 0.66281 0.72177 0.07474 0.1849 0.90466 -0.93655 0.71708 0.021642 -0.97407 -1 -0.96102 -0.50706 0.28585 0.89811 0.84417 -0.58897 -0.99711 -0.8272 -0.5528 -0.23719 0.091502 0.40112 0.65603 0.84144 0.95582 1 0.97666 0.897 0.77442 0.61806 0.44506 0.26626 0.087174 -0.065168 -0.20117 -0.32966 -0.45925 -0.60785 -0.78749 -0.91378 -0.54535 -0.54957 -0.61798 -0.67262 -0.74318
0.037792 -0.059902 -0.033447 -0.37462 0.57962 0.67082 -0.2858 0.42589 0.91173 -0.85447 0.53464 0.24712 -0.91178 -0.96316 -0.9951 -0.65154 0.12163 0.81766 0.91094 -0.46914 -0.9963 -0.89389 -0.65356 -0.35296 -0.024943 0.29594 0.57049 0.78039 0.92129 0.99156 0.99279 0.93374 0.82802 0.68407 0.51906 0.3444 0.16643 0.012675 -0.1263 -0.25894 -0.39396 -0.55038 -0.74318 -0.88437 -0.48894 -0.49455 -0.5671 -0.62553 -0.70124
-0.014187 -0.063653 0.12092 -0.44658 0.36175 0.50036 -0.60154 0.61552 0.83778 -0.71006 0.32096 0.45694 -0.80815 -0.8881 -0.99383 -0.77421 -0.044278 0.71759 0.95643 -0.34099 -0.97693 -0.94466 -0.74305 -0.46246 -0.13988 0.18815 0.47923 0.71157 0.87786 0.97389 1 0.96238 0.87461 0.74437 0.58869 0.41947 0.24385 0.089663 -0.051468 -0.18754 -0.3273 -0.4908 -0.69585 -0.8513 -0.43101 -0.43807 -0.51451 -0.57656 -0.6572
-0.034311 -0.017811 0.20864 -0.37295 0.066914 0.24594 -0.83068 0.73516 0.69196 -0.51583 0.090159 0.64058 -0.66916 -0.77893 -0.95831 -0.87195 -0.20728 0.60096 0.98029 -0.20733 -0.93993 -0.97914 -0.82024 -0.56431 -0.25183 0.079168 0.38348 0.63596 0.82623 0.94743 0.9985 0.9829 0.91404 0.79869 0.65361 0.49109 0.319 0.16536 0.022904 -0.11586 -0.25967 -0.42946 -0.6458 -0.81484 -0.37185 -0.3804 -0.46047 -0.52595 -0.61126
-0.0048374 0.029218 0.18727 -0.18535 -0.23362 -0.044496 -0.94532 0.77469 0.48912 -0.28724 -0.14336 0.78944 -0.50204 -0.64086 -0.89079 -0.94258 -0.36306 0.47109 0.98265 -0.071001 -0.88649 -0.99723 -0.88431 -0.65732 -0.35943 -0.029669 0.28444 0.55454 0.76716 0.91268 0.98855 0.9954 0.94622 0.84682 0.71351 0.55889 0.39149 0.23937 0.096413 -0.044296 -0.19143 -0.36671 -0.59336 -0.77524 -0.31176 -0.3218 -0.40522 -0.47395 -0.56366
0.022233 0.042739 0.072622 0.051803 -0.47236 -0.31993 -0.93415 0.73297 0.24815 -0.041387 -0.36574 0.89709 -0.31491 -0.47996 -0.79448 -0.98482 -0.50775 0.33146 0.96411 0.065291 -0.81806 -0.99914 -0.9347 -0.74047 -0.46144 -0.13708 0.18331 0.46833 0.70143 0.8702 0.9705 1 0.97113 0.8886 0.76814 0.62254 0.46096 0.3113 0.16868 0.026786 -0.12294 -0.3029 -0.53882 -0.73279 -0.251 -0.26254 -0.34904 -0.42078 -0.51462
0.020172 0.025233 -0.073902 0.26411 -0.60018 -0.5351 -0.80279 0.61728 -0.0099211 0.20432 -0.56449 0.95948 -0.11636 -0.30287 -0.67335 -0.99831 -0.63793 0.18561 0.92568 0.19895 -0.73626 -0.98532 -0.97109 -0.81293 -0.55676 -0.24186 0.081224 0.37833 0.62986 0.82061 0.94474 0.99691 0.9888 0.92393 0.8173 0.68178 0.52709 0.38083 0.23937 0.097037 -0.054549 -0.23835 -0.4825 -0.68773 -0.18986 -0.20288 -0.29214 -0.36667 -0.46434
