0.014373 0.025369 -0.010179 -0.0060037 -0.0014779 -0.20062 -0.016005 0.1328 -0.20479 0.30891 -0.23984 0.64936 0.28316 -0.80537 0.81537 -0.76411 0.81682 -0.85453 0.68716 -0.32258 -0.30248 0.85415 -0.47329 -0.65085 0.61857 0.67196 -0.43518 -0.89803 -0.46869 0.2871 0.85222 0.77137 0.10054 -0.63457 -0.92103 -0.63868 -0.019237 0.59036 0.90985 0.83523 0.43458 -0.12718 -0.63397 -0.91609 -0.84629 -0.39475 0.30739 0.84925 0.89943
-0.01079 0.00794 0.052777 -0.047493 -0.055723 0.12637 -0.34926 0.18387 -0.31061 0.38293 0.57547 0.47128 -0.85969 0.74587 -0.57021 0.59884 -0.78407 0.87546 -0.60563 0.065745 0.63236 -0.83606 -0.082721 0.8982 0.070774 -0.88293 -0.44492 0.49353 0.91164 0.72007 0.056083 -0.65869 -0.92339 -0.57786 0.098582 0.70284 0.9379 0.74786 0.25922 -0.31603 -0.76069 -0.9441 -0.81453 -0.4077 0.16244 0.70536 0.94964 0.67732 0.068093
0.0020973 -0.012192 -0.026931 0.093779 0.12226 0.15638 -0.50033 0.26648 -0.36584 -0.040449 0.32456 -0.90754 0.71098 -0.44299 0.36726 -0.55197 0.83038 -0.82489 0.31009 0.39267 -0.88568 0.39639 0.73423 -0.50875 -0.81435 0.2114 0.91124 0.58296 -0.11463 -0.70674 -0.92357 -0.58924 0.10405 0.72635 0.93662 0.68246 0.14126 -0.43847 -0.83701 -0.93998 -0.74173 -0.31738 0.19534 0.66216 0.92995 0.86351 0.38855 -0.30441 -0.81564
0.017229 0.0092609 0.0060842 -0.043684 -0.091286 -0.027986 -0.58737 0.30882 -0.0059569 -0.49216 -0.76214 0.62943 -0.38851 0.24574 -0.34157 0.65873 -0.90287 0.58994 0.21464 -0.8261 0.68295 0.41212 -0.83365 -0.44411 0.68061 0.78174 -0.11186 -0.81131 -0.89913 -0.549 0.090779 0.70096 0.93214 0.66831 0.096174 -0.50194 -0.87559 -0.92338 -0.66609 -0.21042 0.28975 0.70817 0.93061 0.90013 0.59427 0.053604 -0.56914 -0.93502 -0.85355
0.014316 -0.042423 -0.024233 0.045882 -0.17171 -0.095304 -0.58944 0.043006 0.4944 0.29017 0.55633 -0.23296 0.18982 -0.23669 0.49346 -0.84287 0.82521 -0.058468 -0.76746 0.79241 0.11462 -0.90941 -0.0024051 0.89857 0.42245 -0.61291 -0.89983 -0.39638 0.23568 0.72754 0.93341 0.70467 0.13197 -0.49609 -0.88417 -0.91117 -0.6159 -0.13243 0.37241 0.76231 0.94298 0.88755 0.61597 0.17806 -0.33252 -0.77781 -0.95499 -0.69548 -0.14741
-0.0011976 0.00048611 -0.10255 -0.082625 0.012052 -0.081458 -0.20448 -0.43609 -0.12312 0.17771 -0.19512 -0.0040282 -0.18147 0.40788 -0.75123 0.91425 -0.39364 -0.62477 0.84541 -0.03486 -0.86716 0.32605 0.88419 -0.0088135 -0.86537 -0.64646 0.22922 0.8242 0.92296 0.68498 0.17105 -0.4364 -0.85987 -0.91234 -0.61099 -0.10069 0.41674 0.79607 0.94966 0.86277 0.57869 0.16337 -0.28386 -0.68189 -0.92604 -0.90875 -0.5378 0.085211 0.64045
0.018004 -0.032404 0.023476 0.019195 0.12794 -0.055281 0.61009 -0.081105 -0.4064 -0.49065 -0.050245 0.038615 0.35458 -0.69504 0.92999 -0.61341 -0.36353 0.91177 -0.10889 -0.82661 0.5312 0.76342 -0.37501 -0.9192 -0.30059 0.63572 0.9228 0.55392 0.032842 -0.45992 -0.84052 -0.92699 -0.65379 -0.13287 0.41 0.80519 0.95115 0.84416 0.53881 0.1189 -0.31156 -0.67898 -0.90571 -0.94824 -0.76664 -0.34773 0.25176 0.77203 0.96267
0.0047278 -0.045079 0.027298 0.020509 0.13748 -0.064055 0.61246 0.53932 0.61941 0.62068 0.12581 0.11813 -0.65352 0.92357 -0.74394 -0.13284 0.91809 -0.29445 -0.81364 0.59836 0.63512 -0.59853 -0.82781 0.066293 0.85125 0.75727 0.030297 -0.60734 -0.89451 -0.92422 -0.69041 -0.21525 0.343 0.77829 0.95039 0.8417 0.52227 0.090805 -0.34417 -0.69961 -0.91009 -0.95149 -0.81706 -0.51598 -0.080864 0.4211 0.8449 0.95178 0.69887
-0.018262 -0.019446 -0.065926 0.076739 0.079546 -0.087373 -0.73055 -0.48289 -0.58957 -0.66685 -0.035266 -0.43764 0.91898 -0.80504 0.045545 0.85779 -0.55403 -0.73144 0.62123 0.59165 -0.72055 -0.69921 0.36962 0.92956 0.51218 -0.3615 -0.89724 -0.87209 -0.58679 -0.19236 0.29253 0.72382 0.9383 0.85998 0.54418 0.094973 -0.35309 -0.71117 -0.91695 -0.94938 -0.81744 -0.54566 -0.18366 0.22969 0.62496 0.90662 0.93092 0.60302 0.079656
0.039554 0.030987 0.12665 0.14369 -0.01775 0.049294 -0.15089 0.17166 0.50582 0.69172 -0.21457 0.81095 -0.86957 0.15507 0.77478 -0.72701 -0.53757 0.73475 0.59324 -0.74471 -0.59191 0.55301 0.89968 0.22495 -0.6277 -0.93222 -0.57064 -0.0015583 0.42878 0.74126 0.93052 0.89284 0.6045 0.14834 -0.32265 -0.7035 -0.91735 -0.94825 -0.81062 -0.54035 -0.19496 0.18377 0.53244 0.81157 0.95674 0.89302 0.54222 -0.02298 -0.54827
0.0098396 -0.053909 -0.046438 0.18688 -0.062947 0.22266 0.82769 0.11783 -0.47877 -0.68758 0.57384 -0.98405 0.28568 0.70187 -0.83759 -0.34254 0.87941 0.48344 -0.74483 -0.57631 0.65402 0.83346 -0.038575 -0.81198 -0.86102 -0.2582 0.45626 0.84921 0.9477 0.88391 0.64438 0.2365 -0.24319 -0.66039 -0.90611 -0.95044 -0.81309 -0.53945 -0.18994 0.18175 0.5152 0.77983 0.93373 0.95348 0.80535 0.46045 -0.073556 -0.61051 -0.91879
-0.040047 0.017775 -0.1335 0.19946 0.022285 -0.16125 -0.97743 -0.29122 0.54188 0.58502 -0.87371 0.64823 0.59724 -0.89906 -0.16019 0.9476 0.24255 -0.82731 -0.59847 0.65929 0.77586 -0.20948 -0.90751 -0.71947 0.009762 0.70845 0.94751 0.7869 0.51848 0.20319 -0.19526 -0.59262 -0.87139 -0.95202 -0.83321 -0.55596 -0.19896 0.17753 0.51435 0.77456 0.92652 0.96134 0.87192 0.65329 0.30777 -0.14638 -0.63198 -0.93472 -0.92991
-0.026299 -0.014906 -0.018151 0.1318 0.014248 -0.15226 0.84572 0.3458 -0.67296 -0.29317 0.82403 0.20608 -0.9597 -0.0083127 0.963 0.01578 -0.93142 -0.50041 0.64198 0.77935 -0.30815 -0.93682 -0.55201 0.2623 0.849 0.88695 0.46998 -0.017094 -0.3574 -0.62489 -0.85281 -0.95268 -0.86534 -0.6004 -0.2384 0.15547 0.50383 0.76961 0.92494 0.96241 0.88622 0.70451 0.43919 0.09818 -0.28894 -0.67113 -0.93674 -0.91937 -0.62972
-0.02821 0.001753 0.041201 -0.053217 -0.15044 0.39031 -0.68899 -0.28359 0.78755 -0.1989 -0.22877 -0.94465 0.20026 0.94138 -0.19597 -0.96465 -0.26168 0.73564 0.80616 -0.29498 -0.94186 -0.42956 0.46305 0.92666 0.77956 0.19582 -0.42181 -0.78143 -0.91829 -0.95403 -0.88201 -0.66175 -0.31188 0.097527 0.4688 0.75525 0.92079 0.9631 0.88988 0.71705 0.47372 0.17461 -0.14428 -0.46913 -0.75741 -0.94521 -0.92312 -0.61728 -0.15375
0.027835 0.063622 0.026064 -0.19536 0.1358 -0.45232 0.62937 0.088881 -0.73509 0.6873 -0.6259 0.67677 0.86815 -0.38028 -0.94091 -0.022711 0.88372 0.74342 -0.25608 -0.94249 -0.35509 0.57627 0.94617 0.63012 -0.026684 -0.64804 -0.9377 -0.91686 -0.79424 -0.6213 -0.34395 0.019242 0.39932 0.71611 0.90826 0.96408 0.89566 0.72555 0.48391 0.19585 -0.10184 -0.39639 -0.6527 -0.85591 -0.96407 -0.91831 -0.6392 -0.15453 0.34277
0.022768 -0.057607 0.012327 -0.040451 0.079085 0.41126 -0.69332 0.24127 0.36757 -0.75996 0.91659 0.48089 -0.6153 -0.86954 0.21622 0.96086 0.55063 -0.37692 -0.94782 -0.3798 0.63493 0.93684 0.47245 -0.24172 -0.78648 -0.94609 -0.73436 -0.40467 -0.15198 0.083726 0.3748 0.6646 0.87693 0.96015 0.9091 0.74027 0.49705 0.20911 -0.088682 -0.37454 -0.6184 -0.8131 -0.93441 -0.96867 -0.88397 -0.63875 -0.19805 0.32744 0.73366
-0.054446 -0.027877 0.061767 0.12534 -0.30832 -0.36093 0.848 -0.63031 0.27919 0.16219 -0.1282 -0.96415 -0.70469 0.43908 0.97109 0.32132 -0.61942 -0.9578 -0.42555 0.61263 0.92464 0.36663 -0.41817 -0.88471 -0.90707 -0.54419 -0.037243 0.34818 0.55878 0.71663 0.8694 0.95507 0.92418 0.76792 0.52708 0.22963 -0.074216 -0.36198 -0.60763 -0.79909 -0.92069 -0.97015 -0.93806 -0.81252 -0.57635 -0.21112 0.27184 0.71316 0.94501
-0.019823 -0.042262 0.18154 -0.060409 0.4302 0.35927 -1 0.86781 -0.81724 0.66609 -0.87355 -0.12532 0.70979 0.91154 0.056443 -0.809 -0.90588 -0.3099 0.58019 0.93206 0.30544 -0.51777 -0.93649 -0.82818 -0.37596 0.20672 0.65977 0.87309 0.94054 0.96067 0.92803 0.80208 0.5744 0.27252 -0.041988 -0.34442 -0.59736 -0.79172 -0.91623 -0.96897 -0.94961 -0.85809 -0.69878 -0.46164 -0.14487 0.24657 0.66262 0.93316 0.95714
-0.039332 -0.089997 0.24101 0.031748 -0.45479 -0.42934 0.99106 -0.67602 0.68308 -0.73026 0.5667 1 0.7278 -0.22446 -0.93924 -0.77374 -0.022759 0.68697 0.94662 0.33718 -0.57022 -0.95219 -0.72911 -0.19151 0.38358 0.80754 0.95955 0.9174 0.84203 0.74832 0.5778 0.32353 0.013868 -0.30447 -0.57457 -0.78232 -0.91252 -0.96825 -0.95236 -0.86987 -0.73228 -0.5391 -0.30464 -0.021085 0.3001 0.63431 0.90562 0.96612 0.79346
0.023658 -0.095699 0.054322 0.0079476 0.44517 0.56264 -0.65339 -0.018062 0.19013 -0.22879 0.70881 0.068927 -0.58305 -0.98662 -0.55497 0.27376 0.87031 0.92582 0.38037 -0.54332 -0.95575 -0.65756 -0.021501 0.54849 0.8898 0.94007 0.75219 0.51603 0.36514 0.22506 0.0090253 -0.25939 -0.53069 -0.7573 -0.90394 -0.96728 -0.95405 -0.87427 -0.74033 -0.55998 -0.3512 -0.1117 0.13909 0.40598 0.66791 0.88653 0.97475 0.82982 0.50403
-0.011387 -0.083336 -0.20046 -0.106 -0.45639 -0.70692 -0.033612 0.77517 -0.89141 0.87435 -0.69741 -0.99098 -0.90005 -0.25712 0.5688 0.97175 0.79771 0.24646 -0.51292 -0.95545 -0.61305 0.082356 0.67822 0.94191 0.89304 0.59001 0.19512 -0.10016 -0.24653 -0.36716 -0.54244 -0.73146 -0.88232 -0.96022 -0.95768 -0.87828 -0.74411 -0.56631 -0.36119 -0.13586 0.090469 0.32175 0.53788 0.73975 0.90085 0.97578 0.87987 0.56727 0.14945
0.019676 -0.068009 -0.093641 0.22877 0.51728 0.75299 0.76462 -0.81001 0.3958 -0.042925 -0.69851 -0.2867 0.19435 0.81944 0.96736 0.57469 -0.072904 -0.63996 -0.9597 -0.63666 0.14277 0.74793 0.95962 0.81319 0.44798 -0.023754 -0.42791 -0.65431 -0.74286 -0.80717 -0.89193 -0.95506 -0.95782 -0.88496 -0.75395 -0.57059 -0.3636 -0.14099 0.081733 0.29996 0.49718 0.67778 0.82435 0.93318 0.97624 0.90747 0.65555 0.23272 -0.21185
0.024116 -0.020109 0.10742 -0.33497 -0.62615 -0.56056 -0.96576 -0.10437 0.73031 -0.89128 0.62206 0.88112 0.99232 0.82446 0.24943 -0.40382 -0.85526 -0.96831 -0.66481 0.11478 0.78589 0.95692 0.71599 0.28403 -0.1892 -0.60687 -0.85874 -0.945 -0.96212 -0.96687 -0.95396 -0.89333 -0.76828 -0.5835 -0.37317 -0.14198 0.082697 0.29779 0.49161 0.66231 0.79844 0.90316 0.96382 0.9719 0.90124 0.71046 0.34897 -0.11975 -0.53182
0.017207 0.07505 0.057223 0.41571 0.74183 0.065268 0.30396 0.93105 -0.66478 0.068704 0.84667 0.68557 0.44362 -0.15247 -0.71773 -0.97629 -0.88759 -0.54017 0.088308 0.77141 0.95003 0.64503 0.12516 -0.3583 -0.72521 -0.931 -0.95907 -0.901 -0.86431 -0.82925 -0.74329 -0.59531 -0.39211 -0.15418 0.077692 0.30114 0.49575 0.66298 0.79624 0.89566 0.9557 0.97678 0.95193 0.86826 0.70403 0.42651 0.0096539 -0.44397 -0.77687
-0.099251 0.1165 -0.036334 -0.48389 -0.77458 0.56121 0.69249 -0.42179 -0.61308 0.91145 -0.31751 -0.48021 -0.64863 -0.94133 -0.95837 -0.67737 -0.21804 0.26199 0.76317 0.95355 0.59602 0.022672 -0.50435 -0.82869 -0.95974 -0.90554 -0.7308 -0.57318 -0.5137 -0.46592 -0.34587 -0.16144 0.061597 0.29352 0.49617 0.66902 0.80135 0.8974 0.95555 0.97672 0.96096 0.90507 0.8077 0.65267 0.42431 0.10106 -0.31796 -0.70586 -0.92849
-0.04807 -0.039993 -0.1426 0.55179 0.60397 -0.87322 -0.87179 -0.7853 0.71856 0.13713 -0.98797 -0.98908 -0.96762 -0.74894 -0.32096 0.16519 0.59327 0.8691 0.96157 0.60977 -0.045014 -0.59096 -0.90113 -0.96069 -0.83959 -0.57664 -0.28141 -0.088912 -0.034559 0.0043886 0.1211 0.29389 0.48615 0.66603 0.80488 0.90254 0.95823 0.97684 0.96068 0.91038 0.83052 0.71418 0.56491 0.36476 0.10499 -0.2237 -0.59896 -0.88465 -0.98178
-0.024143 -0.20506 0.28378 -0.61401 -0.15699 0.46613 -0.11318 0.65023 0.6645 -0.86955 -0.24544 -0.27112 -0.23745 0.15156 0.57198 0.86137 0.98063 0.92751 0.62063 -0.032164 -0.646 -0.93507 -0.93348 -0.74177 -0.44257 -0.079358 0.23452 0.40315 0.4371 0.45762 0.54506 0.67187 0.79983 0.90116 0.96058 0.9768 0.95745 0.90616 0.82786 0.72209 0.59664 0.44144 0.26386 0.045913 -0.21409 -0.51328 -0.80982 -0.97202 -0.94265
-0.11212 -0.0038422 -0.29875 0.6368 -0.46139 0.44989 0.92202 0.70649 -0.60434 -0.52592 0.81339 0.74104 0.71434 0.8967 0.99355 0.93575 0.74062 0.45782 -0.02991 -0.64018 -0.95228 -0.90116 -0.62704 -0.28186 0.078741 0.42459 0.67067 0.77805 0.79071 0.79517 0.8423 0.90662 0.95645 0.97253 0.95393 0.8973 0.81612 0.71158 0.58991 0.44926 0.29923 0.12769 -0.055404 -0.26633 -0.50018 -0.74298 -0.93824 -0.97003 -0.82464
-0.053002 0.13926 0.21931 -0.55759 0.89628 -0.92449 -0.24003 -0.6703 -0.84366 0.58138 0.84897 0.93773 0.97695 0.88562 0.67915 0.39878 0.074448 -0.23992 -0.6474 -0.95194 -0.87095 -0.53975 -0.11965 0.25094 0.56084 0.79908 0.92608 0.9603 0.96113 0.95981 0.96871 0.9705 0.9457 0.88584 0.80313 0.69188 0.56868 0.43184 0.28776 0.1334 -0.021144 -0.18864 -0.35779 -0.54165 -0.72957 -0.89824 -0.98182 -0.88844 -0.64576
-0.0061343 -0.098455 -0.11422 0.30821 -0.72019 0.24787 -0.84066 -0.77963 0.26965 0.89402 -0.098344 0.19531 0.38303 0.19586 -0.088448 -0.3653 -0.61367 -0.80026 -0.95956 -0.86986 -0.4705 -0.0065564 0.40938 0.69487 0.8782 0.96378 0.95979 0.93002 0.93256 0.93796 0.91928 0.87041 0.78662 0.67055 0.54466 0.40141 0.25793 0.10991 -0.036816 -0.18607 -0.32827 -0.47539 -0.61593 -0.75853 -0.88796 -0.97376 -0.94597 -0.74204 -0.42592
-0.067025 0.12066 0.039344 0.12495 -0.10428 0.81359 0.3393 0.50647 0.97436 0.067868 -0.92238 -0.70964 -0.50709 -0.61628 -0.77966 -0.90236 -0.972 -0.97959 -0.86616 -0.46317 0.0796 0.51257 0.80354 0.93909 0.96799 0.9015 0.7868 0.71478 0.73051 0.75239 0.72011 0.63876 0.51791 0.36994 0.22376 0.071082 -0.072614 -0.2134 -0.34652 -0.47595 -0.59341 -0.70877 -0.8113 -0.90443 -0.9697 -0.97185 -0.84163 -0.5482 -0.18472
-0.13019 -0.074724 -0.030696 -0.6203 0.89496 -0.67024 0.81026 0.93943 0.3018 -0.83196 -0.79757 -0.97357 -0.99001 -0.99617 -0.99183 -0.94977 -0.86177 -0.73735 -0.44198 0.093853 0.58794 0.86578 0.96888 0.94186 0.83172 0.64809 0.46241 0.3734 0.40782 0.45009 0.41708 0.32256 0.1876 0.031716 -0.11373 -0.25651 -0.38429 -0.50387 -0.61179 -0.71152 -0.79664 -0.87387 -0.93398 -0.97494 -0.97636 -0.90056 -0.68316 -0.32488 0.059946
-0.085379 -0.17612 0.11149 0.8959 -0.72964 -0.58828 -0.24481 -0.11513 -0.76446 -0.79432 0.080073 -0.4385 -0.75871 -0.74519 -0.65122 -0.52928 -0.37527 -0.20956 0.12874 0.60404 0.90601 0.97177 0.88556 0.7259 0.52087 0.27321 0.062255 -0.021961 0.029226 0.089023 0.064229 -0.026795 -0.15581 -0.29936 -0.42742 -0.54598 -0.64677 -0.73624 -0.81225 -0.87722 -0.92687 -0.96412 -0.98175 -0.97239 -0.91499 -0.77172 -0.48638 -0.08912 0.29291
0.029679 0.49652 -0.29236 -0.65179 -0.35871 0.83561 -0.82886 -0.99116 -0.87074 0.073753 0.86825 0.41574 -0.03036 -0.066522 0.01589 0.12259 0.25193 0.3809 0.63997 0.91535 0.96261 0.82671 0.59688 0.35921 0.11503 -0.14105 -0.33633 -0.40148 -0.34195 -0.27332 -0.28604 -0.36174 -0.46991 -0.58651 -0.68603 -0.77166 -0.83958 -0.89492 -0.93678 -0.96614 -0.98095 -0.98004 -0.95851 -0.90414 -0.79639 -0.59923 -0.26713 0.14397 0.50214
-0.020063 -0.68654 0.55684 -0.11127 1 0.48631 -0.01705 -0.47173 0.039994 0.85791 0.91699 0.94955 0.69753 0.63034 0.6572 0.70385 0.76473 0.82281 0.93609 0.95696 0.76724 0.48885 0.1859 -0.069207 -0.30014 -0.51821 -0.66832 -0.70873 -0.65338 -0.58825 -0.58987 -0.64393 -0.72239 -0.80361 -0.86898 -0.91831 -0.95209 -0.97346 -0.98259 -0.97882 -0.96226 -0.92772 -0.87275 -0.78102 -0.6335 -0.39763 -0.040149 0.36184 0.67888
-0.35963 0.68114 -0.83705 0.86176 -0.17096 -0.85782 0.7857 0.66329 0.89465 0.84002 0.24882 0.83299 1 0.98639 0.98416 0.98616 0.98802 0.98568 0.94936 0.74233 0.39086 0.051848 -0.25115 -0.47185 -0.65037 -0.79983 -0.88918 -0.90661 -0.86908 -0.82079 -0.81584 -0.84705 -0.89265 -0.93584 -0.96634 -0.98042 -0.98245 -0.97319 -0.95369 -0.92161 -0.87903 -0.81715 -0.73586 -0.61574 -0.44002 -0.18093 0.18168 0.55475 0.81752
-0.4853 -0.54256 1 -0.83668 -0.9508 -0.55968 0.39529 0.95989 0.81381 0.094868 -0.58648 0.19661 0.74836 0.86016 0.88545 0.8892 0.87192 0.84478 0.70152 0.3485 -0.063796 -0.38337 -0.62728 -0.77914 -0.88367 -0.95139 -0.97755 -0.9788 -0.97094 -0.95129 -0.9463 -0.95739 -0.97169 -0.97888 -0.97759 -0.96074 -0.93597 -0.90152 -0.85914 -0.80496 -0.74275 -0.66066 -0.56078 -0.42164 -0.22935 0.038125 0.38773 0.71575 0.91522
0.13955 0.37021 -0.87983 -0.10214 0.46141 0.75942 -0.52567 0.12926 -0.055928 -0.71537 -0.99824 -0.53763 0.11987 0.3504 0.43759 0.48064 0.48327 0.46733 0.27996 -0.11582 -0.49197 -0.73117 -0.87975 -0.9482 -0.97442 -0.96288 -0.93362 -0.92773 -0.95742 -0.97475 -0.97651 -0.97272 -0.96065 -0.93721 -0.90972 -0.86836 -0.82318 -0.7701 -0.71135 -0.64182 -0.56661 -0.47161 -0.36079 -0.21174 -0.01385 0.2486 0.56979 0.84056 0.97156
0.60077 -0.24136 0.38401 0.96797 0.86954 0.76755 -0.71264 -0.83025 -0.85975 -0.96342 -0.7534 -0.95275 -0.54941 -0.29375 -0.16142 -0.076257 -0.038196 -0.024563 -0.19758 -0.54179 -0.80958 -0.93493 -0.97656 -0.9648 -0.92217 -0.84528 -0.77481 -0.77047 -0.8404 -0.89841 -0.91261 -0.90024 -0.86863 -0.82191 -0.77516 -0.71663 -0.65793 -0.59302 -0.52444 -0.44617 -0.3643 -0.26327 -0.14858 0.0020403 0.19574 0.44163 0.72202 0.92719 0.98803
0.048649 0.19856 0.36018 -0.59785 -0.53755 -0.47764 -0.0078605 -0.90874 -0.90811 -0.51165 -0.054898 -0.85886 -0.95173 -0.80395 -0.68766 -0.59429 -0.5348 -0.49683 -0.61717 -0.84429 -0.96607 -0.97187 -0.91591 -0.83989 -0.74667 -0.62494 -0.53008 -0.53382 -0.64118 -0.73856 -0.7688 -0.75399 -0.7103 -0.64836 -0.58961 -0.52126 -0.45568 -0.38534 -0.31294 -0.23193 -0.14903 -0.04805 0.064332 0.20932 0.39052 0.61044 0.84081 0.97564 0.96759
-0.053923 -0.25717 -0.95112 -0.63097 -0.87363 -0.975 0.67049 -0.09295 -0.21731 0.27988 0.65826 -0.34568 -0.93737 -1 -0.97286 -0.92407 -0.87766 -0.83903 -0.89363 -0.97487 -0.94742 -0.85035 -0.72054 -0.60309 -0.48119 -0.33711 -0.23411 -0.24928 -0.3863 -0.51707 -0.56441 -0.55226 -0.50355 -0.43417 -0.37018 -0.29872 -0.23209 -0.16185 -0.090746 -0.012065 0.067211 0.16307 0.26809 0.40154 0.56357 0.75035 0.92451 0.98749 0.91427
0.02116 0.41174 0.91656 0.92053 0.43823 -0.039009 0.57252 0.79295 0.62686 0.87691 0.9975 0.3129 -0.54685 -0.83878 -0.94818 -0.98988 -0.99461 -0.98567 -0.98318 -0.9241 -0.77166 -0.60258 -0.42961 -0.29493 -0.16556 -0.019935 0.077698 0.051238 -0.10387 -0.25826 -0.32115 -0.31516 -0.26737 -0.19736 -0.13386 -0.064866 -0.0018931 0.063818 0.12963 0.20201 0.27408 0.36088 0.45466 0.57202 0.70991 0.85854 0.97311 0.96554 0.83276
-0.63004 -0.63283 -0.15892 0.28122 0.94976 0.93933 -0.11923 0.96501 1 0.93146 0.81875 0.8161 0.040295 -0.4035 -0.64657 -0.79646 -0.87708 -0.92219 -0.88439 -0.71598 -0.47975 -0.27507 -0.089946 0.040679 0.16001 0.29056 0.3733 0.33873 0.17947 0.013795 -0.060791 -0.062634 -0.020198 0.045054 0.10364 0.16597 0.22185 0.27985 0.33751 0.40077 0.46313 0.53809 0.61789 0.71599 0.82636 0.93386 0.98798 0.91343 0.72809
0.62185 0.85964 -0.74425 -1 -0.16118 0.66674 -0.65685 0.33285 0.68079 0.4523 0.24944 0.96871 0.59736 0.1466 -0.1744 -0.41278 -0.57032 -0.67852 -0.63056 -0.39747 -0.1248 0.080838 0.25174 0.36252 0.45975 0.56397 0.62662 0.58939 0.44065 0.27728 0.19661 0.187 0.22134 0.27805 0.32875 0.38159 0.42825 0.47654 0.52434 0.57674 0.62792 0.6893 0.7535 0.83038 0.91135 0.97655 0.97151 0.83536 0.6054
0.27145 -1 0.90541 -0.097807 -0.98997 -0.43375 -0.55082 -0.54669 -0.072551 -0.2617 -0.41952 0.73997 0.93809 0.63897 0.33085 0.056404 -0.15358 -0.31499 -0.27733 -0.026632 0.23816 0.41698 0.55478 0.63654 0.70543 0.77765 0.81896 0.78575 0.66154 0.51401 0.43393 0.41814 0.44325 0.48922 0.53041 0.57233 0.60879 0.6465 0.68372 0.7245 0.76393 0.81096 0.85886 0.9137 0.96468 0.988 0.92682 0.73583 0.46969
-1 0.95345 -0.086353 0.99521 -0.27988 -1 0.03841 -1 -0.76543 -0.82749 -0.89121 0.24545 0.97075 0.94017 0.74149 0.50106 0.28233 0.094432 0.11074 0.33838 0.56031 0.69407 0.78843 0.83833 0.87796 0.91749 0.9394 0.91712 0.82947 0.71013 0.63772 0.61843 0.63458 0.66907 0.70037 0.73108 0.75737 0.78455 0.81133 0.84057 0.86843 0.90115 0.93287 0.96578 0.98729 0.97043 0.85757 0.61939 0.32569
0.96672 -0.66313 -0.79908 0.10054 0.82091 -0.43011 0.56421 -0.73864 -0.99934 -0.98145 -0.98797 -0.32063 0.70993 0.98545 0.969 0.83071 0.65487 0.47763 0.47221 0.64789 0.80451 0.885 0.93354 0.95399 0.96765 0.97772 0.98433 0.97916 0.93727 0.85637 0.79843 0.77904 0.78758 0.81105 0.83305 0.85323 0.8702 0.88765 0.90478 0.92322 0.94028 0.95937 0.97568 0.98756 0.98102 0.92673 0.76765 0.4905 0.17773
-0.47518 0.17879 0.6281 -0.96192 0.75082 0.58708 0.6124 0.0096957 -0.67894 -0.6827 -0.70107 -0.76536 0.25342 0.78353 0.97737 0.98959 0.9035 0.77605 0.75746 0.86604 0.94796 0.97583 0.98263 0.9797 0.9734 0.95989 0.95645 0.97312 0.98277 0.94786 0.91035 0.89451 0.89759 0.91142 0.92546 0.93648 0.94555 0.95462 0.96339 0.97223 0.9797 0.98633 0.98849 0.98083 0.94837 0.86019 0.66108 0.3534 0.029696
0.032833 0.32005 0.378 -0.26467 -0.30969 0.98525 0.19494 0.73405 -0.011885 -0.093872 -0.16494 -0.95906 -0.25969 0.40153 0.78188 0.96136 0.99648 0.95161 0.93381 0.97311 0.98242 0.96504 0.93856 0.92025 0.90134 0.87147 0.86344 0.90475 0.96811 0.98369 0.97131 0.96258 0.96274 0.96892 0.97681 0.98054 0.98349 0.98585 0.98785 0.98863 0.98801 0.98369 0.97331 0.94805 0.89232 0.77432 0.54181 0.21196 -0.11504
0.14084 -0.59355 -0.76402 0.86317 -0.94666 0.42312 -0.34043 0.99978 0.64618 0.52126 0.41519 -0.86391 -0.6931 -0.060734 0.43697 0.76538 0.9311 0.98885 0.987 0.96517 0.91262 0.86153 0.81248 0.78715 0.76303 0.72423 0.71653 0.78314 0.89883 0.96624 0.98218 0.98365 0.98357 0.98444 0.98825 0.98678 0.98555 0.98307 0.98005 0.97448 0.9674 0.95386 0.93277 0.89213 0.81613 0.67274 0.41361 0.06972 -0.25361
-0.096054 0.49956 -0.039871 0.5369 -0.42769 -0.51348 -0.61569 0.68845 0.98639 0.91991 0.84462 -0.52913 -0.94719 -0.49849 0.018915 0.44715 0.72917 0.89328 0.91994 0.85186 0.75353 0.68193 0.62138 0.59649 0.57359 0.53262 0.52907 0.61952 0.78292 0.90051 0.94628 0.9604 0.96263 0.96059 0.9624 0.95789 0.95445 0.94899 0.94273 0.93255 0.92071 0.89976 0.86988 0.81626 0.72317 0.559 0.28001 -0.070243 -0.38366
-0.037721 -0.13085 0.70134 -0.61437 0.56128 -0.97758 -0.47797 0.01148 0.87949 0.96914 1 -0.062619 -0.9767 -0.82491 -0.39213 0.066312 0.42957 0.68706 0.74938 0.65296 0.5271 0.44772 0.38556 0.36679 0.34992 0.31225 0.31532 0.42616 0.62997 0.79339 0.86882 0.89721 0.90393 0.90129 0.90306 0.89755 0.89374 0.88708 0.87924 0.86617 0.85118 0.82464 0.78791 0.72378 0.61687 0.43652 0.14424 -0.20527 -0.50331
0.16641 -0.22133 -0.12516 -0.79907 0.9032 -0.61655 -0.053303 -0.65464 0.40269 0.67604 0.85523 0.40718 -0.7919 -0.9855 -0.72699 -0.31513 0.079884 0.40338 0.50169 0.3946 0.25887 0.18244 0.1264 0.11719 0.10922 0.078654 0.089329 0.21551 0.45031 0.65295 0.75631 0.79967 0.81259 0.81138 0.8148 0.81012 0.80754 0.80128 0.79337 0.77896 0.76234 0.73195 0.69025 0.61803 0.50051 0.3085 0.0091727 -0.33315 -0.61114
-0.25095 0.30382 -0.60086 0.16235 0.2951 0.22298 0.3806 -0.98316 -0.22538 0.16286 0.47307 0.76669 -0.44723 -0.9631 -0.93733 -0.64257 -0.27149 0.080531 0.20829 0.10557 -0.024972 -0.09068 -0.13556 -0.13411 -0.13231 -0.15371 -0.13586 -0.00058051 0.25435 0.48784 0.61599 0.67413 0.69441 0.69627 0.70269 0.70034 0.70031 0.69577 0.68908 0.67472 0.6578 0.62515 0.58024 0.50227 0.37726 0.17789 -0.12269 -0.45209 -0.70614
0.28463 -0.13002 0.15533 0.855 -0.58115 0.87094 0.58035 -0.84465 -0.75284 -0.39129 -0.026592 0.94167 -0.022789 -0.77494 -1 -0.87541 -0.58172 -0.24334 -0.098531 -0.18598 -0.30003 -0.35056 -0.38202 -0.37097 -0.36035 -0.3722 -0.34881 -0.21142 0.052032 0.30678 0.45543 0.5273 0.55547 0.5616 0.57199 0.57312 0.57662 0.57485 0.5704 0.55725 0.54115 0.50767 0.46114 0.37959 0.25002 0.047333 -0.2492 -0.56067 -0.78767
-0.27134 -0.065218 0.5199 0.40051 -0.87339 0.87395 0.4624 -0.33428 -0.99387 -0.81516 -0.50752 0.90756 0.39549 -0.46402 -0.91649 -0.99034 -0.81792 -0.5345 -0.38896 -0.45496 -0.54552 -0.57959 -0.59791 -0.58006 -0.56308 -0.56643 -0.54006 -0.40783 -0.1476 0.11814 0.28211 0.36591 0.40192 0.41305 0.42794 0.43332 0.44098 0.44272 0.44126 0.43022 0.41586 0.38278 0.33602 0.25288 0.12146 -0.080847 -0.36858 -0.65786 -0.85541
0.21738 0.11193 -0.10212 -0.52627 -0.36643 0.27718 0.11705 0.30478 -0.88436 -0.99492 -0.85387 0.6867 0.73284 -0.087996 -0.70879 -0.9816 -0.95934 -0.76647 -0.63818 -0.68113 -0.74533 -0.76442 -0.77192 -0.7513 -0.73147 -0.72848 -0.70232 -0.58236 -0.33667 -0.0704 0.10311 0.1964 0.23966 0.25604 0.27557 0.28559 0.29773 0.3034 0.3054 0.29712 0.28518 0.25351 0.20773 0.12477 -0.0060518 -0.20464 -0.47939 -0.74295 -0.90934
-0.13378 -0.064003 -0.45476 -0.77528 0.43454 -0.48365 -0.2673 0.80474 -0.48477 -0.89746 -0.9947 0.33633 0.93726 0.29222 -0.41304 -0.8589 -0.99784 -0.92155 -0.82787 -0.85 -0.88858 -0.89619 -0.89664 -0.87796 -0.85937 -0.85298 -0.8305 -0.72939 -0.50866 -0.25204 -0.075092 0.024775 0.074202 0.095651 0.11961 0.1343 0.15088 0.16062 0.16629 0.1612 0.15213 0.12267 0.078856 -0.0023811 -0.13043 -0.32234 -0.58051 -0.81554 -0.94966
0.042768 0.026958 0.0043941 -0.12936 0.84384 -0.91962 -0.51009 0.98237 0.058641 -0.56696 -0.91311 -0.068191 0.98472 0.62207 -0.072604 -0.64388 -0.93672 -0.99117 -0.94677 -0.9531 -0.96955 -0.97048 -0.96842 -0.95651 -0.94341 -0.93694 -0.92162 -0.84508 -0.65846 -0.42101 -0.24679 -0.14359 -0.089474 -0.063515 -0.035695 -0.016631 0.0040892 0.017772 0.027094 0.025371 0.019413 -0.0072344 -0.048306 -0.1265 -0.2499 -0.43257 -0.67112 -0.87545 -0.97677
0.023076 0.023259 0.38096 0.61744 0.57219 -0.79352 -0.51801 0.79475 0.57207 -0.10177 -0.64164 -0.45026 0.87873 0.86015 0.26863 -0.36578 -0.78867 -0.97524 -0.99055 -0.9877 -0.98735 -0.98687 -0.98705 -0.98635 -0.98274 -0.97955 -0.97457 -0.92728 -0.78236 -0.57265 -0.40715 -0.30404 -0.24701 -0.21742 -0.18657 -0.1637 -0.13939 -0.12213 -0.1094 -0.10777 -0.11056 -0.13401 -0.17175 -0.24582 -0.36295 -0.53422 -0.75067 -0.92276 -0.99124
-0.032017 -0.10027 0.1037 0.67532 -0.11729 -0.21857 -0.3095 0.33321 0.90958 0.37793 -0.24788 -0.74588 0.64559 0.98181 0.57155 -0.057146 -0.57302 -0.88088 -0.96107 -0.95613 -0.94516 -0.94839 -0.95516 -0.96937 -0.97865 -0.98188 -0.98996 -0.97536 -0.87802 -0.70341 -0.55223 -0.45267 -0.3947 -0.36262 -0.32979 -0.30391 -0.27677 -0.25648 -0.24077 -0.23599 -0.23572 -0.25575 -0.28975 -0.35884 -0.46839 -0.62644 -0.81883 -0.95771 -0.99375
-0.024616 0.066516 -0.27922 0.057548 -0.69154 0.45804 0.012234 -0.22831 0.99004 0.76159 0.18423 -0.91262 0.32699 0.97987 0.80569 0.25004 -0.31302 -0.72071 -0.86534 -0.86487 -0.8495 -0.86078 -0.87774 -0.9095 -0.93426 -0.94658 -0.96975 -0.98998 -0.94428 -0.8108 -0.67898 -0.58634 -0.52952 -0.49628 -0.46266 -0.43475 -0.40568 -0.38307 -0.36496 -0.35738 -0.3543 -0.37086 -0.4009 -0.46434 -0.56523 -0.70863 -0.87551 -0.98072 -0.98509
0.11489 0.10222 -0.18672 -0.57389 -0.76423 0.87502 0.31408 -0.70268 0.80932 0.9717 0.57279 -0.93325 -0.028199 0.86282 0.95121 0.52745 -0.033133 -0.51104 -0.71419 -0.72345 -0.70925 -0.7318 -0.76146 -0.8122 -0.85404 -0.87746 -0.91703 -0.9729 -0.98112 -0.89331 -0.78524 -0.70268 -0.64913 -0.61615 -0.58305 -0.55419 -0.52422 -0.50011 -0.48029 -0.47037 -0.46487 -0.47804 -0.50402 -0.56135 -0.65277 -0.78041 -0.92077 -0.9923 -0.96611
-0.17405 -0.13286 0.1518 -0.63853 -0.33061 0.84253 0.48771 -0.95022 0.42999 0.97558 0.85252 -0.81463 -0.37161 0.65153 0.99948 0.75251 0.24321 -0.27001 -0.521 -0.54343 -0.53481 -0.57046 -0.61409 -0.68397 -0.74343 -0.77922 -0.8357 -0.92675 -0.98939 -0.95034 -0.86964 -0.80003 -0.7518 -0.72057 -0.68933 -0.66068 -0.63089 -0.60619 -0.58541 -0.57373 -0.56627 -0.57624 -0.59822 -0.64914 -0.7305 -0.84159 -0.95484 -0.9931 -0.9377
0.14693 -0.081188 0.21663 -0.14029 0.29128 0.40868 0.48399 -0.91353 -0.043827 0.78559 0.98364 -0.58311 -0.66157 0.37503 0.95228 0.90961 0.49537 -0.016059 -0.30036 -0.33737 -0.33729 -0.38641 -0.444 -0.53191 -0.60848 -0.65713 -0.7302 -0.85481 -0.97075 -0.98207 -0.93154 -0.87739 -0.83641 -0.8084 -0.78033 -0.7531 -0.72459 -0.70024 -0.67932 -0.66651 -0.65762 -0.66471 -0.68282 -0.72719 -0.79812 -0.89215 -0.97807 -0.9838 -0.90079
-0.040367 0.16413 -0.023843 0.44007 0.70826 -0.19855 0.31973 -0.62196 -0.49705 0.45024 0.95478 -0.27789 -0.8673 0.066134 0.82008 0.99045 0.70667 0.23349 -0.067008 -0.11794 -0.1278 -0.18932 -0.25964 -0.36333 -0.45549 -0.51669 -0.60532 -0.76078 -0.92742 -0.98936 -0.97095 -0.93434 -0.90237 -0.87898 -0.85537 -0.83072 -0.80458 -0.78154 -0.76131 -0.74806 -0.73832 -0.74288 -0.75737 -0.79518 -0.85548 -0.9322 -0.99091 -0.96517 -0.85629
-0.067532 0.070079 -0.18849 0.62465 0.69583 -0.69982 0.061287 -0.17089 -0.83123 0.039866 0.78069 0.056218 -0.97096 -0.24251 0.61987 0.99365 0.86512 0.4634 0.16514 0.1028 0.083133 0.011564 -0.069149 -0.18539 -0.29077 -0.36347 -0.46592 -0.64862 -0.8621 -0.9736 -0.98843 -0.97099 -0.94954 -0.93208 -0.91411 -0.89318 -0.87046 -0.84966 -0.83095 -0.81794 -0.80797 -0.81043 -0.82162 -0.85297 -0.90261 -0.962 -0.99389 -0.93799 -0.80513
0.092287 -0.16803 -0.075575 0.31412 0.29804 -0.89157 -0.20434 0.31292 -0.98349 -0.3691 0.49624 0.37544 -0.96789 -0.52168 0.37268 0.9239 0.96358 0.66123 0.38366 0.31399 0.28602 0.20778 0.11991 -0.0048657 -0.12034 -0.20286 -0.3168 -0.52242 -0.77777 -0.9366 -0.985 -0.98789 -0.97824 -0.96786 -0.95658 -0.94042 -0.92211 -0.90444 -0.88805 -0.87598 -0.86638 -0.86721 -0.87545 -0.90056 -0.93964 -0.98188 -0.98763 -0.90307 -0.74819
-0.03319 -0.078362 0.12016 -0.20536 -0.23935 -0.71843 -0.39889 0.70787 -0.93456 -0.70824 0.14849 0.64244 -0.86518 -0.74791 0.10122 0.79072 0.99956 0.81772 0.57815 0.50633 0.47269 0.39195 0.30082 0.17208 0.050173 -0.039912 -0.16255 -0.38618 -0.67759 -0.88051 -0.96203 -0.98594 -0.98908 -0.98679 -0.98312 -0.97266 -0.95965 -0.94594 -0.93264 -0.92217 -0.91354 -0.91323 -0.91893 -0.93807 -0.96684 -0.99228 -0.97275 -0.86121 -0.68635
-0.017997 0.14954 0.13463 -0.53933 -0.62884 -0.27335 -0.47385 0.92623 -0.70651 -0.92736 -0.21164 0.82984 -0.67931 -0.90486 -0.17222 0.60712 0.97476 0.92686 0.74049 0.67236 0.6365 0.5579 0.46783 0.34002 0.21574 0.12075 -0.0074331 -0.2438 -0.56478 -0.8077 -0.9212 -0.96635 -0.98299 -0.98959 -0.9943 -0.99035 -0.98343 -0.97443 -0.96491 -0.95668 -0.9496 -0.94864 -0.95222 -0.96575 -0.98454 -0.99369 -0.94993 -0.81321 -0.62044
-0.011476 0.099754 -0.028029 -0.47988 -0.69157 0.25899 -0.41901 0.92982 -0.3528 -1 -0.53678 0.92205 -0.43318 -0.98371 -0.42743 0.38815 0.89435 0.98587 0.86497 0.80655 0.77243 0.70077 0.61627 0.49437 0.37197 0.27505 0.1447 -0.098893 -0.44254 -0.72065 -0.86437 -0.93057 -0.96112 -0.97722 -0.99089 -0.99415 -0.99398 -0.99035 -0.98523 -0.97983 -0.97485 -0.97371 -0.97563 -0.98394 -0.99317 -0.98664 -0.91987 -0.75987 -0.55125
0.068242 -0.1093 -0.14779 -0.11115 -0.42605 0.68252 -0.25913 0.73159 0.055842 -0.92423 -0.78871 0.9153 -0.15301 -0.98297 -0.64756 0.14966 0.76621 0.99481 0.94823 0.90529 0.87705 0.81705 0.74256 0.63145 0.51519 0.41947 0.29046 0.045189 -0.31395 -0.62192 -0.79356 -0.88018 -0.92478 -0.95079 -0.97383 -0.98484 -0.99196 -0.99426 -0.99409 -0.99205 -0.98966 -0.98883 -0.98951 -0.99302 -0.9932 -0.97172 -0.88325 -0.70194 -0.47952
-0.036544 -0.11838 -0.080919 0.29787 0.019032 0.85969 -0.042134 0.3858 0.4462 -0.71964 -0.94189 0.81645 0.13454 -0.9075 -0.81985 -0.092877 0.60009 0.95626 0.98912 0.96682 0.94847 0.90447 0.84418 0.74843 0.64245 0.55111 0.42693 0.18546 -0.18194 -0.51404 -0.71084 -0.81691 -0.8754 -0.91154 -0.94419 -0.96334 -0.97816 -0.98684 -0.99207 -0.99387 -0.99452 -0.99443 -0.99431 -0.99349 -0.98514 -0.94953 -0.84078 -0.64015 -0.40594
-0.077873 0.051589 0.086493 0.49371 0.43422 0.74933 0.17604 -0.028841 0.75532 -0.42165 -0.98477 0.64083 0.40482 -0.76737 -0.93601 -0.32525 0.40678 0.87485 0.98845 0.991 0.98617 0.96198 0.91962 0.84334 0.75152 0.66767 0.55171 0.31932 -0.04921 -0.39947 -0.6183 -0.7425 -0.81451 -0.86079 -0.90311 -0.93065 -0.95346 -0.96885 -0.97986 -0.98588 -0.98997 -0.99104 -0.99054 -0.98584 -0.96956 -0.92069 -0.79313 -0.5752 -0.33115
0.1183 0.11582 0.16162 0.38681 0.64806 0.40625 0.34573 -0.42806 0.93937 -0.074669 -0.91926 0.40956 0.63699 -0.57633 -0.99213 -0.53522 0.19746 0.75672 0.9487 0.97915 0.9909 0.98958 0.96832 0.91504 0.84085 0.76745 0.6629 0.44453 0.081775 -0.28057 -0.51802 -0.65876 -0.74365 -0.7999 -0.85179 -0.88783 -0.91877 -0.94113 -0.95818 -0.96876 -0.97661 -0.97922 -0.97873 -0.97063 -0.94702 -0.88581 -0.74097 -0.50773 -0.25574
-0.0030003 0.0079695 0.06202 0.073018 0.59158 -0.049183 0.43369 -0.73883 0.97792 0.2749 -0.75871 0.14683 0.8153 -0.35036 -0.98838 -0.71295 -0.017009 0.60906 0.87369 0.93379 0.96443 0.98822 0.99051 0.96308 0.90952 0.84928 0.75906 0.55926 0.20883 -0.15954 -0.41199 -0.56745 -0.66438 -0.73026 -0.79148 -0.83598 -0.87508 -0.90453 -0.92781 -0.9432 -0.95509 -0.95956 -0.95945 -0.94841 -0.91812 -0.84551 -0.68493 -0.43837 -0.18027
-0.11689 -0.083244 -0.11023 -0.25327 0.30972 -0.47606 0.42779 -0.91123 0.87396 0.58473 -0.525 -0.1228 0.9296 -0.10625 -0.92847 -0.85124 -0.22655 0.43962 0.76823 0.85839 0.90937 0.9596 0.98715 0.98768 0.95722 0.9125 0.83922 0.66207 0.33004 -0.038418 -0.30213 -0.47028 -0.57824 -0.65326 -0.7234 -0.7762 -0.82337 -0.85994 -0.88955 -0.90993 -0.92606 -0.9327 -0.9333 -0.91978 -0.88342 -0.80039 -0.62564 -0.3677 -0.1052
0.06856 -0.044604 -0.18493 -0.42068 -0.073244 -0.75619 0.33633 -0.92417 0.65041 0.82115 -0.24518 -0.37649 0.97542 0.13964 -0.81896 -0.94558 -0.42224 0.25635 0.63784 0.75711 0.82898 0.90605 0.9598 0.98963 0.98412 0.95695 0.90282 0.75185 0.44379 0.080949 -0.19022 -0.3689 -0.48672 -0.57023 -0.64878 -0.7096 -0.76464 -0.80826 -0.8442 -0.86968 -0.89022 -0.89927 -0.90087 -0.88531 -0.84353 -0.75105 -0.56368 -0.29623 -0.030999
0.061146 0.033988 -0.089605 -0.36449 -0.41125 -0.82363 0.18343 -0.78517 0.34432 0.96194 0.051819 -0.59492 0.95356 0.37235 -0.6685 -0.99402 -0.59664 0.06698 0.48839 0.63457 0.727 0.83041 0.91047 0.97016 0.99086 0.98282 0.94967 0.82786 0.54872 0.19692 -0.077928 -0.26487 -0.39125 -0.48249 -0.56881 -0.63726 -0.69987 -0.75038 -0.79259 -0.82322 -0.84823 -0.8599 -0.86278 -0.84559 -0.799 -0.69805 -0.49959 -0.22446 0.041957
-0.068836 0.042647 0.092715 -0.13907 -0.59127 -0.6751 0.002089 -0.5254 0.00013466 0.99736 0.33822 -0.76336 0.86935 0.57913 -0.48711 -0.99696 -0.74385 -0.12124 0.3259 0.49564 0.60743 0.73579 0.84153 0.9309 0.97843 0.9907 0.9799 0.88966 0.64376 0.30805 0.033248 -0.15963 -0.29317 -0.39128 -0.48465 -0.56023 -0.63002 -0.68718 -0.73552 -0.77126 -0.80079 -0.81523 -0.81961 -0.8012 -0.75042 -0.64195 -0.43389 -0.15283 0.11331
-0.019206 -3.5958e-05 0.20682 0.13005 -0.56668 -0.36234 -0.17316 -0.19175 -0.33704 0.92961 0.58974 -0.87224 0.73171 0.74988 -0.28547 -0.95682 -0.85965 -0.30175 0.15624 0.34524 0.47439 0.62555 0.75562 0.87375 0.94815 0.98144 0.99394 0.93708 0.7281 0.41311 0.14195 -0.054511 -0.19375 -0.29778 -0.39737 -0.47952 -0.55602 -0.61951 -0.67376 -0.71454 -0.74856 -0.76587 -0.77195 -0.75268 -0.6983 -0.58327 -0.36707 -0.081748 0.18277
0.029959 -0.017304 0.15867 0.31695 -0.36256 0.028076 -0.31256 0.16236 -0.62709 0.77115 0.78731 -0.91722 0.55214 0.87741 -0.074265 -0.87768 -0.94143 -0.46888 -0.014984 0.18819 0.332 0.50311 0.6555 0.80083 0.90154 0.95616 0.99247 0.97023 0.80114 0.51106 0.24698 0.049269 -0.094147 -0.20307 -0.30802 -0.39609 -0.47875 -0.54819 -0.60807 -0.65375 -0.69218 -0.71245 -0.72038 -0.70059 -0.64318 -0.52249 -0.29957 -0.011576 0.25005
0.013161 0.0019787 -0.015041 0.35126 -0.057069 0.39999 -0.39555 0.48554 -0.8391 0.54213 0.91801 -0.89885 0.34361 0.95752 0.13634 -0.76489 -0.98809 -0.61792 -0.18266 0.029058 0.18427 0.37188 0.54402 0.71439 0.84033 0.91614 0.97637 0.9894 0.86254 0.60105 0.3473 0.15063 0.0045799 -0.10818 -0.21755 -0.31083 -0.39906 -0.474 -0.53919 -0.58957 -0.63229 -0.65554 -0.66543 -0.64545 -0.58555 -0.46009 -0.2318 0.05736 0.31493
0.013398 0.0086369 -0.18482 0.23795 0.25029 0.67102 -0.41282 0.73547 -0.9538 0.26756 0.97542 -0.82191 0.11965 0.98881 0.3371 -0.6247 -0.9999 -0.74517 -0.34221 -0.12794 0.034943 0.23518 0.42402 0.61676 0.76636 0.86282 0.94665 0.9951 0.91214 0.68244 0.44202 0.24861 0.10147 -0.014024 -0.12685 -0.22458 -0.31772 -0.39768 -0.46779 -0.52264 -0.56949 -0.59571 -0.60766 -0.58775 -0.52587 -0.3965 -0.16415 0.12477 0.37723
-0.028936 -0.016515 -0.22945 0.041246 0.47102 0.78901 -0.36627 0.88347 -0.96424 -0.025668 0.95926 -0.6946 -0.10656 0.97241 0.52004 -0.46386 -0.97837 -0.84795 -0.4897 -0.27902 -0.11249 0.096137 0.29824 0.51027 0.68152 0.79772 0.90448 0.98797 0.94994 0.75473 0.53039 0.34237 0.19568 0.078565 -0.036719 -0.13812 -0.23549 -0.31992 -0.39453 -0.45357 -0.50435 -0.53349 -0.54754 -0.52797 -0.4646 -0.33213 -0.096953 0.19041 0.43677
-0.047434 -0.033271 -0.11944 -0.15208 0.55111 0.73921 -0.26714 0.91661 -0.87507 -0.31138 0.8747 -0.52752 -0.32289 0.91168 0.67863 -0.28933 -0.92595 -0.92457 -0.6219 -0.42087 -0.2549 -0.042323 0.16933 0.3972 0.58773 0.72244 0.8511 0.96878 0.97613 0.8176 0.61182 0.43121 0.28646 0.16884 0.052095 -0.052161 -0.15303 -0.24136 -0.32003 -0.38293 -0.43741 -0.46939 -0.48557 -0.46655 -0.40215 -0.26735 -0.030522 0.25405 0.49344
0.045765 -0.0046013 0.071052 -0.27036 0.48077 0.54249 -0.13314 0.83736 -0.70066 -0.5663 0.73133 -0.33277 -0.51878 0.81169 0.80791 -0.10794 -0.84595 -0.97426 -0.73623 -0.55069 -0.38956 -0.17755 0.039743 0.27976 0.4869 0.63857 0.78781 0.93842 0.99102 0.87085 0.68585 0.51453 0.37316 0.25614 0.13894 0.032665 -0.070962 -0.16261 -0.24484 -0.31127 -0.36917 -0.40388 -0.42219 -0.40392 -0.33891 -0.20251 0.034863 0.3155 0.54712
0.072534 0.045874 0.22069 -0.28089 0.29056 0.24655 0.014959 0.66143 -0.46243 -0.7717 0.54192 -0.123 -0.68565 0.67886 0.90451 0.073825 -0.74222 -0.99708 -0.83084 -0.66622 -0.51411 -0.30719 -0.088254 0.16006 0.38088 0.54772 0.71593 0.89783 0.99503 0.91444 0.75212 0.59183 0.45523 0.3399 0.22323 0.11577 0.010137 -0.084212 -0.1695 -0.23908 -0.30011 -0.33742 -0.35782 -0.34047 -0.27523 -0.13792 0.098952 0.3746 0.59775
-0.049683 0.058183 0.23978 -0.19432 0.037757 -0.086655 0.15655 0.4143 -0.186 -0.91431 0.32121 0.089396 -0.81708 0.52044 0.9666 0.25001 -0.61901 -0.99383 -0.90449 -0.7657 -0.62664 -0.4292 -0.21262 0.040037 0.27145 0.45145 0.6368 0.84801 0.98868 0.94841 0.81041 0.66273 0.53221 0.41963 0.30445 0.19665 0.089761 -0.0066583 -0.094477 -0.16683 -0.23067 -0.27042 -0.29285 -0.27656 -0.21146 -0.073885 0.16152 0.43122 0.64527
-0.090161 0.0078793 0.12046 -0.052706 -0.21165 -0.39426 0.27389 0.12713 0.10174 -0.98678 0.08464 0.29295 -0.90887 0.34415 0.99377 0.41535 -0.48082 -0.96594 -0.95659 -0.84791 -0.72563 -0.54183 -0.33154 -0.078504 0.16029 0.35127 0.55173 0.79 0.97258 0.97294 0.8606 0.72695 0.60374 0.4949 0.38217 0.27485 0.16746 0.069597 -0.020221 -0.094924 -0.16125 -0.20327 -0.22764 -0.21252 -0.14788 -0.010651 0.22238 0.48524 0.68965
0.035365 -0.061893 -0.066509 0.090632 -0.39992 -0.62392 0.35401 -0.1673 0.37521 -0.98751 -0.15265 0.47766 -0.959 0.15777 0.98688 0.56539 -0.33216 -0.91535 -0.98708 -0.91206 -0.80995 -0.64368 -0.44345 -0.19394 0.048966 0.24862 0.46201 0.72482 0.94739 0.98828 0.90264 0.78429 0.66951 0.56539 0.456 0.34997 0.24282 0.14415 0.052875 -0.023762 -0.092234 -0.13631 -0.16253 -0.14867 -0.084794 0.051541 0.28136 0.53659 0.73088
0.096624 -0.082572 -0.21811 0.19068 -0.48971 -0.74157 0.38968 -0.43836 0.61221 -0.9201 -0.37677 0.63533 -0.96748 -0.03119 0.9479 0.69649 -0.17746 -0.84441 -0.99641 -0.95782 -0.87884 -0.73363 -0.54704 -0.30484 -0.061091 0.14484 0.36887 0.65353 0.91381 0.99475 0.93659 0.83463 0.72933 0.63083 0.52564 0.42168 0.31549 0.21665 0.12445 0.04631 -0.023947 -0.069865 -0.097828 -0.085293 -0.02244 0.11248 0.33832 0.58519 0.76896
-0.0063939 -0.028814 -0.25674 0.22331 -0.4695 -0.73487 0.37952 -0.66039 0.79542 -0.79253 -0.57576 0.7598 -0.93609 -0.21573 0.8797 0.80589 -0.020962 -0.75576 -0.98545 -0.98526 -0.93191 -0.81086 -0.64122 -0.40994 -0.16858 0.041184 0.27348 0.57715 0.87258 0.99274 0.96258 0.87793 0.78304 0.69099 0.59082 0.48969 0.38518 0.28678 0.1942 0.11498 0.043301 -0.0042362 -0.033802 -0.022641 0.038948 0.17198 0.39313 0.631 0.80391
-0.084871 0.05642 -0.16731 0.1886 -0.35241 -0.61254 0.32748 -0.81472 0.91328 -0.6161 -0.74005 0.84699 -0.86811 -0.38961 0.78587 0.89168 0.13341 -0.65224 -0.95542 -0.9948 -0.96906 -0.87484 -0.72514 -0.50818 -0.27234 -0.061192 0.17695 0.49668 0.82445 0.98268 0.98078 0.91421 0.83056 0.74575 0.65136 0.55377 0.45162 0.35426 0.26184 0.18197 0.10923 0.060315 0.029292 0.039053 0.099167 0.22988 0.44568 0.67399 0.83576
-0.024206 0.10093 0.0017158 0.10605 -0.17003 -0.40042 0.24169 -0.89065 0.9602 -0.40432 -0.86272 0.89491 -0.76803 -0.54746 0.67049 0.95274 0.2821 -0.5368 -0.90785 -0.98714 -0.99049 -0.92528 -0.79817 -0.59866 -0.37135 -0.16125 0.080298 0.41306 0.7702 0.96507 0.99145 0.94354 0.87186 0.79501 0.7071 0.61374 0.5146 0.41887 0.32712 0.24704 0.17361 0.12355 0.091226 0.099579 0.15803 0.28603 0.49591 0.71415 0.86455
0.053028 0.066238 0.16794 0.0051416 0.036572 -0.13539 0.13308 -0.88552 0.93636 -0.17179 -0.93962 0.90349 -0.64121 -0.68489 0.53794 0.98874 0.42197 -0.4124 -0.84449 -0.96327 -0.99662 -0.96213 -0.8599 -0.68067 -0.46473 -0.25806 -0.015523 0.32723 0.71058 0.94041 0.99488 0.96607 0.90699 0.83872 0.75795 0.66945 0.57395 0.48041 0.38983 0.30996 0.23621 0.18526 0.1518 0.15875 0.21539 0.34031 0.54373 0.75147 0.89034
0.037912 -0.021739 0.25648 -0.084871 0.22618 0.14131 0.013941 -0.80404 0.84701 0.066834 -0.96924 0.87434 -0.49358 -0.79855 0.3928 1 0.55036 -0.28197 -0.76726 -0.92436 -0.98811 -0.98554 -0.91008 -0.75366 -0.55175 -0.35081 -0.10965 0.24003 0.64635 0.90924 0.99138 0.98197 0.936 0.87688 0.80383 0.72079 0.62952 0.53871 0.44981 0.37056 0.29684 0.24526 0.21083 0.21641 0.27109 0.39262 0.58911 0.78598 0.9132
-0.012695 -0.096257 0.23242 -0.1428 0.36526 0.39056 -0.10352 -0.65707 0.70156 0.29769 -0.95249 0.81056 -0.33135 -0.88611 0.23958 0.98746 0.66505 -0.14832 -0.67816 -0.87176 -0.9658 -0.99584 -0.94866 -0.81724 -0.63179 -0.43877 -0.20132 0.15229 0.57825 0.8721 0.98133 0.99144 0.959 0.90953 0.84474 0.76772 0.68122 0.59366 0.50689 0.42867 0.35534 0.30338 0.26816 0.2724 0.32501 0.44287 0.63201 0.81768 0.93319
-0.022631 -0.1028 0.11153 -0.15946 0.43305 0.58051 -0.20832 -0.45995 0.51248 0.50847 -0.89243 0.71636 -0.16075 -0.94623 0.082713 0.95255 0.76432 -0.014091 -0.57927 -0.80692 -0.93065 -0.99354 -0.97574 -0.87116 -0.70438 -0.52136 -0.28982 0.064743 0.50698 0.82955 0.96509 0.99474 0.97616 0.93675 0.88068 0.81018 0.72896 0.64514 0.56096 0.48416 0.41158 0.35948 0.32366 0.3266 0.37705 0.49099 0.6724 0.84663 0.95039
-0.011107 -0.038023 -0.051852 -0.13748 0.4235 0.68992 -0.29162 -0.23081 0.29406 0.68891 -0.79384 0.59685 0.012194 -0.9785 -0.073665 0.89712 0.84691 0.11824 -0.47269 -0.7314 -0.88375 -0.97925 -0.99154 -0.91531 -0.76915 -0.59806 -0.37456 -0.021907 0.43323 0.78215 0.94308 0.99215 0.98763 0.95865 0.9117 0.84818 0.77272 0.69308 0.61193 0.53692 0.46542 0.41345 0.3772 0.37891 0.42712 0.53691 0.71028 0.87285 0.96488
-0.011619 0.05196 -0.19094 -0.088243 0.34431 0.70975 -0.34726 0.011231 0.061356 0.83116 -0.66287 0.45768 0.18186 -0.98335 -0.22573 0.82336 0.912 0.24645 -0.36047 -0.6468 -0.82627 -0.95371 -0.99644 -0.94969 -0.82585 -0.66847 -0.455 -0.10704 0.35766 0.73045 0.91571 0.98394 0.99363 0.97534 0.93786 0.88174 0.81247 0.73745 0.65973 0.58688 0.51678 0.46517 0.4287 0.42923 0.47516 0.58061 0.74565 0.89641 0.97675
-0.0021617 0.10717 -0.25391 -0.027216 0.21375 0.64281 -0.37199 0.24763 -0.17091 0.92993 -0.50657 0.30477 0.34315 -0.96195 -0.37007 0.7337 0.95917 0.36855 -0.24459 -0.5547 -0.75944 -0.91776 -0.99087 -0.97442 -0.87434 -0.73229 -0.53071 -0.19008 0.28088 0.67499 0.88339 0.97044 0.99437 0.987 0.95928 0.91091 0.84822 0.77821 0.7043 0.63396 0.56558 0.51458 0.47805 0.47749 0.52109 0.62204 0.77853 0.91736 0.98609
0.030863 0.094308 -0.22181 0.030524 0.056331 0.50207 -0.36544 0.46174 -0.38918 0.98247 -0.33249 0.1441 0.49165 -0.91608 -0.50371 0.6307 0.9884 0.48282 -0.12695 -0.45673 -0.68453 -0.87227 -0.97539 -0.98969 -0.91456 -0.78928 -0.60132 -0.27052 0.20347 0.6163 0.84656 0.95197 0.9901 0.99379 0.97606 0.93575 0.88 0.81537 0.74562 0.67811 0.61176 0.5616 0.5252 0.52363 0.56487 0.66119 0.80892 0.93576 0.99299
0.041921 0.02506 -0.11175 0.073661 -0.10193 0.30796 -0.32981 0.63981 -0.58176 0.98848 -0.14833 -0.018579 0.62363 -0.84806 -0.62416 0.51703 1 0.58778 -0.0093392 -0.35442 -0.6028 -0.81819 -0.9506 -0.99582 -0.94654 -0.83929 -0.66652 -0.34791 0.12598 0.5549 0.80564 0.92885 0.98107 0.9959 0.98834 0.95637 0.90786 0.84893 0.78368 0.71931 0.65527 0.60619 0.5701 0.5676 0.60647 0.69805 0.83687 0.95167 0.99754
-0.0045231 -0.056034 0.033326 0.096325 -0.23766 0.085137 -0.2694 0.77165 -0.7393 0.94985 0.038386 -0.17787 0.73617 -0.76058 -0.72943 0.39536 0.99457 0.68224 0.1066 -0.24928 -0.51551 -0.75649 -0.91719 -0.99315 -0.97039 -0.88226 -0.72608 -0.42187 0.048902 0.49129 0.76104 0.90143 0.96755 0.99355 0.99626 0.97285 0.93186 0.87893 0.81848 0.75754 0.69608 0.6483 0.6127 0.60937 0.64587 0.73261 0.86241 0.96518 0.99985
-0.061895 -0.10174 0.16235 0.098112 -0.3332 -0.1407 -0.19005 0.85094 -0.85506 0.87032 0.22063 -0.3289 0.8271 -0.65663 -0.81799 0.26834 0.97299 0.76527 0.21938 -0.14274 -0.42391 -0.68816 -0.87585 -0.98211 -0.98628 -0.91817 -0.77985 -0.49206 -0.027298 0.42593 0.71318 0.87004 0.94979 0.98693 1 0.98532 0.95207 0.90542 0.85005 0.7928 0.73419 0.68792 0.65298 0.64891 0.68306 0.7649 0.88558 0.97636 1
-0.053306 -0.089532 0.23415 0.082887 -0.37844 -0.34574 -0.098533 0.87522 -0.92502 0.75517 0.39206 -0.46744 0.89499 -0.53935 -0.88881 0.13851 0.93633 0.83616 0.32764 -0.036136 -0.32918 -0.61417 -0.82732 -0.96317 -0.99444 -0.94708 -0.8277 -0.55818 -0.1022 0.35927 0.66247 0.83502 0.92809 0.97628 0.99972 0.99391 0.9686 0.92845 0.87841 0.82512 0.76958 0.72503 0.69092 0.68621 0.71803 0.79492 0.90642 0.98528 0.9981
0.022187 -0.030913 0.22961 0.056934 -0.37116 -0.5103 -0.0019576 0.84569 -0.94782 0.61077 0.5472 -0.58994 0.93916 -0.41198 -0.94127 0.0082606 0.88584 0.89445 0.43021 0.069286 -0.23248 -0.53551 -0.77237 -0.93684 -0.99516 -0.96909 -0.86958 -0.62002 -0.17542 0.29175 0.60929 0.79671 0.90271 0.96182 0.9956 0.99875 0.98154 0.94809 0.90361 0.8545 0.80228 0.75963 0.72651 0.72126 0.75078 0.8227 0.925 0.99202 0.99423
0.080194 0.039401 0.15516 0.02706 -0.31635 -0.62044 0.092784 0.7667 -0.92452 0.44427 0.68153 -0.69362 0.95958 -0.27776 -0.97519 -0.12016 0.82292 0.93992 0.52606 0.17239 -0.13489 -0.45312 -0.71175 -0.90366 -0.98876 -0.98435 -0.90549 -0.67739 -0.24662 0.22376 0.55402 0.75542 0.87393 0.94378 0.98783 1 0.99101 0.96444 0.92571 0.881 0.83229 0.79173 0.75976 0.75407 0.78134 0.84827 0.94136 0.99667 0.98851
0.052845 0.084847 0.037698 -0.00092728 -0.22459 -0.66862 0.17946 0.64519 -0.85835 0.26315 0.79159 -0.77645 0.95683 -0.13981 -0.99077 -0.2447 0.74903 0.97251 0.61434 0.27215 -0.037425 -0.36792 -0.64623 -0.86419 -0.9756 -0.99306 -0.93546 -0.73014 -0.31549 0.15567 0.49703 0.7115 0.84204 0.92239 0.9766 0.99781 0.99712 0.97757 0.94478 0.90464 0.85964 0.82136 0.79069 0.78465 0.80971 0.87166 0.95556 0.9993 0.98101
-0.030935 0.085856 -0.085748 -0.023129 -0.10997 -0.6538 0.25285 0.49 -0.75428 0.074925 0.87496 -0.8371 0.932 -0.0011409 -0.98853 -0.36354 0.66572 0.99238 0.69434 0.36765 0.058973 -0.2808 -0.57656 -0.819 -0.95606 -0.99545 -0.95956 -0.77817 -0.38176 0.087846 0.43866 0.66524 0.80729 0.89789 0.96211 0.99233 1 0.98759 0.96088 0.9255 0.88438 0.84853 0.8193 0.81303 0.83593 0.89292 0.96767 1 0.97184
-0.081952 0.046957 -0.17994 -0.037803 0.012106 -0.58077 0.30898 0.31119 -0.61866 -0.11316 0.93025 -0.875 0.88664 0.13546 -0.9693 -0.47508 0.57457 0.99982 0.76552 0.45808 0.15344 -0.1926 -0.50348 -0.76869 -0.93056 -0.99178 -0.97792 -0.82142 -0.44519 0.020595 0.37925 0.61695 0.76997 0.87051 0.94455 0.98373 0.99978 0.99459 0.9741 0.94362 0.90655 0.87328 0.84563 0.83921 0.86002 0.91208 0.97774 0.99885 0.96109
-0.050954 -0.0092112 -0.2211 -0.045082 0.12693 -0.4591 0.34525 0.11933 -0.45878 -0.29439 0.95703 -0.89018 0.82266 0.26743 -0.93414 -0.57794 0.47714 0.99528 0.82747 0.54276 0.24519 -0.10411 -0.4277 -0.71382 -0.89953 -0.98233 -0.99066 -0.85986 -0.5056 -0.045782 0.3191 0.56693 0.73032 0.84048 0.92412 0.97218 0.99659 0.99869 0.98451 0.95907 0.9262 0.89564 0.86971 0.86324 0.88202 0.92919 0.98585 0.99593 0.94884
0.024687 -0.055361 -0.20203 -0.04637 0.22213 -0.30179 0.36043 -0.075101 -0.28241 -0.46277 0.95579 -0.88327 0.74223 0.3925 -0.88431 -0.67098 0.375 0.97933 0.87991 0.62112 0.33352 -0.016051 -0.34991 -0.65498 -0.8634 -0.9674 -0.99795 -0.8935 -0.56281 -0.11101 0.25851 0.51546 0.68861 0.80802 0.90101 0.95783 0.99058 1 0.99221 0.97192 0.94337 0.91567 0.89157 0.88516 0.90197 0.94431 0.99207 0.99133 0.93519
0.069681 -0.07281 -0.13198 -0.04362 0.2888 -0.12379 0.35464 -0.26227 -0.097484 -0.61317 0.92777 -0.85542 0.64776 0.50868 -0.82126 -0.75328 0.26965 0.95264 0.92272 0.69266 0.41782 0.07088 -0.27076 -0.59273 -0.82261 -0.94731 -1 -0.92237 -0.61667 -0.17485 0.19776 0.4628 0.64509 0.77335 0.87542 0.94086 0.98188 0.99863 0.9973 0.98226 0.95814 0.93341 0.91125 0.90499 0.91991 0.95748 0.99645 0.98513 0.92022
0.048936 -0.058228 -0.032325 -0.038695 0.322 0.059487 0.32916 -0.43343 0.088295 -0.74143 0.87491 -0.80821 0.54177 0.61429 -0.74653 -0.82417 0.16253 0.91595 0.95586 0.75703 0.49754 0.15606 -0.19088 -0.52763 -0.77761 -0.9224 -0.997 -0.94651 -0.66709 -0.23708 0.13711 0.40921 0.59998 0.73669 0.84753 0.92142 0.97062 0.9947 0.99986 0.99015 0.97057 0.94892 0.92881 0.92279 0.93589 0.96876 0.99907 0.97739 0.90401
-0.0076365 -0.022412 0.070302 -0.032939 0.32081 0.23342 0.28627 -0.58123 0.26774 -0.84441 0.79969 -0.74354 0.42683 0.70795 -0.66174 -0.88317 0.055008 0.8701 0.9794 0.81394 0.57223 0.23893 -0.11085 -0.46022 -0.72885 -0.89301 -0.9892 -0.96603 -0.71397 -0.2975 0.076786 0.35493 0.55352 0.69824 0.81754 0.89969 0.95696 0.98832 1 0.99568 0.98072 0.96225 0.94429 0.93859 0.94996 0.97821 1 0.96822 0.88665
-0.045819 0.016946 0.15118 -0.026989 0.28794 0.38527 0.22903 -0.69994 0.4344 -0.91998 0.70503 -0.66362 0.30554 0.78859 -0.56859 -0.92999 -0.051626 0.81594 0.99354 0.86321 0.64149 0.31897 -0.031209 -0.391 -0.67676 -0.85947 -0.97681 -0.98101 -0.75726 -0.35593 0.017025 0.3002 0.50593 0.65821 0.78562 0.87581 0.94103 0.97962 0.99782 0.99893 0.98866 0.97346 0.95774 0.95246 0.96216 0.98588 0.9993 0.95767 0.86822
-0.040565 0.043882 0.19314 -0.020833 0.22895 0.50497 0.16101 -0.78558 0.58277 -0.96701 0.59415 -0.57081 0.18043 0.85545 -0.46875 -0.96454 -0.1562 0.75438 0.99851 0.90474 0.70501 0.39574 0.04753 -0.32048 -0.62178 -0.82214 -0.9601 -0.99157 -0.79692 -0.41222 -0.041973 0.24523 0.45741 0.6168 0.75195 0.84996 0.92296 0.96872 0.99342 1 0.99447 0.98262 0.96923 0.96443 0.97255 0.99184 0.99705 0.94583 0.84879
-0.0093765 0.050332 0.18965 -0.014027 0.15137 0.5856 0.08608 -0.83592 0.70837 -0.98533 0.47046 -0.46763 0.053926 0.90803 -0.3639 -0.98691 -0.25762 0.68634 0.99466 0.93851 0.76256 0.46883 0.1249 -0.24913 -0.56432 -0.78137 -0.93932 -0.99785 -0.83292 -0.46623 -0.10002 0.19022 0.40817 0.57418 0.71671 0.82229 0.9029 0.95573 0.9869 0.99896 0.99823 0.98978 0.97879 0.97457 0.98119 0.99614 0.99331 0.93277 0.82843
0.015574 0.037773 0.14494 -0.0060004 0.063737 0.62353 0.0081952 -0.85039 0.80785 -0.9756 0.33747 -0.3566 -0.071684 0.94612 -0.25568 -0.99732 -0.35494 0.61275 0.98237 0.96455 0.81395 0.5379 0.20049 -0.17738 -0.50479 -0.73749 -0.91473 -1 -0.86528 -0.51785 -0.15694 0.13536 0.3584 0.53055 0.68006 0.79294 0.88098 0.94078 0.97836 0.99591 1 0.99502 0.98651 0.98293 0.98813 0.99884 0.98815 0.91856 0.80722
0.019789 0.014638 0.071856 0.0036387 -0.025346 0.61838 -0.068834 -0.82999 0.87899 -0.93924 0.19866 -0.24029 -0.19428 0.96973 -0.14565 -0.99614 -0.44728 0.53452 0.9621 0.98298 0.85906 0.60267 0.27389 -0.10566 -0.44359 -0.69084 -0.88661 -0.99817 -0.89401 -0.56699 -0.21259 0.080826 0.30827 0.48606 0.64216 0.76206 0.85733 0.92397 0.96791 0.99094 0.99987 0.99841 0.99242 0.98956 0.99342 1 0.98164 0.90328 0.78523
0.012495 -0.0084458 -0.012082 0.014878 -0.108 0.5727 -0.1415 -0.77706 0.92064 -0.87833 0.057434 -0.12114 -0.31193 0.97911 -0.0353 -0.98385 -0.53392 0.45257 0.93433 0.99397 0.89784 0.66289 0.34478 -0.034354 -0.38108 -0.64176 -0.8552 -0.99253 -0.91915 -0.61356 -0.26682 0.026786 0.25795 0.44089 0.60317 0.7298 0.83208 0.90542 0.95564 0.98412 0.9979 1 0.9966 0.99453 0.99713 0.99968 0.97384 0.88698 0.76251
0.0083968 -0.023259 -0.088858 0.027192 -0.17769 0.4915 -0.20672 -0.69508 0.93273 -0.79546 -0.083005 -0.0015248 -0.42293 0.97471 0.073963 -0.96103 -0.6142 0.36778 0.89959 0.99773 0.93028 0.71837 0.41285 0.036177 -0.31764 -0.59056 -0.82079 -0.98326 -0.94074 -0.65751 -0.31951 -0.026611 0.20759 0.3952 0.56324 0.6963 0.80535 0.88526 0.94166 0.97556 0.99419 0.99987 0.99911 0.99789 0.9993 0.99795 0.96481 0.86974 0.73915
0.0096848 -0.026634 -0.14373 0.039552 -0.22962 0.38168 -0.26195 -0.58841 0.91611 -0.69364 -0.21966 0.11634 -0.52578 0.95713 0.18085 -0.92835 -0.68761 0.28101 0.85843 0.99451 0.9564 0.76897 0.47782 0.1056 -0.25359 -0.53757 -0.78363 -0.97053 -0.95885 -0.69878 -0.37055 -0.079227 0.15736 0.34912 0.52251 0.66168 0.77727 0.86358 0.92607 0.96533 0.98879 0.99809 1 0.99969 1 0.99486 0.95462 0.85162 0.71519
0.0063382 -0.020491 -0.16777 0.050565 -0.2609 0.25139 -0.30528 -0.46204 0.87245 -0.57616 -0.34983 0.23044 -0.61923 0.92715 0.28419 -0.88654 -0.75372 0.19307 0.81143 0.98463 0.9763 0.81457 0.53947 0.17361 -0.18927 -0.48307 -0.74397 -0.95454 -0.97355 -0.73734 -0.41984 -0.13093 0.10738 0.3028 0.48111 0.62608 0.74796 0.84049 0.90895 0.95353 0.98181 0.99473 0.99934 1 0.99928 0.99046 0.94334 0.83269 0.69069
-0.0089918 -0.0099204 -0.15892 0.058684 -0.27061 0.10943 -0.33537 -0.32136 0.80415 -0.44651 -0.47112 0.33892 -0.70225 0.88564 0.38292 -0.83641 -0.81221 0.10473 0.75916 0.9684 0.99009 0.85511 0.5976 0.23992 -0.12498 -0.42736 -0.70209 -0.93546 -0.98492 -0.77318 -0.46729 -0.18162 0.057785 0.25636 0.43918 0.58962 0.71753 0.8161 0.89042 0.94024 0.97329 0.98985 0.9972 0.99887 0.99721 0.98483 0.93101 0.813 0.66571
-0.029303 -0.00041443 -0.12148 0.062462 -0.25959 -0.035397 -0.35156 -0.17189 0.71415 -0.30822 -0.58147 0.44019 -0.77404 0.8336 0.47611 -0.77877 -0.86285 0.016739 0.70222 0.94618 0.99793 0.89056 0.65205 0.30429 -0.060996 -0.37072 -0.65822 -0.91349 -0.99305 -0.80628 -0.51285 -0.23117 0.0086922 0.20994 0.39683 0.55242 0.6861 0.79052 0.87055 0.92554 0.96334 0.98352 0.99363 0.99637 0.99383 0.97801 0.9177 0.79261 0.64031
-0.037109 0.0044408 -0.064598 0.060791 -0.23015 -0.17475 -0.35375 -0.019101 0.60584 -0.16481 -0.67918 0.53286 -0.83402 0.77208 0.56295 -0.71448 -0.90551 -0.070238 0.64118 0.91835 1 0.92093 0.70268 0.3665 0.0024096 -0.31341 -0.61261 -0.88882 -0.99804 -0.83665 -0.55643 -0.2795 -0.039788 0.16365 0.35419 0.51459 0.65376 0.76384 0.84945 0.90952 0.952 0.97581 0.98869 0.99254 0.9892 0.97006 0.90347 0.77157 0.61453
-0.020049 0.0040559 5.6148e-05 0.053099 -0.18578 -0.30123 -0.34242 0.1318 0.48288 -0.019707 -0.76291 0.61579 -0.88182 0.7022 0.64276 -0.64441 -0.94013 -0.15557 0.57663 0.8853 0.99651 0.94624 0.74939 0.42633 0.064995 -0.25568 -0.56548 -0.86163 -1 -0.86429 -0.59801 -0.32653 -0.087555 0.11759 0.31137 0.47623 0.62062 0.73615 0.82719 0.89226 0.93937 0.96678 0.98245 0.98745 0.98338 0.96103 0.88837 0.74995 0.58843
0.016253 0.0004942 0.060643 0.039474 -0.13067 -0.40866 -0.31852 0.27602 0.34911 0.12386 -0.83167 0.68806 -0.91726 0.62511 0.71496 -0.56944 -0.96673 -0.23868 0.50915 0.84743 0.98769 0.96656 0.79212 0.48363 0.12653 -0.19777 -0.51708 -0.83211 -0.99903 -0.88923 -0.63753 -0.37217 -0.13452 0.071869 0.26846 0.43746 0.58679 0.70755 0.80387 0.87383 0.92551 0.95651 0.97496 0.98116 0.97642 0.95098 0.87246 0.72778 0.56204
0.049711 -0.0028913 0.10724 0.02069 -0.069384 -0.49235 -0.28341 0.40927 0.2084 0.2629 -0.88481 0.74899 -0.94036 0.54199 0.77913 -0.49042 -0.9854 -0.31905 0.43928 0.80515 0.97379 0.98198 0.83081 0.53823 0.18682 -0.1399 -0.4676 -0.80044 -0.99526 -0.91151 -0.67496 -0.41637 -0.18059 0.026577 0.22557 0.39837 0.55235 0.67814 0.77956 0.85431 0.91049 0.94505 0.96629 0.97371 0.96837 0.93997 0.85579 0.70513 0.53542
0.05685 -0.0031297 0.13332 -0.0018556 -0.0064621 -0.54917 -0.23874 0.52791 0.064541 0.39469 -0.92201 0.79811 -0.95129 0.45398 0.83493 -0.40821 -0.99629 -0.39621 0.36758 0.75888 0.95508 0.99261 0.86544 0.59001 0.24566 -0.082284 -0.41727 -0.76682 -0.98878 -0.93115 -0.7103 -0.45906 -0.22569 -0.0182 0.18278 0.35904 0.51739 0.64799 0.75435 0.83377 0.89438 0.93247 0.95649 0.96516 0.95929 0.92804 0.83841 0.68203 0.5086
0.029652 0.0010449 0.13639 -0.026275 0.053883 -0.57759 -0.18644 0.62899 -0.078816 0.51684 -0.94325 0.83517 -0.95039 0.36225 0.88213 -0.32364 -0.99961 -0.46974 0.29455 0.70902 0.93183 0.99856 0.896 0.63887 0.30289 -0.025112 -0.36629 -0.73141 -0.97974 -0.94821 -0.74351 -0.50021 -0.26976 -0.06238 0.1402 0.31958 0.48201 0.61718 0.72832 0.8123 0.87724 0.91882 0.94561 0.95556 0.94923 0.91525 0.82036 0.65853 0.48163
-0.017983 0.0087 0.1179 -0.050387 0.10801 -0.57757 -0.12856 0.71027 -0.21827 0.62731 -0.94879 0.86011 -0.9381 0.26792 0.92061 -0.23751 -0.99562 -0.53928 0.2207 0.65601 0.90434 1 0.92252 0.68471 0.35835 0.031431 -0.31483 -0.6944 -0.96824 -0.96273 -0.7746 -0.53975 -0.31273 -0.10589 0.097881 0.28005 0.44628 0.5858 0.70154 0.78995 0.85915 0.90418 0.93373 0.94498 0.93824 0.90163 0.8017 0.63469 0.45453
-0.058721 0.017102 0.08258 -0.071945 0.15302 -0.55048 -0.067195 0.77022 -0.35074 0.72441 -0.93912 0.87306 -0.91502 0.17207 0.95035 -0.15057 -0.98462 -0.60453 0.1465 0.60022 0.8729 0.99708 0.94503 0.72746 0.41192 0.087178 -0.26308 -0.65594 -0.95441 -0.97477 -0.80357 -0.57768 -0.35455 -0.14867 0.055915 0.24054 0.41028 0.55393 0.67408 0.7668 0.84016 0.88859 0.92088 0.93345 0.92636 0.88725 0.78247 0.61053 0.42736
-0.068785 0.022767 0.03724 -0.088862 0.18685 -0.49882 -0.0044535 0.80804 -0.47348 0.80682 -0.91499 0.87429 -0.88181 0.075739 0.9714 -0.06355 -0.96696 -0.66522 0.072393 0.54208 0.8378 0.98996 0.96359 0.76709 0.46346 0.14197 -0.21122 -0.6162 -0.93837 -0.98439 -0.83043 -0.61394 -0.39517 -0.19065 0.014368 0.20113 0.37408 0.52163 0.64602 0.74291 0.82034 0.87211 0.90712 0.92103 0.91365 0.87215 0.76272 0.58609 0.40014
-0.042098 0.02276 -0.010487 -0.099421 0.20833 -0.42609 0.057651 0.82358 -0.58415 0.87358 -0.8773 0.86424 -0.83922 -0.020109 0.98389 0.022864 -0.94298 -0.72113 -0.0012035 0.48196 0.79934 0.97885 0.97827 0.80355 0.51287 0.19568 -0.1594 -0.57535 -0.92026 -0.99165 -0.85518 -0.64854 -0.43455 -0.23177 -0.026696 0.16187 0.33776 0.48897 0.61742 0.71835 0.79974 0.85481 0.89251 0.90777 0.90015 0.85636 0.74249 0.56143 0.3729
0.0067948 0.015762 -0.053411 -0.10243 0.2171 -0.33646 0.11725 0.81731 -0.68082 0.92408 -0.82713 0.84345 -0.78808 -0.11456 0.98804 0.10804 -0.9131 -0.7721 -0.073898 0.42023 0.75783 0.96393 0.98915 0.83683 0.56007 0.24816 -0.10778 -0.53354 -0.90018 -0.99663 -0.87786 -0.68144 -0.47264 -0.272 -0.067219 0.12284 0.30139 0.45603 0.58834 0.69317 0.77843 0.83673 0.87709 0.89371 0.88591 0.83994 0.72181 0.53656 0.34567
0.051869 0.0025933 -0.085778 -0.09735 0.21359 -0.23455 0.17264 0.79026 -0.76197 0.95802 -0.76567 0.81259 -0.72925 -0.20676 0.98411 0.19139 -0.87771 -0.818 -0.14533 0.35727 0.71357 0.94539 0.99633 0.86692 0.60498 0.2993 -0.056487 -0.4909 -0.87826 -0.99939 -0.89848 -0.71265 -0.50943 -0.31128 -0.10715 0.084088 0.26502 0.42286 0.55884 0.66744 0.75645 0.81793 0.86091 0.87891 0.87097 0.82293 0.70073 0.51153 0.31849
0.070479 -0.013943 -0.10394 -0.084306 0.19886 -0.12522 0.22237 0.74392 -0.82653 0.97545 -0.69422 0.77241 -0.66364 -0.29595 0.97242 0.27238 -0.83726 -0.85874 -0.21516 0.29342 0.66684 0.92345 0.9999 0.89384 0.64753 0.349 -0.0056642 -0.4476 -0.85462 -1 -0.91707 -0.74215 -0.54489 -0.34957 -0.14643 0.045679 0.22871 0.38952 0.52899 0.64122 0.73387 0.79846 0.84403 0.8634 0.85537 0.80537 0.67929 0.48637 0.29137
0.054933 -0.029805 -0.1066 -0.064094 0.1745 -0.013253 0.26523 0.68018 -0.87382 0.97667 -0.61415 0.72373 -0.59217 -0.38144 0.95336 0.35051 -0.79218 -0.89428 -0.28309 0.22901 0.61794 0.89831 1 0.9176 0.68768 0.39715 0.044569 -0.40375 -0.82938 -0.99854 -0.93367 -0.76996 -0.57898 -0.38684 -0.18501 0.0076612 0.19252 0.35607 0.49885 0.61455 0.71073 0.77836 0.82648 0.84723 0.83916 0.78729 0.65752 0.46111 0.26435
0.014981 -0.040799 -0.094746 -0.038088 0.14247 0.096744 0.30027 0.60125 -0.90354 0.96224 -0.52687 0.66744 -0.51577 -0.46259 0.92733 0.42536 -0.7429 -0.9246 -0.34885 0.16436 0.56715 0.87018 0.99674 0.93824 0.72539 0.44369 0.094098 -0.35949 -0.80266 -0.9951 -0.9483 -0.79606 -0.61171 -0.42306 -0.22287 -0.029917 0.1565 0.32257 0.46845 0.58748 0.68709 0.75768 0.80832 0.83045 0.82237 0.76874 0.63546 0.43577 0.23744
-0.028876 -0.043694 -0.071213 -0.0081238 0.10492 0.20058 0.3268 0.50956 -0.91578 0.93297 -0.4338 0.60444 -0.43537 -0.53887 0.89478 0.49653 -0.68989 -0.94973 -0.41218 0.099773 0.51474 0.83928 0.99024 0.9558 0.76062 0.48852 0.14282 -0.31495 -0.77457 -0.98973 -0.96101 -0.82048 -0.64305 -0.4582 -0.25996 -0.067011 0.1207 0.28906 0.43786 0.56008 0.66299 0.73648 0.78958 0.81308 0.80505 0.74975 0.61313 0.41039 0.21067
-0.056552 -0.03706 -0.0401 0.023664 0.064116 0.29456 0.34441 0.40771 -0.91095 0.88983 -0.33635 0.53569 -0.35188 -0.60981 0.85617 0.56368 -0.63358 -0.9697 -0.47287 0.035522 0.46099 0.80581 0.98066 0.97034 0.79337 0.5316 0.19063 -0.27023 -0.74522 -0.98253 -0.97185 -0.84323 -0.673 -0.49224 -0.29624 -0.10358 0.085161 0.25559 0.40713 0.53239 0.63848 0.71479 0.77031 0.79519 0.78722 0.73036 0.59058 0.385 0.18406
-0.057774 -0.02165 -0.0060826 0.055009 0.022241 0.37565 0.35296 0.29835 -0.88977 0.83396 -0.23593 0.46214 -0.2662 -0.67502 0.81201 0.62652 -0.57441 -0.98461 -0.53071 -0.028126 0.40614 0.76999 0.96811 0.98191 0.82363 0.57286 0.23745 -0.22546 -0.71471 -0.97357 -0.98085 -0.86431 -0.70155 -0.52516 -0.33169 -0.13959 0.049934 0.22221 0.37629 0.50444 0.61361 0.69266 0.75054 0.77679 0.76894 0.71059 0.56782 0.35961 0.15763
-0.035397 -0.00023742 0.02626 0.083692 -0.018654 0.44147 0.35254 0.18416 -0.85319 0.76665 -0.13389 0.38474 -0.17919 -0.73417 0.7628 0.68481 -0.51281 -0.99454 -0.58556 -0.090924 0.35046 0.73203 0.95276 0.99059 0.85139 0.61227 0.2832 -0.18073 -0.68317 -0.96294 -0.98806 -0.88376 -0.7287 -0.55694 -0.36627 -0.175 0.015053 0.18896 0.3454 0.47629 0.58841 0.67012 0.73033 0.75793 0.75023 0.69049 0.5449 0.33425 0.13139
-0.0020615 0.023004 0.053014 0.1077 -0.056764 0.49035 0.34345 0.067766 -0.80242 0.68927 -0.031523 0.30443 -0.091671 -0.78701 0.70906 0.73835 -0.44921 -0.99962 -0.63725 -0.15265 0.29417 0.69212 0.93474 0.99644 0.87668 0.64978 0.3278 -0.13615 -0.65068 -0.9507 -0.99353 -0.90159 -0.75446 -0.58758 -0.39998 -0.20979 -0.019445 0.15588 0.31449 0.44798 0.56292 0.64722 0.70969 0.73864 0.73112 0.67009 0.52184 0.30894 0.10537
0.027043 0.043409 0.071342 0.12536 -0.09058 0.52134 0.32621 -0.048324 -0.73883 0.60325 0.069941 0.22212 -0.0044327 -0.83336 0.65129 0.78697 -0.38403 -1 -0.68567 -0.21308 0.2375 0.65047 0.9142 0.99955 0.89949 0.68536 0.3712 -0.091806 -0.61735 -0.93695 -0.99731 -0.91782 -0.77883 -0.61707 -0.43278 -0.24392 -0.053525 0.123 0.28361 0.41955 0.5372 0.624 0.68868 0.71897 0.71166 0.64941 0.49866 0.28371 0.07957
0.041249 0.056804 0.079713 0.13546 -0.11893 0.53418 0.30149 -0.16175 -0.66393 0.51009 0.16936 0.1387 0.081791 -0.87309 0.59004 0.83056 -0.31765 -0.99583 -0.73073 -0.27203 0.18068 0.60728 0.8913 1 0.91986 0.719 0.41332 -0.047785 -0.58328 -0.92175 -0.99945 -0.93249 -0.80182 -0.64539 -0.46466 -0.27737 -0.087157 0.090367 0.25278 0.39103 0.51126 0.60048 0.66733 0.69893 0.69186 0.62848 0.47538 0.25858 0.054014
0.038096 0.060349 0.07794 0.13729 -0.14099 0.52923 0.27011 -0.27036 -0.57935 0.41129 0.26568 0.05501 0.16631 -0.90614 0.5258 0.86904 -0.25046 -0.98728 -0.77235 -0.32933 0.12389 0.56274 0.86617 0.99788 0.93783 0.75068 0.45412 -0.0041703 -0.54854 -0.90518 -1 -0.94562 -0.82343 -0.67255 -0.4956 -0.31011 -0.12031 0.058006 0.22205 0.36246 0.48516 0.57671 0.64566 0.67857 0.67176 0.60733 0.45204 0.23355 0.028713
0.022658 0.053073 0.067052 0.13069 -0.15629 0.50742 0.23299 -0.3722 -0.48676 0.30834 0.35793 -0.028142 0.2485 -0.9325 0.45909 0.90237 -0.18282 -0.97454 -0.81048 -0.38481 0.067349 0.51703 0.83896 0.99329 0.95341 0.78039 0.49355 0.038962 -0.51325 -0.88733 -0.99901 -0.95724 -0.84369 -0.69854 -0.5256 -0.34214 -0.15296 0.02595 0.19145 0.33387 0.45892 0.55272 0.62372 0.65791 0.65139 0.586 0.42866 0.20865 0.0036798
0.0037015 0.03602 0.049046 0.11603 -0.16468 0.47016 0.19114 -0.46558 -0.3879 0.20271 0.44527 -0.11001 0.32778 -0.95222 0.3904 0.93054 -0.11509 -0.95782 -0.84507 -0.43833 0.011224 0.47034 0.80984 0.98631 0.96667 0.80813 0.53158 0.081542 -0.47748 -0.86826 -0.99655 -0.96738 -0.8626 -0.72337 -0.55464 -0.37342 -0.18509 -0.0057738 0.16101 0.3053 0.43257 0.52854 0.60153 0.63699 0.63078 0.56449 0.40526 0.18391 -0.021076
-0.010916 0.012001 0.026553 0.094166 -0.16633 0.41928 0.14561 -0.54907 -0.28448 0.095813 0.52692 -0.1899 0.40363 -0.96537 0.32021 0.95358 -0.04759 -0.9373 -0.87611 -0.48977 -0.044312 0.42283 0.77893 0.97704 0.97763 0.8339 0.56818 0.1235 -0.4413 -0.84805 -0.99265 -0.97609 -0.88018 -0.74703 -0.58272 -0.40395 -0.21666 -0.037139 0.13076 0.27678 0.40615 0.50421 0.57911 0.61583 0.60996 0.54284 0.38185 0.15932 -0.045542
-0.01739 -0.014963 0.0024708 0.066379 -0.16164 0.3569 0.097483 -0.62151 -0.17819 -0.010982 0.60225 -0.26716 0.47559 -0.9721 0.249 0.97152 0.01937 -0.91322 -0.9036 -0.53902 -0.099099 0.37468 0.74638 0.96559 0.98636 0.85771 0.60331 0.16479 -0.40482 -0.82677 -0.98737 -0.98338 -0.89646 -0.76955 -0.60983 -0.43371 -0.24767 -0.068122 0.10072 0.24833 0.37969 0.47974 0.55651 0.59445 0.58894 0.52107 0.35845 0.1349 -0.069712
-0.016553 -0.040384 -0.020378 0.034261 -0.15125 0.28535 0.04783 -0.682 -0.070688 -0.1164 0.67069 -0.34124 0.54324 -0.97258 0.17719 0.98445 0.085498 -0.88578 -0.92755 -0.58597 -0.15299 0.32605 0.71233 0.95206 0.9929 0.87957 0.63695 0.20534 -0.36808 -0.80449 -0.98078 -0.9893 -0.91145 -0.79092 -0.63597 -0.46268 -0.27809 -0.098699 0.070926 0.21998 0.3532 0.45517 0.53375 0.5729 0.56775 0.4992 0.3351 0.11068 -0.093574
-0.012195 -0.060091 -0.03955 -0.00037974 -0.13594 0.20709 -0.0022976 -0.72991 0.036462 -0.21924 0.73181 -0.41159 0.60624 -0.967 0.10523 0.99246 0.15052 -0.85521 -0.948 -0.63055 -0.20585 0.27708 0.67693 0.93654 0.99731 0.89951 0.66908 0.2451 -0.33118 -0.78129 -0.97291 -0.99389 -0.92517 -0.81115 -0.66114 -0.49087 -0.3079 -0.12885 0.041393 0.19176 0.32673 0.43052 0.51085 0.55118 0.54642 0.47726 0.31179 0.086654 -0.11712
-0.0083675 -0.070911 -0.053205 -0.035637 -0.11662 0.12463 -0.051893 -0.76488 0.14178 -0.3184 0.78525 -0.47778 0.66429 -0.95561 0.033507 0.99569 0.2142 -0.82173 -0.96497 -0.67268 -0.25755 0.22793 0.6403 0.91913 0.99966 0.91754 0.6997 0.28404 -0.29417 -0.75722 -0.96383 -0.99718 -0.93764 -0.83025 -0.68533 -0.51826 -0.33711 -0.15856 0.012145 0.16369 0.30029 0.40583 0.48784 0.52933 0.52497 0.45526 0.28856 0.062843 -0.14035
-0.0071646 -0.071142 -0.060238 -0.069616 -0.094253 0.040436 -0.10001 -0.78677 0.24389 -0.41289 0.83077 -0.53939 0.71714 -0.93866 -0.037593 0.99426 0.27628 -0.78556 -0.97853 -0.71232 -0.30798 0.17873 0.60257 0.89995 1 0.93369 0.72879 0.3221 -0.25713 -0.73236 -0.95359 -0.9992 -0.9489 -0.84824 -0.70855 -0.54484 -0.36568 -0.18781 -0.016795 0.13579 0.27391 0.38111 0.46474 0.50736 0.50342 0.43322 0.2654 0.039254 -0.16325
-0.0079338 -0.06076 -0.060324 -0.10054 -0.069827 -0.043142 -0.14579 -0.79568 0.34155 -0.50182 0.8682 -0.59611 0.76462 -0.91644 -0.10771 0.98835 0.33658 -0.74693 -0.98873 -0.74941 -0.35704 0.12962 0.56389 0.87908 0.9984 0.94799 0.75635 0.35925 -0.22011 -0.70677 -0.94224 -1 -0.95895 -0.86513 -0.73081 -0.57062 -0.39361 -0.21658 -0.045411 0.10809 0.24762 0.35638 0.44158 0.4853 0.48179 0.41116 0.24235 0.015899 -0.18582
-0.0080692 -0.041346 -0.053878 -0.12683 -0.044313 -0.1239 -0.18845 -0.79194 0.43363 -0.58442 0.89746 -0.64764 0.80656 -0.88924 -0.17652 0.97811 0.39489 -0.70607 -0.99566 -0.78392 -0.40462 0.080725 0.52436 0.85663 0.99492 0.96047 0.78238 0.39545 -0.18317 -0.68051 -0.92983 -0.99961 -0.96784 -0.88093 -0.7521 -0.59559 -0.42089 -0.24486 -0.073683 0.080602 0.22142 0.33167 0.41837 0.46317 0.4601 0.3891 0.21941 -0.0072149 -0.20805
-0.0047718 -0.015773 -0.041943 -0.1472 -0.018626 -0.19986 -0.22732 -0.77604 0.51913 -0.66001 0.91858 -0.69377 0.84289 -0.8574 -0.24371 0.96374 0.45103 -0.66319 -0.99938 -0.81584 -0.45065 0.032155 0.48411 0.83271 0.98963 0.97116 0.80688 0.43068 -0.14637 -0.65364 -0.91641 -0.99808 -0.97558 -0.89566 -0.77244 -0.61974 -0.44752 -0.27263 -0.1016 0.053347 0.19534 0.307 0.39513 0.44099 0.43837 0.36706 0.19659 -0.030078 -0.22994
0.0031781 0.012287 -0.026037 -0.16069 0.0063946 -0.26927 -0.26181 -0.74863 0.59722 -0.72804 0.93162 -0.73433 0.87354 -0.82123 -0.309 0.94542 0.50487 -0.61852 -1 -0.84514 -0.49504 -0.015975 0.44325 0.80739 0.9826 0.9801 0.82986 0.46491 -0.10976 -0.62622 -0.90203 -0.99544 -0.9822 -0.90934 -0.79184 -0.64309 -0.47349 -0.29989 -0.12914 0.026342 0.16941 0.28239 0.3719 0.41878 0.41661 0.34504 0.17392 -0.052684 -0.25149
0.014472 0.03893 -0.0079594 -0.16671 0.030011 -0.33067 -0.29146 -0.71053 0.66718 -0.78806 0.93673 -0.76921 0.8985 -0.78107 -0.37214 0.92338 0.55626 -0.57225 -0.99761 -0.87183 -0.53774 -0.063562 0.4019 0.7808 0.97389 0.98733 0.85132 0.49811 -0.073388 -0.5983 -0.88675 -0.99172 -0.98773 -0.92198 -0.81029 -0.66562 -0.49878 -0.32663 -0.15629 -0.00039709 0.14363 0.25786 0.34867 0.39655 0.39485 0.32307 0.15139 -0.075024 -0.27268
0.025532 0.060578 0.0104 -0.16502 0.0516 -0.38288 -0.31591 -0.66266 0.72843 -0.83974 0.93414 -0.79835 0.91781 -0.73726 -0.43288 0.8978 0.60508 -0.52461 -0.9923 -0.89592 -0.57869 -0.11051 0.36016 0.75301 0.96359 0.9929 0.87128 0.53027 -0.037301 -0.56995 -0.87061 -0.98698 -0.9922 -0.9336 -0.82782 -0.68735 -0.52341 -0.35283 -0.18304 -0.026856 0.11803 0.23341 0.32548 0.37433 0.37309 0.30116 0.12901 -0.097093 -0.29353
0.031857 0.07445 0.027248 -0.15579 0.070658 -0.42502 -0.3349 -0.60604 0.78055 -0.88284 0.92411 -0.82172 0.93152 -0.69016 -0.49102 0.86892 0.65124 -0.4758 -0.98419 -0.91741 -0.61783 -0.15673 0.31813 0.72412 0.95174 0.99683 0.88976 0.56137 -0.0015414 -0.5412 -0.85365 -0.98124 -0.99563 -0.94422 -0.84442 -0.70827 -0.54736 -0.3785 -0.20938 -0.05302 0.092619 0.20908 0.30234 0.35212 0.35136 0.27932 0.10681 -0.11889 -0.31402
0.029868 0.078887 0.04104 -0.1395 0.086808 -0.45652 -0.34829 -0.54176 0.82323 -0.91722 0.90695 -0.83936 0.93974 -0.64011 -0.54639 0.83696 0.69464 -0.42601 -0.97339 -0.93633 -0.65512 -0.20213 0.27592 0.69422 0.93843 0.99919 0.90676 0.59139 0.033849 -0.51212 -0.83594 -0.97454 -0.99806 -0.95387 -0.86012 -0.72838 -0.57064 -0.40362 -0.2353 -0.078876 0.067411 0.18487 0.27926 0.32995 0.32967 0.25756 0.084789 -0.14039 -0.33416
0.018455 0.073508 0.050601 -0.11695 0.099796 -0.47706 -0.35602 -0.47097 0.8563 -0.94284 0.88302 -0.85133 0.94258 -0.58745 -0.5988 0.80213 0.73522 -0.37544 -0.96002 -0.95272 -0.69053 -0.24664 0.23361 0.66341 0.92373 1 0.92231 0.62032 0.068833 -0.48275 -0.8175 -0.96692 -0.9995 -0.96255 -0.87493 -0.74771 -0.59323 -0.42818 -0.26079 -0.10441 0.042422 0.1608 0.25626 0.30783 0.30803 0.2359 0.062952 -0.16162 -0.35394
-0.000387 0.059191 0.055195 -0.089191 0.10948 -0.48662 -0.35813 -0.39484 0.87971 -0.95974 0.85273 -0.85772 0.94021 -0.53253 -0.64814 0.76466 0.77292 -0.32426 -0.94418 -0.96659 -0.72404 -0.29019 0.1913 0.63176 0.90769 0.99932 0.93642 0.64816 0.10338 -0.45314 -0.79839 -0.95842 -1 -0.9703 -0.88885 -0.76624 -0.61516 -0.45219 -0.28585 -0.12962 0.017663 0.13689 0.23335 0.28577 0.28646 0.21434 0.04131 -0.18255 -0.37336
-0.022 0.037874 0.05456 -0.057454 0.11585 -0.48543 -0.35477 -0.31455 0.8935 -0.96804 0.81651 -0.85868 0.93279 -0.47569 -0.69428 0.72478 0.8077 -0.27266 -0.92601 -0.978 -0.75562 -0.33272 0.14906 0.59937 0.8904 0.9972 0.94913 0.6749 0.13744 -0.42333 -0.77864 -0.94908 -0.99957 -0.97713 -0.90191 -0.784 -0.6364 -0.47564 -0.31045 -0.15449 -0.006853 0.11314 0.21055 0.26379 0.26496 0.19291 0.019871 -0.20319 -0.39243
-0.040372 0.012248 0.048899 -0.023109 0.11895 -0.47392 -0.34612 -0.23128 0.89784 -0.96793 0.77479 -0.85437 0.92052 -0.41726 -0.73711 0.68271 0.83954 -0.2208 -0.90561 -0.987 -0.78526 -0.37416 0.10699 0.5663 0.87192 0.99368 0.96045 0.70054 0.17101 -0.39336 -0.75831 -0.93892 -0.99826 -0.98306 -0.9141 -0.80097 -0.65698 -0.49852 -0.33461 -0.17901 -0.031116 0.089568 0.18787 0.2419 0.24355 0.1716 -0.0013589 -0.22353 -0.41114
-0.049975 -0.01461 0.038824 0.012411 0.11895 -0.45275 -0.33248 -0.14619 0.89299 -0.95968 0.72806 -0.84498 0.90362 -0.35755 -0.77658 0.63868 0.86842 -0.16885 -0.88312 -0.99362 -0.81295 -0.41446 0.065155 0.53265 0.85231 0.9888 0.97041 0.72507 0.20404 -0.36328 -0.73743 -0.92799 -0.99607 -0.98811 -0.92546 -0.81719 -0.67688 -0.52084 -0.35831 -0.20318 -0.055115 0.066186 0.16532 0.2201 0.22224 0.15043 -0.022373 -0.24356 -0.4295
-0.047518 -0.039616 0.02528 0.047673 0.11607 -0.42272 -0.31418 -0.060387 0.87927 -0.9436 0.6768 -0.83073 0.88232 -0.29689 -0.81262 0.59289 0.89433 -0.11696 -0.85866 -0.99794 -0.83868 -0.45358 0.023627 0.49849 0.83164 0.98263 0.97904 0.74849 0.23651 -0.33313 -0.71605 -0.91632 -0.99305 -0.99231 -0.93599 -0.83264 -0.69612 -0.54259 -0.38155 -0.22698 -0.078842 0.043004 0.14291 0.19842 0.20104 0.1294 -0.043167 -0.2633 -0.4475
-0.032888 -0.06004 0.0094485 0.081304 0.11058 -0.38479 -0.29161 0.025047 0.85712 -0.92007 0.62151 -0.81185 0.85686 -0.23556 -0.84519 0.54556 0.91728 -0.065275 -0.83235 -1 -0.86247 -0.49147 -0.017526 0.4639 0.80998 0.9752 0.98636 0.77082 0.26841 -0.30294 -0.69419 -0.90395 -0.98923 -0.99568 -0.94572 -0.84734 -0.71469 -0.56378 -0.40432 -0.25041 -0.10229 0.020032 0.12066 0.17686 0.17996 0.10853 -0.063733 -0.28273 -0.46514
-0.009216 -0.073813 -0.0073579 0.11204 0.10282 -0.34003 -0.2652 0.10911 0.827 -0.88951 0.56268 -0.78859 0.8275 -0.17387 -0.87427 0.49691 0.9373 -0.013939 -0.80431 -0.99987 -0.88432 -0.52809 -0.05824 0.42893 0.78738 0.96656 0.9924 0.79204 0.2997 -0.27275 -0.67191 -0.89091 -0.98462 -0.99823 -0.95464 -0.86131 -0.7326 -0.5844 -0.42662 -0.27346 -0.12544 -0.0027222 0.098564 0.15543 0.15901 0.087816 -0.084068 -0.30186 -0.48243
0.017926 -0.079658 -0.023807 0.13876 0.093116 -0.28955 -0.23543 0.19086 0.78945 -0.85236 0.50082 -0.76122 0.79449 -0.1121 -0.89985 0.44714 0.9544 0.036922 -0.77466 -0.99762 -0.90424 -0.56341 -0.098456 0.39367 0.76392 0.95677 0.9972 0.81217 0.33037 -0.24259 -0.64923 -0.87723 -0.97926 -1 -0.96279 -0.87455 -0.74986 -0.60446 -0.44845 -0.29614 -0.1483 -0.025249 0.076642 0.13414 0.1382 0.067272 -0.10417 -0.32067 -0.49937
