-0.0015629 -0.0074027 0.0052294 -0.0016018 -0.00044822 -0.004446 0.014615 -0.062253 0.0029827 -0.067771 0.011332 -0.12239 0.061754 0.059979 -0.11132 -0.0053799 -0.12671 -0.044871 0.32726 -0.41285 0.32417 0.31957 -0.26827 -0.51064 -0.51664 -0.27201 0.34957 0.6323 -0.5937 0.13278 0.31732 -0.62351 0.74326 -0.73263 0.6581 -0.69798 0.77331 -0.76577 0.53394 0.052874 -0.72591 0.51459 0.5365 -0.80747 0.81655 -0.41667 -0.62889 0.18277 0.72935
0.0018601 -0.0055366 -0.005843 -0.011774 -0.012037 -0.011598 0.025995 0.020492 0.052131 -0.027912 0.010548 0.15294 0.17146 0.17799 -0.07921 0.0019441 0.026705 0.31381 -0.37092 0.46989 -0.29318 -0.53868 -0.2631 -0.17865 -0.40434 -0.69272 -0.33082 0.71081 -0.31449 -0.094308 0.39635 -0.60276 0.70687 -0.76985 0.79092 -0.76297 0.59989 -0.22003 -0.34901 0.80722 -0.47732 -0.62811 0.60086 0.032237 -0.22056 0.83222 -0.2155 -0.8129 -0.79348
-0.0043776 -0.0033702 -0.0052057 0.0080497 -0.019803 -0.051537 -0.029988 -0.069563 0.086126 0.078088 -0.031726 0.028589 -0.0029144 0.15218 -0.028637 0.10031 0.19305 -0.3285 0.40801 -0.47764 -0.14664 0.41309 0.5923 0.56863 0.23472 -0.48132 -0.59656 0.66205 -0.31529 0.055267 0.12244 -0.25502 0.31445 -0.37836 0.36068 -0.066461 -0.37778 0.7587 -0.75243 0.081379 0.77573 -0.32963 -0.79402 0.71667 -0.54108 -0.43066 0.74224 0.79909 0.43752
-0.00081568 -0.0045063 0.0042032 -0.023596 -0.011371 -0.014239 -0.014795 -0.017577 0.091129 -0.032373 0.13466 -0.14863 0.014338 0.04997 -0.0022125 -0.085996 -0.27238 0.39396 -0.47085 0.071973 0.59329 0.563 0.56126 0.69652 0.52027 -0.36941 -0.60125 0.74796 -0.59926 0.5129 -0.48285 0.48055 -0.53031 0.56893 -0.6642 0.81839 -0.69434 0.15206 0.58029 -0.79558 -0.12233 0.83102 0.30106 -0.83543 0.83482 -0.049609 -0.8642 -0.59055 -0.14096
-0.0026813 0.0057706 -0.00094247 0.010689 0.021313 0.0069005 0.047276 0.0158 -0.12788 -0.016172 0.078149 -0.14777 0.15459 -0.08435 -0.00029196 0.084229 0.25692 -0.3647 0.030027 0.57925 0.34829 0.16845 0.31173 0.67107 0.5316 -0.5236 -0.34414 0.73587 -0.79882 0.80057 -0.78362 0.74646 -0.6582 0.55275 -0.35291 -0.16184 0.70484 -0.79358 0.14675 0.74811 -0.48347 -0.78814 0.18069 0.66693 -0.84361 0.328 0.84508 0.4633 0.034406
0.0039871 -0.0064599 0.012974 0.029075 0.0098376 -0.0019524 0.06283 -0.0065177 0.09455 -0.04336 0.06888 0.022607 0.053038 0.033523 0.0091051 -0.18991 0.029893 -0.21003 0.54845 0.32103 -0.035332 -0.058907 0.28005 0.73136 0.27536 -0.76573 0.29646 0.12804 -0.18931 0.042795 0.17564 -0.40066 0.62926 -0.77064 0.83563 -0.59164 -0.11058 0.77788 -0.6371 -0.41083 0.76404 0.59404 -0.44199 -0.52084 0.80932 -0.40861 -0.84402 -0.49117 -0.11953
0.0029636 0.0037663 -0.00086296 0.013101 0.015702 -0.073164 -0.032787 -0.0051393 0.038898 -0.037882 0.18536 0.19262 -0.099778 -0.01692 0.057667 0.26309 -0.41609 0.36082 0.4663 0.033288 -0.16678 0.0025521 0.50383 0.71009 -0.32866 -0.53096 0.80588 -0.76693 0.80045 -0.83115 0.7413 -0.51779 0.15283 0.21751 -0.60362 0.8474 -0.39293 -0.51313 0.82161 0.14192 -0.847 -0.48007 0.51653 0.50717 -0.82822 0.32343 0.87837 0.65209 0.37119
-0.0025882 -0.0035618 -0.011403 -0.013636 0.031407 -0.034155 -0.019219 -0.088747 -0.014729 -0.10588 0.13109 -0.13245 0.066519 -0.022292 -0.18536 0.12231 -0.19734 0.55301 0.30595 -0.016759 -0.024614 0.34057 0.75845 0.19323 -0.79673 0.45579 0.042416 -0.20958 0.0092105 0.38017 -0.71562 0.84434 -0.6976 0.33969 0.19195 -0.79484 0.64876 0.3024 -0.86407 -0.041857 0.86039 0.50882 -0.44137 -0.62613 0.87592 -0.068087 -0.8595 -0.84557 -0.70477
-0.0055801 0.0053477 0.017669 -0.00020877 -0.040236 0.011994 -0.01494 0.071932 -0.00065452 -0.17053 -0.21177 0.088256 0.0013892 0.092091 0.013956 -0.24146 0.1167 0.56518 0.32488 0.19274 0.37729 0.73161 0.45721 -0.67686 -0.085747 0.64445 -0.81734 0.83508 -0.73951 0.36175 0.19734 -0.6712 0.85227 -0.64585 0.10032 0.69608 -0.73714 -0.24181 0.86985 0.11303 -0.82948 -0.6597 0.20468 0.80571 -0.83696 -0.34233 0.63311 0.87163 0.90575
0.0013208 0.0022628 -0.011566 -0.029981 -0.044103 -0.059448 0.014853 0.10549 -0.021921 0.11859 0.17352 -0.092932 -0.051139 0.026051 0.251 -0.40006 0.26041 0.60303 0.52896 0.5766 0.74306 0.49151 -0.5343 -0.43707 0.82204 -0.70058 0.52421 -0.59304 0.8278 -0.76979 0.26683 0.38888 -0.82717 0.7641 -0.21932 -0.67451 0.72635 0.33746 -0.84076 -0.33636 0.69106 0.84198 0.2008 -0.88571 0.55042 0.76412 -0.095409 -0.50345 -0.67394
-0.0023657 0.00035319 -0.024315 0.025429 -0.006925 0.071638 0.086257 0.073024 -0.089384 0.016258 -0.16598 0.064826 -0.054767 -0.1455 0.30468 -0.44354 0.22857 0.62595 0.6961 0.68816 0.33961 -0.54268 -0.55945 0.785 -0.39532 0.016934 0.13818 0.061338 -0.5754 0.86888 -0.52767 -0.20309 0.79447 -0.78548 0.17955 0.74654 -0.61144 -0.5565 0.69888 0.6481 -0.34882 -0.87654 -0.66924 0.6488 0.04806 -0.87632 -0.59177 -0.24931 -0.074518
0.0039862 -0.0016898 -0.0083295 0.0013926 -0.0024764 -0.09931 0.11142 0.0078619 0.094676 -0.0454 0.14084 0.011101 0.029578 -0.22699 0.30239 -0.48014 -0.010202 0.37528 0.34267 -0.043327 -0.67637 -0.5042 0.74791 -0.16192 -0.33801 0.57034 -0.60376 0.34969 0.30855 -0.85189 0.62661 0.16606 -0.81655 0.73251 0.011889 -0.85489 0.33888 0.80294 -0.34324 -0.88077 -0.21028 0.55321 0.90574 -0.0066266 -0.70888 0.38563 0.90218 0.8717 0.82643
0.0024262 0.0060113 0.0031709 0.019075 -0.055133 0.016107 0.1277 -0.0034302 -0.041627 -0.035345 -0.0099531 0.017801 0.13278 -0.24996 0.34792 -0.46235 -0.42998 -0.30101 -0.53674 -0.76975 -0.2634 0.78628 -0.11287 -0.50813 0.76161 -0.82402 0.80645 -0.56713 -0.16264 0.84258 -0.61067 -0.27553 0.87056 -0.56223 -0.33806 0.87103 0.11741 -0.88506 -0.23018 0.77329 0.76373 0.15077 -0.5673 -0.72019 0.85723 0.50013 -0.35983 -0.62835 -0.7041
0.0036699 -0.0087075 0.0067699 0.022526 0.059002 0.031124 0.086043 -0.01814 0.0467 0.1656 -0.076478 0.034861 0.20054 -0.28958 0.42921 -0.20275 -0.62223 -0.69877 -0.52132 0.20048 0.80882 -0.26714 -0.51246 0.8194 -0.86563 0.86806 -0.86591 0.64147 0.1638 -0.87114 0.478 0.50353 -0.86483 0.21326 0.70595 -0.62672 -0.63953 0.57928 0.77945 -0.17219 -0.85571 -0.81744 -0.29296 0.83534 -0.1445 -0.90058 -0.63707 -0.40912 -0.3492
0.0024472 -0.012857 0.025638 0.015653 -0.018665 -0.017184 -0.069711 -0.010893 -0.13875 -0.12412 -0.019467 0.0090167 0.24534 -0.35165 0.38613 0.34442 -0.0043416 0.15221 0.67461 0.60655 -0.55703 -0.34372 0.80905 -0.8589 0.83352 -0.85497 0.87901 -0.60952 -0.30408 0.89372 -0.19588 -0.76764 0.66339 0.30087 -0.89499 0.046964 0.9016 0.13399 -0.84055 -0.63131 0.20064 0.74933 0.90893 -0.015098 -0.78359 0.16532 0.81338 0.90207 0.91431
-0.0025005 -0.012491 -0.017421 -0.00054451 0.005062 -0.052258 -0.021486 0.020475 0.21731 -0.11049 -0.016649 -0.020262 0.26454 -0.32808 0.0010564 0.56488 0.68962 0.67757 0.040265 -0.80084 0.018005 0.70569 -0.8652 0.80909 -0.80106 0.8611 -0.87053 0.46205 0.55033 -0.80816 -0.23636 0.89674 -0.17464 -0.78155 0.63612 0.64326 -0.55042 -0.8137 0.15588 0.87896 0.71392 0.18531 -0.43716 -0.8636 0.66043 0.83833 0.25508 0.041513 0.039016
0.0088913 -0.00034262 0.00031901 0.022929 0.023906 0.014697 0.020812 0.044142 -0.03391 0.016959 -0.055287 -0.0095182 0.1873 -0.041054 -0.50032 -0.19595 -0.14783 -0.6084 -0.65594 0.51745 0.41394 -0.84246 0.8401 -0.78262 0.81977 -0.88825 0.80031 -0.16685 -0.81037 0.49528 0.69795 -0.67441 -0.4854 0.85475 0.1008 -0.89154 -0.32239 0.74595 0.74209 -0.12038 -0.78485 -0.91468 -0.66931 0.48593 0.49962 -0.49393 -0.90988 -0.92717 -0.93307
-0.0023166 -0.012013 0.0014429 -0.0045813 0.010038 0.13523 0.017928 -0.17267 -0.20777 0.052099 -0.10019 0.07738 -0.077199 0.40351 -0.23765 -0.57326 -0.58375 0.0015348 0.81793 -0.12724 -0.6542 0.8739 -0.83004 0.81378 -0.87521 0.87785 -0.58811 -0.27005 0.90663 0.073313 -0.90684 0.031561 0.89819 -0.27296 -0.81533 0.29324 0.90947 0.19001 -0.75806 -0.83158 -0.25628 0.29342 0.74761 0.70526 -0.81756 -0.74452 -0.12564 0.030573 -0.02688
-0.0093416 0.01852 0.013349 -0.016212 0.032918 -0.080751 -0.072 0.14113 -0.092767 0.025729 -0.13372 0.23534 -0.39187 0.31425 0.55996 0.52959 0.71882 0.52766 -0.68284 -0.16934 0.75745 -0.88242 0.85998 -0.87754 0.89768 -0.72807 0.17046 0.72257 -0.63482 -0.69035 0.56852 0.70371 -0.59292 -0.61217 0.72612 0.67457 -0.40031 -0.91323 -0.30035 0.56265 0.91804 0.82968 0.47422 -0.63432 -0.40167 0.54032 0.91361 0.9321 0.92971
-0.0033882 0.0075433 -0.031961 -0.017771 0.075164 -0.00040549 0.093967 0.16844 0.036686 -0.016461 -0.11499 0.31206 -0.24559 -0.42277 -0.013894 0.056227 -0.38935 -0.77761 0.47718 0.33051 -0.78253 0.8882 -0.89759 0.89677 -0.77416 0.34549 0.39795 -0.91529 -0.038648 0.90577 0.2533 -0.86439 -0.33115 0.8694 0.24775 -0.80092 -0.68916 0.29518 0.91169 0.64771 0.0084518 -0.45904 -0.81153 -0.68183 0.81194 0.79534 0.26626 0.16931 0.27991
0.0029188 0.0087012 0.025457 -0.060041 0.035123 0.016917 0.029917 -0.05875 0.08259 -0.059003 0.024083 0.047309 0.38716 -0.21085 -0.54464 -0.55248 -0.034985 0.82694 -0.32969 -0.37014 0.74601 -0.85651 0.86178 -0.75518 0.39997 0.24606 -0.85585 0.57116 0.75375 -0.37681 -0.89344 0.11459 0.9161 -0.029693 -0.91795 -0.24607 0.73125 0.82323 0.046554 -0.70011 -0.9286 -0.81553 -0.49972 0.56906 0.53513 -0.35853 -0.83339 -0.86816 -0.81067
0.0050054 -0.0094199 -0.01461 -0.070268 -0.011484 0.0050829 -0.17944 -0.18636 0.072703 -0.076278 0.2523 -0.38402 0.24207 0.5847 0.63164 0.7364 0.35449 -0.80365 0.28583 0.29793 -0.62144 0.71294 -0.64483 0.35479 0.20605 -0.7935 0.81473 0.24307 -0.85898 -0.56468 0.57338 0.81114 -0.30521 -0.88075 0.202 0.91738 0.47816 -0.47809 -0.9278 -0.61604 -0.030688 0.38131 0.72862 0.81189 -0.6514 -0.91712 -0.60536 -0.56972 -0.69374
0.0014585 0.01966 -0.0081945 -0.054034 -0.028219 -0.0078424 -0.071209 -0.18975 0.039495 -0.0092811 0.26291 -0.14744 -0.541 -0.38823 -0.37133 -0.69826 -0.53825 0.79036 -0.35192 -0.10824 0.3616 -0.38045 0.18087 0.26494 -0.78216 0.86882 -0.12156 -0.89396 0.076986 0.90049 0.48941 -0.65059 -0.77697 0.41837 0.86718 0.023942 -0.81472 -0.79591 -0.055135 0.64936 0.92387 0.90017 0.71042 -0.27831 -0.80041 -0.075099 0.50828 0.53124 0.36878
-0.001956 -0.016448 0.047377 -0.0074334 0.025893 -0.036693 0.13061 -0.15643 0.0075477 0.15682 -0.17697 0.47602 0.21269 -0.054943 0.030429 0.58734 0.61823 -0.81537 0.51306 -0.19788 0.053407 -0.14338 0.43839 -0.81788 0.88027 -0.2393 -0.73505 0.62348 0.83392 -0.069154 -0.8905 -0.50928 0.61524 0.7749 -0.3723 -0.92855 -0.46735 0.42869 0.92084 0.75377 0.29137 -0.066344 -0.43241 -0.93498 0.22548 0.86299 0.91568 0.91934 0.94784
0.0020696 -0.0078724 0.011394 -0.011285 -0.030319 -0.0061477 0.21253 -0.12748 0.010798 0.21967 -0.36605 -0.12156 0.28935 0.42588 0.23962 -0.50221 -0.62113 0.86214 -0.72328 0.56911 -0.5455 0.69238 -0.89039 0.85607 -0.25267 -0.66352 0.83178 0.42128 -0.65796 -0.88768 -0.094982 0.83992 0.63833 -0.53688 -0.85336 -0.053459 0.76319 0.87715 0.29773 -0.3955 -0.80166 -0.92282 -0.92698 -0.26043 0.93131 0.65653 0.16042 0.18202 0.40428
0.0091905 0.018029 0.019539 -0.049209 0.072811 0.1377 0.20425 -0.098222 0.062567 -0.081875 0.30143 -0.38525 -0.59219 -0.62775 -0.4048 0.48623 0.5461 -0.87395 0.88533 -0.86296 0.89146 -0.92523 0.76504 -0.17793 -0.66257 0.87408 0.10227 -0.92533 -0.50119 0.44532 0.93533 0.34327 -0.68914 -0.77258 0.30984 0.92059 0.64587 -0.15638 -0.80285 -0.92302 -0.69298 -0.4536 -0.14555 0.74802 0.44772 -0.34658 -0.77032 -0.74786 -0.56945
-0.0034099 0.013531 0.048303 0.085707 -0.12223 0.099688 0.17978 -0.054464 0.070651 -0.32626 0.22552 0.57803 0.64286 0.70248 0.47959 -0.54768 -0.36926 0.76244 -0.85303 0.86252 -0.79715 0.54166 0.011626 -0.71761 0.87968 0.0066262 -0.92513 0.046022 0.86929 0.77647 -0.065924 -0.87143 -0.65702 0.45159 0.91347 0.30585 -0.53438 -0.93643 -0.6833 -0.11177 0.37413 0.61208 0.81029 0.82435 -0.55541 -0.93956 -0.84371 -0.87407 -0.94694
0.00095116 0.0087386 0.054134 -0.062525 0.07927 -0.059633 0.16457 -0.012765 -0.086339 0.16359 -0.5323 -0.43931 -0.54963 -0.72123 -0.47861 0.66856 0.067852 -0.44319 0.49792 -0.41291 0.15589 0.32037 -0.82512 0.85053 0.0070558 -0.90604 0.35811 0.92579 0.28452 -0.56403 -0.93879 -0.39073 0.59545 0.87484 -0.026733 -0.79796 -0.88335 -0.33167 0.3967 0.84015 0.94349 0.90382 0.7878 -0.041727 -0.93165 -0.53041 -0.059167 -0.14329 -0.42469
-0.0078051 -0.029795 0.016939 0.039238 0.045109 -0.17965 0.14105 -0.027392 -0.18195 0.30031 0.40264 0.15754 0.42617 0.73359 0.39883 -0.79882 0.33635 -0.086148 0.14924 -0.35067 0.66242 -0.92706 0.75689 0.085667 -0.91142 0.43837 0.81263 -0.26953 -0.91353 -0.76902 -0.0070034 0.80495 0.80861 -0.15383 -0.91866 -0.69033 0.041871 0.72213 0.94143 0.72159 0.36701 0.14656 -0.10749 -0.84789 -0.34847 0.39199 0.76532 0.70245 0.45839
0.0078588 0.0036736 -0.019486 -0.025046 -0.046505 -0.22669 0.076545 -0.082544 0.13263 -0.44607 -0.042561 0.11171 -0.34052 -0.75671 -0.22321 0.84901 -0.72876 0.65481 -0.77515 0.90429 -0.90877 0.5432 0.26263 -0.93097 0.43926 0.76645 -0.55015 -0.90325 -0.2818 0.49036 0.93692 0.61534 -0.29903 -0.93655 -0.44399 0.38969 0.89985 0.83397 0.32164 -0.24341 -0.61305 -0.75549 -0.8751 -0.79684 0.55546 0.93624 0.89769 0.93371 0.94698
0.0055878 0.021208 0.045914 -0.0096976 0.0027375 -0.22999 -0.024148 -0.0032168 0.20774 0.18335 -0.30623 -0.30491 0.32221 0.77642 -0.058769 -0.70591 0.89572 -0.91902 0.88292 -0.67205 0.19009 0.52681 -0.94997 0.37425 0.77093 -0.61804 -0.76118 0.26511 0.8836 0.87037 0.28715 -0.56469 -0.94083 -0.34875 0.64094 0.94206 0.61289 -0.058728 -0.65806 -0.92479 -0.93086 -0.87939 -0.78232 -0.0079255 0.94644 0.66814 0.28878 0.42073 0.70264
-0.00028526 0.00021131 0.0045473 0.057168 0.03447 -0.20579 -0.066515 0.18701 -0.32147 0.20901 0.53826 0.41716 -0.37888 -0.74977 0.41589 0.29649 -0.62745 0.57536 -0.23302 -0.27209 0.78795 -0.91198 0.21633 0.81092 -0.62258 -0.70806 0.5441 0.93611 0.47545 -0.21618 -0.81681 -0.88137 -0.22508 0.70892 0.87989 0.32121 -0.39292 -0.8712 -0.91356 -0.64314 -0.32679 -0.1722 0.015208 0.77167 0.54202 -0.12797 -0.52835 -0.39142 -0.035786
0.0035045 0.0031134 -0.043453 -0.011697 -0.0085121 -0.14529 0.039991 0.0069382 0.074872 -0.49359 -0.65868 -0.46003 0.50234 0.61405 -0.73947 0.30523 -0.06245 0.26217 -0.68607 0.93948 -0.74663 -0.052747 0.88486 -0.57463 -0.70872 0.61364 0.82876 -0.053401 -0.72703 -0.95376 -0.68749 0.057542 0.78639 0.84516 0.043344 -0.6631 -0.94828 -0.75095 -0.24426 0.25251 0.56656 0.67259 0.78332 0.90931 -0.27519 -0.81072 -0.94739 -0.91421 -0.73273
0.020534 0.037461 0.024626 -0.11746 -0.074849 -0.044363 0.12292 -0.28484 0.26984 0.60895 0.71286 0.43776 -0.66224 -0.31498 0.84561 -0.80871 0.76431 -0.90611 0.87904 -0.41335 -0.3854 0.95115 -0.44878 -0.74752 0.62348 0.78242 -0.35553 -0.94972 -0.77584 -0.26453 0.40975 0.90912 0.7889 -0.037322 -0.83035 -0.90994 -0.51084 0.10989 0.64325 0.90305 0.95315 0.94435 0.91524 0.35397 -0.87398 -0.9112 -0.72016 -0.83386 -0.95717
-0.011472 0.0081066 0.012467 0.020383 -0.12435 0.051234 -0.088804 0.19941 -0.4669 -0.60432 -0.74153 -0.34076 0.79432 -0.1387 -0.56532 0.81783 -0.85073 0.62075 0.015568 -0.71409 0.93225 -0.21835 -0.82926 0.58572 0.77887 -0.43916 -0.94111 -0.34542 0.32766 0.78883 0.95119 0.60816 -0.14813 -0.86458 -0.79824 -0.22271 0.41608 0.85283 0.944 0.7766 0.5607 0.47925 0.36562 -0.44082 -0.86331 -0.41272 -0.045093 -0.25087 -0.61891
-0.00091962 -0.023358 -0.053747 0.11418 -0.1436 0.058187 -0.19808 0.15415 0.46361 0.55299 0.76411 0.15242 -0.79934 0.61504 -0.076971 -0.18188 0.098962 0.41192 -0.91675 0.76945 0.092159 -0.92389 0.47771 0.80503 -0.45793 -0.91973 -0.039232 0.76673 0.96185 0.78853 0.29834 -0.40733 -0.90541 -0.76002 0.03914 0.66623 0.94557 0.83847 0.45399 0.036119 -0.24908 -0.32384 -0.42614 -0.92395 -0.3009 0.32751 0.6406 0.46034 0.048672
0.01304 -0.042958 0.08637 0.066383 -0.1217 -0.0063147 0.2281 -0.42379 -0.33227 -0.51045 -0.77523 0.13138 0.57528 -0.85718 0.72618 -0.66204 0.79909 -0.94312 0.47955 0.44502 -0.96215 0.27544 0.86672 -0.42796 -0.9172 0.059604 0.9141 0.79474 0.32031 -0.19293 -0.69632 -0.95469 -0.69655 0.10258 0.82471 0.93756 0.65258 0.13791 -0.38064 -0.71586 -0.86399 -0.88849 -0.92197 -0.81804 0.42911 0.86179 0.95554 0.9095 0.6749
-0.02143 -0.034807 -0.062858 0.010051 -0.045141 0.0296 0.11424 0.43343 0.16382 0.50745 0.74557 -0.47244 -0.095898 0.61875 -0.83753 0.87433 -0.75044 0.14925 0.73278 -0.89181 0.00033655 0.93956 -0.32789 -0.92712 0.090833 0.94254 0.57411 -0.22749 -0.71163 -0.93463 -0.90488 -0.49309 0.20014 0.85374 0.85931 0.40765 -0.16203 -0.65473 -0.91855 -0.95013 -0.88683 -0.87139 -0.84113 -0.23373 0.90042 0.91741 0.76654 0.89358 0.96153
-0.0050144 -0.01995 -0.020178 0.010889 0.07445 0.12391 -0.40416 -0.23734 -0.018252 -0.55465 -0.62782 0.76389 -0.49403 0.076191 0.18062 -0.09771 -0.30946 0.89164 -0.7124 -0.322 0.9669 -0.1411 -0.9525 0.073782 0.95464 0.48415 -0.52429 -0.95351 -0.89424 -0.63138 -0.16496 0.44792 0.8943 0.83474 0.17039 -0.43791 -0.83718 -0.95683 -0.81067 -0.55291 -0.35051 -0.32974 -0.27712 0.46632 0.88388 0.50541 0.20786 0.45876 0.8072
0.0040929 -0.047588 0.022169 0.04924 0.16578 -0.079984 0.33523 -0.030252 -0.076948 0.64499 0.37491 -0.83941 0.86383 -0.76421 0.70115 -0.83259 0.94715 -0.4863 -0.5997 0.91007 0.1021 -0.97187 -0.012619 0.95536 0.44688 -0.61719 -0.95212 -0.54662 -0.083219 0.32643 0.72547 0.95569 0.78776 0.11874 -0.64042 -0.93699 -0.89891 -0.5999 -0.17785 0.17886 0.38176 0.38662 0.42434 0.90785 0.42735 -0.13846 -0.43286 -0.16792 0.31417
-0.022434 0.0063987 0.050233 0.09295 0.13629 -0.22997 0.0071653 0.27053 0.11171 -0.75041 0.022981 0.5549 -0.67684 0.79242 -0.8162 0.65418 -0.11503 -0.77489 0.77501 0.3778 -0.94636 -0.17607 0.94138 0.44619 -0.6603 -0.92506 -0.24539 0.46303 0.8025 0.9469 0.92599 0.61453 0.028013 -0.67734 -0.95676 -0.76082 -0.35242 0.13519 0.55038 0.79005 0.8845 0.88031 0.89286 0.89485 -0.21896 -0.70474 -0.87114 -0.70965 -0.29217
-0.017935 0.027332 0.06609 0.11824 0.01135 0.26152 -0.3724 -0.44587 -0.080412 0.81674 -0.49014 0.062502 -0.061079 -0.0023917 -0.096031 0.49574 -0.92429 0.61645 0.60643 -0.85299 -0.37494 0.89481 0.50147 -0.67045 -0.90976 -0.12145 0.72689 0.97023 0.88008 0.67488 0.30943 -0.23048 -0.73956 -0.95444 -0.59206 -0.07865 0.40715 0.77272 0.94486 0.95228 0.91035 0.91976 0.92068 0.46943 -0.75338 -0.9588 -0.94426 -0.96064 -0.77373
0.00095673 0.025621 -0.029683 0.10018 -0.050125 0.11223 0.59331 0.55858 -0.02276 -0.76698 0.8408 -0.7018 0.79433 -0.82894 0.90751 -0.88724 0.33913 0.74271 -0.71708 -0.5849 0.80278 0.61265 -0.63517 -0.90352 -0.052719 0.80914 0.91348 0.50344 0.13298 -0.18674 -0.55302 -0.87914 -0.94409 -0.55586 0.15957 0.63924 0.90605 0.95453 0.81563 0.61567 0.48353 0.52174 0.52975 -0.15032 -0.96136 -0.82354 -0.65319 -0.8513 -0.9692
-0.013359 -0.064117 -0.11166 0.0164 -0.037417 -0.46053 -0.64402 -0.62361 0.19929 0.52682 -0.83593 0.87487 -0.77071 0.65727 -0.40081 -0.20871 0.88672 -0.59435 -0.74219 0.65881 0.73599 -0.54202 -0.91876 -0.019965 0.85385 0.8578 0.17916 -0.43022 -0.71907 -0.87752 -0.96546 -0.86386 -0.48293 0.20373 0.79557 0.96044 0.88 0.61667 0.26934 -0.015786 -0.16039 -0.10097 -0.079227 -0.69406 -0.78642 -0.38083 -0.13252 -0.44841 -0.83574
0.003533 0.054742 -0.10522 -0.11557 -0.079701 0.44155 0.58082 0.65093 -0.43343 -0.079725 0.35308 -0.321 -0.11169 0.41242 -0.75148 0.94899 -0.38055 -0.81841 0.51245 0.85113 -0.40866 -0.95119 -0.043727 0.87595 0.81756 0.032878 -0.71414 -0.96432 -0.95356 -0.86397 -0.65292 -0.24307 0.28939 0.82031 0.94533 0.73265 0.38226 -0.028792 -0.39603 -0.62592 -0.7188 -0.66675 -0.64212 -0.95621 -0.3235 0.18713 0.42112 0.092135 -0.44162
-0.020733 -0.017848 -0.06625 -0.20007 0.027695 -0.10016 -0.47536 -0.63733 0.67522 -0.46624 0.41013 -0.57199 0.89579 -0.9123 0.66456 0.083497 -0.90971 0.42193 0.92191 -0.24279 -0.97467 -0.13116 0.87311 0.78804 -0.063217 -0.8111 -0.94849 -0.67384 -0.42689 -0.20567 0.11298 0.52706 0.86489 0.93738 0.56001 0.11832 -0.29889 -0.64641 -0.86467 -0.94797 -0.96369 -0.95292 -0.94639 -0.862 0.24221 0.67878 0.8256 0.5912 0.074745
-0.013466 -0.016741 -0.048869 -0.12732 0.20588 -0.32059 0.3819 0.56533 -0.83088 0.85868 -0.91868 0.91133 -0.52622 0.0022793 0.60329 -0.96085 0.25794 0.94074 -0.11142 -0.97996 -0.2448 0.84019 0.78822 -0.12874 -0.86881 -0.89939 -0.36731 0.15171 0.41134 0.58579 0.78894 0.95077 0.91509 0.52506 -0.11568 -0.5429 -0.82194 -0.95528 -0.94672 -0.8695 -0.82138 -0.87196 -0.90116 -0.47126 0.71447 0.94291 0.96833 0.90492 0.55766
-0.038377 0.0077638 -0.055523 0.039703 -0.18487 0.62784 -0.33242 -0.40848 0.78037 -0.80546 0.66557 -0.21525 -0.60203 0.93086 -0.76134 -0.13043 0.96717 -0.071296 -0.97254 -0.37114 0.78575 0.82244 -0.1448 -0.9034 -0.85294 -0.20509 0.50213 0.84717 0.94059 0.96938 0.95351 0.79962 0.44911 -0.15853 -0.71899 -0.93024 -0.95991 -0.84411 -0.63684 -0.45115 -0.37425 -0.48047 -0.54824 0.065131 0.95143 0.91687 0.82776 0.95995 0.88023
0.013417 0.041617 -0.060058 0.068779 -0.14873 -0.76297 0.34266 0.14569 -0.43965 0.21518 0.2448 -0.77814 0.84646 -0.2521 -0.5676 0.94734 0.031828 -0.96803 -0.44825 0.71496 0.86318 -0.10493 -0.91643 -0.80764 -0.082962 0.64675 0.96943 0.9187 0.82322 0.72891 0.54367 0.19966 -0.24722 -0.74812 -0.96583 -0.88726 -0.68112 -0.38924 -0.085084 0.12589 0.19585 0.065236 -0.025443 0.5691 0.89993 0.62988 0.46383 0.76127 0.97273
0.047702 -0.052727 -0.031542 -0.018507 0.4326 0.76245 -0.41752 0.21424 -0.14234 0.58375 -0.93982 0.75366 0.2682 -0.9001 0.74867 0.33455 -0.95277 -0.42875 0.67728 0.90358 -0.044745 -0.90941 -0.78427 0.016431 0.74415 0.97736 0.71888 0.35944 0.17905 0.052921 -0.16722 -0.4954 -0.8043 -0.9673 -0.76933 -0.46332 -0.12985 0.20715 0.48615 0.64582 0.68733 0.57771 0.49337 0.89415 0.59588 0.1792 -0.012029 0.37753 0.83014
-0.017758 0.049442 0.047177 0.073645 -0.3939 -0.69399 0.55099 -0.60416 0.71715 -0.94023 0.57277 0.36204 -0.94646 0.33192 0.65752 -0.84959 -0.45799 0.711 0.91984 0.023131 -0.89251 -0.7917 0.072575 0.81324 0.96283 0.5744 -0.027184 -0.42343 -0.56214 -0.64029 -0.77385 -0.92443 -0.9635 -0.74224 -0.24567 0.14091 0.46005 0.7143 0.87425 0.93817 0.9484 0.9025 0.85661 0.96226 0.13941 -0.30714 -0.47401 -0.086535 0.50241
0.0019496 -0.070151 0.15026 0.0807 0.073578 0.61711 -0.72053 0.88595 -0.90864 0.42887 0.52779 -0.94739 -0.061316 0.90824 -0.62223 -0.64594 0.71137 0.88503 0.030209 -0.87283 -0.80578 0.079365 0.85215 0.93209 0.44597 -0.22825 -0.74173 -0.92964 -0.963 -0.97108 -0.97161 -0.8979 -0.67956 -0.20132 0.36756 0.67779 0.868 0.96045 0.96251 0.92606 0.91621 0.95875 0.9746 0.7739 -0.34217 -0.70775 -0.81482 -0.52056 0.074046
0.015997 -0.059572 0.19028 -0.26425 0.32103 -0.57089 0.87893 -0.88508 0.47721 0.5537 -0.94923 -7.1481e-05 0.96621 -0.25884 -0.82795 0.56448 0.86862 -0.078581 -0.88493 -0.82117 0.073967 0.8653 0.90376 0.32345 -0.38457 -0.86283 -0.97661 -0.87923 -0.8249 -0.79229 -0.69177 -0.45926 -0.1065 0.41113 0.82527 0.95369 0.96363 0.88186 0.74409 0.63474 0.62092 0.75013 0.83377 0.39502 -0.73057 -0.93589 -0.96734 -0.83391 -0.35963
-0.051714 0.089197 0.084597 0.019987 -0.61759 0.5755 -0.95144 0.49248 0.36497 -0.95098 0.011882 0.96346 0.014136 -0.95416 0.3362 0.92831 -0.14711 -0.93619 -0.80019 0.069955 0.87158 0.89007 0.23155 -0.51469 -0.93576 -0.93261 -0.62249 -0.33743 -0.25655 -0.22655 -0.096703 0.1713 0.4989 0.85067 0.96868 0.8898 0.73679 0.52613 0.30642 0.16768 0.16218 0.35009 0.48779 -0.069926 -0.94313 -0.95357 -0.91276 -0.97158 -0.71356
0.04415 0.056761 -0.080237 0.41332 0.75593 -0.63629 0.8493 0.19823 -0.93833 0.19785 0.96421 -0.20295 -0.97262 0.033147 0.96603 -0.033237 -0.96464 -0.68891 0.13718 0.88062 0.87639 0.17985 -0.60614 -0.97496 -0.8633 -0.43144 0.079917 0.37396 0.42894 0.43434 0.52923 0.718 0.89622 0.96554 0.76878 0.53081 0.28166 0.019729 -0.2096 -0.33507 -0.32882 -0.1282 0.033544 -0.50879 -0.94577 -0.77194 -0.6767 -0.91943 -0.92772
-0.037996 -0.074325 -0.040693 -0.46335 -0.76227 0.74477 -0.50982 -0.82992 0.62893 0.83893 -0.39637 -0.94847 -0.12171 0.96525 0.12976 -0.94334 -0.58601 0.32569 0.92266 0.85946 0.13188 -0.66057 -0.98918 -0.77084 -0.25236 0.31172 0.72582 0.88188 0.89702 0.88824 0.9204 0.96948 0.95059 0.73699 0.31589 0.010972 -0.24872 -0.48164 -0.65759 -0.74012 -0.72785 -0.56582 -0.41838 -0.8281 -0.75258 -0.44113 -0.31702 -0.70035 -0.97412
0.077568 -0.098283 0.20093 0.024251 0.69629 -0.87566 -0.041037 0.93715 0.36452 -0.72498 -0.85523 0.24673 0.95295 0.3322 -0.89124 -0.61612 0.47918 0.98007 0.79987 0.074149 -0.70872 -0.9912 -0.67979 -0.075315 0.49809 0.86831 0.98392 0.95331 0.94932 0.95521 0.9354 0.8503 0.66551 0.26511 -0.22832 -0.50144 -0.69677 -0.84127 -0.92562 -0.95372 -0.94682 -0.86668 -0.77054 -0.97008 -0.41531 -0.034224 0.092205 -0.36425 -0.85666
0.01723 -0.004458 0.097886 0.52424 -0.61446 0.98278 0.63628 -0.32578 -0.97837 -0.47206 0.59406 0.96268 0.36736 -0.81561 -0.66824 0.47758 0.99306 0.62529 -0.064835 -0.76248 -0.98389 -0.60572 0.074206 0.65411 0.95175 0.95513 0.75149 0.58347 0.59027 0.63336 0.59323 0.42786 0.16039 -0.28222 -0.69214 -0.85906 -0.94527 -0.97506 -0.95939 -0.93836 -0.9486 -0.97536 -0.95729 -0.91887 -0.0073648 0.37002 0.47661 0.024843 -0.60541
-0.085715 0.10888 -0.41683 -0.79295 0.5562 -1 -0.9872 -0.59879 0.40025 0.94716 0.77735 -0.14229 -0.83265 -0.74498 0.44282 0.99073 0.43067 -0.33545 -0.85958 -0.96743 -0.52238 0.18805 0.76831 0.98808 0.88062 0.55802 0.16949 -0.036142 -0.0051696 0.072754 0.041955 -0.13285 -0.38652 -0.73228 -0.94631 -0.97378 -0.9426 -0.86484 -0.7666 -0.71285 -0.7474 -0.8825 -0.95317 -0.69712 0.39317 0.70214 0.77435 0.40157 -0.26782
0.067834 0.17938 -0.19142 0.67449 -0.54364 0.85512 0.82652 1 0.72577 0.14018 -0.64822 -0.99061 -0.69355 0.38906 0.98107 0.36527 -0.5693 -0.96979 -0.91229 -0.4185 0.30317 0.84544 0.98666 0.76428 0.3544 -0.10078 -0.47777 -0.62872 -0.58703 -0.50375 -0.51304 -0.63902 -0.80327 -0.95981 -0.9342 -0.83146 -0.70598 -0.55285 -0.40569 -0.33958 -0.39796 -0.61973 -0.77172 -0.3559 0.71817 0.91245 0.94431 0.70975 0.10117
0.019351 0.21555 0.66752 -0.29746 0.58512 -0.50296 -0.1413 -0.38695 -0.85635 -0.99636 -0.78782 -0.10673 0.514 0.98406 0.31591 -0.65403 -0.99467 -0.72839 -0.22269 0.43236 0.90904 0.96309 0.63216 0.13667 -0.33768 -0.701 -0.90775 -0.95776 -0.9371 -0.89147 -0.88715 -0.93575 -0.97521 -0.9157 -0.67631 -0.4845 -0.30693 -0.12278 0.034694 0.095274 0.021672 -0.2473 -0.45703 0.038634 0.91953 0.97606 0.96944 0.90944 0.44828
-0.15598 0.27384 0.02044 -0.14659 -0.6771 -0.027163 -0.67749 -0.67661 -0.28837 0.052646 0.5829 0.9555 0.95584 0.28261 -0.71347 -0.97547 -0.47392 0.13284 0.62965 0.96276 0.91373 0.50298 -0.064647 -0.5494 -0.85738 -0.98167 -0.9573 -0.91345 -0.94415 -0.97153 -0.97316 -0.94772 -0.8695 -0.62915 -0.25352 -0.029051 0.15346 0.32492 0.45898 0.50263 0.4286 0.16126 -0.07144 0.41869 0.97394 0.89313 0.85568 0.9803 0.72899
0.061449 0.42108 -0.84368 0.52226 0.80257 0.59379 1 0.95815 0.99875 0.99595 0.87828 0.47148 0.037367 -0.76983 -0.93155 -0.31167 0.46927 0.87263 1 0.83055 0.34983 -0.23685 -0.71509 -0.9552 -0.97977 -0.84423 -0.63058 -0.53538 -0.62727 -0.73748 -0.76319 -0.68953 -0.53224 -0.18854 0.22176 0.4239 0.57144 0.69688 0.785 0.80815 0.75114 0.53407 0.31774 0.72606 0.88285 0.68503 0.62768 0.9214 0.91215
0.48046 0.66674 0.59266 -0.7779 -0.92766 -0.95843 -0.4715 -0.020661 -0.069959 -0.095306 -0.38628 -0.74274 -0.92618 -0.8826 -0.14371 0.64486 0.99225 0.91647 0.65153 0.1603 -0.41293 -0.83428 -0.99326 -0.90804 -0.67599 -0.3697 -0.073523 0.023048 -0.11079 -0.28111 -0.33663 -0.24863 -0.06487 0.28918 0.63674 0.77562 0.86309 0.92465 0.95792 0.9638 0.93975 0.81281 0.64979 0.9197 0.6686 0.38824 0.32267 0.74855 0.98193
-0.6293 0.86315 0.38553 0.92111 1 0.88977 -0.5134 -0.95994 -0.98893 -1 -0.98672 -0.84196 -0.66879 0.030325 0.78424 0.99303 0.68225 0.27032 -0.13647 -0.59882 -0.92731 -0.98425 -0.78681 -0.45626 -0.097858 0.23839 0.4995 0.56319 0.43057 0.24919 0.17479 0.24848 0.40935 0.69048 0.90378 0.95904 0.97857 0.97445 0.95644 0.95249 0.97222 0.96013 0.879 0.97932 0.36819 0.047154 -0.016233 0.48982 0.93756
-0.43553 0.69563 -1 -0.9842 -0.95507 -0.3379 0.99136 0.57255 0.27502 -0.0036224 0.038649 0.26805 0.42864 0.90073 0.9238 0.4556 -0.16775 -0.56083 -0.82254 -0.98802 -0.9264 -0.63773 -0.22016 0.18246 0.50853 0.74744 0.89035 0.91255 0.83239 0.69921 0.63016 0.67411 0.77823 0.93072 0.9758 0.94801 0.90699 0.84842 0.79174 0.78655 0.85332 0.96239 0.97928 0.90526 0.026186 -0.29286 -0.3463 0.18042 0.79119
1 -0.032512 0.7771 1 0.73611 -0.43282 -0.38504 0.68468 0.95684 0.99686 0.99675 1 0.99754 0.79793 0.182 -0.46271 -0.87704 -0.9913 -0.98133 -0.80555 -0.44056 0.0093543 0.43399 0.73498 0.91083 0.9834 0.9812 0.97513 0.98739 0.95222 0.91724 0.93084 0.96498 0.96859 0.85029 0.75663 0.6729 0.57919 0.50095 0.50153 0.61019 0.82831 0.94504 0.7155 -0.3122 -0.59125 -0.63025 -0.14243 0.56472
-0.083964 -0.91218 -0.05732 -0.99012 -0.32871 0.91644 -0.67777 -0.85951 -0.33392 0.23311 0.42838 0.39797 0.40057 -0.12448 -0.71723 -0.99053 -0.93177 -0.75755 -0.54691 -0.18428 0.25806 0.64084 0.89228 0.98914 0.97451 0.88258 0.76131 0.74972 0.86767 0.95464 0.97637 0.9701 0.94032 0.80867 0.56353 0.43098 0.32692 0.22 0.13752 0.1474 0.28519 0.58461 0.78906 0.44085 -0.60684 -0.81648 -0.83981 -0.44389 0.28606
-0.10295 -1 -0.5995 0.96197 -0.20103 -0.70809 0.89171 -0.39389 -0.95942 -0.92304 -0.76422 -0.70716 -0.63825 -0.91352 -0.97528 -0.73383 -0.32882 -0.045351 0.1962 0.52354 0.82052 0.97814 0.97921 0.86663 0.69723 0.49762 0.31566 0.31718 0.52133 0.7209 0.80745 0.79635 0.72209 0.49418 0.17836 0.036296 -0.066564 -0.16688 -0.23945 -0.22084 -0.072232 0.26979 0.53826 0.11928 -0.82673 -0.94838 -0.95753 -0.69484 -0.014557
0.098997 -0.010938 0.88917 -0.91005 0.69115 -0.085498 0.079936 0.96238 0.26099 -0.55632 -0.86522 -0.93199 -0.97927 -0.82547 -0.407 0.072357 0.4876 0.68319 0.81839 0.95517 0.99447 0.89494 0.68227 0.43364 0.19183 -0.034951 -0.21318 -0.19307 0.049629 0.32061 0.46181 0.45885 0.36516 0.093325 -0.23101 -0.35693 -0.44194 -0.52114 -0.57477 -0.55176 -0.41329 -0.072448 0.22838 -0.20958 -0.95235 -0.97878 -0.97714 -0.87412 -0.30786
-0.15894 0.8184 -0.8228 0.81972 -0.92473 0.79031 -0.9316 0.20606 0.99195 0.68753 0.21329 -0.051415 -0.30319 0.015529 0.48389 0.81469 0.97455 0.99921 0.99489 0.91667 0.72474 0.44917 0.13497 -0.14173 -0.36601 -0.54745 -0.67318 -0.64387 -0.42535 -0.14513 0.023953 0.035376 -0.054333 -0.31672 -0.59351 -0.68541 -0.74287 -0.79324 -0.82458 -0.80402 -0.69613 -0.39942 -0.10151 -0.50923 -0.97618 -0.91074 -0.90268 -0.96943 -0.56816
-0.1106 0.3526 0.56437 -0.67319 0.74033 -0.71069 0.39921 -0.98108 -0.058934 0.87042 1 0.87796 0.66667 0.8324 0.98551 0.97937 0.84523 0.74701 0.66011 0.45227 0.15129 -0.16424 -0.45122 -0.65977 -0.80118 -0.89414 -0.94549 -0.92629 -0.79259 -0.57059 -0.4107 -0.38706 -0.45614 -0.6647 -0.85276 -0.90218 -0.92961 -0.95012 -0.96081 -0.9504 -0.89013 -0.67443 -0.41396 -0.74989 -0.9019 -0.75671 -0.74666 -0.97732 -0.77521
-0.027755 -0.41627 -0.27513 0.45851 -0.17107 -0.10885 0.74194 -0.14895 -1 -0.22958 0.51285 0.83311 0.98579 0.93534 0.74131 0.48641 0.21046 0.094368 0.006827 -0.20646 -0.47414 -0.70538 -0.87129 -0.95818 -0.9918 -0.98912 -0.97112 -0.98244 -0.97609 -0.86876 -0.75656 -0.73003 -0.77089 -0.89665 -0.9742 -0.98162 -0.98257 -0.97755 -0.97279 -0.97939 -0.9781 -0.87018 -0.67704 -0.91077 -0.74247 -0.53604 -0.52777 -0.90231 -0.91521
-0.091878 -0.21355 0.048109 -0.18061 -0.49203 0.77873 -0.66394 0.96849 -0.26178 -0.99082 -0.59326 -0.091683 0.39156 0.27628 -0.034165 -0.31221 -0.53587 -0.59676 -0.63882 -0.76539 -0.9027 -0.98303 -0.995 -0.95774 -0.89752 -0.8216 -0.75782 -0.81239 -0.94694 -0.98684 -0.95322 -0.93696 -0.95067 -0.98241 -0.94756 -0.92038 -0.90235 -0.87954 -0.8663 -0.89447 -0.95647 -0.97057 -0.867 -0.98094 -0.51767 -0.27224 -0.26837 -0.7554 -0.98108
-0.10492 0.1427 0.089026 -0.12847 0.82159 -0.49952 -0.52901 0.21686 0.89126 -0.38544 -0.9877 -0.91132 -0.54262 -0.59018 -0.77496 -0.9057 -0.97298 -0.97789 -0.98396 -0.99888 -0.98328 -0.91553 -0.7994 -0.67536 -0.56014 -0.44894 -0.36959 -0.46653 -0.72327 -0.91223 -0.9734 -0.98016 -0.97414 -0.91727 -0.78518 -0.73492 -0.70703 -0.67541 -0.66067 -0.7117 -0.83387 -0.97091 -0.96961 -0.95914 -0.2513 0.0096652 0.0079494 -0.55234 -0.97217
-0.030331 0.042086 -0.14639 0.40678 -0.5543 -0.39255 0.76846 -0.92485 0.64183 0.72118 -0.2577 -0.82596 -1 -1 -0.98745 -0.95087 -0.88353 -0.88196 -0.89412 -0.83185 -0.70572 -0.54447 -0.36227 -0.20683 -0.081893 0.026414 0.095519 -0.028162 -0.36048 -0.66972 -0.82356 -0.8618 -0.84653 -0.71936 -0.51731 -0.45669 -0.42754 -0.3954 -0.38475 -0.45631 -0.62865 -0.87692 -0.98031 -0.85258 0.031462 0.28551 0.27847 -0.31169 -0.89345
0.036815 0.072476 0.14704 -0.57482 -0.13326 0.72168 0.3904 -0.39101 -0.57076 0.89218 0.74336 0.039367 -0.62688 -0.67829 -0.56178 -0.45025 -0.34138 -0.37904 -0.43054 -0.34994 -0.18662 -0.0055084 0.17402 0.3098 0.4086 0.48721 0.53156 0.40812 0.064389 -0.31213 -0.53844 -0.6097 -0.59539 -0.42405 -0.18562 -0.12609 -0.10214 -0.075692 -0.072405 -0.15878 -0.36571 -0.70278 -0.90337 -0.67526 0.30643 0.53392 0.52308 -0.053078 -0.75439
0.058181 -0.08034 -0.11334 0.56641 0.67299 -0.033281 -0.78391 0.81028 -0.93635 -0.037815 0.94604 0.85665 0.23888 0.11315 0.20562 0.29125 0.36106 0.28464 0.19922 0.25246 0.38631 0.5259 0.65171 0.73636 0.79149 0.83025 0.84851 0.75683 0.46991 0.092622 -0.17167 -0.26966 -0.26364 -0.076793 0.16381 0.2138 0.2291 0.24647 0.24177 0.149 -0.073169 -0.46875 -0.75037 -0.44579 0.55231 0.7376 0.72545 0.20443 -0.56776
0.050413 -0.11537 0.062437 -0.36999 -0.56912 -0.66215 -0.35072 0.62985 0.019561 -0.9083 0.1836 0.90897 0.90932 0.817 0.83896 0.86655 0.88026 0.81521 0.74104 0.75545 0.82469 0.89236 0.94342 0.9701 0.98312 0.98749 0.9888 0.95697 0.78554 0.47492 0.2152 0.10367 0.098471 0.27426 0.4869 0.52275 0.52913 0.53702 0.5262 0.43709 0.22069 -0.19851 -0.53828 -0.18533 0.75203 0.88423 0.8738 0.44361 -0.34825
0.025494 0.20935 -0.0069731 0.057181 -0.080785 0.31238 0.74847 -0.56784 0.93384 -0.72206 -0.74696 0.18963 0.89874 0.98005 0.98046 0.98916 0.98715 1 0.99641 0.99271 0.99908 0.99798 0.98242 0.96465 0.95074 0.93615 0.93475 0.98029 0.96256 0.77509 0.56318 0.45588 0.44118 0.58487 0.74676 0.76774 0.76767 0.76826 0.7551 0.68012 0.49007 0.083351 -0.2873 0.084506 0.89355 0.96668 0.96117 0.65004 -0.11133
-0.015675 -0.087685 -0.042683 0.23083 0.59753 0.5045 0.40143 -0.84786 0.60689 0.26151 -0.95488 -0.67406 0.24848 0.52704 0.5764 0.62163 0.65578 0.78342 0.88817 0.90034 0.87115 0.8276 0.77237 0.73412 0.71341 0.69781 0.70699 0.83229 0.97954 0.95157 0.82424 0.74036 0.72171 0.81972 0.91715 0.92573 0.92359 0.92087 0.91027 0.85908 0.71361 0.35351 -0.01888 0.34336 0.9701 0.98294 0.98524 0.81268 0.12789
-0.05673 -0.077958 0.076624 -0.35132 -0.41564 -0.43938 -0.66365 0.16568 -0.48462 0.94793 -0.28611 -0.9923 -0.56267 -0.23751 -0.12957 -0.035975 0.050199 0.26964 0.47304 0.52492 0.49389 0.44105 0.37778 0.34247 0.33163 0.32868 0.35593 0.54709 0.8424 0.98494 0.96685 0.92361 0.9089 0.95561 0.98417 0.98497 0.98594 0.98479 0.98185 0.96222 0.87565 0.59168 0.24616 0.57349 0.98002 0.93554 0.94798 0.92419 0.35554
-0.061298 0.12749 -0.085253 0.25317 -0.23054 -0.36259 -0.51604 0.91072 -0.9616 0.64127 0.62401 -0.54928 -0.98863 -0.85229 -0.75804 -0.66685 -0.5663 -0.33549 -0.093701 -0.0041783 -0.01447 -0.0515 -0.098803 -0.11672 -0.11018 -0.095379 -0.050831 0.17831 0.5802 0.87812 0.97828 0.98799 0.98551 0.98259 0.94626 0.94483 0.95382 0.959 0.96818 0.98517 0.96685 0.7818 0.48911 0.76074 0.92628 0.8309 0.85493 0.98092 0.55962
-0.01465 -0.067115 0.061362 -0.02605 0.53232 0.46778 0.50763 0.3417 -0.28849 -0.301 0.98617 0.29096 -0.77571 -0.97874 -1 -0.99276 -0.94848 -0.811 -0.62084 -0.52329 -0.51048 -0.52314 -0.54502 -0.5438 -0.52322 -0.49513 -0.44218 -0.21198 0.23792 0.65317 0.864 0.932 0.94868 0.90356 0.81287 0.81446 0.83521 0.85053 0.87494 0.93039 0.98412 0.91279 0.69445 0.89511 0.81566 0.6784 0.71448 0.98265 0.73051
0.035389 -0.0079661 -0.0041768 -0.15432 -0.12392 0.27687 0.64712 -0.68239 0.7026 -0.93469 0.5293 0.911 -0.087084 -0.57227 -0.75843 -0.88968 -0.96189 -0.99958 -0.94591 -0.88562 -0.86623 -0.86288 -0.86489 -0.85423 -0.83179 -0.80248 -0.75571 -0.56379 -0.13197 0.34604 0.64482 0.76852 0.80842 0.7323 0.60217 0.6108 0.64517 0.67288 0.71379 0.80618 0.93012 0.9787 0.85058 0.97089 0.65788 0.48945 0.53698 0.93222 0.86119
0.021952 0.03043 -0.076101 0.16503 -0.40257 -0.44378 -0.25803 -0.76891 0.89369 -0.6829 -0.34094 0.89565 0.64273 0.12775 -0.16931 -0.42157 -0.62019 -0.8531 -0.98136 -1 -1 -0.99967 -0.9975 -0.99364 -0.9857 -0.97078 -0.9466 -0.82797 -0.47772 0.00016313 0.35246 0.52158 0.58504 0.49083 0.33819 0.35598 0.40365 0.44405 0.50072 0.62531 0.8124 0.97856 0.95012 0.98653 0.46467 0.27655 0.33394 0.83498 0.9473
-0.03393 0.0026931 0.15619 -0.042521 0.30796 -0.24788 -0.72091 0.1391 0.12081 0.18101 -0.93308 0.28649 0.99086 0.75243 0.48645 0.20693 -0.063096 -0.43555 -0.73159 -0.84883 -0.89084 -0.91363 -0.92546 -0.94461 -0.96613 -0.98001 -0.99248 -0.97199 -0.75522 -0.33992 0.024459 0.22234 0.30573 0.20615 0.047855 0.074759 0.13319 0.1846 0.25428 0.40352 0.64221 0.91581 0.9899 0.94424 0.24877 0.052481 0.1172 0.69823 0.98705
-0.035618 -0.058096 -0.20377 -0.0614 0.21628 0.39031 -0.075694 0.84675 -0.7613 0.86964 -0.82013 -0.49627 0.78208 0.99987 0.92199 0.7461 0.5068 0.11002 -0.28104 -0.48408 -0.57649 -0.63445 -0.67333 -0.72564 -0.78522 -0.83687 -0.89413 -0.98253 -0.93285 -0.63417 -0.30079 -0.095131 0.00098831 -0.092943 -0.24183 -0.20798 -0.14324 -0.084325 -0.0061435 0.15809 0.43336 0.7976 0.97065 0.84943 0.023091 -0.17051 -0.10166 0.53059 0.98102
0.014696 0.10305 0.18958 0.048777 -0.34688 0.26014 0.64919 0.50844 -0.85834 0.80927 -0.11916 -0.95851 0.15603 0.77147 0.96614 1 0.89931 0.61388 0.23819 -0.0062966 -0.13794 -0.2294 -0.29802 -0.38364 -0.48044 -0.5706 -0.67263 -0.86498 -0.994 -0.85122 -0.58844 -0.39777 -0.29881 -0.37876 -0.50621 -0.46932 -0.40417 -0.34267 -0.2618 -0.093588 0.20096 0.63387 0.89649 0.71 -0.2 -0.38124 -0.31197 0.34142 0.93184
0.0021887 -0.12253 -0.1052 0.017342 -0.073003 -0.31259 0.41931 -0.41557 -0.11721 0.088192 0.65169 -0.83877 -0.54113 0.19463 0.6201 0.89142 0.99706 0.93241 0.68683 0.46526 0.32339 0.21461 0.1256 0.017423 -0.10571 -0.22608 -0.36414 -0.64065 -0.93733 -0.97096 -0.81053 -0.65674 -0.5663 -0.62709 -0.72482 -0.68997 -0.63108 -0.57283 -0.49584 -0.33518 -0.03969 0.43643 0.77434 0.5356 -0.40932 -0.5701 -0.50436 0.14029 0.84383
-0.051863 0.11779 -0.023322 -0.0138 0.31204 -0.29155 -0.37456 -0.83865 0.71778 -0.68783 0.96934 -0.23507 -0.95511 -0.45911 0.037787 0.47569 0.78416 0.98574 0.95497 0.82255 0.70959 0.61028 0.5202 0.40914 0.27886 0.14445 -0.013282 -0.34221 -0.77521 -0.98551 -0.94806 -0.8498 -0.77928 -0.81896 -0.88256 -0.85538 -0.80947 -0.76059 -0.69425 -0.55233 -0.27406 0.21803 0.61315 0.33691 -0.59533 -0.72932 -0.67107 -0.063496 0.72261
-0.017261 -0.097753 0.13848 -0.052569 -0.0066824 0.20911 -0.62924 -0.32516 0.87814 -0.92064 0.64954 0.49015 -0.89813 -0.90688 -0.54973 -0.092876 0.33966 0.77249 0.98596 0.99185 0.94608 0.88649 0.81979 0.73021 0.61665 0.4895 0.33358 -0.0084846 -0.53073 -0.89858 -0.99192 -0.96261 -0.92217 -0.94161 -0.97038 -0.95625 -0.92947 -0.89577 -0.84644 -0.73338 -0.48919 -0.0084805 0.4232 0.12498 -0.75038 -0.85318 -0.80615 -0.2613 0.57471
0.027462 0.071718 -0.17855 0.046583 -0.25539 0.31587 -0.058702 0.51852 0.25797 -0.46559 -0.073676 0.93721 -0.41974 -0.97362 -0.92788 -0.62252 -0.19623 0.36131 0.78406 0.94601 0.99387 0.99951 0.97956 0.93517 0.86229 0.76512 0.63434 0.32083 -0.23396 -0.72386 -0.94262 -0.98921 -0.98656 -0.98883 -0.9852 -0.98871 -0.98595 -0.97241 -0.94553 -0.86972 -0.67426 -0.23086 0.21541 -0.089426 -0.86893 -0.93801 -0.90547 -0.44543 0.40721
-0.012198 -0.045784 0.11892 0.066173 0.036579 -0.08299 0.5548 0.79823 -0.56866 0.31424 -0.73808 0.88475 0.24187 -0.65081 -0.97319 -0.94894 -0.6687 -0.13439 0.40667 0.70499 0.85307 0.93766 0.98081 0.99947 0.98677 0.9398 0.85582 0.60974 0.082003 -0.48249 -0.80919 -0.93154 -0.97111 -0.96074 -0.92956 -0.95389 -0.9784 -0.98869 -0.98835 -0.95599 -0.82098 -0.43809 0.00067176 -0.29628 -0.94755 -0.98214 -0.96679 -0.60939 0.22734
0.0076166 0.022435 0.0013465 -0.11399 0.20044 -0.30611 0.46174 0.26837 -0.90337 0.85873 -0.95353 0.38371 0.78624 -0.081741 -0.686 -0.98276 -0.95252 -0.58948 -0.054407 0.32657 0.55858 0.71978 0.83102 0.92077 0.97955 0.99704 0.97663 0.82948 0.38482 -0.2002 -0.6074 -0.79847 -0.88092 -0.86306 -0.81073 -0.85737 -0.91041 -0.9466 -0.97525 -0.99001 -0.9237 -0.62079 -0.21065 -0.48673 -0.98482 -0.98575 -0.98954 -0.74797 0.042244
0.039902 -0.0016033 -0.097623 -0.023346 -0.036955 -0.049114 -0.16957 -0.50437 -0.50302 0.81265 -0.61911 -0.29744 0.98661 0.50899 -0.17689 -0.7279 -0.98211 -0.89836 -0.49662 -0.10918 0.16996 0.38873 0.55982 0.71679 0.84788 0.93572 0.98828 0.96079 0.646 0.095597 -0.35763 -0.60421 -0.72637 -0.70608 -0.63974 -0.70826 -0.789 -0.85136 -0.90965 -0.97254 -0.97948 -0.77153 -0.40918 -0.65334 -0.98121 -0.95068 -0.97473 -0.85735 -0.14135
-0.029808 -0.017784 0.10247 0.15931 -0.15279 0.24356 -0.57177 -0.77509 0.27995 0.23683 0.052019 -0.82513 0.77651 0.90635 0.38086 -0.27039 -0.76198 -0.99735 -0.82942 -0.51765 -0.24165 0.0019461 0.21219 0.42071 0.61396 0.76852 0.89476 0.99484 0.84324 0.37846 -0.082624 -0.36668 -0.52175 -0.5034 -0.43018 -0.51825 -0.62381 -0.71082 -0.79752 -0.90695 -0.98791 -0.88495 -0.58688 -0.7903 -0.93884 -0.88012 -0.92473 -0.93509 -0.31728
-0.013308 0.036462 -0.026024 -0.04819 0.024923 0.15552 -0.31774 -0.32767 0.83191 -0.47632 0.68212 -0.96293 0.25944 0.97996 0.81222 0.25437 -0.35806 -0.87443 -0.99134 -0.82582 -0.60685 -0.37912 -0.15962 0.075105 0.31057 0.51901 0.71072 0.93296 0.96181 0.62513 0.19462 -0.10564 -0.28384 -0.27065 -0.19704 -0.30058 -0.42626 -0.53465 -0.64679 -0.79869 -0.95086 -0.95784 -0.73724 -0.89351 -0.86119 -0.77839 -0.84299 -0.98004 -0.48015
0.012407 -0.053872 -0.048872 -0.16602 0.11126 -0.13081 0.26297 0.39469 0.76009 -0.88155 0.94485 -0.66785 -0.34966 0.71987 0.99369 0.70339 0.1248 -0.56636 -0.95902 -0.98414 -0.86913 -0.69862 -0.50414 -0.27451 -0.023918 0.21785 0.45879 0.78546 0.9951 0.81718 0.45273 0.15895 -0.030398 -0.024208 0.044391 -0.069086 -0.20864 -0.33368 -0.46674 -0.65489 -0.87214 -0.98899 -0.8554 -0.96051 -0.75285 -0.65061 -0.73384 -0.99227 -0.6254
-0.015148 0.067763 0.048115 0.11439 -0.013312 -0.20065 0.53528 0.75166 0.14946 -0.75343 0.72574 -0.088546 -0.81765 0.22717 0.88407 0.96425 0.57146 -0.14572 -0.74758 -0.97259 -0.99247 -0.91388 -0.77745 -0.58565 -0.35061 -0.10125 0.16654 0.56964 0.9443 0.94197 0.67344 0.40845 0.22116 0.21996 0.27953 0.16268 0.01658 -0.11916 -0.26734 -0.48376 -0.75714 -0.97907 -0.93821 -0.99048 -0.61917 -0.50247 -0.60219 -0.97293 -0.74939
0.034482 -0.074539 0.011898 0.14807 -0.075471 -0.00057953 0.24968 0.46798 -0.54887 -0.19353 0.15596 0.51787 -0.98071 -0.33024 0.52761 0.98037 0.88369 0.29767 -0.40375 -0.80094 -0.96471 -1 -0.94817 -0.82365 -0.63443 -0.40534 -0.1368 0.30755 0.81745 0.99308 0.8426 0.62666 0.45487 0.44725 0.49527 0.38219 0.23752 0.097824 -0.058715 -0.29411 -0.61236 -0.9304 -0.98414 -0.98405 -0.46605 -0.33987 -0.45336 -0.92411 -0.84944
-0.02105 0.070492 -0.042204 -0.15951 0.010649 0.1674 -0.26385 -0.18485 -0.86205 0.4622 -0.47658 0.90288 -0.79545 -0.77702 0.03286 0.75902 1 0.67636 0.0057913 -0.50402 -0.79686 -0.9514 -1 -0.96485 -0.84753 -0.66545 -0.42319 0.023516 0.62813 0.97011 0.95082 0.80072 0.65711 0.64518 0.68059 0.57854 0.44343 0.30695 0.14935 -0.0949 -0.44509 -0.84667 -0.99319 -0.94312 -0.29959 -0.16881 -0.2928 -0.84863 -0.92376
-0.013206 -0.053733 -0.0041418 -0.12547 0.049556 0.1004 -0.49434 -0.66837 -0.60725 0.85243 -0.87742 0.92473 -0.34137 -0.98427 -0.46303 0.36301 0.90488 0.9218 0.40812 -0.13362 -0.51909 -0.78054 -0.93221 -0.99816 -0.97146 -0.85902 -0.66821 -0.25816 0.39371 0.87811 0.99357 0.92161 0.81721 0.8039 0.82699 0.74285 0.62509 0.49903 0.34786 0.1052 -0.26295 -0.73264 -0.96674 -0.8707 -0.12588 0.00493 -0.1259 -0.74991 -0.97146
0.022515 0.026145 0.059623 0.18268 -0.01901 -0.076125 -0.25299 -0.62334 0.023853 0.78497 -0.8788 0.59209 0.21846 -0.90262 -0.83282 -0.10956 0.6273 0.99508 0.73697 0.25125 -0.17447 -0.51445 -0.75805 -0.92492 -0.99804 -0.97134 -0.85286 -0.51519 0.13368 0.72664 0.97104 0.98429 0.92779 0.91649 0.92865 0.8685 0.77515 0.66634 0.52888 0.29813 -0.073588 -0.59386 -0.90732 -0.77063 0.049203 0.17591 0.042136 -0.63181 -0.99247
-0.011592 0.0057746 -0.028348 0.1119 -0.041454 -0.13002 0.20052 -0.11739 0.62405 0.3178 -0.49963 0.045278 0.69898 -0.56812 -0.99019 -0.55086 0.23028 0.89097 0.94287 0.59381 0.18813 -0.18983 -0.50185 -0.75751 -0.92911 -0.99611 -0.9646 -0.72887 -0.13207 0.5286 0.8876 0.98764 0.98487 0.97906 0.98247 0.95127 0.88827 0.80282 0.68582 0.4767 0.11566 -0.43635 -0.81844 -0.6474 0.22017 0.33919 0.20648 -0.49843 -0.98745
0.01254 -0.032537 -0.063363 -0.18796 0.030499 -0.021349 0.45019 0.4543 0.83783 -0.29655 0.081997 -0.50834 0.95372 -0.083623 -0.90667 -0.86773 -0.2048 0.63536 0.99928 0.84754 0.52114 0.15232 -0.19511 -0.51692 -0.77534 -0.9351 -0.99776 -0.88517 -0.38471 0.29905 0.75111 0.93414 0.98773 0.99062 0.98799 0.98925 0.96114 0.90418 0.81355 0.63485 0.29799 -0.26636 -0.70435 -0.50592 0.38208 0.4904 0.36276 -0.35399 -0.9577
-0.027806 0.045746 0.078559 -0.11292 0.056312 0.091602 0.3023 0.68642 0.56254 -0.75423 0.6187 -0.8745 0.9157 0.41558 -0.61253 -0.99983 -0.59538 0.27768 0.90434 0.98158 0.78421 0.47202 0.12761 -0.22981 -0.55435 -0.79724 -0.95325 -0.97532 -0.60769 0.05398 0.57208 0.82932 0.93864 0.95287 0.94708 0.98274 0.99247 0.9679 0.90848 0.7677 0.46736 -0.090098 -0.56978 -0.35131 0.53061 0.62587 0.50715 -0.20271 -0.90506
0.035392 -0.04312 0.028558 0.17795 -0.027082 0.077068 -0.084751 0.44279 -0.020865 -0.84882 0.8998 -0.93733 0.60931 0.80026 -0.18388 -0.92865 -0.87302 -0.11956 0.67866 0.98339 0.9485 0.73471 0.43259 0.074707 -0.28839 -0.59708 -0.83786 -0.99589 -0.78767 -0.19083 0.36275 0.68115 0.84239 0.86981 0.86369 0.93399 0.9828 0.99315 0.96852 0.87166 0.61862 0.086464 -0.4198 -0.1887 0.66218 0.74264 0.63642 -0.048653 -0.83182
-0.025404 0.030895 -0.10972 0.12758 -0.085554 -0.024569 -0.37854 -0.084326 -0.5776 -0.55566 0.82934 -0.69003 0.13411 0.97927 0.27883 -0.67705 -0.9941 -0.49215 0.36005 0.85855 0.99899 0.91455 0.69037 0.36798 -0.0019643 -0.35308 -0.66313 -0.94855 -0.91505 -0.42075 0.13619 0.49935 0.70586 0.74733 0.74337 0.84691 0.93432 0.98066 0.99304 0.94442 0.74761 0.25779 -0.25957 -0.023103 0.77391 0.83845 0.74799 0.10432 -0.74057
0.0094767 -0.0205 0.027327 -0.15213 -0.0096194 -0.080418 -0.35878 -0.53713 -0.81409 -0.023903 0.45054 -0.22607 -0.37059 0.9182 0.67505 -0.30073 -0.94488 -0.78427 -0.003442 0.62821 0.93487 0.99631 0.87818 0.62446 0.2805 -0.08578 -0.44406 -0.83939 -0.98423 -0.62309 -0.0945 0.29472 0.5374 0.59275 0.59293 0.72673 0.8506 0.93254 0.98272 0.98492 0.85119 0.41889 -0.094205 0.14075 0.86371 0.91178 0.83991 0.25267 -0.63418
-0.0026721 0.019937 0.10703 -0.1497 0.10021 -0.032358 -0.069664 -0.63706 -0.62577 0.50611 -0.084262 0.30017 -0.76754 0.64195 0.9253 0.12546 -0.74088 -0.9561 -0.36118 0.32498 0.76822 0.97592 0.98149 0.82362 0.53662 0.18403 -0.19766 -0.67809 -0.99358 -0.78765 -0.31693 0.078432 0.3463 0.41429 0.41999 0.57965 0.73632 0.85204 0.93944 0.99324 0.92726 0.56547 0.071423 0.29851 0.93021 0.96179 0.91083 0.39322 -0.51562
0.0081636 -0.025663 -0.076419 0.10865 0.077461 0.050137 0.25082 -0.34627 -0.12969 0.81328 -0.57884 0.72665 -0.95765 0.22312 0.98535 0.52297 -0.42144 -0.98811 -0.66686 -0.012167 0.52141 0.85981 0.99456 0.95124 0.74769 0.43683 0.058404 -0.47698 -0.94513 -0.90705 -0.52004 -0.13857 0.14222 0.22066 0.23253 0.41249 0.59697 0.74337 0.86602 0.9705 0.97472 0.69395 0.23277 0.44631 0.97274 0.98828 0.96003 0.52318 -0.38796
-0.018464 0.023344 -0.081321 0.16847 -0.062795 0.066678 0.37056 0.13775 0.41625 0.78416 -0.86542 0.93247 -0.90169 -0.23893 0.8516 0.82381 -0.041223 -0.88181 -0.88408 -0.34309 0.22372 0.66318 0.92009 1 0.89975 0.65569 0.30708 -0.24995 -0.84409 -0.97688 -0.69451 -0.34606 -0.065238 0.020601 0.038588 0.23237 0.43857 0.61138 0.76613 0.91874 0.99342 0.80154 0.38572 0.58082 0.99129 0.99165 0.98735 0.64021 -0.25421
0.024942 -0.00064054 0.10484 -0.048285 -0.13614 0.0012552 0.22545 0.52383 0.75108 0.44699 -0.85822 0.86872 -0.62425 -0.64246 0.55781 0.98121 0.33971 -0.65754 -0.98993 -0.63116 -0.09243 0.40777 0.76818 0.9694 0.98419 0.8272 0.53297 -0.011454 -0.69825 -0.99563 -0.83312 -0.53499 -0.26703 -0.17751 -0.15412 0.046394 0.2674 0.46139 0.64399 0.8407 0.98404 0.8862 0.52668 0.69928 0.98644 0.97279 0.9931 0.74243 -0.11732
-0.024375 -0.036626 0.050498 -0.17024 -0.036513 -0.068897 -0.061116 0.60221 0.73197 -0.05368 -0.57338 0.56516 -0.20158 -0.90519 0.16519 0.97536 0.66536 -0.3499 -0.97649 -0.84697 -0.39501 0.11918 0.55472 0.86512 0.99784 0.94206 0.72319 0.22436 -0.51731 -0.96452 -0.93084 -0.69777 -0.45495 -0.36593 -0.33846 -0.13863 0.089711 0.29893 0.50424 0.73976 0.94803 0.94668 0.65263 0.79953 0.95929 0.93306 0.97809 0.82838 0.019909
0.018955 0.061845 -0.11345 -0.021232 0.12118 -0.064038 -0.28734 0.35021 0.38631 -0.52309 -0.11364 0.1144 0.26139 -0.97944 -0.25138 0.81406 0.89157 -0.0018879 -0.85034 -0.97084 -0.65553 -0.17581 0.29956 0.69804 0.94274 0.99527 0.86789 0.44451 -0.31214 -0.88715 -0.98491 -0.82848 -0.62197 -0.53786 -0.5081 -0.3164 -0.088421 0.12956 0.35173 0.6197 0.88746 0.98246 0.76112 0.87997 0.91138 0.87418 0.94349 0.89704 0.15486
-0.012944 -0.047788 -0.026866 0.14315 0.14371 0.013823 -0.31467 -0.077083 -0.11807 -0.79256 0.37192 -0.35866 0.65783 -0.85845 -0.618 0.52889 0.99109 0.34141 -0.6304 -0.99391 -0.85142 -0.45173 0.024492 0.48287 0.82543 0.98608 0.96058 0.63773 -0.094121 -0.76911 -0.99474 -0.92299 -0.76237 -0.68756 -0.65768 -0.48127 -0.26134 -0.041356 0.19135 0.48459 0.80493 0.99368 0.8503 0.93963 0.84461 0.79818 0.89081 0.94783 0.28514
0.0094405 -0.0039166 0.10912 0.083002 -0.0039741 0.086419 -0.1456 -0.44785 -0.55908 -0.77682 0.73731 -0.73222 0.90312 -0.57379 -0.87434 0.16805 0.95577 0.63855 -0.34465 -0.91807 -0.96758 -0.68641 -0.24865 0.23677 0.65615 0.91762 0.99819 0.79499 0.12551 -0.6175 -0.96173 -0.97895 -0.87185 -0.81055 -0.7829 -0.62843 -0.42395 -0.20875 0.027886 0.33862 0.70343 0.98107 0.91893 0.97803 0.76118 0.70731 0.82181 0.98053 0.4086
-0.0092016 0.055071 0.014936 -0.084905 -0.15771 0.079303 0.098509 -0.57959 -0.75824 -0.49522 0.88206 -0.91785 0.95102 -0.18577 -0.98255 -0.2123 0.79581 0.8564 -0.026277 -0.75472 -0.99703 -0.86259 -0.49964 -0.022124 0.44775 0.79636 0.98091 0.90973 0.3362 -0.44049 -0.88902 -0.99571 -0.9476 -0.90358 -0.8806 -0.75397 -0.5718 -0.36801 -0.13411 0.18601 0.58623 0.94591 0.96629 0.99522 0.66347 0.60395 0.73847 0.9953 0.52339
0.011041 -0.061432 -0.097906 -0.11494 -0.14427 -0.0065793 0.267 -0.42346 -0.64835 -0.054791 0.77543 -0.87884 0.7999 0.2304 -0.93131 -0.55701 0.53675 0.97323 0.2904 -0.52282 -0.9408 -0.96881 -0.71126 -0.27603 0.21468 0.63138 0.91189 0.97798 0.52853 -0.24682 -0.78121 -0.97424 -0.98825 -0.96469 -0.94872 -0.85492 -0.70119 -0.51506 -0.29045 0.030834 0.45677 0.88993 0.99224 0.99172 0.55402 0.4906 0.64291 0.9926 0.62791
-0.01292 0.017267 -0.013968 0.0097695 0.026596 -0.096731 0.27128 -0.072474 -0.28857 0.39357 0.4582 -0.63413 0.48887 0.59959 -0.7352 -0.81962 0.21482 0.98011 0.57351 -0.24638 -0.80705 -0.99978 -0.87021 -0.50869 -0.028063 0.43364 0.79682 0.99832 0.69453 -0.04536 -0.64399 -0.91688 -0.99379 -0.99313 -0.98632 -0.92925 -0.8092 -0.64645 -0.43735 -0.12301 0.31856 0.81521 0.99708 0.96843 0.43543 0.36977 0.53733 0.97319 0.72084
0.012981 0.035037 0.082749 0.10157 0.1773 -0.11052 0.12551 0.29801 0.17119 0.70757 0.024764 -0.2486 0.086142 0.85986 -0.43002 -0.96794 -0.12853 0.88077 0.79664 0.048166 -0.60977 -0.95623 -0.96775 -0.70627 -0.26593 0.21517 0.64333 0.97173 0.82798 0.15527 -0.48386 -0.82716 -0.96542 -0.98929 -0.99347 -0.97587 -0.89373 -0.75936 -0.57154 -0.27193 0.17507 0.72411 0.98157 0.92661 0.31031 0.24396 0.42396 0.93807 0.80118
-0.01024 -0.047722 0.020563 0.052668 0.15258 -0.030847 -0.076457 0.51947 0.55541 0.79689 -0.40679 0.18578 -0.32693 0.97183 -0.065486 -0.98705 -0.45205 0.68998 0.94089 0.33456 -0.36712 -0.84429 -0.99985 -0.85806 -0.48559 -0.011678 0.4605 0.90129 0.92446 0.34707 -0.30777 -0.70955 -0.90545 -0.95458 -0.97117 -0.99459 -0.95343 -0.85166 -0.69028 -0.41269 0.029663 0.6192 0.94683 0.86779 0.18121 0.11557 0.30504 0.88843 0.86816
0.0049164 0.017632 -0.063908 -0.048766 -0.0245 0.082176 -0.22292 0.50416 0.72941 0.64549 -0.72714 0.57267 -0.67249 0.9232 0.30335 -0.87969 -0.7195 0.43103 0.99601 0.58897 -0.099575 -0.67459 -0.96702 -0.9568 -0.67564 -0.23494 0.25823 0.79189 0.98143 0.52289 -0.12278 -0.5692 -0.81709 -0.89129 -0.92124 -0.98598 -0.98774 -0.92187 -0.79137 -0.54245 -0.11446 0.50318 0.8943 0.79376 0.05062 -0.013084 0.18273 0.82564 0.92131
0.0015684 0.016516 -0.029921 -0.072836 -0.18273 0.1403 -0.24486 0.27401 0.64296 0.30912 -0.86221 0.83235 -0.89028 0.72821 0.62446 -0.66431 -0.9033 0.13258 0.96056 0.79175 0.17184 -0.46104 -0.87391 -0.99883 -0.827 -0.4436 0.046665 0.6498 0.99814 0.6767 0.064133 -0.41174 -0.70424 -0.80243 -0.84618 -0.95135 -0.99678 -0.96918 -0.8732 -0.65881 -0.25435 0.37879 0.82569 0.70646 -0.079143 -0.13985 0.059147 0.75119 0.96038
-0.0069195 -0.024594 0.040778 -0.011745 -0.17294 0.095933 -0.1443 -0.06097 0.3391 -0.10765 -0.78776 0.91675 -0.94682 0.42308 0.85575 -0.37136 -0.98683 -0.17472 0.84124 0.92873 0.42717 -0.21964 -0.7286 -0.98402 -0.93327 -0.62809 -0.16424 0.4823 0.97549 0.80366 0.24642 -0.24296 -0.57134 -0.69159 -0.74903 -0.89263 -0.98133 -0.99337 -0.93469 -0.75981 -0.38734 0.24878 0.74289 0.60795 -0.20591 -0.26273 -0.063744 0.66664 0.98536
0.0086413 0.014225 0.036292 0.045185 -0.0050926 -0.02275 0.017452 -0.35768 -0.069588 -0.48542 -0.53055 0.81634 -0.83892 0.058401 0.96994 -0.038567 -0.9652 -0.46133 0.65157 0.9918 0.6489 0.032816 -0.54182 -0.91539 -0.99077 -0.78061 -0.36522 0.29727 0.91591 0.90026 0.41809 -0.068681 -0.42315 -0.56276 -0.63326 -0.81225 -0.9427 -0.99478 -0.97529 -0.84397 -0.51106 0.11581 0.64795 0.50038 -0.32769 -0.37994 -0.1841 0.57362 0.99645
-0.0050301 -0.0035196 -0.014107 0.040349 0.16944 -0.13362 0.15805 -0.5009 -0.44485 -0.72389 -0.15733 0.55845 -0.59145 -0.30967 0.95682 0.29414 -0.84475 -0.70155 0.41014 0.97907 0.82301 0.27991 -0.32605 -0.79871 -0.99854 -0.89536 -0.54803 0.1028 0.82304 0.96427 0.5739 0.10548 -0.2646 -0.42019 -0.5026 -0.71301 -0.88269 -0.97426 -0.99495 -0.91023 -0.62348 -0.017563 0.54301 0.38589 -0.44273 -0.48988 -0.30024 0.47379 0.99404
-0.0037466 -0.0090328 -0.03377 7.6666e-05 0.19898 -0.15933 0.21559 -0.44516 -0.66947 -0.76677 0.24377 0.19871 -0.25072 -0.62812 0.82304 0.5894 -0.64143 -0.87554 0.13863 0.89441 0.93959 0.5066 -0.094658 -0.64195 -0.95811 -0.96863 -0.70574 -0.093165 0.70156 0.99476 0.70945 0.27427 -0.1006 -0.26824 -0.36094 -0.59805 -0.80351 -0.93311 -0.99407 -0.95797 -0.72295 -0.14893 0.43025 0.26664 -0.54948 -0.59119 -0.41064 0.36879 0.97868
0.015131 0.024332 -0.012059 -0.023839 0.061092 -0.079874 0.17342 -0.22434 -0.68176 -0.61219 0.58461 -0.19193 0.12498 -0.85431 0.58979 0.81636 -0.37831 -0.97059 -0.14028 0.74667 0.9932 0.70003 0.13897 -0.45463 -0.87325 -0.99882 -0.83286 -0.28312 0.55687 0.992 0.8213 0.43294 0.064105 -0.11125 -0.21223 -0.47065 -0.70764 -0.87297 -0.97345 -0.98699 -0.80812 -0.27607 0.31185 0.1447 -0.64663 -0.68271 -0.51398 0.26023 0.95106
-0.024564 -0.018418 0.018374 -0.018838 -0.12714 0.055808 0.060487 0.069728 -0.48879 -0.30803 0.79578 -0.54159 0.47559 -0.96099 0.289 0.95345 -0.082746 -0.98158 -0.40474 0.54864 0.98282 0.85012 0.36216 -0.24721 -0.74953 -0.98626 -0.92552 -0.46027 0.39487 0.95734 0.90692 0.5773 0.22503 0.046589 -0.060304 -0.33421 -0.59779 -0.79581 -0.93425 -0.99746 -0.87803 -0.39698 0.18994 0.022081 -0.73309 -0.7635 -0.60911 0.14968 0.91201
0.027394 -0.019043 0.029777 -0.0066583 -0.21345 0.16312 -0.068191 0.32687 -0.15766 0.064539 0.8394 -0.79034 0.74878 -0.93862 -0.041508 0.98986 0.21657 -0.91082 -0.63538 0.31577 0.91151 0.94997 0.56359 -0.030518 -0.59398 -0.93309 -0.98144 -0.61869 0.22168 0.89307 0.96476 0.70388 0.37808 0.20132 0.091132 -0.1921 -0.47682 -0.70382 -0.8779 -0.98989 -0.93204 -0.50991 0.066592 -0.099343 -0.80801 -0.83285 -0.69507 0.038623 0.86243
-0.021375 0.041607 0.0085799 -0.00093403 -0.13307 0.17552 -0.15845 0.45952 0.20981 0.41368 0.71392 -0.89953 0.90708 -0.7951 -0.36282 0.92574 0.49241 -0.76717 -0.81653 0.06491 0.78591 0.99588 0.73377 0.18488 -0.41457 -0.84299 -0.99989 -0.75351 0.043408 0.8023 0.99419 0.80989 0.51961 0.3493 0.23863 -0.047614 -0.34763 -0.59936 -0.80612 -0.96508 -0.96984 -0.61332 -0.056236 -0.21782 -0.87077 -0.89024 -0.77108 -0.071523 0.80331
0.0088525 -0.0038561 -0.029546 0.0061737 0.047767 0.084073 -0.17879 0.43042 0.50911 0.65941 0.45119 -0.85655 0.93212 -0.55325 -0.63949 0.77123 0.72132 -0.56477 -0.93709 -0.18696 0.61551 0.9874 0.86538 0.38913 -0.21985 -0.7209 -0.98157 -0.861 -0.13403 0.68874 0.99544 0.89328 0.64653 0.48729 0.37903 0.096087 -0.21313 -0.48488 -0.72076 -0.92411 -0.99139 -0.70593 -0.17672 -0.33175 -0.92095 -0.93536 -0.83655 -0.17945 0.7357
0.0034908 -0.047907 -0.037568 0.019746 0.19139 -0.059478 -0.12914 0.25967 0.66206 0.7508 0.10726 -0.67455 0.82557 -0.24667 -0.84316 0.54464 0.88537 -0.32146 -0.9909 -0.42383 0.41182 0.92699 0.95344 0.57346 -0.018467 -0.57272 -0.92852 -0.93856 -0.30512 0.55655 0.96951 0.95273 0.75626 0.61248 0.50954 0.23607 -0.07615 -0.36289 -0.62385 -0.86827 -0.99696 -0.78673 -0.29316 -0.43971 -0.95834 -0.96809 -0.89106 -0.28397 0.6607
-0.0080356 0.028331 0.0063375 0.024992 0.19495 -0.17459 -0.035885 0.011827 0.63529 0.67469 -0.2503 -0.38813 0.60723 0.085296 -0.95501 0.26996 0.97321 -0.057126 -0.97679 -0.63162 0.18756 0.8197 0.9954 0.73054 0.18118 -0.40496 -0.84387 -0.98478 -0.46488 0.4102 0.91811 0.98761 0.84682 0.72252 0.62775 0.36965 0.060604 -0.23587 -0.51749 -0.79902 -0.98705 -0.85494 -0.40406 -0.54043 -0.98293 -0.98846 -0.93436 -0.38398 0.5794
0.0014272 0.039783 0.051906 0.0050158 0.061111 -0.19781 0.062218 -0.22955 0.44471 0.45506 -0.5559 -0.046023 0.31072 0.40273 -0.96691 -0.025832 0.98048 0.20802 -0.8982 -0.79887 -0.044177 0.67265 0.99099 0.85468 0.37126 -0.22451 -0.73167 -0.99932 -0.60896 0.2543 0.84351 0.99797 0.91682 0.81556 0.73166 0.49444 0.19459 -0.10627 -0.40381 -0.71796 -0.96237 -0.91002 -0.50807 -0.63283 -0.99486 -0.99668 -0.96634 -0.47852 0.49293
0.011851 -0.044365 0.03278 -0.030774 -0.11241 -0.11633 0.13005 -0.39016 0.1467 0.1446 -0.75748 0.29765 -0.022097 0.66984 -0.88139 -0.3155 0.90958 0.45492 -0.7626 -0.91722 -0.27068 0.49453 0.94212 0.94189 0.5448 -0.038272 -0.59664 -0.9829 -0.73376 0.093422 0.74845 0.98445 0.96542 0.89021 0.81967 0.60836 0.32347 0.023589 -0.28495 -0.6268 -0.92384 -0.95167 -0.604 -0.71601 -0.99445 -0.9931 -0.98705 -0.56675 0.40238
-0.021231 -0.025532 -0.036014 -0.047892 -0.20711 0.027639 0.14787 -0.42664 -0.17972 -0.18887 -0.82447 0.59192 -0.3473 0.85866 -0.71049 -0.57399 0.76892 0.66696 -0.58065 -0.98166 -0.48029 0.29499 0.85254 0.98998 0.69587 0.14704 -0.44401 -0.93712 -0.83645 -0.067979 0.63605 0.94823 0.99231 0.94559 0.89064 0.70967 0.44514 0.1515 -0.163 -0.52729 -0.8725 -0.97979 -0.6909 -0.78924 -0.98215 -0.97818 -0.99667 -0.64795 0.30885
0.017506 0.049863 -0.065677 -0.02151 -0.16414 0.16103 0.11547 -0.33617 -0.45436 -0.47747 -0.75117 0.7962 -0.6246 0.95152 -0.47376 -0.78042 0.57173 0.83092 -0.36526 -0.99054 -0.6629 0.084159 0.7276 0.99846 0.81975 0.32516 -0.27924 -0.86441 -0.91497 -0.2257 0.50967 0.89095 0.9977 0.98126 0.9438 0.79699 0.55776 0.27544 -0.039989 -0.42121 -0.80956 -0.99448 -0.76794 -0.85198 -0.95854 -0.9525 -0.99549 -0.72151 0.21338
-0.0010673 0.012044 -0.010582 0.032735 -0.017263 0.21792 0.049036 -0.15293 -0.61503 -0.66672 -0.55548 0.88518 -0.82205 0.94211 -0.19582 -0.91953 0.33473 0.93761 -0.13062 -0.94537 -0.81039 -0.12794 0.57378 0.9684 0.91296 0.49041 -0.10786 -0.76781 -0.96808 -0.3759 0.3728 0.81464 0.98223 0.99721 0.97879 0.86925 0.65974 0.39355 0.082174 -0.31035 -0.7363 -0.99603 -0.8345 -0.90383 -0.92428 -0.91672 -0.9839 -0.78696 0.11699
-0.016615 -0.047144 0.064409 0.067499 0.13663 0.17125 -0.026802 0.065582 -0.63031 -0.72487 -0.27398 0.8511 -0.91919 0.83516 0.0964 -0.98246 0.076511 0.98215 0.10879 -0.8505 -0.91682 -0.33181 0.39844 0.90233 0.97334 0.63789 0.064723 -0.65091 -0.99529 -0.51513 0.22898 0.72165 0.94696 0.99383 0.99561 0.92573 0.74978 0.50418 0.2017 -0.19644 -0.65408 -0.98489 -0.89015 -0.94457 -0.88015 -0.87161 -0.9624 -0.84392 0.020634
0.021729 -0.0025043 0.063343 0.046568 0.203 0.043603 -0.088051 0.25705 -0.50385 -0.64683 0.045503 0.7033 -0.9085 0.64513 0.37627 -0.96698 -0.18388 0.96395 0.33905 -0.71265 -0.97861 -0.51887 0.20934 0.80395 1 0.76356 0.23337 -0.51763 -0.9968 -0.64042 0.081724 0.61453 0.89331 0.97187 0.9946 0.96602 0.82684 0.60591 0.31693 -0.081187 -0.56431 -0.96165 -0.93457 -0.97411 -0.82698 -0.81796 -0.93156 -0.89214 -0.07478
-0.01096 0.039471 -0.017208 -0.019088 0.14657 -0.10587 -0.11846 0.37178 -0.2703 -0.45281 0.35233 0.46559 -0.79522 0.39386 0.61981 -0.8771 -0.42837 0.88637 0.54757 -0.54036 -0.99446 -0.68177 0.014353 0.67795 0.99323 0.86431 0.39338 -0.37212 -0.97348 -0.74933 -0.065608 0.49602 0.82297 0.93239 0.9764 0.99004 0.89018 0.69753 0.42638 0.033814 -0.46841 -0.92701 -0.96766 -0.99253 -0.76567 -0.75663 -0.89201 -0.93146 -0.16841
-0.0040769 -0.0029897 -0.08141 -0.07707 0.0066327 -0.21013 -0.11294 0.38457 0.01508 -0.18242 0.60096 0.17192 -0.5957 0.10789 0.80758 -0.72227 -0.64104 0.75621 0.72371 -0.3434 -0.96528 -0.81459 -0.17887 0.52973 0.95442 0.93795 0.54054 -0.21864 -0.92678 -0.83991 -0.20983 0.36892 0.73786 0.87671 0.94193 0.99795 0.93929 0.77806 0.52873 0.14705 -0.36779 -0.8818 -0.98942 -1 -0.69714 -0.68851 -0.84444 -0.96184 -0.25948
0.007644 -0.029452 -0.051409 -0.077057 -0.1325 -0.22421 -0.077056 0.29862 0.28997 0.114 0.75728 -0.13877 -0.3347 -0.18449 0.92594 -0.5162 -0.80899 0.58304 0.85919 -0.1322 -0.89392 -0.91301 -0.3632 0.36516 0.88592 0.98327 0.67127 -0.061383 -0.85863 -0.91077 -0.34801 0.23604 0.64008 0.80638 0.89232 0.99018 0.97393 0.84673 0.62285 0.25711 -0.26388 -0.82691 -1 -0.99682 -0.62235 -0.6145 -0.78958 -0.98329 -0.34728
0.0029308 0.0060777 0.039384 -0.014027 -0.19327 -0.14327 -0.023717 0.14175 0.49859 0.38494 0.80261 -0.42778 -0.042062 -0.45606 0.96773 -0.27558 -0.92298 0.37838 0.94836 0.082744 -0.78495 -0.97431 -0.53224 0.19032 0.79088 0.99993 0.78263 0.095584 -0.77135 -0.96105 -0.47752 0.10016 0.53187 0.72311 0.82891 0.96741 0.9941 0.90298 0.70776 0.36272 -0.15803 -0.7633 -0.99967 -0.9834 -0.54228 -0.53554 -0.72819 -0.99595 -0.43117
-0.012778 0.018884 0.087467 0.065819 -0.14696 -0.0023023 0.031503 -0.043108 0.60235 0.58651 0.73505 -0.66135 0.25086 -0.68306 0.93234 -0.018565 -0.97773 0.15489 0.98827 0.29133 -0.64426 -0.99742 -0.6805 0.011306 0.67311 0.98845 0.87238 0.24843 -0.66761 -0.99037 -0.59604 -0.036055 0.41551 0.62874 0.75317 0.93049 1 0.94649 0.78268 0.46273 -0.051558 -0.69199 -0.98881 -0.96022 -0.45789 -0.45252 -0.66104 -1 -0.51058
0.0060126 -0.0089543 0.03929 0.10088 -0.024402 0.14056 0.07474 -0.20993 0.58594 0.68897 0.56834 -0.81425 0.5145 -0.84707 0.82523 0.23658 -0.97193 -0.074436 0.97864 0.48434 -0.47876 -0.98278 -0.80355 -0.16601 0.53688 0.95011 0.93894 0.39366 -0.55027 -0.99884 -0.70163 -0.17007 0.2933 0.52522 0.66671 0.88044 0.99203 0.97711 0.84701 0.55612 0.054297 -0.61404 -0.96789 -0.92784 -0.37013 -0.36636 -0.58894 -0.9957 -0.58502
0.013406 -0.0093542 -0.051413 0.062077 0.10604 0.22865 0.096913 -0.32081 0.4582 0.68029 0.3287 -0.87202 0.72393 -0.93618 0.65703 0.47276 -0.90803 -0.29702 0.92163 0.65378 -0.29596 -0.9322 -0.89807 -0.33613 0.38675 0.88686 0.98144 0.52813 -0.42237 -0.98699 -0.7927 -0.29953 0.16752 0.41451 0.57121 0.81843 0.97078 0.99488 0.90031 0.64202 0.15836 -0.53049 -0.93746 -0.88691 -0.27996 -0.27794 -0.51267 -0.98337 -0.65407
-0.023155 0.013454 -0.087323 -0.024844 0.17741 0.22885 0.095019 -0.35393 0.24828 0.56655 0.050346 -0.83176 0.86092 -0.94553 0.44234 0.67509 -0.79177 -0.50137 0.82159 0.79311 -0.10367 -0.84874 -0.9619 -0.4941 0.22745 0.80119 0.99966 0.64914 -0.28699 -0.95574 -0.86802 -0.42231 0.040394 0.2986 0.46839 0.74574 0.93697 1 0.9423 0.7197 0.25955 -0.44241 -0.89816 -0.83809 -0.18827 -0.18811 -0.43301 -0.96338 -0.71736
0.0091305 0.0027714 -0.032926 -0.098463 0.15779 0.14274 0.071796 -0.30681 -0.0015939 0.36944 -0.22964 -0.70148 0.91515 -0.87714 0.19833 0.83174 -0.63163 -0.67756 0.68464 0.89748 0.090389 -0.73646 -0.99399 -0.63559 0.063697 0.69606 0.99398 0.75444 -0.1472 -0.90635 -0.92674 -0.53652 -0.08597 0.17945 0.35999 0.66373 0.89147 0.99284 0.97287 0.78854 0.35689 -0.35086 -0.85067 -0.78212 -0.095952 -0.097696 -0.35075 -0.93615 -0.7746
0.014353 -0.020211 0.053201 -0.1063 0.062463 0.0038801 0.034193 -0.19484 -0.24488 0.12169 -0.47622 -0.49842 0.88459 -0.73922 -0.056691 0.93441 -0.43808 -0.81768 0.51825 0.96375 0.27884 -0.60019 -0.9944 -0.75703 -0.099929 0.57477 0.96534 0.84227 -0.0059922 -0.84038 -0.96837 -0.64051 -0.20959 0.058948 0.24774 0.57381 0.83525 0.97388 0.99205 0.8481 0.44946 -0.25687 -0.7957 -0.71973 -0.0038242 -0.0074759 -0.26663 -0.90213 -0.82558
-0.020194 -0.0013816 0.084579 -0.041577 -0.058245 -0.13647 -0.0087117 -0.046099 -0.43934 -0.13865 -0.66055 -0.24643 0.77497 -0.54505 -0.30469 0.97865 -0.22286 -0.91604 0.33082 0.99052 0.45494 -0.44534 -0.96416 -0.8556 -0.2591 0.44083 0.91514 0.91134 0.13376 -0.7596 -0.99274 -0.7329 -0.32862 -0.061085 0.13333 0.47743 0.76936 0.94376 1 0.89803 0.53649 -0.16145 -0.73404 -0.65172 0.087324 0.081812 -0.18137 -0.8618 -0.87012
0.0036877 0.027916 0.034025 0.053166 -0.14633 -0.22871 -0.047807 0.10593 -0.55402 -0.37414 -0.76301 0.026954 0.59876 -0.31149 -0.52909 0.96376 0.0017343 -0.9693 0.13122 0.97805 0.61275 -0.27763 -0.90523 -0.92932 -0.40986 0.29787 0.84522 0.96082 0.2694 -0.66599 -1 -0.8126 -0.44142 -0.17894 0.018379 0.37605 0.69494 0.90318 0.997 0.93813 0.61728 -0.065552 -0.66646 -0.57885 0.17676 0.16948 -0.095678 -0.81567 -0.90813
0.010965 0.0069543 -0.045846 0.11583 -0.16373 -0.2421 -0.075661 0.22989 -0.57342 -0.55314 -0.77479 0.29366 0.37346 -0.057477 -0.71583 0.8926 0.22362 -0.97646 -0.071665 0.92813 0.74731 -0.10289 -0.82028 -0.97698 -0.54865 0.14954 0.75776 0.99035 0.39846 -0.56163 -0.99059 -0.87874 -0.5465 -0.29303 -0.095564 0.27109 0.61315 0.85295 0.98344 0.9683 0.69124 0.029903 -0.59376 -0.50191 0.2638 0.25489 -0.010213 -0.76427 -0.93954
-0.0053358 -0.033065 -0.079812 0.10595 -0.10746 -0.17396 -0.08763 0.30271 -0.49877 -0.65371 -0.69801 0.52788 0.11977 0.19758 -0.85406 0.77116 0.43149 -0.93872 -0.26927 0.84388 0.85477 0.073135 -0.71264 -0.99817 -0.67244 -0.00056544 0.65521 1 0.51875 -0.4487 -0.96522 -0.93077 -0.64259 -0.40192 -0.20705 0.16399 0.52518 0.79394 0.9598 0.98858 0.75789 0.12406 -0.51675 -0.42168 0.34783 0.33746 0.0744 -0.70813 -0.96436
-0.0063481 -0.019222 -0.041072 0.029708 -0.0072524 -0.04878 -0.082328 0.31333 -0.34634 -0.66572 -0.54463 0.70839 -0.14042 0.43529 -0.93665 0.60793 0.61539 -0.85927 -0.45373 0.72954 0.93237 0.24496 -0.58611 -0.9932 -0.77872 -0.14902 0.54019 0.99022 0.62838 -0.32941 -0.9248 -0.96834 -0.72861 -0.5043 -0.31474 0.056083 0.43225 0.72708 0.92667 0.99907 0.81683 0.2161 -0.43623 -0.33892 0.42829 0.41665 0.15758 -0.64781 -0.98265
0.0012473 0.030957 0.030456 -0.065808 0.09086 0.091588 -0.061515 0.26365 -0.1436 -0.59124 -0.33436 0.82023 -0.38588 0.63947 -0.96034 0.41328 0.76706 -0.74299 -0.61812 0.59022 0.97855 0.40755 -0.4448 -0.96303 -0.86554 -0.29262 0.41546 0.96184 0.72572 -0.20595 -0.87047 -0.99137 -0.80368 -0.59904 -0.41742 -0.051318 0.33555 0.65333 0.88468 1 0.86777 0.30531 -0.35299 -0.25439 0.50466 0.492 0.23878 -0.58383 -0.99448
0.012446 0.034396 0.070983 -0.12309 0.14585 0.20241 -0.029515 0.16681 0.07608 -0.44327 -0.091861 0.85561 -0.59777 0.79719 -0.92564 0.19872 0.88028 -0.5961 -0.75668 0.43167 0.99282 0.55639 -0.29304 -0.90925 -0.93152 -0.42844 0.28384 0.91597 0.80948 -0.080483 -0.80349 -1 -0.86715 -0.68517 -0.51399 -0.15699 0.23627 0.57368 0.83454 0.99166 0.91052 0.39099 -0.2678 -0.1688 0.57651 0.56308 0.3175 -0.51676 -1
-0.0071409 -0.018175 0.050033 -0.10895 0.13824 0.25022 0.0076717 0.043619 0.27895 -0.24321 0.15624 0.81406 -0.76086 0.89934 -0.83653 -0.023803 0.95098 -0.4258 -0.86498 0.26001 0.97577 0.68762 -0.13518 -0.83392 -0.97583 -0.55385 0.14812 0.85402 0.87865 0.044919 -0.72528 -0.99456 -0.91852 -0.76187 -0.6035 -0.2598 0.13554 0.48913 0.77698 0.97442 0.94495 0.47254 -0.1814 -0.082849 0.64345 0.62952 0.39329 -0.44712 -0.99937
-0.014726 -0.045173 -0.0089093 -0.032539 0.075739 0.22226 0.043422 -0.082078 0.43596 -0.01752 0.38426 0.70194 -0.86448 0.94104 -0.7 -0.24254 0.97728 -0.23988 -0.93994 0.081462 0.92892 0.79809 0.024458 -0.73955 -0.99818 -0.66661 0.011032 0.7776 0.93255 0.16829 -0.63736 -0.97558 -0.95752 -0.8285 -0.68514 -0.3587 0.034481 0.40069 0.71279 0.94873 0.97104 0.54942 -0.094515 0.00281 0.70516 0.69102 0.46573 -0.37543 -0.99278
0.018077 -0.0040651 -0.055173 0.062093 -0.012865 0.12891 0.071568 -0.18795 0.5266 0.20585 0.57006 0.53135 -0.90299 0.92159 -0.52536 -0.44659 0.95944 -0.046384 -0.97989 -0.097822 0.85466 0.88541 0.18177 -0.62895 -0.99877 -0.76485 -0.12481 0.68852 0.97078 0.28782 -0.54128 -0.94373 -0.98403 -0.88457 -0.75821 -0.45275 -0.065872 0.30932 0.64278 0.91508 0.98882 0.62117 -0.007832 0.087552 0.76136 0.74731 0.53447 -0.30222 -0.98048
0.0067589 0.043605 -0.054952 0.12257 -0.091316 -0.00093378 0.087341 -0.25696 0.54108 0.40091 0.69693 0.31864 -0.87579 0.84423 -0.32358 -0.62635 0.89965 0.14679 -0.98453 -0.272 0.75603 0.94794 0.33289 -0.50518 -0.97829 -0.84709 -0.25695 0.5887 0.99321 0.40181 -0.43867 -0.89986 -0.99812 -0.92975 -0.82217 -0.54109 -0.16453 0.21601 0.56776 0.874 0.99842 0.68736 0.078004 0.17079 0.81184 0.79819 0.59917 -0.22798 -0.9627
-0.022126 0.028131 -0.014527 0.11718 -0.13067 -0.1294 0.088091 -0.27976 0.48082 0.5465 0.75483 0.082784 -0.787 0.71566 -0.10655 -0.77389 0.80186 0.33217 -0.9548 -0.43569 0.63669 0.9848 0.47435 -0.37144 -0.93781 -0.91223 -0.38312 0.48015 1 0.50877 -0.33115 -0.8449 -1 -0.96387 -0.87661 -0.623 -0.26057 0.12168 0.48856 0.82609 1 0.74768 0.16239 0.25199 0.85643 0.84348 0.65958 -0.15318 -0.93973
0.0036428 -0.026321 0.03127 0.050512 -0.1194 -0.22086 0.073658 -0.2555 0.3573 0.6283 0.74082 -0.15643 -0.64486 0.54535 0.11365 -0.88326 0.67139 0.50295 -0.89282 -0.58414 0.50065 0.99585 0.60306 -0.23098 -0.8788 -0.95959 -0.50129 0.36492 0.99152 0.60739 -0.22032 -0.7799 -0.99003 -0.98687 -0.92123 -0.69783 -0.35315 0.027229 0.40601 0.77195 0.99381 0.80184 0.24475 0.33065 0.89503 0.88309 0.71544 -0.07828 -0.91185
0.017197 -0.042393 0.049572 -0.041309 -0.065674 -0.25155 0.046361 -0.19109 0.18966 0.63985 0.65884 -0.38002 -0.4608 0.34477 0.3254 -0.95061 0.51468 0.65325 -0.80169 -0.71329 0.35223 0.9816 0.71641 -0.087057 -0.80301 -0.98884 -0.60968 0.24508 0.96839 0.69652 -0.10775 -0.70597 -0.9687 -0.99884 -0.95588 -0.76507 -0.4415 -0.066493 0.3209 0.7122 0.98014 0.84963 0.32457 0.40632 0.92757 0.91693 0.76656 -0.0037142 -0.87938
-0.0076623 -0.0010722 0.032379 -0.11119 0.0078514 -0.21515 0.010614 -0.099312 0.0015893 0.58267 0.51875 -0.57125 -0.24847 0.12657 0.51813 -0.9742 0.33893 0.77824 -0.6853 -0.81989 0.19586 0.94319 0.81228 0.057195 -0.71244 -1 -0.70675 0.12266 0.93138 0.77523 0.0050388 -0.62431 -0.93659 -1 -0.9805 -0.8243 -0.52495 -0.15868 0.23402 0.64752 0.95931 0.8909 0.40138 0.47858 0.95402 0.94498 0.8128 0.070109 -0.84262
-0.0099041 0.03826 -0.0029839 -0.12538 0.073769 -0.12322 -0.027797 0.0038085 -0.18214 0.46549 0.33509 -0.71676 -0.022637 -0.096244 0.68276 -0.95436 0.15169 0.87424 -0.5482 -0.90153 0.035936 0.88232 0.88905 0.19878 -0.60927 -0.99344 -0.79125 -0.00037758 0.88147 0.84278 0.11662 -0.53611 -0.8944 -0.99066 -0.99515 -0.87519 -0.60287 -0.2486 0.14615 0.57854 0.93171 0.92556 0.47474 0.54707 0.97441 0.96725 0.85404 0.14281 -0.8019
0.0041074 0.025146 -0.030907 -0.079043 0.11006 -0.00096321 -0.062634 0.10181 -0.33888 0.3027 0.12534 -0.8073 0.20181 -0.31109 0.81209 -0.89332 -0.039377 0.93882 -0.39536 -0.95663 -0.12324 0.80113 0.94563 0.3349 -0.49583 -0.9698 -0.86219 -0.12215 0.81974 0.89861 0.22563 -0.44262 -0.84291 -0.97125 -1 -0.91752 -0.67475 -0.33555 0.058025 0.50592 0.89775 0.95357 0.54427 0.61147 0.9888 0.98379 0.89019 0.21402 -0.75756
0.006473 -0.017624 -0.035961 0.0035575 0.10701 0.12006 -0.088206 0.18035 -0.4507 0.11253 -0.091715 -0.83816 0.41087 -0.50647 0.90101 -0.79497 -0.22688 0.97072 -0.23197 -0.98447 -0.27763 0.70214 0.98142 0.46302 -0.37452 -0.93002 -0.91886 -0.2409 0.74743 0.94236 0.33082 -0.34506 -0.78296 -0.94226 -0.99529 -0.95117 -0.74016 -0.4189 -0.029665 0.43033 0.85785 0.97494 0.60963 0.6715 0.99729 0.99467 0.92122 0.28341 -0.70994
0.0027433 -0.033099 -0.019981 0.082646 0.069063 0.21022 -0.10027 0.22915 -0.5062 -0.085166 -0.29774 -0.80914 0.59222 -0.67252 0.94658 -0.66458 -0.40392 0.96989 -0.063329 -0.98511 -0.42349 0.58816 0.99628 0.5809 -0.24776 -0.87525 -0.96081 -0.35498 0.66581 0.97383 0.43106 -0.24466 -0.71542 -0.90427 -0.98135 -0.97609 -0.79871 -0.4981 -0.11625 0.3524 0.81247 0.98973 0.67054 0.72692 1 1 0.9471 0.35069 -0.65936
-0.008162 -0.0065811 0.0036733 0.12245 0.011641 0.24887 -0.096681 0.24307 -0.50135 -0.27092 -0.47629 -0.72427 0.73584 -0.80146 0.94804 -0.50849 -0.56435 0.93736 0.10541 -0.95937 -0.55752 0.46222 0.99056 0.68659 -0.11795 -0.80683 -0.98784 -0.46293 0.57628 0.993 0.52531 -0.1426 -0.64124 -0.85793 -0.9586 -0.99232 -0.85015 -0.57263 -0.20112 0.27277 0.7621 0.99804 0.72674 0.77754 0.99709 0.99992 0.96786 0.41556 -0.60617
-0.0085095 0.023006 0.021129 0.10701 -0.045165 0.22859 -0.07775 0.22237 -0.4393 -0.42755 -0.61408 -0.5912 0.8345 -0.88781 0.90671 -0.33374 -0.70293 0.87514 0.26935 -0.90872 -0.67684 0.32745 0.96498 0.77848 0.012572 -0.72628 -1 -0.56341 0.48021 1 0.61268 -0.04004 -0.56137 -0.80394 -0.9275 -1 -0.89424 -0.64206 -0.28369 0.19204 0.70722 1 0.77803 0.82321 0.98875 0.9946 0.98355 0.47778 -0.55069
0.012484 0.019889 0.025638 0.045641 -0.083592 0.15602 -0.046158 0.17211 -0.32951 -0.54157 -0.70171 -0.42044 0.88392 -0.92855 0.82572 -0.1478 -0.81543 0.78609 0.42394 -0.83522 -0.77907 0.18703 0.92064 0.85531 0.14157 -0.63522 -0.99755 -0.65529 0.37905 0.99512 0.69239 0.061923 -0.47677 -0.74302 -0.88858 -0.9993 -0.93087 -0.706 -0.36343 0.11082 0.64832 0.9958 0.82425 0.8638 0.97518 0.98421 0.99423 0.53713 -0.49326
0.011445 -0.0057322 0.018402 -0.033205 -0.093501 0.049322 -0.0065418 0.10097 -0.18613 -0.6042 -0.73422 -0.22444 0.88289 -0.92307 0.70983 0.041825 -0.89879 0.67378 0.56515 -0.74142 -0.86237 0.044094 0.85897 0.91615 0.26695 -0.53537 -0.98097 -0.73757 0.2742 0.97876 0.76379 0.16225 -0.38841 -0.67595 -0.8424 -0.99048 -0.95996 -0.76416 -0.43985 0.029654 0.58591 0.98564 0.86527 0.89925 0.95661 0.96896 1 0.5934 -0.4342
