-0.0021734 -0.012479 0.017441 -0.03637 -0.028767 0.11028 -0.058549 0.050986 -0.15419 0.030848 -0.40649 0.0015519 -0.2233 -0.80457 0.68981 -0.65145 0.5612 -0.56261 0.70858 -0.85408 0.60844 0.21073 -0.86163 0.30307 0.77431 -0.43396 -0.79474 0.24442 0.89332 0.37606 -0.54004 -0.90017 -0.49648 0.25948 0.82774 0.84356 0.29655 -0.49033 -0.91823 -0.58464 0.19511 0.77931 0.92242 0.69048 0.2468 -0.25569 -0.66459 -0.89892 -0.91565
0.015064 -0.036347 -0.0048246 0.0058709 0.071823 -0.16658 0.053975 0.048693 -0.22932 0.15957 -0.52027 -0.64631 -0.7268 0.37841 -0.0068802 0.16939 -0.22313 0.37632 -0.67111 0.8783 -0.50044 -0.46876 0.8508 0.16142 -0.88411 -0.18875 0.84727 0.52431 -0.497 -0.90924 -0.40647 0.41614 0.89578 0.77085 0.17948 -0.51952 -0.91646 -0.73343 -0.0060764 0.7381 0.92037 0.54922 -0.033426 -0.54667 -0.86419 -0.94125 -0.79004 -0.4673 -0.04719
-0.014103 -0.014618 -0.052825 0.047747 -0.0047232 0.15392 0.29497 0.078861 -0.27514 0.37155 0.0030568 -0.12693 0.58155 0.32669 -0.50731 0.16485 0.065372 -0.37239 0.75406 -0.84896 0.16307 0.79421 -0.5266 -0.71926 0.49439 0.81853 -0.19111 -0.90593 -0.49246 0.40867 0.90878 0.69657 0.038609 -0.61428 -0.9275 -0.74867 -0.16387 0.55315 0.93476 0.65632 -0.04995 -0.65653 -0.9308 -0.87976 -0.59979 -0.18614 0.24484 0.61701 0.86721
-0.012415 0.00097655 0.021859 -0.076118 -0.044172 0.12879 0.33992 0.087356 -0.18873 0.22753 0.61614 0.70886 0.019528 -0.71769 0.7352 -0.27943 -0.1125 0.53986 -0.87688 0.63175 0.37342 -0.87296 -0.17618 0.87119 0.37031 -0.72514 -0.7404 0.20538 0.883 0.71466 -0.007831 -0.68291 -0.9279 -0.68607 -0.1188 0.50801 0.901 0.83042 0.24207 -0.51927 -0.9269 -0.8341 -0.43839 0.040844 0.47521 0.7928 0.94093 0.91778 0.73534
0.021018 0.0005232 -0.023207 -0.028157 0.085364 -0.096916 0.36588 -0.0089501 0.19043 -0.40183 -0.30025 -0.63079 -0.46321 0.8519 -0.79287 0.19751 0.34405 -0.78829 0.84151 -0.097317 -0.8479 0.38081 0.84017 -0.205 -0.91095 -0.2687 0.72323 0.8335 0.11922 -0.65418 -0.92654 -0.62892 -0.022831 0.56603 0.90732 0.86523 0.44413 -0.22775 -0.81097 -0.9097 -0.48003 0.11868 0.60913 0.88461 0.94952 0.82874 0.57227 0.2298 -0.14697
-0.021907 0.040159 -0.054721 0.050928 0.02825 -0.17957 0.51915 -0.23304 0.4183 -0.1171 -0.27023 0.31014 0.6695 -0.88299 0.73612 0.074832 -0.68252 0.90406 -0.42057 -0.60712 0.75564 0.51986 -0.67647 -0.76043 0.26002 0.91428 0.45032 -0.47298 -0.92408 -0.66598 -0.0042914 0.61607 0.9205 0.83932 0.44149 -0.1289 -0.66427 -0.94155 -0.74054 -0.11019 0.55109 0.90244 0.92872 0.73131 0.40793 0.024671 -0.33992 -0.64734 -0.86204
-0.021549 -0.029316 0.054444 -0.0020207 -0.16219 -0.1696 0.67721 -0.24814 -0.25199 0.51259 0.60982 -0.058662 -0.72673 0.86169 -0.52408 -0.4968 0.91311 -0.5998 -0.35508 0.90404 0.097121 -0.89656 -0.37795 0.67693 0.82574 -0.022329 -0.82827 -0.80408 -0.14178 0.57215 0.92217 0.81174 0.37784 -0.17009 -0.656 -0.92433 -0.872 -0.45349 0.2174 0.79236 0.94439 0.71045 0.30009 -0.12459 -0.49287 -0.77078 -0.92437 -0.9542 -0.86172
-0.026635 -0.022186 0.040939 -0.018394 -0.18657 -0.11617 0.34743 0.26313 -0.29166 -0.55293 -0.72709 -0.036784 0.67716 -0.73127 0.090705 0.87681 -0.70919 -0.17938 0.90934 -0.26999 -0.89159 0.055855 0.89877 0.53551 -0.4555 -0.92465 -0.46444 0.37639 0.88961 0.84022 0.37258 -0.21796 -0.69488 -0.92763 -0.88121 -0.5637 -0.052926 0.52677 0.91373 0.85784 0.40357 -0.13785 -0.57386 -0.84119 -0.95283 -0.92501 -0.78239 -0.55066 -0.25501
-0.0052531 -0.051228 -0.015497 -0.044872 -0.14649 -0.017623 -0.59722 0.21411 0.57103 0.42484 0.75755 -0.028692 -0.48621 0.38522 0.50709 -0.85129 -0.050836 0.87734 -0.49875 -0.75059 0.43419 0.90335 0.12967 -0.76715 -0.82405 -0.067411 0.73113 0.91341 0.49332 -0.15906 -0.69722 -0.93322 -0.85593 -0.54203 -0.085491 0.40402 0.7962 0.95133 0.71911 0.14307 -0.46759 -0.84002 -0.95806 -0.88854 -0.69763 -0.42353 -0.1186 0.19287 0.48458
0.005426 -0.0072803 -0.049483 -0.091719 -0.13849 0.061487 -0.57026 -0.48303 -0.54755 -0.30702 -0.77891 0.24637 0.097358 0.20307 -0.94197 0.17882 0.83998 -0.62184 -0.59764 0.68995 0.75505 -0.25676 -0.92009 -0.57676 0.31651 0.90128 0.73596 0.056967 -0.60194 -0.9243 -0.85448 -0.50519 -0.034429 0.42029 0.77428 0.94549 0.87511 0.51632 -0.077858 -0.66119 -0.94429 -0.89359 -0.64842 -0.33083 0.0012789 0.32161 0.58809 0.79288 0.92261
-0.02199 0.031428 0.072113 -0.028899 -0.15874 -0.0029603 0.82598 0.39518 0.41781 0.27785 0.78487 -0.56878 0.44858 -0.79999 0.72897 0.73102 -0.70548 -0.4911 0.81867 0.54347 -0.56949 -0.90549 -0.22935 0.63339 0.92521 0.46234 -0.32947 -0.86192 -0.89996 -0.55054 -0.029068 0.45819 0.79834 0.94434 0.89175 0.63952 0.22097 -0.31346 -0.78635 -0.95656 -0.74971 -0.35427 0.059062 0.40452 0.6702 0.85564 0.94915 0.95825 0.8841
0.020053 -0.068807 0.05191 0.042782 -0.14485 -0.05213 -0.10642 -0.1615 -0.32418 -0.35589 -0.69832 0.84364 -0.88514 0.89878 0.19713 -0.84834 -0.40269 0.87882 0.36923 -0.77134 -0.77095 0.11725 0.85238 0.81817 0.14179 -0.61689 -0.94207 -0.69833 -0.14726 0.41484 0.80311 0.94655 0.86909 0.62636 0.26611 -0.15927 -0.57504 -0.88895 -0.93341 -0.61997 -0.098291 0.37321 0.7041 0.88961 0.96196 0.9394 0.83924 0.67456 0.45523
0.0033757 0.014935 -0.12936 0.052701 -0.056701 0.12384 -0.61757 -0.043591 0.32423 0.52232 0.41117 -0.80571 0.78078 -0.17939 -0.95763 -0.18851 0.91829 0.25732 -0.86855 -0.5846 0.42305 0.93741 0.59387 -0.18786 -0.82043 -0.89303 -0.42287 0.23895 0.73951 0.94379 0.86369 0.58842 0.21574 -0.17352 -0.53611 -0.81638 -0.9542 -0.87258 -0.50434 0.064851 0.58183 0.87253 0.96403 0.92061 0.7917 0.59827 0.37268 0.12409 -0.13595
-0.012068 -0.0315 -0.076257 -0.014708 0.022673 -0.056365 0.94821 0.15771 -0.42739 -0.70314 0.11134 0.26024 0.016033 -0.7912 0.46699 0.96562 0.15855 -0.91381 -0.43015 0.64529 0.91165 0.31729 -0.50259 -0.9284 -0.75451 -0.13739 0.53786 0.91013 0.90059 0.61574 0.19688 -0.22458 -0.57715 -0.82221 -0.94863 -0.92763 -0.73952 -0.35244 0.18579 0.68851 0.94286 0.93333 0.77123 0.54613 0.29549 0.030191 -0.21824 -0.44874 -0.6527
0.012744 0.070409 -0.0095318 -0.1268 0.04112 -0.1227 -0.99204 -0.16965 0.60437 0.74819 -0.67816 0.56112 -0.85825 0.7801 0.75229 -0.085151 -0.94442 -0.3267 0.76928 0.81493 0.023885 -0.73493 -0.93107 -0.54067 0.15243 0.74247 0.9482 0.73033 0.28404 -0.19894 -0.59783 -0.84892 -0.95096 -0.91987 -0.7688 -0.49896 -0.12706 0.3317 0.75651 0.96086 0.86249 0.58786 0.26721 -0.029148 -0.2921 -0.52486 -0.7077 -0.84632 -0.93643
-0.0014598 -0.040726 -0.029383 -0.16274 0.082952 0.27746 0.94501 0.071842 -0.76587 -0.48103 0.84853 -0.9048 0.68031 0.38915 -0.71589 -0.96706 -0.22411 0.83719 0.71326 -0.23137 -0.88329 -0.83576 -0.25641 0.42821 0.8817 0.8949 0.50663 -0.050274 -0.53447 -0.84144 -0.95348 -0.89925 -0.7268 -0.47877 -0.1717 0.17467 0.52522 0.83257 0.96425 0.80992 0.43196 0.026279 -0.31622 -0.57022 -0.75492 -0.88381 -0.95283 -0.97008 -0.93477
0.026022 -0.051058 -0.081951 -0.036217 -0.080447 -0.34938 -0.92332 0.14329 0.75228 -0.12113 -0.28894 0.21774 0.47289 -0.94266 -0.65572 0.037903 0.8936 0.6346 -0.40131 -0.94667 -0.66564 0.033734 0.67767 0.94666 0.77513 0.27051 -0.33044 -0.76869 -0.94796 -0.90228 -0.69919 -0.41609 -0.1047 0.19925 0.48923 0.74002 0.91571 0.95691 0.76998 0.34957 -0.14189 -0.522 -0.76861 -0.90388 -0.96368 -0.96408 -0.91481 -0.82179 -0.68602
0.013818 0.0031288 -0.10838 0.045378 -0.094578 0.36386 0.95498 -0.4487 -0.40513 0.71888 -0.62404 0.79696 -0.90761 -0.208 0.71012 0.97291 0.54276 -0.51124 -0.95307 -0.46715 0.312 0.84768 0.9245 0.59095 0.016544 -0.54854 -0.89882 -0.93512 -0.73592 -0.41379 -0.054496 0.27403 0.54828 0.75671 0.90287 0.96448 0.9157 0.7032 0.29732 -0.21643 -0.6451 -0.87999 -0.96573 -0.95721 -0.89144 -0.7797 -0.6404 -0.47434 -0.28292
-0.0015315 0.031083 -0.049661 -0.035564 0.26075 -0.36931 -1 0.73062 -0.24393 -0.71913 0.83051 -0.6498 -0.23881 0.95831 0.76799 0.28754 -0.62119 -0.94084 -0.30378 0.53772 0.93931 0.81938 0.33577 -0.24615 -0.7328 -0.94812 -0.84557 -0.50841 -0.097259 0.28711 0.5962 0.8052 0.92362 0.96214 0.92643 0.8009 0.57342 0.20931 -0.25767 -0.69061 -0.93014 -0.96533 -0.8838 -0.75117 -0.59265 -0.4104 -0.22554 -0.033289 0.1654
0.058096 0.12387 0.11542 0.098377 -0.31842 0.40171 0.96317 -0.77698 0.80115 -0.066333 0.11073 -0.58452 0.94506 0.31041 -0.47855 -0.83082 -0.90837 -0.1781 0.68181 0.95504 0.64445 0.062882 -0.51286 -0.87186 -0.94151 -0.71094 -0.27428 0.19664 0.57242 0.81878 0.94045 0.95636 0.89436 0.77491 0.59795 0.35556 0.048349 -0.33373 -0.71185 -0.94331 -0.94305 -0.7886 -0.57867 -0.36916 -0.16662 0.03647 0.22131 0.39683 0.56255
-0.011371 0.13691 0.24088 0.0048022 0.29018 -0.47425 -0.72301 0.39612 -0.6917 0.82458 -0.91674 0.78125 0.27494 -0.88023 -0.96092 -0.76062 -0.030275 0.77675 0.92552 0.43915 -0.21478 -0.72473 -0.95074 -0.87017 -0.5332 -0.051962 0.43315 0.77492 0.93709 0.95288 0.86288 0.70949 0.51956 0.3106 0.074138 -0.19019 -0.47221 -0.7573 -0.94782 -0.93258 -0.71348 -0.4255 -0.1499 0.080616 0.27839 0.45817 0.60673 0.7346 0.84137
0.049484 0.097093 0.093278 -0.22831 -0.23812 0.57074 0.2131 0.32301 -0.16621 -0.45973 0.1839 0.5495 -0.8982 -0.63127 -0.04153 0.301 0.86739 0.88103 0.2623 -0.45489 -0.8761 -0.9462 -0.71681 -0.31003 0.18021 0.61502 0.89376 0.95956 0.8652 0.67744 0.44316 0.20418 -0.026463 -0.24127 -0.45418 -0.6586 -0.83844 -0.95923 -0.92976 -0.69245 -0.32495 0.019194 0.29454 0.49646 0.65142 0.77712 0.86743 0.93163 0.96892
-0.024895 0.069038 -0.14575 0.3712 0.21245 -0.63536 0.45065 -0.8496 0.88061 -0.64165 0.90436 -0.74085 -0.5428 0.56659 0.91881 0.98018 0.80226 0.11331 -0.62057 -0.95279 -0.86063 -0.5069 -0.032251 0.4163 0.77275 0.94733 0.9146 0.71183 0.43575 0.14689 -0.12473 -0.35404 -0.54452 -0.69902 -0.83089 -0.9278 -0.97115 -0.91439 -0.69165 -0.30469 0.11907 0.44314 0.66414 0.80298 0.89271 0.94953 0.97427 0.97277 0.94335
-0.05973 0.036918 -0.045202 -0.35754 -0.24309 0.57318 -0.90805 0.56565 -0.4227 0.68472 -0.21666 -0.70792 0.66599 0.95638 0.71721 0.55119 -0.069482 -0.73981 -0.96662 -0.71606 -0.24849 0.24312 0.65099 0.89396 0.95675 0.82433 0.53449 0.18117 -0.14617 -0.4184 -0.63095 -0.78021 -0.88095 -0.94232 -0.97115 -0.95133 -0.86462 -0.66144 -0.31132 0.1321 0.52303 0.76742 0.89978 0.95903 0.97699 0.96463 0.92866 0.87009 0.78621
0.065126 -0.053645 0.027228 0.2416 0.34278 -0.29171 0.74328 0.39852 -0.6993 0.53606 -0.93417 0.5051 0.88627 0.098526 -0.30875 -0.43895 -0.8566 -0.94789 -0.56246 0.015336 0.50567 0.82819 0.96034 0.9081 0.68946 0.34833 -0.049003 -0.40032 -0.65707 -0.82603 -0.92348 -0.96298 -0.96208 -0.9309 -0.86637 -0.75116 -0.56969 -0.27789 0.11779 0.52771 0.81673 0.94605 0.9769 0.95655 0.90913 0.83817 0.75455 0.65415 0.53331
0.018091 -0.1958 -0.019942 -0.10679 -0.50129 -0.19814 0.055892 -0.9018 0.69809 -0.72283 0.011117 0.92751 -0.10491 -0.86326 -0.98161 -0.98559 -0.88491 -0.40997 0.23032 0.71671 0.93866 0.94516 0.77841 0.50043 0.13391 -0.25183 -0.5954 -0.82342 -0.9369 -0.96749 -0.9408 -0.87901 -0.79496 -0.69551 -0.56767 -0.39572 -0.16839 0.14614 0.50973 0.81594 0.96237 0.9662 0.90121 0.81366 0.71591 0.60341 0.48933 0.36501 0.22621
0.054843 -0.22831 0.15961 0.011754 0.66804 0.67486 -0.80512 0.12248 0.55658 -0.60428 0.93867 0.0036454 -0.94831 -0.83837 -0.66137 -0.64142 -0.20318 0.41118 0.8503 0.96871 0.84401 0.58223 0.24038 -0.1096 -0.4576 -0.73984 -0.91904 -0.96771 -0.92526 -0.83087 -0.70772 -0.57814 -0.44611 -0.3133 -0.15969 0.026368 0.25078 0.52898 0.80056 0.96092 0.9532 0.84225 0.70045 0.56557 0.4367 0.30206 0.17533 0.044579 -0.0946
-0.088763 0.0013204 -0.27403 0.01107 -0.7384 -0.75006 0.64366 0.88325 -0.76763 0.60841 0.40333 -0.91561 -0.65601 0.061365 0.26395 0.22537 0.61268 0.93423 0.93437 0.67474 0.32254 -0.042067 -0.38493 -0.65734 -0.86201 -0.95899 -0.93902 -0.81893 -0.65593 -0.48143 -0.30845 -0.15358 -0.011707 0.12049 0.26549 0.42908 0.61152 0.81045 0.95448 0.95588 0.80727 0.60705 0.41491 0.25532 0.11498 -0.023313 -0.14679 -0.26909 -0.39425
-0.047712 0.19409 0.2258 0.057886 0.57801 0.19916 0.32429 -0.4058 -0.58449 0.79854 -0.71576 -0.66911 0.35464 0.88212 0.93898 0.897 0.98355 0.85941 0.48628 0.040489 -0.33623 -0.6297 -0.83769 -0.94576 -0.95912 -0.86658 -0.68047 -0.44863 -0.22572 -0.026671 0.14794 0.28983 0.41056 0.5167 0.62834 0.74468 0.86067 0.95727 0.96305 0.81746 0.55886 0.30284 0.08892 -0.073744 -0.20826 -0.33476 -0.44255 -0.54528 -0.64613
-0.066806 -0.052693 -0.041966 -0.22915 -0.11907 0.61218 -0.8147 -0.83059 0.69208 -0.2775 -0.85239 0.36192 0.9808 0.8845 0.84256 0.90831 0.71117 0.28682 -0.20587 -0.59524 -0.82827 -0.94623 -0.96601 -0.90119 -0.74862 -0.52136 -0.24307 0.02499 0.24487 0.41938 0.55819 0.66102 0.74185 0.80819 0.87376 0.93144 0.97176 0.96213 0.84025 0.57778 0.24986 -0.02667 -0.23589 -0.38353 -0.49885 -0.60234 -0.68609 -0.76224 -0.83275
-0.17217 -0.085481 -0.18261 0.49041 -0.49655 -0.82098 0.055416 0.46514 0.76244 -0.9407 0.097547 0.97836 0.65138 0.1382 0.11723 0.31221 0.019108 -0.42562 -0.77774 -0.94685 -0.9676 -0.89868 -0.75704 -0.57065 -0.32347 -0.043796 0.24278 0.47773 0.64588 0.76343 0.84553 0.89793 0.93298 0.95705 0.975 0.9746 0.94315 0.83891 0.6153 0.27657 -0.077421 -0.34213 -0.52502 -0.6444 -0.73175 -0.80548 -0.86089 -0.90734 -0.94535
-0.13424 0.32662 0.37732 -0.77923 0.87028 0.0255 0.76114 0.86765 -0.42319 -0.29056 0.92001 0.57671 -0.25639 -0.69963 -0.67117 -0.46301 -0.66528 -0.90376 -0.97778 -0.89405 -0.73453 -0.53866 -0.3109 -0.080618 0.17773 0.43032 0.65587 0.81032 0.90018 0.94798 0.96912 0.97273 0.9666 0.95447 0.93167 0.88258 0.79268 0.61599 0.32539 -0.045647 -0.38558 -0.61224 -0.7534 -0.83656 -0.89162 -0.93301 -0.95931 -0.97622 -0.98275
-0.031989 -0.28114 -0.51364 0.96256 -0.59108 0.85961 -0.20866 -0.32738 -0.95258 0.73619 0.70355 -0.3738 -0.92871 -1 -1 -0.94807 -0.9837 -0.94294 -0.75474 -0.49532 -0.24735 -0.013708 0.21526 0.41711 0.61829 0.78762 0.91097 0.96505 0.97241 0.95484 0.92373 0.88924 0.85308 0.81577 0.76398 0.6807 0.55094 0.32935 0.0092659 -0.3526 -0.64533 -0.8154 -0.90597 -0.94986 -0.97222 -0.98214 -0.9813 -0.97136 -0.94982
0.040993 -0.24684 0.58438 -0.86343 -0.2671 -0.51203 -0.7004 -0.95987 -0.093247 0.85147 -0.24694 -0.96856 -0.85488 -0.60132 -0.70866 -0.90395 -0.81311 -0.56584 -0.23685 0.071909 0.30788 0.50021 0.66579 0.79238 0.89782 0.95925 0.96998 0.92884 0.86692 0.79995 0.73299 0.67539 0.62289 0.57288 0.50545 0.40408 0.25461 0.016503 -0.29767 -0.61539 -0.83688 -0.93985 -0.97702 -0.98271 -0.97497 -0.95685 -0.93282 -0.90038 -0.8557
0.1153 0.76136 -0.5808 0.37203 0.91973 -0.67691 0.18461 -0.020862 0.8887 -0.01644 -0.93953 -0.73104 -0.15223 0.17691 -0.019523 -0.40035 -0.27556 0.033997 0.35502 0.59881 0.7519 0.85722 0.92916 0.96542 0.96848 0.92676 0.83991 0.72634 0.61852 0.52343 0.43936 0.37386 0.31786 0.26637 0.19559 0.091161 -0.059276 -0.28813 -0.56652 -0.81398 -0.94993 -0.98272 -0.96873 -0.94037 -0.90722 -0.86617 -0.82399 -0.77434 -0.71227
0.19216 -0.79454 0.4824 0.38589 -0.54126 0.74492 0.67777 0.94952 0.71719 -0.85729 -0.75283 0.082796 0.63922 0.82805 0.6615 0.28089 0.36546 0.6044 0.80664 0.92088 0.96536 0.97618 0.95773 0.91551 0.83469 0.71544 0.56202 0.4075 0.28011 0.17795 0.0937 0.03273 -0.01692 -0.061658 -0.12618 -0.22156 -0.35758 -0.55628 -0.7765 -0.9373 -0.9826 -0.94839 -0.88927 -0.83306 -0.78038 -0.72235 -0.66753 -0.60621 -0.53269
0.15395 0.37632 -0.26304 -0.97438 -0.55757 0.5502 -0.02683 0.53296 -0.32326 -0.81378 0.083913 0.81772 0.99676 0.99086 0.99139 0.81821 0.84275 0.94098 0.98205 0.96014 0.91067 0.84878 0.76618 0.67357 0.54149 0.38036 0.1973 0.033819 -0.08955 -0.1818 -0.25375 -0.30212 -0.33963 -0.37303 -0.42519 -0.50316 -0.61373 -0.76743 -0.91527 -0.98242 -0.93991 -0.84666 -0.75094 -0.67413 -0.60823 -0.53932 -0.47722 -0.4096 -0.33024
-0.031253 0.18551 -0.084841 0.87567 0.92456 -0.81232 -0.63819 -0.61383 -0.98205 0.010247 0.8367 0.96304 0.73772 0.61944 0.84427 0.99756 0.9902 0.94961 0.85149 0.73059 0.62567 0.52691 0.41562 0.30512 0.15743 -0.0097709 -0.18807 -0.33394 -0.43597 -0.50739 -0.56004 -0.59243 -0.61607 -0.63709 -0.67428 -0.73039 -0.80906 -0.90915 -0.97836 -0.95311 -0.83192 -0.69077 -0.56833 -0.47844 -0.40539 -0.33136 -0.26686 -0.19769 -0.1175
0.00826 -0.63967 0.51265 -0.015784 0.096645 -0.57364 -0.22431 -0.95477 -0.57333 0.81329 0.93236 0.46954 0.061947 -0.053865 0.32662 0.77866 0.7839 0.65591 0.47934 0.31614 0.19908 0.098653 -0.008791 -0.10961 -0.24279 -0.38719 -0.53442 -0.64479 -0.71583 -0.76185 -0.79349 -0.81065 -0.82205 -0.83251 -0.85509 -0.88841 -0.93297 -0.97663 -0.96791 -0.85824 -0.67189 -0.49578 -0.35681 -0.26095 -0.18622 -0.11211 -0.049289 0.017441 0.094286
0.60924 0.90163 -0.88534 -0.89412 -0.98975 0.75809 0.48392 -0.122 0.41288 0.91127 0.35161 -0.30472 -0.63071 -0.68437 -0.31328 0.27687 0.32279 0.174 -0.012405 -0.16476 -0.26048 -0.33807 -0.41973 -0.49361 -0.59254 -0.6959 -0.79639 -0.86285 -0.90056 -0.92211 -0.93523 -0.94088 -0.944 -0.94762 -0.95816 -0.97051 -0.98223 -0.97153 -0.89126 -0.71003 -0.47471 -0.27709 -0.1313 -0.035767 0.036092 0.10617 0.16412 0.22532 0.29556
0.91389 -1 1 0.8609 0.19221 0.73724 0.47105 0.84253 0.98765 0.27552 -0.45718 -0.88322 -0.98587 -0.994 -0.81299 -0.30821 -0.22696 -0.34402 -0.48782 -0.59458 -0.65257 -0.69748 -0.74474 -0.78602 -0.84262 -0.89795 -0.94659 -0.96924 -0.97707 -0.97902 -0.97884 -0.97833 -0.97824 -0.97962 -0.98195 -0.97705 -0.95982 -0.90061 -0.7593 -0.5225 -0.25549 -0.049312 0.0946 0.18462 0.25009 0.31304 0.36386 0.41735 0.47864
-0.15614 0.99507 -0.69211 0.19464 0.96735 -0.54348 -0.15375 0.8719 0.65741 -0.55854 -0.95531 -0.96126 -0.86024 -0.87882 -0.99873 -0.77662 -0.69553 -0.75731 -0.83381 -0.88354 -0.90453 -0.92027 -0.93632 -0.94913 -0.96549 -0.97541 -0.9759 -0.96117 -0.94636 -0.93566 -0.92861 -0.92764 -0.92946 -0.93313 -0.93154 -0.91412 -0.87352 -0.77422 -0.58503 -0.31018 -0.02852 0.17447 0.30921 0.38976 0.44639 0.50012 0.54243 0.58687 0.63776
-1 -0.93234 0.0073572 -1 -0.27806 -0.9459 -0.53697 -0.002391 -0.23068 -0.97828 -0.86317 -0.53715 -0.34927 -0.41911 -0.83146 -0.99231 -0.95916 -0.97093 -0.98264 -0.98379 -0.98063 -0.97945 -0.97527 -0.96991 -0.95521 -0.92906 -0.89111 -0.84924 -0.82069 -0.80475 -0.79706 -0.80064 -0.80865 -0.8184 -0.8169 -0.79197 -0.73437 -0.60488 -0.38227 -0.087019 0.19347 0.38323 0.50307 0.57141 0.61775 0.6611 0.69431 0.72914 0.76894
0.066817 0.83093 0.69581 0.40586 -0.9724 0.1078 -0.26069 -0.86094 -0.91607 -0.72865 -0.27815 0.14119 0.29792 0.18517 -0.39529 -0.91264 -0.96534 -0.95073 -0.91866 -0.89136 -0.88187 -0.87891 -0.8684 -0.85732 -0.82417 -0.77472 -0.71114 -0.65371 -0.62016 -0.6055 -0.60225 -0.61395 -0.63103 -0.64938 -0.65121 -0.62343 -0.55532 -0.40603 -0.16461 0.13434 0.39976 0.56826 0.66907 0.7236 0.7591 0.79173 0.8159 0.84118 0.86986
0.54519 -0.69021 -0.90231 0.78273 0.18005 1 0.27969 -0.90609 -0.88637 -0.017439 0.44505 0.73829 0.80921 0.7088 0.15205 -0.5835 -0.73331 -0.72013 -0.67205 -0.6389 -0.63906 -0.64715 -0.64277 -0.63699 -0.59814 -0.53861 -0.46263 -0.40054 -0.36925 -0.36062 -0.36508 -0.38664 -0.414 -0.442 -0.4493 -0.42256 -0.34998 -0.191 0.055381 0.34308 0.58193 0.72317 0.80237 0.84252 0.86734 0.88957 0.90531 0.9216 0.93967
-0.19084 0.505 0.37846 -0.69987 1 0.49854 0.47841 -0.15335 -0.2137 0.69104 0.92455 0.99748 1 0.98315 0.64042 -0.11092 -0.33642 -0.34457 -0.30447 -0.28301 -0.30224 -0.32838 -0.33808 -0.34478 -0.31058 -0.25236 -0.17567 -0.11773 -0.093704 -0.093612 -0.10701 -0.1383 -0.17542 -0.2126 -0.22631 -0.20352 -0.13166 0.027799 0.26672 0.53047 0.73382 0.84385 0.90023 0.92626 0.94117 0.95383 0.9621 0.97035 0.9787
0.0038564 -0.28199 0.4609 -0.55401 0.091301 -0.65614 0.18327 0.71373 0.59287 0.99001 0.94522 0.83639 0.82623 0.94106 0.9385 0.37687 0.12446 0.089684 0.10823 0.10978 0.07076 0.026788 0.00094372 -0.020449 0.0025719 0.051357 0.11993 0.16774 0.18208 0.17336 0.15175 0.11262 0.067758 0.023213 0.0033306 0.02041 0.087386 0.23939 0.4603 0.68996 0.85149 0.92822 0.96176 0.9746 0.98077 0.98506 0.98709 0.98849 0.9883
-0.10478 0.05248 -0.79057 0.78092 -0.95482 -0.97585 -0.25716 1 0.9969 0.7457 0.53132 0.35018 0.3753 0.61967 0.98265 0.76454 0.54783 0.49619 0.49218 0.47573 0.42433 0.36944 0.33116 0.29777 0.30739 0.34242 0.39743 0.43217 0.43687 0.42102 0.3936 0.34987 0.30052 0.2515 0.22672 0.23738 0.29648 0.43458 0.62905 0.81711 0.93299 0.97598 0.98765 0.9887 0.98758 0.98492 0.98208 0.97794 0.97057
0.078388 0.12841 0.23901 0.44689 -0.49294 -0.12803 -0.42536 0.53002 0.77636 0.1224 -0.10472 -0.25519 -0.1857 0.1315 0.78159 0.97392 0.85264 0.80459 0.78765 0.76325 0.71266 0.65852 0.61601 0.57721 0.57514 0.59575 0.63511 0.65663 0.65374 0.63399 0.60436 0.56019 0.51042 0.46057 0.43296 0.43746 0.48682 0.60617 0.76792 0.90946 0.9781 0.9883 0.97982 0.97081 0.96398 0.9559 0.94959 0.9413 0.92816
0.085959 -0.2046 0.54018 -0.75002 0.69354 0.85296 -0.21563 -0.30845 0.10482 -0.5483 -0.68352 -0.75642 -0.67627 -0.37968 0.40172 0.97468 0.99069 0.97025 0.95625 0.93842 0.90421 0.86456 0.82852 0.79329 0.78421 0.79278 0.81728 0.82768 0.82068 0.80117 0.77361 0.73365 0.6879 0.64123 0.61343 0.6128 0.65157 0.7489 0.87378 0.96627 0.98807 0.96755 0.94118 0.924 0.91308 0.90112 0.89268 0.88157 0.8641
-0.1848 0.15903 -0.55528 -0.47004 0.87039 0.89766 0.1474 -0.92097 -0.61113 -0.95155 -0.98188 -0.99268 -0.95883 -0.78197 -0.058169 0.78247 0.94999 0.97742 0.98315 0.9867 0.98329 0.97118 0.9527 0.93065 0.921 0.92198 0.93456 0.93745 0.9306 0.91584 0.8948 0.86365 0.82637 0.78693 0.76184 0.75769 0.78594 0.8594 0.94524 0.98825 0.96527 0.91696 0.87531 0.85191 0.83843 0.82406 0.81474 0.80206 0.78161
0.15588 -0.044648 -0.17641 0.63814 -0.13448 0.018838 0.36062 -0.92789 -0.98849 -0.92797 -0.90861 -0.90787 -0.9707 -0.98627 -0.49419 0.44802 0.75077 0.83687 0.87527 0.91156 0.94936 0.97472 0.98324 0.98303 0.97971 0.97861 0.98352 0.98331 0.98101 0.97529 0.96495 0.94682 0.92207 0.89366 0.87418 0.86849 0.88697 0.93602 0.98238 0.97732 0.91293 0.84036 0.78623 0.7585 0.74387 0.72843 0.71932 0.70619 0.68402
-0.074439 -0.034089 0.5575 0.57891 -0.93961 -0.86232 0.28884 -0.36656 -0.86042 -0.51687 -0.51606 -0.55084 -0.72857 -0.96032 -0.82002 0.041843 0.4367 0.57979 0.65666 0.73107 0.81445 0.88249 0.92434 0.95236 0.9616 0.964 0.96597 0.96714 0.97339 0.98039 0.98425 0.98259 0.97379 0.95968 0.94854 0.94342 0.95342 0.9786 0.98654 0.93632 0.83489 0.74196 0.67819 0.64788 0.63333 0.61798 0.61 0.59737 0.5746
0.017015 0.0019892 -0.044853 -0.42719 -0.56508 -0.92164 0.024306 0.39629 -0.3233 0.091333 0.041069 -0.043893 -0.31127 -0.72659 -0.98122 -0.36161 0.064032 0.24996 0.36252 0.47328 0.59986 0.7102 0.78767 0.84719 0.87366 0.88439 0.88794 0.89451 0.91246 0.9349 0.95552 0.97283 0.98255 0.98529 0.98482 0.98238 0.98553 0.98826 0.96005 0.86874 0.73533 0.62611 0.55546 0.52415 0.51071 0.49642 0.49028 0.47893 0.45652
-0.0035842 0.10085 -0.45469 -0.69018 0.4627 -0.1598 -0.22784 0.92276 0.34948 0.65256 0.5728 0.46347 0.16966 -0.34858 -0.96037 -0.69719 -0.30902 -0.1044 0.032982 0.17138 0.33233 0.4791 0.59014 0.68095 0.72718 0.74974 0.75859 0.77365 0.80536 0.84478 0.88361 0.92129 0.95111 0.97244 0.98447 0.98662 0.98473 0.9671 0.90597 0.77848 0.61858 0.49716 0.42224 0.39127 0.37973 0.36727 0.36348 0.35402 0.33274
0.015674 -0.1337 0.11654 0.10328 0.93897 0.72135 -0.30931 0.95014 0.85611 0.96738 0.91878 0.83898 0.60118 0.088836 -0.77423 -0.91807 -0.63103 -0.43762 -0.2925 -0.14073 0.040509 0.21309 0.35159 0.47004 0.53616 0.57238 0.58912 0.61459 0.66083 0.71753 0.77485 0.83318 0.88365 0.92441 0.95015 0.95852 0.95344 0.91801 0.82785 0.66967 0.48897 0.3593 0.28249 0.25297 0.24391 0.23381 0.23271 0.22554 0.20602
-0.028744 0.0064344 0.35643 0.68598 0.39262 0.99885 -0.19685 0.4985 0.998 0.94408 0.99133 0.99859 0.89407 0.49931 -0.46536 -1 -0.86339 -0.71189 -0.5795 -0.43209 -0.24807 -0.063803 0.092725 0.23214 0.31594 0.36583 0.3917 0.42822 0.48851 0.56155 0.6365 0.71461 0.78528 0.84541 0.88546 0.9013 0.8948 0.8444 0.72958 0.54652 0.35066 0.21647 0.13988 0.11266 0.10643 0.099053 0.10078 0.096157 0.078842
0.028812 0.17455 -0.096194 0.278 -0.53767 0.4979 0.014694 -0.1824 0.74378 0.61283 0.78903 0.91946 0.99808 0.81134 -0.091048 -0.9413 -0.98337 -0.90054 -0.80158 -0.67726 -0.50933 -0.32945 -0.16667 -0.015256 0.081936 0.14379 0.17868 0.22559 0.29825 0.38557 0.47623 0.57227 0.66171 0.74034 0.79463 0.81877 0.81245 0.75004 0.61515 0.4131 0.20756 0.072277 -0.0022814 -0.026564 -0.029814 -0.034322 -0.029787 -0.031775 -0.046589
-0.014577 -0.18486 -0.2826 -0.46105 -0.90852 -0.35877 0.19345 -0.76445 0.21579 0.097521 0.38381 0.63573 0.90597 0.97857 0.28798 -0.75955 -0.98447 -0.98932 -0.94175 -0.8579 -0.72422 -0.56511 -0.40901 -0.25606 -0.15138 -0.080754 -0.038235 0.017296 0.099611 0.1982 0.30175 0.41297 0.51895 0.6144 0.68227 0.71509 0.71032 0.63885 0.48857 0.27332 0.063275 -0.070047 -0.14107 -0.16202 -0.16232 -0.16396 -0.15679 -0.15619 -0.16835
-0.0060668 -0.029018 0.031277 -0.55455 -0.41456 -0.94164 0.2509 -0.99918 -0.37795 -0.43618 -0.10879 0.22223 0.6483 0.9838 0.6172 -0.48626 -0.87472 -0.97601 -0.99268 -0.9633 -0.87948 -0.75631 -0.61986 -0.47639 -0.37119 -0.29614 -0.24843 -0.18701 -0.098561 0.0075346 0.12043 0.24339 0.36297 0.47293 0.55314 0.59461 0.59246 0.5148 0.35368 0.13079 -0.078997 -0.20769 -0.27396 -0.2914 -0.28893 -0.28787 -0.27834 -0.27532 -0.28481
0.020546 0.21552 0.21475 0.029034 0.43279 -0.87527 0.17794 -0.8115 -0.82941 -0.83525 -0.56473 -0.22752 0.28201 0.83723 0.85509 -0.16075 -0.67351 -0.86882 -0.95596 -0.99014 -0.96784 -0.89331 -0.78838 -0.66515 -0.56687 -0.49248 -0.44281 -0.37894 -0.28843 -0.1791 -0.060898 0.069823 0.19954 0.32115 0.412 0.46165 0.4629 0.38171 0.21412 -0.011216 -0.21645 -0.33824 -0.39885 -0.41276 -0.40786 -0.40436 -0.39286 -0.38769 -0.39459
-0.016812 -0.11827 0.043544 0.52441 0.87663 -0.24632 0.030883 -0.30448 -1 -1 -0.88192 -0.62307 -0.12357 0.5708 0.97687 0.17589 -0.40777 -0.68403 -0.84055 -0.94164 -0.98763 -0.971 -0.90754 -0.81422 -0.73024 -0.66192 -0.61401 -0.55154 -0.46336 -0.35533 -0.23618 -0.102 0.034001 0.16401 0.26341 0.32041 0.32555 0.24323 0.07323 -0.14979 -0.34669 -0.45972 -0.51402 -0.52456 -0.51764 -0.51209 -0.49907 -0.49211 -0.4966
-0.010651 -0.13282 -0.13074 0.39197 0.58304 0.51837 -0.11078 0.30705 -0.85468 -0.90272 -1 -0.89399 -0.50021 0.23016 0.97519 0.48576 -0.10799 -0.44316 -0.66093 -0.82634 -0.94211 -0.9886 -0.97394 -0.91855 -0.85562 -0.7987 -0.75649 -0.69944 -0.61801 -0.51588 -0.40023 -0.26702 -0.1288 0.0061026 0.11164 0.17485 0.18407 0.10274 -0.065972 -0.28242 -0.46775 -0.57055 -0.61814 -0.62559 -0.61714 -0.61 -0.59599 -0.58764 -0.58997
0.05479 0.17022 -0.093529 -0.14268 -0.15776 0.95716 -0.18632 0.7927 -0.45747 -0.58425 -0.90715 -1 -0.79158 -0.13378 0.85844 0.73798 0.19535 -0.17031 -0.43508 -0.65666 -0.83845 -0.94903 -0.9875 -0.97592 -0.93977 -0.89918 -0.8665 -0.81879 -0.74838 -0.65657 -0.54878 -0.42095 -0.28463 -0.14849 -0.039413 0.028604 0.041816 -0.036712 -0.20084 -0.407 -0.57805 -0.66952 -0.71022 -0.71496 -0.70555 -0.69732 -0.68287 -0.67358 -0.67408
-0.09518 0.045706 0.027858 -0.4778 -0.74988 0.84349 -0.17592 0.99085 0.061665 -0.13413 -0.6355 -0.93364 -0.96019 -0.4725 0.64747 0.91089 0.47468 0.11032 -0.18255 -0.44743 -0.68674 -0.85821 -0.95098 -0.98668 -0.98171 -0.96164 -0.942 -0.90726 -0.85174 -0.77434 -0.67852 -0.5603 -0.4299 -0.29619 -0.18629 -0.11506 -0.098174 -0.17242 -0.32911 -0.52181 -0.67639 -0.75577 -0.7896 -0.79208 -0.78231 -0.77352 -0.75921 -0.74947 -0.74848
0.10619 -0.15177 0.084437 -0.3126 -0.77596 0.27634 -0.099146 0.85381 0.55266 0.3372 -0.24843 -0.71681 -0.99011 -0.74581 0.37132 0.99298 0.7075 0.37651 0.077253 -0.21451 -0.49888 -0.72429 -0.86937 -0.95336 -0.98239 -0.9861 -0.98249 -0.96384 -0.92657 -0.86717 -0.78704 -0.68233 -0.56171 -0.43398 -0.326 -0.25329 -0.23325 -0.30203 -0.44889 -0.6255 -0.76193 -0.82878 -0.8559 -0.85665 -0.84711 -0.83832 -0.82471 -0.81501 -0.81292
-0.074495 -0.0024358 0.061925 0.12655 -0.26327 -0.4188 0.002618 0.44708 0.88849 0.72602 0.17585 -0.39297 -0.88618 -0.92559 0.062914 0.98247 0.87757 0.60944 0.32646 0.026417 -0.28762 -0.55682 -0.74939 -0.8802 -0.94444 -0.97408 -0.9888 -0.98873 -0.97243 -0.93403 -0.87281 -0.7851 -0.67778 -0.55941 -0.45604 -0.38364 -0.36114 -0.42359 -0.55863 -0.71705 -0.83414 -0.88829 -0.90901 -0.90856 -0.89985 -0.89162 -0.87927 -0.8701 -0.86731
0.014609 0.1098 -0.0065416 0.40373 0.40297 -0.88678 0.087731 -0.087226 0.99457 0.95652 0.56058 -0.017381 -0.67034 -0.99745 -0.24498 0.88617 0.97544 0.79467 0.54975 0.26079 -0.06566 -0.3661 -0.59884 -0.77276 -0.87174 -0.92831 -0.96288 -0.98319 -0.98983 -0.97474 -0.93507 -0.86735 -0.77647 -0.67056 -0.57437 -0.5041 -0.47996 -0.53549 -0.65715 -0.79581 -0.89277 -0.9343 -0.94903 -0.94793 -0.94064 -0.9335 -0.92294 -0.91478 -0.91171
0.034489 -0.00090142 -0.080882 0.30269 0.78405 -0.91917 0.12998 -0.58377 0.85972 0.99245 0.84356 0.35285 -0.3764 -0.96039 -0.52305 0.7176 0.99822 0.9226 0.73502 0.47595 0.15501 -0.16247 -0.42609 -0.63743 -0.76913 -0.85248 -0.90758 -0.94927 -0.98006 -0.98988 -0.97378 -0.92847 -0.85672 -0.76604 -0.67942 -0.61306 -0.58818 -0.63645 -0.7436 -0.86136 -0.93782 -0.96701 -0.97624 -0.97506 -0.96972 -0.96419 -0.95592 -0.94922 -0.94627
-0.038486 -0.067147 -0.092637 -0.035849 0.66889 -0.53032 0.1241 -0.90484 0.53003 0.83877 0.98547 0.66713 -0.04418 -0.82506 -0.74774 0.49491 0.94892 0.98845 0.8737 0.66155 0.3637 0.044151 -0.23962 -0.48108 -0.64208 -0.75091 -0.8264 -0.88971 -0.94507 -0.98066 -0.98949 -0.96841 -0.91801 -0.84495 -0.77006 -0.70931 -0.68465 -0.72555 -0.81739 -0.91358 -0.96952 -0.98682 -0.99111 -0.99037 -0.98748 -0.98404 -0.97852 -0.9737 -0.97126
0.0031266 -0.01623 -0.0031594 -0.3053 0.1655 0.080457 0.082147 -0.97457 0.090495 0.53508 0.97298 0.88746 0.2861 -0.61099 -0.90269 0.23874 0.83539 0.9919 0.96084 0.80991 0.55137 0.24472 -0.047638 -0.3107 -0.49637 -0.62837 -0.72329 -0.80769 -0.8873 -0.94879 -0.98325 -0.98764 -0.96028 -0.9068 -0.84553 -0.79199 -0.76852 -0.80214 -0.87823 -0.95256 -0.98826 -0.99428 -0.99421 -0.99441 -0.99443 -0.99351 -0.99113 -0.9886 -0.98704
0.023514 0.025912 0.11477 -0.30978 -0.4095 0.64026 0.024767 -0.79049 -0.35883 0.14371 0.81729 0.99165 0.57843 -0.34345 -0.97916 -0.029798 0.66907 0.93653 0.99482 0.91597 0.71088 0.43135 0.14226 -0.13308 -0.33785 -0.48981 -0.60247 -0.70673 -0.80955 -0.8964 -0.95654 -0.98703 -0.98386 -0.95152 -0.90548 -0.86057 -0.83927 -0.86585 -0.92605 -0.97858 -0.99459 -0.99004 -0.98623 -0.98783 -0.99115 -0.99312 -0.99426 -0.99436 -0.99402
0.0004807 0.035029 0.12865 -0.088107 -0.73718 0.92526 -0.02792 -0.41418 -0.72576 -0.2641 0.54911 0.97407 0.80444 -0.05019 -0.97576 -0.29076 0.46378 0.82906 0.97709 0.97727 0.83705 0.59752 0.32331 0.045383 -0.17221 -0.3402 -0.46826 -0.59049 -0.71485 -0.82586 -0.91115 -0.96777 -0.98946 -0.97936 -0.94984 -0.91484 -0.89664 -0.91656 -0.96099 -0.9921 -0.98919 -0.97487 -0.96791 -0.97134 -0.9783 -0.98349 -0.98844 -0.99146 -0.99267
-0.054692 0.017914 0.00083625 0.16603 -0.66599 0.84253 -0.062596 0.052474 -0.94344 -0.62135 0.21173 0.844 0.94534 0.24145 -0.89756 -0.5267 0.23443 0.67852 0.9116 0.9937 0.92664 0.73815 0.48972 0.2189 -0.0048071 -0.18432 -0.3249 -0.4627 -0.60634 -0.73975 -0.84909 -0.93136 -0.97805 -0.99085 -0.97885 -0.95482 -0.94059 -0.95436 -0.98338 -0.99369 -0.97282 -0.94958 -0.94009 -0.94571 -0.95656 -0.96525 -0.97425 -0.98047 -0.9835
0.067519 -0.039121 -0.14891 0.27428 -0.26397 0.44733 -0.074918 0.49665 -0.97987 -0.87542 -0.14656 0.62265 0.99255 0.50693 -0.75484 -0.72355 -0.0040614 0.49541 0.80431 0.96718 0.97825 0.84962 0.63679 0.38239 0.15946 -0.026706 -0.1765 -0.32698 -0.48719 -0.64074 -0.77253 -0.87944 -0.95082 -0.98678 -0.99297 -0.9808 -0.97133 -0.97952 -0.99367 -0.98403 -0.94632 -0.91505 -0.90361 -0.91172 -0.92668 -0.93909 -0.95233 -0.96195 -0.96705
-0.0043138 -0.062684 -0.16261 0.1906 0.24751 -0.097381 -0.068134 0.82153 -0.83921 -0.99432 -0.47941 0.33915 0.94721 0.72625 -0.56161 -0.87115 -0.23766 0.29096 0.66257 0.90134 0.99213 0.92973 0.7609 0.53159 0.31626 0.12853 -0.026881 -0.18682 -0.3605 -0.53152 -0.68372 -0.81384 -0.90915 -0.96813 -0.99286 -0.99323 -0.98922 -0.99246 -0.99245 -0.96391 -0.91056 -0.87219 -0.85934 -0.8702 -0.88942 -0.9057 -0.92331 -0.9365 -0.94388
-0.071348 0.015682 -0.013183 0.0010985 0.62127 -0.593 -0.049716 0.96526 -0.55632 -0.96874 -0.748 0.026402 0.81876 0.885 -0.33407 -0.96338 -0.45395 0.076405 0.49467 0.80108 0.96995 0.97761 0.85957 0.66307 0.46189 0.2777 0.12047 -0.045461 -0.22925 -0.41473 -0.58496 -0.73643 -0.85453 -0.93602 -0.97935 -0.99272 -0.99479 -0.99374 -0.9804 -0.93415 -0.86647 -0.82191 -0.80817 -0.82197 -0.84552 -0.86578 -0.88785 -0.90472 -0.91455
0.066838 0.094638 0.16296 -0.16057 0.70072 -0.87745 -0.02771 0.90927 -0.18674 -0.81044 -0.92476 -0.28285 0.62304 0.97478 -0.089228 -0.99805 -0.64261 -0.1376 0.30922 0.67225 0.91456 0.99356 0.9313 0.77424 0.59326 0.41765 0.26244 0.094112 -0.096212 -0.29291 -0.47847 -0.64913 -0.78852 -0.89167 -0.9534 -0.98004 -0.98866 -0.984 -0.95828 -0.89561 -0.81497 -0.76511 -0.75096 -0.76784 -0.79574 -0.82004 -0.84658 -0.86721 -0.87963
0.010777 0.037307 0.19948 -0.20537 0.47519 -0.8731 -0.0080701 0.67641 0.20513 -0.54796 -0.99513 -0.55925 0.38006 0.99306 0.15638 -0.97648 -0.79573 -0.34141 0.11481 0.52126 0.82972 0.9789 0.97558 0.86331 0.708 0.5457 0.39632 0.22925 0.03604 -0.16847 -0.36645 -0.55385 -0.71275 -0.8364 -0.91605 -0.95602 -0.97158 -0.96399 -0.92689 -0.84919 -0.75697 -0.70271 -0.68857 -0.70862 -0.74084 -0.76917 -0.80016 -0.82458 -0.8397
-0.056038 -0.090408 0.057962 -0.13041 0.062992 -0.59995 0.0064731 0.32114 0.5574 -0.22071 -0.95754 -0.77925 0.11182 0.94265 0.38773 -0.90303 -0.90791 -0.52672 -0.080414 0.35474 0.71985 0.93577 0.99273 0.92927 0.80432 0.65974 0.51986 0.35762 0.1652 -0.043636 -0.25096 -0.45245 -0.6288 -0.77156 -0.86841 -0.9216 -0.94436 -0.9345 -0.88709 -0.79579 -0.6934 -0.63558 -0.62182 -0.64506 -0.68153 -0.71385 -0.74922 -0.77741 -0.79529
0.019233 -0.10025 -0.14086 0.00034419 -0.35569 -0.15659 0.016112 -0.084659 0.8199 0.12743 -0.82194 -0.92655 -0.15973 0.83079 0.59202 -0.78443 -0.97621 -0.68681 -0.26901 0.1793 0.5898 0.86701 0.9838 0.97178 0.88108 0.75813 0.63119 0.47726 0.28922 0.079565 -0.13395 -0.34671 -0.53828 -0.69849 -0.81163 -0.87774 -0.90786 -0.89637 -0.83974 -0.73631 -0.62513 -0.56456 -0.55152 -0.57793 -0.6185 -0.65472 -0.69437 -0.72628 -0.74695
0.021805 0.033586 -0.22914 0.1076 -0.61855 0.31895 0.022752 -0.46685 0.96009 0.45404 -0.6073 -0.99263 -0.41442 0.66809 0.75922 -0.62914 -1 -0.81662 -0.44447 0.0012408 0.44461 0.77594 0.95047 0.99115 0.93767 0.83976 0.7289 0.58653 0.40633 0.19931 -0.017205 -0.23834 -0.44273 -0.61857 -0.74689 -0.82547 -0.86298 -0.85046 -0.7857 -0.67161 -0.55302 -0.49045 -0.47841 -0.50794 -0.55244 -0.59243 -0.63619 -0.67174 -0.69521
-0.0030216 0.13088 -0.13495 0.14269 -0.64007 0.69317 0.028539 -0.76217 0.96546 0.723 -0.33863 -0.97655 -0.6351 0.46745 0.88227 -0.44669 -0.98069 -0.91277 -0.60136 -0.17362 0.28935 0.66621 0.89489 0.98819 0.97402 0.90395 0.81194 0.68416 0.51506 0.314 0.097643 -0.12891 -0.34361 -0.5331 -0.67533 -0.76578 -0.81063 -0.79763 -0.72584 -0.60256 -0.47789 -0.41403 -0.40322 -0.43575 -0.48397 -0.52756 -0.57525 -0.61432 -0.64057
-0.014355 0.059523 0.065978 0.10471 -0.43171 0.87277 0.034695 -0.92746 0.84282 0.90787 -0.043778 -0.88406 -0.80855 0.24293 0.95714 -0.24705 -0.92143 -0.97348 -0.73536 -0.34007 0.12891 0.54166 0.81958 0.96419 0.99049 0.95042 0.87967 0.76916 0.61419 0.42226 0.20914 -0.019882 -0.24231 -0.44336 -0.59811 -0.69971 -0.75174 -0.73876 -0.66101 -0.52998 -0.4005 -0.336 -0.32662 -0.36199 -0.41368 -0.46068 -0.51209 -0.55453 -0.58349
-0.021913 -0.088901 0.21974 0.028339 -0.08392 0.82384 0.040957 -0.94414 0.61499 0.99357 0.2495 -0.72637 -0.92592 0.0087476 0.98266 -0.040115 -0.82674 -0.99847 -0.84335 -0.49363 -0.032088 0.40617 0.72732 0.92077 0.98781 0.9793 0.93175 0.84088 0.70276 0.52292 0.31602 0.087432 -0.14013 -0.35058 -0.51634 -0.62825 -0.6872 -0.67469 -0.59202 -0.45464 -0.32158 -0.25704 -0.24922 -0.28727 -0.34215 -0.39232 -0.4472 -0.49285 -0.52444
0.031703 -0.12941 0.21541 -0.042757 0.27591 0.57284 0.045692 -0.81804 0.31592 0.97663 0.51601 -0.51856 -0.98277 -0.22158 0.96026 0.16478 -0.7022 -0.98878 -0.9233 -0.63061 -0.18941 0.26356 0.62104 0.85986 0.96707 0.99102 0.96818 0.89893 0.78008 0.61505 0.41717 0.19184 -0.038261 -0.2559 -0.43108 -0.55236 -0.61791 -0.60626 -0.51968 -0.37729 -0.2418 -0.17776 -0.17161 -0.21212 -0.2699 -0.32298 -0.38107 -0.42973 -0.46385
0.032757 -0.018169 0.060981 -0.079218 0.53064 0.1924 0.046519 -0.57557 -0.014816 0.86418 0.73505 -0.27804 -0.97885 -0.43595 0.89356 0.35918 -0.55402 -0.94658 -0.97429 -0.74809 -0.33928 0.1175 0.50374 0.78357 0.92959 0.98627 0.9892 0.94318 0.84568 0.69791 0.51167 0.29231 0.062208 -0.16039 -0.34334 -0.47299 -0.54472 -0.53427 -0.44472 -0.29862 -0.1618 -0.098736 -0.09431 -0.13705 -0.19739 -0.25312 -0.31413 -0.36558 -0.40211
-0.052235 0.10959 -0.13324 -0.075561 0.60909 -0.22162 0.041176 -0.25738 -0.33741 0.67195 0.89157 -0.022987 -0.91762 -0.62412 0.78794 0.53582 -0.38878 -0.87492 -0.99632 -0.84398 -0.47847 -0.028581 0.3784 0.69416 0.8769 0.96601 0.9953 0.97372 0.89929 0.77095 0.59876 0.38793 0.1603 -0.065034 -0.25408 -0.39102 -0.46846 -0.45949 -0.36788 -0.21928 -0.082143 -0.020482 -0.017806 -0.062519 -0.12508 -0.18316 -0.24679 -0.3008 -0.3396
-0.031551 0.113 -0.23847 -0.045542 0.50147 -0.57483 0.028349 0.089035 -0.61645 0.42177 0.97672 0.22899 -0.80558 -0.7781 0.65009 0.68877 -0.21311 -0.77759 -0.99029 -0.91693 -0.60426 -0.17154 0.24792 0.59393 0.8107 0.93135 0.98717 0.99086 0.94086 0.8338 0.67783 0.47793 0.25515 0.029258 -0.16419 -0.30729 -0.38991 -0.38264 -0.2898 -0.13987 -0.0033509 0.056534 0.05747 0.011061 -0.053378 -0.1135 -0.17944 -0.23576 -0.27667
0.062329 -0.0005671 -0.1925 -0.0098793 0.25364 -0.7949 0.0082259 0.4166 -0.8243 0.13884 0.98788 0.462 -0.65155 -0.89226 0.48751 0.81351 -0.033437 -0.65884 -0.95781 -0.96632 -0.71449 -0.30856 0.11504 0.48522 0.73274 0.88357 0.96566 0.99504 0.97049 0.88625 0.74844 0.56167 0.346 0.12168 -0.074478 -0.22259 -0.30981 -0.30441 -0.21113 -0.060931 0.074105 0.13189 0.13113 0.083313 0.017361 -0.044492 -0.11241 -0.17079 -0.21364
0.027819 -0.10447 -0.031198 0.015505 -0.053769 -0.84416 -0.017343 0.68476 -0.94318 -0.15093 0.92804 0.66267 -0.46591 -0.96337 0.30814 0.90697 0.14421 -0.52323 -0.90108 -0.99216 -0.80755 -0.43722 -0.017644 0.3703 0.64487 0.82402 0.93175 0.98689 0.98844 0.92824 0.81027 0.63863 0.43221 0.21149 0.0143 -0.13765 -0.22885 -0.22544 -0.13242 0.017036 0.1498 0.20523 0.20282 0.1539 0.086805 0.023545 -0.046024 -0.10619 -0.15079
-0.059119 -0.099083 0.14398 0.025301 -0.33255 -0.72306 -0.045079 0.8638 -0.96584 -0.42321 0.80502 0.82072 -0.25982 -0.99043 0.11992 0.96747 0.31436 -0.37543 -0.82278 -0.99506 -0.88234 -0.55543 -0.14779 0.25138 0.54893 0.75417 0.8865 0.96712 0.99508 0.95985 0.86313 0.70843 0.51321 0.29805 0.10147 -0.053131 -0.14768 -0.14633 -0.054223 0.093582 0.22336 0.2762 0.27225 0.22253 0.15466 0.090319 0.019435 -0.042246 -0.088418
-0.026546 -0.0037886 0.23253 0.023744 -0.51163 -0.46539 -0.070836 0.93727 -0.8951 -0.65711 0.63032 0.92924 -0.044553 -0.97452 -0.069519 0.99465 0.47227 -0.22007 -0.72591 -0.9761 -0.93826 -0.66152 -0.27329 0.13055 0.44673 0.67547 0.83107 0.93656 0.99091 0.98127 0.90695 0.77076 0.58855 0.38082 0.18642 0.030343 -0.066869 -0.067603 0.022993 0.1683 0.29447 0.34454 0.33916 0.28894 0.22066 0.15557 0.08371 0.020791 -0.02675
0.044582 0.083087 0.19131 0.019166 -0.55318 -0.12776 -0.090337 0.90236 -0.7424 -0.83647 0.41791 0.9847 0.16909 -0.91847 -0.25313 0.98928 0.61393 -0.061618 -0.61371 -0.93678 -0.97513 -0.75416 -0.39227 0.0097728 0.34004 0.58941 0.76664 0.89609 0.97652 0.99279 0.94176 0.82543 0.65789 0.4593 0.26861 0.11222 0.013027 0.010225 0.098789 0.24085 0.36282 0.41 0.40331 0.35291 0.28459 0.21908 0.14657 0.082695 0.033988
0.026061 0.088336 0.050907 0.018039 -0.45755 0.22371 -0.099933 0.76865 -0.52576 -0.95063 0.18305 0.98676 0.37128 -0.82655 -0.42465 0.95315 0.73613 0.095746 -0.48951 -0.87892 -0.9932 -0.8324 -0.50314 -0.10916 0.23057 0.49745 0.69444 0.84665 0.95256 0.99478 0.96769 0.87236 0.72094 0.53309 0.34757 0.19201 0.091523 0.086709 0.17278 0.31089 0.42819 0.47237 0.46451 0.41425 0.34625 0.28064 0.20782 0.14326 0.093597
-0.022508 0.022003 -0.10956 0.02152 -0.25804 0.52642 -0.097236 0.55565 -0.26737 -0.99456 -0.058852 0.93797 0.5535 -0.70416 -0.57878 0.88888 0.83649 0.24821 -0.35666 -0.80461 -0.99306 -0.89563 -0.60458 -0.22464 0.11989 0.40103 0.61567 0.78923 0.91974 0.9877 0.98493 0.91152 0.77751 0.60188 0.4229 0.26926 0.16818 0.16144 0.24461 0.37818 0.49037 0.53148 0.52261 0.47279 0.40546 0.34008 0.26727 0.20231 0.1519
-0.020675 -0.049859 -0.20888 0.025609 -0.008573 0.73171 -0.08153 0.28955 0.0087681 -0.96863 -0.2932 0.84328 0.70883 -0.55743 -0.71122 0.79976 0.91343 0.39237 -0.21845 -0.71609 -0.97559 -0.94353 -0.69551 -0.33521 0.0095023 0.30153 0.53154 0.7248 0.87881 0.97204 0.99377 0.94297 0.82748 0.6654 0.49425 0.3436 0.24261 0.23406 0.31398 0.44247 0.54918 0.58721 0.57749 0.5284 0.46208 0.39725 0.32477 0.25969 0.20874
-0.00083348 -0.07203 -0.20399 0.024095 0.23138 0.81149 -0.053901 -0.00018165 0.27916 -0.87802 -0.507 0.70953 0.83204 -0.39295 -0.81876 0.68954 0.9661 0.52533 -0.078006 -0.61574 -0.94193 -0.97608 -0.77511 -0.43962 -0.09923 0.20023 0.44322 0.65436 0.83056 0.94836 0.99452 0.96684 0.87079 0.72346 0.56133 0.4147 0.31447 0.30426 0.38063 0.50357 0.6045 0.63943 0.62904 0.58098 0.51601 0.45202 0.38019 0.31525 0.26397
0.0053556 -0.040131 -0.10542 0.01242 0.41067 0.76034 -0.017086 -0.2842 0.52264 -0.7318 -0.68946 0.54492 0.91969 -0.21741 -0.89925 0.5623 0.99438 0.64465 0.06173 -0.50594 -0.89341 -0.99352 -0.8428 -0.53681 -0.20507 0.098372 0.35183 0.57888 0.77578 0.91725 0.98759 0.98329 0.90745 0.77591 0.62391 0.48225 0.38345 0.37175 0.44433 0.56132 0.65623 0.68809 0.67719 0.63045 0.56714 0.50429 0.43341 0.36888 0.31749
0.01584 0.010393 0.034788 -0.0095023 0.49637 0.59372 0.024902 -0.53607 0.72186 -0.54191 -0.83235 0.35842 0.97004 -0.037388 -0.95156 0.42226 0.99874 0.74841 0.19806 -0.38911 -0.83153 -0.99631 -0.89822 -0.62588 -0.30692 -0.0029123 0.25844 0.49933 0.71525 0.87932 0.97337 0.99258 0.93751 0.82269 0.68182 0.54604 0.44931 0.43629 0.5049 0.6156 0.70428 0.73312 0.7219 0.67675 0.61541 0.55399 0.48435 0.42048 0.36917
0.018755 0.042011 0.15203 -0.036636 0.47814 0.3432 0.06731 -0.73448 0.86417 -0.3221 -0.93017 0.15931 0.98294 0.14091 -0.97551 0.27367 0.98021 0.83517 0.32858 -0.26758 -0.7579 -0.98509 -0.94121 -0.70614 -0.40381 -0.10258 0.16407 0.41661 0.64979 0.8352 0.95233 0.99495 0.96109 0.86375 0.73491 0.60587 0.51182 0.4977 0.56217 0.66631 0.74861 0.7745 0.76314 0.71984 0.66076 0.60104 0.53293 0.46997 0.41895
-0.012603 0.041875 0.19886 -0.060455 0.36739 0.049878 0.10526 -0.86459 0.94209 -0.086861 -0.98015 -0.043302 0.95971 0.31181 -0.97174 0.12068 0.94028 0.90398 0.45116 -0.14359 -0.67417 -0.96068 -0.9718 -0.77704 -0.4949 -0.19969 0.06967 0.33163 0.58015 0.78553 0.92494 0.99073 0.97833 0.8991 0.7831 0.66159 0.57082 0.55579 0.61602 0.71338 0.78921 0.81222 0.8009 0.7597 0.70315 0.6454 0.57908 0.51728 0.46675
-0.040861 0.021263 0.16248 -0.072021 0.19216 -0.24262 0.13433 -0.91867 0.9533 0.14951 -0.98213 -0.24086 0.90286 0.47032 -0.94169 -0.032786 0.88082 0.95431 0.56399 -0.019258 -0.58205 -0.92402 -0.99019 -0.8382 -0.5795 -0.2934 -0.023896 0.24522 0.50711 0.73094 0.89168 0.98025 0.98942 0.92881 0.82634 0.71308 0.62615 0.61045 0.66637 0.75676 0.82606 0.84631 0.8352 0.79633 0.74258 0.68704 0.62276 0.56235 0.5125
-0.011378 -0.0018512 0.064945 -0.065252 -0.010343 -0.49451 0.15108 -0.89601 0.90023 0.37376 -0.93824 -0.42567 0.81594 0.61221 -0.88737 -0.18307 0.804 0.98606 0.66559 0.10346 -0.48324 -0.87616 -0.99671 -0.88938 -0.65703 -0.38296 -0.11583 0.15816 0.43139 0.67206 0.85307 0.96385 0.99457 0.95294 0.86462 0.76027 0.6777 0.66156 0.71312 0.79645 0.85919 0.87678 0.86606 0.82975 0.77903 0.72594 0.66395 0.60515 0.55616
0.044124 -0.017414 -0.050559 -0.03921 -0.20178 -0.67482 0.15337 -0.80219 0.78944 0.57431 -0.85263 -0.59112 0.70328 0.73408 -0.81131 -0.32687 0.71218 0.99951 0.75477 0.22276 -0.37942 -0.8182 -0.99183 -0.93049 -0.72702 -0.46773 -0.20539 0.071195 0.35368 0.6095 0.8096 0.94193 0.99401 0.97162 0.89796 0.80311 0.7254 0.70904 0.75626 0.83243 0.88863 0.90369 0.89353 0.85998 0.81252 0.7621 0.70263 0.64565 0.59771
0.043455 -0.024981 -0.13941 0.0013226 -0.34968 -0.76447 0.14058 -0.64799 0.6307 0.74171 -0.731 -0.73187 0.56972 0.83339 -0.71642 -0.4613 0.60786 0.99523 0.83066 0.33707 -0.27221 -0.75133 -0.97612 -0.96155 -0.78916 -0.54715 -0.29195 -0.014993 0.27467 0.54387 0.76178 0.91486 0.98802 0.985 0.9264 0.84159 0.7692 0.75286 0.79574 0.86473 0.91443 0.92709 0.91766 0.88706 0.84306 0.79552 0.73879 0.68383 0.6371
-0.018717 -0.026662 -0.1723 0.047035 -0.4323 -0.75734 0.11363 -0.44799 0.43604 0.86896 -0.58022 -0.8439 0.42046 0.90841 -0.60587 -0.58387 0.49363 0.9741 0.89266 0.44496 -0.16315 -0.67674 -0.95024 -0.9827 -0.84319 -0.62079 -0.37493 -0.099781 0.19496 0.47575 0.71011 0.88303 0.97687 0.99324 0.95003 0.87571 0.80907 0.79297 0.83158 0.89339 0.93666 0.94707 0.93851 0.91104 0.8707 0.82623 0.77243 0.71968 0.67434
-0.058578 -0.021503 -0.14349 0.086602 -0.4409 -0.65963 0.074775 -0.21906 0.2188 0.95158 -0.40788 -0.92452 0.26077 0.95824 -0.48297 -0.69256 0.37207 0.93724 0.94045 0.54524 -0.053717 -0.59564 -0.91492 -0.99418 -0.889 -0.68825 -0.45382 -0.1826 0.11514 0.40569 0.65508 0.84685 0.96085 0.99653 0.96894 0.90552 0.84501 0.82938 0.86379 0.91845 0.9554 0.96369 0.95616 0.93198 0.89548 0.85425 0.80357 0.75321 0.70941
-0.023422 -0.0068635 -0.06919 0.1097 -0.37957 -0.48774 0.027401 0.021138 -0.0073709 0.98764 -0.22191 -0.97237 0.095896 0.98272 -0.35109 -0.78579 0.2457 0.88594 0.97395 0.63689 0.054739 -0.50924 -0.87095 -0.99629 -0.92653 -0.74927 -0.52821 -0.26295 0.035767 0.33423 0.59716 0.80671 0.94027 0.99507 0.98325 0.93106 0.87703 0.8621 0.8924 0.93999 0.97073 0.97706 0.9707 0.94996 0.91744 0.87962 0.83224 0.78443 0.74233
0.038559 0.015855 0.021379 0.10965 -0.26289 -0.2652 -0.024393 0.25548 -0.22932 0.97754 -0.030222 -0.98731 -0.069175 0.98235 -0.21357 -0.8624 0.11697 0.82165 0.99332 0.71909 0.16097 -0.41871 -0.81915 -0.98944 -0.95582 -0.80363 -0.59773 -0.34036 -0.042669 0.26187 0.53682 0.763 0.91543 0.98907 0.99309 0.95241 0.90518 0.89117 0.91746 0.95807 0.98274 0.98727 0.98221 0.96504 0.93665 0.90238 0.85845 0.81336 0.77309
0.050284 0.037889 0.09767 0.085094 -0.1124 -0.019306 -0.076179 0.46852 -0.4351 0.92379 0.15965 -0.97032 -0.2298 0.95824 -0.073616 -0.92166 -0.011816 0.74594 0.99889 0.79123 0.26384 -0.32519 -0.76036 -0.97407 -0.977 -0.8512 -0.66209 -0.41445 -0.11971 0.18908 0.47451 0.71612 0.88664 0.97877 0.99862 0.96967 0.9295 0.91662 0.93904 0.97279 0.99156 0.99442 0.9908 0.9773 0.95317 0.92259 0.88226 0.84002 0.80172
0.0050756 0.046409 0.13782 0.04022 0.047514 0.22238 -0.12361 0.64741 -0.61451 0.83067 0.34077 -0.92334 -0.3818 0.91202 0.065732 -0.96322 -0.13852 0.66042 0.99121 0.85285 0.36234 -0.22978 -0.69545 -0.9507 -0.99024 -0.89192 -0.72106 -0.48486 -0.19493 0.1163 0.41065 0.66644 0.85421 0.96439 1 0.98293 0.95008 0.93851 0.9572 0.98423 0.99727 0.99862 0.99655 0.98684 0.96706 0.9403 0.9037 0.86445 0.82823
-0.037611 0.032659 0.13402 -0.016225 0.19353 0.43496 -0.1628 0.78241 -0.75949 0.70388 0.50702 -0.84911 -0.52153 0.84573 0.20167 -0.98712 -0.26119 0.56677 0.97093 0.90366 0.45559 -0.13352 -0.62529 -0.91986 -0.99578 -0.92578 -0.77447 -0.55131 -0.26796 0.043938 0.34565 0.61433 0.81846 0.94619 0.9974 0.99232 0.96698 0.95693 0.97203 0.99251 1 1 0.99958 0.99374 0.97842 0.95557 0.92281 0.88667 0.85267
-0.033949 -0.00091683 0.092595 -0.072959 0.30656 0.5985 -0.1906 0.86726 -0.86432 0.55013 0.65327 -0.75104 -0.64593 0.76171 0.33165 -0.99368 -0.37807 0.46666 0.93887 0.94355 0.54281 -0.037365 -0.55071 -0.88213 -0.9939 -0.95283 -0.8222 -0.61355 -0.33847 -0.027617 0.2799 0.56016 0.77969 0.92439 0.99101 0.99796 0.9803 0.97195 0.98363 0.99773 0.99987 0.99866 1 0.99809 0.9873 0.96846 0.93966 0.90674 0.87506
3.8645e-05 -0.039957 0.029735 -0.1186 0.37387 0.69956 -0.20483 0.89921 -0.92567 0.37677 0.77541 -0.63297 -0.75255 0.66256 0.45344 -0.98355 -0.48763 0.36173 0.8959 0.97252 0.62338 0.057767 -0.47257 -0.8381 -0.98493 -0.97318 -0.86418 -0.67138 -0.40616 -0.098021 0.21375 0.50427 0.73821 0.89925 0.981 1 0.99015 0.98366 0.99208 1 0.997 0.99473 0.99791 1 0.99381 0.97905 0.95429 0.92469 0.89543
0.022794 -0.064925 -0.034789 -0.144 0.38998 0.73177 -0.20441 0.87879 -0.94256 0.19142 0.87047 -0.49908 -0.83958 0.55104 0.56512 -0.95759 -0.58856 0.25358 0.84303 0.99072 0.69675 0.15105 -0.39166 -0.78839 -0.96924 -0.98697 -0.90039 -0.72464 -0.47078 -0.16696 0.14755 0.44698 0.69431 0.87102 0.96758 0.99857 0.99664 0.99217 0.9975 0.99944 0.99151 0.98832 0.99343 0.99956 0.99801 0.98741 0.96677 0.94059 0.91384
0.019039 -0.061441 -0.083765 -0.14393 0.35652 0.69575 -0.18934 0.80955 -0.91617 0.001613 0.93656 -0.35369 -0.90578 0.42996 0.6651 -0.9169 -0.67977 0.14375 0.78127 0.9984 0.76253 0.24172 -0.30878 -0.7336 -0.94722 -0.99438 -0.93085 -0.77323 -0.53211 -0.23414 0.081614 0.38862 0.64828 0.83993 0.95093 0.99383 0.99988 0.99758 1 0.99618 0.98352 0.97956 0.98666 0.99687 1 0.9936 0.97715 0.95446 0.93031
0.0051028 -0.028349 -0.10673 -0.11797 0.28114 0.59828 -0.16071 0.69746 -0.84957 -0.18544 0.97286 -0.20115 -0.95052 0.30216 0.7521 -0.86272 -0.76039 0.033693 0.7117 0.99593 0.8204 0.32911 -0.22467 -0.67437 -0.91929 -0.99563 -0.95562 -0.81705 -0.58996 -0.2993 0.01624 0.32948 0.60039 0.80623 0.93125 0.98594 1 1 0.99969 0.99033 0.97318 0.96857 0.97773 0.99203 0.99986 0.99772 0.98551 0.96638 0.9449
-0.0023969 0.021018 -0.10154 -0.070368 0.17585 0.45109 -0.12047 0.5504 -0.74738 -0.36314 0.97952 -0.045695 -0.9737 0.17041 0.82517 -0.79645 -0.82976 -0.075237 0.63543 0.98375 0.87015 0.41261 -0.14003 -0.61129 -0.88586 -0.99096 -0.97478 -0.85609 -0.64419 -0.36223 -0.048304 0.26985 0.55092 0.77015 0.90875 0.97504 0.99713 0.99955 0.99668 0.98201 0.96059 0.95547 0.96674 0.98515 0.99769 0.99982 0.99191 0.9764 0.95766
-0.0054922 0.064955 -0.073381 -0.0090957 0.055015 0.26928 -0.071353 0.37756 -0.61545 -0.52569 0.95759 0.10866 -0.97572 0.03737 0.88368 -0.71956 -0.88743 -0.18179 0.55353 0.96237 0.91168 0.49169 -0.055534 -0.54497 -0.84739 -0.98066 -0.98846 -0.89031 -0.69468 -0.42271 -0.11177 0.20999 0.50013 0.73192 0.88361 0.9613 0.9914 0.99634 0.9911 0.97136 0.9459 0.94038 0.9538 0.97631 0.99356 1 0.99641 0.98457 0.96864
-0.012133 0.083501 -0.032097 0.055717 -0.066556 0.069705 -0.01655 0.18878 -0.46049 -0.66818 0.90887 0.25819 -0.95742 -0.094458 0.92728 -0.6336 -0.93314 -0.28482 0.46711 0.93238 0.94495 0.5659 0.028213 -0.47599 -0.80433 -0.965 -0.99681 -0.91975 -0.74132 -0.48058 -0.17392 0.15016 0.44826 0.69177 0.85602 0.94488 0.98294 0.99051 0.98306 0.95849 0.92921 0.92342 0.93903 0.96563 0.98758 0.99833 0.99908 0.99095 0.97788
-0.01803 0.0676 0.011079 0.11358 -0.17541 -0.13063 0.040466 -0.0059789 -0.28967 -0.78675 0.83584 0.39954 -0.91999 -0.22276 0.9559 -0.54014 -0.96679 -0.38332 0.37723 0.8944 0.97002 0.63487 0.11064 -0.40491 -0.75712 -0.9443 -1 -0.94445 -0.78407 -0.53568 -0.23457 0.090593 0.39555 0.64993 0.82619 0.92594 0.9719 0.98217 0.97269 0.94353 0.91065 0.90471 0.92253 0.9532 0.97982 0.99488 1 0.99561 0.98545
-0.010324 0.02294 0.04648 0.15536 -0.26074 -0.31595 0.096201 -0.19717 -0.11031 -0.87855 0.74145 0.52978 -0.86498 -0.34543 0.9697 -0.44076 -0.98847 -0.47638 0.28492 0.8491 0.98701 0.69827 0.19121 -0.33228 -0.70621 -0.91886 -0.99822 -0.96448 -0.82288 -0.58789 -0.29351 0.031499 0.34223 0.60659 0.79429 0.90464 0.9584 0.97144 0.96012 0.9266 0.89035 0.88436 0.90441 0.93912 0.97037 0.98974 0.99923 0.99861 0.99139
0.012695 -0.032739 0.067917 0.17468 -0.31528 -0.47283 0.14736 -0.37606 0.070437 -0.94181 0.62908 0.64643 -0.79416 -0.46062 0.96908 -0.33702 -0.9984 -0.56324 0.19117 0.79716 0.99611 0.75586 0.26947 -0.25862 -0.65206 -0.88903 -0.99167 -0.97993 -0.85773 -0.63711 -0.3506 -0.026917 0.2885 0.56197 0.76051 0.88114 0.94259 0.95845 0.94545 0.90783 0.86843 0.86248 0.88478 0.92348 0.95933 0.98298 0.99683 1 0.99575
0.033151 -0.077398 0.073378 0.16872 -0.33562 -0.59101 0.19101 -0.53509 0.24584 -0.97576 0.50233 0.74749 -0.70952 -0.56673 0.95464 -0.23042 -0.99693 -0.64323 0.096916 0.73931 0.99756 0.80747 0.34497 -0.18442 -0.59509 -0.85513 -0.98058 -0.99092 -0.88864 -0.68325 -0.40567 -0.08447 0.23457 0.51626 0.72503 0.8556 0.9246 0.94333 0.92882 0.88733 0.84499 0.83918 0.86373 0.90638 0.94678 0.97469 0.99288 0.99985 0.99861
0.02927 -0.093731 0.064558 0.13846 -0.32213 -0.66383 0.22477 -0.6681 0.40982 -0.98057 0.36494 0.83142 -0.61316 -0.66241 0.92712 -0.12243 -0.98453 -0.71581 0.0030493 0.67624 0.99164 0.85295 0.41736 -0.11015 -0.53573 -0.8175 -0.96518 -0.99756 -0.91562 -0.72625 -0.45862 -0.14099 0.18062 0.46965 0.68802 0.82816 0.90456 0.9262 0.91033 0.86522 0.82015 0.81457 0.84138 0.88791 0.93279 0.96493 0.98745 0.99821 1
-0.0013502 -0.075666 0.045697 0.088326 -0.27845 -0.6884 0.24689 -0.77049 0.55712 -0.95727 0.22069 0.89717 -0.50728 -0.74657 0.88742 -0.01442 -0.96176 -0.78056 -0.08961 0.60869 0.9787 0.89226 0.48628 -0.036226 -0.47439 -0.77646 -0.94571 -1 -0.93873 -0.76606 -0.50931 -0.19633 0.12684 0.42231 0.64966 0.79899 0.88261 0.90718 0.89012 0.84161 0.79403 0.78876 0.8178 0.86816 0.91746 0.95379 0.98061 0.99516 0.99999
-0.036064 -0.030152 0.022092 0.025345 -0.2108 -0.66539 0.25629 -0.83928 0.68338 -0.90762 0.073255 0.94412 -0.39412 -0.81837 0.83657 0.092318 -0.92928 -0.83716 -0.1803 0.53735 0.9591 0.92535 0.55146 0.036932 -0.41148 -0.73236 -0.92242 -0.99839 -0.95801 -0.80267 -0.55768 -0.25033 0.073385 0.37443 0.6101 0.76822 0.85888 0.8864 0.86828 0.81662 0.76672 0.76184 0.79311 0.84722 0.90087 0.94133 0.97242 0.99074 0.99862
-0.045821 0.02622 -0.0012521 -0.04196 -0.12705 -0.59865 0.25264 -0.87308 0.78528 -0.83404 -0.073823 0.97208 -0.27588 -0.87725 0.77566 0.19659 -0.8878 -0.8854 -0.26834 0.46293 0.93324 0.95226 0.61265 0.10895 -0.34738 -0.68552 -0.89556 -0.9929 -0.97354 -0.83606 -0.60362 -0.30289 0.020409 0.32616 0.5695 0.736 0.8335 0.86396 0.84495 0.79035 0.73834 0.73391 0.76739 0.82517 0.88309 0.92763 0.96294 0.98503 0.99596
-0.020614 0.073727 -0.020565 -0.10481 -0.035811 -0.49467 0.23626 -0.872 0.86051 -0.73943 -0.21725 0.98127 -0.15473 -0.92284 0.70587 0.29732 -0.83808 -0.92516 -0.35309 0.3861 0.90152 0.97306 0.66965 0.17949 -0.28245 -0.63627 -0.86538 -0.98369 -0.9854 -0.86623 -0.64709 -0.35388 -0.031945 0.27765 0.52801 0.70248 0.80659 0.83999 0.82022 0.76291 0.70898 0.70507 0.74073 0.8021 0.8642 0.91276 0.95224 0.97807 0.99206
0.021458 0.0966 -0.033747 -0.15531 0.054443 -0.36184 0.2081 -0.83752 0.90775 -0.62706 -0.35404 0.97223 -0.032732 -0.95502 0.6284 0.39352 -0.78094 -0.95641 -0.43399 0.30752 0.8644 0.98786 0.72229 0.24824 -0.21704 -0.58492 -0.83213 -0.97095 -0.99369 -0.89321 -0.68803 -0.40321 -0.083547 0.22906 0.48578 0.66777 0.77828 0.8146 0.7942 0.7344 0.67874 0.67541 0.71321 0.77809 0.84427 0.89679 0.9404 0.96993 0.98696
0.049066 0.088104 -0.040322 -0.18742 0.13609 -0.2098 0.16968 -0.77232 0.92667 -0.50048 -0.4815 0.94583 0.088147 -0.97385 0.5445 0.48434 -0.7172 -0.97921 -0.51057 0.22782 0.82231 0.99678 0.77045 0.31491 -0.15148 -0.53177 -0.79608 -0.95486 -0.99852 -0.91702 -0.72641 -0.45079 -0.13428 0.18051 0.44294 0.63202 0.74869 0.7879 0.767 0.70493 0.64771 0.64501 0.68492 0.75322 0.82339 0.87978 0.92746 0.96066 0.98073
0.042369 0.052049 -0.041043 -0.19756 0.20294 -0.048636 0.12291 -0.68005 0.91783 -0.36337 -0.59736 0.90321 0.20609 -0.9796 0.4554 0.56901 -0.64772 -0.99367 -0.58239 0.14759 0.77572 1 0.81404 0.37925 -0.08608 -0.47713 -0.75747 -0.9356 -1 -0.93769 -0.76221 -0.49654 -0.18402 0.13213 0.39963 0.59535 0.71794 0.76001 0.73873 0.67458 0.61598 0.61395 0.65594 0.72755 0.80161 0.86181 0.91348 0.95033 0.97342
0.0072047 0.00069485 -0.037355 -0.1849 0.25059 0.11171 0.070033 -0.5651 0.88258 -0.21943 -0.6997 0.84573 0.31945 -0.97269 0.36233 0.64692 -0.57335 -1 -0.64911 0.067405 0.72507 0.99772 0.853 0.44103 -0.021126 -0.42127 -0.71654 -0.91336 -0.99825 -0.95529 -0.7954 -0.5404 -0.23269 0.084041 0.35597 0.55788 0.68613 0.73101 0.70947 0.64345 0.58364 0.58233 0.62634 0.70117 0.77901 0.84294 0.89854 0.93898 0.96507
-0.031112 -0.049774 -0.030853 -0.15127 0.27657 0.26205 0.013493 -0.4324 0.82294 -0.072308 -0.787 0.77491 0.42674 -0.95368 0.26647 0.71754 -0.49493 -0.99845 -0.71041 -0.012215 0.67083 0.99015 0.8873 0.50005 0.043111 -0.36448 -0.67355 -0.88834 -0.99339 -0.96987 -0.826 -0.58232 -0.28018 0.036358 0.31207 0.51973 0.65338 0.70102 0.67932 0.61163 0.55077 0.55021 0.5962 0.67414 0.75565 0.82323 0.88269 0.92666 0.95574
-0.047345 -0.08455 -0.022885 -0.10077 0.28035 0.39443 -0.044213 -0.28718 0.74153 0.074504 -0.85815 0.69243 0.52666 -0.92327 0.169 0.78045 -0.4133 -0.98931 -0.76608 -0.090772 0.61346 0.97753 0.91694 0.55615 0.10638 -0.30702 -0.62872 -0.86072 -0.98556 -0.98149 -0.854 -0.62226 -0.32643 -0.010817 0.26805 0.48101 0.61978 0.67014 0.64838 0.5792 0.51745 0.51768 0.56559 0.64652 0.7316 0.80273 0.86597 0.91344 0.94547
-0.033425 -0.094446 -0.014355 -0.039183 0.26316 0.50244 -0.10063 -0.13476 0.64139 0.21773 -0.91242 0.60004 0.61809 -0.88224 0.071009 0.83533 -0.32927 -0.97295 -0.81592 -0.16781 0.55339 0.96011 0.94195 0.60918 0.16846 -0.24913 -0.58229 -0.8307 -0.97489 -0.99023 -0.87942 -0.66017 -0.37134 -0.057391 0.22402 0.44182 0.58545 0.63845 0.61674 0.54625 0.48375 0.48479 0.53456 0.61839 0.70692 0.78152 0.84846 0.89936 0.93431
-0.0014125 -0.078063 -0.0057115 0.026776 0.22766 0.58146 -0.15346 0.019645 0.52588 0.35439 -0.94943 0.49957 0.70011 -0.83148 -0.026457 0.88199 -0.24362 -0.94974 -0.85982 -0.24291 0.49107 0.93815 0.96238 0.65901 0.22912 -0.19105 -0.53449 -0.79846 -0.96151 -0.99618 -0.90228 -0.69603 -0.41488 -0.10328 0.18008 0.40226 0.55048 0.60605 0.58447 0.51284 0.44974 0.45161 0.5032 0.58981 0.68167 0.75963 0.83019 0.88448 0.92231
0.027251 -0.041374 0.0029085 0.090232 0.17766 0.62868 -0.20062 0.17107 0.39857 0.48181 -0.96916 0.39286 0.77197 -0.77194 -0.12242 0.92028 -0.15712 -0.92012 -0.89771 -0.31569 0.42692 0.91194 0.9783 0.70555 0.28819 -0.133 -0.48553 -0.76419 -0.94557 -0.9994 -0.92262 -0.72983 -0.45696 -0.14839 0.13631 0.36243 0.51496 0.57303 0.55166 0.47907 0.4155 0.41822 0.47155 0.56083 0.6559 0.73714 0.81123 0.86883 0.90952
0.036771 0.0046578 0.011476 0.14487 0.11762 0.64318 -0.24036 0.31495 0.26312 0.59768 -0.97191 0.28172 0.83313 -0.70461 -0.21599 0.95019 -0.070462 -0.88451 -0.92955 -0.38581 0.36134 0.88176 0.98981 0.74871 0.34549 -0.0752 -0.43561 -0.72807 -0.92721 -1 -0.94048 -0.76156 -0.49756 -0.19266 0.092805 0.32242 0.47898 0.53946 0.51839 0.44499 0.38108 0.38467 0.43968 0.53151 0.62968 0.71409 0.79163 0.85248 0.89598
0.025482 0.047534 0.019864 0.18553 0.05233 0.62573 -0.27128 0.44727 0.12314 0.70009 -0.95824 0.16793 0.8832 -0.63051 -0.30634 0.97176 0.015666 -0.84338 -0.95536 -0.45297 0.29474 0.84789 0.997 0.78846 0.40086 -0.017839 -0.38494 -0.69028 -0.90657 -0.99806 -0.95589 -0.79121 -0.53663 -0.23601 0.049648 0.28232 0.44262 0.50544 0.48472 0.41068 0.34656 0.35101 0.40763 0.50191 0.60304 0.69053 0.77142 0.83545 0.88173
0.003877 0.076676 0.027708 0.20865 -0.013485 0.5786 -0.29237 0.56458 -0.017828 0.78748 -0.92899 0.053221 0.92197 -0.55069 -0.39274 0.98511 0.10064 -0.79721 -0.9752 -0.51688 0.22749 0.81062 1 0.82473 0.45416 0.038899 -0.3337 -0.65099 -0.88378 -0.99369 -0.9689 -0.81878 -0.57413 -0.2784 0.0069146 0.24221 0.40597 0.47103 0.45075 0.3762 0.31197 0.3173 0.37547 0.47207 0.57605 0.66651 0.75066 0.81781 0.86681
-0.01438 0.085907 0.034371 0.21246 -0.075492 0.50537 -0.30301 0.66409 -0.15645 0.85873 -0.88518 -0.060788 0.94937 -0.46619 -0.47451 0.99041 0.18387 -0.74649 -0.98917 -0.57732 0.15995 0.77025 0.99895 0.85753 0.50528 0.094843 -0.28209 -0.61037 -0.85899 -0.98697 -0.97957 -0.84429 -0.61004 -0.31975 -0.035326 0.20217 0.3691 0.43632 0.41652 0.34161 0.27739 0.2836 0.34325 0.44204 0.54874 0.64207 0.72939 0.79958 0.85127
-0.021207 0.074492 0.039008 0.19708 -0.12999 0.41058 -0.30302 0.7437 -0.28965 0.91307 -0.82806 -0.17257 0.9655 -0.37804 -0.55109 0.98792 0.26483 -0.6917 -0.99738 -0.6341 0.092466 0.72706 0.99399 0.88684 0.55412 0.14984 -0.23027 -0.56859 -0.83233 -0.97801 -0.98795 -0.86774 -0.64433 -0.36003 -0.077008 0.16226 0.33209 0.40137 0.3821 0.30696 0.24286 0.24995 0.311 0.41188 0.52117 0.61727 0.70766 0.78082 0.83514
-0.017164 0.046682 0.040712 0.16433 -0.17406 0.29948 -0.29256 0.80198 -0.41464 0.9501 -0.75897 -0.28073 0.97056 -0.28727 -0.622 0.97793 0.34302 -0.63333 -1 -0.68703 0.025347 0.68135 0.98529 0.91268 0.60057 0.20373 -0.17841 -0.52581 -0.80395 -0.96691 -0.99411 -0.88916 -0.677 -0.3992 -0.11807 0.12255 0.29501 0.36624 0.34757 0.27232 0.20843 0.21639 0.27877 0.38162 0.49338 0.59214 0.6855 0.76157 0.81846
-0.0084354 0.010122 0.038711 0.11748 -0.20573 0.17767 -0.27218 0.83818 -0.52901 0.96977 -0.67939 -0.384 0.96491 -0.19485 -0.68681 0.96078 0.41801 -0.57187 -0.9972 -0.73599 -0.041103 0.63339 0.973 0.93507 0.64457 0.25641 -0.12666 -0.48217 -0.77397 -0.95378 -0.9981 -0.90858 -0.70802 -0.4372 -0.15846 0.083116 0.25791 0.331 0.31296 0.23774 0.17414 0.18297 0.24661 0.3513 0.46542 0.56672 0.66296 0.74185 0.80127
-0.0011853 -0.026356 0.032556 0.060853 -0.22392 0.050875 -0.24273 0.85218 -0.63071 0.97236 -0.59087 -0.48122 0.94896 -0.10172 -0.74519 0.93684 0.48941 -0.50779 -0.98919 -0.78087 -0.1066 0.58347 0.95729 0.95405 0.68606 0.30773 -0.075166 -0.43784 -0.74253 -0.9387 -1 -0.92601 -0.73739 -0.47401 -0.19813 0.044008 0.22087 0.29571 0.27835 0.20325 0.14005 0.14973 0.21456 0.32098 0.43731 0.54106 0.64008 0.72171 0.78361
0.0023954 -0.054883 0.022273 -0.00061811 -0.22847 -0.075364 -0.20532 0.84447 -0.71808 0.95842 -0.49501 -0.57143 0.92326 -0.008779 -0.79689 0.90654 0.55687 -0.44157 -0.9762 -0.82159 -0.1709 0.53186 0.93836 0.96968 0.72498 0.35759 -0.024066 -0.39294 -0.70975 -0.92179 -0.99987 -0.9415 -0.76512 -0.50961 -0.23702 0.0052841 0.18394 0.26043 0.24377 0.16891 0.10618 0.11671 0.18264 0.29067 0.4091 0.5152 0.61689 0.70118 0.76551
0.0041366 -0.07017 0.0084397 -0.061838 -0.22002 -0.19588 -0.16127 0.81603 -0.78985 0.92877 -0.39342 -0.65377 0.88841 0.08313 -0.84173 0.8703 0.6201 -0.37366 -0.95845 -0.85811 -0.23375 0.47882 0.91636 0.98201 0.7613 0.4059 0.026512 -0.34761 -0.67576 -0.90315 -0.99777 -0.95507 -0.7912 -0.54396 -0.27511 -0.033005 0.14717 0.2252 0.20929 0.13477 0.072579 0.083934 0.1509 0.26043 0.38083 0.48916 0.59343 0.68031 0.74699
0.0069282 -0.070316 -0.0078286 -0.11798 -0.1999 -0.30609 -0.11207 0.76833 -0.84516 0.88444 -0.2877 -0.72754 0.84509 0.17322 -0.87959 0.82858 0.67885 -0.3045 -0.9362 -0.89039 -0.29493 0.4246 0.8915 0.99112 0.79501 0.45258 0.076451 -0.30199 -0.64068 -0.88287 -0.99379 -0.96677 -0.81564 -0.57706 -0.31234 -0.070812 0.11063 0.19009 0.17494 0.10085 0.03928 0.051445 0.11937 0.23027 0.35253 0.46298 0.56973 0.65911 0.72811
0.011498 -0.056758 -0.024981 -0.16484 -0.16998 -0.4021 -0.0593 0.70321 -0.88353 0.82665 -0.17943 -0.79219 0.79402 0.26078 -0.91041 0.78185 0.73291 -0.23451 -0.90972 -0.91843 -0.35425 0.36946 0.86394 0.99709 0.82607 0.49753 0.12564 -0.2562 -0.60464 -0.86107 -0.988 -0.97664 -0.83845 -0.60887 -0.3487 -0.10809 0.074347 0.15513 0.14076 0.067208 0.006315 0.01927 0.088083 0.20024 0.32422 0.4367 0.54582 0.63763 0.70888
0.01534 -0.033516 -0.041204 -0.19914 -0.1325 -0.48084 -0.0045785 0.62282 -0.90481 0.75677 -0.070122 -0.8473 0.73595 0.34513 -0.93422 0.7306 0.78211 -0.16409 -0.87928 -0.94225 -0.41153 0.31363 0.83389 1 0.8545 0.5407 0.17397 -0.21035 -0.56774 -0.83782 -0.98046 -0.98471 -0.85965 -0.6394 -0.38414 -0.14481 0.038377 0.12038 0.10681 0.033865 -0.026286 -0.012563 0.057058 0.17036 0.29595 0.41034 0.52174 0.61589 0.68933
0.014395 -0.0060149 -0.054639 -0.21869 -0.089928 -0.5401 0.050477 0.52955 -0.90923 0.67629 0.038777 -0.89259 0.6717 0.42568 -0.95106 0.67531 0.82634 -0.093644 -0.84515 -0.96189 -0.46662 0.25734 0.80152 0.99995 0.8803 0.58203 0.22136 -0.16455 -0.53009 -0.81324 -0.97125 -0.99103 -0.87925 -0.66863 -0.41864 -0.18092 0.0027611 0.085868 0.073114 0.00085727 -0.058495 -0.044027 0.026326 0.14067 0.26774 0.38394 0.49751 0.59393 0.6695
0.0061581 0.020198 -0.063618 -0.22249 -0.044766 -0.57852 0.10431 0.42592 -0.89728 0.58677 0.1459 -0.92789 0.60205 0.50192 -0.96105 0.61647 0.8655 -0.023521 -0.80762 -0.97741 -0.51936 0.2008 0.76702 0.99703 0.90347 0.62147 0.26772 -0.11891 -0.49181 -0.78742 -0.96044 -0.99566 -0.89726 -0.69655 -0.45218 -0.21639 -0.032463 0.051639 0.039711 -0.031784 -0.090287 -0.075098 -0.0040884 0.11118 0.23962 0.35752 0.47317 0.57177 0.6494
-0.0079452 0.040543 -0.06687 -0.21071 0.00055092 -0.59562 0.15545 0.31458 -0.86975 0.48983 0.25 -0.95318 0.52784 0.57336 -0.96436 0.55456 0.89955 0.045933 -0.76697 -0.98887 -0.56964 0.14423 0.73056 0.99134 0.92405 0.65898 0.31297 -0.073521 -0.453 -0.76044 -0.94811 -0.99863 -0.91372 -0.72317 -0.48473 -0.25119 -0.067258 0.017729 0.0066335 -0.064031 -0.12164 -0.10575 -0.034162 0.081915 0.21161 0.3311 0.44874 0.54944 0.62908
-0.022527 0.052133 -0.063688 -0.18458 0.043791 -0.59167 0.20259 0.19816 -0.82765 0.38712 0.3499 -0.96853 0.44987 0.63962 -0.96119 0.49008 0.92847 0.1144 -0.72349 -0.99637 -0.61735 0.087808 0.69234 0.98301 0.94207 0.69454 0.35704 -0.028484 -0.41374 -0.73241 -0.93433 -1 -0.92865 -0.74849 -0.51629 -0.2853 -0.10159 -0.015828 -0.026087 -0.095859 -0.15252 -0.13598 -0.063875 0.052906 0.18373 0.30473 0.42424 0.52696 0.60855
-0.030635 0.054047 -0.054025 -0.14629 0.083013 -0.56771 0.24454 0.079263 -0.77221 0.28027 0.44457 -0.97412 0.36896 0.70036 -0.95176 0.42348 0.95227 0.18158 -0.67746 -1 -0.6624 0.031728 0.65252 0.97213 0.95755 0.72811 0.39987 0.016118 -0.37415 -0.70341 -0.91917 -0.99982 -0.94206 -0.77251 -0.54684 -0.31868 -0.13543 -0.049001 -0.058423 -0.12724 -0.18293 -0.16574 -0.093208 0.024172 0.15602 0.27841 0.3997 0.50436 0.58784
-0.027281 0.04718 -0.038512 -0.098705 0.11664 -0.52535 0.28033 -0.039598 -0.7048 0.17087 0.53309 -0.97021 0.28588 0.75531 -0.93636 0.35522 0.971 0.24719 -0.62917 -0.99988 -0.70471 -0.02384 0.61127 0.95882 0.97054 0.75967 0.44139 0.060204 -0.33431 -0.67352 -0.90271 -0.99813 -0.954 -0.79524 -0.57636 -0.35132 -0.16875 -0.081761 -0.090348 -0.15816 -0.21283 -0.19504 -0.12214 -0.0042694 0.12849 0.25217 0.37515 0.48166 0.56696
-0.012183 0.033784 -0.018399 -0.045151 0.14348 -0.46676 0.30918 -0.15606 -0.62692 0.060493 0.61466 -0.95715 0.20142 0.80426 -0.91527 0.28576 0.98472 0.311 -0.57887 -0.99612 -0.74424 -0.078735 0.56878 0.9432 0.98109 0.78923 0.48157 0.1037 -0.2943 -0.64283 -0.88501 -0.995 -0.96448 -0.81668 -0.60485 -0.3832 -0.20152 -0.11408 -0.12184 -0.18859 -0.24222 -0.22385 -0.15066 -0.032399 0.10115 0.22603 0.3506 0.45888 0.54595
0.0096891 0.016846 0.0045685 0.010816 0.16277 -0.39449 0.3305 -0.26793 -0.54017 -0.049391 0.6886 -0.93537 0.11629 0.84705 -0.88881 0.21551 0.99353 0.37276 -0.52685 -0.98887 -0.78093 -0.1328 0.52519 0.92538 0.98926 0.81678 0.52035 0.14654 -0.2542 -0.61143 -0.86614 -0.99046 -0.97355 -0.83684 -0.63231 -0.41429 -0.23372 -0.14593 -0.15287 -0.21852 -0.27108 -0.25216 -0.17875 -0.060201 0.074042 0.20001 0.32607 0.43605 0.52483
0.03004 -0.00055982 0.028331 0.065673 0.17415 -0.31136 0.34393 -0.37325 -0.44619 -0.15738 0.75437 -0.90536 0.031211 0.88359 -0.85733 0.14489 0.99755 0.43226 -0.47338 -0.97825 -0.81475 -0.18591 0.48067 0.90547 0.99509 0.84231 0.55769 0.18865 -0.21411 -0.57938 -0.84618 -0.98458 -0.98122 -0.85574 -0.65872 -0.44459 -0.26533 -0.1773 -0.18342 -0.24793 -0.29939 -0.27996 -0.2064 -0.087659 0.047166 0.17414 0.3016 0.41319 0.50361
0.040716 -0.015801 0.050718 0.11614 0.17765 -0.22038 0.34931 -0.47026 -0.34665 -0.26219 0.81154 -0.86764 -0.053158 0.91382 -0.82116 0.074291 0.9969 0.48934 -0.41869 -0.96442 -0.84568 -0.23792 0.43537 0.88361 0.99865 0.86583 0.59358 0.22997 -0.17408 -0.54677 -0.82519 -0.9774 -0.98754 -0.87339 -0.68409 -0.47408 -0.29632 -0.20816 -0.21347 -0.27681 -0.32714 -0.30723 -0.2336 -0.11476 0.020544 0.14842 0.27718 0.39032 0.48231
0.037111 -0.027042 0.069658 0.15936 0.17362 -0.12461 0.34667 -0.5575 -0.24324 -0.36262 0.85979 -0.82281 -0.13619 0.93775 -0.78069 0.0040808 0.99174 0.54381 -0.36306 -0.94752 -0.87371 -0.28872 0.38944 0.8599 1 0.88736 0.62797 0.27046 -0.13419 -0.51366 -0.80324 -0.96898 -0.99253 -0.8898 -0.70841 -0.50275 -0.32669 -0.23849 -0.24301 -0.30514 -0.35433 -0.33398 -0.26032 -0.14149 -0.005811 0.12287 0.25285 0.36744 0.46095
0.020039 -0.033389 0.083378 0.19305 0.16273 -0.027061 0.33623 -0.63372 -0.13758 -0.4576 0.89891 -0.77148 -0.21731 0.95542 -0.73628 -0.065392 0.98224 0.59553 -0.30671 -0.92771 -0.89886 -0.3382 0.34302 0.83446 0.99921 0.90692 0.66084 0.31006 -0.094502 -0.48014 -0.7804 -0.95937 -0.99624 -0.905 -0.73169 -0.53058 -0.35641 -0.26827 -0.27203 -0.33291 -0.38094 -0.36018 -0.28658 -0.16784 -0.031884 0.097517 0.22862 0.34459 0.43956
-0.004622 -0.034834 0.090559 0.21559 0.14587 0.069369 0.31838 -0.69796 -0.031261 -0.54619 0.92881 -0.7143 -0.29597 0.96691 -0.6883 -0.1338 0.96857 0.64439 -0.24987 -0.90514 -0.92112 -0.38626 0.29625 0.8074 0.99635 0.92451 0.69219 0.34873 -0.055085 -0.44626 -0.75671 -0.94862 -0.9987 -0.919 -0.75394 -0.55758 -0.38547 -0.2975 -0.30049 -0.36011 -0.40697 -0.38583 -0.31235 -0.19379 -0.057662 0.072365 0.2045 0.32178 0.41814
-0.028265 -0.032073 0.090454 0.22606 0.1241 0.162 0.29364 -0.74954 0.07421 -0.62758 0.94949 -0.65192 -0.3717 0.97235 -0.63715 -0.20084 0.95093 0.69027 -0.19277 -0.87999 -0.94054 -0.43282 0.24925 0.77885 0.99148 0.94018 0.722 0.38642 -0.015994 -0.4121 -0.73226 -0.93678 -0.99994 -0.93182 -0.77515 -0.58374 -0.41386 -0.32615 -0.32841 -0.38673 -0.43241 -0.41092 -0.33762 -0.21935 -0.083134 0.047431 0.18051 0.29902 0.39671
-0.0428 -0.026232 0.082937 0.22425 0.098589 0.24842 0.26269 -0.78802 0.17741 -0.70106 0.96105 -0.58502 -0.44404 0.9719 -0.58318 -0.26623 0.92952 0.73309 -0.13562 -0.8524 -0.95712 -0.47778 0.20216 0.74891 0.98469 0.95394 0.75025 0.4231 0.022717 -0.37771 -0.7071 -0.92391 -1 -0.94348 -0.79533 -0.60905 -0.44157 -0.35421 -0.35575 -0.41276 -0.45726 -0.43546 -0.36241 -0.24449 -0.10829 0.022726 0.15667 0.27632 0.3753
-0.043515 -0.01859 0.068505 0.21063 0.070573 0.32652 0.2263 -0.81319 0.27704 -0.76607 0.96367 -0.51428 -0.51261 0.96575 -0.52679 -0.32972 0.90455 0.77279 -0.078607 -0.82255 -0.97092 -0.52109 0.1551 0.7177 0.97604 0.96584 0.77695 0.45874 0.060996 -0.34316 -0.68128 -0.91004 -0.99892 -0.954 -0.81449 -0.63351 -0.46859 -0.38168 -0.38252 -0.4382 -0.48151 -0.45943 -0.38668 -0.26921 -0.13311 -0.0017367 0.13298 0.25371 0.3539
-0.03053 -0.01034 0.048222 0.18627 0.041268 0.39456 0.1853 -0.8251 0.37189 -0.82218 0.9576 -0.44036 -0.57705 0.9541 -0.46834 -0.39106 0.87622 0.8093 -0.021932 -0.79059 -0.98198 -0.56268 0.10816 0.68532 0.96561 0.97589 0.80209 0.49331 0.098795 -0.30849 -0.65486 -0.89524 -0.99673 -0.96341 -0.83265 -0.65713 -0.49491 -0.40854 -0.40871 -0.46304 -0.50515 -0.48283 -0.41045 -0.2935 -0.1576 -0.025947 0.10946 0.2312 0.33255
-0.0084411 -0.0024293 0.023613 0.15273 0.011846 0.45116 0.14063 -0.824 0.46091 -0.86907 0.94317 -0.36394 -0.63708 0.9372 -0.40819 -0.45005 0.84476 0.8426 0.03423 -0.75668 -0.99036 -0.6025 0.061472 0.65188 0.95348 0.98415 0.82568 0.52678 0.13607 -0.27378 -0.62791 -0.87954 -0.99346 -0.97172 -0.8498 -0.67989 -0.52053 -0.43478 -0.4343 -0.48728 -0.52819 -0.50567 -0.43371 -0.31737 -0.18175 -0.049896 0.086121 0.20879 0.31124
0.015513 0.0045217 -0.0034695 0.11197 -0.016616 0.49531 0.093209 -0.81033 0.54314 -0.90654 0.92077 -0.28567 -0.69242 0.9153 -0.3467 -0.50649 0.81039 0.87265 0.089711 -0.72099 -0.99611 -0.64049 0.015122 0.61748 0.93971 0.99065 0.84772 0.55914 0.17278 -0.23906 -0.60046 -0.863 -0.98917 -0.97897 -0.86596 -0.7018 -0.54544 -0.4604 -0.4593 -0.51091 -0.55063 -0.52793 -0.45645 -0.34079 -0.20554 -0.073572 0.062972 0.18651 0.29
0.033993 0.010208 -0.030999 0.066208 -0.043163 0.52641 0.044019 -0.78471 0.6178 -0.93448 0.89083 -0.20617 -0.74289 0.88867 -0.28421 -0.56021 0.77334 0.89946 0.14436 -0.68367 -0.9993 -0.67663 -0.030791 0.58223 0.9244 0.99543 0.86822 0.59036 0.20888 -0.20439 -0.57258 -0.84566 -0.98387 -0.98516 -0.88115 -0.72287 -0.56964 -0.4854 -0.4837 -0.53394 -0.57246 -0.54962 -0.47868 -0.36378 -0.22898 -0.096968 0.040025 0.16435 0.26882
0.041882 0.014578 -0.056942 0.017789 -0.066991 0.54418 -0.0059849 -0.74792 0.68421 -0.95293 0.85385 -0.12605 -0.7883 0.85762 -0.22105 -0.61108 0.73381 0.92303 0.19802 -0.64489 -1 -0.71088 -0.076179 0.54623 0.90761 0.99853 0.8872 0.62043 0.24435 -0.16982 -0.54431 -0.82758 -0.97762 -0.99034 -0.89538 -0.7431 -0.59313 -0.50977 -0.50749 -0.55635 -0.59368 -0.57074 -0.50039 -0.38632 -0.25205 -0.12008 0.017288 0.14234 0.24774
0.037682 0.017735 -0.079412 -0.03093 -0.087454 0.54871 -0.055867 -0.70085 0.74185 -0.96199 0.81033 -0.045912 -0.82855 0.82244 -0.15754 -0.65896 0.69205 0.94338 0.25056 -0.60478 -0.99828 -0.74322 -0.12096 0.50956 0.88942 1 0.90466 0.64933 0.27914 -0.13538 -0.51571 -0.80878 -0.97044 -0.99452 -0.90866 -0.76249 -0.6159 -0.5335 -0.53067 -0.57816 -0.61429 -0.59128 -0.52158 -0.40841 -0.27475 -0.14289 -0.0052297 0.12048 0.22675
0.023565 0.019834 -0.096799 -0.077695 -0.10408 0.5404 -0.10473 -0.64451 0.79032 -0.96187 0.76084 0.0337 -0.86353 0.78344 -0.093987 -0.70374 0.64826 0.96053 0.30186 -0.56351 -0.99421 -0.77362 -0.16505 0.47232 0.8699 0.99989 0.92064 0.67707 0.31323 -0.10113 -0.48681 -0.78932 -0.96237 -0.99773 -0.921 -0.78106 -0.63796 -0.55659 -0.55324 -0.59935 -0.63431 -0.61126 -0.54225 -0.43005 -0.29707 -0.1654 -0.02752 0.098777 0.20586
0.0043716 0.020997 -0.10789 -0.12045 -0.11657 0.51994 -0.15173 -0.57997 0.82936 -0.95283 0.70594 0.11226 -0.89321 0.74093 -0.030675 -0.74534 0.60267 0.97452 0.3518 -0.52121 -0.98788 -0.80209 -0.20838 0.43461 0.84914 0.99824 0.93513 0.70363 0.3466 -0.067096 -0.45767 -0.76924 -0.95345 -1 -0.93242 -0.79879 -0.6593 -0.57904 -0.5752 -0.61993 -0.65372 -0.63066 -0.5624 -0.45123 -0.31902 -0.18761 -0.049576 0.077245 0.18509
