0.0076109 -0.00083969 -0.00049155 -0.013291 0.019181 0.036803 -0.05103 -0.044784 -0.064009 -0.0085401 -0.056729 0.08542 0.11564 -0.061752 -0.020692 0.046314 0.29298 -0.37808 0.47543 -0.17689 -0.58839 -0.5279 -0.54592 -0.66616 -0.54755 0.24755 0.66751 -0.54178 -0.029924 0.45221 -0.65318 0.72842 -0.74868 0.72245 -0.61457 0.34884 0.08852 -0.57698 0.81964 -0.52523 -0.24212 0.81938 -0.43082 -0.60608 0.66179 0.47084 -0.71847 -0.38245 0.8299
-0.0043952 -0.0099531 -0.0068637 -0.00048902 0.026447 0.05145 0.018101 0.0023355 0.025756 -0.0066046 0.10188 -0.11076 0.072845 0.049016 0.088651 0.13419 -0.34912 0.4449 -0.40106 -0.38295 0.088496 0.23469 0.041508 -0.4312 -0.71858 0.091044 0.69511 -0.66302 0.28924 0.021054 -0.17797 0.20769 -0.12954 -0.084845 0.40414 -0.72602 0.81739 -0.4629 -0.25968 0.81341 -0.58093 -0.36132 0.84402 0.029273 -0.86175 0.012998 0.8659 0.012364 -0.848
0.0073874 0.0034015 -0.015882 0.0083815 -0.040139 -0.0319 0.0012992 -0.02633 0.050215 -0.052198 0.14039 -0.097505 0.0473 0.014481 -0.10782 -0.1894 0.38515 -0.37007 -0.23386 0.41739 0.62634 0.6304 0.37358 -0.30868 -0.7333 0.2884 0.48624 -0.77832 0.75476 -0.68271 0.67297 -0.72541 0.79906 -0.81364 0.62901 -0.14508 -0.49267 0.84548 -0.48495 -0.3906 0.85348 -0.17141 -0.80133 0.36596 0.79676 -0.28333 -0.85339 0.13994 0.83165
-0.0047196 -0.0069503 0.019246 0.0001519 -0.016117 0.030637 -0.025653 0.024126 0.015261 -0.026852 0.16754 0.087547 0.035196 -0.032585 0.15234 0.064768 -0.11934 -0.31108 0.44184 0.64576 0.6663 0.70908 0.38777 -0.4747 -0.58884 0.68939 -0.17066 -0.27216 0.48589 -0.53355 0.46046 -0.27116 -0.038031 0.45412 -0.7935 0.7566 -0.17275 -0.61444 0.81093 -0.054669 -0.8083 0.46728 0.68213 -0.52718 -0.74664 0.34216 0.85914 -0.087089 -0.86327
-0.0051987 -0.0037377 0.0030092 -0.014777 -0.02525 0.0664 -0.085415 -0.038667 -0.10536 -0.055352 0.17966 0.13699 -0.038206 -0.0026707 -0.23009 0.30154 -0.46887 0.26295 0.62754 0.59761 0.66798 0.70081 0.093264 -0.75176 0.0068039 0.66155 -0.80272 0.72212 -0.67192 0.71361 -0.80222 0.8304 -0.68116 0.24846 0.38641 -0.83595 0.59172 0.2887 -0.86469 0.29666 0.7355 -0.55969 -0.65818 0.51723 0.7892 -0.2171 -0.8854 -0.15417 0.87239
0.0080853 -6.2835e-05 -0.0071427 0.026285 -0.0071733 0.052177 0.08578 -0.05902 -0.06394 -0.045555 -0.11098 -0.14091 0.052143 0.13947 0.061562 -0.18345 -0.17466 0.53352 0.63049 0.63185 0.73473 0.46911 -0.49831 -0.54138 0.76001 -0.34956 -0.048037 0.23472 -0.22438 0.041438 0.28273 -0.64053 0.84591 -0.67037 0.02475 0.71024 -0.75949 -0.10461 0.85883 -0.34505 -0.74987 0.49901 0.74788 -0.34548 -0.87454 -0.091701 0.8176 0.53224 -0.69464
-0.0085711 -0.004603 0.0037287 0.015458 -0.0416 -0.045536 -0.073321 0.045367 -0.035823 0.11314 -0.047566 0.10527 -0.16776 -0.18384 0.32202 -0.44299 0.10372 0.60105 0.67669 0.72376 0.59133 -0.21724 -0.75862 0.46571 0.26213 -0.67169 0.79947 -0.82058 0.79197 -0.64528 0.2918 0.239 -0.7284 0.82166 -0.25136 -0.62066 0.79886 0.10206 -0.87405 0.2229 0.83715 -0.27328 -0.8698 -0.013362 0.8522 0.53036 -0.48846 -0.85774 0.18616
3.103e-05 0.0079813 0.0013038 0.026607 0.0065587 0.041771 -0.0064632 0.066789 -0.026714 -0.013192 0.073151 -0.058857 0.22184 -0.21334 0.22444 -0.46561 0.17017 0.56824 0.65137 0.51923 -0.12051 -0.79417 0.1749 0.60763 -0.82683 0.73111 -0.64689 0.68379 -0.8035 0.84848 -0.61803 0.051529 0.60469 -0.85717 0.29717 0.64528 -0.75858 -0.26866 0.8721 0.071558 -0.88634 -0.1367 0.84852 0.50676 -0.52624 -0.87297 -0.15131 0.78932 0.52997
-0.0087653 7.1694e-05 0.011039 -0.03432 0.014326 -0.053243 -0.0091956 -0.0066138 -0.058215 -0.049587 0.014505 0.003954 0.19987 -0.0068055 0.082392 -0.48736 0.0082105 0.2975 0.20926 -0.27397 -0.79081 0.0080478 0.74769 -0.74714 0.41645 -0.17534 0.13657 -0.29912 0.59964 -0.84637 0.74653 -0.16585 -0.58675 0.85468 -0.18067 -0.76417 0.59828 0.55878 -0.7308 -0.49422 0.71331 0.63276 -0.48061 -0.87733 -0.14963 0.74478 0.78905 -0.11922 -0.90139
-0.0064847 0.0078559 0.004689 0.0090368 -0.031585 -0.042678 -0.047849 -0.097984 0.073988 0.0089201 -0.14622 -0.019901 -0.11861 0.15314 0.062713 -0.55526 -0.37514 -0.32534 -0.59069 -0.76049 0.038102 0.78632 -0.65645 0.16479 0.20963 -0.34442 0.27719 -0.006206 -0.43377 0.82088 -0.76802 0.11491 0.68199 -0.79266 -0.09691 0.87825 -0.24319 -0.83697 0.31876 0.85059 -0.18121 -0.9015 -0.2378 0.7189 0.80686 0.0081774 -0.79212 -0.73065 0.37082
-0.0088216 -0.0028524 -0.024278 0.017872 -0.010242 0.025729 -0.071716 0.019541 -0.072041 0.14201 0.080751 -0.043703 -0.33413 0.19902 0.20507 -0.493 -0.67097 -0.71976 -0.52126 0.29811 0.7563 -0.62546 0.043983 0.4047 -0.61309 0.63336 -0.49746 0.14854 0.39578 -0.84085 0.70431 0.09236 -0.82743 0.58258 0.49352 -0.81069 -0.30025 0.84973 0.33407 -0.79864 -0.55086 0.56217 0.85481 0.084803 -0.75918 -0.81659 -0.077956 0.77853 0.65434
0.0019217 0.015544 0.0071581 0.034284 -0.0039382 0.033432 0.034206 0.001485 0.12309 -0.21006 0.10925 0.0012812 -0.42287 0.10797 0.45264 -0.022808 -0.21269 0.068492 0.66552 0.57685 -0.7013 0.042138 0.46887 -0.71263 0.78689 -0.74943 0.56554 -0.13285 -0.49283 0.88269 -0.51119 -0.42776 0.88305 -0.14425 -0.83813 0.38959 0.80236 -0.37016 -0.86003 0.14066 0.90494 0.32591 -0.67144 -0.8582 -0.16985 0.66621 0.89179 0.24541 -0.77284
0.0014735 0.010054 0.019126 0.026624 0.042903 -0.020866 0.09922 0.022431 -0.183 -0.099607 0.046364 0.052211 -0.42191 -0.16254 0.49732 0.60219 0.67246 0.73317 0.1052 -0.81741 0.20577 0.43616 -0.73204 0.82784 -0.84117 0.76918 -0.51241 -0.032199 0.68461 -0.84996 0.13262 0.77418 -0.65948 -0.45471 0.82558 0.33066 -0.82651 -0.45238 0.70118 0.71033 -0.35264 -0.9121 -0.32771 0.57646 0.91238 0.44309 -0.39454 -0.91499 -0.37383
-0.0067735 -0.0092207 -0.0084828 0.00070545 -0.036535 -0.063907 -0.12942 -0.038506 0.04066 0.11983 0.021419 0.061426 -0.25348 -0.48636 -0.04663 0.27392 0.11226 -0.52674 -0.70736 0.53654 0.25495 -0.69067 0.82957 -0.85901 0.84303 -0.70976 0.3263 0.33051 -0.86586 0.60578 0.39597 -0.88637 0.066464 0.88013 -0.24668 -0.87659 0.13286 0.91014 0.2082 -0.80625 -0.66384 0.33232 0.91405 0.56248 -0.26971 -0.86617 -0.77977 -0.0081462 0.85837
0.015601 0.016509 0.013948 -0.023869 -0.057727 0.045746 0.12026 -0.023124 0.21022 0.1931 0.030849 -0.011381 0.18461 -0.37006 -0.6076 -0.67336 -0.7277 -0.13801 0.81595 -0.14249 -0.5321 0.79186 -0.85417 0.85334 -0.78779 0.53201 0.014676 -0.6836 0.8542 -0.075308 -0.83878 0.51036 0.65039 -0.67657 -0.60271 0.62243 0.75189 -0.34762 -0.90822 -0.1655 0.78253 0.76448 -0.078783 -0.80158 -0.85068 -0.25618 0.51959 0.92497 0.35847
0.0028127 -0.0095633 0.017451 -0.0087562 -0.073551 -0.021343 -0.10147 0.12235 0.085055 0.18622 0.040993 -0.18644 0.62803 0.36432 0.082797 0.12389 0.62293 0.62841 -0.64421 -0.14875 0.6551 -0.81347 0.83608 -0.78891 0.61576 -0.18348 -0.46764 0.89852 -0.47006 -0.58302 0.80516 0.28917 -0.88516 -0.1877 0.87903 0.36282 -0.74779 -0.70485 0.34134 0.91923 0.34145 -0.60895 -0.90976 -0.41418 0.37696 0.8869 0.79148 0.080407 -0.80917
0.014478 -0.0022189 -0.015153 0.040933 -0.087571 0.0092123 0.037859 0.038403 -0.06457 0.16626 0.0096921 -0.33151 0.30708 0.43976 0.57936 0.51467 -0.16448 -0.81624 0.43416 0.29492 -0.67373 0.77366 -0.74286 0.59623 -0.25855 -0.31795 0.84497 -0.71655 -0.24855 0.91028 -0.11331 -0.89038 0.2271 0.89304 -0.087303 -0.91024 -0.31982 0.72539 0.78621 -0.14443 -0.88441 -0.66672 0.17242 0.81965 0.8694 0.3503 -0.38588 -0.9041 -0.5883
0.0070224 0.0060409 0.0071482 -0.0018995 -0.0083837 -0.032236 0.040714 -0.1258 -0.13115 0.13341 -0.08857 -0.12233 -0.62324 -0.55898 -0.60031 -0.75346 -0.26179 0.82768 -0.30605 -0.30941 0.59891 -0.63707 0.5052 -0.20939 -0.27129 0.78717 -0.83534 0.04953 0.85516 -0.47073 -0.74253 0.55315 0.73978 -0.46394 -0.85748 0.10961 0.90688 0.47124 -0.54814 -0.90677 -0.26298 0.62436 0.92273 0.51595 -0.21236 -0.79596 -0.90681 -0.41115 0.55482
-0.00072161 0.0033875 -0.0088257 -0.036538 0.07525 0.09564 0.0031114 -0.19533 -0.13504 0.05821 -0.15948 0.36311 -0.21977 0.005832 0.18746 0.66439 0.52833 -0.7978 0.29527 0.1991 -0.40348 0.34544 -0.075292 -0.33893 0.77631 -0.87829 0.25004 0.72206 -0.7166 -0.49049 0.78643 0.5016 -0.72899 -0.66344 0.48075 0.89108 0.084236 -0.8191 -0.74226 0.15904 0.87182 0.74971 0.012235 -0.68015 -0.93357 -0.65342 -0.016475 0.6917 0.8823
-0.012773 -0.0092174 -0.012673 -0.056435 -0.02575 -0.12312 -0.0096267 -0.19761 -0.097643 -0.049167 0.0027131 0.18038 0.76251 0.52189 0.25276 -0.46566 -0.65764 0.79765 -0.40068 0.039619 0.057645 0.11782 -0.4763 0.82067 -0.88585 0.34354 0.5998 -0.84647 -0.21564 0.90573 0.21015 -0.87433 -0.4022 0.73239 0.73388 -0.28637 -0.92541 -0.45458 0.50945 0.92854 0.4383 -0.42034 -0.9133 -0.77986 -0.21123 0.45629 0.88617 0.82577 0.031218
-0.016774 -0.0054117 -0.0093379 -0.033125 -0.026152 -0.009829 -0.054069 -0.19597 -0.024257 -0.080534 0.24426 -0.47794 -0.5039 -0.71027 -0.54121 0.3015 0.69724 -0.83835 0.59549 -0.38677 0.40519 -0.63714 0.88495 -0.8557 0.34056 0.53893 -0.89963 0.014221 0.9194 -0.09132 -0.92548 -0.13478 0.87568 0.50603 -0.58501 -0.88494 -0.12034 0.76675 0.84007 0.087071 -0.72162 -0.91029 -0.42826 0.27282 0.80215 0.92633 0.60705 -0.091654 -0.84337
-0.01993 0.012815 -0.0080465 0.03647 0.053489 0.10994 -0.10353 -0.20871 0.062308 0.032556 -0.025375 0.1683 -0.088939 0.63862 0.68478 -0.22959 -0.66557 0.88167 -0.80861 0.74601 -0.81855 0.92306 -0.78417 0.23437 0.55666 -0.91516 0.1596 0.87183 -0.34441 -0.88563 0.13996 0.92661 0.25412 -0.77931 -0.74392 0.20312 0.90418 0.64514 -0.23707 -0.88822 -0.76035 -0.04978 0.65883 0.9388 0.74741 0.21842 -0.40584 -0.88473 -0.7475
0.0021788 0.007794 0.01128 0.02803 -0.047255 0.077703 -0.13903 -0.20485 0.10432 0.064859 -0.29225 0.30368 0.5644 -0.47875 -0.7444 0.26335 0.54448 -0.84556 0.90613 -0.91788 0.89359 -0.65618 0.061476 0.65005 -0.91502 0.21166 0.82181 -0.52015 -0.7855 0.39454 0.90701 0.017457 -0.88989 -0.55423 0.47774 0.92912 0.39194 -0.52182 -0.93727 -0.5325 0.28581 0.86748 0.86436 0.40898 -0.21366 -0.73173 -0.94301 -0.70358 0.12693
0.008547 0.013637 0.0019443 -0.010106 -0.027453 0.024092 -0.16494 -0.12373 0.06493 -0.099594 0.28531 -0.56223 -0.80206 0.34631 0.76332 -0.39666 -0.29708 0.62587 -0.72138 0.67654 -0.41462 -0.14806 0.77066 -0.88486 0.17522 0.80432 -0.61669 -0.67177 0.58984 0.8212 -0.2211 -0.93153 -0.34584 0.67424 0.87061 0.11953 -0.7338 -0.89218 -0.27925 0.55352 0.93937 0.67049 0.014375 -0.58958 -0.91664 -0.8724 -0.48833 0.17845 0.8596
0.0011304 -0.014534 -0.009005 -0.031659 0.12305 0.00039506 -0.17464 0.046227 -0.013216 0.012346 -0.014714 0.56746 0.87288 -0.29165 -0.74721 0.60017 -0.090548 -0.16372 0.17719 0.0089532 -0.42829 0.87179 -0.8158 0.043387 0.83063 -0.64325 -0.5939 0.7142 0.69936 -0.44239 -0.92093 -0.1473 0.80993 0.76038 -0.13872 -0.86667 -0.77359 -0.0097039 0.74377 0.91458 0.42983 -0.31188 -0.83636 -0.93011 -0.65118 -0.13685 0.42675 0.8752 0.80748
-0.022812 -0.015723 0.025728 0.05463 -0.036535 0.00058208 -0.13182 0.16167 -0.073549 0.12615 -0.2717 -0.44024 -0.87812 0.3287 0.66605 -0.80071 0.54755 -0.445 0.53738 -0.75072 0.93816 -0.69732 -0.13984 0.88698 -0.60873 -0.57574 0.77754 0.58085 -0.61297 -0.85699 0.064046 0.89093 0.62193 -0.34954 -0.93119 -0.60483 0.24111 0.87319 0.82604 0.18122 -0.56063 -0.93539 -0.79445 -0.32866 0.23741 0.7095 0.94005 0.80362 0.088226
-0.011804 0.016988 0.039037 -0.044811 -0.11878 0.023142 0.0032468 0.049618 -0.036541 -0.19494 0.43738 0.29653 0.88296 -0.45191 -0.46897 0.86938 -0.87489 0.88511 -0.93022 0.874 -0.48075 -0.33617 0.93631 -0.49847 -0.62098 0.79139 0.50665 -0.72231 -0.76132 0.27414 0.93634 0.47764 -0.52344 -0.93632 -0.41499 0.45808 0.93547 0.68486 -0.048969 -0.73962 -0.93852 -0.59729 0.019569 0.56671 0.89344 0.92529 0.66254 0.093111 -0.68116
-0.007916 -0.011937 -0.027098 -0.004957 -0.034708 0.073971 0.17811 -0.10946 0.1157 0.15324 -0.48359 -0.20022 -0.90712 0.63243 0.11932 -0.65864 0.80348 -0.76296 0.54986 -0.098401 -0.57546 0.94757 -0.33978 -0.71986 0.76299 0.49484 -0.77786 -0.66546 0.44787 0.93849 0.30666 -0.65639 -0.90391 -0.23524 0.6346 0.93753 0.51309 -0.27277 -0.85541 -0.88109 -0.38386 0.29756 0.79832 0.9503 0.79009 0.3954 -0.11811 -0.66884 -0.94574
-0.0096911 0.012112 0.0084537 0.053743 0.053193 0.14332 0.19043 -0.0058766 -0.024568 -0.041941 0.46779 0.17674 0.92945 -0.80208 0.34598 0.11816 -0.21466 0.0057543 0.404 -0.82868 0.89713 -0.15696 -0.82643 0.67524 0.54627 -0.78775 -0.6062 0.568 0.90412 0.11649 -0.77614 -0.84853 -0.064316 0.7569 0.89763 0.32493 -0.46757 -0.92615 -0.78761 -0.17433 0.51155 0.91158 0.88747 0.5577 0.076822 -0.41606 -0.79501 -0.95128 -0.57691
-0.015016 0.022714 -0.025704 -0.042304 0.081835 0.17503 -0.057871 0.057205 -0.13043 -0.081782 -0.44454 -0.23329 -0.8928 0.84599 -0.76103 0.55598 -0.58994 0.80614 -0.94498 0.70346 0.094996 -0.90475 0.5472 0.65285 -0.75769 -0.59972 0.63168 0.85423 -0.057557 -0.87061 -0.76159 0.086339 0.84468 0.83071 0.13789 -0.62793 -0.94932 -0.65851 0.016262 0.67362 0.94997 0.76545 0.27839 -0.24513 -0.67473 -0.91921 -0.9254 -0.6171 0.13819
0.0017143 -0.012312 0.044448 0.011965 0.076529 0.079606 -0.19784 -0.051416 0.21854 0.18409 0.44719 0.36572 0.71734 -0.6359 0.85473 -0.90904 0.92378 -0.78405 0.30658 0.43994 -0.95553 0.39726 0.76829 -0.6716 -0.64654 0.64129 0.82069 -0.19035 -0.9263 -0.64094 0.25055 0.90127 0.74672 -0.023825 -0.75492 -0.92982 -0.50974 0.20687 0.78916 0.94095 0.62044 0.038019 -0.52008 -0.85682 -0.95396 -0.81605 -0.47808 0.076855 0.75536
0.0082401 -0.032947 -0.041653 0.044372 0.072525 -0.12941 0.063809 0.054643 -0.20752 -0.25606 -0.48834 -0.55029 -0.33971 0.12734 -0.43087 0.54147 -0.3294 -0.19445 0.78087 -0.91857 0.1805 0.85813 -0.55184 -0.73703 0.60193 0.81822 -0.2648 -0.94776 -0.51107 0.41837 0.9412 0.65693 -0.17162 -0.83866 -0.88249 -0.34876 0.37883 0.87721 0.9011 0.46868 -0.16403 -0.69958 -0.94439 -0.89291 -0.62743 -0.22368 0.23462 0.71008 0.95181
-0.0053976 -0.026164 0.011296 -0.02152 0.091895 -0.19914 0.13555 -0.057352 0.13388 0.3 0.56132 0.72747 -0.21514 0.51441 -0.3511 0.36546 -0.67355 0.94458 -0.70376 -0.14774 0.93553 -0.41943 -0.83006 0.50128 0.84865 -0.27614 -0.95478 -0.39769 0.55909 0.95346 0.53831 -0.29863 -0.89715 -0.81847 -0.18812 0.5286 0.93073 0.83101 0.32258 -0.33457 -0.81608 -0.95356 -0.75596 -0.38222 0.058838 0.47956 0.80216 0.95778 0.66715
0.011238 -0.015485 0.015989 -0.090142 0.13762 0.055068 -0.1334 0.030342 -0.044578 -0.31697 -0.63688 -0.79408 0.76267 -0.89307 0.88953 -0.92776 0.85248 -0.32608 -0.53314 0.96003 -0.23052 -0.89693 0.37359 0.89953 -0.22888 -0.95792 -0.32912 0.65797 0.93667 0.39034 -0.43929 -0.93291 -0.74231 -0.048574 0.65615 0.95089 0.73872 0.16309 -0.47348 -0.89118 -0.921 -0.60713 -0.12107 0.33432 0.69561 0.91259 0.94972 0.73379 0.078211
0.018403 -0.034323 0.011475 -0.11452 0.17401 0.20584 0.024829 0.027588 -0.029459 0.29992 0.65951 0.63071 -0.97782 0.62411 -0.58385 0.39984 0.15975 -0.82428 0.84819 0.062449 -0.95202 0.24776 0.94415 -0.11739 -0.96158 -0.3163 0.71327 0.90271 0.2414 -0.58297 -0.955 -0.662 0.082766 0.74795 0.94802 0.62736 0.0062678 -0.60449 -0.93451 -0.86559 -0.4614 0.085226 0.56586 0.85415 0.95947 0.88531 0.64446 0.18221 -0.52947
-0.014533 -0.0075986 -0.02485 -0.11043 0.12058 -0.10554 0.050195 -0.098242 0.072953 -0.23286 -0.55559 -0.18467 0.59612 0.21475 -0.38586 0.67692 -0.95418 0.58782 0.42156 -0.96341 0.077527 0.96613 0.011639 -0.95253 -0.35727 0.72713 0.87675 0.11574 -0.70151 -0.95157 -0.55221 0.19948 0.82134 0.92504 0.50825 -0.14534 -0.7144 -0.95682 -0.79852 -0.32231 0.2511 0.71417 0.93976 0.93287 0.75562 0.45056 0.06177 -0.43253 -0.90454
-0.0093234 0.016826 -0.056602 -0.099586 -0.06083 -0.12616 -0.067175 0.16487 -0.077519 0.09738 0.26882 -0.41699 0.25914 -0.88932 0.92372 -0.80989 0.20183 0.71888 -0.86579 -0.1803 0.97025 0.12228 -0.93143 -0.44941 0.70592 0.87073 0.036578 -0.78307 -0.9218 -0.4106 0.33744 0.87571 0.88821 0.39759 -0.28745 -0.80199 -0.95534 -0.70997 -0.19551 0.38918 0.81179 0.96153 0.84326 0.5712 0.21652 -0.16782 -0.53151 -0.85877 -0.92289
-0.0019067 0.025372 0.0046717 -0.088037 -0.21168 0.19387 0.062821 -0.22006 0.035271 0.11081 0.17499 0.83188 -0.94523 0.60225 -0.23667 -0.31468 0.91487 -0.65564 -0.48745 0.92304 0.26311 -0.90226 -0.54722 0.64052 0.88803 0.011895 -0.83014 -0.87672 -0.26379 0.48721 0.92603 0.84224 0.28575 -0.40196 -0.87186 -0.92983 -0.60839 -0.056787 0.50152 0.87851 0.95011 0.73995 0.36075 -0.03336 -0.40049 -0.70235 -0.90256 -0.95266 -0.60871
0.0098301 -0.037408 0.051555 -0.072689 -0.081894 -0.10211 -0.066656 0.26271 0.061253 -0.35722 -0.60919 -0.68429 0.74452 0.44137 -0.81713 0.93664 -0.34855 -0.7335 0.78238 0.46791 -0.84929 -0.61793 0.56487 0.92039 0.037679 -0.84704 -0.84097 -0.13487 0.61814 0.95845 0.76908 0.1791 -0.50642 -0.91517 -0.88969 -0.49408 0.079429 0.61229 0.92154 0.92072 0.63543 0.1891 -0.26592 -0.60898 -0.8429 -0.95575 -0.93405 -0.70943 -0.097047
0.021012 0.022277 0.040573 -0.057275 0.18097 -0.024271 0.085563 -0.29171 -0.21151 0.54969 0.75499 -0.047454 0.27611 -0.92618 0.6125 0.092821 -0.90366 0.57305 0.69409 -0.73165 -0.70232 0.5057 0.95004 0.11502 -0.84159 -0.82644 -0.047086 0.71484 0.96311 0.66112 0.040943 -0.5967 -0.94453 -0.84011 -0.37518 0.21231 0.70871 0.95162 0.88117 0.53268 0.045544 -0.42872 -0.76892 -0.93303 -0.95954 -0.86053 -0.64372 -0.23821 0.43222
-0.0024691 0.00047381 0.016975 -0.058624 0.094434 0.11477 -0.11478 0.30069 0.39268 -0.55501 -0.40726 0.78548 -1 0.072783 0.62457 -0.96023 0.30874 0.85303 -0.53469 -0.81713 0.42258 0.96494 0.19499 -0.80675 -0.83704 -0.008393 0.77555 0.94423 0.53643 -0.12439 -0.70131 -0.96001 -0.78033 -0.26747 0.33924 0.78929 0.96364 0.82325 0.4362 -0.079875 -0.54918 -0.85986 -0.96516 -0.90706 -0.73626 -0.47787 -0.15266 0.29494 0.81884
-0.013212 -0.023614 0.0091698 -0.074086 -0.16821 -0.16439 0.14831 -0.27535 -0.54529 0.27897 -0.2943 -0.73632 0.43163 0.91528 -0.76889 -0.059145 0.94934 -0.31866 -0.92331 0.26888 0.97784 0.24119 -0.77018 -0.86784 -0.014456 0.80342 0.92222 0.41508 -0.28423 -0.80655 -0.96264 -0.71422 -0.15767 0.4425 0.85765 0.9556 0.75148 0.32304 -0.18742 -0.64481 -0.91288 -0.95633 -0.80857 -0.56865 -0.27507 0.046719 0.37244 0.72828 0.96541
-0.023703 0.025799 0.011195 -0.036908 -0.025236 0.19016 -0.18188 0.1953 0.57485 0.20903 0.79484 -0.17526 0.76216 -0.39337 -0.53057 0.96206 -0.090195 -0.97111 0.056421 0.97942 0.30342 -0.75175 -0.89749 -0.066097 0.80784 0.90849 0.32317 -0.41724 -0.88753 -0.93803 -0.61509 -0.051271 0.53964 0.90297 0.93495 0.66407 0.20498 -0.30423 -0.71975 -0.94497 -0.92826 -0.71061 -0.38103 -0.053611 0.2604 0.54423 0.7775 0.95001 0.85256
-0.0099611 0.0058627 0.006972 0.095932 0.1449 -0.2064 0.21116 -0.043378 -0.39069 -0.61474 -0.54035 0.90327 -0.81488 -0.83325 0.79463 0.20487 -0.97612 -0.12991 0.94882 0.42068 -0.72241 -0.9081 -0.11376 0.78482 0.90973 0.27102 -0.5109 -0.93588 -0.88491 -0.47682 0.089459 0.6262 0.93716 0.90265 0.56848 0.081306 -0.4163 -0.79366 -0.96189 -0.89049 -0.6175 -0.23258 0.15825 0.46524 0.70609 0.87598 0.96211 0.91933 0.52962
0.024447 -0.023842 -0.014115 0.14744 -0.061841 0.22135 -0.22847 -0.17575 -0.012546 0.57046 -0.32723 -0.41171 -0.45601 0.51947 0.58036 -0.91417 -0.29684 0.89486 0.5682 -0.64578 -0.92237 -0.1202 0.76678 0.92298 0.25684 -0.56388 -0.96092 -0.81295 -0.32236 0.25845 0.72915 0.95866 0.85885 0.4767 -0.043713 -0.5227 -0.85581 -0.96804 -0.84793 -0.52807 -0.10953 0.30756 0.63657 0.83668 0.94493 0.96648 0.8965 0.664 0.089905
-0.018482 0.022544 -0.048262 -0.065402 -0.0862 -0.24027 0.22033 0.41244 0.47416 -0.0011294 0.84921 -0.70588 0.953 0.81462 -0.71265 -0.49766 0.83081 0.6713 -0.5276 -0.94974 -0.13569 0.7739 0.93557 0.28037 -0.58571 -0.9713 -0.74667 -0.17335 0.42183 0.83311 0.96926 0.8054 0.37737 -0.15237 -0.62374 -0.90369 -0.95976 -0.7883 -0.44469 -0.00089898 0.42067 0.74282 0.92137 0.97018 0.93027 0.81189 0.61632 0.26119 -0.35893
0.0038857 -0.0397 -0.070994 -0.18246 0.14898 0.26722 -0.16806 -0.56226 -0.68783 -0.6215 -0.28411 0.73699 0.27841 -0.48986 -0.74648 0.71314 0.74785 -0.4345 -0.97628 -0.2034 0.77682 0.93174 0.2946 -0.57514 -0.97771 -0.69872 -0.054028 0.55832 0.91168 0.95212 0.71853 0.27492 -0.26196 -0.70327 -0.94163 -0.93371 -0.71607 -0.34307 0.093964 0.5142 0.81382 0.9577 0.95029 0.8495 0.68546 0.46819 0.20251 -0.1889 -0.72121
0.03008 -0.027941 -0.051305 0.10426 -0.093419 -0.30447 0.054459 0.49817 0.40683 0.60094 -0.70665 0.46779 -0.98251 -0.88017 0.47985 0.83292 -0.36531 -0.98446 -0.30349 0.74539 0.9287 0.26183 -0.57647 -0.97925 -0.67364 0.027126 0.65811 0.95536 0.90179 0.5883 0.13203 -0.36716 -0.77671 -0.96115 -0.89632 -0.62821 -0.2341 0.203 0.59121 0.86631 0.96977 0.91128 0.73548 0.5238 0.28586 0.027581 -0.24493 -0.58892 -0.93113
-0.018789 0.037968 0.0010052 0.13323 -0.030995 0.35026 0.12144 -0.16074 0.25279 0.15205 0.66896 -0.8669 -0.27221 0.30589 0.93158 -0.25625 -0.9892 -0.35479 0.69034 0.93901 0.23014 -0.61709 -0.98447 -0.67131 0.075013 0.7221 0.97389 0.82531 0.43287 -0.049253 -0.50143 -0.83977 -0.96942 -0.84968 -0.53089 -0.11618 0.31246 0.67437 0.90449 0.96937 0.86484 0.63512 0.34765 0.084467 -0.16765 -0.40833 -0.63159 -0.86384 -0.96057
0.030546 0.033651 0.014232 -0.16929 0.16408 -0.39556 -0.32451 -0.33125 -0.73456 -0.75358 0.44276 -0.34041 0.95911 0.96847 -0.048739 -0.98358 -0.37068 0.66979 0.95679 0.24173 -0.65684 -0.98794 -0.65883 0.089705 0.7619 0.97701 0.74656 0.27246 -0.23548 -0.65113 -0.90752 -0.96462 -0.79008 -0.43586 0.0067384 0.42182 0.75119 0.93909 0.96049 0.81464 0.54497 0.21296 -0.11085 -0.36305 -0.57516 -0.75158 -0.8869 -0.97179 -0.81789
-0.02651 -0.015967 -0.040219 0.012646 -0.27195 0.42101 0.47187 0.66226 0.48492 0.32653 -0.8357 0.9001 0.42553 0.047352 -0.95309 -0.40871 0.68255 0.95781 0.27805 -0.66215 -0.98708 -0.60198 0.12289 0.77835 0.97648 0.67887 0.13305 -0.40249 -0.78208 -0.96014 -0.93761 -0.71885 -0.3302 0.11723 0.53033 0.81903 0.96231 0.93905 0.76333 0.45991 0.10258 -0.24789 -0.53456 -0.72454 -0.85847 -0.94314 -0.9736 -0.90613 -0.54027
-0.014608 -0.044467 -0.038382 0.11503 0.3486 -0.39649 -0.45286 -0.50962 0.34031 0.61355 -0.25278 0.36109 -0.85184 -0.94455 -0.51944 0.67467 0.94918 0.25654 -0.65108 -0.98476 -0.5368 0.212 0.80842 0.9738 0.62765 0.024734 -0.53434 -0.87663 -0.97685 -0.87023 -0.60664 -0.21799 0.2326 0.6204 0.88026 0.97004 0.90396 0.69346 0.38068 0.004203 -0.35289 -0.64463 -0.83817 -0.93459 -0.97286 -0.95928 -0.88897 -0.69073 -0.18249
0.029681 -0.040024 0.078796 -0.099948 -0.40365 0.28786 0.19793 -0.11265 -0.79799 -0.61754 0.89164 -0.86998 -0.68969 -0.52314 0.6045 0.93839 0.18577 -0.68644 -0.98514 -0.49948 0.30684 0.86573 0.96866 0.59406 -0.05628 -0.62905 -0.93582 -0.95387 -0.76339 -0.44421 -0.061106 0.3472 0.7078 0.92232 0.96692 0.85071 0.61072 0.28115 -0.083326 -0.44216 -0.72227 -0.90018 -0.97061 -0.96463 -0.90998 -0.81001 -0.65959 -0.37089 0.19472
-0.028392 -0.022987 0.067308 -0.0077117 0.45045 -0.074937 0.22498 0.688 0.21666 -0.41815 0.199 -0.5191 0.5788 0.64127 0.94894 0.12567 -0.75949 -0.9743 -0.47649 0.3655 0.91746 0.94122 0.54129 -0.11022 -0.6978 -0.96673 -0.90863 -0.62883 -0.25397 0.13696 0.49417 0.78684 0.95444 0.94878 0.78484 0.51147 0.17233 -0.18834 -0.51829 -0.78397 -0.93601 -0.97466 -0.9194 -0.82223 -0.69339 -0.5318 -0.3321 -0.0026217 0.53505
0.00033016 -0.008149 -0.10785 0.1076 -0.49839 -0.22019 -0.57018 -0.57853 0.70497 0.75129 -0.90172 0.74041 0.94487 0.92376 0.13504 -0.81502 -0.94453 -0.38958 0.41016 0.94545 0.89541 0.4288 -0.18918 -0.74249 -0.98271 -0.85427 -0.49335 -0.059061 0.34005 0.65796 0.87462 0.97247 0.91576 0.7116 0.40074 0.052403 -0.29714 -0.60526 -0.83301 -0.95878 -0.96349 -0.86704 -0.70669 -0.54391 -0.36936 -0.17734 0.037385 0.35759 0.79403
0.038985 0.0051192 -0.032748 -0.14044 0.5483 0.50827 0.53544 -0.21221 -0.60123 0.29648 -0.28802 0.76122 -0.083065 0.00071344 -0.82798 -0.89439 -0.23966 0.51744 0.96535 0.84859 0.29525 -0.32885 -0.80235 -0.98667 -0.80049 -0.37087 0.11451 0.52163 0.80073 0.94821 0.97225 0.86635 0.6222 0.29173 -0.075166 -0.40914 -0.68968 -0.88391 -0.9717 -0.94432 -0.81268 -0.60917 -0.37984 -0.18429 0.0042997 0.19532 0.3932 0.66097 0.94334
-0.0020649 0.023912 0.111 0.10237 -0.5891 -0.64027 -0.042596 0.79477 -0.4707 -0.80107 0.86136 -0.43958 -0.98134 -0.91482 -0.86038 -0.081764 0.67008 0.99041 0.79951 0.18251 -0.47603 -0.88635 -0.98524 -0.75 -0.26356 0.25732 0.66579 0.90151 0.98028 0.93059 0.77689 0.51829 0.16941 -0.19251 -0.52304 -0.76861 -0.92632 -0.97698 -0.91959 -0.75636 -0.52253 -0.25491 0.0005939 0.19556 0.36899 0.53217 0.68801 0.87197 0.97195
-0.06743 0.045371 -0.049827 -0.019199 0.59586 0.47663 -0.55091 -0.35049 0.78864 -0.29125 0.50075 -0.96196 -0.54453 -0.73099 0.022087 0.79802 0.99232 0.68847 0.073733 -0.58908 -0.95357 -0.95492 -0.67432 -0.17275 0.37537 0.77103 0.9599 0.96235 0.83918 0.63102 0.36405 0.03832 -0.31679 -0.62046 -0.84298 -0.95551 -0.9693 -0.87905 -0.69938 -0.43991 -0.15138 0.13225 0.37257 0.5385 0.67407 0.79032 0.88793 0.97078 0.88481
0.0026647 0.046928 -0.022492 -0.079589 -0.53176 -0.011526 0.64864 -0.61933 0.27767 0.80072 -0.70933 -0.064631 0.58929 0.28456 0.8717 0.93962 0.49731 -0.11813 -0.68927 -0.98601 -0.8875 -0.53016 -0.049088 0.46926 0.84911 0.98293 0.90971 0.70502 0.44222 0.15507 -0.13925 -0.44152 -0.71639 -0.89794 -0.97428 -0.94307 -0.82329 -0.62117 -0.36125 -0.056797 0.23585 0.4909 0.6823 0.79911 0.88278 0.94201 0.97483 0.95342 0.69977
0.01676 0.0064936 0.031175 0.17278 0.35879 -0.52925 -0.039522 0.70445 -0.86217 0.40549 -0.77264 0.91992 0.97719 0.97791 0.86306 0.26156 -0.37927 -0.82795 -0.9966 -0.79872 -0.34722 0.14748 0.58655 0.90236 0.98388 0.83583 0.5545 0.23133 -0.076792 -0.35398 -0.59615 -0.80371 -0.94279 -0.97436 -0.90235 -0.74702 -0.52807 -0.25959 0.03008 0.32717 0.57896 0.77067 0.89084 0.94819 0.97497 0.97589 0.94617 0.82972 0.44352
0.074496 -0.05353 -0.018073 -0.24784 -0.060356 0.75283 -0.67075 0.32785 -0.19692 -0.73008 0.36801 0.6523 0.20064 0.64065 0.051206 -0.62449 -0.9583 -0.9662 -0.68705 -0.16804 0.36085 0.74318 0.95625 0.96617 0.75122 0.40356 0.028258 -0.30229 -0.56382 -0.75954 -0.89626 -0.97129 -0.95744 -0.84702 -0.65477 -0.41611 -0.14584 0.13791 0.40834 0.65328 0.83091 0.93791 0.97722 0.97426 0.94722 0.89589 0.81292 0.62013 0.14733
0.037001 -0.073058 0.035707 0.29618 -0.32689 -0.39087 0.58396 -0.85478 0.88645 -0.61225 0.95924 -0.4613 -0.79131 -0.33388 -0.79552 -1 -0.84205 -0.47736 0.020233 0.54118 0.87943 0.99405 0.92345 0.65952 0.25698 -0.15311 -0.49628 -0.73874 -0.89 -0.96602 -0.9786 -0.91947 -0.77101 -0.55451 -0.28959 -0.018178 0.253 0.50503 0.71651 0.87783 0.96267 0.97786 0.93856 0.88229 0.81071 0.71849 0.59626 0.35186 -0.15691
0.026366 -0.045647 -0.082586 -0.30823 0.68921 -0.35732 0.30025 -0.094059 0.24419 0.53024 0.1724 -0.99119 -0.90456 -0.97537 -0.95178 -0.60719 -0.15072 0.29854 0.70377 0.96091 0.9772 0.81353 0.5262 0.11781 -0.31472 -0.65078 -0.86511 -0.96444 -0.98179 -0.9364 -0.83848 -0.6734 -0.43393 -0.16306 0.11994 0.37465 0.60291 0.78736 0.91411 0.97616 0.96461 0.89376 0.78773 0.69067 0.58772 0.46895 0.3238 0.055087 -0.44002
0.026859 -0.02765 0.12437 0.27052 -0.85031 0.8267 -0.81034 0.90217 -0.87194 0.83249 -0.85093 -0.33063 -0.070744 -0.7113 -0.32768 0.22313 0.62823 0.88443 0.9973 0.90299 0.63602 0.30238 -0.062497 -0.45474 -0.77357 -0.94312 -0.98441 -0.93346 -0.83149 -0.69245 -0.52036 -0.29558 -0.020596 0.24994 0.50062 0.69876 0.85297 0.94891 0.98066 0.94333 0.84486 0.70384 0.54945 0.42709 0.30751 0.17734 0.025736 -0.24055 -0.67788
-0.023695 0.007035 -0.13484 -0.16685 0.65191 -0.4642 0.12293 -0.021873 -0.41223 -0.14846 -0.74392 0.70349 0.81922 0.17622 0.54424 0.88445 0.99967 0.9588 0.77289 0.42329 0.028826 -0.31804 -0.6175 -0.86448 -0.98417 -0.95856 -0.83768 -0.66961 -0.48953 -0.30135 -0.10125 0.13208 0.38824 0.61144 0.79177 0.90806 0.97261 0.97472 0.91566 0.79192 0.62573 0.43685 0.2557 0.12408 0.0021846 -0.1253 -0.26848 -0.50864 -0.85295
-0.013362 0.093403 0.11162 -0.015238 -0.088283 -0.45021 0.79551 -0.92363 0.77743 -0.91543 0.30965 0.95158 0.90511 0.90207 0.99459 0.94225 0.7632 0.51114 0.17188 -0.23752 -0.57902 -0.8073 -0.94828 -0.99001 -0.89918 -0.70989 -0.47906 -0.25065 -0.044644 0.14534 0.32955 0.52675 0.72098 0.86463 0.95327 0.97864 0.95315 0.86987 0.73571 0.54783 0.33895 0.12727 -0.058895 -0.18517 -0.29706 -0.41014 -0.53287 -0.728 -0.95481
0.023251 0.053498 -0.068736 0.27171 -0.59052 0.87882 -0.43109 0.009423 0.66339 -0.37889 0.97928 0.18941 0.15375 0.88555 0.72174 0.39329 0.090325 -0.19481 -0.49955 -0.78437 -0.94839 -0.99673 -0.95847 -0.81005 -0.56078 -0.27894 -0.0097807 0.21763 0.40117 0.5541 0.68971 0.82007 0.92639 0.97602 0.9689 0.90907 0.8059 0.65602 0.47001 0.24528 0.02058 -0.18943 -0.36117 -0.47031 -0.56284 -0.65295 -0.74674 -0.88372 -0.98006
0.021019 -0.11269 0.023587 -0.56586 0.94189 -0.20031 -0.69786 0.94195 -0.53239 0.68012 0.49359 -0.75684 -0.71982 0.17985 -0.045821 -0.3894 -0.62123 -0.79131 -0.93318 -0.99848 -0.95423 -0.83871 -0.66406 -0.39588 -0.076419 0.21421 0.45282 0.62917 0.75605 0.84833 0.9182 0.96815 0.97919 0.93739 0.84541 0.71752 0.55783 0.3662 0.15494 -0.078367 -0.29357 -0.48067 -0.62258 -0.70639 -0.77363 -0.83569 -0.89578 -0.96756 -0.9316
0.017817 -0.051015 0.011044 0.8169 -0.62661 -0.78567 0.60508 0.13103 -0.90006 0.84262 -0.54684 -0.9522 -0.96384 -0.64957 -0.77125 -0.92906 -0.99112 -0.9988 -0.9545 -0.81471 -0.61588 -0.40623 -0.17299 0.12182 0.41872 0.64624 0.80467 0.90062 0.95548 0.98053 0.98329 0.9556 0.88053 0.76352 0.60834 0.43645 0.24586 0.039217 -0.17115 -0.38728 -0.57179 -0.71972 -0.82137 -0.87545 -0.91489 -0.94718 -0.97234 -0.97767 -0.81749
0.050565 0.098087 -0.028868 -0.90799 -0.22039 0.6854 0.62733 -0.92693 0.091007 -0.066454 -0.98508 -0.25066 -0.41467 -1 -0.99436 -0.93239 -0.85007 -0.74416 -0.57847 -0.32591 -0.070723 0.14712 0.35947 0.59707 0.80011 0.92036 0.97622 0.98551 0.97106 0.93699 0.88398 0.79407 0.65415 0.48687 0.29588 0.10651 -0.089058 -0.28576 -0.47257 -0.65077 -0.78913 -0.88751 -0.94367 -0.96721 -0.97937 -0.98305 -0.97511 -0.91785 -0.64963
0.09206 0.024223 0.028784 0.72868 0.9236 0.45463 -0.67434 -0.38726 0.9524 -0.89411 -0.38966 0.66831 0.44979 -0.65548 -0.60593 -0.42735 -0.29592 -0.16611 0.021745 0.27244 0.48797 0.64557 0.78148 0.90921 0.9829 0.9848 0.94252 0.87845 0.8109 0.73558 0.64593 0.51675 0.33979 0.15065 -0.047855 -0.22978 -0.4074 -0.57369 -0.71978 -0.84572 -0.92895 -0.97335 -0.98368 -0.97885 -0.96666 -0.94521 -0.90839 -0.79646 -0.44243
0.091116 -0.060258 -0.013262 -0.25106 -0.77615 -0.91339 -0.6329 0.80609 0.47879 -0.667 0.59257 0.99472 0.95726 0.11788 0.13232 0.29316 0.38769 0.47214 0.60299 0.76509 0.88117 0.94645 0.98584 0.99014 0.93662 0.83805 0.72234 0.61063 0.51322 0.41846 0.31382 0.17048 -0.014589 -0.19841 -0.37923 -0.5333 -0.67539 -0.7969 -0.89161 -0.95791 -0.98333 -0.97482 -0.94304 -0.91427 -0.88236 -0.8408 -0.78094 -0.62525 -0.21143
0.026848 -0.049002 -0.012272 -0.39405 -0.17994 -0.124 0.65637 0.70536 -0.64226 0.31665 0.9918 0.48561 0.75891 0.80382 0.78415 0.85428 0.88486 0.90744 0.95211 0.99286 0.9979 0.97661 0.93226 0.83392 0.68478 0.52251 0.36862 0.23923 0.13574 0.042044 -0.057997 -0.19275 -0.36039 -0.51653 -0.66033 -0.77247 -0.86788 -0.93697 -0.97623 -0.9821 -0.95267 -0.89678 -0.82975 -0.78284 -0.73679 -0.68098 -0.6048 -0.41805 0.027853
-0.06003 0.12244 0.039039 0.90986 0.97129 0.97343 0.72 -0.49576 -0.92494 0.95117 0.46257 -0.40681 0.033959 0.98645 1 0.99305 0.99018 0.98096 0.95855 0.89739 0.81956 0.74337 0.64882 0.48995 0.29263 0.1101 -0.046001 -0.16613 -0.25641 -0.33366 -0.41473 -0.52371 -0.65478 -0.76787 -0.86262 -0.92567 -0.96994 -0.98539 -0.97107 -0.92136 -0.84449 -0.75007 -0.6566 -0.59798 -0.5436 -0.47959 -0.39403 -0.18961 0.26091
-0.080416 -0.044021 -0.054482 -0.96083 -0.64167 -0.10088 -0.5395 -0.95523 -0.044722 0.5815 -0.47629 -0.97177 -0.69924 0.58507 0.69052 0.66789 0.68132 0.68518 0.63932 0.52642 0.41322 0.32211 0.21618 0.044644 -0.15186 -0.31555 -0.44495 -0.53682 -0.60202 -0.65448 -0.70889 -0.78201 -0.86531 -0.92772 -0.96892 -0.98228 -0.97694 -0.94303 -0.88178 -0.78569 -0.67188 -0.5498 -0.43962 -0.37559 -0.31837 -0.25186 -0.1635 0.045447 0.47501
0.011948 -0.11263 0.04344 0.41723 -0.49653 -0.97297 -0.85655 -0.028319 0.88674 -0.37658 -0.99314 -0.80459 -0.96486 -0.14133 0.039409 0.049535 0.10488 0.14739 0.11694 0.0057098 -0.097902 -0.17164 -0.2581 -0.40205 -0.55865 -0.67626 -0.76153 -0.81618 -0.85262 -0.87904 -0.90572 -0.94014 -0.97243 -0.98388 -0.97375 -0.9423 -0.89369 -0.81884 -0.72069 -0.59023 -0.4517 -0.31361 -0.19642 -0.13264 -0.077311 -0.013196 0.072146 0.27353 0.65966
0.11276 0.20911 0.00721 0.44114 1 0.19878 0.29405 0.93876 0.77782 -0.96113 -0.67699 -0.06264 -0.62361 -0.77868 -0.62018 -0.57982 -0.50213 -0.43221 -0.43301 -0.50743 -0.57441 -0.61557 -0.66716 -0.7592 -0.85323 -0.91259 -0.94882 -0.96691 -0.97795 -0.98287 -0.98608 -0.98514 -0.97012 -0.93634 -0.88239 -0.81499 -0.73276 -0.62801 -0.50489 -0.35341 -0.20279 -0.06008 0.055257 0.11418 0.16393 0.22176 0.29935 0.4827 0.80696
0.049708 -0.18286 -0.09956 -1 -0.12348 0.97569 0.96601 0.6343 -0.20748 -0.63574 0.17875 0.71147 0.085054 -0.99657 -0.98068 -0.95865 -0.91266 -0.85751 -0.84254 -0.87217 -0.89845 -0.91014 -0.92793 -0.96189 -0.9885 -0.99171 -0.98471 -0.97416 -0.96787 -0.9594 -0.94683 -0.91826 -0.86476 -0.79572 -0.70898 -0.61677 -0.51233 -0.38986 -0.2542 -0.095054 0.055687 0.19277 0.29876 0.34946 0.39113 0.43997 0.50631 0.66318 0.91169
-0.11533 0.070293 0.21342 0.75468 -0.93887 -0.17383 0.092175 -0.49858 -0.96104 0.26559 0.8858 1 0.73003 -0.70682 -0.89626 -0.94914 -0.99056 -1 -1 -1 -1 -0.99827 -0.99539 -0.9805 -0.94967 -0.90952 -0.87219 -0.84488 -0.83124 -0.81862 -0.79918 -0.75301 -0.67292 -0.58086 -0.47402 -0.36885 -0.25391 -0.12569 0.01073 0.16528 0.3057 0.42864 0.5195 0.55997 0.59224 0.63053 0.68337 0.80754 0.9712
-0.072431 0.050787 -0.2997 0.16169 0.57875 -0.99491 -0.9282 -0.99818 -0.70035 0.92737 0.92332 0.64223 0.95493 -0.077534 -0.42676 -0.57553 -0.72681 -0.83074 -0.87486 -0.87118 -0.86753 -0.8724 -0.86685 -0.82172 -0.75279 -0.68766 -0.6357 -0.60406 -0.5923 -0.58368 -0.56554 -0.51216 -0.41835 -0.31594 -0.20167 -0.094728 0.019866 0.14312 0.27011 0.4097 0.53143 0.63379 0.70562 0.7351 0.75775 0.78504 0.82335 0.91088 0.98528
0.1569 -0.11975 0.2896 -0.92926 0.69686 0.029479 -0.55883 -0.27825 0.26816 0.79915 0.2962 -0.10739 0.66224 0.57764 0.21236 0.0046215 -0.22701 -0.41691 -0.51608 -0.53117 -0.54337 -0.56998 -0.57724 -0.52287 -0.43823 -0.36699 -0.315 -0.28914 -0.28574 -0.28656 -0.27568 -0.22416 -0.12872 -0.027498 0.082863 0.18208 0.28724 0.3968 0.50633 0.623 0.72005 0.79764 0.84839 0.86722 0.88096 0.89774 0.92155 0.97067 0.9558
0.10664 0.11509 -0.12842 0.75147 -0.82001 1 0.62118 0.7655 0.96614 0.019377 -0.52822 -0.78112 0.032561 0.96042 0.75598 0.57346 0.33672 0.10949 -0.029487 -0.07169 -0.1078 -0.16032 -0.18791 -0.14166 -0.061243 0.00086942 0.042252 0.056378 0.048806 0.036712 0.037406 0.080446 0.16755 0.25821 0.35563 0.43997 0.52889 0.61845 0.70495 0.79338 0.8622 0.913 0.94231 0.95172 0.95795 0.96545 0.97569 0.98664 0.88641
-0.11325 -0.046685 -0.17155 0.23386 -0.45693 0.2268 0.9286 0.93076 0.74476 -0.76876 -0.98793 -0.99447 -0.60044 0.9177 0.9989 0.93592 0.78746 0.59664 0.45615 0.39619 0.34263 0.27273 0.22753 0.2558 0.31836 0.36224 0.38786 0.38911 0.37205 0.35048 0.34133 0.37224 0.44393 0.51753 0.59575 0.66068 0.72908 0.79487 0.85528 0.91276 0.95213 0.97609 0.98505 0.9869 0.98751 0.98747 0.98575 0.96047 0.78214
0.091987 -0.061651 0.49065 -0.9319 0.91254 -0.92468 -0.024721 0.070457 -0.15437 -0.96447 -0.80294 -0.65201 -0.93106 0.48946 0.86603 0.98247 0.99732 0.91646 0.82351 0.76924 0.7168 0.64837 0.59751 0.60668 0.64564 0.66902 0.67932 0.671 0.64938 0.62323 0.60745 0.62559 0.67798 0.73103 0.78672 0.83032 0.87636 0.91705 0.95063 0.97686 0.9876 0.98634 0.97717 0.97369 0.97078 0.96527 0.95368 0.89553 0.64903
0.19818 0.18573 -0.62445 0.48954 0.30268 -0.55788 -0.94176 -0.8576 -0.90818 -0.44942 -0.11958 0.034498 -0.82191 -0.13031 0.42438 0.71451 0.91869 0.99525 0.99312 0.97338 0.94636 0.90306 0.86412 0.86067 0.87781 0.88446 0.88444 0.87309 0.85413 0.83029 0.81316 0.82048 0.85275 0.88461 0.91717 0.93984 0.96384 0.98022 0.98825 0.98499 0.9696 0.94603 0.92175 0.91528 0.911 0.90216 0.88304 0.79647 0.49369
-0.24089 -0.30665 0.40198 0.55545 -0.92806 0.68803 -0.65767 -0.8949 -0.87982 0.37949 0.6262 0.69201 -0.34605 -0.6886 -0.15707 0.23083 0.58815 0.82588 0.93712 0.97568 0.99602 0.99958 0.99087 0.98601 0.98868 0.98649 0.98394 0.9777 0.96936 0.95546 0.9433 0.94365 0.95754 0.96995 0.98107 0.98506 0.98912 0.98368 0.96903 0.93966 0.90188 0.85985 0.82394 0.81673 0.81304 0.80294 0.77871 0.66889 0.32306
-0.088376 0.41017 0.14365 -0.82135 -0.25496 0.86602 0.433 -0.041512 -0.12691 0.9394 0.99696 0.99292 0.27003 -0.97705 -0.6765 -0.3135 0.10667 0.46172 0.67925 0.78609 0.86614 0.93019 0.96577 0.97181 0.97016 0.96873 0.97218 0.97896 0.98848 0.99154 0.99063 0.98886 0.988 0.98447 0.97753 0.96643 0.95389 0.93036 0.897 0.84606 0.79044 0.73432 0.69044 0.68445 0.68303 0.6735 0.64649 0.51904 0.14401
0.1668 -0.48361 -0.69194 -0.060095 0.90497 -0.24409 1 0.84273 0.71831 0.87053 0.80187 0.80953 0.76047 -0.9038 -0.96906 -0.75889 -0.39421 -0.0030168 0.28382 0.4505 0.58848 0.71444 0.80029 0.82716 0.83123 0.83939 0.85614 0.88207 0.91464 0.93994 0.95548 0.95662 0.94573 0.93081 0.91027 0.8884 0.86338 0.82618 0.77874 0.71143 0.64295 0.57729 0.52901 0.52579 0.52788 0.52043 0.49274 0.35343 -0.036866
-0.2423 0.51241 0.79192 0.80646 0.30775 -0.98738 0.41003 0.93232 1 0.24458 0.17396 0.25154 0.93337 -0.51297 -0.95473 -0.98664 -0.78909 -0.45936 -0.16226 0.03797 0.21708 0.39292 0.52495 0.57755 0.59478 0.61864 0.65324 0.70146 0.7593 0.80955 0.84489 0.8533 0.83746 0.81607 0.78683 0.75872 0.72557 0.67939 0.62272 0.5445 0.46817 0.3974 0.34798 0.34859 0.35496 0.3507 0.32412 0.17858 -0.21347
0.32258 -0.47903 -0.24505 -0.30267 -0.8451 -0.34231 -0.63147 0.18083 0.53314 -0.52575 -0.53605 -0.41064 0.73804 0.046143 -0.65309 -0.94652 -0.98855 -0.80924 -0.56936 -0.37444 -0.18319 0.018644 0.18284 0.25968 0.29326 0.33497 0.38829 0.45832 0.54023 0.61507 0.67123 0.69005 0.67396 0.65078 0.61762 0.58753 0.55046 0.49984 0.43862 0.35481 0.27539 0.20357 0.1558 0.16079 0.17172 0.17129 0.14723 0.00081064 -0.38036
0.097813 0.36557 -0.58549 -0.63576 -0.44181 0.75452 -0.97954 -0.71893 -0.31199 -0.97205 -0.96331 -0.88292 0.26794 0.5807 -0.16629 -0.66222 -0.95607 -0.98501 -0.86267 -0.71608 -0.54832 -0.35213 -0.17763 -0.084404 -0.036149 0.021149 0.090147 0.17784 0.2792 0.3752 0.45065 0.48133 0.46884 0.44782 0.41496 0.38652 0.34923 0.29826 0.2367 0.15221 0.073917 0.0045736 -0.039313 -0.029935 -0.014662 -0.011036 -0.031585 -0.17402 -0.53287
-0.66078 -0.16077 0.94592 0.48859 0.72348 0.84284 -0.29861 -1 -0.92834 -0.84961 -0.91111 -0.97533 -0.29045 0.92146 0.35941 -0.21699 -0.7104 -0.95989 -0.99439 -0.93391 -0.82489 -0.66827 -0.5097 -0.41301 -0.35628 -0.28968 -0.21156 -0.11355 -0.00030335 0.11061 0.20137 0.24358 0.23729 0.22134 0.19209 0.16805 0.13354 0.085565 0.027226 -0.053727 -0.12732 -0.19132 -0.22971 -0.21642 -0.19745 -0.18998 -0.20642 -0.34062 -0.66716
0.65142 -0.12918 -0.38959 0.45382 0.62066 -0.14119 0.67643 -0.45984 -0.90965 -0.2522 -0.42688 -0.66872 -0.73499 0.9729 0.7789 0.27347 -0.31524 -0.74866 -0.94929 -0.99918 -0.97689 -0.8902 -0.77394 -0.68963 -0.63399 -0.56738 -0.48928 -0.39068 -0.27526 -0.15785 -0.057802 -0.0061759 -0.0050612 -0.014292 -0.03767 -0.055571 -0.085215 -0.12766 -0.18004 -0.25403 -0.32014 -0.37666 -0.40855 -0.39225 -0.3706 -0.35986 -0.37202 -0.49439 -0.78025
-0.19458 0.46926 -0.61498 -0.54544 -0.50546 -0.9311 0.974 0.43675 -0.29673 0.47468 0.24619 -0.10358 -0.91952 0.73387 0.98683 0.69213 0.1394 -0.4002 -0.7437 -0.90926 -0.98899 -0.99384 -0.94227 -0.88648 -0.84316 -0.78742 -0.71986 -0.63155 -0.52486 -0.41074 -0.30894 -0.25152 -0.24321 -0.24532 -0.26173 -0.2728 -0.29638 -0.33167 -0.37623 -0.4407 -0.49737 -0.54499 -0.56999 -0.55191 -0.5289 -0.51579 -0.52382 -0.6315 -0.87006
-0.16584 -0.79037 0.98808 -0.32481 -0.78036 -0.59173 0.3402 0.98541 0.4953 0.94302 0.79947 0.49167 -0.79646 0.28746 0.94041 0.94764 0.55856 0.015356 -0.41929 -0.68517 -0.86633 -0.972 -1 -0.98657 -0.96663 -0.93256 -0.88605 -0.81891 -0.73188 -0.6313 -0.53608 -0.47765 -0.46361 -0.45938 -0.46881 -0.47333 -0.49055 -0.51793 -0.55366 -0.60698 -0.65302 -0.69104 -0.70928 -0.6909 -0.66804 -0.65368 -0.65805 -0.74891 -0.93528
0.33663 0.99783 -0.22366 0.52972 0.17392 0.42555 -0.59806 0.79377 0.97238 0.92569 1 0.89547 -0.42114 -0.23167 0.6633 0.99186 0.86182 0.42155 -0.033465 -0.36581 -0.63163 -0.83338 -0.94607 -0.98431 -0.9968 -0.99364 -0.97732 -0.94099 -0.88356 -0.80629 -0.72609 -0.67208 -0.6548 -0.64599 -0.64941 -0.6485 -0.65983 -0.67939 -0.70606 -0.74742 -0.78243 -0.81077 -0.82281 -0.80574 -0.78467 -0.77035 -0.77179 -0.8444 -0.97541
-0.55563 -1 -0.83303 0.2601 0.82889 0.94054 -0.98675 0.033613 0.86517 0.45258 0.7805 0.97244 0.077072 -0.67975 0.23262 0.82551 0.99725 0.74958 0.35136 -0.0004636 -0.32024 -0.5998 -0.79164 -0.88484 -0.93538 -0.96949 -0.99005 -0.99191 -0.97208 -0.92657 -0.86917 -0.8252 -0.80787 -0.79697 -0.79607 -0.79151 -0.79808 -0.81056 -0.82865 -0.85804 -0.88224 -0.90136 -0.90814 -0.89405 -0.87641 -0.8635 -0.8629 -0.91652 -0.99066
0.85441 0.75187 0.84391 -0.47702 0.23493 0.41732 -0.51326 -0.73806 0.26187 -0.23028 0.24924 0.71153 0.54228 -0.94298 -0.24485 0.49271 0.94795 0.94904 0.67783 0.35917 0.025688 -0.30224 -0.55756 -0.70233 -0.7922 -0.86616 -0.92699 -0.9714 -0.9945 -0.98718 -0.95914 -0.93049 -0.91662 -0.90654 -0.90357 -0.89757 -0.90098 -0.90768 -0.91821 -0.93626 -0.95045 -0.96124 -0.96395 -0.95443 -0.94181 -0.93168 -0.93005 -0.96454 -0.98184
-1 -0.29712 0.26372 -0.24736 -0.67323 -0.5342 0.38404 -0.99809 -0.47833 -0.79762 -0.37126 0.21642 0.84084 -0.96347 -0.66012 0.067457 0.73143 0.99414 0.90155 0.66619 0.36313 0.023675 -0.27118 -0.45767 -0.58342 -0.69564 -0.79641 -0.88426 -0.95251 -0.98726 -0.99336 -0.98455 -0.97766 -0.97144 -0.96891 -0.9639 -0.96602 -0.96861 -0.97302 -0.98088 -0.98626 -0.98996 -0.98992 -0.98646 -0.9803 -0.97426 -0.97267 -0.98844 -0.95031
0.8165 -0.22163 -1 0.40178 -0.60503 -0.91226 0.95241 -0.59921 -0.94875 -1 -0.84139 -0.34075 0.89705 -0.74768 -0.92613 -0.36407 0.39276 0.88514 0.99606 0.88406 0.65338 0.34202 0.037109 -0.17579 -0.32952 -0.47425 -0.61088 -0.73947 -0.85176 -0.92966 -0.97256 -0.98698 -0.99022 -0.99076 -0.99121 -0.98961 -0.99244 -0.99277 -0.99277 -0.99198 -0.99005 -0.98809 -0.98672 -0.99057 -0.99211 -0.99135 -0.99085 -0.98877 -0.89785
-0.37655 0.60719 0.29589 0.26589 0.2821 -0.37086 0.75664 0.17416 -0.91485 -0.76539 -0.99515 -0.78142 0.7077 -0.35802 -0.99399 -0.72113 -0.0059164 0.64556 0.95457 0.99013 0.86606 0.62042 0.33715 0.11702 -0.05306 -0.22094 -0.38586 -0.54912 -0.70111 -0.82035 -0.90043 -0.94007 -0.95598 -0.96576 -0.97152 -0.97556 -0.98102 -0.981 -0.97842 -0.97076 -0.9632 -0.95714 -0.95578 -0.96795 -0.97818 -0.9837 -0.9853 -0.96665 -0.82662
-0.092849 -0.70134 0.82681 -0.30674 0.75964 0.51442 -0.016761 0.82696 -0.41667 -0.21175 -0.79219 -0.97641 0.33516 0.10764 -0.85907 -0.94266 -0.39744 0.31623 0.78884 0.97694 0.98164 0.83301 0.60187 0.39552 0.22331 0.044445 -0.13838 -0.32731 -0.51174 -0.66773 -0.78308 -0.84838 -0.87867 -0.89959 -0.91261 -0.92414 -0.93393 -0.93539 -0.93202 -0.91939 -0.90795 -0.89933 -0.89926 -0.92044 -0.94005 -0.95266 -0.95726 -0.9236 -0.73901
0.39992 0.48107 -0.64806 -0.29199 0.24063 0.89132 -0.76309 0.97348 0.27897 0.42073 -0.31895 -0.87941 -0.11593 0.54178 -0.55727 -0.99609 -0.72088 -0.052389 0.52564 0.85149 0.99241 0.9623 0.80942 0.6376 0.47868 0.30271 0.11436 -0.089 -0.29622 -0.48197 -0.62846 -0.71831 -0.76372 -0.7969 -0.81861 -0.83901 -0.85451 -0.85904 -0.85654 -0.84084 -0.82722 -0.81753 -0.81984 -0.85041 -0.87978 -0.90003 -0.90838 -0.86153 -0.63761
-0.48428 -0.087428 -0.54266 0.19341 -0.55698 0.44413 -0.94279 0.55198 0.83019 0.87784 0.25364 -0.53185 -0.52951 0.8519 -0.15389 -0.88004 -0.93027 -0.40823 0.20188 0.63295 0.90204 1 0.94455 0.82571 0.69526 0.5366 0.3561 0.15096 -0.067669 -0.27419 -0.44581 -0.55755 -0.6178 -0.66356 -0.69476 -0.72482 -0.74698 -0.75587 -0.75569 -0.73869 -0.72447 -0.71506 -0.72064 -0.76063 -0.79982 -0.828 -0.8407 -0.78261 -0.5251
0.39903 -0.2524 0.79213 0.3018 -0.64196 -0.38334 -0.45653 -0.17325 0.98748 0.99138 0.73489 -0.042104 -0.80764 0.97858 0.27173 -0.62128 -1 -0.70482 -0.14102 0.34925 0.72407 0.94684 0.99929 0.94784 0.85941 0.73177 0.57249 0.37875 0.16108 -0.055835 -0.24501 -0.37464 -0.44842 -0.50622 -0.54703 -0.58692 -0.61622 -0.63038 -0.63367 -0.61697 -0.60354 -0.59555 -0.60505 -0.65414 -0.7029 -0.73904 -0.75651 -0.6892 -0.40418
-0.23523 0.37064 0.29257 -0.070421 0.037182 -0.8559 0.33143 -0.79067 0.69768 0.7338 0.97706 0.45093 -0.89184 0.9044 0.64208 -0.26755 -0.92641 -0.9068 -0.46244 0.033202 0.47953 0.81158 0.97282 0.99786 0.96216 0.87747 0.75178 0.58226 0.37814 0.16199 -0.036054 -0.17844 -0.26351 -0.33199 -0.38185 -0.43111 -0.46755 -0.48747 -0.49502 -0.47997 -0.46847 -0.46282 -0.47662 -0.53421 -0.59195 -0.63583 -0.65827 -0.58382 -0.27752
0.068313 -0.26387 -0.8032 -0.27642 0.64312 -0.59825 0.88364 -0.97677 0.10771 0.21442 0.91673 0.81781 -0.77237 0.65313 0.89509 0.12212 -0.72609 -0.99328 -0.72723 -0.2815 0.19416 0.60942 0.87086 0.97535 0.99938 0.96686 0.88526 0.75159 0.57308 0.36903 0.17142 0.022273 -0.071028 -0.14809 -0.20581 -0.26339 -0.30645 -0.33219 -0.34445 -0.3321 -0.32341 -0.32075 -0.33897 -0.40413 -0.47001 -0.52114 -0.54859 -0.46901 -0.14772
0.064289 0.066364 -0.13229 -0.042977 0.49981 0.13741 0.85559 -0.65545 -0.51831 -0.3729 0.58535 0.97091 -0.48536 0.28091 0.99318 0.48762 -0.43159 -0.95897 -0.90901 -0.56374 -0.10445 0.36005 0.70448 0.88512 0.97156 0.99706 0.96749 0.87942 0.73735 0.55626 0.36855 0.21916 0.12133 0.038409 -0.025388 -0.089694 -0.13841 -0.16962 -0.18666 -0.17775 -0.17244 -0.17316 -0.19568 -0.26721 -0.34013 -0.3978 -0.43008 -0.34733 -0.017241
-0.15528 0.082452 0.75213 0.20999 -0.18327 0.74122 0.29309 -0.011576 -0.92047 -0.82474 0.090564 0.88207 -0.10019 -0.13759 0.92711 0.77671 -0.085421 -0.81321 -0.99222 -0.78782 -0.38955 0.085561 0.48882 0.73628 0.88329 0.96889 0.99624 0.96108 0.86451 0.71624 0.54756 0.40466 0.30645 0.22088 0.15325 0.084265 0.031259 -0.0046758 -0.026206 -0.021141 -0.019516 -0.023737 -0.050171 -0.12669 -0.20531 -0.26861 -0.30537 -0.22128 0.11164
0.21179 -0.14227 0.06414 0.12181 -0.63996 0.75675 -0.43543 0.62593 -0.94764 -0.99708 -0.42179 0.58347 0.29849 -0.52473 0.71462 0.95184 0.26637 -0.57746 -0.97262 -0.9354 -0.63746 -0.19155 0.24145 0.54123 0.74263 0.88651 0.97233 0.99456 0.95033 0.84324 0.70199 0.5722 0.478 0.3933 0.32445 0.25318 0.1976 0.15802 0.13261 0.13372 0.13166 0.12406 0.094302 0.014383 -0.068438 -0.13627 -0.177 -0.093249 0.23681
-0.24176 0.14538 -0.67913 -0.11602 -0.4121 0.20722 -0.89095 0.95535 -0.60596 -0.84633 -0.81153 0.15407 0.62965 -0.81401 0.39501 0.99393 0.58034 -0.28167 -0.85666 -0.99644 -0.82932 -0.45023 -0.019048 0.31446 0.56018 0.75679 0.89928 0.98035 0.99275 0.93339 0.82683 0.71635 0.63057 0.55043 0.48319 0.4123 0.35608 0.31424 0.28585 0.28319 0.27768 0.26705 0.23475 0.15315 0.067761 -0.0033695 -0.047403 0.034496 0.35639
0.24733 -0.1006 -0.069323 -0.14854 0.22139 -0.47443 -0.82496 0.83932 -0.041106 -0.43337 -0.98105 -0.30317 0.8316 -0.96047 0.020949 0.90313 0.8207 0.039883 -0.65972 -0.9693 -0.95219 -0.67226 -0.27453 0.071457 0.34825 0.58872 0.78282 0.92116 0.99181 0.98459 0.91857 0.83294 0.75981 0.68788 0.62522 0.55746 0.50274 0.46021 0.42996 0.42399 0.41552 0.40239 0.36849 0.28699 0.20077 0.1277 0.081147 0.15986 0.46872
-0.22496 -0.016489 0.59635 0.023668 0.60752 -0.79865 -0.30001 0.35045 0.52938 0.10519 -0.89642 -0.6865 0.87194 -0.94613 -0.3506 0.69694 0.96279 0.35261 -0.40381 -0.8601 -0.99943 -0.8434 -0.50845 -0.17239 0.11996 0.39265 0.63044 0.82159 0.9494 0.99649 0.97524 0.91907 0.86246 0.80224 0.74705 0.68522 0.63421 0.59272 0.56191 0.55329 0.54252 0.52762 0.49316 0.4136 0.32832 0.25473 0.20655 0.28093 0.57239
0.16981 0.16112 0.12348 0.12685 0.39308 -0.56409 0.37593 -0.28129 0.90141 0.60495 -0.58982 -0.91731 0.75072 -0.78029 -0.66707 0.40625 0.99484 0.62528 -0.11482 -0.6814 -0.97071 -0.95393 -0.70686 -0.40272 -0.11159 0.17967 0.45081 0.68771 0.86901 0.9703 0.99628 0.97311 0.93638 0.89104 0.84608 0.79288 0.74776 0.7091 0.67915 0.66872 0.65647 0.64063 0.60675 0.53095 0.44839 0.37574 0.32689 0.39602 0.66622
-0.082209 -0.18671 -0.499 0.039503 -0.17864 0.038801 0.83807 -0.78203 0.95449 0.92402 -0.14519 -0.95435 0.49715 -0.4954 -0.88718 0.070232 0.918 0.8328 0.18018 -0.45053 -0.87135 -0.999 -0.85896 -0.60697 -0.33405 -0.039085 0.25328 0.52665 0.75544 0.9086 0.98246 0.99465 0.98048 0.95273 0.92052 0.87843 0.84131 0.80728 0.77966 0.76839 0.7556 0.73974 0.70759 0.63732 0.55924 0.48901 0.44051 0.50362 0.74924
-0.026915 0.012609 -0.19981 -0.081694 -0.5608 0.59568 0.85931 -0.95182 0.68475 0.98088 0.32669 -0.7986 0.16159 -0.13983 -0.98555 -0.26924 0.74506 0.9581 0.45549 -0.18778 -0.71141 -0.9784 -0.95756 -0.77491 -0.53638 -0.25295 0.047346 0.34622 0.61448 0.81512 0.93569 0.98435 0.99467 0.98671 0.9694 0.94064 0.91343 0.88575 0.86193 0.85088 0.83855 0.82364 0.79441 0.73134 0.65942 0.59306 0.54593 0.60247 0.82075
0.13428 0.20122 0.37775 -0.067673 -0.42702 0.75697 0.45085 -0.73798 0.19496 0.77104 0.71646 -0.48896 -0.19526 0.23094 -0.95451 -0.5728 0.49789 0.99302 0.68886 0.085502 -0.50454 -0.89618 -0.99913 -0.89899 -0.70933 -0.45224 -0.15778 0.15447 0.45255 0.69446 0.85891 0.94385 0.97979 0.99318 0.99248 0.97892 0.96331 0.94359 0.92498 0.91523 0.90438 0.89142 0.86624 0.81193 0.74774 0.68664 0.64194 0.69153 0.88023
-0.20845 -0.18932 0.26817 0.038559 0.070189 0.44741 -0.16718 -0.24147 -0.34873 0.36097 0.94075 -0.091135 -0.5135 0.56304 -0.8034 -0.80781 0.20441 0.93815 0.863 0.34866 -0.26665 -0.75998 -0.98367 -0.97454 -0.84573 -0.62859 -0.35353 -0.040655 0.27644 0.55188 0.75582 0.87562 0.93745 0.9731 0.99026 0.99333 0.99074 0.98039 0.96829 0.96093 0.95258 0.94254 0.92247 0.87831 0.82331 0.76879 0.72753 0.76995 0.9274
0.22183 -0.060017 -0.23047 0.077288 0.48478 -0.11876 -0.69158 0.33662 -0.77494 -0.13572 0.95792 0.31727 -0.74377 0.81176 -0.55582 -0.95145 -0.1048 0.80203 0.96655 0.58316 -0.014626 -0.5802 -0.91438 -0.9997 -0.94065 -0.77522 -0.53234 -0.23159 0.092984 0.39303 0.63072 0.78282 0.86996 0.9281 0.96382 0.98452 0.99602 0.99623 0.99181 0.98786 0.98297 0.97677 0.96282 0.93003 0.8855 0.83877 0.80193 0.83713 0.96214
-0.16478 0.23061 -0.29705 0.00070908 0.48074 -0.59557 -0.88517 0.77942 -0.95984 -0.59133 0.7731 0.66208 -0.85402 0.94684 -0.24542 -0.99222 -0.39975 0.59962 0.99443 0.77378 0.23486 -0.36915 -0.79718 -0.97527 -0.99144 -0.88711 -0.68781 -0.41146 -0.091185 0.22371 0.4883 0.6691 0.78017 0.86032 0.91478 0.95364 0.97995 0.99164 0.99587 0.99628 0.99575 0.99423 0.98726 0.96686 0.93392 0.89608 0.86457 0.89262 0.98452
0.058063 -0.090858 0.072043 -0.078792 0.090733 -0.71768 -0.67743 0.93423 -0.85946 -0.89675 0.43272 0.88543 -0.83284 0.95517 0.089064 -0.93011 -0.65376 0.35043 0.94764 0.9093 0.46641 -0.14009 -0.64014 -0.90445 -0.99761 -0.96103 -0.81489 -0.57426 -0.26985 0.049674 0.33349 0.53846 0.67133 0.77237 0.84523 0.90226 0.94371 0.96754 0.9812 0.9868 0.99142 0.99532 0.99606 0.98886 0.96844 0.94044 0.9151 0.9362 0.99477
0.050101 -0.15936 0.26292 -0.050867 -0.35217 -0.43934 -0.17907 0.76015 -0.51487 -0.98584 0.011282 0.95426 -0.68917 0.84095 0.40873 -0.77558 -0.84567 0.076489 0.83261 0.98299 0.66676 0.093582 -0.45285 -0.79243 -0.96071 -0.99555 -0.90998 -0.71497 -0.43739 -0.12355 0.17124 0.39513 0.54698 0.66719 0.75755 0.83232 0.88888 0.92518 0.94881 0.9603 0.97072 0.98066 0.98972 0.99631 0.98913 0.97176 0.95335 0.96781 0.99326
-0.10378 0.16579 0.063166 0.051324 -0.5052 0.064947 0.38334 0.33141 -0.032746 -0.84689 -0.40588 0.8636 -0.44906 0.6235 0.67891 -0.5475 -0.9612 -0.19968 0.66026 0.99258 0.82539 0.31909 -0.2458 -0.64596 -0.884 -0.99087 -0.97088 -0.82969 -0.58892 -0.29084 0.0063776 0.24339 0.41083 0.54793 0.65443 0.74604 0.81727 0.8661 0.89999 0.91792 0.93466 0.95112 0.96892 0.98967 0.99626 0.99017 0.97933 0.98754 0.98047
0.072067 0.055589 -0.16556 0.099287 -0.27418 0.51675 0.77344 -0.19838 0.45005 -0.52031 -0.73998 0.63479 -0.15037 0.33353 0.87261 -0.27056 -0.9936 -0.45686 0.44481 0.94003 0.93489 0.52496 -0.029739 -0.47293 -0.77222 -0.94874 -0.99679 -0.91566 -0.72038 -0.44758 -0.15649 0.087468 0.26665 0.41787 0.5387 0.64582 0.73096 0.79205 0.83627 0.86099 0.88442 0.90775 0.93456 0.9696 0.99027 0.99593 0.99321 0.99563 0.957
0.024736 -0.1624 -0.13272 0.028565 0.14586 0.68846 0.84221 -0.65371 0.80574 -0.085007 -0.93284 0.30963 0.16359 0.0083596 0.97263 0.027583 -0.94349 -0.67664 0.20245 0.83102 0.99109 0.70145 0.18485 -0.28187 -0.63124 -0.8722 -0.98819 -0.97124 -0.82861 -0.58974 -0.31312 -0.068584 0.11815 0.28033 0.4133 0.53421 0.63216 0.70495 0.7593 0.79102 0.82134 0.85173 0.88766 0.9369 0.97176 0.98948 0.99529 0.99244 0.92352
-0.11868 0.024635 0.039832 -0.086104 0.44295 0.51189 0.57849 -0.89485 0.94807 0.36203 -0.95563 -0.057971 0.45044 -0.31305 0.97255 0.31915 -0.81818 -0.84458 -0.049855 0.67426 0.99307 0.84097 0.38823 -0.081516 -0.46768 -0.76537 -0.94673 -0.99589 -0.91134 -0.71399 -0.45972 -0.22097 -0.03111 0.13857 0.28116 0.41382 0.52316 0.60684 0.6709 0.70963 0.74688 0.78436 0.82935 0.8925 0.94145 0.97137 0.98603 0.97847 0.8808
0.1354 0.11489 0.11284 -0.11696 0.41909 0.094188 0.099863 -0.85763 0.85037 0.72771 -0.8113 -0.41129 0.67424 -0.59472 0.87634 0.57874 -0.63051 -0.95085 -0.29563 0.4807 0.94283 0.93821 0.57179 0.11955 -0.28863 -0.63319 -0.87505 -0.99004 -0.9672 -0.81771 -0.59298 -0.36621 -0.17776 -0.004243 0.1452 0.28728 0.40633 0.49981 0.57295 0.61852 0.66258 0.70704 0.76086 0.83742 0.90018 0.94228 0.96597 0.95427 0.82963
-0.05159 -0.065238 0.052102 -0.023757 0.11234 -0.3523 -0.40418 -0.56571 0.54667 0.94143 -0.53123 -0.69942 0.80943 -0.80741 0.69709 0.78537 -0.39727 -0.99056 -0.51985 0.26271 0.84499 0.99023 0.72837 0.31327 -0.10131 -0.48117 -0.7766 -0.95505 -0.99567 -0.89898 -0.71016 -0.50125 -0.31872 -0.14514 0.0081927 0.15714 0.284 0.38599 0.46735 0.51943 0.57002 0.6212 0.68348 0.77278 0.84887 0.90295 0.93574 0.9205 0.77087
-0.07663 -0.055596 -0.027264 0.10408 -0.25495 -0.62011 -0.74878 -0.11544 0.11804 0.9672 -0.16737 -0.88411 0.84318 -0.93116 0.45491 0.92385 -0.13763 -0.96364 -0.70979 0.033206 0.7063 0.99639 0.8524 0.49239 0.087231 -0.31515 -0.65547 -0.89307 -0.99703 -0.95659 -0.80908 -0.62344 -0.45121 -0.28139 -0.12723 0.025881 0.15847 0.26748 0.35602 0.41412 0.47082 0.52833 0.59854 0.69972 0.7885 0.85423 0.89606 0.87788 0.70539
0.14966 0.074412 -0.057757 0.13946 -0.44107 -0.60003 -0.81944 0.35846 -0.33068 0.8075 0.21804 -0.94398 0.77572 -0.95664 0.17446 0.98558 0.12851 -0.87441 -0.85555 -0.19508 0.5351 0.95819 0.94003 0.65069 0.27033 -0.14106 -0.5162 -0.80687 -0.97229 -0.99003 -0.88814 -0.7306 -0.57284 -0.4105 -0.25862 -0.10417 0.031933 0.14632 0.24086 0.30434 0.36658 0.4299 0.50739 0.61945 0.72011 0.79701 0.84772 0.82717 0.63408
-0.10831 0.002058 -0.050599 0.043032 -0.34054 -0.31869 -0.60518 0.72397 -0.69701 0.49949 0.56338 -0.87598 0.61916 -0.88513 -0.11772 0.96861 0.38207 -0.73096 -0.95046 -0.41027 0.34078 0.87897 0.98914 0.78311 0.44193 0.035253 -0.36359 -0.69974 -0.92307 -0.99941 -0.9463 -0.82101 -0.68156 -0.53029 -0.38378 -0.23083 -0.093519 0.024467 0.12368 0.19177 0.25888 0.32736 0.41136 0.53315 0.64476 0.73222 0.79153 0.76919 0.55785
-0.0055018 -0.067542 -0.015862 -0.10062 -0.034424 0.087645 -0.19237 0.88742 -0.90349 0.10507 0.81717 -0.69414 0.395 -0.72748 -0.39574 0.87727 0.60601 -0.54423 -0.99114 -0.60193 0.13324 0.76366 0.99927 0.88588 0.59677 0.20827 -0.20253 -0.57536 -0.85153 -0.98541 -0.98306 -0.89342 -0.77573 -0.6389 -0.50076 -0.35215 -0.21596 -0.096222 0.0062433 0.078066 0.14924 0.22214 0.31178 0.44204 0.56353 0.66082 0.72835 0.70476 0.47757
0.07995 0.040307 0.044653 -0.16296 0.27911 0.44211 0.2733 0.81484 -0.91228 -0.3023 0.94501 -0.42628 0.1309 -0.50222 -0.63655 0.7213 0.78642 -0.32717 -0.97742 -0.76145 -0.077653 0.61839 0.97151 0.95648 0.73044 0.3729 -0.037846 -0.43762 -0.76027 -0.94923 -0.99843 -0.94705 -0.85411 -0.73479 -0.60785 -0.46635 -0.33361 -0.21403 -0.10983 -0.035245 0.039114 0.11561 0.20992 0.3473 0.4775 0.58378 0.65906 0.63473 0.39411
-0.043878 0.058139 0.086808 -0.086806 0.41482 0.60402 0.63965 0.53529 -0.7297 -0.65157 0.93318 -0.10926 -0.14294 -0.2331 -0.82164 0.51459 0.91309 -0.09372 -0.91207 -0.88231 -0.28247 0.45014 0.90831 0.99373 0.83951 0.52463 0.12582 -0.29053 -0.65218 -0.89251 -0.99289 -0.98153 -0.91581 -0.81675 -0.70365 -0.57189 -0.4449 -0.3274 -0.223 -0.14671 -0.070123 0.0090648 0.10701 0.25008 0.38773 0.50207 0.58454 0.55993 0.30834
-0.051505 -0.07155 0.048047 0.066394 0.3061 0.52119 0.79675 0.12779 -0.40101 -0.88598 0.78883 0.21634 -0.39726 0.053555 -0.93817 0.27386 0.97994 0.1421 -0.80043 -0.96027 -0.47263 0.2664 0.81326 0.9976 0.92152 0.65957 0.28414 -0.13809 -0.53041 -0.81724 -0.96733 -0.99691 -0.96033 -0.88388 -0.78702 -0.66748 -0.54844 -0.43491 -0.3319 -0.255 -0.1772 -0.096276 0.0042243 0.15149 0.29527 0.41665 0.50567 0.48122 0.22106
0.08173 -0.055288 -0.05922 0.17168 0.029861 0.24078 0.7068 -0.30263 0.0021251 -0.97133 0.53719 0.5115 -0.60669 0.33149 -0.97957 0.0172 0.98505 0.36698 -0.64986 -0.99334 -0.64072 0.074792 0.6909 0.96922 0.975 0.7746 0.4332 0.015791 -0.39822 -0.72571 -0.92299 -0.9936 -0.98752 -0.93561 -0.8571 -0.75205 -0.64304 -0.53533 -0.43528 -0.3589 -0.28093 -0.19928 -0.097355 0.052596 0.20111 0.32846 0.42333 0.39941 0.13305
0.0049712 0.092096 -0.12794 0.14423 -0.25125 -0.11932 0.4087 -0.65253 0.39806 -0.8996 0.21656 0.74317 -0.75205 0.57684 -0.94546 -0.2373 0.93039 0.56903 -0.46926 -0.98168 -0.78066 -0.11723 0.54644 0.91065 0.99943 0.86729 0.56956 0.16743 -0.25892 -0.62041 -0.86142 -0.97235 -0.99754 -0.97165 -0.9133 -0.82477 -0.72771 -0.6276 -0.53204 -0.45734 -0.38027 -0.29891 -0.19671 -0.045611 0.10622 0.2384 0.33836 0.31532 0.045064
-0.11179 0.063386 -0.067916 0.004483 -0.38576 -0.42176 -0.00059609 -0.84416 0.71175 -0.68804 -0.12798 0.88761 -0.82168 0.76999 -0.84121 -0.47282 0.82142 0.73831 -0.26841 -0.92746 -0.88791 -0.30263 0.38554 0.82482 0.99516 0.936 0.69031 0.31341 -0.11578 -0.50397 -0.78443 -0.93419 -0.99085 -0.99201 -0.95526 -0.88502 -0.80167 -0.71081 -0.62124 -0.54935 -0.47426 -0.39423 -0.29291 -0.1422 0.01151 0.14736 0.25159 0.22971 -0.04221
0.10064 -0.10033 0.077853 -0.14211 -0.31216 -0.56158 -0.39934 -0.84098 0.88828 -0.37436 -0.45103 0.93221 -0.81195 0.89688 -0.67704 -0.67476 0.66645 0.86722 -0.05751 -0.83454 -0.95949 -0.47504 0.21406 0.71531 0.96337 0.97982 0.7931 0.45065 0.028062 -0.37909 -0.69399 -0.88039 -0.96816 -0.99693 -0.98289 -0.93242 -0.86433 -0.78426 -0.70208 -0.63413 -0.56208 -0.4844 -0.38512 -0.23631 -0.082167 0.056153 0.16382 0.14334 -0.12812
0.028411 -0.082097 0.16207 -0.18774 -0.081196 -0.49987 -0.67739 -0.65214 0.90117 -0.0092919 -0.7127 0.87599 -0.72693 0.94972 -0.46687 -0.83159 0.47591 0.95068 0.1534 -0.7082 -0.99397 -0.62895 0.037874 0.5862 0.9059 0.99854 0.87615 0.57645 0.16961 -0.24849 -0.59222 -0.81244 -0.93041 -0.9869 -0.99631 -0.96678 -0.91528 -0.8474 -0.77393 -0.71099 -0.64303 -0.5687 -0.47259 -0.32717 -0.17401 -0.034429 0.075786 0.056899 -0.21207
-0.12057 0.092865 0.08726 -0.10043 0.18135 -0.27017 -0.76526 -0.32648 0.75471 0.35198 -0.88313 0.7287 -0.57733 0.92711 -0.22701 -0.93525 0.26162 0.98619 0.35488 -0.55476 -0.99141 -0.75978 -0.13737 0.44191 0.82521 0.99258 0.93827 0.68851 0.30611 -0.11481 -0.48134 -0.73196 -0.87873 -0.96259 -0.99583 -0.98812 -0.9543 -0.89983 -0.83628 -0.77938 -0.71649 -0.64651 -0.55465 -0.41406 -0.2633 -0.12366 -0.01179 -0.028939 -0.2935
0.063606 0.10605 -0.084149 0.057486 0.34449 0.040496 -0.64889 0.061398 0.48055 0.65814 -0.94531 0.50891 -0.37898 0.83356 0.025153 -0.98142 0.035962 0.97377 0.53846 -0.38131 -0.95322 -0.86403 -0.30635 0.28702 0.72422 0.96298 0.9788 0.78498 0.43508 0.019367 -0.36356 -0.64072 -0.8144 -0.92486 -0.98196 -0.99663 -0.98134 -0.94133 -0.88879 -0.83888 -0.78201 -0.7173 -0.63076 -0.49635 -0.34937 -0.21086 -0.098244 -0.11355 -0.37193
0.056004 -0.066993 -0.18646 0.17773 0.33581 0.32591 -0.36822 0.42891 0.13005 0.86869 -0.89602 0.24137 -0.15098 0.67872 0.27244 -0.96946 -0.18878 0.91572 0.69694 -0.19526 -0.88202 -0.93928 -0.46429 0.12617 0.6062 0.91126 0.99762 0.86443 0.5543 0.15163 -0.24113 -0.54053 -0.73884 -0.87473 -0.95536 -0.99264 -0.99649 -0.9718 -0.93122 -0.88919 -0.83921 -0.78065 -0.70042 -0.57352 -0.43162 -0.29541 -0.18296 -0.19637 -0.44691
-0.071872 -0.12535 -0.11537 0.18135 0.16965 0.49683 -0.0019837 0.70298 -0.23603 0.95857 -0.74508 -0.045938 0.0862 0.47622 0.499 -0.90213 -0.4011 0.81634 0.82462 -0.004113 -0.78144 -0.98417 -0.60698 -0.036138 0.47469 0.8394 0.99508 0.92589 0.66191 0.27973 -0.11621 -0.43326 -0.65353 -0.81331 -0.91681 -0.97664 -1 -0.9913 -0.96348 -0.93012 -0.88784 -0.83625 -0.76326 -0.64507 -0.50951 -0.37676 -0.26536 -0.27687 -0.51804
-0.018659 0.024456 0.06841 0.068482 -0.068223 0.50719 0.3554 0.83372 -0.55814 0.92033 -0.51315 -0.32481 0.31259 0.24233 0.69125 -0.78519 -0.59079 0.68157 0.91737 0.1849 -0.65591 -0.99838 -0.7309 -0.1956 0.33334 0.74971 0.972 0.96878 0.75633 0.40162 0.0091078 -0.32078 -0.56004 -0.74183 -0.86723 -0.94925 -0.99223 -1 -0.9856 -0.9616 -0.92774 -0.88387 -0.81897 -0.71062 -0.5826 -0.45439 -0.34495 -0.35455 -0.58498
0.055063 0.12847 0.19711 -0.086961 -0.26656 0.36373 0.61826 0.80213 -0.78738 0.76365 -0.22859 -0.5695 0.5103 -0.0054402 0.83853 -0.6268 -0.74937 0.51859 0.97275 0.36503 -0.51041 -0.98256 -0.8333 -0.34826 0.18582 0.64478 0.92955 0.99293 0.83635 0.51549 0.13284 -0.20492 -0.45995 -0.66158 -0.80761 -0.91119 -0.97365 -0.99818 -0.9977 -0.98364 -0.95884 -0.92336 -0.86733 -0.76986 -0.65048 -0.52787 -0.42124 -0.42901 -0.64744
0.02351 0.02583 0.15317 -0.18828 -0.34031 0.11841 0.72925 0.621 -0.89214 0.51269 0.076307 -0.75897 0.66484 -0.24961 0.93352 -0.43692 -0.87033 0.33538 0.9899 0.53024 -0.35033 -0.93821 -0.91214 -0.49053 0.035765 0.52738 0.86925 0.99853 0.90108 0.61975 0.25314 -0.087482 -0.35484 -0.57388 -0.73903 -0.86326 -0.94485 -0.98621 -1 -0.99638 -0.98117 -0.95466 -0.90821 -0.82253 -0.71282 -0.5968 -0.49382 -0.49984 -0.70518
-0.070846 -0.10777 -0.025713 -0.1763 -0.26484 -0.15149 0.67007 0.32987 -0.86156 0.20194 0.36899 -0.87833 0.76592 -0.47396 0.97249 -0.22658 -0.94935 0.14036 0.96951 0.67535 -0.18119 -0.8676 -0.96615 -0.6193 -0.11337 0.40039 0.79289 0.98613 0.94994 0.71307 0.36834 0.029837 -0.24629 -0.4801 -0.66261 -0.80634 -0.90647 -0.96458 -0.99283 -1 -0.99483 -0.9778 -0.94152 -0.86845 -0.76935 -0.66086 -0.56234 -0.56671 -0.75799
-0.016164 -0.068681 -0.18506 -0.061682 -0.080459 -0.36812 0.46214 -0.01448 -0.70536 -0.12888 0.62008 -0.91976 0.80794 -0.66455 0.95513 -0.007264 -0.98426 -0.058072 0.91363 0.79618 -0.0085053 -0.77361 -0.99479 -0.73197 -0.25832 0.26675 0.70246 0.95656 0.98266 0.79438 0.47692 0.14542 -0.13582 -0.38159 -0.57949 -0.74136 -0.85926 -0.93382 -0.97656 -0.99479 -1 -0.99286 -0.96727 -0.90752 -0.81987 -0.71978 -0.62647 -0.62934 -0.80572
0.098141 0.065439 -0.19117 0.08643 0.13064 -0.47487 0.15822 -0.3495 -0.45079 -0.43996 0.80608 -0.88254 0.79003 -0.81038 0.8844 0.20977 -0.97503 -0.25184 0.82549 0.88958 0.16244 -0.65962 -0.99821 -0.82648 -0.39611 0.12935 0.60014 0.91091 0.99925 0.86284 0.57756 0.25778 -0.024902 -0.27969 -0.49086 -0.66929 -0.80399 -0.89454 -0.95167 -0.9811 -0.99693 -1 -0.98551 -0.93967 -0.86423 -0.77332 -0.68595 -0.68748 -0.84826
-0.019835 0.089135 -0.041892 0.184 0.28169 -0.44961 -0.17186 -0.61822 -0.13732 -0.6961 0.91125 -0.77262 0.71572 -0.90393 0.76603 0.41399 -0.92358 -0.43352 0.70933 0.95349 0.32668 -0.52937 -0.97716 -0.90127 -0.52409 -0.0090019 0.48818 0.8505 1 0.91787 0.66911 0.36554 0.085084 -0.17571 -0.39787 -0.59113 -0.74148 -0.8474 -0.91867 -0.95932 -0.98592 -0.99943 -0.99636 -0.96492 -0.90233 -0.82133 -0.74057 -0.74092 -0.88553
-0.10034 -0.015025 0.1393 0.17969 0.31628 -0.30708 -0.4575 -0.7784 0.18984 -0.87034 0.92848 -0.60154 0.59234 -0.9413 0.60804 0.59609 -0.83355 -0.59654 0.57011 0.9869 0.47975 -0.38683 -0.933 -0.95537 -0.63995 -0.14563 0.36889 0.77684 0.98543 0.95913 0.75064 0.46747 0.19283 -0.070906 -0.30169 -0.50788 -0.67258 -0.79311 -0.87811 -0.92992 -0.96732 -0.99141 -1 -0.98332 -0.93412 -0.86367 -0.79014 -0.78951 -0.9175
0.055976 -0.081708 0.20982 0.079998 0.22736 -0.09117 -0.64214 -0.80834 0.48634 -0.94638 0.85932 -0.3851 0.43018 -0.92224 0.4201 0.74832 -0.70999 -0.73545 0.41332 0.98981 0.61773 -0.23605 -0.86753 -0.98827 -0.74176 -0.27804 0.24459 0.69155 0.95627 0.98648 0.82138 0.56249 0.29714 0.033516 -0.20343 -0.42056 -0.59817 -0.73238 -0.8306 -0.89338 -0.94154 -0.97624 -0.99663 -0.99496 -0.9596 -0.90027 -0.83454 -0.83313 -0.94417
0.076808 -0.025245 0.12013 -0.058924 0.055253 0.1392 -0.69341 -0.7086 0.71447 -0.9195 0.71313 -0.14174 0.24158 -0.84979 0.2129 0.86474 -0.55909 -0.84597 0.24474 0.96315 0.73736 -0.081106 -0.78297 -1 -0.82799 -0.40396 0.11757 0.59637 0.91344 1 0.88078 0.64966 0.39691 0.13643 -0.10419 -0.33015 -0.51912 -0.66598 -0.77678 -0.85024 -0.909 -0.95429 -0.98652 -1 -0.97883 -0.9311 -0.87367 -0.8717 -0.96557
-0.066849 0.055187 -0.055859 -0.16438 -0.13174 0.32637 -0.6075 -0.50015 0.84759 -0.79618 0.50567 0.10909 0.039928 -0.72995 -0.0024807 0.94138 -0.38777 -0.92508 0.070215 0.9087 0.83603 0.074076 -0.68186 -0.991 -0.89751 -0.52136 -0.0099904 0.49311 0.858 0.99997 0.92845 0.72819 0.49116 0.23678 -0.0049903 -0.23762 -0.4363 -0.59466 -0.71729 -0.80106 -0.87018 -0.92593 -0.96994 -0.99862 -0.99188 -0.95615 -0.90749 -0.90516 -0.98175
-0.050917 0.0448 -0.18581 -0.18528 -0.26491 0.42784 -0.40734 -0.21936 0.87258 -0.59253 0.25714 0.34847 -0.16134 -0.57101 -0.21518 0.97621 -0.20339 -0.97108 -0.10453 0.82894 0.91186 0.22576 -0.56697 -0.96215 -0.94955 -0.62846 -0.13599 0.3836 0.79117 0.98684 0.96418 0.79744 0.57904 0.3336 0.093174 -0.14391 -0.35057 -0.5192 -0.65279 -0.7464 -0.82557 -0.89156 -0.94724 -0.99104 -0.99889 -0.97548 -0.93597 -0.93351 -0.9928
0.052386 -0.02608 -0.1799 -0.11551 -0.29968 0.4249 -0.13589 0.088755 0.79043 -0.33193 -0.0098634 0.55939 -0.34956 -0.38299 -0.41504 0.96915 -0.013419 -0.98347 -0.27409 0.72694 0.96365 0.37052 -0.44124 -0.91467 -0.98372 -0.72378 -0.25848 0.26966 0.71424 0.9612 0.98792 0.85692 0.65979 0.42602 0.18939 -0.049914 -0.26278 -0.44034 -0.58397 -0.68687 -0.77567 -0.85162 -0.91875 -0.97751 -1 -0.98916 -0.95914 -0.95675 -0.99884
0.040629 -0.048076 -0.050426 0.0070305 -0.229 0.32451 0.15358 0.37791 0.61499 -0.042121 -0.27245 0.72781 -0.51361 -0.17691 -0.59309 0.92188 0.17487 -0.96295 -0.4335 0.60624 0.99091 0.50524 -0.30767 -0.85008 -1 -0.8061 -0.37566 0.15309 0.62857 0.92379 0.99978 0.90627 0.7328 0.51325 0.28281 0.043505 -0.17374 -0.35884 -0.51148 -0.62305 -0.72101 -0.80657 -0.88484 -0.95831 -0.9954 -0.99728 -0.97704 -0.97494 -1
-0.026759 0.0037561 0.10671 0.12226 -0.08237 0.15517 0.40812 0.6074 0.37032 0.24789 -0.5094 0.8435 -0.64448 0.035848 -0.74185 0.83766 0.35467 -0.91128 -0.57837 0.4707 0.99375 0.62724 -0.16926 -0.77018 -0.99868 -0.87451 -0.48594 0.035638 0.5356 0.87545 1 0.94529 0.79755 0.59461 0.37265 0.13555 -0.084236 -0.27543 -0.43601 -0.55554 -0.66211 -0.75684 -0.84591 -0.93373 -0.9853 -1 -0.98974 -0.98815 -0.99643
-0.047775 0.046603 0.18543 0.1778 0.087371 -0.041644 0.5845 0.74743 0.087078 0.51065 -0.70268 0.90037 -0.73563 0.24418 -0.85559 0.72108 0.51984 -0.83113 -0.70497 0.32435 0.9729 0.73424 -0.028979 -0.67694 -0.98034 -0.92835 -0.58788 -0.081047 0.43676 0.81712 0.98896 0.97387 0.85365 0.6695 0.45822 0.22547 0.0049874 -0.19082 -0.35819 -0.48494 -0.59951 -0.70293 -0.80236 -0.90409 -0.96994 -0.99746 -0.99736 -0.99646 -0.98829
0.0023327 0.017322 0.14062 0.152 0.22349 -0.22186 0.65591 0.78234 -0.20146 0.72278 -0.83874 0.89667 -0.78321 0.43783 -0.93043 0.57775 0.66507 -0.72593 -0.81031 0.17133 0.92962 0.82442 0.11036 -0.57249 -0.94585 -0.96725 -0.68028 -0.1954 0.3335 0.74981 0.96714 0.99206 0.90082 0.73743 0.53889 0.31258 0.093226 -0.10569 -0.27867 -0.41184 -0.53374 -0.6453 -0.75458 -0.86973 -0.94957 -0.98986 -1 -1 -0.97578
0.063683 -0.041013 0.010502 0.060782 0.28398 -0.34847 0.61512 0.71166 -0.46335 0.8668 -0.90914 0.83469 -0.78607 0.60778 -0.96444 0.41403 0.78606 -0.59974 -0.89215 0.015689 0.86561 0.89644 0.24608 -0.45905 -0.89629 -0.9911 -0.76212 -0.30598 0.22724 0.67461 0.93512 1 0.93889 0.79799 0.61412 0.39625 0.17982 -0.020695 -0.19807 -0.33679 -0.46532 -0.58442 -0.70301 -0.83098 -0.92445 -0.97738 -0.99782 -0.9989 -0.95908
0.016649 -0.044365 -0.11725 -0.05284 0.25353 -0.39854 0.47402 0.54891 -0.67135 0.93226 -0.91086 0.72037 -0.74561 0.74668 -0.95748 0.23672 0.87953 -0.45701 -0.94902 -0.13864 0.78299 0.94938 0.37574 -0.33889 -0.83293 -1 -0.83259 -0.41145 0.11937 0.5926 0.89356 0.99793 0.96778 0.85088 0.68344 0.47591 0.26416 0.063559 -0.11697 -0.26037 -0.39476 -0.52076 -0.64805 -0.7882 -0.89487 -0.96024 -0.99098 -0.99331 -0.93841
-0.077907 0.016293 -0.16564 -0.13965 0.14591 -0.36654 0.26004 0.31871 -0.80548 0.91614 -0.84611 0.56263 -0.66555 0.84904 -0.91119 0.052766 0.9433 -0.30248 -0.9802 -0.28798 0.68415 0.98279 0.49712 -0.21427 -0.75721 -0.99431 -0.89109 -0.51065 0.011231 0.50494 0.84321 0.98619 0.98751 0.89586 0.74645 0.55106 0.34569 0.14649 -0.035946 -0.1831 -0.32258 -0.45478 -0.59012 -0.74176 -0.86112 -0.93869 -0.97966 -0.9834 -0.91399
-0.031599 0.063487 -0.11357 -0.16541 -0.0027231 -0.26366 0.010405 0.052792 -0.85455 0.82256 -0.72177 0.37259 -0.55148 0.91134 -0.82871 -0.13102 0.97627 -0.14098 -0.98569 -0.42895 0.57175 0.99661 0.60828 -0.087415 -0.6707 -0.97455 -0.93721 -0.60252 -0.095911 0.41274 0.78486 0.96518 0.99819 0.93281 0.80284 0.62126 0.42389 0.22757 0.044471 -0.10551 -0.24924 -0.38694 -0.52963 -0.69199 -0.82351 -0.91296 -0.96405 -0.96935 -0.88602
0.082827 0.033606 -0.0010364 -0.12345 -0.14648 -0.11398 -0.23454 -0.21457 -0.81668 0.66192 -0.54856 0.16272 -0.41051 0.93209 -0.71445 -0.30817 0.97839 0.02272 -0.96617 -0.55856 0.44857 0.9912 0.70758 0.039526 -0.57503 -0.94146 -0.97073 -0.68618 -0.20086 0.31715 0.71934 0.93541 1 0.96164 0.85237 0.68613 0.4983 0.30629 0.12378 -0.028085 -0.17524 -0.31768 -0.46699 -0.63928 -0.78234 -0.8833 -0.94436 -0.95135 -0.85475
0.044715 -0.042586 0.10221 -0.034701 -0.24392 0.051407 -0.43778 -0.45097 -0.69871 0.44955 -0.34002 -0.054 -0.25072 0.91172 -0.57388 -0.4728 0.95057 0.18402 -0.9229 -0.67423 0.3175 0.96725 0.79364 0.16451 -0.47193 -0.89589 -0.99162 -0.76087 -0.30251 0.21926 0.64752 0.89742 0.9932 0.98239 0.89485 0.74537 0.56852 0.3822 0.2015 0.048712 -0.101 -0.24743 -0.40261 -0.58397 -0.73792 -0.84997 -0.92079 -0.9296 -0.82041
-0.074579 -0.076306 0.14034 0.063305 -0.26953 0.20096 -0.57096 -0.62959 -0.51497 0.20415 -0.11137 -0.26488 -0.080703 0.85243 -0.41316 -0.61974 0.89457 0.33864 -0.85769 -0.77381 0.18145 0.9258 0.86542 0.28565 -0.3631 -0.83885 -1 -0.826 -0.39985 0.12016 0.57029 0.85181 0.97812 0.99513 0.93019 0.7987 0.6342 0.45489 0.2772 0.12444 -0.02697 -0.17659 -0.33686 -0.52643 -0.69057 -0.81324 -0.89358 -0.90431 -0.78322
-0.055611 -0.025065 0.10033 0.13256 -0.21946 0.30852 -0.61782 -0.73194 -0.28524 -0.054021 0.12167 -0.45823 0.090912 0.75798 -0.23893 -0.74471 0.81295 0.48267 -0.77278 -0.85566 0.043248 0.86812 0.92216 0.40118 -0.25029 -0.77145 -0.99615 -0.88111 -0.49197 0.020886 0.48854 0.79921 0.95514 1 0.95834 0.84593 0.69503 0.52399 0.35048 0.1987 0.046455 -0.10556 -0.27012 -0.46699 -0.64058 -0.77338 -0.86296 -0.87568 -0.74343
0.052765 0.058485 0.012611 0.14905 -0.11083 0.35746 -0.57556 -0.74933 -0.032543 -0.30475 0.3439 -0.62397 0.25588 0.63339 -0.057967 -0.84433 0.70884 0.61272 -0.67077 -0.91856 -0.094339 0.79575 0.9634 0.50954 -0.13518 -0.69487 -0.9805 -0.9259 -0.57805 -0.077586 0.40318 0.7403 0.92468 0.99721 0.9793 0.88692 0.75075 0.58918 0.42098 0.2711 0.11889 -0.034719 -0.20275 -0.40601 -0.58828 -0.73066 -0.82915 -0.84394 -0.70127
0.060507 0.084919 -0.07179 0.11029 0.024668 0.34272 -0.45408 -0.68312 0.21926 -0.52946 0.54163 -0.75403 0.4067 0.48468 0.12306 -0.91625 0.5859 0.7259 -0.55453 -0.96179 -0.22872 0.71039 0.98894 0.60935 -0.019423 -0.61036 -0.95358 -0.96017 -0.65739 -0.17432 0.31507 0.67577 0.88722 0.98701 0.99314 0.92157 0.80115 0.65018 0.48836 0.34129 0.18998 0.03558 -0.13511 -0.3438 -0.53397 -0.68534 -0.79239 -0.80931 -0.65696
-0.020673 0.024365 -0.11109 0.03407 0.1503 0.27051 -0.2736 -0.54376 0.44771 -0.71249 0.70339 -0.84269 0.53693 0.3185 0.2978 -0.95908 0.44812 0.81992 -0.42711 -0.98507 -0.35748 0.6139 0.99886 0.69943 0.095419 -0.51923 -0.91605 -0.98388 -0.7294 -0.26847 0.2251 0.60634 0.84327 0.96969 0.99999 0.94985 0.84609 0.70673 0.55233 0.40897 0.25939 0.105 -0.067516 -0.2807 -0.47794 -0.6377 -0.75292 -0.77201 -0.61075
-0.053772 -0.063369 -0.092437 -0.050032 0.23419 0.15619 -0.060997 -0.34896 0.6336 -0.84201 0.82054 -0.88669 0.64143 0.14189 0.46046 -0.9724 0.29969 0.89305 -0.29167 -0.98854 -0.47845 0.50823 0.99349 0.77878 0.20786 -0.42276 -0.86866 -0.9971 -0.79358 -0.35922 0.13411 0.53271 0.79336 0.94561 1 0.97177 0.88544 0.75865 0.61264 0.47384 0.32683 0.17323 -0.00029441 -0.21702 -0.42048 -0.58801 -0.71098 -0.73225 -0.56286
-0.014163 -0.091536 -0.033256 -0.11223 0.257 0.020831 0.1543 -0.1213 0.76246 -0.9106 0.88755 -0.88521 0.71643 -0.038098 0.60595 -0.95674 0.1449 0.94419 -0.15137 -0.97272 -0.58969 0.39538 0.97335 0.84664 0.31654 -0.32228 -0.81222 -1 -0.84955 -0.44585 0.042888 0.45562 0.73804 0.91514 0.99338 0.98737 0.91912 0.80576 0.66906 0.53564 0.392 0.23998 0.066262 -0.15304 -0.3619 -0.53651 -0.6668 -0.69027 -0.5135
0.031352 -0.032842 0.032731 -0.1329 0.21575 -0.11274 0.34437 0.11459 0.82543 -0.91548 0.90212 -0.8398 0.75968 -0.21463 0.72998 -0.91343 -0.012027 0.97281 -0.0093313 -0.93851 -0.68954 0.27739 0.93921 0.90241 0.42018 -0.21909 -0.74763 -0.99286 -0.89701 -0.52773 -0.04778 0.37576 0.6779 0.87867 0.98037 0.99673 0.94712 0.84795 0.7214 0.59415 0.45465 0.30498 0.13187 -0.089062 -0.30244 -0.48349 -0.62062 -0.64629 -0.4629
0.040516 0.056788 0.074668 -0.10813 0.12318 -0.22376 0.48628 0.3346 0.81957 -0.85838 0.8651 -0.75406 0.77039 -0.38134 0.82922 -0.84455 -0.167 0.97891 0.13144 -0.88709 -0.77663 0.15625 0.89195 0.94572 0.51767 -0.11443 -0.6758 -0.97605 -0.93578 -0.60426 -0.13717 0.29385 0.61351 0.83664 0.96124 1 0.96942 0.88512 0.76951 0.64916 0.51456 0.36797 0.19627 -0.025348 -0.2424 -0.42917 -0.57267 -0.60051 -0.41127
