-0.0021259 -0.0034238 0.02235 -0.0015225 0.02576 0.0507 0.017873 0.055969 -0.11069 -0.026132 -0.073073 0.21075 0.20668 -0.074236 -0.0092025 -0.14998 -0.079586 0.32999 -0.31358 -0.22888 0.36331 0.46311 0.27862 -0.20386 -0.69712 -0.20398 0.72949 -0.2883 -0.29193 0.63785 -0.76408 0.76736 -0.77146 0.78926 -0.79246 0.73396 -0.52663 0.084284 0.50624 -0.82482 0.42549 0.42445 -0.83476 0.39181 0.52772 -0.76845 -0.27493 0.77783 0.54774
0.010175 0.0033108 -0.021917 0.046662 0.0048756 0.031303 0.012588 0.01214 0.011492 0.02197 0.17148 0.13167 0.19543 -0.099117 -0.0066407 0.13944 0.16923 -0.30568 0.006417 0.588 0.51062 0.62063 0.70184 0.27171 -0.6195 -0.33042 0.76309 -0.48273 0.061387 0.25595 -0.45953 0.53013 -0.45272 0.2706 -0.009911 -0.33744 0.69451 -0.8287 0.44096 0.38306 -0.84874 0.31418 0.59811 -0.8056 -0.023445 0.85727 -0.14057 -0.87206 -0.29527
-0.0087248 -0.00041628 -0.003252 0.020689 -0.031507 -0.0078276 -0.041086 -0.037361 0.036777 -0.074628 0.16451 0.15547 0.093098 0.032291 0.043688 -0.16653 -0.022394 -0.080449 0.54576 0.11065 -0.10561 0.26343 0.71393 0.38165 -0.6726 -0.10091 0.68568 -0.77921 0.66984 -0.55355 0.48191 -0.51487 0.67029 -0.80554 0.8097 -0.59212 0.088277 0.56121 -0.84223 0.26314 0.67282 -0.71317 -0.22116 0.86223 -0.28097 -0.79691 0.31912 0.87049 0.23264
0.011322 0.0013735 -0.0055473 -0.028617 -0.05136 -0.042734 -0.036196 0.057395 0.034942 -0.0050073 0.18911 0.18789 -0.13103 -0.0218 -0.039029 0.28841 -0.3612 0.50621 0.10019 -0.39725 -0.44228 0.1182 0.74422 0.17318 -0.77665 0.45522 0.099832 -0.45549 0.60359 -0.64604 0.63646 -0.53236 0.24268 0.1824 -0.59907 0.84009 -0.66363 -0.030571 0.77077 -0.62784 -0.40441 0.83801 0.004354 -0.8423 0.36962 0.78889 -0.29765 -0.88394 -0.36254
0.0019935 0.00375 -0.010406 -0.022064 0.0027464 0.0071526 0.075439 -0.097214 -0.04325 0.019522 0.18824 -0.094662 0.066866 0.040391 -0.089347 -0.16701 0.17034 0.3467 -0.30186 -0.57108 -0.48109 0.2967 0.74176 -0.3712 -0.43808 0.78781 -0.75126 0.63133 -0.59302 0.63607 -0.71927 0.81772 -0.79638 0.48626 0.059344 -0.63579 0.8478 -0.32738 -0.60816 0.76129 0.27094 -0.8617 0.01315 0.85878 -0.27587 -0.85171 0.089439 0.86104 0.62922
0.0085303 -0.0018356 0.047889 -0.046273 0.014293 -0.019459 -0.033886 0.091597 -0.0065746 -0.10832 -0.13145 -0.00080024 -0.042264 0.0057664 0.22081 -0.36256 0.47457 0.076544 -0.42859 -0.55269 -0.24463 0.68052 0.30561 -0.80142 0.52429 -0.066986 -0.24767 0.36145 -0.30942 0.13909 0.11016 -0.45809 0.79669 -0.78946 0.33027 0.39206 -0.85944 0.47418 0.5449 -0.77742 -0.31444 0.84362 0.1543 -0.8834 -0.00091001 0.88556 0.29406 -0.65561 -0.8736
-0.012751 0.00074862 -0.00078414 0.0031478 -0.044644 -0.0086395 0.017206 0.12087 0.02835 -0.1865 0.001712 -0.0038774 0.015929 -0.13002 0.14559 -0.16869 0.51325 0.012353 -0.33148 -0.28841 0.32936 0.72368 -0.59705 -0.10838 0.60324 -0.79037 0.83154 -0.83664 0.8095 -0.68451 0.42378 0.029343 -0.60715 0.8595 -0.50804 -0.28255 0.85919 -0.4576 -0.61776 0.69791 0.51056 -0.72843 -0.46935 0.78626 0.42986 -0.70644 -0.72847 0.14213 0.80967
-0.0064963 -0.0010112 0.036755 -0.012777 -0.04975 -0.022561 0.027293 0.10035 -0.031245 0.19723 0.0056725 0.038112 -0.0081155 -0.047534 -0.07914 -0.00084652 0.53923 0.19349 0.053134 0.32426 0.80031 -0.1863 -0.57601 0.82901 -0.73574 0.59611 -0.55291 0.64227 -0.79439 0.85019 -0.69199 0.23334 0.47359 -0.86703 0.52706 0.33703 -0.87824 0.28409 0.7778 -0.46301 -0.7696 0.40542 0.8002 -0.40729 -0.82611 0.1701 0.89263 0.55421 -0.21813
0.0030893 -0.0013123 -0.020038 0.039841 -0.0047507 0.070803 0.075286 0.064448 -0.105 -0.15167 0.063557 -0.025277 0.073931 0.11136 -0.21299 0.0026625 0.58562 0.54376 0.61245 0.7642 0.14789 -0.80464 0.72838 -0.37318 0.091038 0.023899 0.030514 -0.26292 0.60298 -0.84254 0.786 -0.3174 -0.47403 0.87415 -0.40461 -0.53035 0.84549 0.062642 -0.88954 0.014571 0.89186 0.16162 -0.86992 -0.25881 0.82609 0.56572 -0.44426 -0.90801 -0.62961
-0.0041147 -0.00094063 -0.021578 0.072422 -0.019348 -0.0364 0.1072 -0.011953 0.16256 0.17376 -0.09386 0.023895 0.091765 0.21071 -0.23574 -0.18329 0.44114 0.64134 0.57706 0.014853 -0.83089 0.49958 -0.00139 -0.35165 0.49868 -0.49481 0.35017 -0.015841 -0.46279 0.8255 -0.79395 0.24471 0.60189 -0.84146 0.11785 0.77629 -0.62631 -0.52625 0.74076 0.55708 -0.6165 -0.7485 0.40624 0.84101 -0.18346 -0.90371 -0.4618 0.38629 0.87175
0.010997 0.0064806 0.023098 0.027722 0.057381 -0.084946 0.092685 0.012736 -0.18678 -0.18426 -0.0071301 -0.018903 0.054322 0.24889 -0.12069 -0.48386 -0.13394 -0.060637 -0.46098 -0.78789 0.2893 0.30361 -0.62412 0.7607 -0.78268 0.72366 -0.53821 0.13037 0.44986 -0.85119 0.72428 -0.016301 -0.78944 0.66096 0.32265 -0.88955 0.12244 0.87295 -0.18453 -0.89934 -0.11312 0.85116 0.44827 -0.7183 -0.69839 0.30801 0.90697 0.63628 -0.0096861
-0.012408 0.012312 -0.059285 -0.059426 -0.04052 -0.066529 -0.066867 -0.056124 0.19566 0.029832 0.0036417 -0.09529 0.040954 0.20629 0.18137 -0.51352 -0.66524 -0.72849 -0.49991 0.46798 0.47385 -0.78574 0.85887 -0.87087 0.86577 -0.80406 0.58329 -0.087484 -0.56355 0.88249 -0.52063 -0.35035 0.88798 -0.23047 -0.76347 0.63084 0.54082 -0.73866 -0.57794 0.57704 0.82147 -0.15286 -0.90921 -0.21345 0.80382 0.71177 -0.15673 -0.80341 -0.89925
-0.010959 0.0079513 0.002778 0.062789 -0.05211 -0.020194 -0.066423 0.098026 -0.069266 0.12886 -0.020808 -0.15284 0.10065 0.0028464 0.48845 0.13498 -0.040367 0.2396 0.77695 0.23399 -0.83728 0.88173 -0.85817 0.8623 -0.88138 0.81054 -0.50956 -0.10426 0.75123 -0.81258 0.12245 0.73951 -0.69091 -0.39563 0.87406 0.06236 -0.90367 -0.0062322 0.89845 0.33985 -0.70586 -0.7677 0.27531 0.91225 0.20341 -0.72833 -0.85937 -0.31534 0.32502
0.012222 -0.0017574 -0.044066 -0.051477 -0.00040318 0.026181 0.086788 -0.11557 -0.18504 0.023784 -0.027913 -0.18947 0.23783 -0.33331 0.24582 0.62312 0.69742 0.53015 -0.36703 -0.69454 0.85422 -0.80928 0.80802 -0.85499 0.88686 -0.74775 0.29828 0.41948 -0.8896 0.50816 0.42347 -0.89058 0.094162 0.86882 -0.37122 -0.7806 0.48163 0.80587 -0.26358 -0.91361 -0.3069 0.69867 0.77676 -0.26418 -0.9197 -0.45669 0.41886 0.88994 0.85867
-0.018774 0.016999 -0.013781 0.03227 0.0044073 -0.052684 -0.057272 0.0097107 0.062018 -0.043597 -0.04369 -0.17205 0.32543 -0.38085 -0.47943 -0.28105 -0.45137 -0.78183 -0.16552 0.84705 -0.75127 0.73911 -0.80214 0.88081 -0.86162 0.5637 0.070162 -0.7571 0.78849 0.070198 -0.85455 0.52681 0.64438 -0.69436 -0.51336 0.77514 0.497 -0.69567 -0.74061 0.26593 0.91344 0.44133 -0.6088 -0.8433 0.035322 0.82637 0.81881 0.27011 -0.31798
-0.01296 -0.011242 0.031358 0.068699 0.02617 0.034303 0.010979 0.18482 0.1826 -0.047935 -0.10508 -0.015875 0.09404 0.21305 -0.19576 -0.42844 -0.15955 0.59277 0.52844 -0.84558 0.67802 -0.74211 0.85264 -0.90026 0.72709 -0.198 -0.53467 0.9008 -0.3025 -0.69871 0.76574 0.2873 -0.88179 -0.17911 0.89992 0.14911 -0.8886 -0.373 0.70059 0.81223 -0.050623 -0.85348 -0.64522 0.40458 0.92586 0.44278 -0.38354 -0.86211 -0.91152
-0.01916 0.0054715 0.036453 0.065061 0.081944 -0.0074202 0.018954 -0.008731 0.15998 -0.040048 -0.21123 0.26716 -0.36335 0.43034 0.60806 0.70376 0.59944 -0.28007 -0.70848 0.82273 -0.68992 0.81765 -0.90837 0.81729 -0.39076 -0.32682 0.87842 -0.60414 -0.43937 0.88341 -0.018977 -0.89241 0.19789 0.89479 -0.16566 -0.90922 -7.615e-05 0.8971 0.4835 -0.52032 -0.91687 -0.32307 0.65942 0.84926 0.029728 -0.76692 -0.89334 -0.4907 0.030163
0.014368 0.020023 -0.047331 0.038799 7.5586e-05 0.023533 0.045262 -0.1855 0.11484 -0.061332 -0.24763 0.31339 -0.19046 -0.43449 -0.40042 -0.53735 -0.76986 0.032983 0.7766 -0.83598 0.78043 -0.90852 0.86286 -0.51697 -0.15783 0.80401 -0.78093 -0.13815 0.90743 -0.28015 -0.80062 0.52347 0.76607 -0.44105 -0.83371 0.29705 0.91067 0.10365 -0.81888 -0.74963 0.10652 0.85361 0.70342 -0.27449 -0.91738 -0.65493 0.079565 0.66207 0.91574
-0.015442 0.0019651 -0.026013 0.05367 -0.079869 -0.086126 -0.065359 -0.21239 0.089102 -0.13055 -0.015209 -0.19011 0.46528 -0.057243 -0.053186 0.21929 0.78436 0.093066 -0.78069 0.87842 -0.89167 0.90205 -0.58772 -0.035837 0.72466 -0.86458 0.10899 0.83191 -0.53667 -0.66452 0.70816 0.54434 -0.68728 -0.69226 0.52047 0.83167 -0.21131 -0.92305 -0.43665 0.51103 0.9289 0.46086 -0.49706 -0.92567 -0.35343 0.49146 0.92128 0.8275 0.48943
-0.0069833 0.019011 0.039496 0.029337 0.071993 0.1158 -0.13548 -0.18306 0.070489 -0.18914 0.34497 -0.37355 -0.12077 0.48163 0.42023 0.05282 -0.76205 -0.095708 0.71939 -0.88944 0.91121 -0.65856 0.033914 0.65838 -0.90682 0.27595 0.71594 -0.73365 -0.46265 0.82529 0.35139 -0.84834 -0.47295 0.69525 0.71468 -0.43679 -0.90297 -0.11071 0.78388 0.8314 0.10758 -0.71291 -0.87786 -0.11681 0.73941 0.90823 0.45801 -0.13017 -0.56949
-0.0010779 -0.004579 0.056328 -0.081247 -0.038432 -0.0052068 -0.08102 -0.16562 0.039616 -0.06657 0.13405 0.38387 -0.34375 -0.62276 -0.61896 -0.21665 0.7659 -0.021465 -0.55135 0.76688 -0.6963 0.11271 0.62056 -0.92568 0.39349 0.61225 -0.84324 -0.231 0.90671 0.17178 -0.90776 -0.21891 0.83903 0.56611 -0.59871 -0.8311 0.1495 0.9073 0.60999 -0.26577 -0.88445 -0.75765 0.069787 0.85218 0.78561 0.098141 -0.59101 -0.90899 -0.9234
-0.019398 -0.023526 -0.011955 0.031791 0.00086404 -0.067638 0.0046567 -0.1641 0.012361 0.24056 -0.43643 0.076256 0.56099 0.56145 0.70047 0.27179 -0.80532 0.25135 0.22838 -0.41232 0.17099 0.57086 -0.93632 0.47137 0.52907 -0.89334 -0.042314 0.92634 -0.048717 -0.92612 -0.042286 0.91481 0.35921 -0.72773 -0.74258 0.33366 0.93246 0.36279 -0.56682 -0.93514 -0.52856 0.29863 0.90798 0.66468 -0.18208 -0.82017 -0.91487 -0.62614 -0.2449
-0.012572 0.00049269 0.041229 0.069697 0.019724 -0.038156 0.053519 -0.1441 0.040186 0.1963 0.092019 -0.47133 -0.52588 -0.43725 -0.73129 -0.22433 0.84449 -0.55475 0.24142 -0.16708 0.51824 -0.9473 0.51529 0.46756 -0.92175 0.083884 0.90316 -0.26547 -0.90764 0.1083 0.92853 0.13343 -0.84407 -0.63308 0.46926 0.91363 0.15748 -0.75627 -0.86805 -0.23013 0.56383 0.9388 0.56126 -0.3442 -0.91572 -0.78057 -0.22211 0.31692 0.67004
0.019541 -0.02754 0.074118 -0.0962 0.037876 -0.037967 0.048153 -0.070274 0.077514 -0.32674 0.38349 0.57189 0.37726 0.34161 0.74679 0.070662 -0.80706 0.82224 -0.71741 0.74532 -0.93933 0.58179 0.43301 -0.93681 0.17603 0.87034 -0.42096 -0.84326 0.29498 0.9199 -0.0094035 -0.91344 -0.4714 0.58889 0.87953 0.0091723 -0.85508 -0.74483 0.063511 0.77767 0.90772 0.39905 -0.45074 -0.93957 -0.62475 0.086644 0.68296 0.92767 0.92919
-0.0021718 0.0070906 0.029787 0.060589 -0.10476 -0.063026 -0.014707 0.02704 -0.050834 -0.072233 -0.54754 -0.45513 -0.23004 -0.31475 -0.74341 0.18862 0.59646 -0.8694 0.91416 -0.90596 0.63826 0.36944 -0.94725 0.24199 0.84146 -0.51528 -0.7683 0.47377 0.87918 -0.13006 -0.93228 -0.2877 0.72157 0.8282 -0.10331 -0.90106 -0.62611 0.29077 0.89869 0.79142 0.1517 -0.59239 -0.94428 -0.52341 0.29899 0.8502 0.92219 0.67994 0.36739
-0.031021 0.024009 -0.0059754 0.014237 -0.053522 -0.09157 -0.11955 0.044468 -0.15898 0.42977 0.39828 0.26901 0.14069 0.3673 0.68277 -0.51405 -0.15769 0.52636 -0.56531 0.36681 0.2905 -0.95881 0.28443 0.81623 -0.58447 -0.70847 0.59687 0.80157 -0.29316 -0.93572 -0.17676 0.82769 0.73569 -0.21441 -0.92466 -0.53661 0.4382 0.93976 0.62248 -0.12037 -0.76058 -0.92961 -0.45668 0.40083 0.91934 0.82198 0.34769 -0.13545 -0.47912
-0.020894 -0.022321 0.041585 -0.084461 0.088467 -0.12504 -0.19423 -0.0096531 0.14608 -0.4142 -0.12336 -0.11101 -0.12899 -0.49036 -0.50558 0.79027 -0.42187 0.16715 -0.2444 0.55086 -0.94953 0.36738 0.79962 -0.63596 -0.66 0.66905 0.72281 -0.4565 -0.91812 -0.080527 0.87299 0.61557 -0.36525 -0.93746 -0.46797 0.52429 0.9407 0.4603 -0.35658 -0.88468 -0.864 -0.33358 0.45705 0.93758 0.71663 0.099299 -0.49588 -0.82493 -0.94341
-0.017878 0.00417 -0.094243 0.021677 0.13225 -0.16297 -0.12846 0.030599 0.10546 0.13402 -0.13087 0.021728 0.19962 0.64883 0.16745 -0.83005 0.85081 -0.80768 0.89355 -0.92912 0.46084 0.75528 -0.67458 -0.61764 0.72449 0.6629 -0.57158 -0.8687 0.068094 0.90449 0.54377 -0.51207 -0.93785 -0.39131 0.58105 0.93066 0.34274 -0.52081 -0.94026 -0.73926 -0.1291 0.55906 0.94485 0.66342 -0.067463 -0.68418 -0.94433 -0.89778 -0.73589
-0.02183 -0.024674 0.0035814 0.15349 0.098321 -0.17566 0.059131 0.03548 -0.30095 0.18784 0.30859 -0.013056 -0.34681 -0.76783 0.29809 0.47509 -0.75671 0.80806 -0.65492 0.19991 0.67706 -0.7482 -0.58319 0.76855 0.61226 -0.64099 -0.81279 0.23076 0.93774 0.4783 -0.58161 -0.91432 -0.26404 0.63839 0.92061 0.273 -0.61578 -0.94591 -0.58557 0.099694 0.7066 0.94984 0.64059 -0.13028 -0.78159 -0.94869 -0.71845 -0.36231 -0.055289
-0.022039 -0.021355 0.046792 -0.034052 0.055687 -0.1025 0.12234 -0.12819 0.28259 -0.42664 -0.40742 0.08869 0.54265 0.73468 -0.72007 0.20949 0.049855 -0.0089746 -0.36249 0.82353 -0.82244 -0.5011 0.80581 0.56367 -0.69809 -0.76696 0.35295 0.94841 0.35838 -0.6392 -0.89484 -0.12066 0.7264 0.9037 0.22848 -0.6626 -0.93441 -0.45158 0.30024 0.83333 0.93054 0.56826 -0.14994 -0.809 -0.92476 -0.56135 -0.028624 0.38716 0.64092
0.034569 0.015379 -0.021721 -0.16892 0.028328 0.076903 -0.024675 0.075046 -0.1066 0.56587 0.43718 -0.24683 -0.71847 -0.44609 0.81708 -0.80633 0.75254 -0.84096 0.94496 -0.65942 -0.37412 0.87174 0.51738 -0.74771 -0.72489 0.4321 0.93948 0.21034 -0.73234 -0.87394 -0.052117 0.80884 0.86244 0.17391 -0.68942 -0.92432 -0.36529 0.43878 0.90972 0.868 0.42036 -0.23057 -0.81416 -0.91455 -0.45382 0.17212 0.66104 0.89043 0.95755
-0.027274 0.038321 -0.0076226 -0.11842 0.00676 0.21796 -0.047456 0.099262 -0.10759 -0.63762 -0.39815 0.46708 0.75983 -0.088306 -0.39168 0.75669 -0.80145 0.67141 -0.18944 -0.56444 0.92922 0.41217 -0.79369 -0.67885 0.50248 0.92369 0.088862 -0.82263 -0.8205 0.0096406 0.84154 0.80099 0.06377 -0.72139 -0.91867 -0.32475 0.5144 0.94173 0.77675 0.23752 -0.38564 -0.84928 -0.91682 -0.43013 0.28496 0.78524 0.95742 0.89421 0.76257
0.018349 0.018998 -0.03621 -0.047868 -0.024251 0.090465 0.031313 -0.24964 0.28422 0.67637 0.27731 -0.68905 -0.54599 0.6439 -0.3768 0.043633 -0.10176 0.43143 -0.87906 0.83505 0.25156 -0.87151 -0.62854 0.57041 0.90584 0.0022057 -0.88115 -0.73574 0.13361 0.86925 0.77011 -0.063222 -0.78544 -0.90734 -0.30582 0.54422 0.95141 0.69377 0.064597 -0.54853 -0.90917 -0.89782 -0.44295 0.30038 0.84125 0.94911 0.73829 0.44191 0.19872
-0.031011 0.0050013 0.14211 -0.038101 -0.05802 -0.17606 -0.045393 0.28961 -0.40417 -0.69869 -0.058913 0.8007 0.051366 -0.82416 0.86466 -0.8382 0.90539 -0.91427 0.49092 0.42633 -0.93922 -0.51527 0.63911 0.87932 -0.081423 -0.91402 -0.65389 0.28124 0.91518 0.73942 -0.1168 -0.84898 -0.87349 -0.27324 0.55597 0.95343 0.64433 -0.059032 -0.67676 -0.94919 -0.83883 -0.39602 0.27867 0.84424 0.93102 0.61888 0.15883 -0.20909 -0.4412
0.033316 0.039271 -0.12598 -0.073662 -0.044848 -0.092554 0.072072 -0.22896 0.47813 0.69751 -0.25081 -0.66681 0.53762 0.36419 -0.4978 0.6296 -0.43078 -0.077747 0.7829 -0.86629 -0.33402 0.75605 0.84353 -0.17118 -0.94242 -0.58605 0.39866 0.94957 0.66063 -0.16819 -0.87212 -0.82171 -0.18211 0.57883 0.95486 0.62863 -0.1223 -0.7543 -0.95655 -0.74543 -0.26782 0.32038 0.82981 0.93131 0.54992 -0.0017509 -0.47925 -0.74977 -0.87493
0.019315 -0.020359 -0.034763 -0.12934 0.063125 0.16473 -0.038418 0.12036 -0.52081 -0.64303 0.59031 0.22196 -0.82893 0.46485 -0.45971 0.44308 -0.72674 0.95059 -0.57857 -0.47038 0.87504 0.75309 -0.27013 -0.96351 -0.51376 0.48301 0.96183 0.54557 -0.2849 -0.89361 -0.79839 -0.069039 0.64787 0.95516 0.62801 -0.13774 -0.78894 -0.94643 -0.64078 -0.10847 0.43977 0.84741 0.94125 0.55821 -0.080747 -0.60565 -0.89261 -0.96332 -0.94594
-0.03097 -0.0056843 0.030418 -0.18462 0.17229 -0.018813 -0.059569 -0.011328 0.53666 0.49093 -0.82253 0.40152 0.49216 -0.86508 0.87775 -0.89319 0.69228 -0.07722 -0.78854 0.79622 0.58326 -0.44345 -0.97657 -0.42566 0.56775 0.95939 0.43773 -0.42637 -0.93249 -0.77334 -0.024339 0.72632 0.95241 0.61326 -0.13486 -0.79504 -0.9381 -0.56032 0.037852 0.57313 0.89879 0.93512 0.59675 -0.062917 -0.65971 -0.93726 -0.93188 -0.79444 -0.65923
-0.040321 -0.023571 -0.061543 -0.20067 0.057984 -0.089513 0.1732 -0.070472 -0.51452 -0.20508 0.76856 -0.83384 0.31734 0.28735 -0.096426 -0.067559 0.57587 -0.95426 0.49827 0.66686 -0.65037 -0.96618 -0.31786 0.65702 0.94956 0.34618 -0.54079 -0.95946 -0.70005 0.022826 0.75496 0.93885 0.54762 -0.15011 -0.79179 -0.93736 -0.5226 0.13595 0.68 0.94184 0.90252 0.57899 -0.0088706 -0.64123 -0.95039 -0.88751 -0.61421 -0.33843 -0.14747
-0.039723 0.049945 -0.011186 -0.1173 -0.19741 0.09552 -0.2605 0.11177 0.42871 -0.20167 -0.32712 0.67355 -0.85639 0.68259 -0.85397 0.93236 -0.7726 0.032979 0.88891 -0.56751 -0.88008 -0.11642 0.75098 0.92305 0.24426 -0.62606 -0.96464 -0.58717 0.14237 0.78507 0.93145 0.45736 -0.22904 -0.79841 -0.94071 -0.52177 0.17738 0.74328 0.96024 0.84366 0.4871 -0.025334 -0.59571 -0.94443 -0.86353 -0.50746 -0.084448 0.22235 0.39971
-0.055018 -0.042699 0.13266 0.081326 -0.092218 -0.072992 0.31032 -0.10422 -0.24899 0.62269 -0.36069 0.086173 0.45198 -0.74485 0.45596 -0.12591 -0.56362 0.96148 -0.23738 -0.90433 0.16625 0.87972 0.87446 0.12023 -0.71314 -0.95411 -0.47509 0.29547 0.85131 0.92182 0.42162 -0.33062 -0.83949 -0.93845 -0.53438 0.17503 0.76744 0.96219 0.77326 0.36195 -0.13094 -0.60427 -0.93027 -0.87918 -0.46269 0.041122 0.46019 0.69661 0.80815
-0.034111 0.0094947 0.21393 0.25667 0.22563 0.068473 -0.33434 0.039028 -0.036879 -0.85215 0.86156 -0.81241 0.53735 -0.30484 0.73216 -0.93047 0.73372 0.19453 -0.97549 0.10596 0.97415 0.75016 -0.029752 -0.80195 -0.93126 -0.37229 0.42701 0.91641 0.88279 0.37975 -0.36916 -0.88659 -0.91963 -0.52821 0.15823 0.76427 0.96149 0.71983 0.24156 -0.26406 -0.6802 -0.93177 -0.90719 -0.49948 0.087471 0.56221 0.845 0.94647 0.96933
-0.0067832 0.0092875 0.20694 0.17153 -0.0092625 -0.073676 0.35186 0.091162 0.38931 0.67638 -0.7052 0.69158 -0.83691 0.8953 -0.61143 0.13113 0.68985 -0.89662 -0.21354 0.95836 0.50891 -0.27625 -0.88802 -0.88328 -0.25212 0.5328 0.95534 0.80702 0.26394 -0.41425 -0.90304 -0.88568 -0.46378 0.1634 0.75295 0.96236 0.69955 0.16159 -0.38032 -0.76799 -0.95287 -0.90667 -0.56383 0.039903 0.59549 0.89529 0.96777 0.91852 0.85913
0.039595 0.02988 0.15289 -0.12632 -0.19578 0.067638 -0.37966 -0.28242 -0.68992 -0.068025 -0.10979 0.26762 -0.081341 0.027252 -0.68107 0.94798 -0.55578 -0.55869 0.85366 0.52242 -0.57606 -0.97486 -0.80081 -0.10213 0.64426 0.97093 0.71826 0.10195 -0.52612 -0.92148 -0.87024 -0.37082 0.23643 0.755 0.96434 0.70731 0.13385 -0.45168 -0.83497 -0.96624 -0.87126 -0.56612 -0.040922 0.55323 0.90884 0.9576 0.8152 0.64309 0.52861
0.033764 -0.061907 0.078105 -0.16468 0.1692 -0.043184 0.42718 0.5033 0.75948 -0.6465 0.86108 -0.91651 0.89959 -0.91834 0.62041 0.039755 -0.87936 0.62072 0.73344 -0.57045 -0.97554 -0.61587 0.081208 0.76026 0.972 0.62405 -0.051447 -0.66075 -0.95481 -0.84952 -0.33239 0.33626 0.79901 0.96381 0.72365 0.14681 -0.47477 -0.87112 -0.9629 -0.81119 -0.49168 -0.047639 0.4821 0.88746 0.95242 0.75364 0.4502 0.21076 0.077031
-0.047513 0.0088423 -0.010047 0.11549 -0.013711 0.0069398 -0.4931 -0.68052 -0.45765 0.89226 -0.67645 0.29146 -0.23423 0.07891 0.74153 -0.93874 0.18254 0.90212 -0.34673 -0.96494 -0.29195 0.36445 0.87235 0.94366 0.50416 -0.189 -0.77002 -0.97087 -0.78186 -0.2833 0.3767 0.854 0.95848 0.7221 0.17126 -0.46196 -0.88197 -0.9538 -0.7437 -0.3835 0.038641 0.47314 0.84934 0.96142 0.73574 0.3581 -0.018446 -0.26144 -0.38097
0.030942 -0.011601 -0.084558 0.040409 -0.10084 0.029084 0.5613 0.70442 -0.15585 -0.33631 -0.35239 0.79496 -0.85995 0.92811 -0.49299 -0.36643 0.96613 -0.047924 -0.98394 -0.25408 0.68734 0.97716 0.87157 0.34277 -0.34311 -0.85121 -0.95901 -0.66641 -0.15301 0.42756 0.87506 0.94229 0.67116 0.1699 -0.43969 -0.87542 -0.95076 -0.69621 -0.27848 0.15753 0.54447 0.84267 0.96954 0.77557 0.33523 -0.11598 -0.47115 -0.66252 -0.74435
0.020993 -0.0040646 -0.071338 -0.15495 0.1134 -0.052805 -0.59708 -0.47548 0.72876 -0.59588 0.94808 -0.6249 0.37165 -0.016049 -0.8722 0.78079 0.36879 -0.9272 -0.45061 0.72227 0.96814 0.68502 0.13315 -0.5163 -0.92448 -0.92255 -0.53603 0.027405 0.54807 0.90014 0.93253 0.59188 0.096403 -0.44039 -0.86464 -0.95418 -0.68247 -0.21098 0.26485 0.6379 0.88024 0.9697 0.82981 0.39744 -0.13702 -0.55147 -0.80744 -0.9115 -0.94514
-0.04378 0.072303 0.093913 0.18468 -0.05772 0.052966 0.54917 -0.0057021 -0.77976 0.90733 -0.19929 -0.61828 0.84953 -0.93727 0.19753 0.75443 -0.72406 -0.65553 0.58237 0.94202 0.33059 -0.19732 -0.69916 -0.97551 -0.85573 -0.39843 0.20079 0.69178 0.94584 0.91725 0.55446 -0.010776 -0.50574 -0.86463 -0.95932 -0.69551 -0.19235 0.33009 0.71553 0.92333 0.96625 0.83928 0.48526 -0.067034 -0.56641 -0.8549 -0.96483 -0.96931 -0.95656
0.059928 0.070427 0.30974 -0.034635 -0.011387 -0.018433 -0.36598 0.55376 0.14158 -0.12394 -0.87541 0.76879 -0.35304 -0.20568 0.95388 -0.34806 -0.87348 0.38121 0.97976 0.23791 -0.59288 -0.90141 -0.98364 -0.73736 -0.22698 0.35885 0.8085 0.97384 0.86281 0.50365 -0.060291 -0.59597 -0.89618 -0.95858 -0.71476 -0.2109 0.3475 0.7595 0.95102 0.95032 0.79887 0.50342 0.033614 -0.50524 -0.86228 -0.9727 -0.9253 -0.83942 -0.79102
-0.037993 0.015171 0.28413 -0.2321 0.060749 -0.06098 0.031604 -0.82417 0.68243 -0.85235 0.54785 0.53312 -0.89688 0.87528 0.2673 -0.97038 0.051666 0.98063 0.37629 -0.6765 -0.99555 -0.8864 -0.55092 -0.0092909 0.53105 0.89327 0.96675 0.75761 0.37257 -0.1254 -0.63674 -0.93352 -0.94453 -0.71316 -0.23751 0.32946 0.77097 0.9627 0.92317 0.73109 0.43845 0.056898 -0.415 -0.82434 -0.97336 -0.89546 -0.71127 -0.55981 -0.49107
0.041458 -0.0031687 -0.06703 0.40439 -0.08349 0.18981 0.38714 0.53298 -0.81815 0.6531 0.72822 -0.79607 0.18203 0.54664 -0.80231 -0.33067 0.90685 0.53158 -0.58233 -0.97869 -0.58469 -0.21128 0.25275 0.71094 0.96039 0.92548 0.62538 0.18205 -0.2751 -0.6883 -0.94805 -0.91449 -0.65828 -0.23507 0.30424 0.75909 0.96571 0.90111 0.65852 0.33774 -0.016147 -0.39197 -0.76464 -0.96774 -0.89158 -0.65228 -0.37448 -0.19025 -0.11687
0.024803 0.026311 -0.28353 -0.34918 0.088228 -0.35752 -0.7175 0.21743 -0.004608 0.53703 -0.70637 -0.57794 0.95045 -0.62334 -0.76339 0.71219 0.74126 -0.44899 -0.99085 -0.45298 0.2696 0.60114 0.87616 0.98705 0.84167 0.47304 -0.014197 -0.46477 -0.79184 -0.9634 -0.89526 -0.571 -0.15755 0.30706 0.74282 0.9634 0.89551 0.6098 0.23914 -0.12518 -0.45675 -0.74752 -0.95145 -0.92043 -0.6464 -0.29888 0.018242 0.20173 0.26683
-0.10329 0.065359 -0.062609 0.10666 -0.088908 0.5268 0.73468 -0.83371 0.86086 -0.89469 -0.6531 0.72553 0.14532 -0.87443 0.27754 0.90605 -0.2104 -0.98363 -0.52469 0.42673 0.91093 0.99326 0.94286 0.68959 0.27553 -0.2056 -0.6343 -0.89693 -0.97645 -0.86569 -0.52285 -0.042138 0.38255 0.74501 0.96023 0.90311 0.59739 0.17649 -0.22622 -0.55 -0.79117 -0.94468 -0.95118 -0.70503 -0.29312 0.096733 0.39886 0.55319 0.60166
0.087176 0.081695 0.085368 0.19359 0.099586 -0.62778 -0.31813 0.66466 -0.57546 -0.25113 0.73479 0.73192 -0.89113 0.10392 0.96352 0.079191 -0.93699 -0.60757 0.37236 0.96631 0.90449 0.74068 0.45014 0.020088 -0.41959 -0.77353 -0.9622 -0.95063 -0.78036 -0.45646 0.019766 0.48899 0.79529 0.96043 0.91299 0.61245 0.1604 -0.28803 -0.63139 -0.84993 -0.9598 -0.95697 -0.77731 -0.37146 0.10107 0.46774 0.70937 0.81485 0.84337
0.047553 0.064161 0.043363 -0.44328 -0.13252 0.57179 -0.36475 0.23794 -0.55922 0.96876 0.69207 -0.52043 -0.57552 0.93836 0.49077 -0.82369 -0.74802 0.29493 0.9587 0.79456 0.29637 0.040217 -0.28693 -0.64695 -0.89807 -0.98205 -0.87975 -0.63049 -0.30179 0.10154 0.54459 0.8597 0.97033 0.91001 0.6318 0.17873 -0.30415 -0.67895 -0.89542 -0.97372 -0.94215 -0.79526 -0.47252 0.016208 0.47024 0.75905 0.90914 0.95621 0.96583
-0.13452 0.025254 0.16794 0.59972 0.19648 -0.29717 0.84046 -0.91018 0.8646 0.10266 -0.65114 -0.91646 0.57474 0.56353 -0.5392 -0.87218 0.1288 0.93756 0.80776 0.075366 -0.48852 -0.67038 -0.85583 -0.9797 -0.95334 -0.7656 -0.44751 -0.081534 0.27242 0.61467 0.89056 0.97301 0.87591 0.62519 0.20193 -0.28708 -0.69161 -0.91924 -0.97537 -0.9101 -0.7545 -0.49985 -0.096571 0.39262 0.76002 0.93384 0.97807 0.96681 0.96171
-0.019196 0.0051164 -0.20434 -0.6728 -0.29288 -0.16031 -0.64336 0.46097 0.23263 -0.98492 -0.82362 0.13405 0.9232 -0.50067 -0.97026 -0.066454 0.87997 0.82303 0.074325 -0.68108 -0.96351 -0.99529 -0.97581 -0.84224 -0.58897 -0.24089 0.14635 0.48526 0.7442 0.92526 0.96791 0.81498 0.5551 0.1924 -0.26582 -0.67947 -0.92571 -0.9712 -0.86873 -0.6836 -0.44111 -0.12884 0.2862 0.70167 0.93403 0.976 0.91614 0.85445 0.84039
0.096853 0.049636 -0.23449 0.69465 0.40913 0.61674 -0.17457 0.63199 -0.95574 -0.10853 0.42772 0.97947 0.042777 -0.96904 -0.38327 0.7913 0.87986 0.083966 -0.69822 -0.99486 -0.87389 -0.787 -0.61723 -0.32731 0.01475 0.36716 0.67522 0.87617 0.97029 0.95415 0.77297 0.44562 0.10315 -0.27639 -0.66461 -0.92051 -0.96996 -0.83779 -0.60762 -0.34453 -0.062262 0.2542 0.61776 0.90356 0.97628 0.88914 0.74027 0.64134 0.62422
0.14325 0.13929 0.61749 -0.69677 -0.51125 -0.78466 0.87134 -0.85376 -0.023292 0.9799 0.9677 0.40253 -0.88743 -0.34473 0.58042 0.93054 0.17224 -0.70438 -0.99686 -0.70435 -0.30484 -0.18509 0.021871 0.31854 0.60075 0.82691 0.96 0.97615 0.89838 0.71179 0.37597 -0.027938 -0.3638 -0.67353 -0.91435 -0.97186 -0.82871 -0.5558 -0.24763 0.043664 0.3181 0.59102 0.85408 0.9779 0.89023 0.69302 0.4795 0.35911 0.34381
-0.00026036 0.14813 -0.4392 0.69946 0.54233 0.45803 -0.6416 -0.21964 0.97401 0.26024 -0.034123 -0.73075 -0.72981 0.64473 0.97857 0.27254 -0.6572 -0.99079 -0.66187 -0.014184 0.41379 0.49456 0.63896 0.82097 0.94643 0.98477 0.92234 0.7733 0.56877 0.28178 -0.1085 -0.48505 -0.73892 -0.91874 -0.97435 -0.83631 -0.54011 -0.18399 0.14528 0.41672 0.64292 0.83658 0.9693 0.9236 0.69534 0.41859 0.16962 0.043671 0.033322
-0.079968 -0.0088233 -0.1796 -0.70907 -0.43652 0.24478 -0.36928 0.96876 -0.038873 -0.92118 -0.9793 -0.88414 0.27916 0.9608 0.47699 -0.5992 -0.99103 -0.61469 0.066173 0.6714 0.91114 0.93331 0.97297 0.99157 0.94114 0.80664 0.59492 0.34704 0.089214 -0.21229 -0.55677 -0.822 -0.94713 -0.97191 -0.84551 -0.55104 -0.16409 0.21023 0.50715 0.71978 0.86951 0.96346 0.95649 0.75603 0.42217 0.10251 -0.15203 -0.26948 -0.27374
-0.2157 -0.1555 0.76972 0.71819 0.15617 -0.8186 0.9546 -0.10132 -0.9841 -0.52891 -0.48316 0.092747 0.96763 0.32612 -0.43614 -0.9898 -0.62295 0.14549 0.74348 0.9922 0.96184 0.95279 0.906 0.78723 0.60901 0.37158 0.095026 -0.16822 -0.40419 -0.64408 -0.86699 -0.97282 -0.9563 -0.83519 -0.56395 -0.17574 0.2312 0.56322 0.78573 0.91413 0.97345 0.96301 0.8257 0.50264 0.10705 -0.21791 -0.45096 -0.54898 -0.54789
-0.19923 -0.077236 -1 -0.7068 0.25532 0.70676 -0.26197 -0.96099 -0.043417 0.72911 0.68964 0.94835 0.61185 -0.60984 -0.9721 -0.63345 0.15848 0.80464 0.99929 0.80912 0.57022 0.57091 0.48913 0.30484 0.081144 -0.16962 -0.42235 -0.62812 -0.78626 -0.91554 -0.9791 -0.91795 -0.77744 -0.5463 -0.18917 0.22106 0.58186 0.82448 0.94649 0.98032 0.9492 0.84359 0.6002 0.19785 -0.21297 -0.50897 -0.69873 -0.77016 -0.76597
-0.20827 -0.0087254 0.84475 0.64532 -0.63893 0.10713 -0.83331 0.27335 0.98246 0.83156 0.92076 0.68173 -0.37012 -0.98304 -0.72029 0.17197 0.82546 0.98492 0.72372 0.24075 -0.06433 -0.033445 -0.10109 -0.2727 -0.46227 -0.65026 -0.81356 -0.91784 -0.97204 -0.97552 -0.88192 -0.68144 -0.45626 -0.16642 0.2097 0.57464 0.83762 0.9623 0.97503 0.91798 0.80809 0.62709 0.31172 -0.12189 -0.50429 -0.74355 -0.87498 -0.91651 -0.91239
-0.26457 -0.12534 -0.46791 -0.50203 0.7586 -0.86293 0.69243 0.94474 0.26061 -0.32677 -0.045683 -0.35152 -0.97709 -0.49854 0.082603 0.84721 0.97258 0.61388 0.087679 -0.428 -0.65992 -0.61337 -0.64419 -0.74981 -0.85487 -0.93816 -0.98339 -0.97673 -0.93104 -0.82436 -0.60833 -0.31995 -0.059636 0.23403 0.5669 0.83376 0.96749 0.9656 0.87605 0.74312 0.57436 0.34431 -0.0043943 -0.42244 -0.73978 -0.90292 -0.96818 -0.98 -0.97943
-0.25023 0.12422 0.055495 0.25769 -0.44563 0.67926 0.55946 -0.30328 -0.90913 -1 -0.94554 -0.99358 -0.65257 0.39509 0.81364 0.95437 0.54253 -0.0782 -0.57955 -0.89625 -0.97894 -0.9561 -0.95829 -0.98268 -0.99156 -0.96728 -0.9027 -0.80523 -0.6864 -0.50643 -0.22247 0.092629 0.33933 0.58854 0.83001 0.96656 0.96141 0.84243 0.67 0.48372 0.28049 0.030179 -0.31357 -0.67517 -0.90061 -0.97736 -0.97549 -0.96059 -0.96674
-0.29373 0.40683 0.27464 0.07327 -0.20903 0.34209 -0.90089 -0.96344 -0.57639 -0.26572 -0.70236 -0.59535 0.26136 0.96201 0.95881 0.45746 -0.18784 -0.71854 -0.96661 -0.97814 -0.91491 -0.95476 -0.95496 -0.91608 -0.84982 -0.74589 -0.60633 -0.45616 -0.30224 -0.094911 0.19701 0.48095 0.67468 0.84472 0.96609 0.96236 0.82868 0.61621 0.38829 0.17468 -0.037771 -0.28069 -0.58553 -0.85907 -0.97684 -0.96572 -0.90172 -0.86508 -0.88034
-0.44388 -0.38818 -0.48183 -0.42324 0.7882 -0.96516 -0.32544 0.19942 0.67238 0.81957 0.34719 0.39312 0.93681 0.78442 0.45109 -0.30869 -0.80424 -0.996 -0.91778 -0.66334 -0.51442 -0.63049 -0.65435 -0.58728 -0.48437 -0.34414 -0.1759 -0.015686 0.13532 0.32654 0.5734 0.78146 0.89734 0.97039 0.96377 0.83017 0.59398 0.32061 0.067922 -0.14714 -0.34573 -0.55758 -0.79674 -0.96171 -0.96712 -0.87436 -0.75784 -0.70558 -0.73125
-0.55398 -0.44541 0.57464 0.67047 -0.78494 0.28705 0.97663 1 0.8864 0.82986 0.99938 0.99252 0.81944 0.032122 -0.34321 -0.88357 -0.99155 -0.80087 -0.4792 -0.097287 0.060592 -0.10795 -0.16413 -0.10282 -0.0021739 0.13159 0.28516 0.4196 0.53838 0.68085 0.84517 0.95127 0.98048 0.95557 0.83181 0.59477 0.29208 -0.0059641 -0.25352 -0.44726 -0.61328 -0.77618 -0.93171 -0.97916 -0.87756 -0.71551 -0.55924 -0.49779 -0.5339
-0.49563 0.85207 -0.58057 -0.67684 0.081761 0.82801 0.20726 0.03799 -0.20862 -0.19605 0.57874 0.66892 0.044071 -0.73274 -0.91137 -0.95691 -0.68017 -0.24822 0.14726 0.49469 0.60435 0.43832 0.36387 0.39972 0.47148 0.56844 0.67714 0.76371 0.83428 0.91044 0.97419 0.97213 0.92048 0.81076 0.59517 0.29131 -0.037749 -0.32549 -0.54211 -0.69691 -0.8173 -0.9201 -0.98332 -0.91516 -0.7202 -0.50547 -0.32385 -0.25935 -0.30465
-0.24088 -0.20045 0.52772 0.36991 0.7563 -0.71407 -0.99468 -0.98654 -1 -0.97348 -0.42919 -0.24375 -0.75559 -0.98993 -0.92391 -0.51701 -0.047611 0.40229 0.70499 0.89968 0.94133 0.84365 0.78217 0.79158 0.82563 0.87319 0.92432 0.95667 0.97675 0.98446 0.94878 0.84989 0.73424 0.56279 0.28952 -0.040377 -0.357 -0.60447 -0.77071 -0.87513 -0.94291 -0.98126 -0.95228 -0.77977 -0.51123 -0.26278 -0.070516 -0.0082629 -0.060344
0.18448 -0.73025 -0.43818 0.1635 -0.86546 -0.5384 -0.22026 -0.38935 -0.41556 -0.61419 -1 -0.93649 -0.9833 -0.59811 -0.40332 0.18158 0.59637 0.8746 0.98779 0.98962 0.97807 1 0.98675 0.98371 0.98728 0.98967 0.98692 0.97219 0.95054 0.90024 0.78188 0.61029 0.45408 0.24901 -0.044593 -0.36118 -0.63209 -0.81694 -0.92075 -0.96974 -0.98377 -0.95946 -0.84605 -0.58767 -0.26908 -0.0064959 0.18257 0.23842 0.18287
0.68085 1 0.32914 -0.64966 0.017864 0.91795 0.97906 0.82049 0.71237 0.42447 -0.61394 -0.85163 -0.50527 0.163 0.33304 0.77932 0.96572 0.99005 0.90893 0.75287 0.72083 0.87875 0.93814 0.94272 0.93257 0.90538 0.86397 0.8179 0.7698 0.67998 0.50585 0.29274 0.12139 -0.088769 -0.3673 -0.63697 -0.83736 -0.94607 -0.98296 -0.97733 -0.94143 -0.86139 -0.67726 -0.35637 -0.012822 0.24525 0.41902 0.46561 0.4105
1 -0.51151 -0.21722 0.7468 0.89278 0.28404 0.3568 0.76932 0.92282 0.99237 0.32702 -0.095805 0.31361 0.81499 0.88083 0.99763 0.91827 0.72423 0.51616 0.28282 0.26069 0.52791 0.66272 0.69123 0.68536 0.64819 0.5883 0.52956 0.47189 0.36403 0.16526 -0.056829 -0.21991 -0.40996 -0.64384 -0.84171 -0.95663 -0.98465 -0.95692 -0.90235 -0.82422 -0.69911 -0.46207 -0.10453 0.23938 0.47639 0.62508 0.66086 0.6104
0.82635 -0.20834 0.12221 -0.30206 -0.7191 -0.98689 -0.9044 -0.41472 -0.0011348 0.52544 0.96606 0.72204 0.91386 0.98522 0.96899 0.75728 0.49629 0.19631 -0.041786 -0.26461 -0.26319 0.049729 0.2378 0.29554 0.30606 0.27575 0.21634 0.16139 0.10852 0.0026073 -0.19091 -0.39284 -0.52904 -0.67972 -0.84772 -0.95905 -0.98359 -0.93444 -0.84999 -0.75573 -0.64562 -0.48841 -0.21845 0.14956 0.47136 0.67372 0.79021 0.81483 0.77315
0.12605 0.66817 -0.067234 -0.42621 -0.41448 -0.14035 -0.58866 -0.99753 -0.91308 -0.45779 0.77699 1 0.92415 0.6036 0.57825 0.18856 -0.11371 -0.39206 -0.5766 -0.72522 -0.70755 -0.43182 -0.23268 -0.1541 -0.12497 -0.13895 -0.18466 -0.22499 -0.26388 -0.35254 -0.51626 -0.67567 -0.77281 -0.87212 -0.96247 -0.98275 -0.92109 -0.8049 -0.67563 -0.55308 -0.4225 -0.24712 0.035355 0.3892 0.66981 0.8274 0.9073 0.92144 0.89229
-0.55529 -0.73152 0.072792 0.84668 1 1 0.71246 -0.20476 -0.77188 -0.98535 -0.04298 0.56964 0.36812 -0.096287 -0.080708 -0.45053 -0.67054 -0.8369 -0.92441 -0.97446 -0.96293 -0.80347 -0.64454 -0.56498 -0.5252 -0.52241 -0.54901 -0.57095 -0.59287 -0.65536 -0.77259 -0.87563 -0.92835 -0.97175 -0.98198 -0.91595 -0.77968 -0.61132 -0.45147 -0.31285 -0.17343 0.006479 0.28213 0.60019 0.82472 0.93107 0.97265 0.97773 0.96425
-0.51868 0.53132 -0.14414 -0.50892 -0.13438 0.12221 0.84622 0.84977 0.21717 -0.59155 -0.8158 -0.24067 -0.39712 -0.73602 -0.69266 -0.89625 -0.97417 -1 -0.99212 -0.95665 -0.97686 -0.98742 -0.91545 -0.86044 -0.82528 -0.81311 -0.82282 -0.82917 -0.83678 -0.8707 -0.9335 -0.97518 -0.98435 -0.97398 -0.90978 -0.76968 -0.57571 -0.37278 -0.19736 -0.054575 0.082925 0.25497 0.50673 0.77145 0.92965 0.98185 0.98572 0.98372 0.9882
0.085063 -0.263 0.25609 -0.3641 -0.94941 -0.99035 -0.34814 0.80297 0.96193 0.32388 -0.9576 -0.88136 -0.92561 -1 -0.99073 -0.98425 -0.93165 -0.84506 -0.7756 -0.69101 -0.75932 -0.95407 -0.99906 -0.99235 -0.97944 -0.97007 -0.97064 -0.96892 -0.96887 -0.97741 -0.98603 -0.96925 -0.94069 -0.88401 -0.7575 -0.56085 -0.32919 -0.11013 0.066438 0.20275 0.32913 0.48289 0.69679 0.89528 0.98156 0.98001 0.94879 0.94193 0.96571
0.25591 0.055973 -0.34577 0.9107 0.53002 -0.22347 -1 -0.23565 0.70985 0.94432 -0.39736 -0.95698 -0.93958 -0.78075 -0.86483 -0.70018 -0.57573 -0.43626 -0.34979 -0.25747 -0.37268 -0.72232 -0.88954 -0.94622 -0.97035 -0.97665 -0.9784 -0.97817 -0.97892 -0.96905 -0.93042 -0.86428 -0.80713 -0.7152 -0.54275 -0.31006 -0.061657 0.15586 0.32083 0.44195 0.55001 0.67747 0.84316 0.96742 0.98065 0.92857 0.86646 0.857 0.9004
-0.22749 0.04887 0.32763 -0.4647 0.76931 0.94496 -0.17721 -0.9773 -0.24092 0.76877 0.43332 -0.45023 -0.45751 -0.20426 -0.38822 -0.16673 -0.038763 0.093155 0.16123 0.23045 0.088864 -0.34964 -0.61766 -0.73964 -0.80833 -0.84008 -0.85265 -0.86287 -0.87237 -0.85285 -0.77843 -0.67608 -0.60104 -0.48673 -0.28687 -0.03942 0.20568 0.40608 0.5491 0.64857 0.73339 0.82914 0.94003 0.98684 0.92987 0.83282 0.74514 0.73518 0.79748
-0.31482 -0.067222 -0.13867 -0.5598 -0.74606 0.42532 0.88421 -0.57973 -0.94672 -0.02033 0.95513 0.31223 0.25016 0.45438 0.23353 0.41634 0.50144 0.58741 0.62243 0.65657 0.52351 0.084077 -0.2407 -0.41527 -0.52633 -0.58742 -0.61718 -0.64392 -0.6678 -0.64717 -0.55068 -0.4271 -0.34489 -0.22125 -0.01263 0.22941 0.45354 0.62423 0.73779 0.81158 0.87045 0.93166 0.98487 0.95544 0.83448 0.69972 0.59247 0.58382 0.66335
0.14496 0.034154 -0.19914 0.93415 -0.60382 -0.81663 0.71595 0.45755 -0.76759 -0.77919 0.8414 0.88621 0.82451 0.90797 0.7571 0.84969 0.88152 0.91395 0.92298 0.92886 0.84398 0.4945 0.17093 -0.030872 -0.17219 -0.25934 -0.30778 -0.35283 -0.39315 -0.37818 -0.27346 -0.14348 -0.063549 0.057554 0.25777 0.47682 0.66576 0.79765 0.8772 0.92358 0.95588 0.98211 0.97818 0.87752 0.70143 0.53738 0.41687 0.41088 0.50513
0.066578 0.018349 0.54209 -0.097916 0.83262 -0.68169 -0.39879 0.98376 0.092794 -0.94131 0.19706 0.96798 1 0.97878 0.99591 1 0.99907 0.99592 1 0.99672 0.99329 0.80895 0.54721 0.35158 0.20012 0.097028 0.033788 -0.026674 -0.081455 -0.076187 0.024536 0.14785 0.21818 0.32701 0.50438 0.68652 0.83002 0.91769 0.96153 0.98085 0.98776 0.98065 0.92305 0.75933 0.53887 0.35453 0.22697 0.22455 0.33028
-0.18446 -0.068838 -0.66844 -0.90259 0.51803 0.54772 -0.98087 0.47565 0.85868 -0.42064 -0.55626 0.53921 0.71617 0.65766 0.88004 0.83457 0.8346 0.82527 0.84753 0.85674 0.95214 0.97788 0.8299 0.67583 0.53885 0.43505 0.36553 0.29681 0.23323 0.22794 0.3152 0.42163 0.47762 0.56715 0.71077 0.84622 0.93829 0.97984 0.98878 0.98312 0.96725 0.9301 0.82474 0.60848 0.35556 0.16 0.031273 0.032819 0.14627
0.17194 0.10562 0.42008 0.63956 -0.83711 0.89884 -0.33356 -0.50209 0.89662 0.38351 -0.96783 -0.15647 0.121 0.088037 0.46674 0.41953 0.44711 0.45663 0.51109 0.54778 0.73801 0.98062 0.98035 0.89882 0.80117 0.71439 0.65024 0.58344 0.51952 0.50579 0.57351 0.65628 0.69583 0.76194 0.86475 0.94808 0.98675 0.98346 0.96044 0.93317 0.89816 0.83553 0.6901 0.43341 0.16043 -0.037612 -0.16223 -0.15679 -0.039765
0.10022 -0.12336 0.1303 0.58231 -0.52625 -0.11484 0.70106 -0.97186 0.21257 0.91366 -0.82034 -0.7641 -0.5166 -0.50557 -0.093276 -0.11121 -0.050749 -0.013135 0.071726 0.13832 0.39766 0.82537 0.98307 0.99523 0.95774 0.90516 0.85913 0.80579 0.75149 0.73379 0.7794 0.83521 0.85865 0.89999 0.95877 0.98868 0.97564 0.93142 0.88095 0.83631 0.78644 0.70369 0.52708 0.24292 -0.037872 -0.23035 -0.34633 -0.3375 -0.22121
-0.19435 0.12056 -0.64054 -0.92284 0.77716 -0.93686 0.89772 -0.51649 -0.62446 0.83833 -0.22377 -0.99985 -0.93215 -0.90845 -0.61501 -0.60212 -0.52773 -0.47219 -0.37504 -0.29004 -0.004439 0.54449 0.84528 0.95881 0.99483 0.99024 0.97398 0.9452 0.9105 0.89479 0.91881 0.94762 0.95719 0.97482 0.98988 0.96871 0.90867 0.82945 0.75711 0.69981 0.63961 0.54249 0.34423 0.045717 -0.2313 -0.41114 -0.5148 -0.50343 -0.39218
0.10201 -0.098389 0.70389 -0.21257 0.6143 -0.41041 0.079004 0.40052 -0.97642 0.23656 0.48102 -0.77416 -0.97132 -0.98999 -0.94045 -0.92145 -0.86862 -0.82041 -0.74021 -0.65913 -0.39901 0.18668 0.59321 0.80099 0.91416 0.96569 0.98788 0.99263 0.98612 0.97875 0.98422 0.9886 0.98789 0.98475 0.95936 0.89245 0.79246 0.68553 0.59747 0.53226 0.46621 0.36051 0.15022 -0.14996 -0.4127 -0.57394 -0.66249 -0.64973 -0.54765
-0.051487 0.061044 -0.20911 1 -0.64237 0.66597 -0.80666 0.94508 -0.61146 -0.49735 0.92546 -0.20978 -0.63734 -0.73851 -0.98288 -0.99367 -0.99997 -0.9896 -0.95795 -0.90771 -0.7238 -0.19216 0.26636 0.54739 0.73089 0.83965 0.90456 0.94838 0.97606 0.98281 0.97441 0.95887 0.95212 0.93246 0.87218 0.76709 0.63578 0.50918 0.41163 0.34303 0.27527 0.16649 -0.046539 -0.33663 -0.57596 -0.7139 -0.78544 -0.77262 -0.68355
-0.029201 -0.016335 -0.4643 -0.074516 -0.7446 0.82583 -0.81902 0.67101 0.17697 -0.92378 0.90145 0.43498 -0.072248 -0.25175 -0.74397 -0.8126 -0.90229 -0.95404 -0.99533 -1 -0.9325 -0.53777 -0.089343 0.23303 0.47039 0.63013 0.73686 0.82099 0.88547 0.91067 0.89391 0.86402 0.85555 0.82429 0.73625 0.60202 0.44884 0.31077 0.20966 0.14171 0.075852 -0.031025 -0.23823 -0.50777 -0.71616 -0.82738 -0.88087 -0.8694 -0.79673
0.14921 -0.02468 0.70651 -0.97567 0.41049 -0.084796 0.0067155 -0.15184 0.82974 -0.81542 0.44428 0.88927 0.51003 0.30633 -0.30342 -0.43513 -0.6083 -0.73089 -0.85461 -0.92879 -1 -0.80496 -0.42809 -0.10289 0.16425 0.362 0.5044 0.62554 0.72564 0.77156 0.75192 0.71363 0.70729 0.66943 0.56163 0.40797 0.24257 0.1009 0.0015728 -0.062375 -0.12338 -0.22407 -0.41788 -0.658 -0.82963 -0.91196 -0.94713 -0.93845 -0.88502
-0.17068 0.050127 -0.26773 0.24146 0.85227 -0.8618 0.80466 -0.83501 0.92286 -0.25976 -0.21116 0.98052 0.9066 0.76311 0.21128 0.039528 -0.19004 -0.37198 -0.56886 -0.71332 -0.92363 -0.96259 -0.7099 -0.42195 -0.15375 0.063796 0.23107 0.38163 0.51241 0.57893 0.56119 0.52011 0.51888 0.47907 0.3597 0.19633 0.027957 -0.11018 -0.20319 -0.26054 -0.31448 -0.40552 -0.57955 -0.78312 -0.91391 -0.96637 -0.98364 -0.9791 -0.94717
0.097249 -0.052012 -0.41043 0.93021 -0.075101 -0.56884 0.80898 -0.85554 0.4252 0.42325 -0.7594 0.69104 0.99319 0.98951 0.66353 0.49765 0.26052 0.049743 -0.19293 -0.39337 -0.72104 -0.99609 -0.90474 -0.69067 -0.45139 -0.23547 -0.057623 0.1112 0.26439 0.34893 0.33671 0.29761 0.30334 0.26548 0.14235 -0.021546 -0.18449 -0.31297 -0.39609 -0.44506 -0.49048 -0.56925 -0.71844 -0.88015 -0.96773 -0.99042 -0.99079 -0.99161 -0.98277
-0.04228 0.031603 0.60192 -0.29465 -0.84837 0.38389 0.060301 -0.23313 -0.32535 0.87383 -0.9666 0.14776 0.75639 0.93226 0.94322 0.83827 0.65234 0.45589 0.20807 -0.020998 -0.42554 -0.90742 -0.9949 -0.88358 -0.70102 -0.50903 -0.33694 -0.16349 0.0012676 0.099039 0.094468 0.060913 0.074189 0.041226 -0.078662 -0.2349 -0.38521 -0.49912 -0.56978 -0.60939 -0.64555 -0.7103 -0.83092 -0.94733 -0.9909 -0.98489 -0.96982 -0.97702 -0.99218
0.03319 -0.0021519 -0.11557 -0.9017 -0.31979 0.86658 -0.72228 0.54456 -0.86618 0.87829 -0.76227 -0.44003 0.28589 0.62047 0.99085 0.99376 0.9129 0.77701 0.57027 0.3484 -0.079893 -0.71304 -0.97564 -0.98495 -0.88175 -0.73449 -0.58488 -0.42162 -0.25777 -0.15337 -0.14973 -0.17555 -0.15536 -0.18159 -0.29235 -0.43408 -0.56597 -0.66165 -0.7183 -0.74828 -0.77511 -0.82492 -0.91459 -0.98398 -0.98421 -0.95137 -0.92267 -0.93703 -0.97644
-0.015369 -0.014975 -0.44146 0.24881 0.64865 0.37333 -0.85133 0.92016 -0.89392 0.45731 -0.25046 -0.86377 -0.26419 0.14892 0.8062 0.94058 1 0.96343 0.84073 0.66421 0.27017 -0.44033 -0.85425 -0.98932 -0.9806 -0.89531 -0.78366 -0.64527 -0.49535 -0.39211 -0.3812 -0.39849 -0.37312 -0.39188 -0.48894 -0.61083 -0.72002 -0.79515 -0.83714 -0.85787 -0.87586 -0.91056 -0.96816 -0.99045 -0.9493 -0.89216 -0.85188 -0.87391 -0.93716
-0.034597 0.0018674 0.39705 0.8914 0.6567 -0.50337 -0.25472 0.65809 -0.41893 -0.1696 0.3509 -0.98721 -0.72812 -0.35367 0.44199 0.69926 0.90615 0.99137 0.98423 0.887 0.582 -0.12329 -0.64797 -0.9009 -0.99287 -0.98158 -0.92067 -0.82037 -0.69688 -0.60314 -0.58718 -0.59643 -0.56849 -0.58005 -0.66026 -0.75855 -0.84231 -0.89578 -0.92331 -0.93569 -0.94579 -0.96584 -0.99143 -0.96801 -0.88851 -0.81008 -0.76043 -0.79033 -0.8764
0.084437 0.0414 0.12282 -0.11528 -0.23427 -0.8236 0.53418 -0.033721 0.27443 -0.70658 0.80663 -0.78396 -0.97756 -0.76069 -0.013505 0.32565 0.65621 0.8639 0.98643 0.99248 0.8208 0.20191 -0.38121 -0.73215 -0.92162 -0.99007 -0.98885 -0.93732 -0.85126 -0.77522 -0.75734 -0.76014 -0.73284 -0.73835 -0.79991 -0.87241 -0.92947 -0.96128 -0.97526 -0.98057 -0.98407 -0.99048 -0.98515 -0.91867 -0.80473 -0.70838 -0.65158 -0.68929 -0.79659
-0.10108 -0.089957 -0.38905 -0.87289 -0.76774 -0.29897 0.87377 -0.68722 0.80872 -0.92129 0.95446 -0.33432 -0.9535 -0.9784 -0.45924 -0.10357 0.29964 0.60764 0.85364 0.97301 0.96288 0.50106 -0.082317 -0.50171 -0.77658 -0.92378 -0.98661 -0.99115 -0.95122 -0.90023 -0.88415 -0.88287 -0.85973 -0.86099 -0.90338 -0.94938 -0.97978 -0.99092 -0.99277 -0.99258 -0.99097 -0.98518 -0.95087 -0.84505 -0.70127 -0.59056 -0.52882 -0.57397 -0.70044
0.086461 0.10515 0.099361 -0.092165 -0.2815 0.49915 0.52693 -0.89673 0.9182 -0.7382 0.75617 0.21108 -0.67497 -0.9646 -0.80387 -0.50732 -0.10033 0.26625 0.6098 0.83676 0.99711 0.74525 0.21953 -0.23216 -0.57267 -0.79106 -0.9174 -0.98137 -0.99332 -0.97339 -0.96297 -0.96048 -0.94499 -0.94424 -0.96806 -0.98815 -0.9931 -0.9853 -0.97688 -0.97286 -0.96775 -0.95149 -0.89089 -0.75027 -0.58169 -0.46027 -0.39569 -0.44766 -0.59081
-0.064818 -0.062282 0.24688 0.8014 0.53073 0.7906 -0.20526 -0.55922 0.56983 -0.25325 0.29787 0.68432 -0.22586 -0.733 -0.98327 -0.81524 -0.47834 -0.10773 0.29143 0.60508 0.92486 0.9132 0.49712 0.052386 -0.32822 -0.60442 -0.78889 -0.91152 -0.9778 -0.99314 -0.99203 -0.99134 -0.98672 -0.98639 -0.99314 -0.98901 -0.97064 -0.94627 -0.92965 -0.9235 -0.9165 -0.89169 -0.808 -0.63777 -0.44971 -0.32119 -0.25571 -0.31364 -0.47062
0.055209 -0.023196 -0.16988 0.34248 0.64978 0.33903 -0.76552 0.097832 -0.045505 0.3234 -0.25264 0.95125 0.27309 -0.34431 -0.97023 -0.97882 -0.77737 -0.46118 -0.058322 0.30861 0.75851 0.99255 0.72744 0.32842 -0.06325 -0.3792 -0.61203 -0.78855 -0.90819 -0.96089 -0.97217 -0.97618 -0.98508 -0.98758 -0.97946 -0.95367 -0.91485 -0.87666 -0.85402 -0.84735 -0.83999 -0.80862 -0.70545 -0.51118 -0.30908 -0.17694 -0.1123 -0.1751 -0.34282
-0.059622 0.097195 -0.10355 -0.62932 -0.0073942 -0.39891 -0.76681 0.68293 -0.62673 0.76227 -0.71011 0.94626 0.69797 0.11167 -0.77589 -0.97737 -0.9565 -0.74775 -0.39573 -0.017139 0.51903 0.98009 0.89324 0.57486 0.20226 -0.13218 -0.40003 -0.622 -0.79073 -0.88065 -0.90658 -0.91776 -0.94213 -0.94964 -0.92931 -0.88504 -0.82914 -0.7801 -0.7536 -0.74787 -0.7415 -0.70556 -0.58675 -0.37424 -0.16348 -0.030978 0.031319 -0.035123 -0.2103
0.068332 -0.10538 0.1375 -0.57324 -0.61606 -0.75848 -0.24124 0.87633 -0.91185 0.90413 -0.93326 0.68324 0.95162 0.53784 -0.44369 -0.81856 -0.99531 -0.93329 -0.68179 -0.33614 0.233 0.88109 0.98391 0.7745 0.44975 0.11965 -0.16723 -0.4232 -0.63374 -0.75855 -0.80035 -0.8206 -0.8615 -0.8758 -0.84617 -0.78702 -0.71769 -0.66085 -0.63251 -0.62893 -0.62469 -0.58608 -0.45555 -0.23065 -0.016423 0.11346 0.17214 0.10344 -0.075805
-0.070163 0.042043 0.010678 0.33355 -0.49787 -0.46018 0.42875 0.59514 -0.79007 0.71164 -0.86433 0.24374 0.98354 0.85022 -0.038359 -0.5343 -0.89466 -0.99899 -0.88629 -0.61575 -0.07054 0.70801 0.99565 0.91485 0.66332 0.36028 0.071818 -0.20443 -0.447 -0.6023 -0.66007 -0.69052 -0.74808 -0.77045 -0.73449 -0.66423 -0.58521 -0.52355 -0.49518 -0.49469 -0.49346 -0.4539 -0.31555 -0.083988 0.1288 0.2534 0.30745 0.23798 0.058063
0.059097 0.038702 -0.062268 0.69219 0.15377 0.20439 0.79969 0.011301 -0.33366 0.26989 -0.53787 -0.25114 0.79649 0.99323 0.36755 -0.17332 -0.6744 -0.94218 -0.9903 -0.82973 -0.36309 0.47862 0.93109 0.98861 0.83046 0.57556 0.30331 0.021848 -0.24107 -0.42065 -0.49337 -0.53433 -0.60772 -0.63884 -0.59938 -0.52178 -0.43675 -0.37303 -0.34618 -0.3494 -0.35178 -0.3128 -0.17041 0.062342 0.26919 0.38619 0.43485 0.36613 0.18892
-0.034976 -0.070382 0.034966 0.049631 0.59995 0.67687 0.65544 -0.56345 0.25136 -0.25602 -0.061105 -0.67537 0.44056 0.94737 0.70665 0.20778 -0.36885 -0.77501 -0.98717 -0.96019 -0.61921 0.21404 0.79843 0.99366 0.9426 0.7539 0.51485 0.24371 -0.026672 -0.22288 -0.30844 -0.35937 -0.44687 -0.48678 -0.44641 -0.36506 -0.27749 -0.21419 -0.19007 -0.19731 -0.20361 -0.16651 -0.023617 0.20521 0.40205 0.50953 0.55227 0.48585 0.3146
0.001675 0.038992 -0.018733 -0.61003 0.39973 0.60249 0.11503 -0.84698 0.72285 -0.68529 0.42415 -0.92935 -0.0022045 0.72932 0.92724 0.55364 -0.020788 -0.52155 -0.88193 -0.99852 -0.81849 -0.063378 0.61027 0.9327 0.99524 0.8867 0.69604 0.45032 0.18585 -0.018344 -0.11367 -0.17323 -0.27226 -0.32039 -0.28132 -0.19951 -0.11253 -0.051786 -0.03128 -0.042542 -0.052786 -0.018592 0.12155 0.34177 0.52507 0.62146 0.658 0.59539 0.4332
0.034968 0.0070382 -0.056217 -0.40485 -0.1858 0.076097 -0.47617 -0.71934 0.90185 -0.88261 0.78432 -0.96098 -0.43788 0.38528 1 0.81779 0.32475 -0.21383 -0.68967 -0.94524 -0.94681 -0.33188 0.38224 0.81255 0.98782 0.96858 0.83884 0.63235 0.38699 0.18403 0.082782 0.016668 -0.090652 -0.14584 -0.10983 -0.030452 0.053205 0.10965 0.12601 0.11102 0.09707 0.1276 0.26209 0.46954 0.63627 0.7204 0.75065 0.69331 0.54307
-0.068406 -0.018811 0.08944 0.30498 -0.54927 -0.48265 -0.77305 -0.26164 0.73464 -0.79669 0.92925 -0.77297 -0.78069 -0.019993 0.92027 0.96817 0.62626 0.11248 -0.43296 -0.80908 -0.99687 -0.57194 0.13161 0.64335 0.92338 0.99731 0.93772 0.78235 0.56841 0.37601 0.27326 0.20325 0.091433 0.030895 0.062527 0.13706 0.21512 0.26596 0.27797 0.25978 0.24262 0.26898 0.3953 0.58638 0.73409 0.80512 0.82918 0.7785 0.64283
0.091979 0.0056067 0.075984 0.56874 -0.36748 -0.6714 -0.62618 0.30213 0.29997 -0.46767 0.83139 -0.41681 -0.96886 -0.41602 0.70634 0.99002 0.85039 0.42227 -0.13899 -0.60535 -0.96811 -0.76754 -0.12407 0.43752 0.80802 0.97369 0.98976 0.89487 0.72326 0.55039 0.4509 0.38009 0.26793 0.20416 0.23061 0.29839 0.36907 0.41338 0.42115 0.40055 0.38086 0.40282 0.51884 0.69053 0.81729 0.87476 0.89289 0.85012 0.73137
-0.099673 -0.0092617 -0.14288 0.11569 0.13839 -0.38524 -0.14241 0.71912 -0.23302 -0.005686 0.52657 0.02331 -0.97395 -0.7388 0.3946 0.88606 0.97499 0.68464 0.16353 -0.35403 -0.86613 -0.90691 -0.36814 0.20884 0.65024 0.90115 0.99449 0.96653 0.84626 0.70117 0.60977 0.54155 0.43337 0.36883 0.38974 0.44938 0.51141 0.54868 0.55257 0.53053 0.50917 0.5267 0.63072 0.7806 0.88504 0.92876 0.94136 0.90762 0.80783
0.08765 0.028594 -0.11011 -0.42988 0.482 0.14784 0.40082 0.81933 -0.67349 0.44857 0.098787 0.4515 -0.8029 -0.94047 0.032544 0.67447 0.99055 0.87557 0.44711 -0.077615 -0.70163 -0.98298 -0.58589 -0.028548 0.46025 0.78536 0.95371 0.99601 0.93383 0.82368 0.74506 0.68291 0.58305 0.52038 0.53586 0.58649 0.63904 0.66914 0.66976 0.64734 0.62531 0.63862 0.72933 0.85555 0.93681 0.9669 0.97447 0.95074 0.8716
-0.056387 -0.014675 0.17165 -0.42724 0.37968 0.55886 0.71898 0.57793 -0.87643 0.76707 -0.3447 0.78111 -0.4933 -0.99518 -0.32875 0.38521 0.90002 0.97969 0.68785 0.20098 -0.48912 -0.99344 -0.76521 -0.26101 0.24925 0.63371 0.87116 0.98383 0.98404 0.91463 0.85312 0.80045 0.71308 0.65503 0.66553 0.70675 0.74946 0.77258 0.77072 0.7491 0.72747 0.73693 0.81342 0.91472 0.97241 0.98924 0.99236 0.97943 0.92231
0.012539 -0.039361 0.16439 0.050568 -0.035725 0.5933 0.66546 0.11022 -0.78635 0.86873 -0.70073 0.9512 -0.10401 -0.90096 -0.64185 0.055259 0.71728 0.99089 0.86719 0.46026 -0.24553 -0.94038 -0.89716 -0.47611 0.028734 0.45477 0.75217 0.93226 0.99657 0.97211 0.93149 0.89149 0.82041 0.7697 0.77601 0.80786 0.84077 0.85737 0.85395 0.83435 0.81423 0.82037 0.88211 0.95776 0.99194 0.99608 0.9954 0.99389 0.9598
0.030722 0.058104 -0.16432 0.42172 -0.38779 0.25721 0.28872 -0.38849 -0.44625 0.73661 -0.89332 0.93596 0.29686 -0.6777 -0.86878 -0.27627 0.46469 0.91204 0.97294 0.68164 0.011267 -0.82976 -0.97615 -0.66321 -0.19013 0.25781 0.60329 0.84494 0.9725 0.99553 0.97885 0.95434 0.90292 0.86213 0.86527 0.88815 0.91166 0.92244 0.91847 0.90207 0.8846 0.88804 0.93484 0.98463 0.99576 0.98798 0.98416 0.99452 0.98412
-0.056936 0.007784 -0.23161 0.30954 -0.39968 -0.21828 -0.21246 -0.72631 0.025698 0.41604 -0.88773 0.7462 0.64397 -0.36226 -0.98493 -0.57278 0.17003 0.75385 0.99969 0.85064 0.2637 -0.67068 -1 -0.81386 -0.397 0.052256 0.43186 0.72671 0.91423 0.9855 0.995 0.9883 0.95932 0.93077 0.93195 0.94659 0.96137 0.96721 0.96373 0.9517 0.93796 0.93942 0.97139 0.99556 0.98446 0.96566 0.9594 0.98186 0.9955
0.053004 -0.076742 0.10861 -0.1036 -0.098817 -0.5421 -0.59828 -0.78624 0.47986 -0.0030985 -0.69404 0.42392 0.88496 -0.0017167 -0.98083 -0.80394 -0.13676 0.53322 0.94862 0.95746 0.49571 -0.47452 -0.96968 -0.92204 -0.58281 -0.15272 0.24565 0.58324 0.82517 0.94374 0.98072 0.99358 0.98915 0.97485 0.97536 0.98273 0.98969 0.99159 0.98963 0.98303 0.97403 0.97428 0.99183 0.99103 0.95883 0.93004 0.92201 0.95665 0.99432
-0.017256 0.037738 0.28907 -0.36502 0.25074 -0.53931 -0.70155 -0.5611 0.78284 -0.4131 -0.36063 0.031813 0.98733 0.35398 -0.86189 -0.94832 -0.4266 0.27116 0.82678 0.99733 0.6936 -0.25403 -0.889 -0.98423 -0.74006 -0.3486 0.052494 0.42075 0.70961 0.87285 0.93767 0.9712 0.9927 0.99427 0.99542 0.99666 0.9969 0.99591 0.99646 0.99624 0.99291 0.99272 0.99648 0.97176 0.91982 0.88216 0.87301 0.91971 0.98112
-0.035743 0.062609 -0.0012409 -0.24654 0.38363 -0.23577 -0.49381 -0.1449 0.85466 -0.71622 0.039261 -0.35963 0.94155 0.65886 -0.64637 -0.99482 -0.67392 -0.0092895 0.64603 0.97031 0.84671 -0.022503 -0.76415 -0.99935 -0.86305 -0.52779 -0.14004 0.24573 0.57241 0.7762 0.86828 0.92289 0.97093 0.98955 0.9926 0.98898 0.98369 0.9809 0.98487 0.99183 0.99497 0.99511 0.98592 0.93861 0.86855 0.82316 0.81351 0.87199 0.95653
0.078725 -0.068585 -0.30168 0.08363 0.22822 0.18066 -0.082509 0.30997 0.68611 -0.84675 0.42443 -0.68484 0.76032 0.87647 -0.36214 -0.94282 -0.85864 -0.28517 0.42168 0.88086 0.94778 0.20707 -0.60313 -0.96862 -0.94792 -0.6839 -0.32489 0.064698 0.41886 0.65774 0.77554 0.85097 0.92543 0.96177 0.96791 0.96073 0.95116 0.94762 0.95582 0.97058 0.98085 0.98206 0.96091 0.89263 0.8062 0.75427 0.74469 0.81451 0.92131
-0.085318 -0.032804 -0.13886 0.29573 -0.072504 0.48054 0.34886 0.64986 0.33445 -0.783 0.72216 -0.89352 0.47471 0.9836 -0.042727 -0.80128 -0.96743 -0.53539 0.17112 0.73715 0.99309 0.42265 -0.4152 -0.89524 -0.99269 -0.81184 -0.49576 -0.11608 0.25439 0.52179 0.66296 0.75825 0.85824 0.9125 0.92274 0.9133 0.90071 0.89744 0.9105 0.93353 0.95142 0.95438 0.9224 0.83498 0.73405 0.67678 0.66778 0.74833 0.87629
0.048156 0.076401 0.23599 0.22502 -0.29475 0.51762 0.62408 0.77036 -0.098422 -0.5479 0.88103 -0.95739 0.12815 0.97186 0.27683 -0.587 -0.99425 -0.74221 -0.087615 0.55019 0.98231 0.61372 -0.21031 -0.78411 -0.99713 -0.90797 -0.64727 -0.29074 0.084422 0.37293 0.53431 0.64788 0.77181 0.84369 0.85887 0.84841 0.83401 0.83191 0.85035 0.88191 0.90776 0.91307 0.87149 0.7669 0.65346 0.592 0.58401 0.67457 0.82236
0.011283 0.0056221 0.26344 -0.022293 -0.2991 0.29308 0.64369 0.64464 -0.4968 -0.19983 0.87836 -0.87256 -0.23059 0.84737 0.56375 -0.32239 -0.94016 -0.89223 -0.33712 0.33291 0.91828 0.77172 0.0014643 -0.64144 -0.96269 -0.97002 -0.77504 -0.454 -0.085794 0.21577 0.39358 0.52326 0.6689 0.75761 0.77835 0.76802 0.75294 0.75281 0.77696 0.81712 0.85108 0.85926 0.80935 0.68972 0.56576 0.50126 0.49466 0.59436 0.76044
-0.052348 -0.067169 -0.085293 -0.21691 -0.10939 -0.0631 0.41537 0.32405 -0.76198 0.1832 0.7216 -0.65794 -0.55435 0.62872 0.79068 -0.032872 -0.81265 -0.97702 -0.56171 0.099195 0.8065 0.89026 0.21037 -0.47434 -0.89219 -0.99715 -0.87579 -0.60129 -0.25135 0.054894 0.24481 0.38792 0.55247 0.65677 0.68345 0.67427 0.65953 0.66202 0.69205 0.74068 0.78275 0.79421 0.73728 0.60479 0.47233 0.40587 0.40095 0.50883 0.69152
0.043789 0.010172 -0.30696 -0.21725 0.1295 -0.37068 0.039581 -0.085242 -0.83507 0.52144 0.4442 -0.35032 -0.80347 0.34378 0.93792 0.25559 -0.62443 -0.99328 -0.74832 -0.13704 0.65465 0.96527 0.40742 -0.29049 -0.78967 -0.98977 -0.94734 -0.72882 -0.4078 -0.10534 0.091986 0.24542 0.42559 0.54382 0.57658 0.5694 0.55591 0.56151 0.59742 0.6542 0.7042 0.71926 0.65662 0.51348 0.37453 0.30711 0.30409 0.4191 0.61657
0.0077801 0.049994 -0.10702 -0.057316 0.2632 -0.49012 -0.33749 -0.45901 -0.70744 0.74963 0.097611 0.002569 -0.95015 0.025818 0.99461 0.5188 -0.39199 -0.94257 -0.88705 -0.36261 0.47194 0.99498 0.58472 -0.097738 -0.66008 -0.94948 -0.98857 -0.83363 -0.55121 -0.26085 -0.061072 0.099255 0.29137 0.4215 0.46025 0.45574 0.44423 0.4533 0.4949 0.55935 0.61692 0.63579 0.56872 0.41717 0.27366 0.20623 0.20526 0.32628 0.53657
-0.056581 -0.014333 0.22388 0.12064 0.22461 -0.38162 -0.58134 -0.69251 -0.41803 0.82848 -0.25888 0.34977 -0.98078 -0.29055 0.95906 0.73618 -0.13405 -0.83083 -0.97151 -0.56578 0.26856 0.97982 0.7357 0.096227 -0.50904 -0.87886 -0.99941 -0.91361 -0.67829 -0.40795 -0.21077 -0.047212 0.15288 0.29258 0.33697 0.33564 0.32667 0.3394 0.38635 0.45782 0.52246 0.54523 0.47497 0.31719 0.17102 0.10443 0.10558 0.23141 0.4525
0.053662 -0.030995 0.25075 0.19237 0.05947 -0.11072 -0.61514 -0.72796 -0.039927 0.74969 -0.56836 0.6444 -0.89632 -0.57306 0.83801 0.89216 0.13002 -0.66756 -0.99891 -0.73672 0.055056 0.92217 0.85529 0.28415 -0.34255 -0.78132 -0.98069 -0.9675 -0.78635 -0.54339 -0.35382 -0.19083 0.013081 0.15977 0.20925 0.21138 0.20537 0.22177 0.27359 0.35127 0.42236 0.44899 0.37674 0.21486 0.067801 0.0028156 0.0061076 0.13552 0.36531
0.0052382 0.010817 -0.035213 0.12959 -0.12003 0.1932 -0.43989 -0.56575 0.33916 0.53474 -0.785 0.84964 -0.7109 -0.7949 0.64536 0.97697 0.38165 -0.46492 -0.96988 -0.86792 -0.15823 0.82614 0.94 0.45947 -0.1668 -0.66091 -0.93408 -0.99484 -0.87339 -0.6644 -0.4873 -0.32869 -0.12521 0.025696 0.079487 0.085212 0.082392 0.10234 0.15839 0.24136 0.31811 0.3485 0.27536 0.11143 -0.034837 -0.097543 -0.092175 0.039567 0.27593
-0.067431 0.012498 -0.25698 -0.0067471 -0.21127 0.39976 -0.12589 -0.25866 0.63737 0.22816 -0.88006 0.94258 -0.44906 -0.93687 0.40029 0.9869 0.60429 -0.23674 -0.88817 -0.95434 -0.3616 0.69717 0.98792 0.61646 0.012142 -0.52216 -0.86194 -0.9959 -0.93807 -0.76874 -0.60867 -0.45822 -0.25941 -0.10717 -0.049999 -0.040751 -0.040304 -0.017071 0.042465 0.12967 0.21121 0.24512 0.17213 0.008078 -0.13583 -0.19568 -0.18835 -0.055547 0.18525
0.070116 -0.0046361 -0.15767 -0.12496 -0.17709 0.43183 0.21746 0.10695 0.79562 -0.1124 -0.84463 0.916 -0.14218 -0.98859 0.12518 0.92406 0.78433 0.0024772 -0.76015 -0.99347 -0.54642 0.54175 0.99864 0.75043 0.18845 -0.36985 -0.76722 -0.97165 -0.97968 -0.85468 -0.71584 -0.57715 -0.38714 -0.23652 -0.17705 -0.16452 -0.16088 -0.13477 -0.072593 0.017715 0.10308 0.14019 0.068274 -0.094071 -0.23419 -0.29069 -0.28158 -0.14898 0.094115
-0.0077771 0.0053025 0.11269 -0.16041 -0.0543 0.29022 0.48049 0.4363 0.7877 -0.42734 -0.68918 0.77787 0.17554 -0.94871 -0.15649 0.79571 0.9118 0.2385 -0.59424 -0.98522 -0.70538 0.36701 0.97317 0.85773 0.35676 -0.20887 -0.65329 -0.92363 -0.99809 -0.92104 -0.80711 -0.68356 -0.50631 -0.36025 -0.2997 -0.28425 -0.27765 -0.24916 -0.18529 -0.093078 -0.0049363 0.03498 -0.035033 -0.19399 -0.32903 -0.38179 -0.3711 -0.23996 0.0033229
-0.054245 0.00053462 0.22884 -0.10251 0.079621 0.043761 0.58727 0.65046 0.62262 -0.66536 -0.44034 0.54907 0.47088 -0.82428 -0.42219 0.61333 0.98067 0.45813 -0.40031 -0.93177 -0.83276 0.18042 0.91376 0.93586 0.51227 -0.044071 -0.52385 -0.85391 -0.99376 -0.96711 -0.88126 -0.77592 -0.61513 -0.47648 -0.41614 -0.3983 -0.38908 -0.35882 -0.29424 -0.20139 -0.11157 -0.069327 -0.1367 -0.29074 -0.41955 -0.46826 -0.45625 -0.3278 -0.086378
0.048674 -0.022255 0.082869 0.010623 0.15486 -0.20553 0.51506 0.70395 0.33962 -0.7911 -0.13581 0.2598 0.71497 -0.62938 -0.65199 0.39143 0.98891 0.64991 -0.18904 -0.83718 -0.92449 -0.010564 0.82371 0.9834 0.65087 0.1199 -0.38277 -0.76493 -0.9676 -0.99269 -0.93744 -0.85303 -0.71207 -0.58359 -0.52479 -0.50519 -0.49381 -0.46247 -0.39822 -0.306 -0.21565 -0.17162 -0.23574 -0.38345 -0.50502 -0.54947 -0.53644 -0.41185 -0.17429
0.012257 -0.0024135 -0.13225 0.11663 0.14366 -0.3649 0.29547 0.59222 -0.0021706 -0.78947 0.18167 -0.054718 0.88576 -0.38332 -0.82993 0.14629 0.93827 0.80458 0.028702 -0.70714 -0.97821 -0.19877 0.70721 1 0.76919 0.2787 -0.23398 -0.65947 -0.921 -0.998 -0.97526 -0.91407 -0.79594 -0.6802 -0.62431 -0.60365 -0.59067 -0.55899 -0.49614 -0.40582 -0.31611 -0.27088 -0.33121 -0.47139 -0.58485 -0.62488 -0.61115 -0.49156 -0.25979
-0.04655 0.03667 -0.18092 0.15948 0.066121 -0.38377 -0.00024905 0.34885 -0.33661 -0.66613 0.47043 -0.35861 0.96963 -0.10854 -0.94484 -0.10525 0.83386 0.91542 0.24238 -0.54853 -0.99322 -0.37757 0.56903 0.98628 0.86464 0.42837 -0.081374 -0.54051 -0.85568 -0.98367 -0.99468 -0.95856 -0.86582 -0.76518 -0.71355 -0.69262 -0.67864 -0.64742 -0.58702 -0.49989 -0.41197 -0.36617 -0.42231 -0.55387 -0.6585 -0.69404 -0.67995 -0.56644 -0.3423
0.0068895 0.012542 -0.040134 0.11547 -0.029309 -0.26665 -0.28535 0.034388 -0.60332 -0.44484 0.6951 -0.6194 0.96198 0.17152 -0.99079 -0.34695 0.68358 0.97835 0.44229 -0.36904 -0.97035 -0.54106 0.41442 0.94375 0.93543 0.56543 0.071302 -0.41117 -0.77367 -0.9507 -0.996 -0.98632 -0.92108 -0.83765 -0.79159 -0.77121 -0.75691 -0.72695 -0.67007 -0.58737 -0.50239 -0.45668 -0.5083 -0.63033 -0.72554 -0.75659 -0.74249 -0.63609 -0.42129
0.05015 -0.044764 0.11663 0.0053257 -0.095112 -0.064809 -0.48304 -0.27946 -0.75804 -0.16232 0.83051 -0.81117 0.8669 0.43439 -0.96709 -0.56417 0.49742 0.992 0.61992 -0.17675 -0.91184 -0.68422 0.2488 0.87468 0.98058 0.68694 0.22052 -0.2746 -0.67721 -0.90037 -0.97985 -0.9975 -0.96139 -0.89698 -0.85774 -0.83876 -0.82485 -0.79696 -0.74461 -0.66752 -0.58662 -0.54168 -0.58856 -0.70029 -0.78562 -0.81225 -0.7985 -0.70014 -0.49631
-0.036395 -0.030196 0.13306 -0.11421 -0.10717 0.14704 -0.54598 -0.52623 -0.77886 0.13825 0.86389 -0.91678 0.69608 0.66031 -0.87787 -0.74464 0.28677 0.95747 0.76829 0.02019 -0.8211 -0.80302 0.077639 0.78196 0.9998 0.79051 0.36303 -0.13395 -0.56873 -0.83424 -0.94714 -0.99251 -0.98666 -0.94279 -0.91151 -0.89478 -0.88197 -0.85696 -0.81011 -0.73977 -0.66402 -0.62054 -0.66254 -0.76336 -0.83849 -0.86081 -0.84778 -0.75833 -0.56696
-0.037968 0.041632 0.02157 -0.1781 -0.071067 0.29851 -0.46576 -0.65815 -0.66808 0.41393 0.79535 -0.92885 0.46716 0.8335 -0.73146 -0.87902 0.063622 0.87814 0.88207 0.21396 -0.70251 -0.89449 -0.093764 0.66901 0.99355 0.87433 0.49595 0.0077605 -0.45073 -0.75405 -0.899 -0.972 -0.99704 -0.97491 -0.95263 -0.93896 -0.92798 -0.90663 -0.86619 -0.80365 -0.73408 -0.69274 -0.72979 -0.81924 -0.88396 -0.90212 -0.89018 -0.81042 -0.6329
0.066716 0.050358 -0.085112 -0.14771 -0.012913 0.34591 -0.27101 -0.65412 -0.44964 0.62798 0.63678 -0.8497 0.20168 0.94306 -0.53942 -0.96118 -0.16006 0.75927 0.95774 0.3973 -0.56116 -0.95669 -0.2604 0.53956 0.96288 0.93717 0.61675 0.14765 -0.32577 -0.66171 -0.83679 -0.93684 -0.99291 -0.99337 -0.981 -0.97118 -0.96273 -0.94576 -0.91257 -0.8588 -0.79637 -0.75783 -0.78996 -0.86771 -0.92192 -0.93614 -0.92563 -0.85627 -0.69383
-0.001425 -0.024077 -0.089081 -0.033756 0.037292 0.28287 -0.016523 -0.52148 -0.16333 0.75429 0.40951 -0.69035 -0.077028 0.98335 -0.3156 -0.98837 -0.37301 0.60765 0.99356 0.56378 -0.40266 -0.98874 -0.41771 0.3976 0.90939 0.97835 0.72334 0.28305 -0.19637 -0.55924 -0.76199 -0.88808 -0.97484 -0.9984 -0.99671 -0.99147 -0.98621 -0.9743 -0.94912 -0.90498 -0.85058 -0.81548 -0.84279 -0.90864 -0.95233 -0.96285 -0.95412 -0.89577 -0.74953
-0.065573 -0.063956 -0.012785 0.1066 0.060246 0.13768 0.23281 -0.29199 0.14291 0.77996 0.14112 -0.4687 -0.34591 0.95402 -0.074999 -0.96103 -0.56511 0.43114 0.98949 0.70795 -0.23284 -0.99072 -0.56164 0.2472 0.83515 0.99771 0.81401 0.41152 -0.064996 -0.44869 -0.67621 -0.8269 -0.94355 -0.99041 -1 -1 -0.99855 -0.99232 -0.97581 -0.94206 -0.89649 -0.86545 -0.88807 -0.94195 -0.97524 -0.98232 -0.97569 -0.92888 -0.79981
0.034755 -0.0056439 0.051537 0.19876 0.053529 -0.039593 0.41851 -0.013478 0.42118 0.70581 -0.13808 -0.20736 -0.58407 0.85955 0.1672 -0.88255 -0.72788 0.23823 0.9471 0.8255 -0.057576 -0.96365 -0.68875 0.09243 0.7426 0.99561 0.88751 0.53091 0.065978 -0.33217 -0.58117 -0.75464 -0.89995 -0.96994 -0.99126 -0.99708 -1 -1 -0.99271 -0.97 -0.93397 -0.90757 -0.92571 -0.96765 -0.99071 -0.99465 -0.99043 -0.95559 -0.84453
0.041985 0.061243 0.047492 0.1906 0.028515 -0.19465 0.50146 0.26047 0.63088 0.54517 -0.39847 0.068836 -0.77419 0.7086 0.39659 -0.75885 -0.85471 0.037626 0.86934 0.91328 0.11741 -0.9093 -0.79626 -0.062782 0.63447 0.97282 0.943 0.63935 0.19434 -0.21174 -0.47861 -0.67268 -0.84504 -0.9377 -0.97102 -0.98314 -0.99092 -0.99761 -1 -0.98887 -0.96298 -0.94176 -0.95565 -0.9858 -0.9989 -1 -0.99847 -0.97595 -0.88361
-0.041629 0.037567 0.00030252 0.081424 0.001636 -0.28521 0.46893 0.48081 0.74413 0.32113 -0.61417 0.33521 -0.90365 0.51308 0.60036 -0.59785 -0.94104 -0.16215 0.76032 0.96936 0.28674 -0.83016 -0.88207 -0.21471 0.51369 0.93053 0.98004 0.73528 0.31803 -0.089418 -0.37029 -0.58251 -0.77991 -0.89448 -0.9399 -0.95871 -0.97178 -0.98552 -0.99794 -0.99879 -0.98357 -0.968 -0.97793 -0.99653 -1 -0.99858 -1 -0.99005 -0.91701
-0.025512 -0.038064 -0.027953 -0.076346 -0.014625 -0.29147 0.33476 0.61137 0.74876 0.062926 -0.76534 0.56936 -0.96502 0.28711 0.76787 -0.40892 -0.98439 -0.35308 0.6251 0.99298 0.44551 -0.72926 -0.94474 -0.35992 0.38331 0.87026 0.99856 0.81747 0.43521 0.032865 -0.25796 -0.48561 -0.70575 -0.84117 -0.89863 -0.92442 -0.9431 -0.96418 -0.98687 -1 -0.99585 -0.98637 -0.99265 -1 -0.99424 -0.99062 -0.99522 -0.99801 -0.94471
0.035366 -0.056667 -0.010115 -0.20358 -0.016748 -0.2188 0.13368 0.63394 0.64864 -0.19799 -0.8397 0.75292 -0.95629 0.045942 0.89112 -0.20228 -0.98434 -0.52795 0.46936 0.9845 0.58941 -0.61006 -0.98352 -0.49534 0.24639 0.79379 0.99886 0.88499 0.54422 0.15329 -0.14333 -0.38349 -0.62379 -0.77874 -0.848 -0.88095 -0.9055 -0.93411 -0.96719 -0.99277 -1 -0.99697 -0.99994 -0.99644 -0.98189 -0.97641 -0.98438 -1 -0.96674
0.025868 0.0015836 0.023556 -0.23489 -0.0097115 -0.093105 -0.08816 0.54982 0.46184 -0.43182 -0.83305 0.87273 -0.88052 -0.19511 0.96499 0.011556 -0.94239 -0.6806 0.29923 0.94526 0.71482 -0.47632 -0.99827 -0.61826 0.10598 0.70313 0.98155 0.93719 0.64365 0.27015 -0.028043 -0.27764 -0.53528 -0.70822 -0.7889 -0.82907 -0.85965 -0.89588 -0.93937 -0.97746 -0.99626 -1 -1 -0.98612 -0.96326 -0.95624 -0.96774 -0.9962 -0.98318
-0.034649 0.051491 0.025959 -0.15174 -0.0024338 0.048562 -0.28395 0.3778 0.21698 -0.6136 -0.74906 0.92153 -0.74525 -0.42158 0.98724 0.22234 -0.8617 -0.80605 0.12096 0.87753 0.81884 -0.33196 -0.98948 -0.72644 -0.034952 0.60047 0.94752 0.97376 0.7323 0.38192 0.086325 -0.16952 -0.44149 -0.63067 -0.72222 -0.76958 -0.80625 -0.85011 -0.90393 -0.95445 -0.98493 -0.99568 -0.99308 -0.96933 -0.93868 -0.93044 -0.94562 -0.98684 -0.99412
-0.03273 0.030485 -0.013058 0.0084223 -0.0020741 0.169 -0.41582 0.14961 -0.051478 -0.72561 -0.59828 0.89804 -0.56166 -0.62069 0.9585 0.42053 -0.7469 -0.90059 -0.059246 0.7843 0.89933 -0.18098 -0.95812 -0.81807 -0.17363 0.48808 0.89791 0.99463 0.80923 0.48719 0.19831 -0.060547 -0.3437 -0.54717 -0.64892 -0.70332 -0.74607 -0.79747 -0.8614 -0.92419 -0.96634 -0.98429 -0.97945 -0.94639 -0.90851 -0.89936 -0.91831 -0.97214 -0.99967
0.042933 -0.024264 -0.055057 0.17077 -0.010147 0.24025 -0.46149 -0.096329 -0.30819 -0.75868 -0.39663 0.80661 -0.34349 -0.78196 0.88194 0.59767 -0.60372 -0.96188 -0.23549 0.66917 0.95492 -0.027307 -0.90566 -0.89178 -0.30744 0.36829 0.83406 1 0.87369 0.58476 0.30657 0.047947 -0.24314 -0.45882 -0.56995 -0.63114 -0.67988 -0.73862 -0.81239 -0.88716 -0.94087 -0.96615 -0.95944 -0.91767 -0.87313 -0.86337 -0.88615 -0.95238 -1
0.035394 -0.040548 -0.051784 0.25919 -0.022033 0.24935 -0.41711 -0.32142 -0.52149 -0.71245 -0.16359 0.65646 -0.10598 -0.89761 0.76293 0.74672 -0.4387 -0.98888 -0.4023 0.5362 0.98499 0.12528 -0.83396 -0.94667 -0.43403 0.24346 0.75749 0.9903 0.92519 0.67358 0.40985 0.1547 -0.14103 -0.36671 -0.48629 -0.55394 -0.60846 -0.67429 -0.75751 -0.84387 -0.90895 -0.9416 -0.93338 -0.88354 -0.83291 -0.82282 -0.84949 -0.92782 -0.99527
-0.052506 -0.0071357 0.0058601 0.23193 -0.029699 0.19955 -0.29619 -0.49282 -0.66699 -0.5947 0.079834 0.4606 0.13527 -0.96286 0.60864 0.86223 -0.25887 -0.98179 -0.55481 0.38972 0.9896 0.27323 -0.7452 -0.98227 -0.5513 0.11587 0.66983 0.96616 0.96344 0.75277 0.50707 0.25853 -0.038524 -0.2719 -0.39891 -0.47257 -0.53261 -0.60518 -0.69737 -0.79485 -0.87101 -0.91103 -0.90166 -0.84439 -0.78828 -0.77812 -0.80867 -0.89875 -0.98567
-0.032506 0.025952 0.075088 0.099937 -0.026007 0.10746 -0.12535 -0.5878 -0.73001 -0.41995 0.31295 0.23459 0.36528 -0.97588 0.42753 0.94049 -0.071466 -0.94198 -0.68888 0.23421 0.96948 0.41329 -0.64183 -0.99851 -0.65745 -0.012235 0.57281 0.92842 0.98834 0.82164 0.59725 0.35837 0.063275 -0.17544 -0.30875 -0.38792 -0.45313 -0.53201 -0.63261 -0.74065 -0.82751 -0.87484 -0.86464 -0.80062 -0.73962 -0.72965 -0.76405 -0.86548 -0.97141
0.055851 0.021724 0.095787 -0.07933 -0.0085256 -0.0024397 0.061791 -0.59621 -0.70647 -0.2074 0.51711 -0.0047467 0.57055 -0.93774 0.22885 0.97952 0.11642 -0.87184 -0.80112 0.074164 0.92594 0.54258 -0.52645 -0.99573 -0.75095 -0.13875 0.46822 0.87805 1 0.87967 0.67957 0.45325 0.16333 -0.078327 -0.21675 -0.30083 -0.3708 -0.45549 -0.56388 -0.68182 -0.77894 -0.83345 -0.82275 -0.75266 -0.68736 -0.67779 -0.716 -0.8283 -0.95271
0.028621 -0.0036145 0.041738 -0.2285 0.018848 -0.1044 0.23132 -0.5208 -0.60256 0.021228 0.67708 -0.24061 0.73984 -0.85208 0.022148 0.97905 0.29806 -0.77461 -0.88898 -0.08605 0.86078 0.6586 -0.40178 -0.97458 -0.83061 -0.2617 0.35786 0.81616 0.9987 0.92649 0.75334 0.54229 0.26068 0.018487 -0.1238 -0.21213 -0.28638 -0.37633 -0.49181 -0.61894 -0.72578 -0.78728 -0.77639 -0.70091 -0.63191 -0.62294 -0.66486 -0.78753 -0.92981
-0.050439 -0.014833 -0.054836 -0.28423 0.047043 -0.17719 0.35499 -0.37577 -0.43314 0.244 0.78195 -0.45737 0.86456 -0.72479 -0.18318 0.94038 0.46727 -0.65423 -0.95076 -0.24229 0.77625 0.75928 -0.2706 -0.93605 -0.89553 -0.37927 0.24352 0.74397 0.98487 0.96192 0.818 0.62476 0.35444 0.1141 -0.030766 -0.12262 -0.20061 -0.29522 -0.41703 -0.55256 -0.66854 -0.7368 -0.726 -0.64579 -0.57366 -0.56549 -0.61101 -0.74349 -0.90294
-0.028108 -0.0053975 -0.12503 -0.2234 0.065171 -0.20814 0.41453 -0.18381 -0.21945 0.44079 0.82569 -0.6415 0.93917 -0.56348 -0.37829 0.86624 0.61868 -0.51516 -0.98559 -0.39074 0.67492 0.84301 -0.13566 -0.88138 -0.94511 -0.48983 0.12697 0.66276 0.95908 0.9859 0.87314 0.70001 0.44382 0.20767 0.06155 -0.033073 -0.11422 -0.21281 -0.34016 -0.48324 -0.60771 -0.68243 -0.67198 -0.58774 -0.51304 -0.50582 -0.55479 -0.69648 -0.87236
0.0376 0.0035818 -0.11394 -0.071156 0.064704 -0.19468 0.40373 0.027635 0.013791 0.595 0.80721 -0.78234 0.9612 -0.37703 -0.55527 0.76056 0.74778 -0.36219 -0.99338 -0.52798 0.55961 0.90858 0.00037914 -0.81204 -0.97903 -0.59194 0.0099064 0.57388 0.92203 0.99852 0.91847 0.7675 0.5281 0.29841 0.15238 0.055795 -0.027876 -0.12976 -0.2618 -0.41154 -0.54378 -0.62465 -0.61478 -0.52715 -0.45043 -0.44429 -0.49656 -0.64683 -0.83832
0.031847 -0.00063398 -0.021744 0.11124 0.042849 -0.14358 0.32832 0.23039 0.24124 0.69474 0.73007 -0.87253 0.93118 -0.17503 -0.70735 0.62825 0.85104 -0.20028 -0.97479 -0.65105 0.43331 0.95528 0.13495 -0.7297 -0.99726 -0.68436 -0.10605 0.47871 0.87452 1 0.95381 0.82682 0.60665 0.38562 0.24101 0.1433 0.057764 -0.046681 -0.18252 -0.338 -0.47727 -0.56388 -0.55481 -0.46443 -0.38622 -0.38128 -0.43666 -0.59485 -0.80108
-0.019624 -0.0062319 0.094605 0.25225 0.0039296 -0.068298 0.2039 0.3992 0.43967 0.7335 0.60189 -0.90825 0.85241 0.03269 -0.82918 0.47491 0.92597 -0.034381 -0.93114 -0.75749 0.29909 0.98276 0.26565 -0.63613 -1 -0.76609 -0.21939 0.37864 0.81742 0.99067 0.97913 0.87764 0.67893 0.46866 0.32678 0.22881 0.1421 0.035854 -0.10289 -0.26314 -0.40863 -0.50059 -0.49249 -0.39999 -0.32078 -0.31714 -0.37541 -0.54084 -0.76091
-0.0374 0.0015122 0.15907 0.29828 -0.041695 0.014496 0.052526 0.51469 0.59019 0.71032 0.43345 -0.88919 0.73057 0.23658 -0.91688 0.30662 0.97112 0.13068 -0.86434 -0.84534 0.16005 0.99111 0.39029 -0.53322 -0.98771 -0.83628 -0.3287 0.27504 0.75171 0.97097 0.99447 0.91975 0.74451 0.54695 0.40911 0.31173 0.22455 0.11729 -0.023435 -0.18747 -0.33836 -0.43521 -0.42823 -0.33422 -0.25449 -0.2522 -0.31315 -0.4851 -0.71807
-0.0015065 0.015731 0.12684 0.2332 -0.080713 0.088615 -0.10128 0.56522 0.67978 0.62938 0.23776 -0.81829 0.57321 0.42776 -0.96813 0.12965 0.98603 0.29036 -0.77679 -0.9132 0.01922 0.98078 0.50688 -0.42293 -0.96103 -0.89435 -0.43271 0.16927 0.67837 0.94144 1 0.95303 0.803 0.61999 0.48745 0.39153 0.30461 0.19712 0.055348 -0.11147 -0.26691 -0.36816 -0.36244 -0.26748 -0.18768 -0.1868 -0.25018 -0.42793 -0.67281
0.040514 0.015288 0.013524 0.082505 -0.10092 0.14134 -0.2345 0.54765 0.70212 0.49933 0.028932 -0.70135 0.38932 0.59835 -0.98212 -0.049738 0.97121 0.44051 -0.67129 -0.96019 -0.1205 0.95253 0.61369 -0.30721 -0.9208 -0.93989 -0.53027 0.062633 0.59846 0.90267 0.99597 0.97745 0.85413 0.68736 0.56132 0.46772 0.3818 0.27487 0.13299 -0.035606 -0.19471 -0.29986 -0.2955 -0.20014 -0.1207 -0.12125 -0.1868 -0.36962 -0.6254
0.023684 -0.0062776 -0.11466 -0.098137 -0.094955 0.1653 -0.32889 0.46704 0.65769 0.33221 -0.17881 -0.5465 0.18869 0.74177 -0.95951 -0.22554 0.92802 0.57744 -0.55093 -0.98594 -0.25636 0.90743 0.70923 -0.18801 -0.86801 -0.97266 -0.62038 -0.043614 0.51303 0.85535 0.98271 0.99306 0.89769 0.74868 0.6303 0.53989 0.45567 0.35011 0.20904 0.039685 -0.1222 -0.23071 -0.22779 -0.13255 -0.053858 -0.055845 -0.12329 -0.31043 -0.57609
-0.036854 -0.028386 -0.18167 -0.24442 -0.062555 0.15909 -0.37315 0.33535 0.55317 0.14227 -0.37209 -0.36352 -0.018586 0.85294 -0.90227 -0.39218 0.8586 0.698 -0.41898 -0.99055 -0.38584 0.84682 0.79231 -0.067242 -0.80379 -0.99266 -0.70218 -0.14829 0.42315 0.8002 0.96063 1 0.93356 0.80368 0.69405 0.60763 0.52585 0.42242 0.28309 0.11399 -0.049788 -0.1611 -0.15968 -0.065037 0.01254 0.0091282 -0.059932 -0.25064 -0.52512
-0.043658 -0.024566 -0.14695 -0.3064 -0.01078 0.12669 -0.3639 0.1695 0.40038 -0.055297 -0.53917 -0.16324 -0.22261 0.92833 -0.81353 -0.54464 0.76573 0.79961 -0.27886 -0.97457 -0.50668 0.77223 0.86195 0.053264 -0.72937 -1 -0.77496 -0.25029 0.32989 0.73801 0.93019 0.99847 0.96168 0.85212 0.75225 0.67063 0.59198 0.49147 0.35478 0.18692 0.022155 -0.091401 -0.091492 0.0020877 0.078211 0.073406 0.0030221 -0.19049 -0.47276
0.023781 0.0067225 -0.028331 -0.26483 0.047832 0.07607 -0.3054 -0.010883 0.21476 -0.24559 -0.67061 0.043176 -0.41416 0.96607 -0.69737 -0.67863 0.6527 0.88034 -0.13396 -0.93898 -0.61689 0.68535 0.9175 0.17177 -0.64604 -0.99499 -0.83815 -0.34859 0.23429 0.66956 0.89193 0.98875 0.98207 0.89384 0.80466 0.72861 0.65378 0.55693 0.42377 0.25812 0.09326 -0.021959 -0.023571 0.068527 0.14289 0.13674 0.06533 -0.13025 -0.41923
0.056589 0.037024 0.10951 -0.13584 0.098568 0.01723 -0.20827 -0.18582 0.013775 -0.41506 -0.75962 0.2448 -0.58504 0.96586 -0.55863 -0.79063 0.52322 0.93885 0.012369 -0.88507 -0.71476 0.58802 0.95851 0.28666 -0.55519 -0.97806 -0.89133 -0.44226 0.13737 0.59568 0.8464 0.97116 0.9948 0.92874 0.85111 0.78134 0.71099 0.61851 0.48973 0.32726 0.16319 0.046892 0.043775 0.134 0.20633 0.19889 0.12676 -0.070133 -0.36476
-0.0021299 0.035316 0.19209 0.036468 0.12834 -0.039694 -0.087449 -0.33719 -0.18478 -0.5524 -0.80235 0.43154 -0.7284 0.92886 -0.40266 -0.87798 0.38123 0.9744 0.15691 -0.81447 -0.79893 0.48214 0.98481 0.39644 -0.45819 -0.94977 -0.9342 -0.53047 0.040104 0.51722 0.79423 0.94608 1 0.95677 0.89144 0.82863 0.76339 0.67599 0.55241 0.39404 0.23162 0.11484 0.11026 0.19826 0.26829 0.25965 0.18711 -0.010365 -0.30959
-0.057027 -0.00036664 0.1756 0.19599 0.129 -0.086115 0.040169 -0.45041 -0.36435 -0.64919 -0.79786 0.59455 -0.83891 0.85762 -0.23515 -0.93886 0.23083 0.98687 0.29666 -0.72903 -0.86833 0.36969 0.99646 0.49977 -0.35647 -0.91079 -0.9666 -0.61249 -0.056565 0.43501 0.73604 0.91392 0.99786 0.97795 0.92557 0.87036 0.81082 0.72915 0.61155 0.45818 0.29827 0.18159 0.1756 0.26105 0.32858 0.31881 0.24617 0.048845 -0.25392
-0.022559 -0.039312 0.068818 0.29314 0.099313 -0.11612 0.15807 -0.51571 -0.51086 -0.70025 -0.74801 0.72663 -0.91294 0.75578 -0.061846 -0.97234 0.076116 0.97666 0.42885 -0.63082 -0.92222 0.25262 0.99373 0.59547 -0.25142 -0.8619 -0.98851 -0.68768 -0.15176 0.34987 0.67249 0.87516 0.98862 0.99232 0.95348 0.90642 0.85314 0.77783 0.66696 0.51944 0.36287 0.24687 0.23954 0.32216 0.38698 0.3762 0.30377 0.1073 -0.19796
0.041752 -0.046117 -0.073619 0.29987 0.045204 -0.12702 0.25219 -0.52867 -0.61373 -0.70379 -0.65709 0.82243 -0.94856 0.62796 0.11158 -0.9783 -0.078894 0.94469 0.55102 -0.52204 -0.96014 0.13288 0.97707 0.68251 -0.1444 -0.80392 -1 -0.75551 -0.24464 0.26262 0.60426 0.83027 0.97255 1 0.97515 0.93677 0.89026 0.82189 0.71844 0.57759 0.42517 0.31042 0.30186 0.38138 0.44333 0.43165 0.35973 0.16482 -0.14191
