-0.013035 -0.0014196 -0.025249 0.035389 0.041957 0.075957 -0.0039975 0.077587 0.0076981 -0.20832 0.37562 -0.06318 -0.46764 -0.55099 -0.4285 0.23724 0.69316 -0.7965 0.74937 -0.8304 0.7948 -0.41194 -0.25254 0.80813 -0.68721 -0.20455 0.8782 -0.21374 -0.85175 0.20394 0.89614 0.16874 -0.78309 -0.72835 0.16024 0.85879 0.73457 -0.00579 -0.71118 -0.91259 -0.54617 0.12401 0.71185 0.92867 0.679 0.1065 -0.50115 -0.87559 -0.9036
0.010505 -0.023259 0.025901 -0.0014636 0.031142 -0.039061 -0.18471 0.03915 -0.0040718 -0.21321 0.21821 0.52912 0.46276 0.5938 0.74823 0.28996 -0.82444 0.73207 -0.72064 0.85831 -0.74612 0.17127 0.58103 -0.87259 0.24427 0.73199 -0.66131 -0.54323 0.71022 0.65581 -0.46713 -0.89459 -0.15797 0.74347 0.84403 0.13848 -0.6616 -0.92623 -0.54441 0.16168 0.74997 0.93553 0.66016 0.073365 -0.53865 -0.9047 -0.88439 -0.52732 0.0049808
-0.023496 0.01092 -0.017641 -0.021968 -0.10231 -0.04045 0.018246 0.0061436 -0.075743 -0.017356 -0.32463 0.19201 0.2492 -0.090578 -0.6273 -0.56025 0.82813 -0.73354 0.78752 -0.8729 0.50624 0.28908 -0.86709 0.55043 0.47069 -0.85759 -0.15172 0.89793 0.21637 -0.82888 -0.61136 0.41745 0.92368 0.43512 -0.46166 -0.92668 -0.64983 0.077085 0.72185 0.93692 0.66456 0.082254 -0.52234 -0.89835 -0.89119 -0.52163 0.040085 0.5631 0.88773
-0.019797 0.024407 -0.0075707 -0.047674 0.12021 0.019971 0.14349 -0.031065 -0.20931 0.34037 -0.35099 -0.63723 -0.66599 -0.33019 0.45149 0.64659 -0.84487 0.8179 -0.8756 0.73036 -0.003801 -0.77216 0.73279 0.21826 -0.90106 0.16919 0.87984 -0.18675 -0.9151 -0.19142 0.78332 0.76909 -0.085475 -0.83092 -0.81927 -0.14999 0.60181 0.93704 0.71764 0.13436 -0.48759 -0.8837 -0.90828 -0.57006 -0.015271 0.53844 0.88744 0.93237 0.69638
0.018499 -0.0015408 -0.02726 0.079513 -0.076492 0.099623 0.1592 -0.12285 -0.18403 0.16133 0.51181 0.48955 0.71699 0.5397 -0.39029 -0.6089 0.85216 -0.87284 0.79487 -0.26278 -0.62887 0.83744 0.014335 -0.87298 0.39158 0.78039 -0.46606 -0.83508 0.19029 0.91837 0.44804 -0.51816 -0.93007 -0.49089 0.33805 0.88728 0.82778 0.27643 -0.39279 -0.85155 -0.92549 -0.62797 -0.10169 0.46184 0.85285 0.94274 0.7196 0.29015 -0.2068
-0.023696 0.032986 -0.0057998 -0.067029 -0.064243 0.13934 0.13058 -0.19662 0.21096 -0.45259 -0.17535 -0.16252 -0.65001 -0.59962 0.47443 0.42477 -0.72205 0.69551 -0.34225 -0.45997 0.89327 -0.15425 -0.82133 0.53377 0.6733 -0.63282 -0.70453 0.46228 0.89491 0.10484 -0.78714 -0.82269 -0.09055 0.6917 0.92892 0.52311 -0.18499 -0.76495 -0.9432 -0.70303 -0.1963 0.37167 0.79686 0.9517 0.78921 0.37393 -0.1461 -0.601 -0.88718
-0.0046779 -0.010815 0.020389 0.065101 0.077532 0.16224 0.065625 0.0091088 0.21884 0.23948 -0.19786 -0.077669 0.62514 0.5449 -0.66265 -0.042944 0.30547 -0.13377 -0.41779 0.90601 -0.30665 -0.76295 0.62028 0.58873 -0.72443 -0.59082 0.62389 0.80338 -0.17796 -0.90782 -0.6121 0.26953 0.88538 0.79835 0.15626 -0.55955 -0.9297 -0.81381 -0.34032 0.25242 0.72709 0.94551 0.85658 0.49813 -0.0094279 -0.50899 -0.85191 -0.95728 -0.83017
-0.0080432 0.02075 -0.0099614 -0.039321 0.068796 0.18234 -0.022746 0.321 -0.40311 0.11048 0.42604 0.17243 -0.68389 -0.3461 0.82768 -0.48374 0.36664 -0.61497 0.90508 -0.44203 -0.69563 0.68467 0.53153 -0.77206 -0.51546 0.70855 0.71328 -0.37248 -0.9305 -0.38218 0.53822 0.93807 0.573 -0.18596 -0.80132 -0.92407 -0.56022 0.052109 0.60862 0.91827 0.90673 0.61215 0.14415 -0.36774 -0.76928 -0.95231 -0.87824 -0.59538 -0.18842
-0.029672 -0.0078369 0.035913 0.0080552 0.012894 0.14362 -0.074777 -0.11897 0.24382 -0.35979 -0.52694 -0.12453 0.78221 -0.035237 -0.74785 0.86101 -0.87326 0.88252 -0.43631 -0.61541 0.74656 0.48463 -0.79353 -0.47805 0.74653 0.65632 -0.48201 -0.90937 -0.18673 0.71365 0.89986 0.32406 -0.46741 -0.91942 -0.80587 -0.26078 0.38537 0.83812 0.94505 0.724 0.28972 -0.2193 -0.65612 -0.91795 -0.93332 -0.70553 -0.30804 0.13931 0.5438
0.011668 -0.0062695 -0.044504 -0.019208 -0.0278 -0.028797 -0.058361 -0.2745 0.014998 0.48774 0.5415 -0.066549 -0.79649 0.5284 0.24225 -0.64965 0.60712 -0.16671 -0.63554 0.80235 0.4297 -0.81073 -0.4687 0.75711 0.63599 -0.52822 -0.88558 -0.052681 0.81352 0.82108 0.10078 -0.66805 -0.94379 -0.63055 0.023582 0.63823 0.93886 0.84914 0.46488 -0.051775 -0.52918 -0.85558 -0.95765 -0.81966 -0.47981 -0.025843 0.42382 0.76146 0.94043
-0.0040704 -0.018293 0.013269 -0.071234 -0.046233 -0.1985 0.035779 0.47021 -0.21488 -0.53695 -0.46644 0.38088 0.55549 -0.84705 0.51843 -0.20521 0.38245 -0.81343 0.78033 0.36078 -0.83651 -0.46323 0.74964 0.64461 -0.53088 -0.87769 0.010549 0.8614 0.7417 -0.074786 -0.79423 -0.90624 -0.43388 0.2655 0.80455 0.94466 0.68579 0.18144 -0.35171 -0.76052 -0.94866 -0.89813 -0.63781 -0.22583 0.2352 0.63957 0.89594 0.96225 0.85117
0.033621 -0.042098 0.029108 -0.089517 -0.015637 -0.031722 0.092048 -0.45381 0.32367 0.52409 0.25978 -0.70702 0.015662 0.60233 -0.86885 0.88598 -0.90393 0.57109 0.41262 -0.86538 -0.44179 0.74416 0.66958 -0.50445 -0.88552 0.013133 0.87611 0.689 -0.19266 -0.8654 -0.84163 -0.25025 0.46217 0.89939 0.88901 0.49286 -0.074346 -0.59161 -0.89708 -0.946 -0.76077 -0.40417 0.032445 0.46667 0.79706 0.95547 0.91566 0.70832 0.38643
-0.0038404 0.0065521 0.00024333 -0.1004 0.093243 0.1838 -0.13659 0.36003 -0.34985 -0.42124 0.10455 0.80224 -0.66776 0.22198 0.25001 -0.39831 0.037856 0.66844 -0.83911 -0.39859 0.75629 0.6909 -0.45898 -0.90232 -0.028484 0.86998 0.67779 -0.25033 -0.89976 -0.77649 -0.10135 0.60605 0.94326 0.8008 0.30391 -0.29366 -0.75612 -0.9542 -0.87043 -0.56988 -0.15464 0.28599 0.65855 0.90157 0.96071 0.82719 0.5382 0.17082 -0.21251
-0.032175 0.0055099 0.015208 -0.11894 0.16002 -0.095673 0.080004 -0.29304 0.28892 0.1788 -0.54033 -0.42024 0.81692 -0.86658 0.73905 -0.72503 0.91516 -0.64845 -0.46499 0.78268 0.69446 -0.42178 -0.91829 -0.097909 0.84671 0.70374 -0.24777 -0.91116 -0.73059 0.0051653 0.7013 0.95143 0.69732 0.13426 -0.46584 -0.86276 -0.95075 -0.74858 -0.36302 0.092239 0.50513 0.81031 0.95537 0.9205 0.71113 0.36875 -0.032699 -0.40739 -0.70892
-0.029331 0.0044952 -0.0017648 -0.11747 -0.037813 -0.034991 0.011866 0.30087 -0.11729 0.2094 0.78224 -0.34735 -0.11582 0.423 -0.64155 0.62503 -0.13515 -0.71526 0.73655 0.67473 -0.41592 -0.92913 -0.17948 0.80827 0.75203 -0.19561 -0.90591 -0.71644 0.063583 0.75822 0.94188 0.59895 -0.015512 -0.59525 -0.92268 -0.9099 -0.61353 -0.15798 0.30606 0.68413 0.90852 0.96093 0.84258 0.57204 0.20062 -0.2053 -0.56782 -0.82332 -0.9539
-0.022051 0.0071102 -0.030456 -0.050573 -0.19323 0.099008 -0.090284 -0.39534 -0.17459 -0.6125 -0.5131 0.8519 -0.77584 0.66718 -0.54924 0.66035 -0.92952 0.49006 0.73065 -0.44211 -0.93645 -0.24323 0.75636 0.80747 -0.10815 -0.88477 -0.73875 0.070167 0.78334 0.92885 0.5214 -0.13321 -0.6937 -0.9504 -0.85143 -0.47683 0.017371 0.48491 0.81044 0.95738 0.92157 0.72735 0.41732 0.031886 -0.35792 -0.68737 -0.89999 -0.97036 -0.90861
0.025407 -0.017396 -0.040451 0.051119 0.13785 -0.10824 0.13617 0.55513 0.51848 0.73699 -0.23949 -0.40749 0.6111 -0.68932 0.73953 -0.60408 -0.061446 0.88926 -0.36586 -0.93724 -0.26702 0.71197 0.85602 -0.00092876 -0.84504 -0.78706 0.022374 0.77936 0.92232 0.47216 -0.2134 -0.76076 -0.95835 -0.78792 -0.35443 0.16759 0.61639 0.89391 0.96238 0.84513 0.58988 0.24364 -0.13307 -0.49659 -0.78146 -0.94322 -0.95919 -0.84291 -0.62373
0.029033 -0.0043474 -0.02471 0.060974 0.065762 0.09811 -0.13999 -0.70681 -0.71978 -0.32663 0.81179 -0.6071 0.53084 -0.53945 0.55902 -0.77647 0.90398 -0.047611 -0.94635 -0.24765 0.69715 0.88793 0.11021 -0.78743 -0.8439 -0.069259 0.74388 0.92699 0.45832 -0.2571 -0.80054 -0.95471 -0.72389 -0.25059 0.28643 0.71511 0.93851 0.93673 0.74919 0.43661 0.07108 -0.29976 -0.62006 -0.85632 -0.96561 -0.93154 -0.76512 -0.50905 -0.20018
-0.041551 -0.030423 0.0095451 -0.0057216 -0.19642 -0.086046 0.087491 0.71341 0.52951 -0.43368 -0.43296 0.75582 -0.77524 0.72532 -0.65829 0.34905 0.49286 -0.90685 -0.32784 0.71342 0.90277 0.19403 -0.71577 -0.89464 -0.1876 0.67717 0.94071 0.48426 -0.26185 -0.8187 -0.94831 -0.67071 -0.16055 0.3776 0.78413 0.95923 0.89586 0.64331 0.28948 -0.097475 -0.44933 -0.73316 -0.91261 -0.97029 -0.89247 -0.68925 -0.39684 -0.072512 0.24993
0.021062 0.029833 0.0313 -0.010548 0.20948 0.071849 0.037481 -0.42767 0.09153 0.79564 -0.57052 0.34646 -0.44885 0.61618 -0.74938 0.92937 -0.60065 -0.60391 0.65766 0.89973 0.2274 -0.65577 -0.92833 -0.31415 0.58275 0.95255 0.55017 -0.22394 -0.81627 -0.94484 -0.63725 -0.094314 0.45095 0.83103 0.96477 0.84774 0.54753 0.15127 -0.24247 -0.58212 -0.82274 -0.95206 -0.95859 -0.84063 -0.61159 -0.30069 0.042778 0.36151 0.63171
-0.031663 0.054294 0.0053828 -0.036253 -0.16018 -0.045969 -0.22978 -0.15282 -0.70599 -0.19031 0.73662 -0.84882 0.77175 -0.58226 0.34536 0.18202 -0.90634 0.39815 0.92371 0.20736 -0.63394 -0.94479 -0.43116 0.47014 0.95007 0.64137 -0.13941 -0.79045 -0.94726 -0.62667 -0.057829 0.50072 0.86498 0.96206 0.80249 0.46021 0.040412 -0.36737 -0.68543 -0.89085 -0.96957 -0.92799 -0.77708 -0.52667 -0.20981 0.13471 0.45647 0.70938 0.88259
0.040675 0.02603 -0.021706 0.033172 0.10276 -0.0031543 0.42583 0.71929 0.62176 -0.72098 0.3445 -0.2988 0.58009 -0.82596 0.92679 -0.79512 -0.13184 0.95221 0.27939 -0.65369 -0.95284 -0.51268 0.35236 0.92805 0.73736 -0.017427 -0.73442 -0.95436 -0.64277 -0.051632 0.52478 0.88539 0.95539 0.76366 0.38972 -0.052501 -0.45957 -0.76631 -0.93356 -0.96723 -0.88173 -0.69549 -0.43499 -0.11618 0.21784 0.52764 0.77106 0.91986 0.97566
-0.032173 -0.0072479 0.03638 0.03211 -0.062014 0.079003 -0.48787 -0.74536 0.2368 0.55234 -0.82055 0.83661 -0.60338 0.18503 0.24692 -0.7916 0.77281 0.54919 -0.60212 -0.95386 -0.54301 0.26381 0.88722 0.82143 0.12506 -0.64655 -0.95938 -0.68674 -0.079641 0.52414 0.89365 0.94888 0.72929 0.33565 -0.12251 -0.532 -0.81999 -0.95838 -0.9497 -0.82088 -0.60602 -0.3278 -0.019812 0.30067 0.58965 0.81382 0.94504 0.97503 0.91514
0.0015833 -0.033726 0.045339 -0.10492 0.041827 -0.16215 0.27319 0.025687 -0.82519 0.56546 -0.31757 0.47196 -0.82677 0.92756 -0.7343 0.10208 0.87626 -0.34861 -0.9599 -0.52017 0.23426 0.84917 0.88182 0.26872 -0.53178 -0.9507 -0.75504 -0.14561 0.49537 0.89112 0.94646 0.70675 0.29109 -0.17292 -0.58343 -0.85825 -0.96839 -0.92247 -0.75691 -0.5084 -0.21975 0.088564 0.38343 0.64955 0.84922 0.95927 0.9677 0.88477 0.72768
0.041618 -0.05912 -0.085811 0.15017 -0.037508 0.20028 0.1902 0.78466 0.18181 -0.67666 0.80425 -0.68588 0.17129 0.45004 -0.84666 0.87299 0.15554 -0.9295 -0.56847 0.26782 0.83902 0.91509 0.3953 -0.40289 -0.91935 -0.83148 -0.25099 0.43301 0.87552 0.94913 0.70132 0.2647 -0.2128 -0.61826 -0.88309 -0.9708 -0.89509 -0.692 -0.4182 -0.10946 0.1927 0.47411 0.70761 0.88151 0.96894 0.95834 0.85313 0.67817 0.45266
0.0032102 -0.072425 0.0077548 -0.1679 0.04294 -0.12727 -0.56803 -0.63094 0.79469 -0.54435 0.49301 -0.77021 0.92644 -0.56798 -0.04263 0.7852 -0.68431 -0.76571 0.2186 0.86009 0.92692 0.47829 -0.2762 -0.8662 -0.89737 -0.38178 0.33091 0.84126 0.95634 0.71355 0.26193 -0.23426 -0.64479 -0.89837 -0.96984 -0.86852 -0.63988 -0.3342 -0.013682 0.29456 0.55767 0.7691 0.91077 0.97484 0.9473 0.8276 0.63192 0.39461 0.13357
-0.049923 -0.047718 0.083566 0.1731 -0.054253 -0.069835 0.41799 -0.44119 -0.37289 0.64836 -0.64695 0.26855 0.48976 -0.93 0.78996 -0.0050733 -0.95282 -0.047941 0.8403 0.91746 0.50095 -0.18811 -0.79874 -0.94161 -0.51708 0.19572 0.77958 0.96411 0.74489 0.28311 -0.23267 -0.65749 -0.90926 -0.96774 -0.84817 -0.59547 -0.27173 0.071498 0.37891 0.63598 0.82248 0.93882 0.97681 0.93189 0.80276 0.59806 0.3429 0.075901 -0.18866
-0.043539 0.0044653 -0.10527 -0.17909 0.071844 0.27389 0.24109 0.86658 -0.78133 0.67854 -0.77608 0.93537 -0.5249 -0.30886 0.86963 -0.77397 -0.50125 0.68401 0.92958 0.46017 -0.16909 -0.7467 -0.96009 -0.63823 0.043086 0.68772 0.96389 0.79417 0.33147 -0.20763 -0.65339 -0.91366 -0.9654 -0.83426 -0.56441 -0.22122 0.13158 0.45116 0.69751 0.86903 0.95908 0.973 0.91171 0.77293 0.56644 0.3075 0.026164 -0.23948 -0.48002
-0.029882 0.020106 0.071524 0.19115 -0.098602 -0.26916 -0.65656 0.17241 0.36123 -0.44655 0.23141 0.40913 -0.9428 0.60396 0.19233 -0.92548 0.28837 0.96702 0.4864 -0.2233 -0.73961 -0.96347 -0.73116 -0.10727 0.57122 0.94475 0.85564 0.40906 -0.15478 -0.6318 -0.91066 -0.96441 -0.82343 -0.54509 -0.18772 0.17841 0.49968 0.74788 0.90228 0.97197 0.96252 0.88162 0.73753 0.52924 0.27505 -0.0058099 -0.28212 -0.5201 -0.71559
-0.03375 0.0063862 -0.028575 -0.20536 0.13003 -0.033562 0.16235 -0.92634 0.84734 -0.866 0.91858 -0.59655 -0.3775 0.94881 -0.6266 -0.40529 0.87147 0.67701 -0.20265 -0.77976 -0.96728 -0.78363 -0.23628 0.44465 0.90086 0.91363 0.51442 -0.069346 -0.58814 -0.89935 -0.96602 -0.82056 -0.53081 -0.16838 0.20807 0.53619 0.77974 0.92699 0.97665 0.94476 0.84626 0.68883 0.48576 0.23659 -0.034822 -0.30771 -0.55282 -0.74339 -0.88006
-0.01718 0.043657 0.0032877 0.20903 -0.13926 0.36164 0.62778 -0.10841 -0.15148 0.0081182 0.42445 -0.92867 0.54382 0.47884 -0.95507 0.37541 0.91363 0.025835 -0.7728 -0.97012 -0.7911 -0.31371 0.32594 0.83753 0.95305 0.63152 0.051701 -0.51613 -0.8759 -0.96927 -0.82879 -0.52881 -0.15467 0.22388 0.55827 0.80263 0.94079 0.97625 0.92438 0.80411 0.63625 0.42668 0.19141 -0.069946 -0.3308 -0.57092 -0.76533 -0.89587 -0.96706
-0.021843 0.015999 0.00064193 -0.18428 0.07901 -0.26504 -0.4067 0.93792 -0.90945 0.87078 -0.57536 -0.29339 0.95721 -0.36269 -0.60341 0.90168 0.44015 -0.62119 -0.97167 -0.74886 -0.31723 0.25267 0.76629 0.96877 0.74025 0.1959 -0.40914 -0.83389 -0.97182 -0.84732 -0.54358 -0.15492 0.23461 0.56899 0.81578 0.94965 0.97345 0.90253 0.76455 0.57758 0.36492 0.12955 -0.11187 -0.35969 -0.58723 -0.77628 -0.9077 -0.97242 -0.97771
-0.050777 -0.088403 0.010488 0.1175 0.069623 -0.23702 -0.56716 0.25398 -0.25904 0.58591 -0.91858 0.61713 0.55314 -0.91708 0.1376 0.88635 -0.25265 -0.95652 -0.74785 -0.24126 0.25632 0.71997 0.96288 0.82663 0.3431 -0.27343 -0.76479 -0.96851 -0.87577 -0.5747 -0.17424 0.23213 0.5759 0.82147 0.95437 0.96989 0.88638 0.7267 0.52573 0.29788 0.065986 -0.17021 -0.39499 -0.60854 -0.7862 -0.9128 -0.97576 -0.97487 -0.91889
-0.070063 0.034116 -0.029308 -0.014258 -0.22104 0.43761 0.49691 -0.88061 0.77177 -0.42109 -0.28915 0.95181 -0.28138 -0.82146 0.77697 0.38543 -0.80343 -0.85926 -0.23021 0.34013 0.72815 0.95383 0.88297 0.47404 -0.12474 -0.66767 -0.95075 -0.91118 -0.62378 -0.21276 0.21147 0.57222 0.82489 0.95609 0.96781 0.87326 0.70134 0.47804 0.24058 -0.0019503 -0.22946 -0.44513 -0.63537 -0.79987 -0.91754 -0.97684 -0.97186 -0.91037 -0.80145
-0.050744 0.056961 0.049144 -0.090081 0.19755 0.079121 0.58936 -0.56736 0.74264 -0.93302 0.61877 0.46918 -0.89057 -0.19249 0.95372 -0.30088 -0.97061 -0.40868 0.35959 0.7893 0.95983 0.90861 0.57334 0.016733 -0.55082 -0.91098 -0.94659 -0.6905 -0.27373 0.17194 0.5538 0.82152 0.95704 0.9671 0.86651 0.68195 0.44768 0.18903 -0.058608 -0.29209 -0.49555 -0.67434 -0.81768 -0.92441 -0.97806 -0.97087 -0.90325 -0.78966 -0.63851
0.0096074 -0.076048 -0.062292 0.14157 0.068084 -0.51267 -0.45655 0.62917 -0.24673 -0.42349 0.93934 -0.38032 -0.86746 0.54024 0.61129 -0.82556 -0.71564 0.18837 0.80709 0.97407 0.90527 0.62194 0.13164 -0.43117 -0.84878 -0.96949 -0.77071 -0.35944 0.10919 0.51951 0.80855 0.95545 0.9668 0.86485 0.67264 0.42524 0.15748 -0.10879 -0.34322 -0.54825 -0.71301 -0.84403 -0.93364 -0.97949 -0.9703 -0.90197 -0.78051 -0.62553 -0.44405
0.058027 0.034261 0.058616 -0.10756 -0.31687 0.0098737 -0.70164 0.90098 -0.93173 0.51537 0.43476 -0.92838 -0.27804 0.94695 -0.032675 -0.96522 -0.17852 0.70111 0.977 0.86252 0.60514 0.18772 -0.32781 -0.77466 -0.97123 -0.84931 -0.46902 0.018866 0.46458 0.78454 0.95015 0.96804 0.86438 0.67119 0.41518 0.13474 -0.13845 -0.38788 -0.5903 -0.75275 -0.86951 -0.94719 -0.98126 -0.96791 -0.90119 -0.78037 -0.61609 -0.43152 -0.2318
0.017874 0.0068267 -0.027603 0.017391 0.16681 0.55886 0.25964 -0.075746 -0.54386 0.9465 -0.41925 -0.81034 0.46958 0.83482 -0.64584 -0.69331 0.41229 0.9613 0.841 0.51223 0.15846 -0.27839 -0.70362 -0.95418 -0.91119 -0.58729 -0.10138 0.38335 0.74503 0.93963 0.97141 0.86891 0.6713 0.41463 0.12525 -0.15936 -0.41341 -0.6265 -0.78354 -0.89477 -0.95929 -0.98281 -0.96368 -0.89657 -0.78063 -0.61806 -0.42308 -0.22087 -0.014431
-0.067915 -0.014294 -0.034064 0.050882 0.2758 0.0050849 0.81944 -0.94767 0.4293 0.51204 -0.93541 -0.15629 0.93023 0.303 -0.95598 -0.15288 0.84131 0.90702 0.46519 0.036731 -0.31397 -0.67032 -0.92651 -0.95043 -0.69532 -0.23847 0.27088 0.68393 0.92028 0.97548 0.88067 0.67896 0.41566 0.12585 -0.16745 -0.43103 -0.64648 -0.8095 -0.91332 -0.96982 -0.98228 -0.9547 -0.88796 -0.77518 -0.62021 -0.42767 -0.21426 -0.0057652 0.19701
-0.035784 -0.0077638 0.11121 -0.050275 -0.33682 -0.59887 0.12386 -0.64277 0.95587 -0.35537 -0.76185 0.58248 0.87586 -0.36078 -0.85728 0.43115 0.97825 0.58145 -0.027111 -0.43498 -0.70269 -0.91294 -0.96712 -0.78008 -0.37261 0.13645 0.59461 0.88649 0.97796 0.89848 0.69776 0.42577 0.12778 -0.16585 -0.43733 -0.65996 -0.82324 -0.92829 -0.97617 -0.97887 -0.94301 -0.87031 -0.76374 -0.61505 -0.43214 -0.22153 -0.0013957 0.20316 0.39338
0.05616 0.041748 -0.16432 0.020993 -0.19402 -0.139 -0.76419 0.40903 0.55673 -0.92354 -0.068491 0.96319 0.37493 -0.84774 -0.42215 0.84923 0.80428 0.099939 -0.49941 -0.79293 -0.93187 -0.97157 -0.8338 -0.48581 -0.0019827 0.48161 0.83093 0.97437 0.92159 0.7269 0.4495 0.13931 -0.1633 -0.43512 -0.66441 -0.83224 -0.93569 -0.98027 -0.97383 -0.92716 -0.84935 -0.73949 -0.60217 -0.42804 -0.22837 -0.011042 0.20525 0.39711 0.56757
-0.027286 -0.073439 0.14411 -0.020726 0.43494 0.5901 -0.60649 0.99793 -0.34414 -0.77923 0.65684 0.80123 -0.29558 -0.96585 0.15971 0.97611 0.39679 -0.39568 -0.83904 -0.96792 -0.96892 -0.85098 -0.56391 -0.1242 0.35877 0.7531 0.9577 0.94714 0.76716 0.48649 0.16547 -0.15152 -0.43236 -0.66209 -0.83501 -0.94029 -0.98168 -0.96783 -0.91212 -0.82307 -0.71135 -0.57337 -0.41488 -0.2258 -0.019964 0.19382 0.39717 0.56924 0.71448
-0.065742 0.095586 -0.032457 0.01402 0.15725 0.38048 0.34748 0.53827 -0.93821 -0.076151 0.96772 0.22291 -0.81694 -0.69708 0.67167 0.79565 -0.11097 -0.77928 -0.97952 -0.93889 -0.82288 -0.58709 -0.21198 0.24579 0.66126 0.92275 0.96923 0.81755 0.53892 0.20635 -0.12547 -0.42147 -0.65957 -0.83308 -0.94166 -0.9822 -0.96391 -0.89727 -0.79976 -0.67693 -0.54021 -0.38346 -0.21322 -0.019088 0.18334 0.38473 0.56772 0.7146 0.83086
0.083287 -0.10516 -0.11505 0.058429 -0.49038 -0.43583 0.8776 -0.44658 -0.76213 0.66745 0.71454 -0.45353 -0.97641 -0.17293 0.94918 0.38576 -0.57676 -0.96879 -0.90692 -0.72828 -0.53489 -0.2349 0.16223 0.57208 0.87141 0.97876 0.87387 0.60762 0.26521 -0.084656 -0.39783 -0.65054 -0.83117 -0.94052 -0.98248 -0.96087 -0.88886 -0.77762 -0.64727 -0.50001 -0.34734 -0.18094 -0.0077104 0.18261 0.37339 0.55515 0.71208 0.83003 0.91512
-0.014258 0.10043 0.18175 -0.096683 -0.20516 -0.6367 0.37829 -0.99918 -0.0026471 0.96939 0.076568 -0.90377 -0.7369 0.40039 0.92356 -0.12113 -0.8878 -0.9373 -0.65324 -0.3897 -0.16501 0.14404 0.50377 0.81549 0.97131 0.92417 0.69042 0.34455 -0.025095 -0.36062 -0.63115 -0.82469 -0.93948 -0.98242 -0.96036 -0.88286 -0.76565 -0.61954 -0.46597 -0.30371 -0.14375 0.023952 0.19241 0.37133 0.54372 0.70027 0.82714 0.91398 0.96709
-0.026586 -0.080595 -0.089724 -0.040575 0.50281 0.054868 -0.54465 -0.65779 0.74759 0.67623 -0.58863 -0.9452 -0.22068 0.82642 0.62594 -0.58392 -0.98306 -0.70907 -0.28158 0.0075965 0.22135 0.49232 0.76948 0.95259 0.95844 0.77378 0.44423 0.057005 -0.30553 -0.60036 -0.81082 -0.93591 -0.98234 -0.96146 -0.88179 -0.75731 -0.60495 -0.43439 -0.26718 -0.098851 0.060558 0.22223 0.37938 0.54072 0.68955 0.81695 0.91134 0.96625 0.98779
0.052119 0.047849 -0.08748 0.17399 0.3468 0.69509 -0.89264 0.23038 0.97095 -0.00147 -0.95365 -0.59071 0.3639 0.98098 0.16064 -0.89084 -0.85824 -0.34533 0.13138 0.39352 0.56481 0.76444 0.93175 0.97584 0.84323 0.55039 0.16341 -0.22791 -0.55394 -0.78842 -0.92823 -0.98174 -0.96231 -0.88401 -0.75585 -0.5949 -0.4181 -0.23345 -0.061596 0.10476 0.25684 0.40639 0.54702 0.68607 0.80769 0.90353 0.96444 0.98778 0.97914
-0.089594 -0.010128 0.15881 0.0047838 -0.42492 0.46742 -0.34403 0.9195 0.55633 -0.66631 -0.8708 -0.010095 0.81072 0.83807 -0.33617 -0.98158 -0.55666 0.074449 0.51161 0.70887 0.81993 0.93093 0.97928 0.89167 0.64557 0.28104 -0.12445 -0.48685 -0.75366 -0.91526 -0.98033 -0.96447 -0.88563 -0.75902 -0.59317 -0.40692 -0.2163 -0.027289 0.14116 0.29865 0.43787 0.57051 0.69072 0.80421 0.89639 0.95962 0.9873 0.9804 0.94376
0.10185 -0.018962 -0.035322 -0.23998 -0.54452 -0.3323 0.53171 0.90093 -0.19624 -0.97434 -0.40825 0.56185 0.98447 0.46062 -0.73737 -0.85235 -0.15203 0.47062 0.79996 0.9126 0.95923 0.97948 0.91563 0.71727 0.39107 -0.0064401 -0.39465 -0.70159 -0.89389 -0.977 -0.96891 -0.8901 -0.76116 -0.59702 -0.40497 -0.20453 -0.010039 0.17463 0.33286 0.47589 0.59797 0.71021 0.80741 0.89338 0.95517 0.98594 0.98165 0.94663 0.88473
-0.074305 0.026525 -0.1169 0.010161 0.18579 -0.7667 0.92283 0.23594 -0.82076 -0.7985 0.21461 0.92188 0.85153 -0.032077 -0.9546 -0.54701 0.2714 0.77764 0.95912 0.98483 0.97386 0.91349 0.75617 0.47688 0.10748 -0.28613 -0.62711 -0.85964 -0.96953 -0.97467 -0.89961 -0.76738 -0.59937 -0.40919 -0.2024 0.0018312 0.19131 0.36424 0.50676 0.63108 0.73303 0.82262 0.89536 0.95304 0.98458 0.98407 0.94989 0.88945 0.80543
0.040083 -0.012594 0.078124 0.30378 0.67707 -0.3691 0.51731 -0.57715 -0.97626 -0.25396 0.74046 0.96344 0.47312 -0.50544 -0.95246 -0.13986 0.63635 0.95275 0.97565 0.92596 0.8715 0.74895 0.52445 0.19812 -0.17831 -0.53602 -0.80722 -0.95424 -0.98055 -0.91333 -0.78088 -0.60671 -0.41148 -0.20667 0.0041126 0.20285 0.37978 0.53503 0.65773 0.76038 0.84036 0.90616 0.95404 0.98368 0.98608 0.95624 0.89487 0.81211 0.70937
-0.028928 -0.0012811 0.076812 0.026519 0.22706 0.42005 -0.30969 -1 -0.61119 0.39271 0.97878 0.69588 -0.027896 -0.84585 -0.74742 0.2842 0.88514 0.97899 0.85792 0.75318 0.67266 0.51054 0.24826 -0.091272 -0.44253 -0.73922 -0.92609 -0.98389 -0.93115 -0.80105 -0.623 -0.41928 -0.20863 8.0389e-05 0.20525 0.3906 0.54895 0.68204 0.78213 0.86138 0.91861 0.96047 0.98397 0.98666 0.96174 0.90515 0.81977 0.71802 0.60006
0.040826 -0.017268 -0.071071 -0.35845 -0.55048 0.80313 -0.88971 -0.79773 0.055534 0.86206 0.8645 0.22259 -0.51054 -0.98433 -0.39585 0.64742 0.98615 0.86352 0.63131 0.49554 0.40612 0.22752 -0.043753 -0.36601 -0.6661 -0.8844 -0.98023 -0.95156 -0.82879 -0.64786 -0.43714 -0.21631 -0.0013519 0.2017 0.39308 0.55871 0.69396 0.80186 0.87778 0.93296 0.96757 0.98614 0.98646 0.96398 0.91416 0.83384 0.72787 0.6106 0.48091
-0.060652 0.076435 -0.078177 -0.13761 -0.64623 0.43094 -0.80506 -0.13157 0.68356 0.97791 0.46054 -0.30486 -0.85506 -0.90492 0.023839 0.8919 0.9346 0.63257 0.33199 0.18841 0.10437 -0.070064 -0.32501 -0.6051 -0.83537 -0.96583 -0.97093 -0.86377 -0.68312 -0.46488 -0.23458 -0.0084214 0.20091 0.39016 0.56119 0.70236 0.81145 0.89246 0.94373 0.97512 0.98799 0.98461 0.9635 0.91815 0.84622 0.74549 0.62251 0.49318 0.35513
0.077608 -0.12822 0.05464 0.36259 0.051196 -0.33348 -0.15214 0.59419 0.98814 0.71973 -0.083207 -0.73736 -0.98898 -0.63953 0.42976 0.98629 0.74898 0.32472 0.00069539 -0.13157 -0.20039 -0.35437 -0.57302 -0.79286 -0.94231 -0.98278 -0.90339 -0.72958 -0.50511 -0.26345 -0.026086 0.1948 0.39005 0.559 0.70474 0.81825 0.8995 0.95308 0.98016 0.98879 0.98139 0.95791 0.91754 0.85197 0.76102 0.64333 0.50695 0.36893 0.22573
-0.089777 0.091613 0.11308 0.31802 0.70978 -0.81735 0.59708 0.98846 0.85772 0.20604 -0.59054 -0.96801 -0.89652 -0.25378 0.75198 0.92656 0.46452 -0.016177 -0.32297 -0.43074 -0.47949 -0.60202 -0.77063 -0.91934 -0.98421 -0.93885 -0.78573 -0.55962 -0.30612 -0.054505 0.17858 0.38513 0.5595 0.70327 0.82038 0.90447 0.95741 0.98407 0.98815 0.97567 0.94993 0.90854 0.85137 0.76847 0.66171 0.53055 0.38431 0.24078 0.095415
0.099126 0.054515 -0.036676 -0.24418 0.59027 -0.63403 0.95532 0.87307 0.37471 -0.36873 -0.91573 -0.95299 -0.61324 0.17119 0.94274 0.73229 0.12568 -0.34736 -0.60485 -0.68141 -0.70995 -0.79545 -0.90662 -0.98015 -0.96302 -0.84098 -0.62803 -0.36524 -0.097272 0.15194 0.37096 0.55584 0.70424 0.81957 0.90621 0.96038 0.98558 0.98663 0.96953 0.93804 0.89618 0.83933 0.76797 0.67073 0.55139 0.41019 0.25746 0.11143 -0.033398
-0.10508 -0.196 -0.16686 -0.49416 -0.16395 0.046319 0.7246 0.33804 -0.24704 -0.81127 -0.98043 -0.71249 -0.21042 0.55631 0.98089 0.44011 -0.22118 -0.6321 -0.81906 -0.86375 -0.87566 -0.92346 -0.97562 -0.97589 -0.88446 -0.6985 -0.44143 -0.15771 0.11111 0.34715 0.54411 0.7018 0.82081 0.90592 0.96157 0.98642 0.9853 0.96272 0.92667 0.87856 0.823 0.75327 0.67038 0.56181 0.43308 0.28513 0.12908 -0.016747 -0.1586
0.10196 0.16175 0.0022076 -0.046587 -0.76643 0.69431 0.07303 -0.34129 -0.76407 -0.99119 -0.78466 -0.31614 0.22487 0.83829 0.87105 0.095849 -0.53402 -0.84296 -0.94945 -0.96636 -0.96775 -0.98112 -0.97759 -0.91135 -0.75709 -0.5222 -0.23731 0.052321 0.30992 0.52387 0.69269 0.81941 0.90716 0.9616 0.98687 0.98393 0.95857 0.91483 0.86235 0.80021 0.73344 0.65342 0.56165 0.44469 0.3096 0.15799 0.0015413 -0.14164 -0.2784
-0.080499 0.060006 0.22471 0.50621 -0.63141 0.8481 -0.61145 -0.85549 -0.99699 -0.87156 -0.39501 0.14001 0.60906 0.978 0.63902 -0.25302 -0.77944 -0.96334 -0.98966 -0.98606 -0.98419 -0.9692 -0.91699 -0.79453 -0.5913 -0.32347 -0.026646 0.25528 0.4915 0.67644 0.81289 0.90654 0.96255 0.98701 0.98347 0.95494 0.90793 0.84582 0.7796 0.70607 0.63058 0.54281 0.44471 0.32216 0.18357 0.031163 -0.12306 -0.26145 -0.3913
0.033261 -0.23241 0.071013 0.42981 0.095163 0.42367 -0.96147 -0.99873 -0.88383 -0.50582 0.081861 0.5579 0.87699 0.96314 0.32479 -0.5637 -0.93527 -0.98758 -0.94224 -0.9269 -0.92891 -0.89323 -0.80182 -0.63565 -0.39847 -0.11359 0.18049 0.44301 0.64977 0.80079 0.90244 0.9624 0.98738 0.98347 0.95342 0.90204 0.8363 0.75879 0.68157 0.59929 0.51748 0.4244 0.32235 0.19682 0.057375 -0.093256 -0.24292 -0.37466 -0.49609
0.037458 0.126 -0.26025 -0.19906 0.74663 -0.27678 -0.81725 -0.7377 -0.48361 -0.0094981 0.53042 0.85774 0.99066 0.8061 -0.025034 -0.80261 -0.99132 -0.91983 -0.81705 -0.79869 -0.81059 -0.76237 -0.64254 -0.44618 -0.19013 0.096872 0.3753 0.60888 0.78029 0.8944 0.9604 0.98733 0.98295 0.95304 0.89933 0.82819 0.74681 0.65696 0.57144 0.48293 0.39708 0.30094 0.19717 0.071065 -0.06687 -0.21343 -0.35652 -0.48006 -0.59182
-0.11287 0.13943 -0.19574 -0.62766 0.76798 -0.80363 -0.27703 -0.1993 0.060152 0.47966 0.85369 0.99074 0.94161 0.53846 -0.36437 -0.94796 -0.94859 -0.77223 -0.62935 -0.61541 -0.64131 -0.58828 -0.45105 -0.238 0.022645 0.29846 0.5505 0.74791 0.88014 0.95611 0.98701 0.98265 0.95136 0.89834 0.82419 0.73658 0.64273 0.54354 0.45231 0.35996 0.27214 0.17503 0.071518 -0.053003 -0.18732 -0.32781 -0.4626 -0.57668 -0.67781
0.15853 -0.20423 0.22667 -0.35188 0.1619 -0.84978 0.38474 0.40028 0.57546 0.84013 0.99158 0.94368 0.74796 0.20372 -0.65333 -0.99042 -0.8176 -0.56258 -0.3977 -0.3935 -0.43524 -0.38399 -0.23976 -0.022681 0.22979 0.48315 0.70041 0.8567 0.94789 0.98602 0.98353 0.95044 0.89527 0.82238 0.73123 0.63051 0.52731 0.42168 0.32715 0.23314 0.14524 0.049003 -0.052481 -0.17352 -0.30238 -0.43511 -0.56017 -0.66379 -0.75357
-0.1401 -0.012963 0.34931 0.33074 -0.5755 -0.41055 0.86569 0.84593 0.91633 0.99396 0.928 0.7361 0.4477 -0.15039 -0.86213 -0.93233 -0.61592 -0.31198 -0.142 -0.15031 -0.20734 -0.16288 -0.020849 0.18908 0.42256 0.64451 0.82098 0.93336 0.98339 0.98528 0.95203 0.8934 0.81773 0.72843 0.62378 0.51327 0.40372 0.29436 0.19873 0.10504 0.018709 -0.07504 -0.17297 -0.28888 -0.41073 -0.53428 -0.64848 -0.74088 -0.81884
0.050742 0.17509 -0.070702 0.69446 -0.88599 0.25131 0.97035 0.99733 0.99995 0.91883 0.68772 0.41223 0.090259 -0.47869 -0.97304 -0.78573 -0.36556 -0.042583 0.11818 0.097226 0.027679 0.062143 0.19444 0.38791 0.59377 0.77773 0.90972 0.97737 0.98757 0.95588 0.89521 0.81463 0.72208 0.61987 0.50517 0.38807 0.27497 0.16438 0.069619 -0.022039 -0.10538 -0.19526 -0.28834 -0.39775 -0.5113 -0.62453 -0.72699 -0.80767 -0.87352
0.066012 -0.062512 -0.44687 0.36514 -0.56158 0.77823 0.67702 0.8244 0.82011 0.6452 0.32595 0.030295 -0.27215 -0.74379 -0.98063 -0.56982 -0.090368 0.22433 0.36504 0.33368 0.25624 0.27931 0.39619 0.56598 0.73792 0.87964 0.96557 0.98938 0.96233 0.90051 0.81622 0.71753 0.61175 0.50008 0.37867 0.25795 0.14388 0.034284 -0.057898 -0.14605 -0.22522 -0.31008 -0.39726 -0.49903 -0.60323 -0.70526 -0.79536 -0.86401 -0.91767
-0.12833 -0.097866 -0.21252 -0.33489 0.1504 0.91145 0.12309 0.40121 0.43804 0.24236 -0.086046 -0.34856 -0.59202 -0.91948 -0.89058 -0.30813 0.18626 0.46986 0.58347 0.54591 0.46652 0.47847 0.57618 0.7172 0.85115 0.94856 0.98875 0.97103 0.91025 0.82231 0.71847 0.60561 0.49019 0.37236 0.24735 0.12575 0.013005 -0.093639 -0.18179 -0.26521 -0.33924 -0.41816 -0.4986 -0.59184 -0.68591 -0.77611 -0.85344 -0.90993 -0.95147
0.075992 0.077669 0.35425 -0.74605 0.76424 0.60513 -0.46857 -0.13107 -0.041938 -0.20115 -0.47559 -0.66984 -0.83206 -0.99214 -0.71756 -0.025748 0.4432 0.67857 0.76176 0.72349 0.6489 0.65141 0.72798 0.83722 0.93122 0.98419 0.98056 0.92479 0.83448 0.72478 0.60557 0.48238 0.36077 0.23985 0.11409 -0.0059307 -0.11536 -0.21737 -0.3003 -0.378 -0.44615 -0.51843 -0.5915 -0.67553 -0.7589 -0.83684 -0.9012 -0.94558 -0.97523
0.057804 0.012389 0.50178 -0.4989 0.89428 0.021616 -0.88247 -0.61436 -0.50305 -0.59773 -0.78092 -0.8926 -0.96845 -0.96046 -0.48253 0.25303 0.66295 0.83904 0.89183 0.85903 0.79616 0.79196 0.84706 0.92338 0.97735 0.98743 0.9432 0.85368 0.7385 0.61154 0.48111 0.3513 0.22669 0.10548 -0.018481 -0.13479 -0.23918 -0.33519 -0.41194 -0.48316 -0.5449 -0.61003 -0.67529 -0.74964 -0.82195 -0.88741 -0.93878 -0.97124 -0.98932
-0.14327 -0.058557 0.0061194 0.18661 0.48065 -0.56703 -0.98532 -0.92 -0.84422 -0.87713 -0.95965 -0.99324 -0.99181 -0.83394 -0.20997 0.50664 0.83243 0.94416 0.96925 0.94811 0.90351 0.89607 0.9307 0.9746 0.99005 0.96015 0.87954 0.7612 0.62601 0.4863 0.34861 0.21563 0.090934 -0.028079 -0.14802 -0.2588 -0.35674 -0.44563 -0.5155 -0.5797 -0.63467 -0.69232 -0.7495 -0.81389 -0.87495 -0.92789 -0.96642 -0.98727 -0.99422
0.067485 0.072369 -0.54387 0.73531 -0.21269 -0.90981 -0.76019 -0.97905 -1 -0.9969 -0.99267 -0.96625 -0.90634 -0.63041 0.074854 0.71758 0.94331 0.99093 0.99298 0.98913 0.96852 0.96162 0.97787 0.99121 0.97095 0.90504 0.79298 0.65106 0.5008 0.35267 0.21145 0.078428 -0.043771 -0.15844 -0.27247 -0.37621 -0.46659 -0.5475 -0.61 -0.66683 -0.71485 -0.76485 -0.81385 -0.86816 -0.91795 -0.95848 -0.98443 -0.99409 -0.99043
0.11875 0.039069 -0.48201 0.71093 -0.7848 -0.87818 -0.29695 -0.79184 -0.94946 -0.94609 -0.8838 -0.82247 -0.72751 -0.37317 0.34812 0.87324 0.99199 0.98015 0.965 0.98304 0.99093 0.98832 0.98903 0.97472 0.92253 0.82535 0.68723 0.52711 0.36657 0.21411 0.072756 -0.057518 -0.175 -0.28352 -0.39007 -0.48558 -0.56754 -0.63988 -0.69471 -0.744 -0.78503 -0.82736 -0.86819 -0.91246 -0.95109 -0.97947 -0.99324 -0.9922 -0.97851
-0.20691 -0.16023 0.14577 0.14174 -0.9321 -0.50245 0.24948 -0.41853 -0.7145 -0.74287 -0.65625 -0.5856 -0.47892 -0.088141 0.58924 0.96613 0.97914 0.91583 0.88979 0.93291 0.97234 0.97748 0.96593 0.92763 0.848 0.72478 0.56617 0.39316 0.22691 0.073872 -0.064604 -0.18972 -0.30062 -0.40152 -0.49936 -0.58574 -0.65868 -0.72207 -0.76911 -0.81084 -0.84497 -0.87973 -0.91255 -0.94693 -0.97465 -0.99124 -0.99331 -0.98214 -0.95906
0.060564 -0.054474 0.65432 -0.54214 -0.59628 0.059043 0.71382 0.043146 -0.35001 -0.42779 -0.34689 -0.28771 -0.1888 0.19887 0.78208 0.99378 0.90914 0.80454 0.77375 0.84352 0.91589 0.93169 0.91137 0.8532 0.75104 0.60723 0.43372 0.25293 0.085175 -0.065085 -0.19807 -0.31601 -0.41881 -0.51095 -0.59916 -0.67576 -0.73933 -0.79358 -0.83287 -0.86717 -0.89459 -0.922 -0.94704 -0.97179 -0.98896 -0.99421 -0.98515 -0.96448 -0.93268
0.16984 0.24476 0.49051 -0.8533 0.03439 0.59356 0.96926 0.48511 0.070668 -0.054574 0.0004323 0.03547 0.11333 0.46435 0.91559 0.95821 0.78929 0.6547 0.62462 0.72093 0.82596 0.8546 0.82894 0.75524 0.63563 0.47672 0.29371 0.10991 -0.055545 -0.20011 -0.32541 -0.43454 -0.52808 -0.61062 -0.68855 -0.755 -0.80903 -0.85415 -0.88587 -0.91295 -0.93395 -0.95431 -0.9719 -0.98739 -0.99443 -0.98889 -0.96933 -0.93982 -0.89999
-0.18584 0.13711 -0.19101 -0.58796 0.64461 0.91578 0.95771 0.81397 0.47121 0.3196 0.34128 0.34892 0.39968 0.68871 0.98395 0.86524 0.62902 0.47592 0.45095 0.57198 0.70779 0.75063 0.72281 0.63794 0.50592 0.33722 0.1498 -0.032672 -0.19248 -0.32888 -0.44471 -0.54377 -0.62722 -0.6996 -0.76688 -0.82301 -0.86753 -0.90367 -0.9281 -0.94829 -0.96324 -0.97692 -0.98744 -0.9941 -0.99153 -0.97579 -0.94642 -0.90874 -0.8616
-0.044388 -0.28976 -0.71731 0.065607 0.95368 0.92768 0.69662 0.96874 0.78577 0.64272 0.63612 0.62188 0.64642 0.85739 0.98635 0.7236 0.43907 0.2783 0.26155 0.40399 0.5672 0.62467 0.5975 0.50562 0.36602 0.19254 0.0053927 -0.17189 -0.3232 -0.44942 -0.5544 -0.64249 -0.71529 -0.77723 -0.83371 -0.87956 -0.91476 -0.9422 -0.95971 -0.97342 -0.98274 -0.99016 -0.99407 -0.99239 -0.98076 -0.95548 -0.917 -0.87187 -0.81812
0.18349 -0.29673 -0.57918 0.68432 0.83768 0.64029 0.26508 0.92904 0.9686 0.8745 0.85433 0.83038 0.83528 0.96129 0.92633 0.54405 0.23072 0.071883 0.065104 0.22429 0.41023 0.48192 0.45771 0.36265 0.21995 0.046301 -0.13641 -0.30516 -0.44562 -0.56009 -0.65323 -0.72975 -0.79164 -0.84309 -0.88882 -0.92459 -0.9508 -0.96993 -0.98098 -0.98866 -0.99282 -0.99445 -0.99222 -0.98274 -0.96267 -0.92852 -0.88167 -0.82979 -0.77016
-0.013777 0.22613 0.1007 0.89269 0.36518 0.15738 -0.22326 0.71381 0.99873 0.9902 0.97654 0.95875 0.95442 0.99678 0.81107 0.33851 0.015139 -0.1338 -0.13022 0.040014 0.24296 0.32761 0.30812 0.21328 0.071525 -0.098213 -0.27286 -0.43029 -0.55803 -0.65958 -0.74024 -0.80491 -0.85586 -0.89695 -0.93217 -0.95823 -0.97587 -0.98717 -0.99226 -0.99442 -0.9939 -0.99024 -0.9824 -0.96569 -0.9378 -0.89551 -0.84102 -0.78311 -0.71828
-0.16907 0.48281 0.71644 0.58046 -0.25317 -0.36699 -0.65151 0.37275 0.88011 0.98189 0.99527 0.99999 0.99852 0.96526 0.65044 0.11918 -0.19717 -0.33012 -0.31705 -0.14222 0.071243 0.16684 0.15324 0.061533 -0.075758 -0.23804 -0.40156 -0.54541 -0.65903 -0.74691 -0.81476 -0.86756 -0.90776 -0.9388 -0.96391 -0.98071 -0.99031 -0.99433 -0.994 -0.99117 -0.98649 -0.97806 -0.96512 -0.94178 -0.90673 -0.85701 -0.79565 -0.7324 -0.66305
0.016693 0.010347 0.73715 -0.060388 -0.76542 -0.77949 -0.92668 -0.026617 0.63791 0.85733 0.91429 0.95533 0.96843 0.87245 0.45605 -0.10211 -0.39682 -0.50965 -0.489 -0.31646 -0.099462 0.0044498 -0.0026568 -0.088867 -0.21873 -0.37058 -0.52049 -0.64903 -0.74758 -0.8214 -0.87641 -0.91752 -0.94734 -0.96879 -0.98429 -0.99241 -0.99455 -0.9919 -0.98672 -0.97945 -0.97112 -0.95845 -0.94095 -0.91158 -0.87003 -0.8136 -0.74612 -0.6782 -0.60501
0.20598 -0.55814 0.14758 -0.67078 -0.98045 -0.97073 -0.99728 -0.41294 0.31234 0.63709 0.74682 0.83314 0.87034 0.72746 0.2404 -0.3145 -0.57582 -0.66627 -0.64082 -0.47755 -0.26421 -0.15512 -0.15567 -0.23456 -0.3546 -0.49364 -0.62802 -0.74003 -0.82296 -0.88262 -0.925 -0.95484 -0.97477 -0.98721 -0.99371 -0.99379 -0.98911 -0.98042 -0.97097 -0.95982 -0.94835 -0.93197 -0.91045 -0.87566 -0.82827 -0.76586 -0.69298 -0.62107 -0.54466
-0.031627 -0.38934 -0.57558 -0.93138 -0.83255 -0.90001 -0.85932 -0.72358 -0.048723 0.35067 0.51312 0.6473 0.71464 0.54179 0.01602 -0.50852 -0.72779 -0.79535 -0.76843 -0.62122 -0.41868 -0.30789 -0.30231 -0.37261 -0.481 -0.60541 -0.72286 -0.81758 -0.8847 -0.9304 -0.9606 -0.97971 -0.99039 -0.99447 -0.99267 -0.9854 -0.97458 -0.96049 -0.94736 -0.93288 -0.91878 -0.8992 -0.87418 -0.83459 -0.78202 -0.71433 -0.63677 -0.5615 -0.48248
-0.26557 0.35043 -0.87165 -0.72193 -0.39091 -0.59809 -0.5514 -0.91365 -0.39702 0.032125 0.23771 0.41547 0.51474 0.32835 -0.20521 -0.67639 -0.84807 -0.89367 -0.86894 -0.74412 -0.55921 -0.45042 -0.43955 -0.5005 -0.59595 -0.70444 -0.80409 -0.88117 -0.93263 -0.96482 -0.98342 -0.9925 -0.99464 -0.99111 -0.98174 -0.96784 -0.95158 -0.93274 -0.91652 -0.89924 -0.88301 -0.86073 -0.83272 -0.78892 -0.73181 -0.65955 -0.578 -0.49998 -0.41893
0.069528 0.70049 -0.52493 -0.16079 0.1795 -0.15124 -0.14207 -0.96092 -0.69009 -0.28411 -0.053361 0.15722 0.28573 0.10051 -0.41259 -0.8122 -0.93365 -0.95943 -0.94063 -0.84384 -0.68287 -0.57983 -0.56487 -0.61615 -0.69789 -0.78969 -0.87111 -0.93058 -0.96679 -0.9861 -0.99386 -0.9937 -0.9881 -0.97771 -0.96156 -0.94178 -0.92076 -0.89785 -0.87908 -0.85953 -0.84162 -0.81714 -0.78664 -0.73921 -0.67819 -0.60202 -0.51714 -0.43697 -0.35442
0.31066 0.17504 0.20501 0.47525 0.68394 0.32616 0.28686 -0.86637 -0.89586 -0.56681 -0.33495 -0.10765 0.043267 -0.12872 -0.59705 -0.91193 -0.98315 -0.99214 -0.98281 -0.91882 -0.78742 -0.69381 -0.67622 -0.71794 -0.78563 -0.86042 -0.92359 -0.96582 -0.98744 -0.99468 -0.99246 -0.98391 -0.97138 -0.95495 -0.93281 -0.90791 -0.88282 -0.85647 -0.83569 -0.81437 -0.79523 -0.769 -0.73649 -0.68599 -0.62167 -0.54223 -0.45467 -0.37288 -0.28935
-0.097335 -0.61523 0.80352 0.89415 0.96428 0.72182 0.65692 -0.65127 -0.99519 -0.79068 -0.58486 -0.36057 -0.19755 -0.34737 -0.75135 -0.97343 -0.99666 -0.99245 -0.99581 -0.96837 -0.8713 -0.79061 -0.77203 -0.80465 -0.85839 -0.91624 -0.96151 -0.98713 -0.99501 -0.9911 -0.97983 -0.96381 -0.94522 -0.92355 -0.89621 -0.86694 -0.83846 -0.80928 -0.787 -0.76439 -0.74443 -0.71689 -0.68281 -0.62977 -0.56273 -0.48065 -0.39101 -0.30812 -0.22409
-0.33254 -0.72573 0.87081 0.91984 0.94437 0.95091 0.90661 -0.35173 -0.98258 -0.93808 -0.78527 -0.58537 -0.423 -0.54506 -0.87026 -0.99627 -0.97559 -0.96203 -0.98075 -0.99251 -0.93362 -0.86904 -0.8512 -0.87547 -0.91569 -0.95705 -0.98505 -0.99495 -0.99007 -0.97605 -0.95672 -0.93416 -0.91036 -0.88426 -0.85252 -0.81959 -0.78836 -0.75696 -0.73366 -0.71018 -0.68978 -0.66134 -0.62611 -0.57105 -0.50183 -0.4177 -0.32655 -0.24304 -0.15895
0.08157 -0.0024082 0.37483 0.55603 0.64405 0.97166 1 -0.011997 -0.86516 -0.9998 -0.92367 -0.76907 -0.62137 -0.71328 -0.95052 -0.98158 -0.92242 -0.90339 -0.9395 -0.99197 -0.97406 -0.92841 -0.91308 -0.92996 -0.95739 -0.98299 -0.99463 -0.98986 -0.97335 -0.95029 -0.92392 -0.89575 -0.86759 -0.83784 -0.80246 -0.76659 -0.73323 -0.70017 -0.67628 -0.65235 -0.63185 -0.60289 -0.56689 -0.5103 -0.43943 -0.35379 -0.26168 -0.178 -0.094261
0.33283 0.76508 -0.35965 -0.033339 0.16272 0.78952 0.92979 0.32231 -0.6605 -0.97489 -0.99316 -0.90241 -0.78344 -0.8457 -0.99081 -0.93179 -0.84051 -0.81969 -0.87449 -0.968 -0.99285 -0.96849 -0.95739 -0.96803 -0.98362 -0.99443 -0.99082 -0.97259 -0.94563 -0.91465 -0.88227 -0.84941 -0.81772 -0.78508 -0.74681 -0.70866 -0.67375 -0.63954 -0.61547 -0.59145 -0.57118 -0.54203 -0.50564 -0.44796 -0.37593 -0.28931 -0.19674 -0.1133 -0.030283
-0.0070891 0.74583 -0.88075 -0.60609 -0.35733 0.45076 0.7152 0.61018 -0.39354 -0.86979 -0.99236 -0.97995 -0.90267 -0.93815 -0.99154 -0.85045 -0.7339 -0.71456 -0.78857 -0.92235 -0.99068 -0.98947 -0.98424 -0.98987 -0.99477 -0.99195 -0.97435 -0.94396 -0.9078 -0.87003 -0.83264 -0.79601 -0.76158 -0.72676 -0.68629 -0.64649 -0.61057 -0.5757 -0.55182 -0.52804 -0.50827 -0.47925 -0.44279 -0.38444 -0.31172 -0.22461 -0.13203 -0.049226 0.032731
-0.30133 -0.049971 -0.88849 -0.94345 -0.77447 0.028839 0.39601 0.81972 -0.093304 -0.69696 -0.92483 -1 -0.97525 -0.98859 -0.95466 -0.74189 -0.60707 -0.59196 -0.68494 -0.85714 -0.96866 -0.99193 -0.99402 -0.99595 -0.99143 -0.97628 -0.94607 -0.90489 -0.8608 -0.81736 -0.77593 -0.73638 -0.69996 -0.66364 -0.62163 -0.58076 -0.54434 -0.50925 -0.48587 -0.46264 -0.44362 -0.41501 -0.37877 -0.32015 -0.24715 -0.16 -0.06786 0.013971 0.094555
-0.11838 -0.82309 -0.39338 -0.92974 -0.98502 -0.39272 0.024246 0.93089 0.21044 -0.47321 -0.7983 -0.96431 -1 -0.99699 -0.8834 -0.61104 -0.46476 -0.45598 -0.56694 -0.77475 -0.92821 -0.97673 -0.98743 -0.98696 -0.97436 -0.94828 -0.90691 -0.85636 -0.80558 -0.75755 -0.71304 -0.67139 -0.63367 -0.59648 -0.55353 -0.51214 -0.47566 -0.44076 -0.41818 -0.39575 -0.37767 -0.34972 -0.31398 -0.25544 -0.18256 -0.095791 -0.0044826 0.076058 0.15499
0.20981 -0.81941 0.31732 -0.58388 -0.94557 -0.73697 -0.34473 0.93645 0.49004 -0.21785 -0.62368 -0.87755 -0.97812 -0.96508 -0.78202 -0.46317 -0.31177 -0.31078 -0.43801 -0.67777 -0.87101 -0.94502 -0.96538 -0.96377 -0.94448 -0.90893 -0.85789 -0.79937 -0.74313 -0.69157 -0.64486 -0.60187 -0.56349 -0.526 -0.48268 -0.44126 -0.40512 -0.37077 -0.34922 -0.32781 -0.31088 -0.2838 -0.24879 -0.19066 -0.11826 -0.03225 0.057863 0.13683 0.21386
0.2576 -0.047366 0.85896 -0.039139 -0.67728 -0.94667 -0.66041 0.8413 0.72219 0.049016 -0.41401 -0.74676 -0.91287 -0.89608 -0.65549 -0.30364 -0.15284 -0.1604 -0.30158 -0.56888 -0.79894 -0.89814 -0.92898 -0.92741 -0.90281 -0.85926 -0.80006 -0.73496 -0.67445 -0.62034 -0.57225 -0.52862 -0.49018 -0.4529 -0.40971 -0.3687 -0.33327 -0.29978 -0.27947 -0.25928 -0.24362 -0.21761 -0.18354 -0.12611 -0.054522 0.030376 0.11896 0.1961 0.27102
-0.028125 0.78045 0.95842 0.51364 -0.25389 -0.99216 -0.88345 0.66062 0.88957 0.30808 -0.18341 -0.58067 -0.80922 -0.79442 -0.50928 -0.13779 0.0075274 -0.008671 -0.16095 -0.4508 -0.71402 -0.83759 -0.87946 -0.87904 -0.85047 -0.80038 -0.73449 -0.66417 -0.60051 -0.54478 -0.49607 -0.45244 -0.41444 -0.37784 -0.33524 -0.29502 -0.26063 -0.22826 -0.20938 -0.19055 -0.17629 -0.15149 -0.11854 -0.062087 0.0083975 0.091865 0.17863 0.25371 0.32632
-0.33699 0.93341 0.5814 0.89461 0.22099 -0.87342 -0.98965 0.41705 0.98162 0.5421 0.053898 -0.38912 -0.67338 -0.66542 -0.34909 0.029326 0.16512 0.14081 -0.019281 -0.32622 -0.61835 -0.76502 -0.81819 -0.81989 -0.78863 -0.73342 -0.66226 -0.58802 -0.52227 -0.46577 -0.41713 -0.37406 -0.33698 -0.30145 -0.25984 -0.22076 -0.18767 -0.15667 -0.13933 -0.12199 -0.10922 -0.085772 -0.05409 0.001158 0.070269 0.15202 0.2367 0.30952 0.37965
-0.23909 0.2955 -0.073181 0.99106 0.64022 -0.61695 -0.97141 0.13764 0.99468 0.73687 0.28444 -0.18239 -0.51245 -0.51498 -0.1806 0.19297 0.31616 0.28481 0.12052 -0.19775 -0.51404 -0.68209 -0.74659 -0.75124 -0.71849 -0.65952 -0.58447 -0.50751 -0.44066 -0.38416 -0.33621 -0.2942 -0.25843 -0.22432 -0.18405 -0.14641 -0.11485 -0.085397 -0.069717 -0.053958 -0.042734 -0.020732 0.0095509 0.063385 0.13088 0.21066 0.29301 0.36341 0.43092
0.25985 -0.58629 -0.68916 0.78545 0.91678 -0.26874 -0.83689 -0.14931 0.93156 0.88185 0.49616 0.029328 -0.334 -0.34933 -0.0093465 0.3489 0.4573 0.42047 0.25578 -0.067852 -0.4032 -0.59056 -0.66615 -0.67443 -0.64128 -0.57983 -0.50216 -0.42363 -0.35656 -0.30077 -0.25404 -0.21352 -0.17941 -0.147 -0.10836 -0.072404 -0.04256 -0.014823 -0.00086929 0.013245 0.022885 0.043361 0.072143 0.12438 0.19006 0.26764 0.34746 0.41528 0.48004
0.50829 -1 -0.98896 0.35111 1 0.11477 -0.6073 -0.4171 0.80059 0.97044 0.67893 0.23641 -0.14568 -0.17472 0.1595 0.4934 0.58571 0.54531 0.38416 0.061149 -0.2879 -0.49213 -0.57835 -0.59077 -0.5582 -0.49544 -0.41637 -0.33731 -0.27083 -0.21634 -0.1713 -0.13264 -0.10046 -0.07 -0.033243 0.00083045 0.028808 0.054713 0.066899 0.079332 0.087375 0.10627 0.13347 0.18396 0.24763 0.32281 0.39992 0.46504 0.52696
0.036083 -0.64111 -0.85319 -0.17817 0.88203 0.47619 -0.31309 -0.64288 0.61442 1 0.8249 0.43016 0.045051 0.0027655 0.32125 0.62334 0.69909 0.65732 0.50361 0.18714 -0.1701 -0.38853 -0.48467 -0.50158 -0.47045 -0.40747 -0.32807 -0.24943 -0.18426 -0.1316 -0.088648 -0.052141 -0.02212 0.0062131 0.040892 0.072919 0.09892 0.1229 0.13331 0.14405 0.1505 0.16778 0.19334 0.24195 0.30346 0.37607 0.4503 0.51262 0.57162
-0.60865 0.19243 -0.35688 -0.65172 0.595 0.76556 0.01048 -0.80929 0.38865 0.97156 0.92866 0.60314 0.23122 0.17743 0.47173 0.73621 0.79563 0.75486 0.6124 0.30822 -0.051663 -0.28138 -0.38654 -0.40816 -0.37918 -0.31693 -0.23821 -0.16083 -0.097588 -0.047212 -0.0066623 0.027448 0.055146 0.081213 0.11366 0.14352 0.16747 0.18947 0.19811 0.20716 0.21205 0.2277 0.25159 0.29821 0.35742 0.4273 0.49853 0.55797 0.61399
-0.48415 0.87542 0.28056 -0.94471 0.20068 0.94656 0.32767 -0.90537 0.14041 0.88939 0.98723 0.74932 0.40653 0.34408 0.60745 0.83011 0.87407 0.83675 0.70916 0.4227 0.065684 -0.17227 -0.28537 -0.31174 -0.28551 -0.22484 -0.14766 -0.072293 -0.011509 0.036219 0.074112 0.10565 0.13091 0.15461 0.18472 0.21233 0.23418 0.25418 0.26107 0.26846 0.27183 0.28587 0.30805 0.3526 0.4094 0.47644 0.54456 0.60105 0.65404
0.36302 0.93324 0.79818 -0.98852 -0.22402 1 0.60613 -0.92677 -0.11297 0.76045 1 0.8642 0.56557 0.49816 0.72554 0.90374 0.93361 0.90217 0.79281 0.52915 0.18036 -0.062684 -0.18248 -0.2135 -0.19049 -0.13211 -0.057244 0.015469 0.073347 0.11813 0.15318 0.18202 0.20477 0.22607 0.25376 0.27906 0.2988 0.3168 0.322 0.32778 0.3297 0.34213 0.36261 0.40501 0.45931 0.52341 0.58833 0.64182 0.69176
0.82914 0.3558 1 -0.78277 -0.60251 0.92466 0.81984 -0.87547 -0.35514 0.59366 0.96848 0.94485 0.70386 0.63583 0.82384 0.95637 0.97392 0.95071 0.86257 0.62635 0.29093 0.046009 -0.07912 -0.11457 -0.095096 -0.039631 0.032273 0.10179 0.15641 0.19803 0.23011 0.25618 0.27639 0.29527 0.3205 0.3435 0.36113 0.37714 0.38072 0.38496 0.38549 0.39636 0.41515 0.45536 0.50709 0.56815 0.6298 0.68027 0.72714
0.22975 -0.4425 0.82346 -0.38861 -0.87183 0.73559 0.95107 -0.75887 -0.57167 0.39928 0.89604 0.98985 0.81793 0.75401 0.90081 0.98781 0.99509 0.98226 0.91799 0.71333 0.39613 0.15254 0.023542 -0.01599 -0.0002629 0.051806 0.1202 0.18608 0.23715 0.27546 0.3045 0.32777 0.34546 0.36194 0.38472 0.40541 0.42098 0.43505 0.43709 0.43987 0.4391 0.44845 0.46557 0.50356 0.55266 0.61064 0.66897 0.71639 0.7602
-0.72958 -0.93672 0.3495 0.092119 -0.99202 0.46061 0.99125 -0.58871 -0.75076 0.1882 0.78752 0.99918 0.90535 0.85039 0.95561 0.99834 0.99756 0.99706 0.95883 0.78934 0.49487 0.25576 0.12444 0.081287 0.093167 0.14146 0.2059 0.26779 0.31512 0.35003 0.376 0.3965 0.41171 0.42585 0.44621 0.46463 0.47819 0.49038 0.49099 0.49239 0.49041 0.49831 0.5138 0.54955 0.59599 0.65083 0.70581 0.75018 0.79093
-0.84087 -0.83531 -0.24057 0.54472 -0.95033 0.13573 0.94085 -0.37975 -0.88371 -0.028662 0.64895 0.97411 0.96469 0.92342 0.98793 0.98868 0.98213 0.99561 0.98516 0.85382 0.58622 0.35466 0.22259 0.17638 0.18442 0.22867 0.28882 0.34644 0.3899 0.42138 0.44431 0.46209 0.47491 0.4868 0.50479 0.521 0.53264 0.54301 0.54231 0.54243 0.53935 0.54586 0.55977 0.59328 0.63705 0.68872 0.74032 0.78166 0.81938
0.067145 -0.23425 -0.73821 0.869 -0.76056 -0.1999 0.80839 -0.14836 -0.96509 -0.24091 0.4871 0.917 0.99545 0.97226 0.99806 0.95989 0.94985 0.97864 0.99722 0.90646 0.6694 0.44833 0.31713 0.26849 0.2728 0.31284 0.36845 0.42163 0.46115 0.48921 0.50918 0.52434 0.53488 0.54461 0.56031 0.5744 0.5842 0.59287 0.59096 0.58992 0.58585 0.59105 0.60344 0.63471 0.6758 0.72429 0.77251 0.81084 0.84555
0.93193 0.48275 -0.98101 1 -0.45827 -0.50871 0.60892 0.088795 -0.99275 -0.43912 0.30918 0.83111 0.99803 0.99678 0.98673 0.91338 0.90202 0.94709 0.99547 0.94708 0.74381 0.536 0.40729 0.35691 0.3577 0.39344 0.44435 0.49298 0.52856 0.55327 0.57038 0.58304 0.59144 0.59915 0.61265 0.62473 0.6328 0.63986 0.63688 0.63479 0.62984 0.63383 0.64476 0.67383 0.71223 0.75754 0.8024 0.83774 0.8695
0.75823 0.89895 -0.90162 0.91843 -0.093227 -0.75871 0.36205 0.31589 -0.9676 -0.61517 0.12251 0.72043 0.97357 0.99744 0.95512 0.85077 0.84011 0.90208 0.98054 0.97572 0.80899 0.61703 0.4924 0.44103 0.43856 0.47001 0.51615 0.56019 0.59188 0.61335 0.62774 0.63805 0.64446 0.65031 0.66173 0.6719 0.67836 0.68394 0.68002 0.677 0.67131 0.67417 0.68371 0.71061 0.74635 0.78849 0.83 0.8624 0.89125
-0.24756 0.80304 -0.53997 0.65027 0.27928 -0.92636 0.089879 0.51893 -0.89326 -0.76248 -0.065813 0.58942 0.9239 0.97526 0.90475 0.7739 0.76573 0.84483 0.95318 0.99254 0.86461 0.69089 0.57188 0.52031 0.51492 0.54216 0.58352 0.623 0.6509 0.66928 0.68112 0.68925 0.69385 0.69799 0.70748 0.71587 0.72085 0.72506 0.72034 0.71654 0.71022 0.71205 0.72029 0.74505 0.77816 0.81716 0.85535 0.88485 0.91084
-0.98575 0.28109 -0.020215 0.25711 0.60687 -0.99817 -0.18507 0.68646 -0.7756 -0.87617 -0.24912 0.44289 0.85138 0.93171 0.83742 0.68474 0.68059 0.77669 0.91429 0.99785 0.91051 0.75716 0.64526 0.59429 0.58638 0.60956 0.64622 0.68121 0.70546 0.72092 0.73041 0.73656 0.73953 0.74214 0.74983 0.75659 0.76023 0.76321 0.75784 0.75337 0.74655 0.74746 0.75447 0.77715 0.80767 0.84356 0.87848 0.90513 0.92833
-0.70755 -0.36389 0.49519 -0.17944 0.84705 -0.97113 -0.44166 0.81005 -0.62223 -0.95309 -0.42138 0.28574 0.75879 0.86866 0.75514 0.58532 0.58644 0.69906 0.86483 0.99208 0.9466 0.81554 0.71216 0.66261 0.65262 0.67195 0.70402 0.73466 0.75544 0.76819 0.77553 0.7799 0.78145 0.78272 0.78877 0.79404 0.7965 0.79838 0.7925 0.7875 0.78031 0.7804 0.78627 0.80694 0.8349 0.86773 0.89942 0.92329 0.94377
0.2561 -0.79457 0.85696 -0.57527 0.97197 -0.85199 -0.66161 0.88447 -0.44195 -0.99178 -0.57736 0.12287 0.64925 0.78826 0.66009 0.47775 0.48508 0.61337 0.80586 0.97577 0.97295 0.86581 0.77228 0.72496 0.71337 0.72911 0.75676 0.78323 0.80075 0.81101 0.81643 0.81926 0.81959 0.8197 0.82429 0.82823 0.82964 0.83057 0.82433 0.81893 0.8115 0.81088 0.81571 0.83441 0.85989 0.8897 0.91822 0.93938 0.9572
0.94037 -0.81355 0.97037 -0.85969 0.97064 -0.65569 -0.83064 0.90772 -0.24421 -0.99239 -0.71275 -0.041028 0.52606 0.69292 0.55454 0.36409 0.37826 0.52107 0.73845 0.94953 0.9897 0.90787 0.8254 0.78112 0.76842 0.78087 0.80434 0.82685 0.84134 0.84937 0.85311 0.8546 0.85394 0.8531 0.85639 0.85916 0.85969 0.85981 0.85335 0.84769 0.84014 0.83892 0.8428 0.85962 0.88266 0.90951 0.93493 0.95344 0.96869
0.73758 -0.4426 0.8163 -0.98693 0.84875 -0.40317 -0.93904 0.88082 -0.03858 -0.95649 -0.82416 -0.20152 0.39263 0.58517 0.44079 0.2464 0.26772 0.42363 0.66375 0.91404 0.99709 0.94168 0.8714 0.83092 0.81764 0.82714 0.84668 0.86548 0.8772 0.88324 0.88556 0.88596 0.88451 0.88292 0.88509 0.88685 0.88666 0.88611 0.87959 0.87379 0.86626 0.86454 0.86757 0.88257 0.90325 0.92721 0.94959 0.96554 0.97828
-0.098455 0.11431 0.44874 -0.94181 0.6263 -0.11896 -0.98201 0.80743 0.16566 -0.88691 -0.90921 -0.3546 0.25238 0.46763 0.32114 0.12663 0.15513 0.32243 0.58287 0.87005 0.99545 0.96731 0.9102 0.87427 0.86094 0.86786 0.88375 0.89911 0.90833 0.91267 0.91381 0.91335 0.91135 0.90921 0.91044 0.91136 0.91059 0.90953 0.90308 0.89728 0.88989 0.88778 0.89005 0.90332 0.9217 0.94284 0.96226 0.97572 0.98605
-0.80168 0.58871 -0.026498 -0.73944 0.33389 0.17135 -0.95947 0.69346 0.35992 -0.78747 -0.96647 -0.49671 0.10864 0.34294 0.19784 0.0066664 0.042062 0.21886 0.49696 0.81833 0.98515 0.98488 0.9418 0.91113 0.89827 0.90299 0.91557 0.92777 0.93479 0.93768 0.93791 0.93683 0.93449 0.932 0.93247 0.93272 0.93153 0.93009 0.92386 0.9182 0.91106 0.90868 0.91028 0.9219 0.93806 0.95646 0.97299 0.98405 0.99204
-0.81226 0.77682 -0.48414 -0.41981 0.0080901 0.44337 -0.87562 0.54647 0.53665 -0.66281 -0.99544 -0.6248 -0.035391 0.21371 0.073055 -0.11176 -0.069996 0.1142 0.40712 0.75971 0.96664 0.99457 0.96627 0.9415 0.92965 0.93257 0.94215 0.95151 0.95662 0.95835 0.95792 0.95646 0.954 0.95137 0.95125 0.95099 0.94954 0.94787 0.94199 0.93659 0.92982 0.92727 0.9283 0.93835 0.95238 0.96811 0.98185 0.99058 0.99632
-0.19085 0.62118 -0.81256 -0.038981 -0.31328 0.67585 -0.73831 0.37517 0.68948 -0.5181 -0.99645 -0.7364 -0.17674 0.082441 -0.051186 -0.22704 -0.17967 0.0097085 0.31443 0.695 0.9404 0.99662 0.98371 0.96546 0.95511 0.95664 0.96359 0.97042 0.97391 0.97476 0.97393 0.97232 0.96995 0.96736 0.96685 0.96625 0.96468 0.96292 0.95753 0.9525 0.94623 0.94361 0.94417 0.95274 0.9647 0.97785 0.98888 0.99537 0.99895
0.53381 0.21628 -0.93958 0.3413 -0.59549 0.85209 -0.55816 0.18885 0.81346 -0.35882 -0.97061 -0.82957 -0.31267 -0.04848 -0.17298 -0.33772 -0.28572 -0.093487 0.21994 0.62504 0.90698 0.99133 0.99428 0.98309 0.97474 0.97529 0.97996 0.98459 0.98677 0.98701 0.98603 0.98449 0.98242 0.98008 0.97934 0.97855 0.97702 0.97531 0.97053 0.966 0.96033 0.95775 0.95793 0.9651 0.97509 0.98575 0.99415 0.99849 1
0.83045 -0.25063 -0.84564 0.66364 -0.81035 0.96088 -0.34767 -0.0031277 0.90506 -0.19058 -0.91969 -0.90294 -0.44074 -0.17683 -0.2906 -0.44251 -0.38702 -0.19432 0.12462 0.55066 0.86691 0.97903 0.99819 0.99455 0.98867 0.98864 0.99139 0.99415 0.99531 0.99521 0.99432 0.99309 0.99152 0.98961 0.98881 0.98799 0.98664 0.98511 0.98106 0.97715 0.97219 0.96974 0.96964 0.9755 0.9836 0.99185 0.99772 1 0.99952
0.53254 -0.58805 -0.56306 0.88313 -0.9386 0.99681 -0.12027 -0.19177 0.96222 -0.018877 -0.84599 -0.9557 -0.55883 -0.30058 -0.40249 -0.54028 -0.48258 -0.29184 0.029432 0.47267 0.82079 0.96008 0.99568 1 0.99703 0.99682 0.99802 0.99924 0.99967 0.9995 0.99894 0.99822 0.99734 0.99603 0.99534 0.99465 0.99362 0.9924 0.9892 0.98601 0.98186 0.97964 0.97934 0.98398 0.99029 0.99622 0.99965 0.99995 0.99757
-0.11129 -0.67645 -0.16373 0.97281 -0.97103 0.96019 0.1105 -0.36885 0.98428 0.15103 -0.75227 -0.98752 -0.66515 -0.41792 -0.50727 -0.63006 -0.57154 -0.38518 -0.064769 0.39188 0.76921 0.93489 0.98701 0.99965 1 1 1 1 1 1 1 1 1 0.99946 0.99904 0.99863 0.99805 0.99726 0.99502 0.99265 0.98941 0.98751 0.98711 0.99061 0.99521 0.99892 1 0.99842 0.99423
-0.66052 -0.50536 0.26054 0.92578 -0.90851 0.8565 0.33183 -0.52721 0.97188 0.31427 -0.64162 -0.99858 -0.75824 -0.52724 -0.60377 -0.71107 -0.65319 -0.47358 -0.15717 0.30904 0.71276 0.90386 0.97247 0.99373 0.99777 0.99835 0.99751 0.99661 0.99645 0.99687 0.99764 0.99855 0.9996 1 1 1 1 0.99976 0.99859 0.99715 0.9949 0.99342 0.993 0.99546 0.99843 1 0.99883 0.99545 0.98953
-0.77516 -0.16199 0.61957 0.75435 -0.76095 0.69555 0.53226 -0.66098 0.92682 0.4665 -0.51733 -0.98944 -0.83698 -0.62717 -0.69102 -0.78268 -0.72693 -0.55636 -0.24704 0.22489 0.65204 0.86743 0.95239 0.98249 0.99056 0.99208 0.99073 0.98923 0.98918 0.99026 0.99201 0.99401 0.99628 0.99776 0.99833 0.99888 0.99958 1 1 0.99957 0.99841 0.99743 0.99707 0.99856 1 0.99953 0.9962 0.99111 0.98356
-0.40169 0.21378 0.84329 0.48655 -0.5456 0.49039 0.70217 -0.76571 0.85189 0.60396 -0.38282 -0.96109 -0.90059 -0.71659 -0.76822 -0.84441 -0.7923 -0.63299 -0.3337 0.14015 0.58765 0.82606 0.92711 0.96619 0.9786 0.98139 0.97986 0.97806 0.97837 0.98032 0.98324 0.98651 0.99014 0.99285 0.99413 0.99535 0.99687 0.99806 0.99932 1 1 0.9996 0.99938 1 0.99999 0.99757 0.99218 0.98547 0.97636
0.22146 0.48706 0.89404 0.16107 -0.2847 0.25617 0.83417 -0.83842 0.75068 0.72354 -0.24153 -0.91482 -0.94857 -0.79461 -0.83476 -0.89593 -0.84895 -0.70297 -0.41656 0.055476 0.52017 0.78018 0.89696 0.94512 0.96213 0.96649 0.9651 0.96329 0.9642 0.96723 0.97149 0.97619 0.98133 0.9854 0.98751 0.98953 0.99197 0.99403 0.99664 0.9985 0.99974 1 1 0.99983 0.99845 0.99418 0.98682 0.97857 0.96799
0.71875 0.57458 0.77082 -0.17869 -0.0030959 0.008937 0.92321 -0.8776 0.62743 0.82279 -0.09682 -0.85217 -0.98076 -0.86054 -0.89022 -0.93707 -0.89666 -0.76595 -0.49509 -0.028515 0.45018 0.73025 0.8623 0.91957 0.94139 0.94762 0.94666 0.94511 0.94685 0.95114 0.95691 0.96318 0.96996 0.97552 0.97859 0.98152 0.98498 0.98801 0.99204 0.99516 0.99771 0.9987 0.99899 0.99811 0.99546 0.98943 0.98019 0.97048 0.95852
0.79452 0.46586 0.50578 -0.49052 0.27419 -0.23544 0.96671 -0.88314 0.48677 0.89998 0.048061 -0.77493 -0.99724 -0.91393 -0.93434 -0.96778 -0.93529 -0.82164 -0.56884 -0.11124 0.37823 0.67673 0.82351 0.88985 0.91666 0.92502 0.92476 0.92372 0.92649 0.93222 0.93966 0.94763 0.95617 0.96332 0.96747 0.97141 0.97599 0.98007 0.98559 0.99005 0.99397 0.99576 0.99641 0.9949 0.99106 0.98336 0.97234 0.96126 0.94799
0.39842 0.2163 0.15511 -0.73834 0.52416 -0.4623 0.9644 -0.85622 0.33359 0.95402 0.19008 -0.68502 -0.99835 -0.95454 -0.96703 -0.98812 -0.96483 -0.86985 -0.63742 -0.19218 0.30486 0.62008 0.78094 0.85625 0.8882 0.89891 0.89962 0.89932 0.90332 0.91065 0.91989 0.92968 0.94008 0.94893 0.95426 0.95932 0.9651 0.97031 0.97739 0.98325 0.9886 0.99125 0.99234 0.99027 0.98532 0.97604 0.96333 0.95096 0.93647
-0.24707 -0.080099 -0.21372 -0.89602 0.72755 -0.6589 0.91819 -0.79911 0.17284 0.9845 0.32643 -0.5845 -0.98466 -0.98231 -0.98834 -0.99827 -0.98535 -0.91044 -0.70051 -0.27083 0.23057 0.56072 0.73496 0.81908 0.85627 0.86954 0.87146 0.87212 0.87753 0.8866 0.89775 0.90948 0.92183 0.93247 0.93908 0.94533 0.9524 0.95882 0.96752 0.97483 0.98167 0.98524 0.98682 0.98427 0.9783 0.96753 0.95321 0.93964 0.924
-0.77236 -0.32646 -0.53505 -0.94952 0.87007 -0.81512 0.83183 -0.71505 0.0093988 0.99157 0.45463 -0.47546 -0.95691 -0.99737 -0.99844 -0.99851 -0.997 -0.94338 -0.75785 -0.34677 0.15586 0.4991 0.68593 0.77867 0.82115 0.83716 0.8405 0.84232 0.84929 0.86023 0.8734 0.88715 0.90155 0.91406 0.92203 0.92957 0.93799 0.94568 0.95606 0.96487 0.97325 0.9778 0.97993 0.97697 0.97006 0.95788 0.94205 0.92735 0.91064
-0.87176 -0.45358 -0.75634 -0.89731 0.94314 -0.9237 0.71066 -0.608 -0.15211 0.97595 0.57249 -0.36003 -0.91604 -1 -0.99765 -0.98921 -1 -0.9687 -0.80925 -0.41959 0.081177 0.43562 0.63421 0.73531 0.7831 0.80201 0.80695 0.81012 0.81878 0.83171 0.847 0.86286 0.87937 0.89381 0.90323 0.91212 0.92197 0.93099 0.94309 0.95345 0.9634 0.96898 0.97172 0.96843 0.96065 0.94715 0.9299 0.91415 0.89644
-0.47828 -0.43709 -0.84577 -0.74953 0.94404 -0.98052 0.56116 -0.48244 -0.30737 0.93885 0.67815 -0.24032 -0.86308 -0.99062 -0.98637 -0.9708 -0.99465 -0.98647 -0.85456 -0.48896 0.0069602 0.37071 0.58017 0.68931 0.7424 0.76431 0.77104 0.77571 0.7862 0.80121 0.81869 0.83672 0.8554 0.87184 0.88278 0.89309 0.90441 0.91482 0.92869 0.94064 0.95221 0.95887 0.96226 0.95871 0.95014 0.9354 0.91681 0.90008 0.88144
0.19653 -0.29784 -0.79557 -0.5258 0.87558 -0.9845 0.39061 -0.34321 -0.45252 0.88186 0.77013 -0.11837 -0.79922 -0.96979 -0.96511 -0.9438 -0.9813 -0.99684 -0.8937 -0.55456 -0.066389 0.30475 0.52413 0.64097 0.6993 0.72432 0.73298 0.7393 0.75173 0.76888 0.78862 0.80888 0.82978 0.84828 0.86079 0.87258 0.88543 0.89728 0.91294 0.92652 0.93973 0.94751 0.95161 0.94786 0.93857 0.92268 0.90283 0.8852 0.8657
0.78319 -0.08923 -0.62097 -0.25235 0.74547 -0.9374 0.20673 -0.19529 -0.5842 0.80695 0.84725 0.0038567 -0.72569 -0.93816 -0.93444 -0.90875 -0.96034 -1 -0.92663 -0.61614 -0.1385 0.23811 0.46644 0.59058 0.65408 0.68227 0.69299 0.70107 0.71552 0.7349 0.75694 0.77948 0.80263 0.82322 0.83736 0.85068 0.8651 0.87843 0.89591 0.91116 0.92604 0.93497 0.93983 0.93594 0.926 0.90905 0.88802 0.86955 0.84927
0.95984 0.12301 -0.35552 0.041264 0.56532 -0.84353 0.017275 -0.043595 -0.6996 0.71633 0.9087 0.12452 -0.6438 -0.89648 -0.89501 -0.86626 -0.93223 -0.99619 -0.95337 -0.67348 -0.20902 0.17114 0.40741 0.53844 0.60697 0.63838 0.65126 0.66122 0.67776 0.69941 0.72379 0.74863 0.77407 0.79677 0.81259 0.82749 0.84352 0.85837 0.87769 0.89462 0.9112 0.92133 0.92698 0.92301 0.9125 0.89455 0.87242 0.85319 0.83218
0.62883 0.28115 -0.044149 0.32542 0.34946 -0.70929 -0.17023 0.10712 -0.79647 0.61242 0.95401 0.24191 -0.55489 -0.84558 -0.84752 -0.81697 -0.89743 -0.98569 -0.97397 -0.72641 -0.27764 0.10418 0.34736 0.48481 0.55824 0.59287 0.60801 0.61992 0.63861 0.66257 0.68932 0.71648 0.74422 0.76906 0.78659 0.80311 0.82077 0.83717 0.85835 0.87698 0.89527 0.90662 0.91311 0.90911 0.8981 0.87923 0.85609 0.83615 0.81449
-0.035878 0.34995 0.26466 0.57333 0.11375 -0.54267 -0.34879 0.25242 -0.87318 0.49778 0.98298 0.35446 -0.46032 -0.78634 -0.79271 -0.76153 -0.85644 -0.96881 -0.98851 -0.77478 -0.34408 0.037555 0.28659 0.42997 0.50811 0.54597 0.56341 0.57736 0.59824 0.62452 0.65365 0.68314 0.71319 0.74018 0.75946 0.77761 0.79694 0.81491 0.83796 0.85831 0.87833 0.89093 0.89828 0.89432 0.88286 0.86315 0.83906 0.81849 0.79623
-0.68923 0.32269 0.52641 0.76334 -0.12561 -0.35274 -0.51219 0.38833 -0.92868 0.375 0.99573 0.46077 -0.36142 -0.71968 -0.73135 -0.70063 -0.8098 -0.94589 -0.99714 -0.81848 -0.40808 -0.028452 0.22538 0.37418 0.45683 0.49788 0.51768 0.5337 0.5568 0.58541 0.61691 0.64874 0.68108 0.71024 0.73128 0.75109 0.77211 0.79166 0.81659 0.83867 0.86042 0.8743 0.88255 0.87867 0.86683 0.84634 0.82139 0.80024 0.77744
-1 0.21851 0.70662 0.8805 -0.3532 -0.14912 -0.65512 0.51137 -0.96245 0.24672 0.99263 0.55961 -0.25952 -0.64654 -0.66423 -0.63494 -0.75803 -0.91728 -1 -0.85746 -0.46941 -0.093561 0.16399 0.31768 0.40461 0.4488 0.47097 0.48911 0.51443 0.54537 0.57924 0.61338 0.64802 0.67933 0.70215 0.72364 0.74635 0.76751 0.79432 0.81813 0.84162 0.85679 0.86597 0.86222 0.85006 0.82887 0.80312 0.78145 0.75818
-0.8193 0.073264 0.78465 0.91742 -0.55528 0.058499 -0.77332 0.61864 -0.97453 0.11551 0.97429 0.64993 -0.15589 -0.56789 -0.59215 -0.56516 -0.70168 -0.88338 -0.99728 -0.89167 -0.52787 -0.15752 0.1027 0.26072 0.35168 0.39892 0.42348 0.44375 0.4713 0.50455 0.54075 0.57719 0.6141 0.64755 0.67216 0.69534 0.71975 0.74252 0.7712 0.79675 0.82199 0.83846 0.84859 0.84502 0.83259 0.81077 0.78429 0.76216 0.73846
-0.24604 -0.072241 0.75531 0.87421 -0.72054 0.26083 -0.86365 0.70784 -0.96544 -0.01617 0.94153 0.73084 -0.051771 -0.48471 -0.5159 -0.49195 -0.6413 -0.84457 -0.9892 -0.9211 -0.58329 -0.22008 0.041724 0.20351 0.29823 0.34844 0.37538 0.39778 0.42753 0.46306 0.50156 0.54027 0.57942 0.615 0.64139 0.66627 0.69237 0.71676 0.74731 0.77459 0.80157 0.81936 0.83046 0.82712 0.81448 0.79209 0.76494 0.74241 0.71834
0.43622 -0.1832 0.62805 0.75784 -0.84055 0.44935 -0.92409 0.7773 -0.93613 -0.14596 0.89534 0.80166 0.051686 -0.39794 -0.43628 -0.416 -0.57743 -0.80126 -0.97597 -0.94577 -0.63552 -0.28105 -0.018698 0.14627 0.24447 0.29753 0.32681 0.35133 0.38326 0.42102 0.46179 0.50273 0.54409 0.58176 0.60994 0.6365 0.6643 0.69031 0.72271 0.75172 0.78042 0.79954 0.81164 0.80856 0.79576 0.77286 0.74511 0.72223 0.69784
0.90666 -0.23838 0.42436 0.581 -0.91008 0.61665 -0.95377 0.82599 -0.88791 -0.2717 0.83685 0.86185 0.15339 -0.30852 -0.35405 -0.33796 -0.51063 -0.75387 -0.95786 -0.96572 -0.68444 -0.34022 -0.07836 0.089209 0.19057 0.24636 0.27794 0.30456 0.33861 0.37857 0.42155 0.46467 0.50818 0.54792 0.57787 0.60612 0.6356 0.66322 0.69746 0.72818 0.75861 0.77906 0.79216 0.78939 0.77648 0.75313 0.72484 0.70167 0.67699
0.95963 -0.23304 0.1738 0.36052 -0.92711 0.75659 -0.95282 0.85345 -0.82245 -0.39139 0.76733 0.91105 0.25233 -0.21736 -0.26998 -0.25845 -0.4414 -0.7028 -0.93512 -0.98102 -0.72994 -0.39741 -0.13707 0.032506 0.13672 0.19509 0.22891 0.25758 0.29372 0.3358 0.38093 0.42618 0.4718 0.51357 0.54527 0.57519 0.60634 0.63556 0.67161 0.70404 0.73618 0.75796 0.77209 0.76965 0.75667 0.73294 0.70417 0.68075 0.65585
0.59007 -0.17728 -0.090379 0.11569 -0.89269 0.86455 -0.92239 0.85979 -0.74164 -0.50328 0.68812 0.94905 0.34759 -0.12535 -0.18479 -0.17808 -0.37029 -0.64848 -0.90802 -0.99177 -0.77195 -0.45248 -0.19464 -0.023657 0.08308 0.14388 0.17986 0.21053 0.24869 0.29283 0.34004 0.38735 0.43503 0.47877 0.5122 0.54378 0.57659 0.60739 0.64523 0.67935 0.71317 0.73629 0.75145 0.74938 0.73639 0.71232 0.68313 0.6595 0.63442
-0.020487 -0.091164 -0.33574 -0.13351 -0.81064 0.9374 -0.86444 0.84563 -0.64759 -0.60584 0.60063 0.97579 0.43834 -0.033307 -0.099174 -0.097446 -0.29778 -0.59131 -0.87686 -0.99805 -0.81041 -0.50527 -0.25091 -0.079114 0.029808 0.09286 0.13091 0.16354 0.20364 0.24976 0.29897 0.34828 0.39794 0.44362 0.47875 0.51196 0.5464 0.57876 0.61838 0.65415 0.68965 0.7141 0.7303 0.72864 0.71567 0.69132 0.66176 0.63797 0.61275
-0.5997 0.0015978 -0.53445 -0.36799 -0.68711 0.97359 -0.78168 0.81206 -0.54254 -0.69776 0.5063 0.99135 0.52384 0.057966 -0.013797 -0.017085 -0.22435 -0.53169 -0.84191 -1 -0.84528 -0.55567 -0.30573 -0.13371 -0.02295 0.042172 0.082208 0.1167 0.15866 0.20668 0.25782 0.30904 0.36062 0.40818 0.44498 0.47979 0.51583 0.54975 0.59109 0.62851 0.66566 0.69144 0.70868 0.70744 0.69454 0.66996 0.64009 0.61618 0.59086
-0.90954 0.079724 -0.6661 -0.57099 -0.53006 0.97306 -0.67739 0.76054 -0.42882 -0.778 0.40659 0.99593 0.60345 0.14773 0.07072 0.062481 -0.15048 -0.47004 -0.80348 -0.99775 -0.87655 -0.60357 -0.35896 -0.18731 -0.075058 -0.0080578 0.033851 0.070126 0.11387 0.16368 0.21665 0.26971 0.32315 0.37252 0.41096 0.44733 0.48495 0.52039 0.56343 0.60246 0.64124 0.66833 0.68662 0.68584 0.67305 0.64828 0.61815 0.59416 0.56878
-0.84231 0.12875 -0.7194 -0.72905 -0.34871 0.93709 -0.5553 0.69288 -0.3088 -0.84574 0.30294 0.98986 0.67661 0.23531 0.15379 0.14077 -0.076596 -0.40673 -0.76187 -0.99145 -0.90421 -0.64889 -0.41048 -0.23977 -0.12639 -0.057711 -0.014049 0.02392 0.069338 0.12086 0.17557 0.23038 0.28559 0.33671 0.37674 0.41465 0.45381 0.49074 0.53545 0.57606 0.61644 0.64484 0.66417 0.66387 0.65122 0.62632 0.59597 0.57195 0.54653
-0.45104 0.1431 -0.69257 -0.83278 -0.15295 0.8682 -0.41944 0.61115 -0.18481 -0.9004 0.19677 0.97355 0.74288 0.32007 0.23489 0.21733 -0.0031176 -0.34213 -0.71736 -0.98127 -0.92827 -0.69155 -0.46017 -0.29097 -0.17682 -0.10668 -0.061388 -0.021827 0.025164 0.078283 0.13463 0.19111 0.248 0.30081 0.34238 0.3818 0.42246 0.46085 0.50718 0.54935 0.59129 0.62099 0.64137 0.64157 0.62909 0.6041 0.57358 0.54955 0.52415
0.089246 0.12577 -0.59266 -0.87716 0.047183 0.76995 -0.27397 0.51759 -0.059154 -0.94164 0.089456 0.94752 0.80189 0.40144 0.31351 0.29175 0.069565 -0.27662 -0.67025 -0.96736 -0.94877 -0.73149 -0.50795 -0.34082 -0.22626 -0.15486 -0.10807 -0.067027 -0.018574 0.036035 0.093917 0.15196 0.21046 0.26488 0.30795 0.34882 0.39095 0.43077 0.47868 0.52237 0.56585 0.59682 0.61824 0.61897 0.6067 0.58165 0.551 0.52701 0.50166
0.56361 0.086172 -0.434 -0.86157 0.24203 0.64671 -0.12312 0.41459 0.065992 -0.96933 -0.017691 0.91235 0.85335 0.4789 0.3892 0.36365 0.14109 -0.21054 -0.62084 -0.94992 -0.96574 -0.76866 -0.55372 -0.3892 -0.27459 -0.20215 -0.15402 -0.1116 -0.0618 -0.0058154 0.053493 0.11301 0.17303 0.22898 0.2735 0.31578 0.35933 0.40054 0.44999 0.49516 0.54014 0.57237 0.59483 0.5961 0.58406 0.55901 0.52828 0.50435 0.47907
0.80375 0.036928 -0.23595 -0.78943 0.42276 0.50348 0.02901 0.30459 0.18856 -0.98352 -0.12343 0.86868 0.89708 0.55201 0.46156 0.43269 0.21111 -0.14422 -0.56941 -0.92912 -0.97925 -0.80304 -0.59741 -0.43603 -0.32172 -0.24848 -0.19914 -0.15547 -0.10444 -0.047202 0.013423 0.074314 0.13575 0.19316 0.23907 0.28272 0.32764 0.3702 0.42114 0.46776 0.51421 0.54768 0.57117 0.57299 0.56122 0.53619 0.50542 0.48159 0.45641
0.74477 -0.009469 -0.020524 -0.66767 0.58166 0.34562 0.17848 0.19005 0.30666 -0.98447 -0.22661 0.81722 0.93296 0.62037 0.53023 0.49857 0.27932 -0.077977 -0.51625 -0.90515 -0.98934 -0.8346 -0.63895 -0.48124 -0.36759 -0.29375 -0.24337 -0.19857 -0.14644 -0.088063 -0.026237 0.035923 0.098687 0.15747 0.20472 0.24968 0.29593 0.33981 0.39219 0.44021 0.48809 0.52278 0.5473 0.54968 0.5382 0.51324 0.48245 0.45875 0.4337
0.43533 -0.043384 0.19015 -0.506 0.71247 0.1787 0.32166 0.073374 0.41854 -0.97261 -0.32616 0.75872 0.96094 0.68364 0.59489 0.56102 0.34543 -0.012109 -0.46163 -0.8782 -0.99611 -0.86334 -0.67831 -0.52474 -0.4121 -0.33791 -0.28663 -0.24084 -0.18773 -0.12834 -0.06543 -0.0021075 0.061887 0.12197 0.17048 0.21671 0.26424 0.30938 0.36315 0.41254 0.46182 0.49771 0.52323 0.52619 0.51502 0.49016 0.45941 0.43586 0.41097
0.0051762 -0.059677 0.37601 -0.31605 0.81052 0.0082857 0.45526 -0.043126 0.52268 -0.9485 -0.42112 0.69393 0.98106 0.74154 0.65528 0.6198 0.40919 0.053103 -0.40581 -0.84847 -0.99963 -0.88925 -0.71542 -0.56649 -0.4552 -0.38088 -0.32887 -0.28221 -0.22826 -0.16798 -0.10411 -0.039729 0.025398 0.08669 0.13641 0.18385 0.2326 0.27897 0.33408 0.38479 0.43542 0.47248 0.499 0.50255 0.49172 0.46699 0.4363 0.41293 0.38822
-0.39105 -0.058091 0.52077 -0.11049 0.87282 -0.16028 0.5764 -0.15726 0.61774 -0.91285 -0.51062 0.62366 0.99341 0.79384 0.71115 0.67472 0.47036 0.1174 -0.34906 -0.81615 -1 -0.91235 -0.75027 -0.60642 -0.49682 -0.42261 -0.37003 -0.32264 -0.26797 -0.20694 -0.14222 -0.076896 -0.010737 0.05168 0.10255 0.15113 0.20106 0.2486 0.30501 0.35699 0.40893 0.44714 0.47464 0.47879 0.46832 0.44374 0.41316 0.38999 0.36549
-0.62952 -0.042523 0.61318 0.097821 0.89806 -0.32198 0.68267 -0.26701 0.70261 -0.86647 -0.59391 0.54871 0.99815 0.84037 0.76233 0.72561 0.52874 0.18052 -0.29162 -0.78145 -0.99731 -0.93266 -0.78283 -0.6445 -0.53692 -0.46304 -0.41006 -0.36208 -0.30683 -0.24517 -0.17972 -0.11357 -0.046476 0.016977 0.068922 0.1186 0.16965 0.21832 0.27596 0.32917 0.38238 0.42171 0.45018 0.45493 0.44483 0.42045 0.38999 0.36705 0.34278
-0.65338 -0.019515 0.6476 0.29662 0.88653 -0.47228 0.77213 -0.37056 0.77638 -0.81027 -0.67033 0.46988 0.99547 0.88101 0.80866 0.77233 0.58413 0.24226 -0.23373 -0.74454 -0.99167 -0.95021 -0.81307 -0.68069 -0.57545 -0.50212 -0.44891 -0.40047 -0.34478 -0.28262 -0.21658 -0.1497 -0.081781 -0.01738 0.035574 0.086282 0.13839 0.18814 0.24696 0.30136 0.3558 0.39622 0.42564 0.431 0.42129 0.39712 0.36682 0.34413 0.32011
-0.48051 0.0035858 0.62398 0.47493 0.84001 -0.60722 0.84333 -0.46627 0.83835 -0.74522 -0.73934 0.38796 0.98564 0.91567 0.85003 0.81477 0.63639 0.3024 -0.17563 -0.70564 -0.98319 -0.96503 -0.84101 -0.71496 -0.61238 -0.53983 -0.48654 -0.4378 -0.3818 -0.31927 -0.25275 -0.18526 -0.11662 -0.051358 0.0025355 0.054216 0.10733 0.15811 0.21806 0.27359 0.32921 0.37069 0.40105 0.40702 0.39772 0.37379 0.34368 0.32125 0.29749
-0.18595 0.020377 0.54737 0.62358 0.76154 -0.72349 0.8953 -0.55278 0.88803 -0.67237 -0.80049 0.30374 0.96895 0.94433 0.88637 0.85286 0.68539 0.36074 -0.11753 -0.66493 -0.97199 -0.97717 -0.86663 -0.74729 -0.64766 -0.57611 -0.52292 -0.47401 -0.41784 -0.35508 -0.2882 -0.22022 -0.15095 -0.084925 -0.030161 0.022429 0.076492 0.12825 0.18926 0.24588 0.30263 0.34515 0.37642 0.38301 0.37413 0.35047 0.32056 0.29842 0.27495
0.13045 0.026706 0.42704 0.73557 0.65527 -0.81849 0.92756 -0.62891 0.92515 -0.59279 -0.85344 0.21798 0.94572 0.967 0.91764 0.88656 0.731 0.41713 -0.05963 -0.62259 -0.95818 -0.98668 -0.88995 -0.77767 -0.68128 -0.61095 -0.55802 -0.50908 -0.45288 -0.39002 -0.32291 -0.25453 -0.18475 -0.11805 -0.062488 -0.0090516 0.045899 0.098578 0.1606 0.21827 0.2761 0.31963 0.35179 0.35899 0.35055 0.32717 0.2975 0.27566 0.25249
0.37787 0.021343 0.27528 0.80631 0.52615 -0.89034 0.94007 -0.69376 0.9496 -0.50757 -0.89796 0.13142 0.91634 0.98372 0.94381 0.91583 0.77314 0.47139 -0.0021332 -0.57882 -0.94188 -0.99361 -0.91097 -0.80607 -0.71321 -0.64432 -0.59182 -0.54299 -0.48689 -0.42405 -0.35684 -0.28819 -0.21799 -0.1507 -0.094417 -0.040198 0.015579 0.069128 0.13211 0.19076 0.24964 0.29413 0.32717 0.33499 0.32698 0.30391 0.27451 0.25299 0.23013
0.49904 0.005971 0.10612 0.83367 0.37973 -0.93787 0.93321 -0.74666 0.96146 -0.41783 -0.9339 0.044758 0.88118 0.99457 0.96492 0.94067 0.81174 0.5234 0.054778 -0.53378 -0.92321 -0.99803 -0.92972 -0.83251 -0.74345 -0.67619 -0.62428 -0.57572 -0.51985 -0.45717 -0.38996 -0.32116 -0.25064 -0.18287 -0.12592 -0.070988 -0.014445 0.039922 0.1038 0.16339 0.22326 0.26869 0.30259 0.31101 0.30346 0.28072 0.25159 0.23041 0.20788
0.48016 -0.015419 -0.066022 0.8179 0.22188 -0.96064 0.90774 -0.78715 0.96097 -0.32465 -0.96119 -0.041333 0.84065 0.99968 0.98101 0.96112 0.84675 0.57302 0.11093 -0.48767 -0.90231 -1 -0.94622 -0.85698 -0.77198 -0.70656 -0.6554 -0.60723 -0.55174 -0.48934 -0.42227 -0.35341 -0.28269 -0.21451 -0.15699 -0.1014 -0.044149 0.010981 0.075691 0.13617 0.197 0.24333 0.27805 0.28709 0.28 0.2576 0.22877 0.20794 0.18576
0.3462 -0.037521 -0.22749 0.76145 0.058563 -0.95887 0.86478 -0.81502 0.94854 -0.22913 -0.97987 -0.12622 0.7952 0.99919 0.99216 0.9772 0.87814 0.62015 0.16617 -0.44065 -0.87929 -0.99959 -0.9605 -0.8795 -0.79879 -0.73541 -0.68517 -0.63753 -0.58254 -0.52055 -0.45373 -0.38493 -0.3141 -0.24561 -0.18758 -0.1314 -0.073513 -0.017676 0.047814 0.10913 0.17085 0.21806 0.25359 0.26323 0.25661 0.23457 0.20606 0.18558 0.16376
0.14646 -0.05488 -0.36643 0.66865 -0.1044 -0.93339 0.8057 -0.83025 0.92469 -0.13232 -0.99003 -0.20931 0.74525 0.99328 0.99845 0.98899 0.9059 0.66471 0.22033 -0.39288 -0.85428 -0.99687 -0.9726 -0.90006 -0.82388 -0.76274 -0.71356 -0.66659 -0.61224 -0.55078 -0.48433 -0.4157 -0.34487 -0.27615 -0.21769 -0.16099 -0.10252 -0.046029 0.020181 0.082286 0.14486 0.1929 0.22921 0.23945 0.23331 0.21164 0.18347 0.16336 0.14191
-0.062899 -0.062992 -0.47355 0.54538 -0.26149 -0.88556 0.73215 -0.83303 0.89005 -0.03523 -0.99185 -0.29007 0.69126 0.98213 1 0.99656 0.93003 0.70661 0.27329 -0.34452 -0.82741 -0.99193 -0.98256 -0.91869 -0.84727 -0.78854 -0.74058 -0.69442 -0.64082 -0.58002 -0.51406 -0.44571 -0.37497 -0.30612 -0.2473 -0.19014 -0.13115 -0.07406 -0.0071884 0.055651 0.11903 0.16787 0.20494 0.21577 0.21012 0.18883 0.16101 0.14129 0.12021
-0.23413 -0.059148 -0.54256 0.39865 -0.40771 -0.81726 0.64596 -0.82373 0.84538 0.061178 -0.98557 -0.36797 0.63367 0.96598 0.99695 1 0.95054 0.74578 0.32491 -0.29574 -0.79881 -0.98483 -0.99041 -0.93541 -0.86895 -0.81281 -0.76622 -0.72099 -0.66828 -0.60826 -0.5429 -0.47493 -0.40439 -0.33549 -0.27638 -0.21884 -0.15938 -0.10175 -0.034279 0.029244 0.093376 0.14298 0.18078 0.19221 0.18703 0.16615 0.1387 0.11936 0.098668
-0.33669 -0.042903 -0.57043 0.23616 -0.53866 -0.73071 0.54909 -0.80286 0.79151 0.15599 -0.97148 -0.44258 0.57296 0.94504 0.98945 0.99943 0.96747 0.78219 0.37509 -0.24666 -0.76858 -0.97566 -0.99621 -0.95025 -0.88893 -0.83556 -0.79048 -0.74632 -0.69462 -0.6355 -0.57085 -0.50337 -0.43311 -0.36426 -0.30493 -0.24706 -0.18721 -0.1291 -0.061075 0.0030799 0.067918 0.11825 0.15676 0.16877 0.16408 0.14361 0.11654 0.097599 0.077298
-0.36077 -0.016059 -0.55731 0.065901 -0.6507 -0.6285 0.44362 -0.7711 0.72932 0.24836 -0.94993 -0.51347 0.50956 0.91958 0.97767 0.99496 0.98087 0.8158 0.4237 -0.19745 -0.73687 -0.9645 -1 -0.96322 -0.90724 -0.85679 -0.81336 -0.77039 -0.71982 -0.66171 -0.59789 -0.531 -0.46112 -0.39241 -0.33294 -0.2748 -0.21462 -0.15607 -0.087563 -0.022827 0.04267 0.093699 0.13288 0.14547 0.14127 0.12122 0.094536 0.076005 0.056105
