0.015562 0.030057 0.017181 -0.064372 -0.11025 0.14068 -0.039841 0.024635 0.16842 0.13855 -0.47481 -0.48929 0.802 -0.42814 -0.41385 0.73579 -0.76956 0.57174 -0.039022 -0.55688 0.8638 -0.44583 -0.53811 0.78772 0.27613 -0.84317 -0.29618 0.82104 0.41282 -0.72009 -0.72115 0.21217 0.87332 0.70579 0.0062499 -0.6512 -0.92112 -0.746 -0.27653 0.26075 0.69455 0.9107 0.89256 0.68643 0.37405 0.0018132 -0.39328 -0.70946 -0.89103
-0.012331 0.011373 0.034066 -0.075103 0.04422 -0.14551 -0.174 0.015188 0.22318 0.47897 0.1004 0.57595 -0.3069 -0.38754 0.82922 -0.8729 0.8801 -0.69339 0.044634 0.66249 -0.84769 0.12072 0.82455 -0.43037 -0.77338 0.4027 0.85153 -0.18996 -0.90748 -0.15751 0.7914 0.77 -0.011673 -0.73333 -0.91258 -0.55598 0.048615 0.5897 0.89871 0.90945 0.6692 0.28206 -0.14619 -0.51679 -0.7766 -0.92209 -0.93103 -0.79132 -0.56495
-0.020381 0.029051 -0.028591 0.028502 -0.031686 -0.042429 -0.073401 -0.0042594 0.27171 0.65185 0.69718 0.45173 -0.5048 0.79498 -0.85034 0.84331 -0.89556 0.64647 0.17237 -0.84131 0.62245 0.41734 -0.8463 -0.28243 0.84008 0.45914 -0.67579 -0.73084 0.36528 0.90968 0.26111 -0.63893 -0.91597 -0.50063 0.19919 0.74412 0.93908 0.77859 0.38042 -0.093565 -0.52486 -0.8174 -0.94171 -0.90603 -0.75292 -0.50629 -0.17036 0.18359 0.47921
-0.0029678 -0.0089026 -0.043823 0.071753 0.0027518 0.19993 -0.028105 0.058025 0.15796 -0.10865 -0.18799 -0.87367 0.85559 -0.86467 0.79855 -0.84683 0.89139 -0.42884 -0.54319 0.876 -0.068316 -0.86518 0.29522 0.87321 -0.10935 -0.9059 -0.33922 0.73046 0.73914 -0.26386 -0.91 -0.63 0.14677 0.76748 0.92466 0.64593 0.13901 -0.37167 -0.75728 -0.93402 -0.90469 -0.70972 -0.40888 -0.074678 0.23725 0.52274 0.76886 0.91561 0.95768
0.0098173 0.039931 0.00065019 -0.10471 0.11443 0.16845 -0.042701 0.23528 -0.25349 -0.71477 -0.53033 0.67418 -0.88357 0.84802 -0.81285 0.89807 -0.78676 -0.012536 0.87345 -0.49704 -0.64247 0.70589 0.5998 -0.58292 -0.81239 0.16069 0.90575 0.43234 -0.61749 -0.87311 -0.1676 0.64897 0.93097 0.63165 0.036572 -0.52333 -0.87022 -0.93955 -0.77566 -0.46085 -0.073792 0.29848 0.60777 0.81842 0.92766 0.95015 0.87308 0.70164 0.49197
0.017763 0.0050768 0.022349 0.063308 -0.020743 0.092157 -0.046184 0.30633 -0.31856 0.56632 0.78383 -0.34893 0.84785 -0.86588 0.88602 -0.88874 0.4368 0.59133 -0.79978 -0.30056 0.88727 0.19604 -0.86063 -0.49707 0.59553 0.86826 0.057353 -0.83236 -0.69457 0.25109 0.89219 0.76131 0.12488 -0.52502 -0.89456 -0.90283 -0.63914 -0.23723 0.19806 0.56267 0.81866 0.93995 0.93688 0.83571 0.67356 0.45644 0.17346 -0.12235 -0.37232
0.0045871 -0.022642 -0.062388 0.061825 -0.17757 0.071075 0.041268 -0.12649 0.4062 0.011435 -0.7221 0.15102 -0.86541 0.90483 -0.90064 0.63479 0.19992 -0.93044 0.095401 0.90485 -0.16845 -0.91134 -0.083225 0.84745 0.63184 -0.34908 -0.92329 -0.4524 0.53189 0.92557 0.44357 -0.34121 -0.85781 -0.90546 -0.58234 -0.097348 0.37947 0.72636 0.91837 0.94497 0.83401 0.62745 0.36414 0.090952 -0.15978 -0.4011 -0.63768 -0.81681 -0.92121
0.018054 -0.031325 0.0013922 -0.082364 -0.22181 0.078898 0.14313 -0.40394 -0.02806 -0.46281 0.61099 -0.13525 0.924 -0.84878 0.66639 -0.026571 -0.82444 0.54922 0.77548 -0.49053 -0.81851 0.29637 0.9216 0.29525 -0.6801 -0.87606 -0.16309 0.73131 0.85643 0.12435 -0.66389 -0.9387 -0.66355 -0.11801 0.43028 0.79829 0.94906 0.89546 0.69268 0.40749 0.083671 -0.2244 -0.49295 -0.69775 -0.8357 -0.92498 -0.95899 -0.92017 -0.83691
0.019203 0.018723 0.015888 -0.12081 -0.22553 0.065343 -0.050057 0.39301 -0.34529 0.68954 -0.58337 0.29492 -0.91161 0.53227 -0.065929 -0.70223 0.82133 0.44072 -0.75361 -0.63148 0.56702 0.84103 -0.076022 -0.86828 -0.69035 0.17765 0.86884 0.73606 -0.11146 -0.83948 -0.85816 -0.33054 0.32426 0.78257 0.94643 0.84253 0.56783 0.22047 -0.14369 -0.45785 -0.70647 -0.86797 -0.94747 -0.95449 -0.90925 -0.81646 -0.65864 -0.45826 -0.26565
-0.028595 0.056182 -0.013996 -0.11022 -0.21546 0.040082 -0.22845 -0.0032268 0.5427 -0.77176 0.6653 -0.58797 0.65549 0.10332 -0.67678 0.9059 0.061413 -0.93581 -0.35639 0.77455 0.68938 -0.39398 -0.92989 -0.4256 0.49514 0.93376 0.56368 -0.31398 -0.91047 -0.71396 -0.016303 0.63718 0.93481 0.85693 0.52876 0.10902 -0.298 -0.61438 -0.83449 -0.94189 -0.95216 -0.88229 -0.75274 -0.59175 -0.4235 -0.23326 3.0731e-05 0.23165 0.41858
0.016618 0.023103 0.054765 -0.09501 -0.13728 0.062926 0.25657 -0.36028 -0.61751 0.76714 -0.81 0.88553 -0.05651 -0.777 0.91895 -0.14855 -0.91739 0.075807 0.9128 0.47718 -0.61559 -0.87565 -0.11524 0.72606 0.89414 0.31271 -0.50966 -0.93783 -0.58675 0.2245 0.82008 0.92683 0.62421 0.14497 -0.33378 -0.68866 -0.89858 -0.95894 -0.9043 -0.76651 -0.56953 -0.348 -0.11857 0.092716 0.27273 0.44689 0.62978 0.77889 0.87739
0.022495 0.0075197 -0.062035 -0.11496 0.033796 -0.01549 -0.033652 0.56346 0.65144 -0.66229 0.8924 -0.93709 -0.67645 0.87377 -0.19782 -0.84296 0.44725 0.9335 0.19464 -0.79313 -0.76487 0.17366 0.88006 0.76532 0.024049 -0.70984 -0.92922 -0.45725 0.36953 0.9058 0.83581 0.35779 -0.21755 -0.66183 -0.90576 -0.94758 -0.84423 -0.64771 -0.39381 -0.13102 0.12904 0.35789 0.55218 0.70085 0.80571 0.88789 0.94825 0.96479 0.95054
-0.0088059 -0.017346 -0.087501 -0.1794 0.12438 -0.1627 -0.22305 -0.65228 -0.67819 0.39533 -0.72403 0.49192 0.95413 -0.068484 -0.81604 0.62614 0.78312 -0.23301 -0.91964 -0.59629 0.39569 0.93808 0.56631 -0.24501 -0.85989 -0.862 -0.29942 0.49029 0.93459 0.72639 0.12005 -0.48801 -0.86071 -0.95078 -0.82186 -0.56598 -0.25761 0.04162 0.3225 0.55062 0.73159 0.85568 0.9308 0.96231 0.96228 0.93604 0.86961 0.7679 0.66558
-0.019487 0.0019829 0.0081658 -0.2247 -0.014074 0.17523 0.39719 0.69413 0.67275 0.070772 0.17915 0.36527 -0.30857 -0.86991 0.6795 0.63873 -0.58313 -0.94199 -0.34863 0.60575 0.92855 0.33974 -0.49941 -0.93061 -0.72778 -0.077898 0.61669 0.94575 0.64995 -0.056274 -0.66708 -0.94125 -0.87477 -0.59502 -0.22133 0.14096 0.45337 0.68134 0.84352 0.93319 0.96506 0.94787 0.89299 0.81619 0.73219 0.62763 0.47827 0.31147 0.16973
-0.0089501 -0.010099 0.05005 -0.11185 -0.028517 -0.011678 -0.49172 -0.71311 -0.56071 -0.62879 0.56571 -0.97093 -0.74077 0.61113 0.57575 -0.74916 -0.79292 0.069794 0.80276 0.86303 0.13595 -0.69404 -0.93637 -0.54945 0.16652 0.76172 0.94084 0.57443 -0.15033 -0.77074 -0.95079 -0.74391 -0.33084 0.10658 0.48325 0.74452 0.90316 0.96187 0.9499 0.88484 0.77889 0.6514 0.50999 0.37283 0.25108 0.11804 -0.052994 -0.22323 -0.35583
0.029154 -0.0088296 0.029379 0.1479 0.066436 -0.18556 0.54559 0.67925 0.25842 0.95008 -0.93439 0.55927 0.82534 0.63316 -0.80967 -0.63728 0.4509 0.95871 0.7131 -0.096711 -0.81895 -0.87699 -0.32658 0.38704 0.87775 0.8982 0.47111 -0.23375 -0.81468 -0.93077 -0.60843 -0.09875 0.3845 0.72404 0.91115 0.95933 0.91411 0.80452 0.65064 0.48199 0.30087 0.12788 -0.036234 -0.17732 -0.29062 -0.40639 -0.54586 -0.67141 -0.76133
0.035903 0.057307 -0.0081312 0.14802 -0.13794 0.33208 -0.58037 -0.52068 0.2304 -0.64689 0.40516 0.58221 0.35741 -0.7824 -0.54886 0.6557 0.9291 0.36866 -0.37462 -0.91552 -0.78604 -0.09869 0.59799 0.93621 0.8044 0.30136 -0.34148 -0.85017 -0.91466 -0.50302 0.080311 0.57821 0.87213 0.95943 0.89479 0.73835 0.53768 0.32948 0.1139 -0.080792 -0.26268 -0.41685 -0.54846 -0.65064 -0.72488 -0.79507 -0.87132 -0.92739 -0.96079
-0.043174 0.031421 -0.022068 -0.17976 0.16004 -0.423 0.58153 0.16968 -0.69719 -0.24968 0.63305 -0.92385 -0.95436 -0.57215 0.74883 0.82476 -0.033684 -0.73156 -0.96254 -0.64068 0.09652 0.75913 0.94683 0.66959 0.093895 -0.50045 -0.89236 -0.89656 -0.45655 0.1966 0.70178 0.93866 0.92578 0.75312 0.49665 0.22656 -0.031137 -0.24758 -0.44135 -0.59436 -0.72042 -0.81344 -0.88118 -0.92446 -0.94904 -0.96552 -0.97068 -0.95541 -0.93557
0.030967 -0.064279 0.031031 0.0041236 -0.10259 0.48119 -0.49804 0.34177 0.75204 0.95178 -0.87368 -0.21009 -0.21659 0.74829 0.73867 -0.30261 -0.93577 -0.86824 -0.4049 0.31922 0.86232 0.90179 0.48731 -0.11281 -0.66348 -0.93884 -0.86224 -0.41203 0.23873 0.76985 0.95816 0.85359 0.57474 0.24469 -0.079955 -0.34946 -0.56719 -0.71974 -0.83484 -0.90796 -0.95217 -0.97008 -0.96847 -0.95424 -0.93502 -0.90561 -0.85048 -0.77862 -0.71974
-0.022121 -0.039232 0.13947 0.18381 0.0032006 -0.51842 0.26478 -0.78319 -0.16637 -0.54208 -0.19107 0.99038 0.95865 0.72626 -0.45855 -0.97832 -0.59905 0.028729 0.57886 0.94049 0.82509 0.28598 -0.33582 -0.79134 -0.95662 -0.78244 -0.33528 0.27882 0.78959 0.95755 0.77741 0.41225 0.0081405 -0.33687 -0.60659 -0.78593 -0.90129 -0.95479 -0.97136 -0.95882 -0.92423 -0.87674 -0.81963 -0.7635 -0.71573 -0.65701 -0.56298 -0.45768 -0.37829
0.041297 0.010103 0.14356 -0.28595 0.091807 0.51856 0.13507 0.77631 -0.64822 -0.62744 0.96682 0.11297 0.35213 -0.49988 -0.96223 -0.33821 0.45348 0.87526 0.96373 0.69067 0.1002 -0.53236 -0.8969 -0.92993 -0.6577 -0.18732 0.35179 0.8087 0.95588 0.72235 0.28513 -0.1721 -0.54088 -0.78134 -0.91639 -0.96372 -0.95896 -0.91526 -0.84549 -0.76587 -0.67502 -0.58564 -0.49667 -0.41989 -0.36114 -0.29162 -0.18282 -0.068314 0.013984
-0.060893 0.02547 -0.062826 0.27573 -0.15315 -0.43601 -0.57945 -0.13593 0.76063 0.87445 -0.0096308 -0.98691 -0.85771 -0.94781 -0.13882 0.70745 0.98045 0.821 0.45604 -0.13089 -0.68184 -0.95149 -0.85699 -0.50356 -0.00016682 0.48615 0.84551 0.95393 0.71033 0.20724 -0.29676 -0.67486 -0.88986 -0.96355 -0.94164 -0.86262 -0.75732 -0.64396 -0.51935 -0.40333 -0.28663 -0.18255 -0.086357 -0.0088924 0.046108 0.11092 0.21332 0.31677 0.38852
0.037183 0.036323 -0.15219 -0.18186 0.16208 0.21537 0.77772 -0.69935 0.13899 0.33726 -0.9772 -0.28638 -0.68583 -0.042797 0.84756 0.92736 0.48956 0.0052058 -0.42399 -0.8295 -0.96004 -0.74001 -0.30447 0.18897 0.63667 0.90522 0.94575 0.6966 0.19581 -0.36602 -0.7561 -0.94094 -0.95409 -0.86057 -0.7083 -0.54153 -0.37674 -0.23214 -0.08985 0.03105 0.14499 0.24042 0.3242 0.3879 0.42987 0.47993 0.56096 0.63961 0.69275
0.049028 0.06739 0.057086 0.057711 -0.099179 0.15464 -0.44549 0.81571 -0.87826 -0.95332 -0.058604 0.89395 0.5016 0.90555 0.81994 0.16587 -0.45436 -0.79463 -0.95021 -0.91863 -0.60448 -0.091356 0.39953 0.76345 0.95161 0.91188 0.65424 0.18056 -0.37164 -0.79625 -0.95995 -0.91696 -0.74753 -0.53244 -0.30515 -0.10297 0.075177 0.21444 0.34214 0.44323 0.53355 0.60487 0.66433 0.70677 0.73231 0.76346 0.81524 0.86244 0.89409
-0.04967 0.094399 0.057917 0.051233 -0.054755 -0.56412 -0.31798 0.097931 0.21319 -0.28212 0.96677 0.65292 0.98016 0.73075 -0.10036 -0.74048 -0.97656 -0.94314 -0.77736 -0.40131 0.10472 0.58858 0.8784 0.96017 0.84063 0.5478 0.12455 -0.3822 -0.79694 -0.96452 -0.87655 -0.64179 -0.35444 -0.085524 0.15433 0.34247 0.4951 0.60235 0.69391 0.76077 0.81651 0.85705 0.88814 0.90825 0.91877 0.93178 0.95284 0.96808 0.97948
-0.07165 0.062824 -0.014143 -0.11694 0.29869 0.75577 0.84209 -0.91907 0.85131 0.93585 0.36176 -0.543 0.19445 -0.27077 -0.89986 -0.95618 -0.69152 -0.39471 -0.090749 0.34543 0.73501 0.9473 0.92878 0.73259 0.39379 -0.010121 -0.43141 -0.80157 -0.96446 -0.85062 -0.55988 -0.21333 0.10978 0.36508 0.56463 0.70274 0.80489 0.86636 0.91246 0.94095 0.96038 0.97097 0.97597 0.97732 0.97728 0.97622 0.96994 0.95724 0.95227
-0.045468 -0.0018189 -0.044512 0.12125 -0.57482 -0.46791 -0.43832 0.34333 -0.32539 0.4598 -0.80781 -0.97761 -0.80857 -0.96673 -0.83704 -0.36435 0.10773 0.40776 0.63285 0.8763 0.96807 0.84702 0.57271 0.21692 -0.18598 -0.54666 -0.82987 -0.9652 -0.85394 -0.51516 -0.11453 0.2505 0.53378 0.72387 0.84912 0.91888 0.96086 0.9749 0.97685 0.97092 0.95917 0.94576 0.93094 0.91968 0.91475 0.9052 0.87793 0.84403 0.82784
0.0088462 0.041963 -0.0010442 -0.047257 0.7415 -0.24398 -0.56451 0.83028 -0.86893 -0.7909 -0.78202 -0.15813 -0.89351 -0.69877 -0.045384 0.49677 0.81057 0.93053 0.97334 0.93425 0.73181 0.37828 -0.0038527 -0.36373 -0.6832 -0.89043 -0.96708 -0.85374 -0.52372 -0.0645 0.3423 0.64436 0.83421 0.93055 0.96865 0.96847 0.9536 0.92753 0.894 0.8626 0.82875 0.79979 0.77309 0.75598 0.75151 0.73911 0.69843 0.65109 0.62894
0.032003 0.12634 0.12941 -0.11914 -0.61124 0.81063 0.81962 -0.52447 0.22265 -0.77921 0.31508 0.83362 -0.051821 0.2023 0.76424 0.9759 0.96712 0.89241 0.78599 0.5375 0.17799 -0.23037 -0.56142 -0.80052 -0.94573 -0.95799 -0.83151 -0.52467 -0.077294 0.38602 0.71091 0.89556 0.96645 0.96369 0.92012 0.86103 0.80148 0.74771 0.6911 0.64509 0.59941 0.56362 0.53276 0.51572 0.51568 0.50506 0.45837 0.40513 0.38155
0.032195 -0.064447 -0.27208 0.3723 0.10082 -0.55395 0.19495 -0.80206 0.92997 0.38668 0.99382 0.87878 0.8211 0.91045 0.97616 0.78411 0.53376 0.36791 0.21487 -0.090063 -0.43291 -0.73375 -0.90663 -0.96649 -0.9184 -0.75837 -0.48598 -0.079929 0.37214 0.74046 0.92655 0.97143 0.92435 0.83567 0.72867 0.62906 0.54136 0.47374 0.40697 0.35667 0.30854 0.2733 0.24447 0.2317 0.23818 0.23236 0.18595 0.1332 0.11155
0.026627 -0.19043 0.38995 -0.65712 0.56944 -0.3999 -0.92221 0.5008 0.093888 1 0.47132 0.010651 0.93366 0.87812 0.49459 0.10428 -0.18892 -0.32903 -0.43903 -0.66173 -0.85994 -0.96407 -0.94788 -0.83841 -0.63756 -0.36989 -0.0349 0.36861 0.7294 0.93834 0.96457 0.87647 0.73258 0.58292 0.43721 0.31784 0.21892 0.14992 0.084176 0.037736 -0.0056825 -0.035236 -0.057993 -0.064376 -0.05123 -0.051005 -0.092466 -0.13994 -0.15765
-0.0065622 0.14475 -0.48151 0.84608 -0.869 0.88158 0.0046225 0.88305 -0.89085 0.30295 -0.5712 -0.848 0.25715 0.1946 -0.30019 -0.61874 -0.79247 -0.85044 -0.88579 -0.95833 -0.96738 -0.87178 -0.7021 -0.48079 -0.20092 0.095169 0.40993 0.7264 0.93344 0.95874 0.83609 0.64323 0.43566 0.2547 0.095903 -0.024059 -0.1196 -0.18057 -0.2372 -0.27456 -0.30886 -0.3301 -0.34504 -0.3449 -0.32663 -0.32074 -0.35439 -0.39353 -0.40658
-0.075822 0.063618 0.56133 -0.76445 0.38238 -0.091937 0.94661 -0.27748 -0.56807 -0.75172 -0.99474 -0.91573 -0.60535 -0.60724 -0.89007 -0.98357 -0.99035 -0.98097 -0.965 -0.89707 -0.74953 -0.51595 -0.2663 -0.0091458 0.27076 0.52478 0.75591 0.93227 0.96185 0.81555 0.5782 0.32078 0.08653 -0.097045 -0.24653 -0.35201 -0.43355 -0.48081 -0.52373 -0.54979 -0.57331 -0.5859 -0.59331 -0.58813 -0.5675 -0.55762 -0.58229 -0.6117 -0.62042
-0.13804 -0.1103 -0.63901 0.3036 0.56194 -0.88248 0.0060861 -0.98123 0.53684 -0.92604 -0.43023 -0.20228 -1 -0.99501 -0.95312 -0.83506 -0.72842 -0.70242 -0.6809 -0.53225 -0.30494 -0.023432 0.22649 0.45066 0.66756 0.83213 0.94485 0.96323 0.82669 0.54751 0.24228 -0.036484 -0.26302 -0.42554 -0.54899 -0.63018 -0.69151 -0.72303 -0.75091 -0.76604 -0.77941 -0.78484 -0.78653 -0.7789 -0.75938 -0.74804 -0.76395 -0.78361 -0.78916
-0.10488 0.023964 0.70491 0.40605 -0.9144 0.38566 -0.96097 -0.16133 0.93996 -0.10117 0.52065 0.65487 -0.69393 -0.76827 -0.50184 -0.29053 -0.16109 -0.16021 -0.16663 -0.0084732 0.2155 0.46104 0.64933 0.79493 0.91273 0.96846 0.95706 0.83057 0.56507 0.20665 -0.11696 -0.3779 -0.56925 -0.69423 -0.78152 -0.83388 -0.87293 -0.88966 -0.90381 -0.91026 -0.91574 -0.9167 -0.91542 -0.9085 -0.89371 -0.88383 -0.89226 -0.90322 -0.9072
0.05725 0.0065982 -0.72225 -0.92438 0.09149 0.82959 -0.21815 0.88962 0.194 0.80874 1 1 0.05371 -0.10963 0.19052 0.36969 0.4554 0.42485 0.38774 0.50301 0.6625 0.81667 0.91104 0.96094 0.97191 0.92465 0.80694 0.57072 0.2279 -0.15249 -0.45005 -0.66265 -0.80046 -0.87908 -0.92643 -0.94998 -0.96801 -0.97299 -0.97646 -0.9776 -0.9784 -0.97812 -0.97701 -0.97399 -0.96728 -0.96177 -0.96466 -0.96866 -0.97291
0.17134 0.092917 0.6295 0.75203 0.90815 -0.47642 0.89918 0.70677 -0.7678 0.93047 0.65381 0.6332 0.74937 0.59081 0.7747 0.85672 0.88355 0.84967 0.80772 0.85987 0.92818 0.97159 0.96966 0.93178 0.85114 0.72474 0.5334 0.23423 -0.13073 -0.48112 -0.71838 -0.86297 -0.93832 -0.96878 -0.9777 -0.97589 -0.97645 -0.97383 -0.9706 -0.97015 -0.96976 -0.97147 -0.97356 -0.97725 -0.98133 -0.98277 -0.98237 -0.98153 -0.98781
-0.01259 -0.27172 -0.36411 0.12393 -0.5542 -0.84996 0.58421 -0.39239 -0.88941 0.21755 -0.18594 -0.14244 0.99917 0.97699 1 0.99267 0.98796 0.99267 0.98378 0.982 0.96488 0.9096 0.83153 0.73048 0.58761 0.41503 0.18867 -0.12484 -0.46187 -0.74165 -0.89689 -0.9648 -0.97725 -0.96338 -0.93925 -0.91766 -0.90553 -0.89972 -0.89392 -0.89536 -0.89701 -0.90348 -0.91129 -0.92386 -0.9406 -0.95098 -0.94955 -0.94607 -0.95592
-0.25674 0.45596 -0.084394 -0.92832 -0.72637 0.38981 -0.61328 -0.99744 -0.10353 -0.66206 -0.87269 -0.80928 0.70632 0.89278 0.80283 0.75716 0.7619 0.83554 0.88947 0.85983 0.78448 0.66269 0.54036 0.40767 0.23689 0.052127 -0.17239 -0.4573 -0.72729 -0.91017 -0.97432 -0.96665 -0.92246 -0.87198 -0.82251 -0.78767 -0.76795 -0.76294 -0.75823 -0.76435 -0.77062 -0.78388 -0.7992 -0.82196 -0.85226 -0.87283 -0.87242 -0.86837 -0.88295
0.0431 -0.6087 0.60752 0.71359 0.76933 0.9383 -0.93288 -0.4399 0.77143 -0.99571 -0.95103 -0.9853 0.064634 0.41499 0.29641 0.26423 0.3045 0.44842 0.5722 0.54288 0.44405 0.29492 0.16156 0.027274 -0.13978 -0.3078 -0.50063 -0.72449 -0.90217 -0.9766 -0.95178 -0.87724 -0.78723 -0.71005 -0.6439 -0.6023 -0.57969 -0.57855 -0.57776 -0.5904 -0.60298 -0.62415 -0.64791 -0.68127 -0.72503 -0.75628 -0.75855 -0.75569 -0.77574
0.49232 0.73029 -0.95526 0.40058 0.61253 -0.11466 0.0088236 0.59027 0.9347 -0.57658 -0.41888 -0.61391 -0.59092 -0.22367 -0.30601 -0.30219 -0.22988 -0.046441 0.12712 0.11694 0.025125 -0.11617 -0.23368 -0.34674 -0.48604 -0.617 -0.75812 -0.9011 -0.97544 -0.94311 -0.84019 -0.71263 -0.59013 -0.4968 -0.42246 -0.37978 -0.35809 -0.36275 -0.36762 -0.38754 -0.40717 -0.43643 -0.46866 -0.51213 -0.56836 -0.61 -0.61615 -0.61585 -0.64164
0.022437 -0.83499 0.84014 -1 -0.82078 -0.98395 0.93315 0.99385 0.29559 0.23923 0.35357 0.066398 -0.96467 -0.75808 -0.78655 -0.76044 -0.68657 -0.51648 -0.3345 -0.32134 -0.38712 -0.49625 -0.58146 -0.66033 -0.75771 -0.84101 -0.92086 -0.97568 -0.94837 -0.82153 -0.65729 -0.49327 -0.35227 -0.25278 -0.17772 -0.13841 -0.1203 -0.13147 -0.14264 -0.16957 -0.19601 -0.23267 -0.27257 -0.32488 -0.39179 -0.44283 -0.45354 -0.45672 -0.48806
-0.60795 0.9296 -0.18422 0.14943 -0.64371 -0.3394 0.72053 0.41929 -0.5723 0.87545 0.90635 0.69614 -0.92128 -0.99801 -0.99737 -0.98562 -0.95268 -0.85323 -0.71309 -0.68619 -0.72046 -0.78642 -0.834 -0.87548 -0.9265 -0.96056 -0.97895 -0.9492 -0.83211 -0.63033 -0.42465 -0.24135 -0.095034 0.0020112 0.07184 0.10477 0.11787 0.10064 0.08357 0.050829 0.018629 -0.023954 -0.07003 -0.12925 -0.20441 -0.26327 -0.27873 -0.28586 -0.32217
-0.0089258 -0.99866 -0.65547 0.94046 0.74458 0.79769 -0.31578 -0.53248 -0.98827 0.94465 0.95848 0.98728 -0.51193 -0.88301 -0.89505 -0.93472 -0.97823 -0.99298 -0.93958 -0.91717 -0.92594 -0.94986 -0.96376 -0.97252 -0.98073 -0.97105 -0.93513 -0.83271 -0.64466 -0.39161 -0.16505 0.021455 0.16168 0.24958 0.30997 0.33499 0.34279 0.32091 0.29921 0.26258 0.22637 0.17992 0.1297 0.065993 -0.014548 -0.079184 -0.099108 -0.11024 -0.15059
0.68484 1 1 -0.47189 0.80048 0.82302 -0.99696 -1 -0.68252 0.44985 0.52221 0.83944 0.079389 -0.47955 -0.53469 -0.64328 -0.77681 -0.92254 -0.98349 -0.98545 -0.98175 -0.97343 -0.96364 -0.94927 -0.92371 -0.88037 -0.8021 -0.6443 -0.40795 -0.12845 0.09971 0.27558 0.40075 0.47488 0.52337 0.54027 0.54345 0.51903 0.49464 0.45657 0.41857 0.3707 0.31877 0.25331 0.17054 0.10248 0.078758 0.063954 0.020769
-0.26735 -0.87218 -0.43558 -0.8194 -0.50591 -0.23372 -0.64247 -0.62906 0.08484 -0.28573 -0.15454 0.34885 0.6271 0.063242 -0.036413 -0.20212 -0.41086 -0.67272 -0.85167 -0.89307 -0.89168 -0.86523 -0.84417 -0.81821 -0.77057 -0.70577 -0.59943 -0.40608 -0.14513 0.13722 0.35037 0.50471 0.60849 0.66627 0.70201 0.71164 0.71162 0.68725 0.66254 0.62575 0.58845 0.54185 0.49081 0.42648 0.34472 0.2758 0.24925 0.23142 0.18679
-0.64523 0.5617 -0.58016 0.58598 -0.98259 -0.98715 0.33461 0.22866 0.78312 -0.85029 -0.74467 -0.26509 0.94972 0.57376 0.45871 0.27447 0.030537 -0.30446 -0.58038 -0.667 -0.68001 -0.64969 -0.62902 -0.60225 -0.54449 -0.47036 -0.35042 -0.14151 0.12165 0.3862 0.57121 0.69636 0.77505 0.8157 0.83916 0.84318 0.84187 0.8203 0.79783 0.76511 0.73112 0.68848 0.64098 0.58065 0.50312 0.43593 0.40776 0.38777 0.3432
1 -0.069558 0.95112 0.77219 0.060563 -0.5598 0.98634 0.89791 0.98728 -0.97112 -0.99983 -0.76486 0.9617 0.91146 0.82849 0.679 0.45474 0.10784 -0.22395 -0.3506 -0.38438 -0.36149 -0.34982 -0.33041 -0.27287 -0.19986 -0.079338 0.12693 0.37282 0.60295 0.75058 0.84205 0.8943 0.91855 0.93122 0.93179 0.93132 0.91526 0.89755 0.87157 0.8434 0.80731 0.7659 0.7123 0.64201 0.57909 0.55065 0.52955 0.4866
-0.58406 -0.4994 -0.17199 -0.54704 1 0.49278 0.75892 0.91777 0.61251 -0.62407 -0.84082 -0.98357 0.68344 1 0.996 0.93289 0.78415 0.49179 0.15711 0.005606 -0.048422 -0.039421 -0.041097 -0.033609 0.016188 0.080268 0.1909 0.37933 0.59246 0.77614 0.88093 0.93716 0.96361 0.97331 0.97735 0.97684 0.97933 0.97126 0.96065 0.9438 0.92373 0.89653 0.86352 0.81913 0.75882 0.70256 0.67524 0.65419 0.61436
-0.14149 0.93005 -0.80925 -0.81464 0.52574 1 -0.099384 0.32104 -0.093434 -0.0026058 -0.36032 -0.86993 0.21699 0.83606 0.93951 0.99762 0.96799 0.7887 0.50629 0.35218 0.28483 0.27882 0.26393 0.25879 0.29657 0.347 0.44034 0.59949 0.76881 0.89865 0.95867 0.98051 0.98336 0.98111 0.97905 0.97981 0.9872 0.98917 0.98766 0.98193 0.97191 0.95558 0.93299 0.89994 0.85198 0.80452 0.77974 0.7599 0.72466
0.71272 -0.97999 0.63525 0.36973 -0.63962 0.47783 -0.86311 -0.46707 -0.73642 0.60411 0.24086 -0.48516 -0.29647 0.4777 0.6878 0.8754 0.98657 0.96058 0.77858 0.64708 0.57804 0.56066 0.53658 0.52147 0.54618 0.58126 0.65307 0.77545 0.89437 0.96733 0.98362 0.97388 0.95643 0.94521 0.93967 0.94382 0.95772 0.97127 0.98043 0.98732 0.9889 0.98502 0.97445 0.9545 0.92083 0.88404 0.86312 0.84566 0.81634
-0.96535 0.55071 0.46248 0.88683 -0.96804 -0.49891 -0.95981 -0.95419 -0.99956 0.94822 0.74363 0.034763 -0.72078 0.020497 0.30568 0.60189 0.84934 0.99233 0.94468 0.85967 0.80288 0.78124 0.75472 0.73485 0.74812 0.76875 0.81771 0.89964 0.9657 0.9825 0.95852 0.92139 0.88758 0.87049 0.86395 0.87322 0.89482 0.92093 0.9418 0.96231 0.97656 0.98624 0.98892 0.98336 0.96548 0.94089 0.92505 0.91106 0.88882
0.96427 0.15972 -0.78083 -0.049303 -0.11702 -0.99489 -0.36408 -0.88015 -0.78394 0.915 0.98817 0.53151 -0.95852 -0.43004 -0.1248 0.23434 0.58851 0.89004 0.99215 0.97242 0.94162 0.92462 0.90377 0.88576 0.8912 0.90024 0.92745 0.96859 0.98291 0.94741 0.88835 0.8289 0.78294 0.76292 0.75755 0.77323 0.80322 0.84226 0.87538 0.90994 0.93747 0.96135 0.97804 0.98775 0.98669 0.97547 0.96578 0.95624 0.94207
-0.83723 -0.69805 -0.19355 -0.87058 0.84771 -0.60365 0.46907 -0.32519 -0.21958 0.54449 0.91594 0.87217 -0.968 -0.78243 -0.52258 -0.1616 0.25042 0.67672 0.9242 0.98076 0.98723 0.98382 0.97669 0.96748 0.96983 0.97138 0.97974 0.98252 0.94911 0.8675 0.7797 0.70339 0.64948 0.62912 0.62666 0.6495 0.68807 0.73984 0.7852 0.83375 0.87468 0.91295 0.94398 0.96938 0.98572 0.98868 0.98603 0.9818 0.9765
0.67825 0.67025 0.76561 -0.37114 0.85271 0.28638 0.97912 0.38653 0.42733 -0.0080466 0.57133 0.9804 -0.76374 -0.97535 -0.82195 -0.52368 -0.11337 0.38648 0.7567 0.89145 0.94229 0.95997 0.97342 0.97923 0.98351 0.98223 0.97582 0.94471 0.86972 0.74977 0.64014 0.55248 0.49451 0.47595 0.47766 0.50789 0.55473 0.61849 0.67561 0.73756 0.79157 0.84396 0.88925 0.93035 0.96423 0.98183 0.9869 0.98869 0.99284
-0.52607 -0.12248 0.07036 0.62844 -0.039136 0.92708 0.86985 0.88927 0.88653 -0.54396 0.072214 0.84651 -0.40421 -0.98459 -0.98121 -0.80197 -0.454 0.058575 0.51438 0.72 0.81722 0.86097 0.89965 0.92525 0.93606 0.93649 0.91993 0.86081 0.75178 0.60221 0.47776 0.38396 0.32535 0.31019 0.31681 0.35414 0.40852 0.48303 0.55097 0.62531 0.69166 0.75751 0.8166 0.87302 0.92416 0.95651 0.96979 0.97815 0.99214
0.38218 -0.42467 -0.70156 0.73201 -0.8653 0.84437 0.24745 0.95876 0.99165 -0.89309 -0.4347 0.51918 0.027336 -0.8215 -0.98559 -0.96412 -0.73122 -0.26806 0.22679 0.48783 0.62807 0.69966 0.76557 0.81371 0.83468 0.84073 0.81868 0.73816 0.60339 0.43319 0.30065 0.20538 0.149 0.13829 0.15005 0.19376 0.25453 0.33815 0.41559 0.50092 0.57853 0.65681 0.72888 0.79986 0.86764 0.91453 0.9363 0.95161 0.97562
-0.23372 0.45975 -0.071224 -0.11335 -0.83597 0.14759 -0.50127 0.59352 0.72723 -0.96236 -0.81744 0.084973 0.44332 -0.52545 -0.84531 -0.99703 -0.91701 -0.55913 -0.075531 0.21926 0.39428 0.49209 0.58433 0.65549 0.68891 0.70354 0.68025 0.58513 0.43305 0.25104 0.11656 0.023846 -0.0281 -0.033856 -0.017172 0.031791 0.097481 0.18826 0.27356 0.36817 0.45563 0.54502 0.62895 0.71346 0.79689 0.85783 0.88819 0.91066 0.94468
0.073222 -0.035877 0.62315 -0.77436 -0.041232 -0.63508 -0.96311 -0.018715 0.21142 -0.75136 -0.98997 -0.35651 0.76903 -0.15288 -0.59012 -0.90556 -0.99698 -0.7879 -0.36414 -0.061047 0.13651 0.25578 0.3707 0.46311 0.50976 0.53471 0.5137 0.41051 0.24928 0.063669 -0.067385 -0.15427 -0.20021 -0.201 -0.18002 -0.12724 -0.058337 0.037401 0.12867 0.23061 0.32627 0.42519 0.51963 0.61636 0.7142 0.78843 0.82727 0.85697 0.90081
0.088691 -0.29893 0.15587 -0.48588 0.76347 -0.97568 -0.91868 -0.60856 -0.36489 -0.33814 -0.92606 -0.7155 0.95414 0.23429 -0.26214 -0.70915 -0.96989 -0.93676 -0.61504 -0.33027 -0.1251 0.0082243 0.13982 0.24965 0.30877 0.34451 0.32843 0.2231 0.060177 -0.1217 -0.24486 -0.32343 -0.36241 -0.35865 -0.33435 -0.27942 -0.20917 -0.11082 -0.015639 0.091518 0.19354 0.30023 0.4036 0.51102 0.62181 0.70836 0.75541 0.79223 0.84556
-0.21973 0.19645 -0.51722 0.33496 0.90105 -0.68714 -0.42339 -0.94529 -0.8118 0.15401 -0.65614 -0.92844 0.9776 0.57889 0.091728 -0.43723 -0.84579 -0.99758 -0.8101 -0.56899 -0.37241 -0.2343 -0.093833 0.027891 0.097335 0.1431 0.13359 0.031211 -0.12685 -0.29873 -0.41047 -0.47902 -0.51065 -0.50312 -0.4767 -0.42142 -0.35181 -0.25327 -0.15633 -0.046183 0.060255 0.17279 0.28339 0.39982 0.52189 0.61959 0.67443 0.71815 0.78046
0.27545 0.082511 -0.27776 0.74664 0.31134 0.011807 0.25962 -0.91937 -1 0.59538 -0.25207 -0.9661 0.84667 0.83606 0.42654 -0.12437 -0.64321 -0.97098 -0.93771 -0.7622 -0.59024 -0.45762 -0.31722 -0.19034 -0.11391 -0.059965 -0.062235 -0.15756 -0.3053 -0.46208 -0.55983 -0.61736 -0.64173 -0.63149 -0.60433 -0.55059 -0.4836 -0.38728 -0.29077 -0.17991 -0.071086 0.045323 0.16132 0.28496 0.41651 0.52406 0.58613 0.63638 0.70707
-0.22406 -0.13486 0.3581 0.36156 -0.49642 0.68565 0.81029 -0.56452 -0.89075 0.88295 0.19429 -0.83375 0.59152 0.97759 0.70452 0.19432 -0.38613 -0.86501 -0.99279 -0.89972 -0.76697 -0.65028 -0.51929 -0.3947 -0.31548 -0.25611 -0.25138 -0.33658 -0.46968 -0.60747 -0.68957 -0.7357 -0.75333 -0.7416 -0.71518 -0.66487 -0.60245 -0.5107 -0.41678 -0.30744 -0.19828 -0.080022 0.039493 0.16847 0.30762 0.42358 0.4922 0.54852 0.62688
0.077325 0.0092782 0.37749 -0.35873 -0.9102 0.96008 1 -0.024713 -0.53385 0.96077 0.59261 -0.56506 0.25727 0.99321 0.89844 0.48693 -0.10087 -0.6933 -0.97615 -0.97626 -0.89479 -0.80376 -0.6913 -0.57663 -0.49937 -0.43797 -0.42726 -0.50028 -0.61559 -0.73164 -0.79725 -0.83217 -0.84388 -0.83202 -0.80786 -0.76277 -0.70676 -0.6218 -0.53257 -0.42693 -0.31945 -0.20135 -0.080211 0.052189 0.19699 0.31986 0.39426 0.4561 0.54131
0.094502 0.02473 -0.14196 -0.69443 -0.66816 0.71564 0.77405 0.51022 -0.041118 0.82571 0.87135 -0.21228 -0.10472 0.88927 0.99314 0.72751 0.18663 -0.4732 -0.8936 -0.991 -0.96961 -0.91263 -0.82696 -0.72953 -0.6592 -0.59955 -0.58451 -0.64425 -0.73971 -0.83239 -0.88139 -0.90572 -0.91257 -0.90196 -0.88152 -0.84334 -0.79546 -0.71933 -0.63675 -0.53688 -0.43302 -0.31705 -0.19616 -0.062239 0.086258 0.21446 0.29381 0.36053 0.45172
-0.18852 -0.0037712 -0.38922 -0.3775 0.015437 0.11263 0.24864 0.87222 0.45195 0.52037 0.98827 0.16479 -0.44483 0.68548 0.98537 0.89765 0.453 -0.22382 -0.75483 -0.94706 -0.99077 -0.97433 -0.92238 -0.84881 -0.79023 -0.73628 -0.71899 -0.76519 -0.83978 -0.90842 -0.9413 -0.95603 -0.95922 -0.9512 -0.93586 -0.90612 -0.86788 -0.80242 -0.7283 -0.63612 -0.53773 -0.42577 -0.30695 -0.17338 -0.023132 0.10883 0.19222 0.26313 0.35936
0.13891 0.060039 -0.086598 0.24867 0.66318 -0.52904 -0.35822 0.96351 0.82374 0.1176 0.93372 0.50907 -0.72149 0.41079 0.88244 0.98714 0.67899 0.035651 -0.57213 -0.85069 -0.9606 -0.98892 -0.97596 -0.93177 -0.88941 -0.84497 -0.82778 -0.86091 -0.91448 -0.95929 -0.97703 -0.98339 -0.98419 -0.98005 -0.97105 -0.95106 -0.92376 -0.87058 -0.80654 -0.7238 -0.6326 -0.52642 -0.4114 -0.28 -0.1299 0.0042454 0.090738 0.16508 0.26541
0.015136 -0.03372 0.27498 0.62693 0.87502 -0.90521 -0.82143 0.77533 0.99397 -0.29835 0.7276 0.77417 -0.9053 0.098769 0.7 0.99368 0.85042 0.2873 -0.35926 -0.71045 -0.88383 -0.9587 -0.98807 -0.9775 -0.95516 -0.92377 -0.90914 -0.93023 -0.96339 -0.98529 -0.98926 -0.98864 -0.98833 -0.9892 -0.98762 -0.97847 -0.96321 -0.92365 -0.87109 -0.79934 -0.71689 -0.61813 -0.50856 -0.38105 -0.23292 -0.098161 -0.0095244 0.067491 0.17093
-0.13681 -0.11713 0.23925 0.47801 0.5584 -0.86429 -0.98933 0.37782 0.93656 -0.64956 0.41197 0.92936 -0.98082 -0.2166 0.45933 0.92194 0.95856 0.51558 -0.13038 -0.53644 -0.76705 -0.88781 -0.96082 -0.98661 -0.98733 -0.97203 -0.96235 -0.97286 -0.98686 -0.98735 -0.97919 -0.97306 -0.97287 -0.97972 -0.98645 -0.98899 -0.98659 -0.96172 -0.92185 -0.86244 -0.79013 -0.70027 -0.59768 -0.47567 -0.33127 -0.19739 -0.10758 -0.028687 0.076883
0.10476 0.0612 -0.070073 -0.028915 -0.064429 -0.45202 -0.82481 -0.11014 0.67789 -0.87781 0.041312 0.96154 -0.94649 -0.50445 0.18466 0.78224 1 0.708 0.10089 -0.33947 -0.61808 -0.78174 -0.8977 -0.96105 -0.98693 -0.99017 -0.98764 -0.98934 -0.98587 -0.9669 -0.94842 -0.93826 -0.93932 -0.95295 -0.96865 -0.98349 -0.99454 -0.98518 -0.95896 -0.91299 -0.85205 -0.77242 -0.67819 -0.56318 -0.42413 -0.2926 -0.20257 -0.1226 -0.015876
0.052996 0.16117 -0.24049 -0.48111 -0.62737 0.13572 -0.40147 -0.55863 0.28401 -0.95202 -0.32731 0.87445 -0.81278 -0.73967 -0.099361 0.58893 0.97613 0.85551 0.32217 -0.13041 -0.44542 -0.64689 -0.80324 -0.90382 -0.95596 -0.97949 -0.98604 -0.98084 -0.96196 -0.9258 -0.89887 -0.88612 -0.88943 -0.91042 -0.93555 -0.96304 -0.98789 -0.99457 -0.98273 -0.95113 -0.90256 -0.83432 -0.74969 -0.64306 -0.51088 -0.38307 -0.29375 -0.21349 -0.10659
-0.16059 -0.058406 -0.11373 -0.56239 -0.83796 0.65315 0.1346 -0.86063 -0.15833 -0.86975 -0.64284 0.68587 -0.59948 -0.90444 -0.3698 0.35881 0.89241 0.95254 0.52284 0.080373 -0.25778 -0.49023 -0.68271 -0.81871 -0.89723 -0.94204 -0.95921 -0.94909 -0.91706 -0.86617 -0.83268 -0.81869 -0.82509 -0.85382 -0.88861 -0.92888 -0.96762 -0.99064 -0.99368 -0.97711 -0.94176 -0.88589 -0.81195 -0.71492 -0.591 -0.4682 -0.3805 -0.30074 -0.19458
0.081472 -0.19713 0.10604 -0.25568 -0.61677 0.90704 0.61854 -0.95457 -0.5615 -0.65365 -0.8665 0.42359 -0.33235 -0.9889 -0.60703 0.10951 0.75748 0.99693 0.69438 0.28344 -0.063626 -0.31885 -0.54175 -0.71008 -0.81411 -0.88046 -0.90935 -0.89623 -0.85343 -0.79037 -0.75216 -0.73812 -0.74829 -0.78492 -0.8294 -0.88232 -0.93485 -0.97422 -0.99243 -0.99136 -0.96987 -0.92718 -0.86486 -0.77852 -0.66412 -0.54752 -0.46232 -0.38381 -0.2793
0.098277 0.017497 0.16716 0.19743 -0.10508 0.82157 0.91678 -0.83227 -0.85368 -0.3445 -0.97524 0.12086 -0.039775 -0.9909 -0.79585 -0.14176 0.58215 0.98951 0.83049 0.47064 0.12912 -0.13973 -0.38621 -0.58261 -0.71039 -0.79778 -0.83904 -0.82472 -0.77353 -0.70086 -0.65964 -0.64662 -0.66105 -0.70555 -0.75954 -0.82476 -0.89076 -0.94629 -0.97974 -0.99441 -0.98725 -0.95837 -0.90845 -0.83373 -0.72997 -0.62067 -0.53878 -0.46226 -0.36024
-0.14984 0.21389 0.046275 0.49602 0.4349 0.44931 0.95979 -0.53355 -0.98978 0.0073115 -0.96258 -0.18801 0.25029 -0.91517 -0.92596 -0.37936 0.37849 0.93371 0.92717 0.63527 0.31337 0.04058 -0.22181 -0.44109 -0.59004 -0.69729 -0.75111 -0.73721 -0.67994 -0.60017 -0.55752 -0.54637 -0.56537 -0.61751 -0.68065 -0.75765 -0.83658 -0.90786 -0.95642 -0.98691 -0.99435 -0.97974 -0.94285 -0.88054 -0.78838 -0.68738 -0.60957 -0.53573 -0.43703
0.0038427 0.05655 -0.089629 0.47528 0.75772 -0.064514 0.75202 -0.1313 -0.95584 0.35033 -0.83724 -0.47142 0.51282 -0.77203 -0.99211 -0.58997 0.15898 0.83502 0.98254 0.7722 0.48304 0.21609 -0.054042 -0.29029 -0.45716 -0.58246 -0.64857 -0.63646 -0.5753 -0.49079 -0.4481 -0.43953 -0.46321 -0.5226 -0.59434 -0.68241 -0.77358 -0.86 -0.92336 -0.96953 -0.9917 -0.99165 -0.96826 -0.91902 -0.83929 -0.74747 -0.67446 -0.60395 -0.50932
0.13 -0.19014 -0.10247 0.18057 0.74026 -0.54286 0.36097 0.2878 -0.76725 0.63928 -0.62005 -0.70334 0.72753 -0.57585 -0.99375 -0.76314 -0.064264 0.70047 0.99672 0.87787 0.63313 0.38156 0.11205 -0.13478 -0.31576 -0.45675 -0.53445 -0.52525 -0.46219 -0.37515 -0.33362 -0.32814 -0.35647 -0.42253 -0.5022 -0.60046 -0.70303 -0.80381 -0.8815 -0.94305 -0.97989 -0.99454 -0.98499 -0.94931 -0.88272 -0.80084 -0.73329 -0.66672 -0.57686
-0.056803 -0.13944 -0.011852 -0.19459 0.41605 -0.83774 -0.1078 0.64221 -0.46251 0.84031 -0.34008 -0.86511 0.87999 -0.34346 -0.93451 -0.89152 -0.28009 0.53803 0.97148 0.95026 0.75981 0.53255 0.27192 0.021167 -0.16969 -0.32357 -0.41177 -0.40633 -0.34316 -0.25557 -0.21619 -0.21413 -0.24691 -0.31894 -0.40571 -0.51318 -0.62617 -0.74038 -0.83176 -0.90824 -0.95956 -0.98891 -0.99338 -0.97163 -0.91873 -0.84748 -0.78598 -0.72391 -0.63947
-0.093725 0.11164 0.065878 -0.43987 -0.061138 -0.87186 -0.54068 0.87032 -0.094246 0.93379 -0.030326 -0.94631 0.96205 -0.092603 -0.82138 -0.9709 -0.47873 0.35619 0.91005 0.98873 0.86038 0.66547 0.42165 0.17367 -0.02258 -0.18619 -0.28346 -0.28235 -0.22061 -0.13423 -0.097793 -0.099302 -0.1362 -0.21338 -0.30632 -0.42188 -0.5442 -0.67078 -0.7751 -0.86591 -0.93138 -0.97529 -0.99385 -0.98627 -0.94749 -0.88742 -0.83249 -0.77544 -0.69701
0.066751 0.18828 0.055579 -0.44182 -0.49507 -0.6521 -0.843 0.93906 0.28045 0.91491 0.27624 -0.94457 0.97164 0.15938 -0.66389 -1 -0.65215 0.16346 0.81673 0.9939 0.93323 0.77762 0.55794 0.31928 0.12227 -0.04765 -0.15228 -0.15579 -0.096777 -0.01312 0.019778 0.014699 -0.025841 -0.10726 -0.20535 -0.3278 -0.45829 -0.59607 -0.71245 -0.81688 -0.89604 -0.95424 -0.98683 -0.99354 -0.96918 -0.92076 -0.87286 -0.8213 -0.7494
0.079946 0.0062842 -0.013467 -0.22474 -0.72748 -0.25634 -0.95743 0.84608 0.60881 0.79236 0.55002 -0.86478 0.91218 0.39669 -0.47319 -0.98022 -0.79418 -0.031991 0.6966 0.96746 0.97776 0.86713 0.67815 0.45505 0.26192 0.08924 -0.02081 -0.028978 0.026267 0.10593 0.1349 0.12639 0.082774 -0.0018966 -0.10405 -0.23213 -0.36953 -0.51727 -0.64473 -0.76196 -0.85425 -0.92636 -0.9728 -0.99379 -0.98405 -0.94762 -0.90717 -0.8615 -0.79661
-0.067581 -0.16297 -0.058447 0.084627 -0.69038 0.19729 -0.87134 0.61621 0.84921 0.58562 0.76724 -0.71779 0.79166 0.60585 -0.26124 -0.91521 -0.90059 -0.22262 0.55526 0.91198 0.99428 0.93293 0.7803 0.57853 0.39378 0.22197 0.10861 0.095971 0.14666 0.22132 0.24612 0.23447 0.18842 0.10155 -0.0035281 -0.13594 -0.27896 -0.43533 -0.57283 -0.70194 -0.8067 -0.89223 -0.95225 -0.98742 -0.99237 -0.96821 -0.93553 -0.89611 -0.83864
-0.082851 -0.10977 -0.033022 0.33404 -0.41714 0.58702 -0.61374 0.29397 0.97533 0.32144 0.91149 -0.51873 0.62147 0.7763 -0.040046 -0.8104 -0.96901 -0.40175 0.39852 0.83071 0.98386 0.97466 0.86302 0.68775 0.51569 0.34834 0.23388 0.21717 0.26275 0.33161 0.3522 0.33778 0.29003 0.20203 0.095188 -0.040215 -0.18754 -0.35118 -0.4976 -0.6376 -0.75408 -0.85247 -0.92569 -0.97484 -0.99444 -0.98272 -0.95809 -0.92524 -0.87555
0.070475 0.064349 0.033904 0.41895 -0.016821 0.81907 -0.24427 -0.065954 0.97768 0.030068 0.97429 -0.28532 0.41521 0.90063 0.17901 -0.67254 -0.99886 -0.56371 0.23219 0.72739 0.94824 0.99262 0.92553 0.78126 0.62588 0.46646 0.35316 0.33295 0.37309 0.4356 0.45207 0.43534 0.38666 0.29863 0.1912 0.05414 -0.096158 -0.26567 -0.41985 -0.56968 -0.69708 -0.80766 -0.89364 -0.95646 -0.9906 -0.99141 -0.97504 -0.94902 -0.9074
0.090084 0.13562 0.074273 0.31996 0.37221 0.84716 0.16196 -0.40825 0.86273 -0.25824 0.95486 -0.036209 0.18756 0.97465 0.38565 -0.50922 -0.99109 -0.70396 0.06187 0.60608 0.88967 0.98767 0.96758 0.85804 0.72294 0.57477 0.46489 0.4419 0.47647 0.53226 0.54482 0.52634 0.47753 0.39056 0.28371 0.14632 -0.0056139 -0.17959 -0.34033 -0.4989 -0.63633 -0.75839 -0.85659 -0.93272 -0.98119 -0.99452 -0.98659 -0.9676 -0.93429
-0.069626 0.046297 0.046357 0.09666 0.6301 0.67746 0.53005 -0.68517 0.65018 -0.51626 0.85925 0.21051 -0.046817 0.99723 0.57109 -0.32844 -0.948 -0.81909 -0.1072 0.47098 0.81083 0.96115 0.98939 0.91753 0.80587 0.672 0.56776 0.54282 0.57187 0.62078 0.62976 0.6101 0.56198 0.47715 0.37202 0.23562 0.083361 -0.093679 -0.25976 -0.42594 -0.57248 -0.70524 -0.81507 -0.90406 -0.96655 -0.99235 -0.99295 -0.98117 -0.95637
-0.097259 -0.071117 -0.030417 -0.14974 0.68953 0.36046 0.79856 -0.86237 0.36911 -0.72201 0.69903 0.43852 -0.27414 0.96998 0.72827 -0.1382 -0.87296 -0.9068 -0.27029 0.32632 0.71462 0.91476 0.99159 0.95955 0.87401 0.75721 0.66071 0.63474 0.65848 0.70052 0.70631 0.68612 0.6395 0.55785 0.45557 0.32142 0.17012 -0.0085933 -0.1788 -0.35143 -0.50613 -0.64876 -0.76957 -0.8709 -0.94706 -0.98519 -0.99437 -0.98991 -0.97376
0.057712 -0.088491 -0.094672 -0.32276 0.54821 -0.02582 0.92837 -0.92196 0.053555 -0.86016 0.4897 0.63414 -0.48223 0.89684 0.852 0.053804 -0.7702 -0.96587 -0.42322 0.1762 0.60416 0.85051 0.97517 0.98425 0.927 0.82973 0.74295 0.71691 0.73568 0.77099 0.77407 0.75401 0.70969 0.63222 0.53385 0.40318 0.25408 0.075063 -0.098047 -0.27596 -0.43784 -0.58947 -0.72057 -0.83367 -0.92307 -0.97333 -0.9911 -0.99405 -0.98664
0.10282 -0.016854 -0.093584 -0.36611 0.26059 -0.39602 0.9064 -0.86285 -0.26171 -0.9226 0.24904 0.78697 -0.66103 0.78364 0.93894 0.24049 -0.6445 -0.99606 -0.56249 0.024527 0.48262 0.77063 0.94139 0.99213 0.96478 0.88913 0.81389 0.78878 0.80303 0.83188 0.83279 0.81351 0.77227 0.69992 0.60649 0.48044 0.33475 0.15675 -0.018061 -0.2001 -0.36815 -0.5279 -0.66855 -0.7928 -0.89495 -0.95708 -0.9834 -0.9938 -0.99518
-0.031485 0.046462 -0.022513 -0.2774 -0.0849 -0.67606 0.74458 -0.69891 -0.54491 -0.90825 -0.0044442 0.8901 -0.80286 0.63755 0.98755 0.41555 -0.50102 -0.99801 -0.68522 -0.1251 0.35314 0.67748 0.89177 0.98391 0.98757 0.93525 0.87318 0.84998 0.86026 0.88302 0.88232 0.86447 0.82705 0.76071 0.67316 0.55285 0.41171 0.236 0.06066 -0.12435 -0.29756 -0.46451 -0.61395 -0.7487 -0.86307 -0.93676 -0.97154 -0.98939 -0.99957
-0.10235 0.044748 0.073184 -0.1001 -0.39401 -0.81653 0.47502 -0.45546 -0.77017 -0.82237 -0.25295 0.94018 -0.90261 0.46661 0.99794 0.57363 -0.34502 -0.97312 -0.78924 -0.26942 0.21877 0.57348 0.82796 0.96054 0.99579 0.96813 0.92064 0.90034 0.90723 0.92437 0.92264 0.90685 0.87396 0.81443 0.73366 0.6201 0.48457 0.31238 0.13767 -0.049175 -0.22654 -0.39977 -0.5572 -0.70176 -0.82776 -0.91266 -0.95579 -0.98105 -1
-0.00696 0.0061552 0.13082 0.098569 -0.59164 -0.79925 0.14279 -0.1649 -0.91927 -0.67536 -0.4805 0.93718 -0.95766 0.27928 0.97168 0.71041 -0.18172 -0.92341 -0.87302 -0.40558 0.082444 0.46107 0.75175 0.92317 0.99006 0.98801 0.9563 0.9398 0.94395 0.95601 0.95383 0.94071 0.91298 0.86101 0.78782 0.68197 0.55306 0.38554 0.21256 0.025 -0.15552 -0.3341 -0.49871 -0.65237 -0.78939 -0.8851 -0.93641 -0.96902 -0.99667
0.087758 -0.014908 0.11174 0.25335 -0.63795 -0.63683 -0.20206 0.13785 -0.98259 -0.48135 -0.67382 0.88401 -0.96776 0.08398 0.91156 0.82261 -0.016117 -0.85139 -0.93563 -0.53114 -0.053148 0.34265 0.66499 0.87303 0.97116 0.99527 0.98032 0.96849 0.97056 0.9781 0.97606 0.96618 0.94419 0.90044 0.83557 0.73828 0.61693 0.45518 0.285 0.097794 -0.084897 -0.2679 -0.43888 -0.60089 -0.74828 -0.85437 -0.91367 -0.95354 -0.98978
0.048787 -0.0052159 0.024298 0.32103 -0.53315 -0.36664 -0.51208 0.41953 -0.95893 -0.25674 -0.82287 0.78602 -0.93472 -0.11122 0.82135 0.90803 0.14712 -0.75995 -0.97674 -0.64407 -0.18553 0.22052 0.56957 0.8115 0.94 0.99047 0.99299 0.98662 0.98729 0.99092 0.98957 0.98345 0.96773 0.93278 0.87688 0.78893 0.67599 0.52104 0.35466 0.16887 -0.015029 -0.20153 -0.37805 -0.54767 -0.70476 -0.82076 -0.88785 -0.93483 -0.97953
-0.051825 0.005621 -0.083186 0.28994 -0.31215 -0.0413 -0.74852 0.6519 -0.85468 -0.018707 -0.92109 0.65045 -0.86216 -0.29893 0.70557 0.96547 0.30379 -0.65225 -0.99654 -0.74279 -0.31249 0.09688 0.46734 0.74 0.89758 0.97425 0.99473 0.99452 0.99446 0.99479 0.99468 0.9928 0.98379 0.95814 0.91178 0.83387 0.73011 0.58291 0.4213 0.23791 0.053756 -0.13533 -0.31658 -0.49304 -0.65914 -0.78457 -0.85918 -0.91314 -0.96615
-0.077746 -0.0070948 -0.15176 0.17834 -0.032031 0.28209 -0.88534 0.81417 -0.68248 0.21607 -0.96545 0.48583 -0.7551 -0.47262 0.56923 0.99465 0.4502 -0.53155 -0.99564 -0.82612 -0.4321 -0.026247 0.36015 0.65997 0.84499 0.94735 0.98606 0.99262 0.99247 0.99014 0.99177 0.99454 0.99263 0.97669 0.94035 0.87309 0.77921 0.64063 0.48469 0.30467 0.12116 -0.069627 -0.25478 -0.43731 -0.61172 -0.74606 -0.82794 -0.88869 -0.94981
-0.0035997 -0.030588 -0.14443 0.024545 0.24326 0.55182 -0.91107 0.89419 -0.45937 0.43251 -0.95619 0.3014 -0.6196 -0.62684 0.4176 0.99615 0.58321 -0.4012 -0.97508 -0.89329 -0.54271 -0.14699 0.24975 0.57288 0.78336 0.91061 0.96758 0.98141 0.98179 0.97741 0.98123 0.98902 0.99454 0.98862 0.96271 0.90663 0.82324 0.69408 0.54466 0.3689 0.18693 -0.0046926 -0.19295 -0.38079 -0.56278 -0.70551 -0.79436 -0.86171 -0.93074
0.074671 -0.03113 -0.064135 -0.12662 0.45734 0.7292 -0.82857 0.88871 -0.20505 0.61791 -0.89645 0.10659 -0.46236 -0.75722 0.256 0.97127 0.70028 -0.26447 -0.93621 -0.94388 -0.64296 -0.26367 0.13779 0.48018 0.71385 0.8649 0.93995 0.96144 0.96293 0.95709 0.96353 0.97663 0.98982 0.99418 0.97902 0.93455 0.8622 0.74317 0.60105 0.43042 0.25082 0.059213 -0.13135 -0.32373 -0.5126 -0.66316 -0.75868 -0.83242 -0.90912
0.060528 0.0050024 0.050162 -0.23657 0.57191 0.79291 -0.65304 0.80264 0.060011 0.76257 -0.79179 -0.089476 -0.29043 -0.8606 0.089662 0.92193 0.79945 -0.12452 -0.88064 -0.97782 -0.73178 -0.37479 0.025852 0.38325 0.63761 0.81112 0.90388 0.93332 0.93644 0.92972 0.93914 0.9578 0.97883 0.99364 0.98948 0.95696 0.89611 0.78785 0.65375 0.48905 0.31264 0.12186 -0.070235 -0.26641 -0.46143 -0.61927 -0.72114 -0.80103 -0.88515
-0.030391 0.052342 0.14462 -0.28176 0.57197 0.74022 -0.40888 0.64773 0.31619 0.85998 -0.64966 -0.27831 -0.11084 -0.93493 -0.076483 0.85053 0.87934 0.015652 -0.81019 -0.99533 -0.80836 -0.47909 -0.084645 0.28346 0.55582 0.75021 0.8601 0.89769 0.90291 0.89585 0.90855 0.93296 0.96195 0.98729 0.9943 0.97401 0.92502 0.82811 0.70268 0.54467 0.3722 0.18303 -0.0098319 -0.20905 -0.4095 -0.57407 -0.68194 -0.76774 -0.85903
-0.08738 0.067641 0.17656 -0.25709 0.46569 0.5852 -0.12601 0.44075 0.54603 0.90691 -0.47875 -0.45244 0.06964 -0.97929 -0.23787 0.75987 0.93913 0.1533 -0.72679 -0.99691 -0.87214 -0.57546 -0.19239 0.18209 0.4696 0.68312 0.8094 0.8552 0.86293 0.85603 0.87229 0.90255 0.93955 0.97545 0.99371 0.98585 0.94904 0.86396 0.7478 0.59716 0.42936 0.24256 0.049654 -0.15188 -0.35705 -0.52778 -0.64131 -0.73276 -0.83093
-0.038628 0.029667 0.13269 -0.1744 0.27991 0.35479 0.16403 0.20152 0.73525 0.90326 -0.28847 -0.60555 0.24474 -0.99375 -0.39044 0.653 0.9785 0.28591 -0.6325 -0.98328 -0.92282 -0.66302 -0.29621 0.080328 0.38005 0.61076 0.75254 0.80654 0.81714 0.81084 0.83086 0.86705 0.91204 0.95843 0.98797 0.99266 0.96826 0.89542 0.78906 0.64644 0.48399 0.30027 0.10804 -0.095104 -0.30429 -0.4806 -0.59945 -0.69627 -0.80104
0.058571 -0.03971 0.0327 -0.057152 0.052912 0.083709 0.4315 -0.049117 0.87338 0.85168 -0.088392 -0.73269 0.40886 -0.97928 -0.53067 0.53311 0.99759 0.4113 -0.52939 -0.95534 -0.9603 -0.74106 -0.39508 -0.020699 0.28822 0.53406 0.69031 0.75238 0.76613 0.76085 0.78478 0.82691 0.87981 0.93658 0.97736 0.99464 0.98281 0.92257 0.82647 0.69245 0.53598 0.35602 0.16515 -0.038902 -0.25141 -0.43274 -0.55654 -0.65846 -0.76952
0.087917 -0.090809 -0.081589 0.066361 -0.17375 -0.191 0.65131 -0.29106 0.95408 0.75716 0.11219 -0.83028 0.55719 -0.93766 -0.65562 0.40347 0.99697 0.52755 -0.41953 -0.91417 -0.98469 -0.80907 -0.48811 -0.11997 0.19511 0.45391 0.62347 0.6934 0.71053 0.70663 0.73458 0.7826 0.84327 0.91024 0.96215 0.99201 0.99284 0.94546 0.86005 0.73515 0.58525 0.40971 0.22084 0.016554 -0.1986 -0.38438 -0.51276 -0.61951 -0.73655
0.015875 -0.083838 -0.16483 0.16978 -0.36266 -0.435 0.80497 -0.50647 0.97507 0.62652 0.30469 -0.89615 0.68582 -0.87126 -0.76297 0.26732 0.97754 0.63308 -0.30494 -0.86096 -0.99628 -0.8667 -0.57454 -0.21656 0.10164 0.37117 0.55278 0.63028 0.65095 0.64874 0.68075 0.73456 0.80283 0.87975 0.94263 0.98498 0.99851 0.9642 0.88982 0.77453 0.63174 0.46121 0.27499 0.071113 -0.14602 -0.3357 -0.4683 -0.57957 -0.70228
-0.072775 -0.018705 -0.18613 0.2338 -0.48623 -0.62057 0.88163 -0.68087 0.93788 0.46785 0.4815 -0.92944 0.79174 -0.78301 -0.851 0.12779 0.94053 0.7266 -0.18758 -0.79699 -0.99548 -0.91374 -0.65376 -0.30964 0.008688 0.28666 0.47897 0.56366 0.58797 0.58772 0.62379 0.68325 0.75888 0.84547 0.91909 0.97379 1 0.9789 0.91585 0.81057 0.6754 0.51045 0.32747 0.12463 -0.09383 -0.28685 -0.4233 -0.53881 -0.66686
-0.0801 0.064569 -0.13942 0.24899 -0.52982 -0.72921 0.87828 -0.80387 0.84737 0.29 0.63624 -0.93051 0.87285 -0.67617 -0.91859 -0.012141 0.88741 0.80713 -0.069298 -0.72359 -0.98288 -0.95015 -0.72526 -0.39847 -0.082945 0.20115 0.40276 0.49418 0.52219 0.5241 0.56418 0.6291 0.71181 0.80773 0.89182 0.95868 0.99748 0.98968 0.93819 0.8433 0.71621 0.55737 0.37818 0.177 -0.042171 -0.23799 -0.37793 -0.49737 -0.63044
-0.0038425 0.11313 -0.043534 0.21625 -0.49243 -0.75282 0.79918 -0.86948 0.71108 0.10201 0.76389 -0.90082 0.92797 -0.55426 -0.96516 -0.1497 0.81982 0.87398 0.048173 -0.64215 -0.95914 -0.976 -0.78868 -0.48243 -0.17253 0.11537 0.32481 0.42246 0.45414 0.45838 0.50239 0.57253 0.66201 0.76687 0.86113 0.93988 0.99114 0.99666 0.95692 0.87274 0.75413 0.6019 0.42705 0.22809 0.0088266 -0.18927 -0.33232 -0.45539 -0.59317
0.071725 0.09571 0.066694 0.14522 -0.38511 -0.69339 0.65475 -0.87609 0.53853 -0.087254 0.86085 -0.84273 0.95674 -0.42093 -0.99065 -0.28239 0.73957 0.92674 0.16324 -0.55404 -0.92504 -0.99149 -0.84375 -0.56098 -0.25942 0.030005 0.24577 0.34908 0.38437 0.39104 0.43885 0.51396 0.60985 0.72324 0.82729 0.91765 0.98119 1 0.97214 0.89893 0.78918 0.64401 0.474 0.27781 0.059044 -0.1408 -0.28661 -0.41301 -0.55516
0.073228 0.021421 0.15382 0.051348 -0.22791 -0.56178 0.45998 -0.82609 0.34048 -0.26956 0.92496 -0.75937 0.95957 -0.27982 -0.99546 -0.40795 0.64855 0.96525 0.27447 -0.46064 -0.88141 -0.99692 -0.89033 -0.63366 -0.34302 -0.05433 0.16625 0.2746 0.31337 0.32256 0.374 0.45377 0.55568 0.67714 0.7906 0.89223 0.96781 0.99983 0.98395 0.92193 0.82137 0.68367 0.51897 0.32608 0.10838 -0.092716 -0.24091 -0.37036 -0.51654
0.007329 -0.067442 0.19044 -0.047538 -0.045918 -0.3755 0.23279 -0.72531 0.12827 -0.43757 0.95541 -0.65442 0.93754 -0.13453 -0.98042 -0.52446 0.54867 0.98958 0.38057 -0.36328 -0.82915 -0.99267 -0.92836 -0.70013 -0.42282 -0.13706 0.086794 0.19953 0.24164 0.25337 0.30822 0.39233 0.49985 0.6289 0.75134 0.86386 0.95121 0.99632 0.99245 0.9418 0.85071 0.72087 0.56192 0.37282 0.15672 -0.045119 -0.19536 -0.32754 -0.47744
-0.059502 -0.12144 0.1671 -0.13456 0.13485 -0.15625 -0.0077372 -0.58232 -0.08689 -0.58509 0.95264 -0.53195 0.89232 0.011526 -0.94668 -0.63027 0.4419 1 0.48042 -0.26327 -0.76917 -0.9792 -0.95787 -0.76009 -0.49837 -0.21767 0.0079404 0.12437 0.16961 0.18387 0.24191 0.32999 0.4427 0.57882 0.70977 0.83278 0.9316 0.98962 0.99776 0.95861 0.87724 0.75559 0.60281 0.41797 0.204 0.0018875 -0.15005 -0.28467 -0.43797
-0.070566 -0.11191 0.093522 -0.19641 0.29098 0.072761 -0.24296 -0.40758 -0.29445 -0.7072 0.91822 -0.39629 0.82603 0.15516 -0.8957 -0.72407 0.33014 0.99697 0.57306 -0.16183 -0.70242 -0.95704 -0.97897 -0.81335 -0.5693 -0.29568 -0.069832 0.049584 0.097711 0.11445 0.17542 0.2671 0.38452 0.52718 0.66618 0.79922 0.90917 0.97989 1 0.97244 0.901 0.78786 0.64161 0.46149 0.25014 0.048212 -0.10507 -0.24185 -0.39822
-0.023725 -0.045031 -0.0062426 -0.22502 0.40447 0.28924 -0.45602 -0.21268 -0.48498 -0.80036 0.85467 -0.2518 0.74119 0.29347 -0.82917 -0.80482 0.21525 0.98111 0.6577 -0.060139 -0.62986 -0.92676 -0.99184 -0.85979 -0.6353 -0.3707 -0.14608 -0.024418 0.026328 0.045459 0.10907 0.20396 0.32562 0.47428 0.6208 0.76341 0.88412 0.96729 0.99929 0.98337 0.92204 0.81767 0.67832 0.50331 0.29506 0.09377 -0.060533 -0.19917 -0.35829
0.03816 0.043992 -0.10224 -0.21816 0.46427 0.47384 -0.63293 -0.0094618 -0.65052 -0.86238 0.76528 -0.10281 0.6406 0.42384 -0.74895 -0.87179 0.099012 0.95318 0.73368 0.040728 -0.55244 -0.88898 -0.99673 -0.89933 -0.6961 -0.44235 -0.22041 -0.097242 -0.04418 -0.02277 0.043185 0.14086 0.26628 0.42037 0.5739 0.72559 0.85665 0.95199 0.99576 0.9915 0.94041 0.84506 0.71291 0.54341 0.33871 0.13849 -0.016506 -0.15673 -0.31829
0.067628 0.11099 -0.16782 -0.17905 0.46687 0.61164 -0.76322 0.19061 -0.78481 -0.89239 0.65392 0.04656 0.52719 0.54404 -0.65703 -0.92452 -0.016909 0.91402 0.80051 0.13976 -0.47108 -0.84433 -0.99393 -0.93199 -0.75152 -0.51033 -0.29246 -0.16854 -0.11348 -0.089936 -0.021965 0.078082 0.20676 0.36571 0.52571 0.68597 0.82696 0.93415 0.98954 0.99691 0.95617 0.87005 0.74539 0.58177 0.38104 0.1823 0.02693 -0.11459 -0.27829
0.046389 0.12515 -0.18668 -0.11526 0.4158 0.69302 -0.8404 0.37707 -0.8834 -0.89072 0.52487 0.19245 0.40403 0.65218 -0.55546 -0.96283 -0.13096 0.86459 0.85785 0.23606 -0.3867 -0.79348 -0.9838 -0.95782 -0.80141 -0.57436 -0.36191 -0.23798 -0.18128 -0.15577 -0.086114 0.015873 0.1473 0.31054 0.47646 0.64476 0.79523 0.91393 0.98076 0.99971 0.96939 0.89267 0.77577 0.61836 0.42201 0.22514 0.069707 -0.072844 -0.23838
-0.0074772 0.082436 -0.15622 -0.037172 0.3204 0.71397 -0.86192 0.54094 -0.94368 -0.85884 0.38266 0.33136 0.27416 0.74674 -0.44633 -0.98675 -0.24172 0.8059 0.90547 0.32878 -0.30017 -0.73709 -0.9667 -0.97691 -0.84568 -0.63423 -0.42848 -0.30529 -0.2473 -0.22001 -0.14902 -0.045535 0.088144 0.25508 0.42637 0.60216 0.76165 0.8915 0.96955 1 0.98015 0.91297 0.80407 0.65317 0.46157 0.26697 0.11176 -0.031553 -0.19862
-0.055551 0.0048075 -0.086852 0.043769 0.19403 0.67586 -0.829 0.67502 -0.96484 -0.7991 0.23188 0.46022 0.14058 0.82655 -0.33171 -0.99654 -0.34791 0.73902 0.94329 0.41722 -0.21233 -0.67586 -0.94306 -0.98943 -0.88428 -0.68977 -0.49193 -0.3702 -0.3113 -0.28244 -0.21048 -0.10593 0.02949 0.19953 0.37563 0.55837 0.7264 0.867 0.95605 0.99788 0.98851 0.931 0.83029 0.68619 0.49971 0.30772 0.15304 0.0092209 -0.15909
-0.065189 -0.072159 0.0020335 0.11669 0.052209 0.58475 -0.74617 0.77411 -0.94769 -0.71465 0.077039 0.57642 0.006138 0.89082 -0.21361 -0.99264 -0.44841 0.66501 0.97132 0.50072 -0.12396 -0.61044 -0.9133 -0.99555 -0.91722 -0.74082 -0.55204 -0.4325 -0.37307 -0.34287 -0.27029 -0.16511 -0.028462 0.14411 0.32445 0.51357 0.68966 0.8406 0.94038 0.99345 0.99455 0.9468 0.85446 0.71743 0.5364 0.34737 0.19349 0.049419 -0.11986
-0.029918 -0.11621 0.087791 0.17261 -0.089383 0.45042 -0.62063 0.83508 -0.89451 -0.60921 -0.077542 0.67781 -0.12647 0.93908 -0.093972 -0.97568 -0.54222 0.58499 0.98969 0.57874 -0.035826 -0.5415 -0.87789 -0.9955 -0.94452 -0.7873 -0.60865 -0.49199 -0.43242 -0.40112 -0.32828 -0.22292 -0.085532 0.088996 0.27301 0.46796 0.6516 0.81244 0.92268 0.98683 0.99835 0.96042 0.87662 0.74689 0.57161 0.38588 0.23306 0.08899 -0.080979
0.026723 -0.11158 0.15035 0.2054 -0.2165 0.28525 -0.46163 0.85679 -0.80881 -0.48692 -0.22784 0.76274 -0.25478 0.97118 0.025363 -0.9464 -0.62853 0.50004 0.99862 0.65083 0.051396 -0.46968 -0.83729 -0.98952 -0.96626 -0.82914 -0.66161 -0.5485 -0.48918 -0.45702 -0.38429 -0.27918 -0.14156 0.034352 0.22148 0.42168 0.61236 0.78268 0.90308 0.97811 1 0.97193 0.8968 0.77458 0.60535 0.42321 0.27173 0.12789 -0.042505
0.066786 -0.063674 0.17667 0.2122 -0.31764 0.10302 -0.27966 0.83998 -0.69507 -0.35212 -0.37022 0.83005 -0.37657 0.98724 0.14269 -0.90568 -0.70664 0.41124 0.99839 0.71661 0.13706 -0.39562 -0.79197 -0.9779 -0.98254 -0.8663 -0.7108 -0.60189 -0.54322 -0.51046 -0.4382 -0.33376 -0.19639 -0.01966 0.17002 0.37491 0.57213 0.75146 0.8817 0.96741 0.99957 0.98138 0.91502 0.80051 0.63759 0.45935 0.30945 0.16607 -0.0044869
0.063152 0.0056962 0.16297 0.19346 -0.38485 -0.082321 -0.085755 0.78707 -0.5585 -0.20928 -0.50149 0.87905 -0.4899 0.98767 0.25646 -0.85448 -0.77601 0.31962 0.98939 0.77579 0.22059 -0.31991 -0.74242 -0.96093 -0.99348 -0.89878 -0.75615 -0.65206 -0.59441 -0.56132 -0.48988 -0.38653 -0.24989 -0.072896 0.11878 0.32781 0.53103 0.71891 0.85866 0.95481 0.99716 0.98884 0.93134 0.8247 0.66834 0.49428 0.34618 0.20349 0.033029
0.017615 0.068741 0.11461 0.15254 -0.4141 -0.25761 0.10916 0.70187 -0.40477 -0.062767 -0.61894 0.90946 -0.5931 0.97307 0.36524 -0.79386 -0.83624 0.2262 0.97204 0.82816 0.30145 -0.24313 -0.6891 -0.93891 -0.99924 -0.92661 -0.7976 -0.69891 -0.64266 -0.6095 -0.53924 -0.43739 -0.30195 -0.12522 0.067915 0.2805 0.48922 0.68517 0.83408 0.94044 0.99284 0.99436 0.9458 0.84718 0.69761 0.52797 0.38192 0.24013 0.070001
-0.040265 0.10298 0.04394 0.095084 -0.4052 -0.41139 0.29487 0.58929 -0.23977 0.083228 -0.72039 0.92144 -0.68481 0.94428 0.46779 -0.72489 -0.88706 0.13194 0.94681 0.87358 0.37916 -0.16582 -0.6325 -0.91217 -1 -0.94984 -0.83511 -0.74237 -0.6879 -0.65494 -0.5862 -0.48624 -0.35244 -0.17652 0.017539 0.23314 0.44682 0.65038 0.80809 0.9244 0.98669 0.99802 0.95843 0.86796 0.72538 0.56042 0.41663 0.27595 0.10639
-0.073184 0.098875 -0.033085 0.028153 -0.36139 -0.53446 0.46236 0.45504 -0.069367 0.22481 -0.80417 0.91549 -0.76394 0.90227 0.56304 -0.64869 -0.92832 0.037735 0.91423 0.91197 0.45332 -0.088514 -0.57307 -0.88104 -0.99594 -0.96853 -0.86867 -0.78239 -0.73007 -0.69757 -0.63068 -0.53301 -0.40129 -0.22668 -0.032222 0.18583 0.40398 0.61465 0.7808 0.90677 0.97881 0.99988 0.96929 0.88708 0.75168 0.59162 0.4503 0.31093 0.14217
-0.060601 0.061545 -0.10056 -0.040648 -0.28866 -0.62035 0.60413 0.30531 0.10077 0.35845 -0.86912 0.89245 -0.82971 0.84816 0.65006 -0.56641 -0.95997 -0.055558 0.87486 0.94332 0.52355 -0.011678 -0.51126 -0.84585 -0.98728 -0.98277 -0.89829 -0.81896 -0.76912 -0.73735 -0.67264 -0.57762 -0.44841 -0.27561 -0.081259 0.13872 0.36081 0.57811 0.75233 0.88767 0.96928 1 0.97843 0.90456 0.77651 0.62157 0.48291 0.34505 0.1773
-0.011095 0.006925 -0.14587 -0.10402 -0.19492 -0.66543 0.71446 0.14648 0.26534 0.48107 -0.91459 0.85343 -0.88158 0.78319 0.72812 -0.47919 -0.98207 -0.14716 0.82926 0.96768 0.58954 0.064235 -0.44751 -0.80695 -0.97422 -0.99268 -0.924 -0.85205 -0.80504 -0.77426 -0.71204 -0.62002 -0.49373 -0.32321 -0.12947 0.091899 0.31742 0.54087 0.72277 0.86719 0.95818 0.99845 0.98588 0.92045 0.79989 0.65027 0.51446 0.37827 0.21175
0.044498 -0.045195 -0.16174 -0.15568 -0.089138 -0.66887 0.78954 -0.015145 0.41957 0.59008 -0.9404 0.79976 -0.91932 0.70865 0.79661 -0.38813 -0.9948 -0.23635 0.77803 0.98515 0.65103 0.13881 -0.38225 -0.76467 -0.95701 -0.99838 -0.94585 -0.88169 -0.83782 -0.80827 -0.74884 -0.66017 -0.53718 -0.36941 -0.17676 0.045478 0.27393 0.50304 0.69223 0.84543 0.94559 0.99531 0.99172 0.93476 0.82184 0.67771 0.54493 0.4106 0.24551
0.073352 -0.078362 -0.14712 -0.19094 0.019556 -0.63246 0.82744 -0.17358 0.55932 0.68338 -0.94677 0.73297 -0.94288 0.62591 0.85511 -0.29433 -0.99838 -0.32247 0.72177 0.99586 0.70781 0.21167 -0.31588 -0.71935 -0.93588 -1 -0.96389 -0.90788 -0.86746 -0.8394 -0.78304 -0.69804 -0.57872 -0.41414 -0.22306 -0.00044906 0.23044 0.46472 0.66082 0.82247 0.9316 0.99063 0.99598 0.94754 0.84237 0.7039 0.57432 0.44202 0.27855
0.060206 -0.084394 -0.10668 -0.20697 0.12259 -0.5602 0.82805 -0.32336 0.68111 0.7594 -0.93435 0.65472 -0.95248 0.53634 0.90335 -0.19884 -0.99313 -0.40494 0.6611 1 0.7597 0.28247 -0.24879 -0.67132 -0.91107 -0.99769 -0.97819 -0.93066 -0.89397 -0.86764 -0.81463 -0.7336 -0.61831 -0.45734 -0.26827 -0.045794 0.18705 0.42602 0.62863 0.7984 0.91627 0.98448 0.99872 0.95883 0.8615 0.72886 0.60262 0.47251 0.31086
0.014631 -0.064732 -0.049285 -0.20296 0.21258 -0.4579 0.79293 -0.45965 0.78223 0.81707 -0.90411 0.56676 -0.94852 0.44133 0.94116 -0.10267 -0.97945 -0.48325 0.5966 0.9978 0.80657 0.35089 -0.18134 -0.62091 -0.88283 -0.99161 -0.98886 -0.95009 -0.9174 -0.89302 -0.84361 -0.76684 -0.65592 -0.49896 -0.31234 -0.090475 0.14384 0.38702 0.59575 0.77332 0.8997 0.97693 1 0.96865 0.87927 0.75258 0.62984 0.50207 0.34241
-0.036894 -0.028483 0.013988 -0.18002 0.28375 -0.33264 0.72506 -0.57844 0.8607 0.85583 -0.8573 0.4709 -0.93156 0.34224 0.96854 -0.0067717 -0.95775 -0.55694 0.52888 0.9895 0.84835 0.41666 -0.11388 -0.56845 -0.85141 -0.98192 -0.99598 -0.96621 -0.93778 -0.91557 -0.87 -0.79777 -0.69152 -0.53896 -0.35521 -0.13442 0.10091 0.34783 0.56228 0.74731 0.88195 0.96804 0.99986 0.97706 0.89568 0.77508 0.65598 0.5307 0.37319
-0.067182 0.011578 0.072057 -0.14091 0.33218 -0.19227 0.62863 -0.67652 0.91531 0.87557 -0.79544 0.36897 -0.90234 0.24043 0.9856 0.087973 -0.92853 -0.62564 0.45852 0.97538 0.88499 0.47954 -0.046734 -0.51423 -0.81705 -0.9688 -0.99965 -0.9791 -0.95515 -0.93533 -0.89382 -0.82637 -0.7251 -0.5773 -0.39683 -0.17756 0.058319 0.30852 0.5283 0.72045 0.86311 0.95788 0.99836 0.98409 0.91077 0.79638 0.68105 0.55838 0.4032
-0.062621 0.043489 0.11569 -0.089676 0.35593 -0.044907 0.50872 -0.7516 0.94554 0.87661 -0.72021 0.26279 -0.86171 0.13718 0.99253 0.18074 -0.89229 -0.68902 0.38609 0.95575 0.91647 0.53931 0.019791 -0.45856 -0.78 -0.95242 -1 -0.98884 -0.96957 -0.95234 -0.9151 -0.85267 -0.75666 -0.61395 -0.43714 -0.21983 0.016154 0.26917 0.49388 0.69282 0.84323 0.94652 0.99555 0.98979 0.92457 0.81648 0.70504 0.58512 0.43242
-0.028287 0.059503 0.13887 -0.031183 0.3549 0.10154 0.371 -0.80226 0.95155 0.85964 -0.63346 0.15413 -0.81062 0.033706 0.98965 0.27077 -0.8496 -0.74682 0.31213 0.93092 0.94281 0.59579 0.085414 -0.40174 -0.74051 -0.93296 -0.99714 -0.99551 -0.98112 -0.96665 -0.93387 -0.87668 -0.78618 -0.6489 -0.47611 -0.26118 -0.025522 0.22987 0.45911 0.66449 0.8224 0.93401 0.99148 0.99418 0.9371 0.83541 0.72797 0.61092 0.46084
0.0172 0.057636 0.13937 0.029353 0.33071 0.23975 0.2215 -0.82793 0.93412 0.8257 -0.5371 0.044674 -0.75011 -0.068822 0.97735 0.35739 -0.80102 -0.79884 0.23717 0.90123 0.96405 0.64882 0.14987 -0.34403 -0.69882 -0.9106 -0.99121 -0.9992 -0.98986 -0.97832 -0.95019 -0.89843 -0.81368 -0.68212 -0.51371 -0.30156 -0.066646 0.19067 0.42407 0.63554 0.80069 0.92041 0.98621 0.99732 0.9484 0.85318 0.74984 0.63579 0.48847
0.052311 0.041251 0.11871 0.086833 0.28633 0.36331 0.066297 -0.82883 0.89456 0.77611 -0.43312 -0.063957 -0.68127 -0.16933 0.95609 0.43998 -0.74713 -0.84493 0.16171 0.86703 0.98029 0.69827 0.21293 -0.28571 -0.65516 -0.88553 -0.98232 -1 -0.99586 -0.98742 -0.96409 -0.91795 -0.83916 -0.71361 -0.5499 -0.34092 -0.10716 0.15165 0.38882 0.60604 0.77815 0.90579 0.97979 0.99925 0.95848 0.86982 0.77067 0.65972 0.51529
0.062718 0.017127 0.081503 0.13668 0.22582 0.46698 -0.08871 -0.80591 0.83461 0.71242 -0.32351 -0.17027 -0.60525 -0.26683 0.92639 0.518 -0.68853 -0.88501 0.08623 0.82865 0.99161 0.74406 0.27437 -0.22702 -0.60977 -0.85793 -0.97062 -0.99802 -0.99921 -0.99402 -0.97563 -0.93526 -0.86265 -0.74337 -0.58467 -0.37923 -0.14701 0.11286 0.35342 0.57605 0.75486 0.89021 0.97226 1 0.96739 0.88533 0.79047 0.68271 0.54131
0.046323 -0.0070598 0.034384 0.17518 0.15387 0.5468 -0.238 -0.76076 0.75643 0.63637 -0.21022 -0.27289 -0.52321 -0.36043 0.88883 0.591 -0.62581 -0.91903 0.011167 0.78647 0.99813 0.7861 0.33399 -0.16821 -0.56287 -0.82798 -0.95625 -0.99337 -1 -0.99819 -0.98486 -0.95042 -0.88415 -0.77138 -0.61799 -0.41645 -0.18616 0.074373 0.31795 0.54565 0.73087 0.87371 0.96369 0.99962 0.97515 0.89975 0.80925 0.70479 0.56653
0.012127 -0.025037 -0.015163 0.1997 0.075508 0.60019 -0.3766 -0.69549 0.66245 0.5498 -0.095176 -0.37057 -0.43631 -0.44933 0.84403 0.65856 -0.55956 -0.94699 -0.063058 0.74083 1 0.82434 0.39161 -0.1095 -0.51468 -0.79587 -0.93934 -0.98615 -0.99831 -1 -0.99185 -0.96346 -0.90371 -0.79767 -0.64987 -0.45256 -0.22455 0.036234 0.28246 0.51488 0.70625 0.85637 0.9541 0.99815 0.9818 0.91309 0.82703 0.72595 0.59094
-0.025052 -0.033414 -0.060012 0.20879 -0.0042899 0.62595 -0.50024 -0.61264 0.55531 0.45467 0.019814 -0.46222 -0.34569 -0.53281 0.79263 0.72037 -0.49036 -0.96893 -0.13605 0.69209 0.99737 0.85875 0.44708 -0.0511 -0.46541 -0.76177 -0.92003 -0.97648 -0.99424 -0.99953 -0.99666 -0.97442 -0.92133 -0.82223 -0.68027 -0.48751 -0.26215 -0.0015039 0.247 0.48382 0.68106 0.83823 0.94357 0.99563 0.98736 0.92538 0.84382 0.7462 0.61455
-0.051006 -0.032063 -0.094355 0.20225 -0.080873 0.62419 -0.60539 -0.51506 0.43781 0.35297 0.13304 -0.54688 -0.2525 -0.61027 0.73531 0.77617 -0.41879 -0.98493 -0.20747 0.64061 0.99041 0.88932 0.50025 0.0067832 -0.41526 -0.72586 -0.89846 -0.96446 -0.98788 -0.99687 -0.99935 -0.98337 -0.93707 -0.84509 -0.70921 -0.52131 -0.29893 -0.038796 0.21164 0.45251 0.65534 0.81934 0.93213 0.99209 0.99187 0.93663 0.85963 0.76556 0.63736
-0.057106 -0.023516 -0.11436 0.18103 -0.15016 0.59618 -0.68939 -0.40584 0.31276 0.24667 0.2429 -0.62376 -0.15781 -0.6812 0.67275 0.82575 -0.34541 -0.99511 -0.27697 0.58674 0.97931 0.91606 0.55101 0.063968 -0.36443 -0.68831 -0.87478 -0.95022 -0.97932 -0.9921 -1 -0.99034 -0.95094 -0.86625 -0.73668 -0.55392 -0.33484 -0.075599 0.17642 0.42102 0.62916 0.79975 0.91982 0.98759 0.99535 0.94688 0.87449 0.78403 0.65937
-0.042463 -0.011743 -0.11847 0.14708 -0.20882 0.54423 -0.7504 -0.28815 0.18302 0.13773 0.34798 -0.69219 -0.062681 -0.74517 0.60563 0.86898 -0.27074 -0.99961 -0.34425 0.53081 0.96426 0.939 0.59924 0.12028 -0.3131 -0.64929 -0.84913 -0.93386 -0.96867 -0.9853 -0.99867 -0.9954 -0.963 -0.88574 -0.76269 -0.58533 -0.36987 -0.11187 0.14139 0.38938 0.60256 0.77953 0.90671 0.98215 0.99785 0.95614 0.88841 0.80163 0.6806
-0.013236 -0.00075868 -0.10735 0.10312 -0.25435 0.47149 -0.78743 -0.1652 0.051343 0.028016 0.44697 -0.75165 0.031909 -0.80187 0.53466 0.90578 -0.1953 -0.99859 -0.40906 0.47317 0.94546 0.95818 0.64487 0.17557 -0.26145 -0.60897 -0.82163 -0.9155 -0.95602 -0.97656 -0.99543 -0.9986 -0.97327 -0.90358 -0.78723 -0.61554 -0.40399 -0.14758 0.10659 0.35766 0.5756 0.7587 0.89282 0.97582 0.99939 0.96444 0.90141 0.81837 0.70104
0.020079 0.0065227 -0.083569 0.052464 -0.28519 0.38175 -0.8003 -0.040151 -0.079633 -0.080687 0.53875 -0.80178 0.12503 -0.85103 0.46051 0.93611 -0.11959 -0.99227 -0.47115 0.41412 0.92311 0.97365 0.68783 0.22967 -0.20965 -0.5675 -0.79243 -0.89525 -0.94148 -0.96597 -0.99036 -1 -0.98181 -0.9198 -0.81032 -0.64454 -0.43718 -0.18269 0.072055 0.32589 0.54832 0.73733 0.8782 0.96864 1 0.97181 0.91351 0.83425 0.72071
0.046285 0.0089185 -0.051022 -0.0013245 -0.30064 0.2792 -0.78955 0.083999 -0.20743 -0.18672 0.62235 -0.84233 0.21583 -0.89252 0.38384 0.95999 -0.044057 -0.98085 -0.53031 0.35398 0.89743 0.98548 0.72804 0.28247 -0.15786 -0.52504 -0.76167 -0.87324 -0.92513 -0.9536 -0.98352 -0.99966 -0.98865 -0.93442 -0.83197 -0.67232 -0.46942 -0.21718 0.037835 0.29412 0.52077 0.71545 0.8629 0.96064 0.99972 0.97826 0.92472 0.8493 0.73961
0.056949 0.0070174 -0.014322 -0.054637 -0.30084 0.16827 -0.75641 0.20444 -0.32977 -0.28856 0.69698 -0.87319 0.30351 -0.92623 0.30532 0.9775 0.030849 -0.96457 -0.58636 0.29306 0.86864 0.99375 0.76548 0.33384 -0.10622 -0.48174 -0.72947 -0.84956 -0.90708 -0.93955 -0.975 -0.99763 -0.99384 -0.94747 -0.8522 -0.69888 -0.5007 -0.25101 0.0039605 0.26239 0.49298 0.69311 0.84695 0.95186 0.99857 0.98383 0.93507 0.86353 0.75775
0.048831 0.0027122 0.021862 -0.10407 -0.2867 0.053422 -0.70266 0.31861 -0.44463 -0.38484 0.76201 -0.89436 0.38737 -0.95217 0.22557 0.98873 0.10472 -0.94369 -0.63913 0.23164 0.83696 0.99856 0.8001 0.38368 -0.054886 -0.43774 -0.69596 -0.82434 -0.88742 -0.92391 -0.96487 -0.99398 -0.99743 -0.95898 -0.87102 -0.72423 -0.531 -0.28416 -0.029535 0.23074 0.46502 0.67035 0.8304 0.94234 0.99658 0.98853 0.94457 0.87696 0.77514
0.024687 -0.0015642 0.053371 -0.14664 -0.25972 -0.061028 -0.63056 0.42424 -0.55021 -0.47436 0.81696 -0.90596 0.46678 -0.97039 0.1452 0.99382 0.17718 -0.91845 -0.68851 0.16998 0.8026 1 0.8319 0.43187 -0.0039851 -0.39319 -0.66127 -0.79769 -0.86625 -0.90675 -0.9532 -0.98877 -0.99947 -0.96899 -0.88845 -0.74836 -0.56031 -0.31661 -0.062621 0.1992 0.4369 0.6472 0.81328 0.9321 0.9938 0.9924 0.95324 0.88959 0.7918
-0.0077309 -0.0036487 0.076986 -0.17993 -0.22192 -0.17105 -0.54275 0.51939 -0.64499 -0.55607 0.86152 -0.90818 0.54117 -0.98102 0.064773 0.99296 0.24788 -0.88913 -0.73438 0.10836 0.76577 0.99818 0.86087 0.47834 0.046358 -0.3482 -0.62552 -0.7697 -0.84367 -0.88817 -0.94006 -0.98206 -1 -0.97754 -0.9045 -0.77128 -0.58864 -0.34834 -0.09527 0.16781 0.40867 0.62372 0.79563 0.92119 0.99023 0.99545 0.96111 0.90144 0.80772
-0.038147 -0.0022845 0.090697 -0.20218 -0.17562 -0.27303 -0.44214 0.60244 -0.72774 -0.62911 0.89551 -0.90133 0.61008 -0.98421 -0.015156 0.98635 0.3165 -0.85601 -0.77665 0.047018 0.72671 0.99322 0.88701 0.52301 0.096028 -0.30291 -0.58883 -0.74049 -0.81976 -0.86824 -0.92552 -0.97391 -0.99907 -0.98464 -0.91921 -0.79301 -0.61596 -0.37934 -0.12746 0.13661 0.38037 0.59993 0.77749 0.90964 0.98593 0.99771 0.96819 0.91253 0.82292
-0.056985 0.0025587 0.093794 -0.2124 -0.12339 -0.36386 -0.3318 0.67213 -0.79749 -0.69279 0.9189 -0.88579 0.67309 -0.98021 -0.094079 0.97422 0.38275 -0.81938 -0.81527 -0.01382 0.68561 0.98524 0.91033 0.56582 0.14492 -0.25744 -0.55131 -0.71015 -0.79463 -0.84705 -0.90967 -0.96439 -0.99674 -0.99036 -0.93259 -0.81354 -0.64228 -0.40958 -0.15916 0.10561 0.35203 0.57588 0.75889 0.89748 0.9809 0.99921 0.9745 0.92287 0.83741
-0.058337 0.0097256 0.086801 -0.21033 -0.067807 -0.44099 -0.21486 0.72756 -0.85355 -0.74657 0.93178 -0.86201 0.72988 -0.96928 -0.17152 0.95681 0.44635 -0.77952 -0.8502 -0.073937 0.6427 0.97435 0.93086 0.6067 0.19293 -0.2119 -0.51307 -0.6788 -0.76835 -0.82468 -0.89256 -0.95355 -0.99305 -0.99471 -0.94467 -0.8329 -0.6676 -0.43905 -0.19035 0.074861 0.32368 0.55159 0.73987 0.88474 0.97519 0.99996 0.98006 0.93249 0.85121
-0.041745 0.017227 0.071273 -0.19641 -0.011427 -0.50249 -0.094456 0.76813 -0.89548 -0.79011 0.93437 -0.83048 0.78019 -0.95172 -0.24704 0.93441 0.5071 -0.73671 -0.88141 -0.13313 0.59817 0.9607 0.94864 0.64562 0.23996 -0.16641 -0.47423 -0.64652 -0.74102 -0.80121 -0.87427 -0.94145 -0.98805 -0.99774 -0.95548 -0.85109 -0.69191 -0.46776 -0.22101 0.044374 0.29535 0.52709 0.72046 0.87146 0.96882 1 0.9849 0.94139 0.86432
-0.01226 0.022783 0.049521 -0.17174 0.04338 -0.54705 0.026382 0.79361 -0.92312 -0.82319 0.92699 -0.79176 0.82385 -0.92789 -0.32024 0.9073 0.56476 -0.69124 -0.9089 -0.19122 0.55224 0.94441 0.96369 0.68253 0.28594 -0.12105 -0.43488 -0.61341 -0.71273 -0.77671 -0.85488 -0.92817 -0.9818 -0.99949 -0.96503 -0.86813 -0.71523 -0.49568 -0.25113 0.014179 0.26707 0.50243 0.70068 0.85766 0.96181 0.99934 0.98903 0.94959 0.87676
0.021216 0.024419 0.024274 -0.13795 0.094492 -0.574 0.14479 0.80405 -0.93652 -0.84575 0.91003 -0.74645 0.86071 -0.89814 -0.39075 0.87578 0.61918 -0.6434 -0.93268 -0.24802 0.50509 0.92562 0.97608 0.7174 0.33079 -0.075939 -0.39512 -0.57956 -0.68355 -0.75127 -0.83444 -0.91374 -0.97434 -1 -0.97337 -0.88403 -0.73755 -0.5228 -0.28068 -0.015702 0.23888 0.47762 0.68058 0.84337 0.9542 0.99801 0.99247 0.95711 0.88854
0.048731 0.020956 -0.0016492 -0.097077 0.14011 -0.58322 0.25811 0.79979 -0.93597 -0.85789 0.88401 -0.69516 0.89074 -0.86287 -0.45824 0.84016 0.6702 -0.59346 -0.95278 -0.30338 0.45692 0.90446 0.98584 0.75021 0.37444 -0.031157 -0.35505 -0.54507 -0.65357 -0.72495 -0.81302 -0.89824 -0.96572 -0.9993 -0.98051 -0.89881 -0.75888 -0.54913 -0.30967 -0.045248 0.21078 0.45271 0.66018 0.82863 0.94601 0.99603 0.99524 0.96396 0.89967
0.062296 0.012313 -0.025635 -0.051437 0.17877 -0.57515 0.36398 0.78141 -0.92192 -0.85979 0.84947 -0.63854 0.91392 -0.82249 -0.52242 0.80075 0.71769 -0.5417 -0.96924 -0.35716 0.40791 0.88108 0.99304 0.78094 0.41683 0.013207 -0.31475 -0.51001 -0.62287 -0.69783 -0.79069 -0.88172 -0.95599 -0.99744 -0.9865 -0.9125 -0.77923 -0.57466 -0.33806 -0.074438 0.18282 0.42771 0.63951 0.81346 0.93726 0.99342 0.99735 0.97017 0.91016
0.058187 -0.00044904 -0.04552 -0.0034842 0.20944 -0.55073 0.46033 0.74974 -0.89503 -0.85179 0.80705 -0.57724 0.93032 -0.77742 -0.58303 0.75787 0.76155 -0.48839 -0.98212 -0.40923 0.35823 0.8556 0.99773 0.8096 0.4579 0.057075 -0.27432 -0.47448 -0.59153 -0.66997 -0.76752 -0.86424 -0.94521 -0.99446 -0.99134 -0.9251 -0.7986 -0.59939 -0.36585 -0.10326 0.15501 0.40265 0.61859 0.79789 0.92799 0.99021 0.99884 0.97573 0.92003
0.037852 -0.015319 -0.059751 0.044323 0.23141 -0.5113 0.54539 0.70577 -0.8561 -0.83429 0.75741 -0.51194 0.94002 -0.7281 -0.63984 0.71185 0.80171 -0.43379 -0.99149 -0.45947 0.30807 0.82816 1 0.83616 0.49761 0.10037 -0.23384 -0.43854 -0.5596 -0.64145 -0.74355 -0.84585 -0.93341 -0.99038 -0.99509 -0.93663 -0.81701 -0.62331 -0.39303 -0.13168 0.12737 0.37755 0.59745 0.78193 0.91821 0.98642 0.99972 0.98068 0.92929
0.0072464 -0.029723 -0.067466 0.089649 0.24441 -0.45855 0.61778 0.65066 -0.80606 -0.80782 0.70126 -0.44329 0.94318 -0.67496 -0.69268 0.66301 0.8381 -0.37816 -0.99742 -0.50777 0.25757 0.79891 0.9999 0.86065 0.53591 0.14303 -0.19338 -0.40228 -0.52718 -0.61234 -0.71886 -0.82661 -0.92065 -0.98527 -0.99776 -0.94713 -0.83446 -0.64643 -0.4196 -0.15971 0.099929 0.35245 0.57613 0.76563 0.90795 0.98207 1 0.98503 0.93795
-0.025073 -0.041008 -0.068505 0.13038 0.24848 -0.39445 0.67643 0.58571 -0.74594 -0.77295 0.63934 -0.37196 0.93999 -0.61845 -0.74138 0.61167 0.8707 -0.32173 -1 -0.55405 0.20691 0.76797 0.99752 0.88306 0.57276 0.18498 -0.15301 -0.36577 -0.49433 -0.58268 -0.69351 -0.80657 -0.90698 -0.97914 -0.99938 -0.9566 -0.85097 -0.66875 -0.44554 -0.18731 0.072699 0.32735 0.55463 0.749 0.89723 0.97717 0.99971 0.98879 0.94602
-0.050466 -0.046936 -0.063342 0.16473 0.24398 -0.32114 0.72065 0.5123 -0.67686 -0.73034 0.57239 -0.29859 0.93067 -0.55901 -0.78583 0.55814 0.89948 -0.26476 -0.99933 -0.59822 0.15622 0.73549 0.99293 0.90342 0.60813 0.22617 -0.11282 -0.32907 -0.4611 -0.55256 -0.66754 -0.78578 -0.89243 -0.97205 -1 -0.96507 -0.86654 -0.69027 -0.47086 -0.21448 0.0457 0.3023 0.53299 0.73206 0.88607 0.97176 0.99886 0.99198 0.95352
-0.062538 -0.046086 -0.052973 0.19128 0.23154 -0.2409 0.75005 0.43187 -0.59999 -0.68069 0.50118 -0.2238 0.91548 -0.49707 -0.82592 0.50274 0.92445 -0.20745 -0.99551 -0.64022 0.10566 0.70158 0.9862 0.92174 0.642 0.26654 -0.072856 -0.29226 -0.42758 -0.52201 -0.64102 -0.76429 -0.87706 -0.96403 -0.99963 -0.97257 -0.8812 -0.71099 -0.49553 -0.24121 0.018949 0.27729 0.51122 0.71485 0.8745 0.96584 0.99747 0.99462 0.96047
-0.058681 -0.038103 -0.038767 0.20903 0.21204 -0.15606 0.76458 0.3459 -0.51656 -0.62473 0.42646 -0.14821 0.89469 -0.43307 -0.8616 0.44577 0.94563 -0.15003 -0.98865 -0.67999 0.055343 0.66638 0.97743 0.93805 0.67435 0.30604 -0.033191 -0.2554 -0.39381 -0.49111 -0.614 -0.74216 -0.86091 -0.95512 -0.99832 -0.9791 -0.89494 -0.73091 -0.51957 -0.26748 -0.0075398 0.25236 0.48936 0.69737 0.86254 0.95945 0.99556 0.99672 0.96686
-0.040471 -0.023762 -0.022301 0.21743 0.1865 -0.068916 0.76448 0.25589 -0.4278 -0.56323 0.34899 -0.0724 0.86862 -0.36741 -0.89283 0.38752 0.96305 -0.092702 -0.97887 -0.71748 0.0054075 0.63002 0.96669 0.95237 0.70515 0.34462 0.0061188 -0.21855 -0.35985 -0.45991 -0.58653 -0.71943 -0.84402 -0.94535 -0.99608 -0.98471 -0.9078 -0.75006 -0.54297 -0.2933 -0.033751 0.22751 0.46741 0.67966 0.85021 0.95259 0.99314 0.99829 0.97272
-0.012957 -0.0048457 -0.0051992 0.21636 0.15606 0.018304 0.75025 0.1633 -0.33496 -0.49698 0.2695 0.0030811 0.83759 -0.30051 -0.91959 0.32829 0.97675 -0.035664 -0.96628 -0.75265 -0.04403 0.59262 0.95407 0.96474 0.73441 0.38226 0.045019 -0.18177 -0.32577 -0.42846 -0.55866 -0.69615 -0.82644 -0.93477 -0.99295 -0.9894 -0.91978 -0.76842 -0.56573 -0.31864 -0.059672 0.20278 0.4454 0.66173 0.83753 0.9453 0.99024 0.99935 0.97806
0.016878 0.016135 0.011018 0.20611 0.12195 0.1035 0.72263 0.069564 -0.23926 -0.42677 0.18871 0.077707 0.80194 -0.23276 -0.94189 0.26836 0.98682 0.020903 -0.95102 -0.78549 -0.092859 0.55429 0.93965 0.97518 0.7621 0.4189 0.083458 -0.1451 -0.29161 -0.39681 -0.53043 -0.67236 -0.80821 -0.92341 -0.98897 -0.9932 -0.93089 -0.786 -0.58785 -0.3435 -0.08529 0.17817 0.42334 0.6436 0.82452 0.93758 0.98687 0.99991 0.98289
0.041998 0.036315 0.025053 0.18735 0.085406 0.18474 0.68258 -0.023945 -0.14191 -0.35339 0.10733 0.15099 0.76203 -0.16454 -0.95977 0.20799 0.9933 0.076825 -0.9332 -0.81596 -0.14098 0.51516 0.92352 0.98374 0.78823 0.45452 0.12139 -0.10861 -0.25743 -0.36501 -0.50191 -0.64811 -0.78936 -0.9113 -0.98416 -0.99614 -0.94116 -0.80282 -0.60932 -0.36788 -0.11059 0.1537 0.40126 0.6253 0.81119 0.92945 0.98304 1 0.98722
0.056969 0.052896 0.035915 0.16107 0.047657 0.2603 0.63123 -0.11593 -0.044069 -0.27763 0.025997 0.22246 0.71823 -0.096221 -0.97329 0.14743 0.9963 0.13194 -0.91296 -0.84405 -0.18828 0.47533 0.90576 0.99046 0.8128 0.48908 0.15876 -0.072346 -0.22327 -0.3331 -0.47312 -0.62343 -0.76994 -0.89849 -0.97854 -0.99824 -0.9506 -0.81888 -0.63015 -0.39177 -0.13557 0.12938 0.37917 0.60683 0.79757 0.92094 0.97878 0.99962 0.99107
0.059044 0.063541 0.042971 0.12853 0.00987 0.32868 0.56984 -0.20517 0.053164 -0.20025 -0.054646 0.29172 0.67089 -0.028139 -0.98251 0.086933 0.99591 0.1861 -0.89043 -0.86978 -0.23469 0.43492 0.88646 0.99538 0.8358 0.52257 0.19555 -0.036347 -0.18918 -0.30113 -0.44411 -0.59838 -0.74999 -0.885 -0.97216 -0.99952 -0.95922 -0.83419 -0.65035 -0.41517 -0.16022 0.10523 0.35709 0.58822 0.78368 0.91205 0.9741 0.99879 0.99444
0.04849 0.066701 0.045964 0.091165 -0.026875 0.38864 0.49978 -0.29058 0.14874 -0.12199 -0.13401 0.35837 0.6204 0.039376 -0.98752 0.026729 0.99222 0.23916 -0.86574 -0.89313 -0.28011 0.39403 0.8657 0.99855 0.85725 0.55495 0.2317 -0.00065877 -0.15521 -0.26915 -0.41493 -0.57299 -0.72954 -0.87087 -0.96504 -1 -0.96705 -0.84877 -0.6699 -0.43806 -0.18452 0.08126 0.33503 0.56949 0.76952 0.90281 0.969 0.99752 0.99736
0.028257 0.061764 0.044995 0.050553 -0.061607 0.43919 0.42251 -0.37114 0.24169 -0.04357 -0.21154 0.42206 0.56713 0.10602 -0.98843 -0.032963 0.98536 0.29099 -0.83903 -0.91412 -0.32447 0.35277 0.84357 1 0.87716 0.58621 0.26718 0.034677 -0.12139 -0.23718 -0.38561 -0.54729 -0.70863 -0.85614 -0.9572 -0.99971 -0.97409 -0.86261 -0.68882 -0.46046 -0.20847 0.057481 0.31301 0.55064 0.75513 0.89324 0.96352 0.99583 0.99983
