-0.0088289 -0.015812 -0.020752 0.021999 0.1126 -0.11336 0.27199 -0.34414 0.56545 0.70163 0.13454 -0.58738 0.53527 -0.73666 0.86295 0.051611 -0.89138 0.23828 0.91172 0.44353 -0.38515 -0.8975 -0.63295 0.20028 0.8376 0.83217 0.34084 -0.3725 -0.83528 -0.88954 -0.51926 0.059369 0.58897 0.9081 0.86504 0.36861 -0.45603 -0.90848 -0.89968 -0.58848 -0.052543 0.44974 0.77706 0.9291 0.9505 0.8665 0.68029 0.38982 0.0057478
-0.056953 -0.013202 -0.039828 -0.21363 0.048425 -0.22626 0.32836 0.011424 -0.43742 -0.63912 -0.39216 0.63496 -0.66784 0.90625 -0.58376 -0.64337 0.73943 0.5958 -0.44493 -0.92361 -0.67883 0.037644 0.76374 0.88597 0.35741 -0.36715 -0.83349 -0.90463 -0.5621 0.068439 0.61696 0.91909 0.89635 0.56559 0.010684 -0.63093 -0.95318 -0.67493 -0.1971 0.32909 0.7753 0.95643 0.91092 0.73991 0.50587 0.23102 -0.079562 -0.40826 -0.71507
-0.0015491 0.056892 -0.02778 0.027881 -0.028273 -0.1919 -0.2117 0.39889 0.075769 0.50682 0.42532 -0.49799 0.84213 -0.88157 -0.084809 0.93172 0.096655 -0.90086 -0.62864 0.12736 0.73532 0.92657 0.52022 -0.24171 -0.8203 -0.90812 -0.58739 0.016533 0.55656 0.91247 0.89761 0.58507 0.11168 -0.41433 -0.82504 -0.93849 -0.4896 0.18322 0.65022 0.92057 0.92633 0.68661 0.35318 0.02829 -0.2629 -0.52038 -0.7428 -0.90659 -0.96821
0.037068 0.070659 0.10665 0.15629 -0.13055 0.21282 -0.36856 -0.45155 0.18776 -0.48031 -0.27043 0.14917 -0.82054 0.39105 0.81062 -0.37707 -0.89948 0.023668 0.80384 0.90856 0.54791 -0.085346 -0.72352 -0.93238 -0.61272 -0.016529 0.51853 0.89383 0.92145 0.6123 0.12969 -0.3779 -0.75973 -0.9489 -0.8572 -0.40123 0.3664 0.85523 0.96008 0.81093 0.42318 -0.028124 -0.40179 -0.66366 -0.8367 -0.93828 -0.96802 -0.90594 -0.72283
0.047741 -0.027022 0.0622 0.12853 -0.18285 0.3227 0.54756 0.31311 -0.29469 0.58577 -0.08636 0.39768 0.35141 0.47754 -0.8204 -0.67539 0.49018 0.92611 0.42432 -0.22911 -0.71841 -0.94006 -0.72988 -0.13987 0.49548 0.87838 0.92564 0.66082 0.22294 -0.336 -0.74192 -0.94184 -0.90736 -0.64606 -0.18946 0.42261 0.91347 0.89638 0.61388 0.19001 -0.31227 -0.69004 -0.89396 -0.96537 -0.95226 -0.87348 -0.72509 -0.49532 -0.17645
-0.0033666 0.035694 -0.1586 0.0545 0.076385 -0.4349 -0.35919 -0.18458 0.2544 -0.76127 0.58026 -0.87976 0.46634 -0.95925 -0.18028 0.80709 0.73548 -0.21802 -0.82927 -0.93587 -0.72348 -0.26447 0.36027 0.8321 0.93132 0.6793 0.26535 -0.27099 -0.67493 -0.93136 -0.91821 -0.69021 -0.32671 0.13036 0.58367 0.92183 0.84579 0.3855 -0.074266 -0.50592 -0.84421 -0.96678 -0.92525 -0.80109 -0.63612 -0.43773 -0.19692 0.088701 0.40689
-0.077965 -0.072743 -0.23086 -0.0051658 0.40013 0.092288 0.10748 0.15076 -0.057611 0.84209 -0.92816 0.79504 -0.90542 0.28207 0.96348 0.40625 -0.61831 -0.93558 -0.5639 -0.06121 0.39553 0.77906 0.94635 0.74869 0.28025 -0.24512 -0.64 -0.9136 -0.94064 -0.72668 -0.36591 0.062433 0.45747 0.78544 0.95432 0.84759 0.30177 -0.3085 -0.69026 -0.91908 -0.95429 -0.79721 -0.55937 -0.31755 -0.087243 0.13941 0.37392 0.61029 0.82271
0.025174 0.023049 -0.20647 0.065689 -0.19085 0.29278 0.050671 -0.23296 -0.2927 -0.59271 0.6968 0.063509 0.25629 0.84061 -0.14283 -0.87388 -0.76968 0.020092 0.62152 0.89239 0.94516 0.8018 0.3956 -0.15596 -0.63696 -0.90384 -0.94129 -0.76797 -0.45783 0.0055889 0.41715 0.74135 0.9234 0.95048 0.77798 0.33044 -0.3671 -0.82183 -0.96299 -0.91447 -0.6653 -0.32226 -0.0016378 0.25533 0.46297 0.63983 0.79547 0.91753 0.97455
0.062903 0.047686 -0.1686 0.25189 -0.35419 -0.53367 -0.076724 0.41795 0.68265 -0.075506 0.1941 -0.91178 0.80049 -0.5784 -0.95912 -0.4682 0.43233 0.93351 0.87771 0.62748 0.31293 -0.091007 -0.55644 -0.87862 -0.94231 -0.77111 -0.48444 -0.057823 0.3241 0.70335 0.90932 0.95946 0.86153 0.61453 0.22731 -0.31633 -0.84122 -0.96397 -0.83606 -0.56049 -0.14813 0.24089 0.52811 0.71727 0.84319 0.9267 0.97127 0.96083 0.86545
-0.046049 0.052137 -0.063893 0.017764 0.63654 0.65089 -0.038625 -0.62937 -0.82122 0.77709 -0.93984 0.5263 -0.55835 -0.77529 0.073879 0.75227 0.93757 0.48885 -0.024593 -0.3863 -0.64818 -0.86411 -0.95279 -0.8081 -0.47079 -0.059599 0.29693 0.6618 0.87247 0.9616 0.8815 0.67206 0.3821 0.010507 -0.39697 -0.80142 -0.96165 -0.7386 -0.41758 -0.033744 0.39127 0.7013 0.87494 0.95275 0.97541 0.95799 0.89579 0.7718 0.56286
-0.1009 0.085652 0.15909 -0.45479 -0.60437 -0.70196 0.29309 0.69251 0.40232 -0.74417 0.47395 0.71642 -0.72722 0.53557 0.97294 0.77514 0.098848 -0.57937 -0.87579 -0.95474 -0.93716 -0.82231 -0.53081 -0.10775 0.32525 0.66462 0.85947 0.96088 0.9147 0.70882 0.42377 0.087722 -0.24185 -0.57006 -0.83758 -0.96771 -0.73918 -0.27787 0.1131 0.47749 0.79132 0.94578 0.97415 0.93644 0.86564 0.76612 0.62536 0.42797 0.16053
0.0096847 -0.010621 0.23964 0.31044 0.45481 0.69952 -0.62428 -0.4004 0.43763 -0.21673 0.73689 -0.69866 0.54412 0.89578 0.3242 -0.30501 -0.84976 -0.94573 -0.77285 -0.57827 -0.38111 -0.10683 0.27855 0.64229 0.8788 0.95712 0.91292 0.73926 0.50182 0.13718 -0.1993 -0.50672 -0.74349 -0.9144 -0.96617 -0.80678 -0.29555 0.24375 0.58634 0.83515 0.96815 0.94571 0.83947 0.71028 0.57483 0.4256 0.24455 0.019971 -0.25089
-0.025571 -0.074786 -0.2283 0.18799 -0.34375 -0.59738 0.84558 -0.2379 -0.87496 0.91798 -0.70862 -0.69584 0.83642 -0.18347 -0.77876 -0.97079 -0.78839 -0.30601 0.068043 0.2928 0.46239 0.66246 0.86839 0.95861 0.89609 0.71641 0.50028 0.17576 -0.11677 -0.46708 -0.71685 -0.8874 -0.96317 -0.94153 -0.78724 -0.41454 0.21046 0.67588 0.88835 0.97376 0.91311 0.73729 0.53452 0.35199 0.18728 0.023033 -0.16095 -0.37133 -0.60093
-0.053532 -0.036429 -0.45192 -0.59788 0.34073 0.31839 -0.67993 0.75308 0.20519 -0.15312 -0.66403 0.60909 -0.24695 -0.97928 -0.84721 -0.48819 0.10087 0.60676 0.82377 0.90344 0.94147 0.96248 0.90234 0.71752 0.43985 0.13376 -0.12436 -0.43941 -0.66244 -0.86995 -0.95873 -0.95615 -0.87082 -0.68824 -0.39547 0.070106 0.64016 0.92593 0.97359 0.8942 0.67137 0.39279 0.14293 -0.052908 -0.21417 -0.36403 -0.52128 -0.68694 -0.8457
0.085684 0.054584 0.53361 0.78887 -0.46253 0.16306 0.013307 -0.49634 0.80692 -0.90812 0.67706 0.86655 -0.95033 -0.46118 0.087471 0.49933 0.86878 0.96775 0.90859 0.84648 0.78627 0.67151 0.43362 0.11703 -0.20801 -0.48474 -0.67213 -0.85956 -0.9459 -0.96089 -0.88483 -0.73516 -0.53616 -0.2622 0.078855 0.51617 0.90483 0.96451 0.85476 0.6432 0.31543 -0.0057328 -0.25474 -0.43023 -0.56334 -0.67841 -0.7898 -0.89299 -0.96694
0.16139 0.041804 0.14451 -0.84247 0.68259 -0.69509 0.75346 -0.42281 -0.51832 0.20346 0.80466 -0.23378 -0.34472 0.60334 0.90461 0.97858 0.8606 0.55863 0.34372 0.24195 0.16936 0.024646 -0.23558 -0.51471 -0.74064 -0.88415 -0.94657 -0.9625 -0.90863 -0.75366 -0.55935 -0.3244 -0.078951 0.20852 0.51427 0.8307 0.97181 0.81309 0.58257 0.28979 -0.077539 -0.38514 -0.59501 -0.72691 -0.81704 -0.88665 -0.94358 -0.97844 -0.96703
-0.015314 -0.25079 -0.77717 0.86566 -0.90573 0.90367 -0.80633 0.78705 -0.72649 0.93827 -0.38968 -0.98431 0.68174 0.97641 0.81214 0.58508 0.17356 -0.23547 -0.4244 -0.484 -0.5166 -0.61043 -0.77184 -0.90481 -0.96262 -0.94622 -0.88934 -0.75684 -0.60397 -0.34589 -0.10168 0.14856 0.37696 0.61332 0.82436 0.96861 0.85505 0.52464 0.22448 -0.094301 -0.44112 -0.69142 -0.83712 -0.91338 -0.95508 -0.97709 -0.97977 -0.94991 -0.86259
-0.061626 -0.51003 0.9406 -0.91434 0.94956 -0.44148 -0.12535 0.11508 0.5565 0.032166 -0.98331 -0.43023 0.90886 0.35481 -0.0053651 -0.26508 -0.61654 -0.85019 -0.9159 -0.92427 -0.92387 -0.94668 -0.96725 -0.93269 -0.83365 -0.69324 -0.56074 -0.34207 -0.1494 0.13225 0.36101 0.56853 0.73434 0.8791 0.9663 0.92817 0.59895 0.16453 -0.15227 -0.4479 -0.72764 -0.89279 -0.96277 -0.98122 -0.97649 -0.95518 -0.91017 -0.8257 -0.67825
-0.35148 0.1004 -0.75622 0.98075 -0.61169 -0.48754 0.93855 -0.84985 0.7986 -0.92399 -0.20584 0.63112 0.17874 -0.5774 -0.79436 -0.89493 -0.97594 -0.94 -0.8978 -0.89621 -0.90261 -0.8814 -0.78924 -0.63345 -0.4397 -0.24162 -0.088062 0.14556 0.32335 0.56054 0.72686 0.85577 0.93635 0.97489 0.9371 0.73915 0.2617 -0.20424 -0.49176 -0.72712 -0.91014 -0.9781 -0.97235 -0.93829 -0.89424 -0.83794 -0.75562 -0.63031 -0.44154
-0.24611 0.84062 0.48096 -0.99414 -0.12449 0.95523 -0.3279 -0.04238 -0.35937 -0.5009 0.82039 0.97112 -0.70647 -0.99423 -0.96321 -0.90544 -0.7369 -0.51703 -0.43904 -0.46812 -0.51293 -0.48777 -0.34522 -0.14345 0.06907 0.25878 0.38858 0.57915 0.70503 0.85429 0.93498 0.97294 0.96671 0.90612 0.76306 0.44886 -0.09812 -0.53039 -0.75478 -0.90698 -0.98041 -0.9526 -0.87972 -0.80323 -0.72978 -0.64876 -0.54114 -0.39003 -0.17915
-0.040809 -0.3251 -0.27913 0.83525 0.86658 -0.24069 -0.86481 0.86878 -0.93622 0.60477 0.86307 0.31488 -0.94609 -0.6262 -0.46365 -0.35961 -0.099881 0.14831 0.20128 0.13642 0.054602 0.058866 0.19137 0.36996 0.5398 0.67499 0.75593 0.86948 0.92785 0.97301 0.96683 0.92092 0.84177 0.70375 0.48749 0.10991 -0.43064 -0.77869 -0.91974 -0.97961 -0.94494 -0.83282 -0.70684 -0.60037 -0.50835 -0.41311 -0.29216 -0.12976 0.085431
0.048983 -0.74064 0.21281 -0.39813 -0.93444 -0.85246 0.48258 0.21191 -0.10662 0.93095 -0.0294 -0.62009 -0.41081 0.17805 0.31344 0.37131 0.5664 0.72332 0.73616 0.66826 0.58294 0.56703 0.65274 0.7653 0.85915 0.92022 0.94744 0.97497 0.96869 0.91671 0.83841 0.72844 0.59898 0.4125 0.15943 -0.22898 -0.69934 -0.93037 -0.98076 -0.95067 -0.82025 -0.64168 -0.47921 -0.35563 -0.25532 -0.15549 -0.03197 0.12889 0.33325
0.2685 1 -0.29094 -0.28246 0.061465 0.64298 0.86744 -0.8117 0.86593 0.1632 -0.87161 -0.99487 0.41788 0.84051 0.88336 0.88586 0.94722 0.97577 0.97328 0.95079 0.90871 0.89299 0.92373 0.95826 0.97143 0.96214 0.94569 0.89781 0.84198 0.71536 0.5885 0.44005 0.28554 0.080577 -0.17476 -0.52857 -0.88235 -0.98119 -0.94429 -0.83516 -0.62839 -0.40435 -0.22232 -0.093484 0.0062192 0.10264 0.21982 0.36869 0.55026
0.73027 -0.49463 0.49412 0.90956 0.92655 0.67655 -0.3932 -0.56827 0.71494 -0.76801 -0.88829 -0.56589 0.9356 0.97281 0.96132 0.96051 0.91003 0.84354 0.86259 0.92171 0.95957 0.97002 0.95914 0.928 0.87669 0.81597 0.77335 0.67238 0.58747 0.41608 0.26656 0.10534 -0.050939 -0.24788 -0.47681 -0.76157 -0.97123 -0.93816 -0.82517 -0.65339 -0.39332 -0.14522 0.040783 0.16485 0.25695 0.34387 0.44797 0.57701 0.72718
1 -0.14143 -0.76557 -1 -0.73558 -0.76604 -0.96357 0.505 -0.2876 -0.912 -0.1458 0.26849 0.84235 0.5565 0.5611 0.60961 0.51506 0.41608 0.47832 0.62415 0.75248 0.80695 0.77737 0.70605 0.61681 0.52949 0.47888 0.35108 0.25729 0.071477 -0.077287 -0.22939 -0.36891 -0.53737 -0.71919 -0.91282 -0.96861 -0.81597 -0.64305 -0.42768 -0.13811 0.11417 0.2909 0.40245 0.48197 0.55524 0.64166 0.74561 0.85896
0.49568 0.54103 0.9899 0.30275 -0.52623 -0.66019 0.056675 0.89324 -0.9575 -0.20576 0.6923 0.89606 0.25488 -0.13462 -0.082755 0.02213 -0.054437 -0.13344 -0.034801 0.16847 0.36725 0.46743 0.44062 0.35671 0.25687 0.16619 0.12173 -0.0086685 -0.095159 -0.26938 -0.39932 -0.5263 -0.63656 -0.76314 -0.88553 -0.9779 -0.88511 -0.63361 -0.41928 -0.1798 0.11686 0.3562 0.51329 0.60693 0.67082 0.72809 0.79422 0.87014 0.94407
-0.18642 -0.67891 -1 0.70499 0.96682 0.70629 0.98577 0.15328 -0.63127 0.66274 0.9997 0.939 -0.45515 -0.73944 -0.67087 -0.55455 -0.5868 -0.6241 -0.521 -0.31364 -0.088288 0.042202 0.031111 -0.043471 -0.13242 -0.20945 -0.23987 -0.35434 -0.42314 -0.56672 -0.66627 -0.75859 -0.83311 -0.91123 -0.96963 -0.96098 -0.73638 -0.41159 -0.17462 0.070765 0.35491 0.56768 0.69776 0.77026 0.81717 0.85763 0.90252 0.94949 0.98379
0.30605 0.65868 0.6564 -0.98232 0.25023 0.80981 0.49208 -0.76237 0.29351 0.98091 0.61778 0.42986 -0.91441 -0.99696 -0.97714 -0.91923 -0.91864 -0.92324 -0.85858 -0.70705 -0.5097 -0.37659 -0.36979 -0.42264 -0.48805 -0.54245 -0.55732 -0.64452 -0.69115 -0.79284 -0.85673 -0.91086 -0.94839 -0.97737 -0.97361 -0.87236 -0.54053 -0.16978 0.072329 0.30779 0.56346 0.73969 0.83823 0.88832 0.91824 0.94229 0.96636 0.98506 0.98138
0.72808 -0.57119 0.0029704 0.082374 -1 -0.44107 -0.65657 -0.83597 0.93947 0.56102 -0.14433 -0.29861 -0.93064 -0.83571 -0.91832 -0.97495 -0.97396 -0.97223 -0.98283 -0.93605 -0.81742 -0.71383 -0.69621 -0.72471 -0.76292 -0.79326 -0.7962 -0.85171 -0.87672 -0.93247 -0.9608 -0.97806 -0.98138 -0.96509 -0.9058 -0.72612 -0.31597 0.073986 0.30608 0.51879 0.73398 0.86728 0.93225 0.96017 0.97418 0.9831 0.98779 0.98011 0.94153
-0.69567 0.46047 -0.65446 0.92014 -0.21422 -0.98946 -0.9677 -0.055305 0.79272 -0.23786 -0.79973 -0.85437 -0.53979 -0.3597 -0.55121 -0.73617 -0.76591 -0.78472 -0.88826 -0.97165 -0.96683 -0.92134 -0.90544 -0.91457 -0.9291 -0.93966 -0.93737 -0.96246 -0.96993 -0.98162 -0.97839 -0.96356 -0.93819 -0.88359 -0.77856 -0.5381 -0.079974 0.30484 0.51462 0.69498 0.86159 0.94878 0.98027 0.98746 0.98732 0.98301 0.97045 0.93916 0.86973
-0.60735 -0.33844 0.82036 -0.56559 0.96428 -0.079259 -0.1402 0.76877 0.035292 -0.86346 -0.99771 -0.99078 0.059274 0.22947 -0.022569 -0.29946 -0.37329 -0.42702 -0.61639 -0.82686 -0.9486 -0.97994 -0.97939 -0.97853 -0.97732 -0.97567 -0.9759 -0.97571 -0.97166 -0.94535 -0.91701 -0.87696 -0.82987 -0.74567 -0.60638 -0.3243 0.15239 0.51119 0.68946 0.83104 0.94459 0.98524 0.98496 0.97367 0.96162 0.94631 0.91906 0.86746 0.77182
0.86681 0.20817 -0.29938 -0.66909 0.39371 0.92557 0.82708 0.89725 -0.73126 -0.95293 -0.67983 -0.68765 0.61865 0.7242 0.49607 0.20132 0.093623 0.0084984 -0.2368 -0.54483 -0.78243 -0.89609 -0.92178 -0.92138 -0.914 -0.90863 -0.91837 -0.90015 -0.89106 -0.8353 -0.7894 -0.73185 -0.67043 -0.56597 -0.40433 -0.099692 0.36876 0.68481 0.82538 0.92464 0.9838 0.97971 0.9506 0.9236 0.90205 0.87812 0.83894 0.7706 0.65369
-0.2684 -0.082331 -0.46161 0.72833 -0.823 0.71784 0.9272 0.2767 -0.98689 -0.5037 -0.046721 -0.11144 0.94343 0.97972 0.86329 0.6377 0.5256 0.42859 0.17241 -0.18471 -0.50747 -0.69523 -0.75284 -0.76173 -0.75696 -0.75545 -0.77967 -0.75116 -0.74287 -0.6672 -0.61129 -0.54384 -0.4751 -0.35944 -0.18687 0.12256 0.5597 0.82056 0.92002 0.97595 0.982 0.93666 0.88244 0.84276 0.81415 0.78393 0.73561 0.65419 0.52095
-0.065272 -0.010153 0.65523 0.52456 -0.7014 -0.35498 0.13311 -0.54967 -0.61334 0.19907 0.58884 0.49051 0.94778 0.94465 0.99949 0.91644 0.83795 0.75767 0.54045 0.19159 -0.17219 -0.41414 -0.50308 -0.52675 -0.53102 -0.53873 -0.57971 -0.54793 -0.54489 -0.45864 -0.39948 -0.32892 -0.25897 -0.14027 0.032984 0.33153 0.71862 0.91604 0.97338 0.98704 0.94334 0.86143 0.78632 0.737 0.70366 0.66935 0.61455 0.52359 0.37884
0.027704 0.035786 -0.052337 -0.71658 0.46023 -1 -0.76434 -0.96088 0.11415 0.7857 0.96039 0.89915 0.65984 0.65588 0.8939 0.99315 0.98255 0.94801 0.81417 0.52947 0.17446 -0.093705 -0.2074 -0.24726 -0.2638 -0.28332 -0.34051 -0.31098 -0.31588 -0.2273 -0.1704 -0.10227 -0.035977 0.078876 0.24412 0.51873 0.84159 0.97113 0.98736 0.96143 0.87283 0.75983 0.66821 0.61218 0.57622 0.53977 0.48096 0.38378 0.23203
0.024524 0.013052 -0.54105 -0.53562 0.93442 -0.56042 -0.99442 -0.70714 0.76113 0.99484 0.94621 0.9945 0.18976 0.21037 0.59274 0.87142 0.94937 0.98214 0.96277 0.78801 0.48968 0.22699 0.099821 0.046309 0.017543 -0.013505 -0.083769 -0.060171 -0.073852 0.010354 0.061023 0.12258 0.1817 0.2873 0.43762 0.67803 0.92691 0.98755 0.9652 0.90357 0.77599 0.63775 0.53396 0.47391 0.43714 0.40026 0.33962 0.23927 0.084612
0.037252 -0.089666 0.28981 0.58995 0.15555 0.43147 -0.42797 -0.0038998 0.99707 0.76854 0.58625 0.77481 -0.31834 -0.27148 0.17723 0.59226 0.76036 0.8694 0.97768 0.94268 0.74089 0.51479 0.38829 0.32686 0.28882 0.24896 0.17078 0.18671 0.16507 0.24001 0.28198 0.3343 0.38405 0.47649 0.60676 0.80552 0.97484 0.96833 0.91112 0.81847 0.65842 0.50088 0.38905 0.32739 0.29132 0.25539 0.19482 0.093975 -0.059922
-0.13361 0.10606 0.36258 0.64652 -0.78545 0.9886 0.44507 0.68832 0.74099 0.2365 0.035463 0.33334 -0.73161 -0.67889 -0.2605 0.2188 0.45929 0.63908 0.86924 0.98512 0.90742 0.74484 0.63403 0.57251 0.53027 0.48618 0.40654 0.41481 0.38737 0.44997 0.48219 0.52395 0.56331 0.64012 0.74695 0.89926 0.98708 0.91747 0.82988 0.71136 0.52563 0.35458 0.2385 0.17727 0.1431 0.10921 0.050284 -0.048729 -0.19869
0.17852 -0.0084502 -0.32252 -0.33254 -0.76326 0.64926 0.98352 0.97676 0.15165 -0.3717 -0.51097 -0.1876 -0.95953 -0.93326 -0.63766 -0.17925 0.10039 0.33218 0.66154 0.92087 0.98043 0.90148 0.82036 0.76745 0.72734 0.68468 0.61063 0.61265 0.58255 0.63136 0.65399 0.68499 0.71399 0.77396 0.8555 0.95895 0.9665 0.83954 0.72652 0.58746 0.38277 0.20369 0.086757 0.027626 -0.0037432 -0.034787 -0.090812 -0.18605 -0.32938
-0.15045 -0.13864 -0.26626 -0.73791 0.10478 -0.22562 0.85694 0.73851 -0.48849 -0.83094 -0.88713 -0.64499 -0.96699 -0.9981 -0.8942 -0.53838 -0.26175 -0.0064704 0.3867 0.76598 0.96149 0.97791 0.93798 0.9021 0.87077 0.83555 0.77403 0.77219 0.74311 0.77809 0.79221 0.81321 0.83264 0.87563 0.93137 0.98563 0.91674 0.73938 0.60606 0.45175 0.23459 0.052473 -0.062371 -0.11806 -0.14603 -0.17369 -0.22585 -0.31572 -0.4502
0.069157 0.17728 0.26565 -0.057605 0.82361 -0.89604 0.19875 0.13434 -0.91472 -0.99835 -1 -0.93198 -0.77131 -0.87797 -0.99887 -0.80999 -0.57995 -0.33461 0.079591 0.54327 0.86034 0.97505 0.98426 0.9726 0.95624 0.93414 0.8914 0.8887 0.86444 0.88666 0.89401 0.9064 0.91766 0.94439 0.97493 0.9814 0.84189 0.62187 0.47335 0.30885 0.085272 -0.095402 -0.20568 -0.25694 -0.28116 -0.30513 -0.35272 -0.43598 -0.55985
0.034404 -0.029611 0.24505 0.64664 0.69342 -0.87658 -0.55929 -0.52082 -0.98104 -0.84483 -0.84163 -0.99676 -0.42862 -0.60973 -0.94871 -0.96462 -0.81922 -0.61717 -0.22654 0.2787 0.69243 0.90002 0.96218 0.98001 0.98373 0.97958 0.96073 0.96032 0.94452 0.95581 0.95852 0.96416 0.96897 0.98081 0.98762 0.94909 0.7463 0.49172 0.33291 0.16293 -0.061543 -0.23688 -0.34057 -0.38672 -0.40706 -0.42725 -0.4698 -0.54553 -0.65743
-0.12838 -0.15845 -0.16592 0.46383 -0.079766 -0.2391 -0.98684 -0.92986 -0.69258 -0.44287 -0.47512 -0.84398 -0.015437 -0.24997 -0.76418 -0.99238 -0.95884 -0.82887 -0.50319 -0.0016999 0.47652 0.76434 0.87906 0.9293 0.95667 0.97406 0.98278 0.98768 0.98349 0.9862 0.98656 0.98749 0.98778 0.98655 0.97174 0.89206 0.63435 0.35339 0.18883 0.017661 -0.2028 -0.3695 -0.46502 -0.50564 -0.52217 -0.53863 -0.57591 -0.64347 -0.74241
0.18087 0.15184 -0.2495 -0.26721 -0.74476 0.53792 -0.88565 -0.9388 -0.17611 0.073484 -0.0056339 -0.52319 0.38944 0.13802 -0.48171 -0.9006 -0.99209 -0.95508 -0.72848 -0.27414 0.23242 0.58221 0.74518 0.82827 0.88111 0.92219 0.96057 0.97337 0.9833 0.97997 0.98023 0.97856 0.97628 0.96405 0.93017 0.81392 0.51028 0.2109 0.044767 -0.12381 -0.33599 -0.49134 -0.57751 -0.61244 -0.62535 -0.6383 -0.67025 -0.72923 -0.81459
-0.16469 0.048137 0.035117 -0.62658 -0.75253 0.95118 -0.34843 -0.57439 0.38396 0.557 0.4522 -0.11042 0.71921 0.49533 -0.14574 -0.70967 -0.92441 -0.99131 -0.88798 -0.51873 -0.020681 0.36903 0.57258 0.68656 0.76488 0.83023 0.89875 0.92146 0.94724 0.94043 0.94262 0.94036 0.93734 0.91632 0.86617 0.71845 0.37808 0.067878 -0.096151 -0.25887 -0.45916 -0.60099 -0.67701 -0.70626 -0.71589 -0.72564 -0.75234 -0.80256 -0.87399
0.073113 -0.15957 0.22262 -0.26879 -0.16231 0.78379 0.3375 -0.002118 0.81384 0.88818 0.80156 0.31124 0.92805 0.77528 0.19855 -0.44831 -0.7706 -0.94181 -0.97458 -0.72031 -0.26557 0.14007 0.37391 0.51471 0.61678 0.70552 0.80312 0.83702 0.87956 0.87165 0.87753 0.87644 0.87434 0.84672 0.78322 0.60934 0.24144 -0.072553 -0.23128 -0.38538 -0.57081 -0.6975 -0.76288 -0.78664 -0.79339 -0.80034 -0.82199 -0.86347 -0.92088
0.062595 0.027442 0.10206 0.33515 0.5202 0.17911 0.85525 0.55843 1 1 0.98067 0.66811 0.99454 0.9477 0.51102 -0.14884 -0.55165 -0.81759 -0.98778 -0.8688 -0.48785 -0.090458 0.16162 0.32342 0.446 0.55587 0.68011 0.72576 0.78512 0.77819 0.78911 0.7907 0.79092 0.75877 0.68484 0.49019 0.10364 -0.20773 -0.35847 -0.5017 -0.66992 -0.7803 -0.83484 -0.85341 -0.85777 -0.86236 -0.87927 -0.91216 -0.95568
-0.17198 0.11787 -0.12093 0.55231 0.79663 -0.50176 1 0.91895 0.91061 0.88433 0.9689 0.90694 0.92057 1 0.76032 0.15685 -0.29162 -0.63425 -0.93253 -0.95898 -0.67641 -0.31014 -0.052774 0.12292 0.26154 0.38913 0.53639 0.59361 0.66908 0.66484 0.68176 0.68718 0.6908 0.65605 0.57449 0.36434 -0.032417 -0.33547 -0.476 -0.6066 -0.75582 -0.84917 -0.8929 -0.9067 -0.90917 -0.91187 -0.92442 -0.94899 -0.97894
0.18187 -0.045949 -0.18254 0.23168 0.51946 -0.90589 0.74319 0.97897 0.5898 0.5835 0.78345 1 0.72694 0.93558 0.92585 0.44039 -0.014964 -0.40991 -0.8179 -0.99004 -0.82352 -0.50874 -0.25915 -0.077456 0.071816 0.21283 0.37858 0.44648 0.53667 0.53639 0.55983 0.56989 0.57771 0.54205 0.45547 0.23488 -0.16426 -0.45402 -0.58261 -0.69925 -0.82819 -0.90416 -0.93732 -0.94684 -0.94794 -0.94925 -0.95784 -0.97448 -0.99131
-0.079523 -0.076834 -0.043806 -0.26386 -0.077207 -0.86093 0.21323 0.74227 0.13349 0.17264 0.46961 0.94498 0.4473 0.77066 0.99806 0.67902 0.25566 -0.16335 -0.65574 -0.96482 -0.92475 -0.67841 -0.44903 -0.26956 -0.1156 0.033889 0.21292 0.29005 0.39295 0.39749 0.42755 0.44272 0.4552 0.42008 0.33087 0.10457 -0.2898 -0.56205 -0.67737 -0.77913 -0.88702 -0.94557 -0.96857 -0.97431 -0.97457 -0.97498 -0.98007 -0.98923 -0.99353
-0.05059 0.030051 0.13223 -0.4869 -0.59563 -0.42434 -0.37852 0.2984 -0.34245 -0.26098 0.088256 0.76093 0.12163 0.53027 0.97749 0.85667 0.50092 0.087467 -0.45937 -0.88902 -0.97863 -0.81368 -0.61578 -0.44662 -0.2942 -0.14154 0.045156 0.12956 0.24269 0.25246 0.2889 0.3093 0.32663 0.29322 0.20352 -0.02414 -0.40737 -0.65859 -0.75972 -0.84605 -0.9325 -0.9739 -0.98725 -0.98977 -0.98969 -0.98967 -0.99172 -0.99392 -0.98635
0.081421 0.046197 0.17105 -0.29534 -0.74132 0.18188 -0.8256 -0.21671 -0.73195 -0.63663 -0.29673 0.48197 -0.20965 0.244 0.87302 0.96419 0.70571 0.32657 -0.24249 -0.77039 -0.98626 -0.91136 -0.75455 -0.60331 -0.45859 -0.3082 -0.11962 -0.030264 0.090271 0.1053 0.14752 0.17297 0.19506 0.16429 0.075936 -0.14916 -0.51564 -0.743 -0.82939 -0.90004 -0.96505 -0.98977 -0.99409 -0.99395 -0.99401 -0.994 -0.99349 -0.98927 -0.97057
0.024105 -0.0022672 0.042517 0.10289 -0.47039 0.69316 -0.99426 -0.66459 -0.9601 -0.8936 -0.62876 0.15017 -0.51048 -0.057724 0.69964 0.99893 0.85958 0.54065 -0.018278 -0.61795 -0.95076 -0.97028 -0.86223 -0.73572 -0.60455 -0.46176 -0.27704 -0.18531 -0.060427 -0.040465 0.0066622 0.03674 0.063264 0.035797 -0.049652 -0.2687 -0.61363 -0.81497 -0.88634 -0.94136 -0.98521 -0.99393 -0.98992 -0.98766 -0.98829 -0.98873 -0.98611 -0.97603 -0.947
-0.13913 -0.017303 -0.12877 0.38429 0.033145 0.91601 -0.85359 -0.93981 -0.99342 -0.99835 -0.86566 -0.19103 -0.75233 -0.34676 0.47615 0.96388 0.95669 0.71952 0.2013 -0.44126 -0.87685 -0.99106 -0.93729 -0.8413 -0.729 -0.59882 -0.42348 -0.3321 -0.20603 -0.18176 -0.13081 -0.096767 -0.066341 -0.090072 -0.17133 -0.38132 -0.70065 -0.87439 -0.93076 -0.97041 -0.99368 -0.98722 -0.97561 -0.97175 -0.97336 -0.97461 -0.97034 -0.95498 -0.91642
0.094403 -0.020832 -0.1849 0.36835 0.49352 0.7901 -0.46792 -0.9901 -0.83971 -0.94556 -0.98318 -0.50233 -0.91598 -0.59948 0.22297 0.86648 0.99543 0.85619 0.40596 -0.24988 -0.77033 -0.97572 -0.97958 -0.91869 -0.82988 -0.71691 -0.55605 -0.46777 -0.3437 -0.31597 -0.26247 -0.22529 -0.19165 -0.21143 -0.28748 -0.48585 -0.77627 -0.92139 -0.963 -0.98775 -0.99121 -0.9705 -0.95205 -0.9471 -0.95004 -0.95244 -0.94693 -0.92688 -0.87963
0.091734 -0.017853 -0.075212 0.10979 0.69471 0.38804 0.037096 -0.81994 -0.53993 -0.75442 -0.97525 -0.75242 -0.99195 -0.79809 -0.039693 0.71744 0.97783 0.94676 0.58735 -0.052901 -0.63764 -0.92742 -0.99011 -0.96764 -0.90613 -0.81435 -0.67259 -0.59009 -0.47112 -0.44098 -0.38628 -0.34694 -0.31091 -0.32671 -0.39679 -0.58141 -0.84032 -0.95628 -0.98357 -0.99404 -0.97863 -0.9447 -0.92018 -0.91459 -0.91917 -0.92301 -0.91667 -0.89248 -0.83738
-0.18694 0.023668 0.10481 -0.18974 0.57027 -0.13193 0.51871 -0.4806 -0.15558 -0.4618 -0.85189 -0.92009 -0.97979 -0.93121 -0.29335 0.52944 0.9089 0.99016 0.7392 0.14143 -0.48547 -0.85015 -0.97085 -0.98881 -0.95751 -0.89026 -0.77158 -0.69741 -0.58648 -0.55509 -0.50063 -0.46018 -0.42267 -0.43461 -0.49819 -0.66735 -0.89281 -0.97951 -0.99305 -0.98999 -0.95681 -0.91073 -0.8809 -0.8751 -0.88157 -0.88711 -0.88029 -0.85253 -0.79038
0.046368 0.054715 0.20202 -0.34107 0.20591 -0.5924 0.8569 -0.052135 0.24491 -0.11428 -0.63537 -0.99484 -0.88672 -0.99375 -0.52226 0.31601 0.79581 0.98774 0.85725 0.32593 -0.32051 -0.74842 -0.92446 -0.98359 -0.9845 -0.94438 -0.85211 -0.78861 -0.68843 -0.65703 -0.60425 -0.5638 -0.52577 -0.53413 -0.59087 -0.74326 -0.93392 -0.99164 -0.99215 -0.9764 -0.92663 -0.86951 -0.8351 -0.82947 -0.83805 -0.84549 -0.83852 -0.80771 -0.73934
0.14256 0.0054535 0.13609 -0.27839 -0.22407 -0.85599 0.98058 0.377 0.59838 0.23969 -0.35577 -0.97627 -0.72581 -0.98631 -0.71408 0.090618 0.64718 0.9428 0.93919 0.49461 -0.14908 -0.62702 -0.85414 -0.95396 -0.98815 -0.97704 -0.91382 -0.86306 -0.77607 -0.74592 -0.69623 -0.65691 -0.61936 -0.62451 -0.67426 -0.8089 -0.96397 -0.99331 -0.98159 -0.95407 -0.88896 -0.82193 -0.78367 -0.77853 -0.78938 -0.79888 -0.79207 -0.75871 -0.68489
-0.10909 -0.07137 -0.039874 -0.06956 -0.54312 -0.86036 0.87672 0.72807 0.85586 0.55635 -0.046412 -0.87252 -0.51398 -0.91426 -0.86015 -0.13418 0.4724 0.86019 0.98441 0.64275 0.02296 -0.49083 -0.76344 -0.90235 -0.97001 -0.98904 -0.95679 -0.92054 -0.84886 -0.82121 -0.77598 -0.7389 -0.70281 -0.70521 -0.74797 -0.86424 -0.9834 -0.98524 -0.96217 -0.92382 -0.84469 -0.76885 -0.72742 -0.72308 -0.7363 -0.74799 -0.74159 -0.70616 -0.62765
-0.068024 -0.059667 -0.18975 0.1512 -0.64127 -0.62417 0.5843 0.94485 0.9876 0.80126 0.26014 -0.69822 -0.27006 -0.78663 -0.95544 -0.34725 0.28103 0.74578 0.9938 0.76689 0.1904 -0.34462 -0.65604 -0.83148 -0.93197 -0.98156 -0.9815 -0.9612 -0.90663 -0.88268 -0.84316 -0.80938 -0.77572 -0.77589 -0.81181 -0.90935 -0.99274 -0.96817 -0.93467 -0.88649 -0.79466 -0.71111 -0.66714 -0.66385 -0.67953 -0.69349 -0.68773 -0.65066 -0.56818
0.085389 0.040313 -0.2031 0.2691 -0.50409 -0.22904 0.17785 1 0.98438 0.95199 0.5352 -0.47224 -0.013124 -0.61493 -0.99832 -0.53929 0.082305 0.60611 0.96945 0.86475 0.34874 -0.19292 -0.53569 -0.74424 -0.87617 -0.95605 -0.98873 -0.9855 -0.94948 -0.93034 -0.89769 -0.86823 -0.83791 -0.8364 -0.86572 -0.94446 -0.99257 -0.9429 -0.8999 -0.84288 -0.73968 -0.64949 -0.60359 -0.60154 -0.61971 -0.63598 -0.63106 -0.59277 -0.50699
0.046157 0.10047 -0.073107 0.24266 -0.20124 0.21179 -0.25336 0.89533 0.85562 0.99879 0.75618 -0.21545 0.23898 -0.41208 -0.99012 -0.703 -0.11522 0.44796 0.91444 0.93516 0.49426 -0.039906 -0.40604 -0.6436 -0.8049 -0.91421 -0.97954 -0.99415 -0.97776 -0.96444 -0.93969 -0.91546 -0.88934 -0.88675 -0.90981 -0.96988 -0.98353 -0.91019 -0.85867 -0.79379 -0.68054 -0.58474 -0.53746 -0.53681 -0.55747 -0.57607 -0.57215 -0.53301 -0.44458
-0.040663 0.038152 0.10783 0.10741 0.15167 0.58692 -0.62517 0.65716 0.62545 0.94379 0.90772 0.051186 0.47063 -0.19136 -0.93464 -0.8332 -0.30399 0.27805 0.83253 0.97793 0.62399 0.11065 -0.27057 -0.53251 -0.72055 -0.85785 -0.95517 -0.98805 -0.99204 -0.98543 -0.96945 -0.95129 -0.93016 -0.92705 -0.94426 -0.986 -0.96631 -0.87085 -0.81174 -0.73998 -0.61796 -0.51754 -0.46938 -0.47026 -0.49338 -0.51428 -0.51149 -0.47185 -0.38138
-0.070239 -0.075423 0.21947 -0.058042 0.43849 0.81338 -0.87372 0.32879 0.32751 0.79901 0.98199 0.30827 0.66917 0.034389 -0.83759 -0.92669 -0.4776 0.10283 0.72796 0.9937 0.73573 0.25546 -0.13255 -0.41383 -0.6255 -0.78888 -0.917 -0.96826 -0.99304 -0.99389 -0.98742 -0.97605 -0.96061 -0.95756 -0.96938 -0.99329 -0.94159 -0.82563 -0.75988 -0.68217 -0.55265 -0.44853 -0.39996 -0.40246 -0.42797 -0.45113 -0.44957 -0.40973 -0.31778
0.0068888 -0.10746 0.19391 -0.17711 0.57864 0.85138 -0.96394 -0.038241 -0.00033712 0.58376 0.97822 0.53913 0.82528 0.25342 -0.706 -0.98216 -0.63088 -0.071778 0.60521 0.98381 0.82796 0.3917 0.0050821 -0.29026 -0.52211 -0.70923 -0.8665 -0.93595 -0.98161 -0.99054 -0.99415 -0.99019 -0.98104 -0.97861 -0.98554 -0.99226 -0.91007 -0.77529 -0.70381 -0.62107 -0.48524 -0.37829 -0.32973 -0.3339 -0.36171 -0.38706 -0.3868 -0.34705 -0.25415
0.10671 -0.022067 0.051982 -0.20798 0.54515 0.70653 -0.89144 -0.39254 -0.32098 0.3217 0.90176 0.7306 0.93304 0.45559 -0.54769 -0.99996 -0.75995 -0.2405 0.46884 0.95014 0.89983 0.51707 0.13967 -0.16435 -0.41262 -0.62083 -0.8052 -0.89236 -0.95868 -0.97617 -0.99028 -0.99424 -0.9919 -0.9906 -0.99316 -0.98344 -0.87245 -0.72056 -0.64421 -0.5573 -0.41632 -0.30738 -0.25919 -0.26505 -0.29504 -0.32249 -0.32359 -0.28418 -0.1908
0.020721 0.087255 -0.11886 -0.15314 0.36331 0.42186 -0.67872 -0.68967 -0.60189 0.038153 0.7628 0.8734 0.98981 0.6326 -0.37085 -0.98184 -0.86217 -0.39878 0.32331 0.89504 0.95104 0.62972 0.26891 -0.0384 -0.29917 -0.52553 -0.73462 -0.83878 -0.92528 -0.95165 -0.97655 -0.98881 -0.9937 -0.99402 -0.99273 -0.96742 -0.82941 -0.66212 -0.58175 -0.49149 -0.34645 -0.23628 -0.18879 -0.19633 -0.22837 -0.2578 -0.26029 -0.22144 -0.12803
-0.13142 0.10839 -0.22207 -0.048419 0.09505 0.06347 -0.36777 -0.89682 -0.81794 -0.24241 0.5749 0.9622 0.99591 0.7782 -0.18354 -0.93071 -0.93605 -0.54286 0.17289 0.8211 0.98182 0.72828 0.39084 0.085514 -0.18374 -0.42513 -0.65629 -0.77649 -0.88245 -0.91788 -0.9537 -0.97454 -0.98698 -0.98936 -0.98475 -0.94477 -0.78162 -0.60062 -0.51702 -0.42419 -0.27613 -0.16542 -0.11891 -0.12811 -0.16205 -0.19333 -0.19722 -0.15912 -0.066082
-0.05393 0.025526 -0.20585 0.058605 -0.18336 -0.29577 -0.010796 -0.99527 -0.95277 -0.49823 0.35354 0.99535 0.9542 0.88817 0.0065507 -0.85031 -0.98116 -0.66975 0.021521 0.73114 0.99283 0.8118 0.50383 0.20556 -0.068147 -0.32131 -0.57169 -0.70678 -0.83126 -0.8758 -0.92254 -0.95211 -0.97234 -0.97718 -0.96977 -0.91607 -0.72972 -0.53668 -0.45059 -0.35592 -0.2058 -0.0952 -0.049922 -0.060728 -0.096401 -0.1294 -0.13467 -0.097482 -0.0051888
0.13006 -0.07757 -0.084968 0.12913 -0.40293 -0.5908 0.33883 -0.98059 -0.99924 -0.71168 0.11484 0.97452 0.86955 0.96024 0.19244 -0.74502 -0.99799 -0.77726 -0.12721 0.62804 0.98506 0.87972 0.60659 0.32017 0.045985 -0.21564 -0.48223 -0.63091 -0.77276 -0.82634 -0.88386 -0.92224 -0.9504 -0.95802 -0.94832 -0.88192 -0.67431 -0.47087 -0.383 -0.28714 -0.13587 -0.025974 0.017869 0.0055283 -0.031702 -0.066257 -0.072885 -0.03676 0.054457
0.092832 -0.10791 0.074995 0.14524 -0.51743 -0.77491 0.63427 -0.86121 -0.95873 -0.87001 -0.12566 0.9041 0.74837 0.99392 0.36797 -0.61958 -0.9878 -0.86392 -0.27015 0.51471 0.95981 0.93185 0.69813 0.428 0.1572 -0.10956 -0.38926 -0.55008 -0.70802 -0.77044 -0.8385 -0.88564 -0.92177 -0.93248 -0.92097 -0.84287 -0.616 -0.40372 -0.31471 -0.2183 -0.066708 0.041952 0.084187 0.070399 0.031797 -0.0041561 -0.012099 0.022846 0.11269
-0.09453 -0.046436 0.19593 0.11152 -0.51047 -0.82516 0.84062 -0.65576 -0.8399 -0.96566 -0.35381 0.79064 0.59804 0.99029 0.52797 -0.47891 -0.95251 -0.92894 -0.40459 0.39397 0.91859 0.96828 0.77774 0.52797 0.26425 -0.0043664 -0.29404 -0.46543 -0.63804 -0.709 -0.78723 -0.84301 -0.88708 -0.90112 -0.88826 -0.7995 -0.55531 -0.33573 -0.24617 -0.14977 0.001361 0.10831 0.14879 0.13366 0.093878 0.056696 0.047493 0.081158 0.16935
-0.12093 0.047557 0.22521 0.048247 -0.39437 -0.74275 0.93782 -0.38976 -0.65699 -0.99605 -0.55763 0.64216 0.42649 0.95172 0.66831 -0.32787 -0.89449 -0.97214 -0.52827 0.26851 0.86305 0.98938 0.84499 0.6192 0.36603 0.098776 -0.19773 -0.37807 -0.56379 -0.6429 -0.73086 -0.79506 -0.84697 -0.86452 -0.85073 -0.75233 -0.49278 -0.26735 -0.17779 -0.081914 0.068054 0.17286 0.21149 0.19512 0.15435 0.11612 0.10572 0.13802 0.22434
0.029133 0.097348 0.15595 -0.018882 -0.20292 -0.54943 0.92111 -0.092137 -0.42784 -0.96316 -0.72762 0.46759 0.24175 0.88163 0.78587 -0.17118 -0.81651 -0.99388 -0.63939 0.14088 0.79495 0.99574 0.89968 0.70104 0.46166 0.19884 -0.10139 -0.28899 -0.48623 -0.57298 -0.67014 -0.74246 -0.80204 -0.82323 -0.80892 -0.70189 -0.42887 -0.19897 -0.10991 -0.015033 0.13312 0.23541 0.27209 0.25462 0.21306 0.17395 0.16243 0.19331 0.27754
0.11314 0.07137 0.023807 -0.068367 0.018996 -0.28126 0.79952 0.20799 -0.17209 -0.87271 -0.85703 0.27618 0.051613 0.78421 0.87856 -0.013235 -0.72155 -0.99495 -0.73657 0.013402 0.71611 0.98812 0.94181 0.77302 0.55039 0.29494 -0.005979 -0.19912 -0.4062 -0.50005 -0.6058 -0.68588 -0.75288 -0.77781 -0.76333 -0.64866 -0.36404 -0.13098 -0.042866 0.050596 0.19635 0.29579 0.33047 0.31201 0.26987 0.23006 0.2175 0.24692 0.32887
0.040041 -0.0016626 -0.11351 -0.088746 0.22609 0.018651 0.59301 0.48407 0.090569 -0.7334 -0.94183 0.077047 -0.13668 0.66417 0.94521 0.14194 -0.61272 -0.97654 -0.81886 -0.11181 0.62834 0.96746 0.97156 0.83487 0.63165 0.38632 0.087631 -0.10933 -0.32454 -0.42486 -0.53852 -0.62595 -0.70008 -0.72879 -0.71447 -0.59313 -0.29868 -0.063713 0.023059 0.11473 0.25756 0.35386 0.38649 0.3672 0.32467 0.28433 0.27083 0.29875 0.37826
-0.057306 -0.065015 -0.20229 -0.07986 0.38138 0.30727 0.32874 0.71411 0.34185 -0.55591 -0.9806 -0.12123 -0.31664 0.52649 0.98554 0.29076 -0.49317 -0.94013 -0.88567 -0.2329 0.53345 0.93477 0.98929 0.88645 0.705 0.47234 0.17868 -0.020377 -0.24201 -0.34811 -0.46897 -0.56327 -0.64418 -0.67667 -0.66281 -0.53572 -0.23319 0.0025427 0.087613 0.17716 0.31659 0.4095 0.44008 0.42008 0.37736 0.33668 0.32233 0.34873 0.42567
-0.068985 -0.078696 -0.21285 -0.050347 0.46172 0.54747 0.037269 0.88202 0.56594 -0.35207 -0.97421 -0.3109 -0.48266 0.37627 1 0.43016 -0.36599 -0.88742 -0.93674 -0.34822 0.43316 0.89117 0.99546 0.9278 0.77014 0.55249 0.26651 0.067039 -0.15929 -0.27046 -0.39775 -0.4984 -0.58571 -0.62194 -0.60879 -0.47685 -0.16789 0.06752 0.15057 0.23771 0.37332 0.46263 0.49115 0.47059 0.42788 0.38703 0.37192 0.3968 0.47106
-0.020034 -0.042419 -0.14716 -0.013095 0.45982 0.71208 -0.25108 0.97816 0.75027 -0.13403 -0.92554 -0.48531 -0.63014 0.21848 0.98969 0.55757 -0.23413 -0.82028 -0.97215 -0.45641 0.32915 0.83781 0.99066 0.95903 0.8269 0.62638 0.35055 0.1523 -0.077016 -0.19251 -0.32544 -0.43189 -0.52517 -0.56505 -0.55285 -0.41691 -0.1031 0.13099 0.21175 0.29621 0.42764 0.51318 0.53966 0.51869 0.47616 0.43532 0.41955 0.44291 0.5144
0.029331 0.013023 -0.033657 0.019465 0.383 0.78602 -0.50916 0.9993 0.8859 0.08646 -0.83905 -0.63896 -0.75551 0.057863 0.95627 0.67093 -0.10038 -0.74068 -0.99222 -0.55632 0.22298 0.77587 0.97555 0.98041 0.8752 0.69368 0.43032 0.23488 0.0042336 -0.11481 -0.25256 -0.36423 -0.463 -0.50645 -0.49537 -0.35626 -0.039087 0.19274 0.27097 0.35256 0.47948 0.5611 0.58557 0.56433 0.52218 0.48151 0.46519 0.48705 0.55567
0.056086 0.051962 0.086221 0.038855 0.24983 0.76649 -0.71523 0.94808 0.96764 0.29858 -0.72042 -0.76763 -0.85623 -0.1012 0.90178 0.76867 0.032663 -0.65063 -0.99748 -0.64705 0.11609 0.70655 0.95088 0.99227 0.91508 0.75421 0.50541 0.3143 0.08395 -0.037852 -0.1796 -0.29587 -0.39967 -0.44652 -0.43674 -0.29521 0.023889 0.25261 0.32811 0.40663 0.52877 0.60636 0.62887 0.60749 0.5659 0.52557 0.5088 0.52918 0.59489
0.047325 0.056287 0.17356 0.042126 0.085422 0.66169 -0.85424 0.83207 0.99389 0.49292 -0.57611 -0.86838 -0.93072 -0.25475 0.82862 0.84973 0.16269 -0.55215 -0.98869 -0.72788 0.0098258 0.63102 0.9174 0.99502 0.94664 0.80783 0.57552 0.39018 0.16168 0.037912 -0.10699 -0.22725 -0.33556 -0.38565 -0.3773 -0.23408 0.085612 0.31044 0.38304 0.45835 0.57547 0.64895 0.66954 0.64818 0.60732 0.56748 0.55037 0.56929 0.63204
-0.0070147 0.031418 0.20397 0.031556 -0.083352 0.48844 -0.91833 0.66263 0.96629 0.66172 -0.41302 -0.93945 -0.97835 -0.39933 0.73939 0.91345 0.28762 -0.44722 -0.96673 -0.79835 -0.094617 0.55043 0.87594 0.98912 0.97008 0.8545 0.64039 0.46217 0.23703 0.11208 -0.035149 -0.15876 -0.27105 -0.3242 -0.31737 -0.17315 0.14589 0.36612 0.43568 0.50766 0.61955 0.68887 0.70761 0.6864 0.64642 0.60724 0.58988 0.60739 0.66715
-0.073134 -0.0030091 0.17297 0.013001 -0.23214 0.26921 -0.9066 0.45367 0.88922 0.79906 -0.23814 -0.98025 -0.99928 -0.53204 0.6368 0.9596 0.40568 -0.33776 -0.9326 -0.85812 -0.19616 0.46587 0.82732 0.9751 0.98563 0.89423 0.69985 0.53 0.30964 0.18431 0.035578 -0.090743 -0.20649 -0.26248 -0.25725 -0.11265 0.20455 0.41953 0.48595 0.5545 0.66101 0.72612 0.74308 0.72216 0.68323 0.64484 0.62735 0.64348 0.70024
-0.081034 -0.027813 0.094385 -0.0063721 -0.3422 0.029034 -0.82433 0.22039 0.76926 0.9009 -0.058285 -0.99117 -0.99438 -0.6505 0.52364 0.98829 0.51535 -0.22558 -0.88741 -0.90709 -0.29386 0.37842 0.77237 0.95351 0.99359 0.9271 0.75377 0.59346 0.37924 0.25429 0.10486 -0.023527 -0.14219 -0.20079 -0.19722 -0.052835 0.26145 0.47061 0.53379 0.59884 0.69985 0.76074 0.77599 0.75549 0.71776 0.68031 0.66278 0.67758 0.73132
-0.0046598 -0.034332 -0.0062143 -0.020251 -0.40216 -0.20738 -0.68178 -0.021828 0.61455 0.96506 0.12016 -0.97349 -0.96517 -0.75286 0.40265 0.99997 0.61537 -0.11237 -0.8323 -0.94524 -0.38689 0.28906 0.71191 0.92494 0.99431 0.95324 0.80209 0.65239 0.44557 0.32174 0.17243 0.042601 -0.07844 -0.13941 -0.13751 0.0061092 0.31646 0.51928 0.57918 0.64068 0.73607 0.79275 0.80638 0.78642 0.75003 0.71365 0.69618 0.70971 0.76044
0.090444 -0.025607 -0.10027 -0.02471 -0.40849 -0.41804 -0.4928 -0.25839 0.43418 0.99104 0.29141 -0.92923 -0.91361 -0.83781 0.27651 0.99533 0.70479 0.00028298 -0.76847 -0.97274 -0.47456 0.19871 0.64675 0.88996 0.98816 0.97283 0.84479 0.70667 0.50842 0.38645 0.23802 0.10738 -0.015492 -0.078575 -0.078365 0.063994 0.36948 0.5655 0.62207 0.68 0.76971 0.8222 0.83429 0.815 0.78008 0.7449 0.72759 0.73989 0.78762
0.10717 -0.010852 -0.16423 -0.018884 -0.36477 -0.58538 -0.27337 -0.47629 0.2377 0.97987 0.45043 -0.861 -0.84208 -0.90454 0.14776 0.9753 0.78286 0.11096 -0.69711 -0.98984 -0.5563 0.10826 0.57767 0.84919 0.97554 0.98608 0.8819 0.75623 0.56764 0.44823 0.30142 0.17059 0.046418 -0.018513 -0.019976 0.12066 0.42043 0.60924 0.66246 0.71681 0.80081 0.84913 0.85977 0.84126 0.80795 0.77409 0.75702 0.76816 0.81291
0.021804 0.0015616 -0.18484 -0.0047879 -0.28028 -0.69737 -0.040143 -0.66467 0.034525 0.9339 0.59298 -0.77183 -0.75322 -0.95267 0.018767 0.94099 0.84909 0.21839 -0.61943 -0.9969 -0.63164 0.018469 0.50543 0.80322 0.95687 0.99323 0.91349 0.80103 0.6231 0.50691 0.36245 0.23203 0.10708 0.040575 0.037469 0.17596 0.46922 0.65049 0.70036 0.75113 0.82939 0.8736 0.88288 0.86527 0.83367 0.80124 0.78452 0.79454 0.83635
-0.088383 0.0082717 -0.16085 0.013513 -0.16801 -0.74785 0.19073 -0.81518 -0.16642 0.85654 0.71571 -0.66506 -0.64985 -0.98226 -0.10828 0.89365 0.90321 0.32144 -0.5366 -0.99437 -0.70021 -0.069928 0.43075 0.75265 0.93259 0.99455 0.93966 0.84107 0.67471 0.56238 0.42095 0.29152 0.16632 0.098511 0.093807 0.22977 0.51582 0.68924 0.73577 0.78299 0.85551 0.89567 0.90368 0.88707 0.8573 0.82641 0.81012 0.81909 0.85798
-0.12214 0.010737 -0.10159 0.031074 -0.042677 -0.73638 0.40467 -0.92214 -0.35704 0.75201 0.81615 -0.54421 -0.53489 -0.99369 -0.23142 0.83462 0.94514 0.41912 -0.44975 -0.98276 -0.76177 -0.15629 0.35431 0.69806 0.90314 0.99032 0.96054 0.87638 0.72241 0.61453 0.47679 0.34891 0.22397 0.15514 0.14889 0.28199 0.56019 0.72549 0.76872 0.81242 0.87922 0.9154 0.92224 0.90672 0.87889 0.84964 0.83385 0.84183 0.87785
-0.051554 0.012236 -0.023204 0.043276 0.081221 -0.66752 0.58942 -0.98253 -0.53038 0.62512 0.89266 -0.41285 -0.41125 -0.9877 -0.34892 0.76531 0.97495 0.51062 -0.35997 -0.96264 -0.81615 -0.24004 0.27675 0.64003 0.86896 0.98085 0.97627 0.90703 0.76617 0.66331 0.52987 0.40409 0.27989 0.21031 0.2026 0.33252 0.60228 0.75926 0.79923 0.83947 0.90058 0.93287 0.93863 0.9243 0.89849 0.87097 0.85577 0.86282 0.89602
0.058678 0.014597 0.055896 0.046801 0.19093 -0.54991 0.73556 -0.99585 -0.68069 0.48099 0.94443 -0.27451 -0.28179 -0.96526 -0.45928 0.68718 0.99291 0.59524 -0.26829 -0.93461 -0.86324 -0.32069 0.19866 0.57909 0.8305 0.96645 0.98703 0.93309 0.80598 0.70867 0.58011 0.45694 0.33395 0.26392 0.25482 0.38129 0.6421 0.79058 0.82735 0.86418 0.91966 0.94813 0.9529 0.93985 0.91615 0.89045 0.87592 0.8821 0.91252
0.11677 0.016779 0.11935 0.040235 0.27656 -0.39507 0.83674 -0.96383 -0.80361 0.32489 0.97135 -0.1326 -0.14926 -0.92757 -0.56123 0.60169 0.99938 0.67244 -0.17569 -0.8993 -0.90304 -0.39778 0.12061 0.51578 0.78818 0.94746 0.99302 0.95466 0.84186 0.75058 0.62745 0.50738 0.38607 0.31584 0.30546 0.42823 0.67963 0.81949 0.8531 0.88659 0.93651 0.96127 0.96514 0.95345 0.93194 0.90813 0.89434 0.89971 0.92742
0.083281 0.015761 0.1559 0.024213 0.33168 -0.21623 0.88972 -0.89016 -0.89612 0.16202 0.97401 0.0096642 -0.016252 -0.87598 -0.65375 0.51027 0.99486 0.74178 -0.083069 -0.85738 -0.9356 -0.47096 0.043097 0.45059 0.74244 0.92418 0.99444 0.97188 0.87385 0.78905 0.67184 0.55535 0.43615 0.36601 0.35443 0.4733 0.71488 0.84601 0.87656 0.90678 0.95121 0.97236 0.97542 0.96516 0.94591 0.92407 0.91109 0.91571 0.94076
-0.0055797 0.0088485 0.16089 0.001186 0.35348 -0.027112 0.89416 -0.78004 -0.95655 -0.0026428 0.95354 0.14933 0.11486 -0.81199 -0.73603 0.41434 0.97994 0.80298 0.0087519 -0.80951 -0.96103 -0.5399 -0.033409 0.384 0.69369 0.89695 0.9915 0.98487 0.90201 0.82409 0.71328 0.6008 0.48413 0.41433 0.40166 0.51645 0.74786 0.87021 0.89775 0.92479 0.96383 0.98146 0.98381 0.97505 0.95813 0.93832 0.92622 0.93015 0.9526
-0.079423 -0.0041324 0.13617 -0.02513 0.34259 0.15904 0.85238 -0.63982 -0.98446 -0.16446 0.91155 0.28373 0.2419 -0.73716 -0.80747 0.31524 0.95528 0.85583 0.099012 -0.75634 -0.97948 -0.60436 -0.10849 0.31645 0.64234 0.8661 0.98444 0.99378 0.9264 0.85572 0.75174 0.64369 0.52994 0.46075 0.44711 0.55765 0.7786 0.89212 0.91675 0.94069 0.97444 0.98867 0.99039 0.9832 0.96866 0.95093 0.93977 0.94307 0.96298
-0.091935 -0.020051 0.08878 -0.050454 0.30247 0.33034 0.76886 -0.47657 -0.98054 -0.31923 0.85005 0.41052 0.36296 -0.6531 -0.86767 0.21426 0.92159 0.90026 0.18703 -0.69855 -0.99117 -0.66413 -0.18176 0.24837 0.58877 0.83194 0.97347 0.99877 0.9471 0.88401 0.78723 0.68399 0.57356 0.50523 0.49073 0.59689 0.80712 0.9118 0.93361 0.95455 0.98311 0.99405 0.99522 0.98965 0.97755 0.96197 0.9518 0.95453 0.97197
-0.047469 -0.033414 0.028906 -0.070669 0.23881 0.47689 0.64984 -0.29775 -0.94645 -0.4633 0.77132 0.52768 0.47637 -0.56146 -0.91642 0.11262 0.87965 0.93627 0.27219 -0.63677 -0.99634 -0.71907 -0.2529 0.18013 0.53335 0.79479 0.95883 1 0.96422 0.90899 0.81979 0.72172 0.61494 0.54772 0.53247 0.63415 0.83346 0.92931 0.9484 0.96643 0.98992 0.99768 0.99838 0.9945 0.98486 0.97148 0.96235 0.96457 0.97961
0.014852 -0.038564 -0.032373 -0.082461 0.15867 0.59116 0.50275 -0.11082 -0.88467 -0.59357 0.67787 0.63354 0.58072 -0.46383 -0.95368 0.011432 0.83024 0.96393 0.35397 -0.57165 -0.99526 -0.76906 -0.3216 0.11211 0.47645 0.75497 0.94076 0.99765 0.97786 0.93075 0.84943 0.75686 0.65408 0.5882 0.57233 0.66944 0.85765 0.94472 0.96118 0.9764 0.99494 0.99964 0.99995 0.99779 0.99067 0.97952 0.97149 0.97325 0.98595
0.056313 -0.032074 -0.085078 -0.08376 0.069714 0.66823 0.33575 0.077024 -0.79834 -0.70752 0.57231 0.72677 0.67486 -0.3618 -0.97955 -0.088266 0.77419 0.98342 0.4319 -0.50379 -0.98824 -0.81406 -0.3876 0.044635 0.41839 0.71276 0.91949 0.9919 0.98814 0.94936 0.8762 0.78943 0.69096 0.62665 0.61028 0.70276 0.87974 0.95808 0.97201 0.98453 0.99824 1 1 0.9996 0.99503 0.98615 0.97926 0.98062 0.99105
0.062017 -0.014333 -0.12178 -0.073978 -0.020479 0.70574 0.15725 0.25911 -0.69108 -0.80324 0.45731 0.80638 0.75787 -0.25689 -0.99426 -0.18554 0.7123 0.99494 0.50558 -0.43378 -0.97558 -0.85403 -0.45069 -0.021997 0.35949 0.66845 0.89525 0.98292 0.99517 0.9649 0.90014 0.81947 0.72558 0.66307 0.64632 0.73411 0.89977 0.96946 0.98097 0.99088 0.99991 0.99883 0.99859 1 0.998 0.99142 0.98571 0.98673 0.99496
0.040764 0.010346 -0.1384 -0.054014 -0.10503 0.70376 -0.024489 0.42949 -0.56681 -0.87939 0.33554 0.87169 0.8291 -0.15053 -0.99819 -0.27955 0.64539 0.99879 0.57468 -0.36217 -0.95763 -0.88899 -0.51067 -0.087507 0.30005 0.62233 0.86828 0.9709 0.99908 0.97747 0.92133 0.84698 0.75797 0.69745 0.68044 0.76352 0.91779 0.97894 0.98812 0.99553 1 0.99621 0.9958 0.99905 0.99963 0.99539 0.9909 0.99162 0.99772
0.0099406 0.035018 -0.13431 -0.026053 -0.1782 0.66455 -0.20173 0.58305 -0.42965 -0.93521 0.20959 0.92231 0.88811 -0.044077 -0.99177 -0.36955 0.57425 0.99527 0.63892 -0.28948 -0.93473 -0.91898 -0.5674 -0.15165 0.24035 0.57466 0.8388 0.95601 1 0.98716 0.93981 0.87203 0.78812 0.7298 0.71265 0.791 0.93386 0.98656 0.99353 0.99855 0.9986 0.99221 0.9917 0.9968 1 0.99811 0.99488 0.99534 0.99938
-0.017835 0.052297 -0.11192 0.0067726 -0.23566 0.59213 -0.36753 0.71564 -0.28375 -0.97043 0.081941 0.95813 0.93466 0.061216 -0.97556 -0.4549 0.49967 0.98476 0.6981 -0.21623 -0.90723 -0.94407 -0.62074 -0.21419 0.18064 0.5257 0.80702 0.93844 0.99806 0.99407 0.95567 0.89464 0.81608 0.76013 0.74297 0.81659 0.94804 0.99242 0.99727 1 0.99576 0.98689 0.98635 0.99334 0.99915 0.99963 0.99769 0.99795 1
-0.037748 0.056674 -0.075853 0.040807 -0.27463 0.49193 -0.51592 0.82407 -0.13318 -0.98526 -0.04509 0.97928 0.96871 0.16421 -0.95015 -0.53505 0.4224 0.96764 0.75206 -0.14286 -0.87551 -0.96435 -0.67061 -0.27495 0.12117 0.47568 0.77317 0.91837 0.9934 0.99832 0.96897 0.91487 0.84186 0.78847 0.7714 0.84032 0.96036 0.99656 0.9994 0.99995 0.99157 0.98033 0.97981 0.9887 0.99714 1 0.99938 0.99949 0.99962
-0.047995 0.046162 -0.032028 0.072325 -0.29389 0.37029 -0.64212 0.90618 0.018196 -0.98032 -0.16936 0.98612 0.99039 0.26386 -0.9162 -0.60954 0.34316 0.94433 0.80068 -0.06982 -0.8399 -0.97995 -0.71693 -0.33373 0.062153 0.42485 0.73745 0.89597 0.98616 1 0.9798 0.93278 0.8655 0.81483 0.79798 0.86221 0.97091 0.99907 1 0.99847 0.98609 0.9726 0.97216 0.98297 0.99403 0.99928 1 1 0.99827
-0.045408 0.022859 0.013362 0.097949 -0.29364 0.23412 -0.74252 0.96074 0.16675 -0.95661 -0.28893 0.9792 1 0.35927 -0.87443 -0.67798 0.26263 0.91526 0.84391 0.0025073 -0.80077 -0.99098 -0.75966 -0.3904 0.0037977 0.3734 0.70007 0.87141 0.97646 0.99923 0.98823 0.94843 0.88704 0.83925 0.82273 0.8823 0.97972 1 0.99913 0.99563 0.97939 0.96375 0.96344 0.97618 0.98987 0.99751 0.9996 0.99953 0.99602
-0.026598 -0.0076891 0.054666 0.11499 -0.27533 0.090428 -0.81475 0.98742 0.30921 -0.9154 -0.4021 0.95921 0.99795 0.44962 -0.82555 -0.74009 0.18147 0.88088 0.88171 0.073753 -0.75847 -0.99761 -0.79877 -0.44482 -0.053711 0.32155 0.66121 0.84487 0.96445 0.99611 0.99435 0.96187 0.90653 0.86175 0.84567 0.90064 0.98687 0.99943 0.99686 0.99149 0.97153 0.95385 0.95373 0.9684 0.98471 0.99475 0.99822 0.99813 0.9929
0.0068715 -0.038047 0.087389 0.12169 -0.2414 -0.053968 -0.85763 0.98674 0.44267 -0.85825 -0.50738 0.92702 0.98477 0.53423 -0.77033 -0.79566 0.10027 0.84165 0.91412 0.14359 -0.71335 -1 -0.83426 -0.49688 -0.1102 0.26949 0.62107 0.81651 0.95026 0.99076 0.99824 0.97317 0.924 0.88238 0.86684 0.91726 0.99242 0.99743 0.99326 0.98611 0.96257 0.94296 0.94308 0.95969 0.9786 0.99103 0.99591 0.99583 0.98895
0.044863 -0.06085 0.10856 0.11732 -0.19498 -0.19277 -0.87109 0.95992 0.56464 -0.78687 -0.60353 0.88357 0.9611 0.61252 -0.7095 -0.84455 0.019599 0.79801 0.94118 0.21171 -0.66574 -0.99832 -0.86615 -0.54649 -0.16553 0.2174 0.57982 0.78649 0.93403 0.98329 1 0.9824 0.93952 0.90117 0.88627 0.93221 0.99641 0.99405 0.98838 0.97956 0.95258 0.93115 0.93154 0.95009 0.97159 0.98642 0.99271 0.99268 0.98421
0.071032 -0.07062 0.11685 0.10224 -0.13965 -0.32043 -0.85607 0.90881 0.67307 -0.70314 -0.68952 0.8299 0.92765 0.68401 -0.64384 -0.88666 -0.060024 0.75043 0.96297 0.27785 -0.61596 -0.99275 -0.89446 -0.59357 -0.21955 0.16544 0.53763 0.75496 0.91587 0.9738 0.99971 0.98963 0.95313 0.91817 0.90401 0.94553 0.99892 0.98937 0.98229 0.97189 0.94162 0.91846 0.91917 0.93966 0.96374 0.98094 0.98867 0.98872 0.97873
0.070686 -0.064994 0.11248 0.077729 -0.079138 -0.43228 -0.81435 0.83576 0.76633 -0.60899 -0.76458 0.76711 0.88519 0.74835 -0.57407 -0.922 -0.13813 0.69935 0.97961 0.34178 -0.56434 -0.98348 -0.91923 -0.63807 -0.27215 0.11376 0.49466 0.72208 0.89593 0.96242 0.99746 0.99492 0.96488 0.93341 0.92009 0.95727 1 0.98345 0.97505 0.96317 0.92973 0.90495 0.90603 0.92845 0.95508 0.97465 0.98382 0.98399 0.97253
0.039462 -0.045136 0.096956 0.045881 -0.017101 -0.52466 -0.74846 0.74353 0.84325 -0.50644 -0.82813 0.69636 0.83454 0.80526 -0.50094 -0.9506 -0.21428 0.64521 0.99122 0.40328 -0.51117 -0.97072 -0.94054 -0.67993 -0.32321 0.062516 0.45107 0.68798 0.87433 0.94923 0.99333 0.99836 0.97484 0.94695 0.93455 0.96748 0.99971 0.97635 0.96673 0.95346 0.91699 0.89068 0.89216 0.91649 0.94566 0.96759 0.9782 0.97852 0.96567
-0.012696 -0.015287 0.07273 0.0093306 0.043079 -0.59499 -0.66149 0.63513 0.90303 -0.39748 -0.8798 0.61878 0.77655 0.85456 -0.42515 -0.97255 -0.28809 0.58845 0.99796 0.46217 -0.45674 -0.95464 -0.95844 -0.71915 -0.37264 0.01183 0.40701 0.65282 0.85118 0.93436 0.98743 1 0.98305 0.95882 0.94743 0.9762 0.99811 0.96813 0.95737 0.9428 0.90344 0.87569 0.87761 0.90385 0.93552 0.95979 0.97186 0.97236 0.95817
-0.06496 0.018317 0.042823 -0.028987 0.098449 -0.64171 -0.55694 0.51378 0.94529 -0.28407 -0.91944 0.53556 0.7121 0.89615 -0.34738 -0.98797 -0.35921 0.52948 1 0.5183 -0.40134 -0.93546 -0.97302 -0.75568 -0.42036 -0.038177 0.3626 0.61671 0.82661 0.9179 0.97982 0.99993 0.98957 0.96909 0.95879 0.98348 0.99526 0.95885 0.94705 0.93126 0.88913 0.86005 0.86242 0.89056 0.92472 0.9513 0.96483 0.96554 0.95006
-0.094863 0.048882 0.010443 -0.066093 0.14659 -0.66429 -0.43857 0.38278 0.97002 -0.16812 -0.94703 0.44783 0.64206 0.93001 -0.26828 -0.99706 -0.42736 0.46871 0.99753 0.57154 -0.34523 -0.91338 -0.98437 -0.78954 -0.46631 -0.087394 0.31798 0.57979 0.80074 0.89996 0.97061 0.99821 0.99447 0.97779 0.96866 0.98937 0.99121 0.94857 0.9358 0.91889 0.87413 0.84378 0.84665 0.87667 0.91328 0.94216 0.95714 0.95809 0.94139
-0.088604 0.070469 -0.021337 -0.099207 0.18567 -0.66309 -0.31028 0.24541 0.9775 -0.051422 -0.96275 0.35673 0.5673 0.95619 -0.18847 -1 -0.49225 0.40652 0.99074 0.62179 -0.28864 -0.88859 -0.99258 -0.82073 -0.51041 -0.13572 0.27326 0.54218 0.77368 0.88063 0.95987 0.99491 0.99781 0.98498 0.97709 0.99392 0.98601 0.93734 0.92369 0.90574 0.85846 0.82695 0.83034 0.86222 0.90124 0.93241 0.94884 0.95005 0.93218
-0.047309 0.079117 -0.049836 -0.12594 0.21449 -0.63932 -0.17596 0.10487 0.96834 0.064313 -0.9669 0.26333 0.48869 0.97481 -0.10852 -0.99704 -0.55367 0.34327 0.97985 0.66895 -0.23183 -0.86129 -0.99775 -0.84927 -0.55263 -0.18307 0.22858 0.50399 0.74553 0.86001 0.94768 0.99011 0.99963 0.99071 0.98413 0.99718 0.97974 0.92522 0.91077 0.89185 0.84218 0.80959 0.81352 0.84724 0.88865 0.92207 0.93995 0.94145 0.92247
0.01354 0.073469 -0.072941 -0.14446 0.23244 -0.59487 -0.039397 -0.035786 0.94338 0.17752 -0.95991 0.16867 0.40707 0.98603 -0.028993 -0.98843 -0.61143 0.27933 0.96506 0.71296 -0.17499 -0.83167 -1 -0.87517 -0.59293 -0.22936 0.18401 0.46533 0.71639 0.8382 0.93414 0.98388 1 0.99502 0.98982 0.99919 0.97242 0.91227 0.89709 0.87728 0.82534 0.79174 0.79624 0.83178 0.87554 0.91118 0.93051 0.93232 0.91228
0.070826 0.054843 -0.089203 -0.15357 0.23948 -0.53217 0.095839 -0.1737 0.90368 0.28677 -0.94232 0.073742 0.32324 0.99008 0.049622 -0.97446 -0.66537 0.21502 0.94661 0.75378 -0.11835 -0.79994 -0.99943 -0.89847 -0.63127 -0.27452 0.13968 0.42631 0.68637 0.81528 0.91931 0.97628 0.99898 0.99798 0.9942 1 0.96413 0.89853 0.88269 0.86207 0.80798 0.77346 0.77854 0.81587 0.86194 0.89978 0.92056 0.92269 0.90164
0.10332 0.026794 -0.097863 -0.15276 0.23606 -0.45408 0.22645 -0.30627 0.85048 0.3908 -0.91477 -0.02055 0.23799 0.98721 0.12686 -0.95541 -0.71537 0.15064 0.92471 0.79138 -0.062091 -0.76627 -0.99616 -0.91922 -0.66765 -0.31849 0.095661 0.38702 0.65557 0.79135 0.90329 0.96738 0.99662 0.99962 0.99733 0.99966 0.95491 0.88405 0.86763 0.84626 0.79014 0.75476 0.76045 0.79954 0.8479 0.8879 0.91011 0.91259 0.89059
0.099779 -0.0056769 -0.098813 -0.14219 0.22304 -0.36376 0.34948 -0.43118 0.78515 0.48847 -0.87795 -0.11335 0.15205 0.97772 0.20229 -0.93161 -0.76136 0.086501 0.8996 0.82576 -0.0063891 -0.73085 -0.9903 -0.93746 -0.70203 -0.3612 0.052045 0.34755 0.62407 0.76648 0.88614 0.95725 0.99298 1 0.99925 0.99821 0.9448 0.86888 0.85194 0.8299 0.77186 0.73569 0.742 0.78284 0.83343 0.87556 0.8992 0.90204 0.87914
0.062507 -0.037093 -0.09252 -0.12264 0.20164 -0.2645 0.46238 -0.5464 0.70917 0.57883 -0.83263 -0.20388 0.066119 0.96195 0.27554 -0.90336 -0.80325 0.022861 0.87149 0.85691 0.048592 -0.69386 -0.98198 -0.95324 -0.73442 -0.40262 0.0089107 0.308 0.59196 0.74077 0.86793 0.94596 0.98813 0.99917 1 0.99571 0.93387 0.85307 0.83567 0.81303 0.75317 0.71629 0.72323 0.76578 0.81857 0.86281 0.88786 0.89109 0.86733
0.0054827 -0.062453 -0.079914 -0.095414 0.17327 -0.15962 0.56298 -0.65023 0.62407 0.66108 -0.77961 -0.29143 -0.019146 0.94024 0.34625 -0.871 -0.84102 -0.040026 0.84062 0.88485 0.1027 -0.65547 -0.97132 -0.96661 -0.76482 -0.44269 -0.033672 0.26845 0.55933 0.71429 0.84875 0.93357 0.9821 0.99717 0.99963 0.99219 0.92214 0.83666 0.81887 0.79568 0.73411 0.69659 0.70417 0.74841 0.80335 0.84966 0.87612 0.87974 0.85517
-0.051572 -0.078007 -0.062263 -0.062241 0.13954 -0.05239 0.64958 -0.74129 0.53144 0.73455 -0.71974 -0.37536 -0.10315 0.91298 0.41413 -0.83484 -0.87465 -0.10193 0.80722 0.90961 0.15581 -0.61584 -0.95843 -0.97764 -0.79324 -0.48139 -0.075637 0.22896 0.52626 0.68711 0.82866 0.92014 0.97497 0.99406 0.99819 0.98771 0.90968 0.8197 0.80157 0.7779 0.71472 0.67662 0.68485 0.73075 0.7878 0.83614 0.864 0.86803 0.84269
-0.090491 -0.08174 -0.041049 -0.025115 0.10208 0.054108 0.72087 -0.81852 0.43287 0.79877 -0.65386 -0.45512 -0.18532 0.88055 0.4789 -0.79522 -0.90416 -0.16264 0.77149 0.93123 0.20778 -0.57515 -0.94344 -0.98639 -0.81969 -0.51868 -0.11693 0.18962 0.49282 0.65931 0.80772 0.90573 0.96678 0.98989 0.99571 0.98229 0.89651 0.80222 0.78382 0.75972 0.69504 0.65642 0.66531 0.71282 0.77194 0.82229 0.85152 0.85598 0.82991
-0.10054 -0.073541 -0.017844 0.013825 0.062553 0.15702 0.776 -0.88116 0.32991 0.85336 -0.58285 -0.53022 -0.26517 0.84336 0.54033 -0.75246 -0.92958 -0.22195 0.73367 0.94977 0.25851 -0.53353 -0.92647 -0.99293 -0.84418 -0.55455 -0.15748 0.15048 0.45909 0.63096 0.78601 0.8904 0.95758 0.98469 0.99224 0.97599 0.8827 0.78427 0.76564 0.74118 0.67508 0.636 0.64556 0.69466 0.75581 0.80812 0.83872 0.84361 0.81686
-0.080998 -0.055053 0.0057986 0.052428 0.022518 0.25378 0.81449 -0.92877 0.2241 0.89811 -0.50755 -0.60025 -0.34224 0.80181 0.59823 -0.70689 -0.95096 -0.27971 0.69396 0.96528 0.30789 -0.49114 -0.90763 -0.99733 -0.86675 -0.58897 -0.19726 0.11162 0.42512 0.60212 0.76358 0.87421 0.94742 0.97852 0.98783 0.96886 0.86827 0.76588 0.74708 0.7223 0.65489 0.6154 0.62563 0.67629 0.73942 0.79366 0.82561 0.83095 0.80356
-0.040138 -0.029285 0.028432 0.088653 -0.016576 0.34219 0.83628 -0.96117 0.11692 0.93291 -0.42882 -0.66485 -0.41611 0.75632 0.65244 -0.65883 -0.96836 -0.33575 0.65257 0.97783 0.35584 -0.44813 -0.88704 -0.99967 -0.8874 -0.62193 -0.23621 0.073081 0.391 0.57286 0.7405 0.85721 0.93637 0.97142 0.98251 0.96091 0.85326 0.74709 0.72816 0.70312 0.63448 0.59464 0.60555 0.65773 0.7228 0.77893 0.81221 0.81801 0.79002
0.0085362 -6.2925e-05 0.048789 0.12067 -0.053446 0.42039 0.8416 -0.97844 0.0097535 0.9578 -0.34748 -0.72375 -0.48643 0.70729 0.70281 -0.60858 -0.98186 -0.38993 0.6097 0.98749 0.40228 -0.40461 -0.86482 -1 -0.90619 -0.65343 -0.27429 0.034927 0.35677 0.54324 0.71682 0.83946 0.92445 0.96343 0.97633 0.95221 0.83772 0.72794 0.70893 0.68367 0.61389 0.57375 0.58534 0.63902 0.70597 0.76395 0.79855 0.80482 0.77626
0.051019 0.028576 0.06583 0.14695 -0.087006 0.48694 0.83104 -0.98092 -0.096086 0.9729 -0.26433 -0.77673 -0.55289 0.65513 0.74925 -0.55645 -0.99156 -0.44212 0.56555 0.99435 0.44714 -0.36073 -0.84108 -0.99841 -0.92312 -0.68346 -0.31148 -0.002796 0.3225 0.51332 0.6926 0.82101 0.91173 0.95461 0.96932 0.94278 0.82168 0.70845 0.68941 0.66398 0.59315 0.55276 0.56502 0.62015 0.68895 0.74876 0.78465 0.7914 0.76231
0.076891 0.05295 0.078776 0.16631 -0.11638 0.54076 0.80543 -0.96912 -0.19939 0.97843 -0.18014 -0.82363 -0.61523 0.60025 0.79168 -0.50273 -0.99757 -0.49223 0.5203 0.99849 0.49035 -0.31661 -0.81594 -0.99498 -0.93825 -0.71201 -0.34774 -0.040043 0.28824 0.48314 0.66789 0.80192 0.89825 0.94498 0.96153 0.93267 0.80518 0.68867 0.66963 0.64408 0.57227 0.53168 0.54462 0.60117 0.67177 0.73335 0.77053 0.77775 0.74817
0.081651 0.070186 0.087123 0.17796 -0.14091 0.58115 0.76584 -0.94376 -0.29905 0.97471 -0.095618 -0.86437 -0.67321 0.54303 0.83006 -0.44771 -1 -0.54016 0.47413 1 0.53187 -0.27235 -0.78949 -0.98978 -0.95162 -0.7391 -0.38304 -0.076772 0.25404 0.45277 0.64275 0.78222 0.88405 0.9346 0.95298 0.92191 0.78825 0.66861 0.64962 0.62399 0.55129 0.51053 0.52415 0.58209 0.65444 0.71776 0.7562 0.76391 0.73387
0.066958 0.078506 0.09064 0.18151 -0.16016 0.60779 0.71354 -0.9057 -0.39409 0.96211 -0.011464 -0.89888 -0.72667 0.48387 0.86435 -0.39166 -0.99897 -0.58584 0.42723 0.99897 0.57166 -0.22806 -0.76185 -0.98288 -0.96325 -0.76472 -0.41736 -0.11295 0.21995 0.42225 0.61723 0.76197 0.86918 0.9235 0.94373 0.91053 0.77092 0.64832 0.62941 0.60373 0.53022 0.48934 0.50364 0.56293 0.63698 0.702 0.74169 0.74989 0.71943
0.039093 0.077352 0.089352 0.17695 -0.17388 0.62069 0.64993 -0.85596 -0.48361 0.94107 0.071685 -0.92717 -0.77546 0.42312 0.89457 -0.33484 -0.99462 -0.62919 0.37974 0.99551 0.60968 -0.18386 -0.73311 -0.97436 -0.9732 -0.7889 -0.45069 -0.14853 0.18602 0.39163 0.59136 0.74121 0.85367 0.91171 0.9338 0.89857 0.75323 0.62781 0.60902 0.58334 0.50908 0.46813 0.4831 0.5437 0.61942 0.6861 0.727 0.7357 0.70485
0.0063751 0.067335 0.083518 0.16466 -0.18205 0.62016 0.57653 -0.79563 -0.56687 0.91212 0.15324 -0.94929 -0.81948 0.36114 0.92072 -0.2775 -0.98708 -0.67016 0.33184 0.9897 0.6459 -0.13983 -0.70338 -0.9643 -0.9815 -0.81163 -0.483 -0.18349 0.15228 0.36096 0.5652 0.71998 0.83758 0.89929 0.92324 0.88607 0.7352 0.60712 0.58848 0.56283 0.4879 0.44691 0.46254 0.52442 0.60176 0.67006 0.71217 0.72137 0.69015
-0.023361 0.050066 0.073596 0.14531 -0.18479 0.60679 0.49493 -0.72588 -0.64322 0.87577 0.23265 -0.96532 -0.85866 0.29829 0.94284 -0.21988 -0.97649 -0.70872 0.28367 0.98165 0.6803 -0.096059 -0.67276 -0.95277 -0.98821 -0.83295 -0.51428 -0.21781 0.11878 0.33027 0.53879 0.69833 0.82093 0.88626 0.91207 0.87305 0.71687 0.58627 0.56781 0.54222 0.46669 0.42569 0.44199 0.50511 0.58402 0.6539 0.69719 0.70689 0.67534
-0.044534 0.027855 0.060206 0.11987 -0.18238 0.58139 0.40675 -0.64796 -0.71213 0.83263 0.30942 -0.97539 -0.89298 0.23489 0.96099 -0.16219 -0.963 -0.74485 0.23536 0.97145 0.71288 -0.052636 -0.64133 -0.93985 -0.99336 -0.85285 -0.54452 -0.25144 0.085552 0.2996 0.51217 0.6763 0.80377 0.87266 0.90032 0.85955 0.69826 0.56529 0.54703 0.52154 0.44547 0.40451 0.42146 0.48578 0.56621 0.63764 0.68209 0.6923 0.66044
-0.054618 0.0033805 0.044094 0.089506 -0.17522 0.545 0.31364 -0.56314 -0.77318 0.7833 0.38312 -0.97965 -0.92242 0.17124 0.97524 -0.10466 -0.94676 -0.77851 0.18706 0.95922 0.74362 -0.009637 -0.60918 -0.92561 -0.99702 -0.87137 -0.57373 -0.28439 0.052627 0.269 0.48538 0.65392 0.78614 0.85852 0.88803 0.84559 0.67939 0.54419 0.52617 0.50081 0.42425 0.38336 0.40096 0.46646 0.54836 0.62129 0.66689 0.6776 0.64547
-0.054033 -0.02064 0.026083 0.05553 -0.16383 0.49878 0.2172 -0.47269 -0.82606 0.72839 0.45334 -0.97828 -0.94701 0.10764 0.98567 -0.047472 -0.92792 -0.8097 0.1389 0.94506 0.77252 0.032866 -0.5764 -0.91012 -0.99921 -0.88853 -0.60188 -0.31661 0.020039 0.2385 0.45846 0.63124 0.76806 0.84388 0.87524 0.83121 0.66031 0.523 0.50524 0.48003 0.40306 0.36227 0.38051 0.44714 0.53048 0.60487 0.65159 0.66281 0.63042
-0.045187 -0.041741 0.007035 0.019345 -0.14876 0.44403 0.11901 -0.3779 -0.87057 0.66855 0.51974 -0.9715 -0.9668 0.044362 0.99238 0.0091821 -0.90662 -0.83842 0.090977 0.92905 0.79958 0.074807 -0.54308 -0.89345 -1 -0.90434 -0.62898 -0.3481 -0.012184 0.20812 0.43143 0.60828 0.74958 0.82877 0.86196 0.81643 0.64102 0.50175 0.48426 0.45924 0.38191 0.34124 0.36012 0.42784 0.51257 0.58839 0.6362 0.64793 0.61532
-0.031309 -0.057961 -0.012185 -0.017629 -0.13066 0.38213 0.020559 -0.28001 -0.90658 0.60442 0.58201 -0.95954 -0.98186 -0.018327 0.99548 0.065132 -0.88303 -0.86468 0.043417 0.91132 0.82482 0.11612 -0.50929 -0.87567 -0.99943 -0.91883 -0.65503 -0.37884 -0.044014 0.17791 0.40434 0.58508 0.73072 0.81323 0.84824 0.80128 0.62156 0.48044 0.46326 0.43844 0.36082 0.3203 0.3398 0.40858 0.49466 0.57186 0.62075 0.63298 0.60017
-0.015507 -0.067996 -0.030746 -0.054008 -0.11018 0.3145 -0.076743 -0.18025 -0.93408 0.53663 0.63992 -0.94264 -0.9923 -0.080192 0.99507 0.12022 -0.85729 -0.8885 -0.0036788 0.89195 0.84824 0.15676 -0.47511 -0.85685 -0.99755 -0.93203 -0.68003 -0.40882 -0.075428 0.14788 0.37722 0.56168 0.71152 0.79727 0.83409 0.78579 0.60194 0.4591 0.44225 0.41766 0.33978 0.29944 0.31956 0.38937 0.47674 0.5553 0.60524 0.61798 0.58499
-0.00011597 -0.071246 -0.047887 -0.088488 -0.087959 0.24258 -0.17159 -0.079771 -0.95312 0.46582 0.69324 -0.92108 -0.99822 -0.14101 0.99129 0.17429 -0.82954 -0.9099 -0.050216 0.87104 0.86987 0.19667 -0.4406 -0.83706 -0.9944 -0.94396 -0.70398 -0.43803 -0.1064 0.11807 0.35009 0.5381 0.69201 0.78093 0.81955 0.76997 0.58218 0.43775 0.42124 0.3969 0.31883 0.27869 0.29942 0.37021 0.45884 0.53871 0.58968 0.60292 0.56978
0.013515 -0.067812 -0.062936 -0.1199 -0.064656 0.1678 -0.26277 0.020302 -0.96384 0.39261 0.74182 -0.89512 -0.99976 -0.20057 0.98427 0.22722 -0.79995 -0.9289 -0.096105 0.8487 0.88971 0.23579 -0.40585 -0.81636 -0.99004 -0.95466 -0.7269 -0.46646 -0.13692 0.0885 0.32298 0.51437 0.67222 0.76424 0.80464 0.75387 0.56231 0.4164 0.40025 0.37618 0.29796 0.25806 0.27938 0.35113 0.44097 0.5221 0.57408 0.58783 0.55455
0.024765 -0.058431 -0.075332 -0.14723 -0.040883 0.091545 -0.34923 0.11893 -0.96644 0.31758 0.78552 -0.86506 -0.99705 -0.25869 0.97414 0.27888 -0.76865 -0.94555 -0.14126 0.82502 0.9078 0.2741 -0.37091 -0.79481 -0.98451 -0.96414 -0.74877 -0.4941 -0.16696 0.059195 0.29593 0.49053 0.65217 0.74722 0.78938 0.73749 0.54235 0.39507 0.37929 0.35551 0.2772 0.23754 0.25945 0.33211 0.42312 0.50549 0.55846 0.57271 0.53932
0.033411 -0.044321 -0.084643 -0.16966 -0.017216 0.015143 -0.43001 0.21516 -0.96119 0.24134 0.82427 -0.83119 -0.99027 -0.3152 0.96104 0.32916 -0.73578 -0.95988 -0.18562 0.8001 0.92416 0.31154 -0.33585 -0.77248 -0.97787 -0.97244 -0.76963 -0.52095 -0.1965 0.030176 0.26895 0.46659 0.6319 0.72991 0.77381 0.72086 0.52231 0.37377 0.35839 0.33491 0.25655 0.21716 0.23964 0.31319 0.40532 0.48889 0.54282 0.55757 0.52408
0.039263 -0.027015 -0.090576 -0.18656 0.005825 -0.060161 -0.5043 0.30809 -0.94839 0.16442 0.85802 -0.79381 -0.97956 -0.36994 0.94512 0.37795 -0.7015 -0.97194 -0.2291 0.77402 0.93882 0.3481 -0.30073 -0.74942 -0.97016 -0.97959 -0.78947 -0.547 -0.22553 0.0014628 0.24207 0.44258 0.61142 0.71232 0.75794 0.70401 0.50222 0.35252 0.33754 0.31439 0.23601 0.19691 0.21995 0.29435 0.38757 0.4723 0.52717 0.54242 0.50886
0.041913 -0.0082093 -0.092973 -0.19753 0.027773 -0.13322 -0.57141 0.39693 -0.92841 0.087368 0.88675 -0.75321 -0.96512 -0.42277 0.92652 0.42518 -0.66593 -0.98178 -0.27164 0.74688 0.95181 0.38372 -0.2656 -0.72569 -0.96142 -0.98562 -0.8083 -0.57225 -0.25404 -0.026927 0.21531 0.41854 0.59076 0.69448 0.74179 0.68694 0.48208 0.33134 0.31677 0.29395 0.21561 0.17681 0.20041 0.27562 0.36988 0.45573 0.51152 0.52726 0.49365
0.040792 0.010425 -0.091812 -0.20236 0.048231 -0.20298 -0.6308 0.48096 -0.90165 0.010677 0.91046 -0.7097 -0.94713 -0.47358 0.9054 0.47075 -0.6292 -0.98945 -0.31318 0.71876 0.96317 0.4184 -0.23051 -0.70135 -0.9517 -0.99056 -0.82614 -0.5967 -0.28202 -0.054976 0.18869 0.39447 0.56995 0.67641 0.7254 0.66969 0.46192 0.31022 0.29608 0.27362 0.19534 0.15687 0.181 0.257 0.35226 0.4392 0.49588 0.51211 0.47846
0.035308 0.027379 -0.087209 -0.20104 0.066865 -0.26851 -0.68204 0.55956 -0.86855 -0.065179 0.92922 -0.66357 -0.92578 -0.52224 0.88191 0.5146 -0.59146 -0.995 -0.35368 0.68975 0.97292 0.45211 -0.19553 -0.67645 -0.94104 -0.99443 -0.843 -0.62035 -0.30945 -0.082668 0.16224 0.3704 0.54901 0.65813 0.70877 0.65227 0.44174 0.2892 0.27548 0.25339 0.17522 0.13709 0.16175 0.23849 0.33472 0.4227 0.48026 0.49697 0.4633
0.025213 0.0414 -0.079397 -0.19378 0.08341 -0.32902 -0.72483 0.63219 -0.82958 -0.13976 0.94308 -0.61512 -0.90126 -0.56867 0.85619 0.55667 -0.55281 -0.9985 -0.39309 0.65993 0.98111 0.48481 -0.16068 -0.65105 -0.9295 -0.99728 -0.8589 -0.64321 -0.33633 -0.10999 0.13596 0.34636 0.52796 0.63967 0.69193 0.63471 0.42157 0.26827 0.255 0.23328 0.15525 0.11748 0.14265 0.2201 0.31725 0.40625 0.46466 0.48185 0.44817
0.010859 0.051602 -0.068709 -0.18092 0.097668 -0.38382 -0.75899 0.6984 -0.7852 -0.21267 0.95215 -0.56464 -0.87377 -0.61279 0.8284 0.59691 -0.5134 -1 -0.43136 0.62939 0.98778 0.51651 -0.12603 -0.62519 -0.91712 -0.99912 -0.87384 -0.66527 -0.36264 -0.13693 0.10988 0.32236 0.50682 0.62104 0.67491 0.617 0.40142 0.24744 0.23462 0.21329 0.13545 0.098035 0.12371 0.20184 0.29987 0.38985 0.44909 0.46676 0.43309
-0.0066511 0.057475 -0.055575 -0.16297 0.10951 -0.43235 -0.78445 0.75782 -0.73593 -0.28351 0.95653 -0.51242 -0.84351 -0.65454 0.79868 0.63527 -0.47332 -0.99957 -0.46846 0.59819 0.99296 0.54719 -0.091603 -0.59892 -0.90393 -1 -0.88785 -0.68654 -0.38839 -0.16347 0.084018 0.29842 0.4856 0.60227 0.65771 0.59918 0.3813 0.22674 0.21437 0.19343 0.1158 0.078771 0.10493 0.18371 0.28259 0.37351 0.43356 0.4517 0.41805
-0.025375 0.058874 -0.040488 -0.14056 0.11885 -0.47419 -0.80123 0.81017 -0.68226 -0.35197 0.95636 -0.45873 -0.81069 -0.69384 0.76719 0.67172 -0.4327 -0.99727 -0.50436 0.56642 0.9967 0.57683 -0.057448 -0.5723 -0.88998 -0.99994 -0.90094 -0.70703 -0.41356 -0.18961 0.058381 0.27455 0.46434 0.58337 0.64035 0.58126 0.36122 0.20616 0.19425 0.17372 0.096331 0.05969 0.086321 0.16573 0.2654 0.35723 0.41807 0.43668 0.40307
-0.042881 0.056034 -0.023993 -0.11441 0.12569 -0.50901 -0.80946 0.85524 -0.6247 -0.41772 0.9518 -0.40384 -0.7755 -0.73068 0.73406 0.70624 -0.39164 -0.99317 -0.53904 0.53415 0.99903 0.60542 -0.023599 -0.54535 -0.87531 -0.99897 -0.91313 -0.72674 -0.43816 -0.21533 0.032985 0.25078 0.44304 0.56436 0.62286 0.56326 0.34119 0.18571 0.17427 0.15415 0.077035 0.040796 0.067888 0.14788 0.24832 0.34103 0.40264 0.4217 0.38814
-0.05649 0.049462 -0.0066636 -0.0853 0.13005 -0.53663 -0.80937 0.89291 -0.56378 -0.4805 0.94301 -0.34802 -0.73814 -0.765 0.69944 0.73879 -0.35025 -0.98733 -0.57247 0.50145 1 0.63296 0.0099105 -0.51813 -0.85997 -0.99713 -0.92443 -0.74567 -0.46217 -0.24063 0.0078439 0.22711 0.42173 0.54526 0.60525 0.54518 0.32123 0.16541 0.15444 0.13474 0.057921 0.022092 0.049632 0.13018 0.23135 0.3249 0.38725 0.40677 0.37327
-0.063858 0.039894 0.010922 -0.054079 0.13201 -0.55696 -0.80123 0.92311 -0.49999 -0.54006 0.93016 -0.29151 -0.69881 -0.79679 0.66348 0.76937 -0.30862 -0.97982 -0.60463 0.46837 0.99965 0.65945 0.043048 -0.49069 -0.84398 -0.99444 -0.93487 -0.76384 -0.4856 -0.2655 -0.017031 0.20357 0.40041 0.52609 0.58753 0.52705 0.30134 0.14526 0.13476 0.11548 0.038992 0.0035835 0.031557 0.11263 0.2145 0.30885 0.37193 0.39189 0.35847
-0.063316 0.028218 0.028191 -0.021592 0.13169 -0.57001 -0.78541 0.94585 -0.43383 -0.59619 0.91345 -0.23455 -0.6577 -0.82605 0.6263 0.79797 -0.26685 -0.97071 -0.6355 0.435 0.99803 0.68488 0.075783 -0.46304 -0.82739 -0.99093 -0.94445 -0.78125 -0.50844 -0.28992 -0.041629 0.18017 0.37911 0.50685 0.56972 0.50887 0.28153 0.12527 0.11524 0.096388 0.020253 -0.014728 0.013666 0.095231 0.19776 0.29289 0.35667 0.37708 0.34374
-0.054258 0.015373 0.044605 0.011314 0.12924 -0.5759 -0.76232 0.96119 -0.3658 -0.64871 0.89308 -0.17737 -0.61501 -0.85276 0.58804 0.82458 -0.22503 -0.96007 -0.66508 0.40138 0.99517 0.70925 0.10809 -0.43525 -0.81023 -0.98663 -0.9532 -0.79792 -0.5307 -0.31391 -0.065941 0.15691 0.35783 0.48757 0.55183 0.49066 0.26182 0.10543 0.09588 0.077465 0.0017065 -0.032838 -0.0040375 0.077993 0.18115 0.27702 0.34148 0.36232 0.32909
-0.037379 0.0022985 0.059666 0.043825 0.12484 -0.57482 -0.73244 0.96927 -0.29638 -0.69748 0.86926 -0.12019 -0.57092 -0.87693 0.54883 0.84922 -0.18325 -0.94796 -0.69336 0.36758 0.99112 0.73257 0.13994 -0.40733 -0.79255 -0.98158 -0.96113 -0.81384 -0.55237 -0.33745 -0.089956 0.13382 0.3366 0.46826 0.53388 0.47243 0.24221 0.085773 0.076693 0.058716 -0.016643 -0.050746 -0.021552 0.060915 0.16466 0.26124 0.32636 0.34764 0.31451
-0.014426 -0.010154 0.072934 0.07517 0.11868 -0.56704 -0.69627 0.97025 -0.22601 -0.74236 0.84218 -0.063228 -0.52562 -0.89858 0.5088 0.87189 -0.14158 -0.93446 -0.72034 0.33365 0.98593 0.75484 0.17132 -0.37933 -0.77437 -0.9758 -0.96827 -0.82903 -0.57346 -0.36053 -0.11367 0.1109 0.31542 0.44893 0.51588 0.45419 0.22271 0.066286 0.057681 0.040145 -0.034793 -0.068449 -0.038875 0.044 0.1483 0.24556 0.31132 0.33302 0.30001
0.011751 -0.02124 0.084043 0.10464 0.11098 -0.5529 -0.65435 0.96436 -0.15515 -0.78327 0.81208 -0.0066659 -0.47927 -0.91774 0.46806 0.89261 -0.1001 -0.91963 -0.746 0.29966 0.97963 0.77607 0.2022 -0.35128 -0.75572 -0.96932 -0.97463 -0.84351 -0.59396 -0.38316 -0.13707 0.088159 0.29431 0.42959 0.49784 0.43596 0.20332 0.04698 0.038849 0.021755 -0.052741 -0.085944 -0.056004 0.02725 0.13207 0.22999 0.29636 0.31848 0.2856
0.037877 -0.030398 0.092693 0.13162 0.10195 -0.5328 -0.60726 0.95186 -0.084217 -0.82014 0.77916 0.049309 -0.43206 -0.93441 0.42674 0.91139 -0.058887 -0.90353 -0.77036 0.26563 0.97227 0.79625 0.23256 -0.32321 -0.73666 -0.96216 -0.98023 -0.85727 -0.61389 -0.40534 -0.16014 0.065612 0.27328 0.41026 0.47978 0.41773 0.18407 0.027858 0.0202 0.0035508 -0.070485 -0.10323 -0.072938 0.010668 0.11597 0.21451 0.28149 0.30402 0.27127
0.060479 -0.037227 0.098675 0.15554 0.091812 -0.50717 -0.55558 0.93304 -0.013609 -0.85291 0.74365 0.10452 -0.38415 -0.94865 0.38495 0.92825 -0.018007 -0.88624 -0.79341 0.23164 0.96389 0.81541 0.26238 -0.29515 -0.71719 -0.95436 -0.9851 -0.87033 -0.63323 -0.42705 -0.1829 0.043267 0.25234 0.39095 0.4617 0.39954 0.16494 0.0089246 0.0017377 -0.014465 -0.088022 -0.12031 -0.089675 -0.0057436 0.10002 0.19915 0.2667 0.28964 0.25704
0.076627 -0.041522 0.10186 0.17598 0.080801 -0.4765 -0.4999 0.90823 0.056294 -0.88158 0.70576 0.15882 -0.33569 -0.96049 0.34279 0.94322 0.022477 -0.86782 -0.81517 0.19771 0.95454 0.83354 0.29165 -0.26713 -0.69736 -0.94595 -0.98924 -0.88271 -0.652 -0.4483 -0.20532 0.021132 0.2315 0.37166 0.44362 0.38137 0.14594 -0.0098159 -0.016534 -0.032291 -0.10535 -0.13717 -0.10621 -0.021984 0.084203 0.1839 0.25201 0.27534 0.2429
0.084027 -0.043254 0.10219 0.19256 0.069133 -0.4413 -0.44082 0.87779 0.12514 -0.90614 0.66572 0.21204 -0.28684 -0.96998 0.30038 0.95633 0.062506 -0.84833 -0.83564 0.1639 0.94425 0.85066 0.32036 -0.23917 -0.67719 -0.93694 -0.99268 -0.89442 -0.67019 -0.46909 -0.22741 -0.00078581 0.21077 0.35242 0.42555 0.36325 0.1271 -0.02836 -0.034612 -0.049922 -0.12247 -0.15382 -0.12255 -0.038052 0.06853 0.16876 0.23741 0.26114 0.22885
0.081709 -0.042539 0.099719 0.20505 0.057019 -0.4021 -0.37895 0.8421 0.19259 -0.92661 0.62374 0.26406 -0.23776 -0.97716 0.25781 0.96761 0.10202 -0.82784 -0.85482 0.13025 0.93307 0.86679 0.34849 -0.2113 -0.65672 -0.92736 -0.99544 -0.90545 -0.68782 -0.48941 -0.24916 -0.022479 0.19015 0.33323 0.40749 0.34517 0.10839 -0.046705 -0.052494 -0.067358 -0.13938 -0.17026 -0.13869 -0.053945 0.053001 0.15373 0.22291 0.24702 0.2149
0.069724 -0.039644 0.094541 0.21329 0.044662 -0.35945 -0.31487 0.80153 0.25835 -0.94302 0.58003 0.31474 -0.18857 -0.9821 0.21517 0.9771 0.14098 -0.80641 -0.87274 0.096792 0.92103 0.88193 0.37603 -0.18354 -0.63597 -0.91724 -0.99753 -0.91584 -0.70489 -0.50927 -0.27057 -0.043941 0.16967 0.31409 0.38946 0.32715 0.089846 -0.064848 -0.070177 -0.084596 -0.15608 -0.18649 -0.15463 -0.069663 0.037617 0.13883 0.20851 0.23299 0.20105
0.049497 -0.034914 0.086843 0.21721 0.032251 -0.31391 -0.24916 0.75651 0.32213 -0.95544 0.5348 0.36397 -0.13942 -0.98483 0.17256 0.98483 0.17932 -0.7841 -0.88941 0.063566 0.90818 0.89609 0.40297 -0.15592 -0.61496 -0.90661 -0.99898 -0.92558 -0.7214 -0.52868 -0.29163 -0.065166 0.14931 0.29502 0.37146 0.3092 0.071454 -0.082785 -0.08766 -0.10163 -0.17256 -0.2025 -0.17037 -0.085204 0.022382 0.12405 0.19421 0.21906 0.1873
0.023286 -0.028778 0.076859 0.21685 0.019961 -0.26602 -0.18238 0.70744 0.38368 -0.96394 0.48826 0.41166 -0.090422 -0.98544 0.13006 0.99084 0.21701 -0.76097 -0.90483 0.030606 0.89456 0.9093 0.4293 -0.12846 -0.59373 -0.89548 -0.99979 -0.9347 -0.73735 -0.54762 -0.31234 -0.086149 0.12911 0.27603 0.35351 0.29132 0.053225 -0.10052 -0.10494 -0.11847 -0.18883 -0.2183 -0.18591 -0.10057 0.0072943 0.10938 0.18001 0.20523 0.17365
-0.0058924 -0.021684 0.064887 0.21233 0.0079505 -0.21634 -0.11508 0.65475 0.44276 -0.96859 0.44061 0.45769 -0.041707 -0.98397 0.087751 0.99517 0.254 -0.73707 -0.91903 -0.0020553 0.8802 0.92156 0.45501 -0.10118 -0.5723 -0.88389 -1 -0.9432 -0.75276 -0.5661 -0.3327 -0.10688 0.10905 0.25713 0.33561 0.27352 0.035161 -0.11804 -0.12201 -0.13511 -0.20489 -0.23388 -0.20125 -0.11576 -0.007643 0.094846 0.16592 0.19149 0.16011
-0.034761 -0.014088 0.051253 0.20383 -0.0036379 -0.1654 -0.047765 0.59885 0.49917 -0.9695 0.39204 0.502 0.0066145 -0.9805 0.045715 0.99787 0.29026 -0.71248 -0.93203 -0.034388 0.86514 0.9329 0.48011 -0.074092 -0.55069 -0.87185 -0.99962 -0.9511 -0.76763 -0.58413 -0.3527 -0.12737 0.089147 0.23831 0.31777 0.2558 0.017265 -0.13535 -0.13888 -0.15154 -0.22073 -0.24925 -0.21638 -0.13076 -0.022429 0.080433 0.15193 0.17786 0.14667
-0.060024 -0.0064231 0.036326 0.19163 -0.014681 -0.11371 0.019065 0.54017 0.55273 -0.96678 0.34274 0.5445 0.054435 -0.9751 0.0040213 0.99898 0.32575 -0.68723 -0.94384 -0.066364 0.84942 0.94332 0.50457 -0.047221 -0.52892 -0.85939 -0.99866 -0.95841 -0.78197 -0.6017 -0.37235 -0.14759 0.069408 0.2196 0.29999 0.23818 -0.00045739 -0.15245 -0.15555 -0.16777 -0.23636 -0.2644 -0.23132 -0.14559 -0.037064 0.066148 0.13806 0.16432 0.13334
