0.0033064 0.0013555 -0.0099859 -0.0033963 0.0017916 -0.020687 -0.080963 0.015778 -0.19577 0.014508 0.016872 0.075818 -0.27542 -0.45091 0.0594 0.37084 0.21686 -0.42749 -0.60972 0.63834 -0.062569 -0.48007 0.75353 -0.80187 0.81175 -0.72453 0.35034 0.3226 -0.82002 0.54775 0.41671 -0.82664 -0.070667 0.86138 -0.18045 -0.83286 0.28973 0.77284 -0.66059 -0.39892 0.72024 0.78427 0.086331 -0.59106 -0.87106 0.84357 0.29373 -0.38509 -0.83634
-0.0047535 -0.0023917 -0.031266 -0.054729 -0.0081149 0.0057862 -0.030106 0.13814 0.033042 0.001473 -0.0015775 0.2375 -0.47837 -0.13319 0.2264 0.31476 -0.12071 -0.77124 0.10484 0.61499 -0.80816 0.71138 -0.49113 0.41195 -0.58001 0.82251 -0.73308 0.062751 0.72601 -0.70048 -0.32237 0.85309 0.12413 -0.88005 -0.017839 0.88807 0.038878 -0.89052 0.29355 0.78172 -0.26963 -0.88749 -0.68554 -0.0799 0.72605 -0.76895 -0.87809 -0.4847 0.13005
0.0039726 0.013312 0.018144 -0.029986 -0.029256 0.1134 -0.011488 0.040794 0.013503 0.010462 -0.1513 -0.039392 -0.33223 -0.040507 0.069145 -0.10804 -0.68373 -0.42515 0.81873 -0.59779 0.28926 -0.012197 -0.19197 0.16588 0.16203 -0.6687 0.83946 -0.22338 -0.69476 0.69256 0.42394 -0.79655 -0.38013 0.79697 0.41134 -0.76332 -0.53796 0.72201 0.34404 -0.8725 -0.46744 0.40978 0.88986 0.80877 0.1048 -0.076369 0.60815 0.90875 0.80838
-0.0030511 -0.0074387 -0.047323 0.029232 -0.03019 0.13124 0.047163 -0.14655 0.061771 0.024284 -0.0066198 -0.2567 -0.29644 -0.25266 -0.39658 -0.70043 -0.54797 0.69663 -0.20296 -0.25709 0.45527 -0.56521 0.6179 -0.50951 0.098043 0.56864 -0.85794 0.1828 0.77284 -0.54432 -0.6617 0.57251 0.72463 -0.45386 -0.81143 0.26994 0.89141 -0.084322 -0.86888 0.30946 0.9133 0.51011 -0.21517 -0.72507 -0.88478 0.89028 0.48247 -0.092965 -0.6136
-0.0032717 -0.0037837 0.009053 -0.032483 0.045771 0.092638 -0.091676 0.12803 -0.12361 0.063665 0.16938 -0.33082 -0.46932 -0.64974 -0.74715 -0.45273 0.63224 0.20319 -0.60172 0.77378 -0.79978 0.79891 -0.78008 0.6397 -0.15785 -0.60631 0.83043 0.046275 -0.87577 0.19185 0.87577 -0.07782 -0.89585 -0.20041 0.83664 0.4961 -0.63052 -0.71413 0.64733 0.62881 -0.39102 -0.89793 -0.7798 -0.34049 0.44755 -0.40779 -0.85898 -0.90215 -0.63192
0.0092314 -0.00021849 -0.051523 0.048622 0.0012899 -0.048768 0.10725 0.031685 -7.4906e-05 -0.0071647 0.25564 -0.26256 -0.66406 -0.62641 -0.061106 0.71586 0.24588 -0.79797 0.8627 -0.85228 0.8588 -0.85407 0.81987 -0.63103 0.03287 0.7523 -0.68237 -0.43143 0.81525 0.35565 -0.78327 -0.57592 0.55136 0.82225 -0.1894 -0.90788 -0.28719 0.80745 0.35555 -0.83463 -0.69025 0.019216 0.63944 0.90476 0.74583 -0.79278 -0.30141 0.23235 0.67545
-0.0026294 0.0093602 -0.031596 -0.02107 -0.041902 -0.015015 -0.16617 -0.20162 0.02523 -0.081867 0.24483 0.049191 -0.34035 0.35008 0.79263 0.047032 -0.79296 0.82222 -0.7792 0.77626 -0.84756 0.86523 -0.79644 0.48539 0.26178 -0.88295 0.29865 0.81023 -0.38667 -0.83649 0.17515 0.90423 0.30345 -0.73552 -0.71735 0.3158 0.91373 0.16605 -0.90604 -0.20366 0.71801 0.91755 0.61428 0.15579 -0.55749 0.46465 0.86458 0.92009 0.71712
0.0051139 0.016995 -0.032247 -0.0031553 0.018954 -0.010765 0.18408 -0.026989 -0.018675 -0.090178 0.05427 0.50445 0.56402 0.66066 -0.40586 -0.67785 0.82631 -0.62447 0.64982 -0.73507 0.86294 -0.85084 0.66815 -0.15696 -0.64704 0.78194 0.31585 -0.84386 -0.36516 0.76074 0.65859 -0.39082 -0.90743 -0.22354 0.76567 0.74141 -0.23012 -0.91836 -0.010874 0.91768 0.54418 -0.15101 -0.68793 -0.91016 -0.78806 0.85672 0.47305 0.007168 -0.44359
-0.011316 -0.011401 0.045772 0.010121 0.11148 0.0398 0.064307 0.093813 -0.069203 0.02638 -0.33766 0.37328 0.39842 -0.72218 -0.28388 0.85776 -0.66084 0.46707 -0.61426 0.78158 -0.88705 0.73426 -0.34447 -0.34281 0.89206 -0.266 -0.84403 0.25952 0.89501 0.061448 -0.84874 -0.62511 0.36919 0.91729 0.32991 -0.65589 -0.85842 0.067894 0.92304 0.12278 -0.73067 -0.93006 -0.7039 -0.33403 0.3504 -0.18625 -0.67677 -0.90497 -0.92065
0.0084368 0.015325 -0.042826 0.063853 -0.12367 0.017849 -0.17544 0.096226 -0.12624 0.27871 -0.45967 -0.51665 -0.7678 0.14123 0.70544 -0.79931 0.53038 -0.44257 0.69523 -0.87405 0.81478 -0.40027 -0.19736 0.80641 -0.66766 -0.51412 0.73703 0.63062 -0.50917 -0.86754 -0.054272 0.80898 0.74793 -0.15684 -0.89126 -0.60632 0.3522 0.92383 0.035754 -0.90682 -0.67125 -0.075839 0.46617 0.77785 0.92811 -0.93436 -0.82755 -0.53654 -0.1476
0.0043132 0.0087402 0.013642 0.067609 0.10399 -0.1562 -0.19764 0.057462 -0.15113 0.38215 0.22937 -0.18364 0.36873 0.40678 -0.85045 0.72006 -0.52008 0.55567 -0.84025 0.88934 -0.50306 -0.17724 0.74974 -0.82484 -0.10496 0.90782 0.14471 -0.8496 -0.5524 0.49881 0.91012 0.30543 -0.61239 -0.90052 -0.22774 0.68011 0.88095 0.054104 -0.91348 -0.37394 0.49335 0.88894 0.91218 0.7359 0.19053 -0.40433 0.10322 0.49751 0.78579
0.00070888 -0.024661 -0.064008 -0.047722 -0.078081 -0.011094 -0.14464 0.011313 -0.02015 -0.097425 0.47148 0.66178 0.18269 -0.70861 0.87526 -0.71717 0.63196 -0.7556 0.91843 -0.65328 -0.094821 0.76061 -0.85479 0.15031 0.84498 -0.31844 -0.89945 -0.082444 0.83543 0.67769 -0.23769 -0.8897 -0.68607 0.17873 0.87991 0.70729 -0.15173 -0.90207 -0.37285 0.73391 0.90687 0.56748 0.097963 -0.27607 -0.77335 0.60687 0.89019 0.94213 0.83699
0.00015686 0.00040673 -0.083827 0.031559 0.024594 0.16922 -0.11527 -0.0082158 0.25499 -0.48251 -0.56301 -0.63635 -0.55323 0.82943 -0.88488 0.79717 -0.80954 0.91599 -0.73807 0.072565 0.73439 -0.85034 0.20429 0.73549 -0.63562 -0.72018 0.38967 0.91645 0.27352 -0.66893 -0.89127 -0.28069 0.57177 0.92771 0.4321 -0.45638 -0.93116 -0.46043 0.70884 0.79063 0.08925 -0.48201 -0.82049 -0.93553 -0.827 0.92349 0.71184 0.41195 0.062837
0.00087344 -0.014022 -0.056785 -0.0481 -0.02197 0.22057 -0.10385 0.055392 0.17944 0.31716 0.1537 0.3703 0.73099 -0.86335 0.89829 -0.89783 0.9225 -0.83341 0.17682 0.64175 -0.87489 0.15045 0.71696 -0.76439 -0.45636 0.71319 0.76848 -0.17017 -0.8923 -0.64725 0.19873 0.85161 0.81372 0.10838 -0.70588 -0.90784 -0.33842 0.61756 0.82479 -0.16417 -0.82028 -0.94213 -0.79335 -0.5674 -0.020421 0.31036 -0.14444 -0.483 -0.74352
0.0041228 0.0063747 -0.024827 0.035642 0.024321 0.21314 -0.066894 0.13392 -0.34832 0.22676 0.29238 -0.11044 -0.79542 0.84367 -0.8612 0.88966 -0.77807 0.34174 0.57798 -0.91828 0.17978 0.76655 -0.77036 -0.29284 0.87258 0.49482 -0.56155 -0.9103 -0.28449 0.59839 0.93072 0.52898 -0.2621 -0.86891 -0.79535 -0.085525 0.69463 0.89016 -0.063441 -0.90704 -0.79617 -0.38707 0.043436 0.34685 0.78264 -0.56539 -0.84917 -0.94583 -0.92487
0.0083886 0.0030866 -0.068538 0.055725 0.11882 0.20201 0.0025088 -0.035189 -0.025262 -0.57964 -0.57032 -0.044404 0.79439 -0.73766 0.67043 -0.61265 0.24407 0.43692 -0.94116 0.31061 0.76664 -0.72367 -0.29947 0.91192 0.21246 -0.80386 -0.75088 0.11027 0.84436 0.8027 0.12997 -0.61403 -0.93742 -0.61148 0.17962 0.8305 0.86396 0.12598 -0.86109 -0.6728 0.032725 0.52806 0.81648 0.92567 0.89228 -0.95009 -0.86123 -0.6752 -0.42378
0.015796 0.016459 0.06757 -0.12218 0.14512 0.1738 0.0064199 -0.23329 0.40989 0.63095 0.69806 0.076259 -0.71768 0.47467 -0.23819 0.0086135 0.51763 -0.94111 0.39799 0.69614 -0.7355 -0.39732 0.9087 0.06949 -0.90872 -0.49981 0.47714 0.93282 0.54797 -0.27032 -0.85751 -0.86649 -0.33454 0.42682 0.91637 0.76187 0.072443 -0.75323 -0.77031 0.20375 0.80882 0.95124 0.87647 0.73634 0.30374 -0.61282 -0.25433 0.052993 0.34234
-0.011743 0.027735 -0.007759 -0.031254 0.13848 0.088492 -0.086447 0.17484 -0.4946 -0.52365 -0.74916 0.014956 0.51199 -0.011957 -0.38196 0.68721 -0.94682 0.5568 0.6419 -0.81342 -0.40285 0.88832 0.10308 -0.92784 -0.24864 0.72799 0.87222 0.22288 -0.59195 -0.93617 -0.64777 0.017266 0.6717 0.94246 0.61323 -0.11517 -0.77327 -0.88296 0.027783 0.87689 0.88226 0.59597 0.25857 0.0082988 -0.48193 0.13088 0.49907 0.72347 0.87508
0.004627 -0.0083311 -0.013485 0.056725 0.15204 -0.030513 0.0091055 0.13276 0.34944 0.40203 0.76849 -0.22539 -0.12763 -0.55967 0.88205 -0.93274 0.49651 0.49372 -0.86708 -0.29309 0.89602 0.22332 -0.92419 -0.13151 0.86279 0.71077 -0.13192 -0.81565 -0.87673 -0.33722 0.37901 0.86366 0.89422 0.43096 -0.31065 -0.85853 -0.8805 -0.22917 0.78048 0.8252 0.27494 -0.18717 -0.52244 -0.70236 -0.93 0.76888 0.92921 0.95568 0.90587
0.006643 -0.024507 0.027099 0.049025 0.19266 -0.05887 0.18218 -0.36967 -0.14156 -0.34255 -0.75279 0.52142 -0.39685 0.94294 -0.80663 0.33238 0.54241 -0.93618 -0.20359 0.93534 0.23491 -0.90715 -0.18258 0.89997 0.52236 -0.42352 -0.93056 -0.70843 -0.011152 0.66701 0.94469 0.74116 0.17897 -0.4948 -0.91989 -0.81616 -0.23666 0.59208 0.90919 0.16688 -0.50771 -0.82006 -0.9419 -0.95611 -0.81199 0.94859 0.83725 0.67804 0.47788
-0.010034 0.024831 -0.071365 0.032248 0.21029 0.006122 -0.17618 0.4126 -0.025059 0.37222 0.65556 -0.79661 0.84966 -0.75758 0.017728 0.66815 -0.9255 0.0037795 0.96017 0.11417 -0.91376 -0.31092 0.88282 0.43449 -0.62477 -0.93049 -0.45129 0.3035 0.8525 0.89453 0.48611 -0.12946 -0.69098 -0.94774 -0.71965 -0.10573 0.57397 0.95008 0.39011 -0.58453 -0.93847 -0.92667 -0.79113 -0.66003 -0.25658 0.62815 0.3294 0.083721 -0.15647
-0.014783 0.0023377 0.038391 0.029424 0.12448 -0.042521 -0.042676 -0.32325 0.11362 -0.48935 -0.41017 0.85902 -0.88103 -0.055831 0.84222 -0.87997 -0.022607 0.95572 0.0063114 -0.94854 -0.32445 0.83492 0.48947 -0.6939 -0.8634 -0.18244 0.58775 0.93897 0.7524 0.18121 -0.44213 -0.85866 -0.92929 -0.59613 0.046436 0.66481 0.94999 0.64888 -0.3675 -0.95014 -0.79923 -0.50434 -0.21579 -0.030388 0.40857 0.018112 -0.31256 -0.52727 -0.70258
0.0093529 0.030357 0.13385 0.013468 -0.051251 -0.021989 0.27756 0.20041 -0.11504 0.66168 -0.014495 -0.52135 0.28321 0.87394 -0.74237 -0.13797 0.95738 -0.22696 -0.96856 -0.19935 0.83874 0.60341 -0.64797 -0.82315 0.046764 0.77998 0.92508 0.53779 -0.11716 -0.6911 -0.94575 -0.83112 -0.40523 0.20564 0.75754 0.95201 0.68793 -0.051289 -0.88225 -0.7617 -0.22828 0.16763 0.44872 0.59325 0.86457 -0.57956 -0.801 -0.90367 -0.95599
0.02264 -0.020913 -0.040085 -0.047064 -0.12517 0.1606 -0.40072 -0.10892 0.022825 -0.80947 0.52839 -0.18336 0.61058 -0.76395 -0.35944 0.96837 -0.23632 -0.94374 -0.075985 0.90402 0.61489 -0.54692 -0.85507 0.13432 0.88498 0.8294 0.26104 -0.39744 -0.85626 -0.92633 -0.64148 -0.14419 0.40932 0.83931 0.93789 0.62144 0.014807 -0.70091 -0.89449 -0.17814 0.43949 0.73768 0.88556 0.93542 0.94068 -0.92296 -0.96194 -0.93009 -0.8577
0.00033984 0.010176 -0.11129 -0.14964 -0.018451 -0.16843 0.41318 0.079171 0.16697 0.8012 -0.86889 0.82366 -0.94281 -0.31606 0.95804 -0.1718 -0.93698 0.18691 0.95259 0.50229 -0.54916 -0.90928 0.065362 0.91261 0.6998 -0.0049221 -0.64917 -0.94084 -0.82712 -0.39137 0.15399 0.6306 0.9178 0.90399 0.52898 -0.06696 -0.64678 -0.95628 -0.45075 0.47387 0.88249 0.9627 0.93294 0.88675 0.64822 -0.91084 -0.77311 -0.63569 -0.47909
0.025071 -0.0075403 -0.03698 -0.20625 0.025277 0.012198 -0.37331 -0.12462 -0.43349 -0.50459 0.71065 -0.77389 0.19542 0.98597 -0.0065222 -0.94936 0.23426 0.97496 0.37613 -0.67279 -0.91771 -0.067721 0.89199 0.64099 -0.22207 -0.81724 -0.93999 -0.6575 -0.12662 0.42929 0.81798 0.95626 0.82302 0.41748 -0.1729 -0.69866 -0.95277 -0.73136 0.19161 0.89304 0.93357 0.78652 0.61356 0.50726 0.13235 -0.58554 -0.33502 -0.1493 0.033025
-0.0073299 -0.02959 0.050201 -0.082797 0.032735 0.19561 0.33694 0.24946 0.69742 -0.084308 0.0066075 -0.089719 0.83759 -0.14556 -0.97107 0.21999 0.96814 0.091518 -0.78585 -0.86606 -0.06251 0.84448 0.69064 -0.30226 -0.90708 -0.86283 -0.41856 0.14698 0.65196 0.92477 0.91859 0.67108 0.2413 -0.29024 -0.76233 -0.95827 -0.79155 -0.17871 0.73094 0.92846 0.61311 0.31814 0.082218 -0.035833 -0.4108 -0.084496 0.19099 0.36477 0.51872
-0.0041298 0.076479 0.10868 0.1485 0.050925 -0.35799 -0.33914 -0.43978 -0.80635 0.7032 -0.77907 0.89394 -0.69206 -0.95418 0.12045 0.96872 0.0026455 -0.9324 -0.7856 0.10759 0.85763 0.77617 -0.23803 -0.93003 -0.74872 -0.17221 0.42391 0.82222 0.95473 0.7992 0.44768 0.0017586 -0.4573 -0.82633 -0.95774 -0.76071 -0.28239 0.43306 0.95888 0.60566 0.077603 -0.24705 -0.45979 -0.55002 -0.81008 0.42519 0.64576 0.76278 0.85283
0.0041088 -0.01935 0.16228 0.13034 -0.16417 0.4512 0.39574 0.64268 0.59029 -0.87387 0.79499 -0.54776 -0.54976 0.34044 0.9771 -0.034548 -0.96205 -0.55162 0.28951 0.93234 0.77234 -0.11822 -0.91419 -0.69425 0.042924 0.639 0.93218 0.91061 0.62889 0.18854 -0.26806 -0.65008 -0.902 -0.94669 -0.70787 -0.23775 0.32842 0.85613 0.82089 0.076666 -0.4677 -0.71417 -0.84167 -0.88411 -0.96549 0.80227 0.91641 0.95566 0.96948
0.020524 -0.027454 0.22169 -0.11029 0.14921 -0.49852 -0.50395 -0.75075 -0.016167 0.30187 0.12291 -0.61018 0.87452 0.93443 0.0012144 -0.97543 -0.43921 0.59731 0.97945 0.6508 -0.14428 -0.87823 -0.73619 0.12826 0.78261 0.95924 0.78526 0.40918 -0.069033 -0.51307 -0.82095 -0.95597 -0.90457 -0.63717 -0.16325 0.36607 0.79491 0.95373 0.40157 -0.46157 -0.84828 -0.95104 -0.96851 -0.96328 -0.86023 0.96379 0.95522 0.91882 0.86445
-0.010155 -0.020049 0.24203 -0.026303 -0.0044149 0.53326 0.63493 0.62558 -0.64334 0.61436 -0.92199 0.83086 0.3963 -0.30244 -0.97497 -0.35794 0.71161 0.94791 0.48666 -0.33943 -0.89861 -0.80775 0.06986 0.83058 0.92683 0.61153 0.1374 -0.32544 -0.70978 -0.9243 -0.94981 -0.80449 -0.50604 -0.069395 0.43042 0.81443 0.96349 0.7243 -0.13505 -0.8412 -0.96776 -0.9135 -0.83135 -0.79243 -0.54644 0.89292 0.77661 0.68345 0.58219
-0.00020857 -0.082643 0.14629 0.069103 -0.18335 -0.57807 -0.72335 -0.19224 0.86051 -0.8916 0.42525 0.36581 -0.90565 -0.97994 -0.33054 0.78892 0.88653 0.1288 -0.54323 -0.9636 -0.79184 -0.037748 0.80255 0.90022 0.42835 -0.12047 -0.57654 -0.85865 -0.96062 -0.86829 -0.6341 -0.30515 0.090322 0.50931 0.84782 0.96416 0.80635 0.27242 -0.61498 -0.96798 -0.81866 -0.63826 -0.49063 -0.43733 -0.11715 0.62828 0.44003 0.31727 0.19572
0.0035911 -0.085075 -0.048208 -0.10266 0.34468 0.63646 0.67081 -0.42023 -0.30189 0.05993 0.75038 -0.91241 -0.44408 0.048509 0.82446 0.81657 -0.065629 -0.82556 -0.98469 -0.65054 0.010796 0.74662 0.91756 0.34347 -0.33423 -0.76212 -0.94964 -0.92853 -0.73357 -0.41384 -0.052268 0.30494 0.63514 0.88605 0.96085 0.79431 0.40349 -0.24655 -0.90801 -0.83201 -0.46515 -0.21584 -0.046018 0.0043642 0.32396 0.24334 0.027571 -0.097253 -0.21407
0.026682 -0.037987 -0.15655 0.14927 -0.4591 -0.68763 -0.38757 0.82814 -0.61533 0.88879 -0.69165 -0.30594 0.83527 0.99095 0.76011 -0.23278 -0.92542 -0.87152 -0.44889 0.24171 0.78783 0.94666 0.38642 -0.42325 -0.87688 -0.96029 -0.81629 -0.5423 -0.17625 0.20649 0.53485 0.7819 0.93616 0.95075 0.76127 0.3869 -0.10458 -0.68246 -0.95446 -0.49236 -0.011438 0.24296 0.39515 0.43173 0.68709 -0.17624 -0.37724 -0.48187 -0.57499
-0.0026691 -0.012889 -0.094485 -0.13048 0.53742 0.68376 -0.11785 -0.6176 0.86729 -0.53118 -0.61026 0.90685 0.65969 0.39661 -0.35229 -0.97908 -0.7359 -0.032582 0.49098 0.91179 0.93866 0.4683 -0.38645 -0.91449 -0.91152 -0.64937 -0.28666 0.082094 0.4419 0.72707 0.90359 0.96696 0.91387 0.71136 0.33826 -0.11923 -0.56971 -0.93012 -0.76585 -0.047854 0.43139 0.63649 0.74288 0.76237 0.91141 -0.55171 -0.70522 -0.77561 -0.83413
0.0019907 -0.022261 -0.058108 0.013404 -0.59698 -0.55768 0.64769 -0.18259 -0.0086472 -0.69758 0.76675 0.43818 -0.59677 -0.76817 -0.99307 -0.57238 0.22442 0.82157 0.98639 0.84581 0.40484 -0.31198 -0.90347 -0.87297 -0.46345 -0.026913 0.36086 0.65504 0.86632 0.9598 0.94225 0.82433 0.60451 0.26703 -0.16807 -0.57917 -0.87724 -0.94675 -0.40728 0.39415 0.77148 0.89198 0.93927 0.94468 0.97044 -0.824 -0.91059 -0.94142 -0.96238
-0.0068771 -0.030536 0.043891 0.15989 0.64532 0.2546 -0.84212 0.85688 -0.89964 0.74254 0.61589 -0.80127 -0.91985 -0.86547 -0.40961 0.45607 0.94547 0.92302 0.66815 0.1522 -0.39307 -0.87904 -0.88639 -0.36591 0.20333 0.59229 0.83667 0.94995 0.95365 0.8475 0.66716 0.42791 0.12539 -0.23937 -0.61593 -0.88141 -0.96798 -0.74951 0.02836 0.74291 0.95144 0.97414 0.96295 0.96099 0.86964 -0.95971 -0.97358 -0.96702 -0.95393
-0.00024094 0.0073956 0.27604 -0.33081 -0.67149 0.20747 0.43199 -0.58334 0.46555 0.57921 -0.70797 -0.70657 0.10519 0.15814 0.63757 0.9955 0.77261 0.24456 -0.15512 -0.6327 -0.92142 -0.91574 -0.38878 0.3125 0.75901 0.93961 0.96283 0.8792 0.70215 0.45758 0.1918 -0.083183 -0.3753 -0.6693 -0.89909 -0.96872 -0.84096 -0.39949 0.44595 0.9395 0.95255 0.88416 0.82557 0.82369 0.63903 -0.95121 -0.89822 -0.86169 -0.82234
-0.027955 0.10073 -0.18352 0.46729 0.64317 -0.67606 0.38995 -0.45003 0.74459 -0.79061 -0.75869 0.49898 0.97359 0.97346 0.97437 0.55539 -0.074554 -0.61393 -0.84895 -0.98427 -0.88302 -0.44494 0.29534 0.82716 0.96914 0.89631 0.72104 0.49914 0.22459 -0.064275 -0.32692 -0.55764 -0.76502 -0.92338 -0.96589 -0.84066 -0.54204 0.019943 0.76774 0.96183 0.79051 0.6522 0.56316 0.56724 0.32357 -0.81258 -0.70693 -0.65065 -0.59485
0.053467 0.16982 -0.32832 -0.56702 -0.51226 0.87456 -0.90311 0.90913 -0.68416 -0.61074 0.48699 0.9548 0.55967 0.65333 0.30529 -0.38684 -0.8433 -0.99554 -0.95155 -0.71878 -0.34516 0.24652 0.82161 0.96263 0.77573 0.51162 0.22865 -0.037163 -0.31048 -0.55365 -0.74215 -0.87529 -0.95775 -0.95792 -0.8204 -0.54254 -0.14517 0.42406 0.94464 0.82134 0.50593 0.32669 0.22557 0.23848 -0.0264 -0.57336 -0.43386 -0.36856 -0.30618
-0.0085746 0.095618 0.63266 0.64175 0.23665 -0.56232 0.47547 -0.025425 -0.64156 0.71484 0.9408 0.062003 -0.53977 -0.37318 -0.64786 -0.97574 -0.93903 -0.6676 -0.44335 -0.040153 0.36455 0.80104 0.96443 0.69315 0.28704 -0.04738 -0.32785 -0.5481 -0.74079 -0.87817 -0.95487 -0.97179 -0.92581 -0.78413 -0.51078 -0.14721 0.26761 0.74289 0.95945 0.55456 0.1528 -0.036868 -0.13365 -0.11248 -0.36319 -0.27156 -0.1182 -0.053451 0.0070255
0.039208 -0.042808 -0.41626 -0.70121 0.17777 -0.19005 0.54529 -0.92947 0.73895 0.77057 -0.052271 -0.90527 -0.99222 -0.99721 -0.99041 -0.75445 -0.34192 0.096951 0.32094 0.64518 0.87457 0.97266 0.69361 0.15773 -0.29418 -0.5764 -0.76692 -0.88457 -0.9558 -0.96722 -0.93003 -0.84346 -0.69501 -0.45519 -0.111 0.26436 0.62285 0.93078 0.82363 0.2124 -0.21234 -0.38538 -0.46557 -0.43973 -0.64747 0.052693 0.20151 0.2584 0.3107
-0.029934 0.057437 -0.11784 0.74244 -0.62833 0.85873 -0.90906 0.32585 0.6692 -0.47661 -0.96278 -0.71809 -0.34014 -0.63837 -0.46939 0.045825 0.48022 0.78396 0.88548 0.98034 0.95793 0.71668 0.15102 -0.4232 -0.76014 -0.90839 -0.96701 -0.96702 -0.91707 -0.81838 -0.69297 -0.53676 -0.32906 -0.047588 0.29833 0.61949 0.86695 0.96933 0.57002 -0.15031 -0.53912 -0.67512 -0.73156 -0.70663 -0.85151 0.36235 0.49166 0.53612 0.5765
-0.03257 0.24123 0.62725 -0.7442 0.90383 -0.78457 0.010215 0.87981 -0.66421 -0.95461 -0.53536 0.32708 0.65737 0.30216 0.42577 0.79631 0.96964 0.99119 0.96141 0.82785 0.61041 0.17212 -0.43589 -0.84222 -0.9685 -0.95881 -0.89105 -0.79429 -0.65471 -0.48538 -0.31247 -0.12895 0.090397 0.35797 0.64586 0.86482 0.97125 0.86522 0.24397 -0.48341 -0.78909 -0.87574 -0.90616 -0.88851 -0.96024 0.62701 0.72628 0.7564 0.78353
0.017747 -0.17639 -0.92321 0.66751 -0.76984 -0.10485 0.93606 -0.43728 -0.81066 0.02702 0.5902 0.98726 0.9852 0.9606 0.97346 0.98065 0.84662 0.63852 0.54732 0.29588 0.01273 -0.42655 -0.85319 -0.97322 -0.87566 -0.73562 -0.58122 -0.42967 -0.24762 -0.055618 0.12196 0.29311 0.48271 0.69193 0.88008 0.97149 0.9319 0.64461 -0.10547 -0.74736 -0.93851 -0.97155 -0.97776 -0.97329 -0.9706 0.82486 0.88827 0.90443 0.91897
-0.037336 -0.53325 1 -0.46675 0.16444 0.92553 -0.40506 -0.88166 0.42905 0.96286 0.96845 0.57451 0.38032 0.81153 0.79615 0.51929 0.22896 -0.044666 -0.1203 -0.35334 -0.57624 -0.85479 -0.97255 -0.79759 -0.53209 -0.32046 -0.13375 0.026148 0.20336 0.37473 0.52196 0.6514 0.78264 0.90583 0.97413 0.93513 0.76593 0.34587 -0.43274 -0.91634 -0.9786 -0.96068 -0.94731 -0.96045 -0.88961 0.94336 0.96939 0.97369 0.97777
-0.071779 0.43676 -0.94181 0.11683 0.61505 -0.63935 -0.8285 0.38447 0.9696 0.56223 0.19644 -0.41968 -0.55269 0.029342 0.06919 -0.25423 -0.50261 -0.69019 -0.71813 -0.84153 -0.9337 -0.9765 -0.77855 -0.39094 -0.051447 0.16592 0.33437 0.46499 0.60122 0.72188 0.8171 0.88928 0.9488 0.97637 0.9255 0.77214 0.5051 0.0123 -0.70097 -0.97895 -0.91381 -0.8528 -0.826 -0.85907 -0.7319 0.9787 0.96948 0.96506 0.96163
-0.013372 0.53018 0.83962 0.34548 -0.97901 -0.51233 0.59681 0.9466 0.0048682 -0.57251 -0.78632 -0.99104 -1 -0.7585 -0.68837 -0.86197 -0.95341 -0.99337 -0.99335 -0.9889 -0.94867 -0.77471 -0.35378 0.11518 0.43101 0.60078 0.71642 0.79612 0.87198 0.92839 0.9645 0.9774 0.96614 0.90457 0.75206 0.51368 0.1891 -0.3142 -0.88489 -0.93694 -0.75901 -0.66605 -0.63227 -0.68515 -0.51695 0.93463 0.89498 0.88538 0.87769
0.066769 -0.92123 -0.75525 -0.7863 0.50895 0.96458 0.76314 -0.16521 -0.96279 -0.97962 -0.91497 -0.63908 -0.63478 -0.99474 -1 -0.97657 -0.91816 -0.84249 -0.85722 -0.76589 -0.64157 -0.33662 0.16239 0.57899 0.79656 0.88873 0.93771 0.96203 0.97508 0.96909 0.95139 0.91375 0.84363 0.7113 0.48605 0.199 -0.14084 -0.59792 -0.97162 -0.80272 -0.53612 -0.42374 -0.38878 -0.45897 -0.26652 0.82078 0.75726 0.7459 0.73701
0.10574 0.25249 0.71763 0.988 0.48165 0.046223 -0.63275 -1 -0.56867 -0.21699 -0.1117 0.26726 0.20791 -0.55965 -0.712 -0.57258 -0.4487 -0.33524 -0.39269 -0.27846 -0.13524 0.19066 0.62261 0.88704 0.96884 0.97853 0.96577 0.94401 0.90508 0.84985 0.79204 0.71918 0.60885 0.43101 0.1673 -0.13087 -0.44714 -0.81231 -0.95997 -0.59618 -0.27066 -0.1512 -0.11959 -0.20256 -0.0024421 0.65086 0.57087 0.56065 0.5531
0.089568 0.65197 -0.73013 -0.75329 -1 -1 -0.79729 -0.22095 0.58579 0.78126 0.78713 0.93526 0.88278 0.22229 -0.029051 0.11001 0.21223 0.2965 0.20545 0.29089 0.40082 0.65262 0.91215 0.97738 0.92415 0.86651 0.80968 0.75903 0.68666 0.60137 0.5209 0.43053 0.30093 0.10486 -0.16299 -0.43831 -0.69943 -0.94124 -0.85853 -0.34151 0.011243 0.12683 0.15215 0.062464 0.25519 0.44091 0.3519 0.34494 0.34054
0.023014 -1 0.77725 0.08515 0.37355 0.25762 0.53234 0.89651 0.97985 0.9227 0.9468 0.84984 0.93475 0.85298 0.65497 0.72544 0.76803 0.80008 0.71861 0.75526 0.80878 0.93096 0.97251 0.84552 0.68778 0.58934 0.51132 0.45076 0.36539 0.27013 0.1841 0.0927 -0.036536 -0.22556 -0.4674 -0.69274 -0.87667 -0.97895 -0.68318 -0.064172 0.28529 0.38821 0.40596 0.31652 0.48924 0.20772 0.11661 0.11411 0.11385
-0.067968 0.72677 -0.82846 0.68272 0.73565 0.95224 0.90734 0.6899 0.1734 0.11353 0.27372 0.12456 0.37202 0.9794 0.99121 0.99895 1 1 0.98255 0.98197 0.98532 0.96851 0.80616 0.53587 0.3207 0.21028 0.13244 0.077745 -0.0028894 -0.091095 -0.16892 -0.24856 -0.36169 -0.52326 -0.71586 -0.87276 -0.96767 -0.92882 -0.4544 0.21159 0.53081 0.61483 0.6252 0.5432 0.68625 -0.032457 -0.11974 -0.11745 -0.11341
-0.1248 -0.20231 0.84227 -1 -0.87308 -0.37949 -0.27558 -0.48508 -0.82576 -0.79419 -0.61638 -0.67693 -0.41148 0.56705 0.84058 0.8362 0.84107 0.84801 0.93164 0.9228 0.90061 0.77339 0.46608 0.12439 -0.098293 -0.19679 -0.25922 -0.29841 -0.36218 -0.43177 -0.49257 -0.55259 -0.63914 -0.75922 -0.88766 -0.96681 -0.9706 -0.80158 -0.19466 0.46458 0.73179 0.79329 0.79766 0.72993 0.8368 -0.26491 -0.34365 -0.33708 -0.32928
-0.1136 -0.23453 -0.77506 0.52545 -0.23835 -0.93474 -1 -0.99932 -0.89399 -0.94471 -1 -1 -0.93374 -0.13179 0.306 0.33421 0.3769 0.4191 0.60322 0.614 0.59417 0.40661 0.036053 -0.30185 -0.49021 -0.56192 -0.60187 -0.62291 -0.66437 -0.71002 -0.75027 -0.78787 -0.84286 -0.91425 -0.97207 -0.97266 -0.89158 -0.61314 0.073752 0.67787 0.8774 0.91515 0.91574 0.8682 0.93545 -0.47714 -0.54397 -0.53427 -0.52386
-0.069388 0.45566 0.59738 0.42593 0.98959 0.34387 -0.14735 -0.22591 -0.011948 -0.25012 -0.6175 -0.6644 -0.91562 -0.74999 -0.35137 -0.2874 -0.20885 -0.13221 0.11037 0.15313 0.15413 -0.040091 -0.39162 -0.66312 -0.78996 -0.83011 -0.84833 -0.85465 -0.87449 -0.8966 -0.91742 -0.93411 -0.95757 -0.97935 -0.96772 -0.89612 -0.74291 -0.3824 0.33053 0.83941 0.96192 0.97675 0.97616 0.95344 0.98044 -0.65928 -0.71212 -0.70093 -0.68946
0.063429 -0.49006 -0.31476 -0.96988 -0.15354 0.96633 0.91915 0.81654 0.86953 0.64526 0.20518 0.078216 -0.40304 -1 -0.8479 -0.7888 -0.71241 -0.63183 -0.40158 -0.33535 -0.31092 -0.46873 -0.73567 -0.90045 -0.9552 -0.96761 -0.97067 -0.96969 -0.97321 -0.97648 -0.9823 -0.98269 -0.97852 -0.95497 -0.88126 -0.74925 -0.54099 -0.12929 0.55859 0.94214 0.98434 0.97864 0.97953 0.98472 0.97321 -0.8042 -0.84219 -0.83142 -0.8207
0.45854 0.41883 -0.018057 0.48451 -0.93234 -0.15989 0.64932 0.88809 0.89483 1 0.8706 0.76004 0.30641 -0.79363 -0.99611 -1 -0.97922 -0.94024 -0.79869 -0.7345 -0.69924 -0.79602 -0.93945 -0.98265 -0.9696 -0.96367 -0.96108 -0.96175 -0.95671 -0.9483 -0.94535 -0.93571 -0.91035 -0.84947 -0.72551 -0.54836 -0.3044 0.12693 0.74478 0.98369 0.94767 0.92491 0.92969 0.96419 0.9178 -0.90753 -0.93082 -0.92249 -0.91438
0.72464 -0.3101 0.30469 0.54853 0.36184 -0.99443 -0.51331 -0.038677 0.090629 0.57161 0.94875 0.99794 0.85009 -0.25038 -0.76276 -0.86886 -0.94427 -0.98616 -0.99067 -0.96074 -0.93642 -0.96735 -0.97727 -0.90719 -0.84134 -0.8285 -0.82983 -0.84022 -0.83475 -0.82245 -0.81721 -0.8041 -0.76515 -0.67714 -0.51738 -0.31201 -0.052106 0.369 0.88022 0.96581 0.85812 0.82239 0.83295 0.89649 0.82024 -0.96738 -0.97699 -0.973 -0.96927
-0.038558 0.20123 -0.44521 -0.88637 0.8616 -0.16529 -0.98055 -0.91093 -0.78063 -0.27301 0.42722 0.69123 0.98308 0.38383 -0.25788 -0.46049 -0.63778 -0.7752 -0.94604 -0.97722 -0.98624 -0.9625 -0.85406 -0.69616 -0.59811 -0.58867 -0.60116 -0.62661 -0.62746 -0.61813 -0.6161 -0.60524 -0.56025 -0.45609 -0.27593 -0.059267 0.19796 0.58254 0.96022 0.8936 0.72425 0.6798 0.69741 0.78811 0.6879 -0.98413 -0.98167 -0.9837 -0.98593
-1 -0.10526 0.39166 0.05589 -0.41271 0.91204 -0.19782 -0.83292 -0.9754 -0.90777 -0.34157 0.03329 0.67243 0.85379 0.32556 0.080877 -0.1623 -0.37679 -0.69053 -0.7945 -0.85185 -0.794 -0.59991 -0.38924 -0.28029 -0.2811 -0.30814 -0.35026 -0.3616 -0.36003 -0.36489 -0.36038 -0.31593 -0.20614 -0.020493 0.19181 0.43003 0.75655 0.98393 0.77472 0.55608 0.507 0.53216 0.64679 0.52897 -0.96001 -0.94751 -0.95691 -0.96634
-0.16174 0.023175 -0.18517 0.82035 -0.84041 0.57305 0.81199 0.064592 -0.3756 -0.91412 -0.89851 -0.62805 0.080288 0.99384 0.78909 0.58705 0.34576 0.1022 -0.29284 -0.46132 -0.56931 -0.50014 -0.2616 -0.035258 0.066441 0.053108 0.012474 -0.043923 -0.066794 -0.075152 -0.088334 -0.092226 -0.053286 0.052907 0.23071 0.42524 0.63121 0.88364 0.95384 0.61852 0.36431 0.31426 0.34674 0.4809 0.35187 -0.89874 -0.87843 -0.89613 -0.91365
0.85577 0.046267 -0.060095 -0.45728 0.33574 -0.59967 0.85771 0.88636 0.50506 -0.32667 -0.94938 -0.97958 -0.53214 0.77516 0.99365 0.91781 0.75632 0.54798 0.15625 -0.049573 -0.19634 -0.13488 0.10689 0.31588 0.39774 0.37421 0.32494 0.26017 0.22782 0.21006 0.18939 0.17713 0.20749 0.30278 0.46176 0.62793 0.79186 0.95991 0.87508 0.4353 0.15964 0.11168 0.15058 0.299 0.16488 -0.80516 -0.77932 -0.80579 -0.83185
-0.11131 -0.10079 0.22315 -0.58995 0.86068 -0.89896 -0.055705 0.89228 0.99393 0.45219 -0.4987 -0.88148 -0.92311 0.29592 0.89389 0.99538 0.9768 0.86609 0.56542 0.36236 0.20061 0.24275 0.45315 0.62 0.67584 0.64819 0.59819 0.53346 0.49624 0.47198 0.44661 0.42791 0.44852 0.52778 0.65972 0.79003 0.90574 0.98468 0.75482 0.23559 -0.047732 -0.091275 -0.047468 0.10938 -0.024198 -0.6848 -0.65562 -0.69089 -0.72553
-0.37745 0.13302 -0.2419 0.62641 -0.14189 0.026679 -0.89106 0.12439 0.76551 0.94624 0.19465 -0.40417 -0.95982 -0.26992 0.53805 0.81591 0.96855 0.99882 0.86059 0.70432 0.55833 0.57819 0.73327 0.84336 0.87307 0.84963 0.80835 0.7533 0.71751 0.69139 0.66555 0.64377 0.65519 0.71552 0.81507 0.90515 0.96986 0.96005 0.60151 0.029569 -0.24861 -0.28614 -0.2394 -0.080227 -0.20834 -0.54362 -0.51309 -0.55672 -0.59957
0.21098 -0.13285 0.12941 0.39234 -0.8655 0.8926 -0.79229 -0.73285 0.01879 0.89067 0.78 0.23091 -0.65141 -0.73908 0.040886 0.43983 0.74786 0.93159 0.99608 0.92507 0.82612 0.82844 0.91636 0.96531 0.97348 0.96314 0.94001 0.90412 0.87679 0.85442 0.83308 0.8125 0.81667 0.85719 0.92179 0.97013 0.98415 0.89039 0.42431 -0.17335 -0.43505 -0.46568 -0.41831 -0.26293 -0.38145 -0.38769 -0.35753 -0.40867 -0.45898
-0.083372 0.093733 0.049617 -0.65391 -0.15377 0.61806 0.086683 -0.98941 -0.72575 0.34944 0.99238 0.76173 -0.12571 -0.97653 -0.45683 -0.031877 0.37456 0.68972 0.95868 0.99779 0.97154 0.96623 0.98657 0.97872 0.97289 0.98349 0.98648 0.97785 0.9657 0.95283 0.94108 0.9263 0.92607 0.94765 0.97721 0.98486 0.95111 0.78176 0.23251 -0.36489 -0.60053 -0.62404 -0.57852 -0.4328 -0.53843 -0.22293 -0.19453 -0.252 -0.30868
0.14263 -0.020606 -0.19489 -0.29128 0.76646 -0.39104 0.86366 -0.48376 -1 -0.36381 0.76006 0.99251 0.4303 -0.92834 -0.82857 -0.48677 -0.066467 0.32802 0.76528 0.92085 0.9824 0.98135 0.94288 0.88895 0.87767 0.91465 0.94916 0.97347 0.98207 0.98385 0.98624 0.98164 0.98035 0.98518 0.98171 0.95177 0.87523 0.64143 0.035083 -0.5381 -0.74007 -0.75679 -0.71562 -0.58499 -0.67531 -0.054952 -0.029376 -0.091678 -0.15337
-0.12631 -0.065057 0.19104 0.61339 0.4905 -0.91728 0.83599 0.3673 -0.66645 -0.87954 0.20901 0.85718 0.83892 -0.62551 -0.99154 -0.82745 -0.48574 -0.083181 0.45594 0.71446 0.86556 0.87955 0.79709 0.71146 0.70259 0.76813 0.83626 0.89617 0.92925 0.9496 0.96966 0.9789 0.97993 0.9711 0.93822 0.8754 0.76258 0.4773 -0.15968 -0.6875 -0.85019 -0.86089 -0.82649 -0.71574 -0.78913 0.11112 0.13316 0.067733 0.002594
-0.01228 0.12908 -0.0013657 0.28266 -0.48249 -0.40762 0.077413 0.94213 0.045672 -0.96053 -0.41619 0.42515 0.98526 -0.1639 -0.92043 -0.99023 -0.80683 -0.47227 0.084377 0.4148 0.64342 0.67962 0.5708 0.46887 0.4683 0.56093 0.66119 0.75602 0.81506 0.85628 0.89612 0.92182 0.92821 0.90931 0.85176 0.76184 0.62022 0.29748 -0.34443 -0.80906 -0.92884 -0.93464 -0.90921 -0.82237 -0.878 0.27074 0.28885 0.22215 0.15529
0.12306 -0.14062 -0.21525 -0.53273 -0.73258 0.52091 -0.72777 0.86682 0.718 -0.59531 -0.86572 -0.14073 0.84271 0.32958 -0.64531 -0.95349 -0.97858 -0.77836 -0.29192 0.066872 0.34897 0.40945 0.29171 0.1877 0.19858 0.31331 0.44077 0.56658 0.65067 0.71317 0.77331 0.81678 0.83093 0.80568 0.7289 0.61826 0.45578 0.10993 -0.51296 -0.90022 -0.97532 -0.97753 -0.96297 -0.90324 -0.94094 0.41999 0.43409 0.36805 0.30126
-0.12444 0.093835 0.19377 -0.3374 0.015249 0.88243 -0.92443 0.22874 0.99381 0.026834 -0.98069 -0.6501 0.46848 0.73275 -0.23753 -0.7362 -0.98066 -0.95947 -0.62049 -0.28259 0.020406 0.1017 -0.0099973 -0.10461 -0.082136 0.046709 0.19348 0.34347 0.44936 0.53164 0.61094 0.67211 0.69561 0.66752 0.57718 0.4524 0.27705 -0.07791 -0.66028 -0.95974 -0.99007 -0.99011 -0.98793 -0.95763 -0.97782 0.55565 0.56591 0.50247 0.43756
0.061685 -0.018921 0.090318 0.40821 0.70235 0.35817 -0.39726 -0.53903 0.75492 0.62457 -0.73928 -0.94864 -0.023245 0.95673 0.21092 -0.3889 -0.82281 -0.99639 -0.86044 -0.59126 -0.30401 -0.2103 -0.30494 -0.38235 -0.35093 -0.21811 -0.062131 0.10295 0.22537 0.32417 0.41993 0.49735 0.53083 0.503 0.40468 0.27217 0.091594 -0.2593 -0.78264 -0.98758 -0.97455 -0.97383 -0.98513 -0.98566 -0.98926 0.67517 0.68196 0.62301 0.56179
-0.010171 -0.033915 -0.27107 0.41295 0.47401 -0.48873 0.41345 -0.96612 0.14935 0.95372 -0.24637 -0.95995 -0.49892 0.9619 0.60887 0.019691 -0.53926 -0.89239 -0.98635 -0.8257 -0.59017 -0.49604 -0.56722 -0.62353 -0.58802 -0.46253 -0.30875 -0.13917 -0.0070881 0.10347 0.21165 0.30262 0.34575 0.32065 0.21955 0.08527 -0.093482 -0.42841 -0.87754 -0.98477 -0.93102 -0.93087 -0.9563 -0.98818 -0.97648 0.77666 0.78055 0.72786 0.67204
0.0016709 0.034105 0.0532 -0.22934 -0.31131 -0.85668 0.90533 -0.82497 -0.5143 0.90007 0.31871 -0.69751 -0.84187 0.76005 0.88358 0.41698 -0.18017 -0.66985 -0.98943 -0.96411 -0.81121 -0.73042 -0.77628 -0.81122 -0.77794 -0.67115 -0.53131 -0.36852 -0.23469 -0.11828 -0.0027819 0.097979 0.14954 0.12896 0.029669 -0.10107 -0.27179 -0.58039 -0.94361 -0.95319 -0.86237 -0.86398 -0.90371 -0.96662 -0.94123 0.85887 0.86053 0.81574 0.76689
-0.023744 -0.0015289 0.26063 -0.4537 -0.68862 -0.45419 0.75692 -0.22761 -0.92998 0.50641 0.77029 -0.24919 -0.97835 0.40519 0.992 0.73916 0.198 -0.36465 -0.87642 -0.99724 -0.94928 -0.89544 -0.91799 -0.93427 -0.91006 -0.83243 -0.71771 -0.57285 -0.44567 -0.33 -0.21299 -0.107 -0.04903 -0.064037 -0.15765 -0.28035 -0.43778 -0.71141 -0.98055 -0.89543 -0.77193 -0.77628 -0.83008 -0.92291 -0.88561 0.92111 0.92131 0.88584 0.84539
0.049622 -0.010375 -0.15184 0.0064693 -0.27257 0.31981 0.10758 0.47859 -0.92968 -0.063663 0.97547 0.25598 -0.88916 -0.023038 0.92465 0.94028 0.54144 -0.019802 -0.66679 -0.9277 -0.99618 -0.98087 -0.98499 -0.9874 -0.97879 -0.93899 -0.85913 -0.74247 -0.63022 -0.52215 -0.4098 -0.30364 -0.24191 -0.251 -0.3359 -0.44693 -0.58685 -0.81871 -0.98896 -0.81458 -0.66336 -0.67121 -0.73838 -0.85933 -0.81203 0.96323 0.96275 0.93784 0.90702
-0.060642 -0.023906 -0.22025 0.4017 0.41145 0.80204 -0.59322 0.92234 -0.53754 -0.59953 0.88739 0.68645 -0.60692 -0.4383 0.70294 0.99707 0.80608 0.32086 -0.38888 -0.7682 -0.95284 -0.98416 -0.97643 -0.97086 -0.98325 -0.98751 -0.95021 -0.87047 -0.78081 -0.68703 -0.58547 -0.48443 -0.42204 -0.42551 -0.49948 -0.59613 -0.71538 -0.9005 -0.97025 -0.71412 -0.54043 -0.55227 -0.63178 -0.77844 -0.72309 0.98551 0.98517 0.9718 0.95163
0.051762 0.060807 0.19925 0.20748 0.62335 0.63153 -0.90765 0.89809 0.064445 -0.92183 0.54795 0.94126 -0.20235 -0.76473 0.37167 0.9095 0.96223 0.61808 -0.075654 -0.53899 -0.8281 -0.90966 -0.89719 -0.88968 -0.92679 -0.97845 -0.98887 -0.95276 -0.89227 -0.81889 -0.73391 -0.64322 -0.58351 -0.5822 -0.64386 -0.72428 -0.82072 -0.95591 -0.92644 -0.59772 -0.40695 -0.42304 -0.51348 -0.68292 -0.62147 0.98866 0.98922 0.98812 0.97942
-0.027659 -0.032709 0.18738 -0.22941 0.19529 -0.013732 -0.67203 0.44468 0.62856 -0.93778 0.064811 0.97032 0.23525 -0.94943 -0.011212 0.69782 0.99661 0.84113 0.23933 -0.26496 -0.63693 -0.7674 -0.75676 -0.75274 -0.8162 -0.91552 -0.97603 -0.9879 -0.96174 -0.91398 -0.85073 -0.77526 -0.72165 -0.71683 -0.76552 -0.82871 -0.90118 -0.98494 -0.86007 -0.46913 -0.26665 -0.28698 -0.38668 -0.57558 -0.50988 0.97369 0.97586 0.98752 0.99087
-0.0027837 -0.053794 -0.20819 -0.32224 -0.39349 -0.62338 -0.056617 -0.20358 0.94416 -0.6598 -0.42588 0.77964 0.61826 -0.96879 -0.38516 0.39722 0.91186 0.97017 0.52542 0.02726 -0.39837 -0.57162 -0.56804 -0.57166 -0.66087 -0.8051 -0.91518 -0.97686 -0.9885 -0.97045 -0.93319 -0.87726 -0.83303 -0.82628 -0.86202 -0.90772 -0.95593 -0.98829 -0.77405 -0.33207 -0.12306 -0.1474 -0.25446 -0.45917 -0.39098 0.94187 0.94629 0.97096 0.98671
0.030074 0.097482 -0.17514 -0.017537 -0.5739 -0.76654 0.57291 -0.74675 0.91061 -0.18854 -0.79838 0.42298 0.87743 -0.82887 -0.69644 0.051307 0.72429 0.99704 0.75744 0.31187 -0.13349 -0.33912 -0.34598 -0.35977 -0.47189 -0.65548 -0.81188 -0.92268 -0.97378 -0.9882 -0.98012 -0.94733 -0.91547 -0.90854 -0.93191 -0.96052 -0.98494 -0.96729 -0.67151 -0.19012 0.020518 -0.0073939 -0.11975 -0.33641 -0.26734 0.89471 0.90191 0.93957 0.96787
-0.046051 -0.024708 0.18948 0.2631 -0.22315 -0.37937 0.87836 -0.95767 0.55937 0.32781 -0.96757 -0.015551 0.9725 -0.56068 -0.905 -0.29455 0.4603 0.92463 0.91748 0.56601 0.13653 -0.087783 -0.10633 -0.131 -0.26124 -0.47624 -0.67323 -0.83005 -0.92044 -0.96866 -0.99179 -0.98485 -0.96794 -0.96264 -0.97467 -0.98712 -0.98888 -0.92377 -0.55571 -0.046671 0.16108 0.13022 0.014744 -0.2099 -0.14139 0.83382 0.84424 0.89467 0.93542
0.045536 -0.087615 0.18087 0.21248 0.29761 0.2426 0.72207 -0.76807 0.02696 0.74166 -0.9045 -0.44262 0.89582 -0.21227 -0.98835 -0.59902 0.15221 0.76527 0.99553 0.7713 0.392 0.16483 0.13546 0.10096 -0.04096 -0.27759 -0.50733 -0.7049 -0.83263 -0.91455 -0.9697 -0.99037 -0.99046 -0.98853 -0.99061 -0.98825 -0.969 -0.85997 -0.42995 0.095172 0.29595 0.26292 0.14656 -0.082068 -0.015383 0.76093 0.7749 0.83764 0.89058
-0.028254 0.089154 -0.14798 -0.054206 0.52999 0.68431 0.21081 -0.27657 -0.50299 0.94657 -0.6363 -0.77541 0.66975 0.16064 -0.94241 -0.82926 -0.16589 0.53837 0.98947 0.91478 0.61599 0.40263 0.36518 0.32347 0.17746 -0.069738 -0.32276 -0.55399 -0.7155 -0.82964 -0.91639 -0.96543 -0.98397 -0.98702 -0.98072 -0.96524 -0.92706 -0.77842 -0.29743 0.2326 0.42281 0.38851 0.27349 0.044839 0.10862 0.67784 0.69555 0.76998 0.83463
0.00014676 0.029032 -0.19292 -0.22373 0.31353 0.68637 -0.38711 0.31014 -0.86397 0.9005 -0.2333 -0.95627 0.33921 0.50375 -0.77986 -0.96366 -0.46191 0.26777 0.90424 0.9892 0.79522 0.61184 0.57054 0.52547 0.38364 0.13756 -0.12819 -0.38453 -0.57484 -0.71844 -0.83521 -0.91239 -0.95019 -0.9596 -0.94665 -0.91993 -0.86518 -0.68181 -0.16126 0.36316 0.53972 0.50511 0.39363 0.16879 0.22878 0.58634 0.60789 0.69319 0.76892
0.026898 -0.099696 0.086778 -0.1497 -0.13377 0.28014 -0.78826 0.76831 -0.95576 0.62881 0.21143 -0.96043 -0.038197 0.77162 -0.52651 -0.99287 -0.70866 -0.020929 0.75066 0.99294 0.92049 0.78162 0.74168 0.69794 0.56866 0.33542 0.068088 -0.20383 -0.41681 -0.58597 -0.73013 -0.83427 -0.89149 -0.90834 -0.89049 -0.85455 -0.78577 -0.57296 -0.024326 0.48472 0.64508 0.61118 0.50535 0.28798 0.34347 0.4882 0.51358 0.60877 0.69481
-0.039409 0.022689 0.1954 0.049784 -0.44546 -0.27001 -0.82466 0.94053 -0.76625 0.20994 0.60427 -0.79652 -0.4027 0.93281 -0.21667 -0.91941 -0.88594 -0.30282 0.54381 0.92945 0.98683 0.90436 0.87143 0.83408 0.72536 0.51612 0.25839 -0.01899 -0.24764 -0.43753 -0.60552 -0.73456 -0.81071 -0.83575 -0.81473 -0.7716 -0.69143 -0.45471 0.11069 0.59555 0.73765 0.70551 0.60731 0.40083 0.45131 0.38515 0.41422 0.51823 0.61366
0.029503 0.074836 -0.013654 0.17153 -0.40528 -0.64698 -0.50304 0.78311 -0.36443 -0.24969 0.87003 -0.50115 -0.7016 0.97239 0.11189 -0.75596 -0.98156 -0.55565 0.30143 0.80636 0.99328 0.97573 0.95536 0.92943 0.84844 0.67332 0.43594 0.16335 -0.073415 -0.27848 -0.46596 -0.61707 -0.71105 -0.7447 -0.72209 -0.67378 -0.58487 -0.32984 0.2414 0.69423 0.81655 0.78719 0.69844 0.50602 0.55112 0.27883 0.31138 0.42301 0.52681
-0.00211 -0.043742 -0.17396 0.12912 -0.079615 -0.66067 0.019697 0.36726 0.12834 -0.64353 0.96451 -0.1295 -0.89606 0.89185 0.4225 -0.52291 -0.99149 -0.76137 0.042294 0.63456 0.94256 0.99459 0.99173 0.98179 0.93451 0.80214 0.595 0.3372 0.10014 -0.11404 -0.31608 -0.48577 -0.59593 -0.63823 -0.61549 -0.5639 -0.46882 -0.20105 0.36567 0.77971 0.8812 0.85559 0.77795 0.60243 0.64195 0.17082 0.20654 0.3245 0.43557
-0.024411 -0.044029 -0.055538 -0.0082522 0.27513 -0.33092 0.51933 -0.15784 0.57703 -0.8887 0.87922 0.25576 -0.96497 0.70703 0.68354 -0.24551 -0.91929 -0.90701 -0.21525 0.42705 0.84041 0.96262 0.98123 0.99106 0.98197 0.89922 0.73098 0.49735 0.26779 0.050831 -0.1604 -0.34467 -0.46886 -0.51953 -0.4979 -0.44477 -0.34598 -0.070862 0.48169 0.85125 0.93129 0.91037 0.84529 0.6892 0.72307 0.062546 0.10105 0.22403 0.34119
0.028048 0.038886 0.12397 -0.11617 0.41795 0.15077 0.80146 -0.62165 0.86948 -0.9411 0.63877 0.59511 -0.90573 0.44458 0.87108 0.049039 -0.77493 -0.9851 -0.45448 0.19793 0.69492 0.88398 0.9267 0.95902 0.99092 0.96264 0.84048 0.63946 0.42491 0.21158 -0.0032483 -0.1977 -0.33337 -0.39179 -0.37227 -0.31919 -0.21896 0.058358 0.58795 0.90842 0.96681 0.95143 0.90013 0.76565 0.79393 -0.04464 -0.0037962 0.12282 0.24485
-9.1094e-05 0.022213 0.10075 -0.12405 0.27942 0.53851 0.77244 -0.88706 0.94188 -0.80017 0.29275 0.84083 -0.73248 0.13765 0.97048 0.33429 -0.57325 -0.9936 -0.66125 -0.0386 0.51588 0.76474 0.83274 0.88903 0.96296 0.99189 0.92126 0.76014 0.56759 0.36415 0.15139 -0.048592 -0.19288 -0.25812 -0.24151 -0.18983 -0.090239 0.18447 0.6832 0.95107 0.98796 0.97886 0.94238 0.83132 0.85417 -0.14953 -0.10685 0.022011 0.14765
-0.043367 -0.020672 -0.056338 -0.047289 -0.02218 0.65651 0.4618 -0.88721 0.78864 -0.50394 -0.09557 0.96262 -0.4724 -0.1785 0.97677 0.58675 -0.33223 -0.9354 -0.82457 -0.26909 0.31397 0.61244 0.70528 0.78572 0.90093 0.98768 0.97223 0.85692 0.69262 0.50502 0.2999 0.099149 -0.050639 -0.12153 -0.10838 -0.059223 0.037884 0.30557 0.76652 0.97927 0.99516 0.99299 0.9721 0.88593 0.9036 -0.25104 -0.20708 -0.077347 0.050627
0.069175 -0.01023 -0.10925 0.049611 -0.28497 0.47095 -0.0032047 -0.63654 0.45702 -0.11725 -0.46128 0.94992 -0.1609 -0.47056 0.89401 0.78755 -0.071307 -0.8176 -0.93697 -0.48151 0.10018 0.4355 0.55122 0.65464 0.80868 0.95177 0.99329 0.92824 0.79758 0.63127 0.43912 0.24235 0.090311 0.015157 0.024547 0.070264 0.1633 0.41997 0.83723 0.99334 0.98901 0.99427 0.98955 0.92937 0.9422 -0.34822 -0.30355 -0.17432 -0.045276
-0.054 -0.0016064 -0.0068583 0.10583 -0.35829 0.086225 -0.45361 -0.21743 0.03043 0.28354 -0.74833 0.81115 0.1635 -0.71037 0.73394 0.92347 0.19023 -0.65055 -0.99455 -0.66575 -0.11482 0.24278 0.37796 0.50194 0.69082 0.88685 0.9853 0.97337 0.88074 0.74058 0.56637 0.37819 0.22721 0.14936 0.15489 0.19649 0.28412 0.52625 0.89492 0.99376 0.97022 0.98333 0.99511 0.96169 0.97005 -0.44024 -0.39546 -0.26806 -0.1392
0.008675 0.0025219 0.08586 0.095163 -0.22183 -0.31842 -0.74058 0.24977 -0.39399 0.6258 -0.91726 0.5705 0.46397 -0.8772 0.51406 0.98736 0.43462 -0.44685 -0.99679 -0.81396 -0.32117 0.043098 0.1931 0.33409 0.55244 0.79631 0.94988 0.99241 0.94111 0.83124 0.67945 0.50423 0.3576 0.27873 0.28053 0.31754 0.39868 0.62323 0.93941 0.98121 0.93967 0.96089 0.98929 0.98305 0.98737 -0.5264 -0.48211 -0.35783 -0.23039
0.02778 0.022786 0.048057 0.029812 0.024619 -0.57392 -0.78155 0.64241 -0.72756 0.85309 -0.94924 0.26304 0.70922 -0.95896 0.2555 0.97802 0.64662 -0.2203 -0.94625 -0.9207 -0.51016 -0.15513 0.0040708 0.15758 0.39894 0.68404 0.88932 0.9861 0.97833 0.9021 0.77664 0.61844 0.47935 0.40121 0.39956 0.43174 0.50555 0.70996 0.97071 0.95645 0.89829 0.92776 0.97271 0.99376 0.99451 -0.60612 -0.56293 -0.443 -0.31815
-0.02651 0.0072576 -0.048496 -0.052082 0.2358 -0.5888 -0.5784 0.86677 -0.90742 0.93302 -0.84654 -0.070752 0.87635 -0.95237 -0.01913 0.89965 0.81433 0.015079 -0.84806 -0.98294 -0.67453 -0.34422 -0.18213 -0.021323 0.23574 0.55428 0.80643 0.95582 0.99265 0.95257 0.85672 0.71917 0.59066 0.51502 0.51038 0.53765 0.60354 0.78573 0.98906 0.9204 0.8471 0.88485 0.94607 0.99421 0.99186 -0.67894 -0.63744 -0.52302 -0.40191
0.0016591 -0.039052 -0.066927 -0.10579 0.30576 -0.37499 -0.20697 0.87773 -0.90614 0.86 -0.62988 -0.39051 0.95223 -0.86228 -0.28773 0.76094 0.92953 0.24583 -0.7094 -0.99997 -0.80865 -0.51742 -0.35914 -0.19675 0.068179 0.41144 0.70439 0.90343 0.98481 0.98253 0.91891 0.8052 0.69006 0.6187 0.61163 0.63408 0.69167 0.85003 0.99481 0.87402 0.78716 0.8331 0.91012 0.98488 0.97992 -0.74449 -0.70527 -0.59744 -0.48114
0.0055801 -0.02319 0.0086949 -0.10097 0.21587 -0.029887 0.21411 0.68403 -0.73319 0.65317 -0.33367 -0.66065 0.93386 -0.70044 -0.53038 0.57401 0.98785 0.45982 -0.53888 -0.97316 -0.90855 -0.66911 -0.52141 -0.3634 -0.098721 0.25997 0.58666 0.83118 0.95603 0.99235 0.96286 0.87566 0.77642 0.71103 0.70221 0.7201 0.7692 0.90257 0.9885 0.81835 0.71957 0.77347 0.86568 0.96632 0.95924 -0.80253 -0.76615 -0.6659 -0.55542
0.018564 0.045717 0.070414 -0.037526 0.029459 0.3108 0.56249 0.34028 -0.42909 0.3508 8.7048e-05 -0.85385 0.82749 -0.48366 -0.73064 0.35323 0.98859 0.64672 -0.34599 -0.90571 -0.97196 -0.79491 -0.66433 -0.51665 -0.26033 0.10418 0.45679 0.74162 0.90789 0.98277 0.9886 0.93003 0.84893 0.79111 0.78129 0.79497 0.8356 0.94322 0.97077 0.75446 0.64541 0.70696 0.81359 0.93915 0.93042 -0.85289 -0.81987 -0.72812 -0.6244
-0.036237 0.044979 0.036823 0.05211 -0.1529 0.52675 0.74665 -0.070251 -0.054724 0.0023642 0.3279 -0.95321 0.64714 -0.23195 -0.87637 0.11399 0.93439 0.79841 -0.14054 -0.80229 -0.99818 -0.89168 -0.78425 -0.65264 -0.41251 -0.051793 0.31839 0.6375 0.84228 0.95487 0.99651 0.96814 0.90705 0.8583 0.84827 0.85821 0.89053 0.97204 0.94234 0.68344 0.56578 0.63457 0.7547 0.90402 0.89409 -0.89551 -0.86634 -0.78391 -0.6878
0.0076111 -0.03747 -0.048788 0.11856 -0.24729 0.55293 0.72707 -0.45678 0.32164 -0.33986 0.61039 -0.95291 0.41238 0.033495 -0.96012 -0.12832 0.83074 0.90911 0.067865 -0.66867 -0.98796 -0.9575 -0.87856 -0.76831 -0.55171 -0.20416 0.175 0.52171 0.76129 0.90999 0.98726 0.99012 0.95056 0.9122 0.90277 0.9095 0.93382 0.98923 0.90403 0.60639 0.48174 0.55727 0.68988 0.8616 0.85091 -0.93037 -0.90551 -0.83312 -0.74541
0.043752 -0.06639 -0.079934 0.1224 -0.22218 0.39451 0.52064 -0.74083 0.63677 -0.62855 0.81658 -0.85765 0.14608 0.29202 -0.97923 -0.3593 0.68536 0.97549 0.27018 -0.51143 -0.94332 -0.99167 -0.9456 -0.86141 -0.67497 -0.34948 0.029978 0.39715 0.66717 0.84974 0.9618 0.99633 0.97946 0.95265 0.94462 0.94875 0.96548 0.99512 0.85671 0.52438 0.39435 0.47603 0.62 0.8126 0.80156 -0.95756 -0.93741 -0.87569 -0.79708
-0.050712 0.011706 -0.015814 0.057396 -0.10361 0.11618 0.18995 -0.87086 0.84242 -0.82733 0.92663 -0.68111 -0.12795 0.52506 -0.93542 -0.56629 0.50755 0.99651 0.45832 -0.33753 -0.86734 -0.99453 -0.98467 -0.93047 -0.77999 -0.48474 -0.1135 0.26668 0.56227 0.77585 0.92127 0.98741 0.99399 0.9797 0.97386 0.97601 0.98566 0.99016 0.80129 0.43847 0.30459 0.39178 0.54591 0.75773 0.74671 -0.97721 -0.96214 -0.91162 -0.84273
-0.0027383 0.075894 0.074784 -0.044266 0.046102 -0.18599 -0.17736 -0.82953 0.91149 -0.9145 0.93291 -0.44366 -0.38706 0.71728 -0.8343 -0.73893 0.30759 0.9733 0.62536 -0.15408 -0.76397 -0.9674 -0.99594 -0.9748 -0.86506 -0.6074 -0.25254 0.1331 0.44897 0.69018 0.867 0.96416 0.99459 0.99359 0.99067 0.99149 0.99466 0.97489 0.73871 0.34968 0.21342 0.3054 0.46842 0.69772 0.68705 -0.98951 -0.97984 -0.94096 -0.88232
0.048383 0.026385 0.092563 -0.12867 0.16104 -0.41827 -0.49245 -0.63335 0.84007 -0.8843 0.83959 -0.16979 -0.6115 0.85733 -0.6846 -0.8695 0.096047 0.90884 0.76576 0.032023 -0.63776 -0.91243 -0.98032 -0.99437 -0.9291 -0.71537 -0.38454 -0.00095431 0.32963 0.59467 0.80044 0.92756 0.98187 0.99474 0.99542 0.99553 0.99286 0.94993 0.66991 0.25899 0.12173 0.21775 0.38833 0.63326 0.62324 -0.9947 -0.99069 -0.96379 -0.91586
-0.028637 -0.062011 0.013776 -0.14943 0.19954 -0.51708 -0.68605 -0.32603 0.64559 -0.74604 0.66099 0.11457 -0.78567 0.93825 -0.49727 -0.95308 -0.11671 0.80766 0.87538 0.21427 -0.49366 -0.83241 -0.93943 -0.98981 -0.97159 -0.80705 -0.50726 -0.13303 0.20654 0.49127 0.72312 0.87871 0.95659 0.98367 0.98856 0.9886 0.98077 0.91596 0.59583 0.16732 0.030345 0.12962 0.30641 0.56506 0.55595 -0.99305 -0.99494 -0.98026 -0.9434
-0.01804 -0.061126 -0.087243 -0.092947 0.15671 -0.46372 -0.72195 0.03229 0.36203 -0.52134 0.41904 0.3845 -0.89891 0.95748 -0.28468 -0.98753 -0.32103 0.67551 0.95157 0.38676 -0.33685 -0.73067 -0.87541 -0.96228 -0.99256 -0.88128 -0.61877 -0.26088 0.081899 0.38194 0.63664 0.81882 0.91964 0.96108 0.9707 0.97126 0.95897 0.87371 0.51741 0.07553 -0.059953 0.041751 0.22339 0.49378 0.48581 -0.98489 -0.99283 -0.99055 -0.96504
0.022796 0.022918 -0.11318 0.01429 0.059891 -0.28411 -0.60131 0.37732 0.033383 -0.24036 0.14034 0.6181 -0.9458 0.91657 -0.059714 -0.97334 -0.50832 0.51894 0.99309 0.54435 -0.17251 -0.61091 -0.79086 -0.91341 -0.99249 -0.93737 -0.71753 -0.38251 -0.042226 0.26857 0.54263 0.74918 0.87197 0.92772 0.9425 0.94413 0.92809 0.82395 0.43555 -0.015562 -0.14846 -0.045158 0.13994 0.4201 0.41344 -0.97054 -0.98466 -0.99485 -0.98091
0.0023883 0.07168 -0.036136 0.11959 -0.04748 -0.036017 -0.35825 0.65198 -0.29351 0.062587 -0.14696 0.79808 -0.92602 0.82069 0.16501 -0.91331 -0.67136 0.34501 1 0.68274 -0.0056569 -0.47705 -0.68872 -0.84522 -0.9723 -0.97502 -0.80232 -0.49615 -0.16393 0.15299 0.4427 0.67109 0.81463 0.88446 0.90474 0.90794 0.88883 0.76747 0.35114 -0.10522 -0.23454 -0.13048 0.056697 0.34463 0.33943 -0.95037 -0.97074 -0.9934 -0.99117
-0.0016964 0.025734 0.078956 0.17099 -0.12499 0.21034 -0.049211 0.81511 -0.57552 0.35329 -0.41593 0.91263 -0.84389 0.67798 0.37777 -0.81222 -0.80445 0.16094 0.97357 0.79853 0.15895 -0.33311 -0.57211 -0.76 -0.93325 -0.99434 -0.87228 -0.60032 -0.28147 0.036932 0.33843 0.58591 0.74873 0.83218 0.85821 0.86342 0.84193 0.70507 0.265 -0.19276 -0.31762 -0.21364 -0.025744 0.26797 0.26434 -0.92476 -0.95141 -0.98646 -0.99599
-0.011611 -0.04691 0.13396 0.14277 -0.14947 0.39209 0.26088 0.84644 -0.77857 0.60136 -0.64328 0.9559 -0.70758 0.49869 0.56831 -0.67638 -0.90355 -0.026204 0.9161 0.88926 0.31696 -0.18307 -0.44433 -0.66028 -0.87692 -0.99574 -0.92686 -0.69378 -0.39331 -0.077978 0.23136 0.49497 0.67537 0.77186 0.80377 0.81137 0.78815 0.63755 0.17794 -0.27758 -0.39719 -0.29413 -0.10684 0.19069 0.1887 -0.8941 -0.92701 -0.97431 -0.99559
-0.0096239 -0.05548 0.081511 0.047077 -0.12015 0.4687 0.51224 0.74762 -0.88102 0.7831 -0.81105 0.92779 -0.52824 0.29445 0.72821 -0.51323 -0.96624 -0.20972 0.83072 0.9534 0.46452 -0.030804 -0.30865 -0.54869 -0.80508 -0.97997 -0.96583 -0.77557 -0.49808 -0.19026 0.12295 0.39959 0.59571 0.70447 0.7423 0.75261 0.72827 0.56572 0.090699 -0.35912 -0.47281 -0.37148 -0.1861 0.11331 0.113 -0.85878 -0.8979 -0.95722 -0.99019
0.030526 4.9766e-06 -0.038469 -0.072977 -0.054906 0.42921 0.66102 0.53973 -0.87511 0.88323 -0.90767 0.83344 -0.31893 0.07746 0.85113 -0.33084 -0.9917 -0.38351 0.72124 0.99026 0.59828 0.12004 -0.16834 -0.42796 -0.71972 -0.94802 -0.98921 -0.84496 -0.59464 -0.29855 0.014591 0.30107 0.51086 0.63099 0.6747 0.68795 0.66306 0.49034 0.0039884 -0.43692 -0.54409 -0.4453 -0.26308 0.036335 0.037711 -0.81922 -0.86443 -0.93551 -0.98003
0.0065069 0.046189 -0.13394 -0.16406 0.019243 0.29122 0.68577 0.25821 -0.76654 0.89564 -0.92831 0.68234 -0.093634 -0.14028 0.93293 -0.13757 -0.98056 -0.54223 0.59196 1 0.71553 0.26609 -0.026507 -0.30078 -0.62292 -0.90109 -0.99731 -0.90148 -0.68202 -0.40166 -0.092437 0.20063 0.42195 0.55242 0.60185 0.61822 0.59331 0.41219 -0.081549 -0.51055 -0.61073 -0.51523 -0.33737 -0.039782 -0.036745 -0.7758 -0.82698 -0.90947 -0.96536
-0.044191 0.035172 -0.1332 -0.18662 0.076882 0.09331 0.5889 -0.053695 -0.57247 0.8231 -0.87464 0.48724 0.13367 -0.34755 0.97164 0.058384 -0.93476 -0.6814 0.44747 0.98348 0.8141 0.40433 0.1139 -0.16981 -0.51683 -0.84056 -0.99063 -0.94485 -0.75947 -0.49853 -0.19695 0.099448 0.33005 0.46973 0.52465 0.54424 0.51977 0.33198 -0.16532 -0.57967 -0.67245 -0.58098 -0.40862 -0.11462 -0.10997 -0.72894 -0.78591 -0.87942 -0.94643
0.0027375 -0.0086084 -0.036644 -0.13128 0.10227 -0.11626 0.39367 -0.35174 -0.31842 0.67607 -0.75407 0.26298 0.34985 -0.53444 0.96738 0.24927 -0.85732 -0.79747 0.29247 0.94221 0.89248 0.5321 0.25017 -0.037587 -0.40363 -0.76793 -0.96989 -0.97504 -0.82639 -0.58826 -0.29788 -0.001376 0.2362 0.38387 0.44396 0.46682 0.44321 0.25042 -0.24679 -0.64397 -0.72905 -0.6423 -0.47653 -0.1878 -0.18161 -0.67902 -0.74158 -0.84568 -0.92352
0.047657 -0.032947 0.087652 -0.02127 0.092649 -0.29134 0.13813 -0.59684 -0.034644 0.47106 -0.57862 0.025259 0.54334 -0.69274 0.92211 0.42804 -0.7522 -0.88787 0.13167 0.87825 0.9497 0.64717 0.37985 0.09349 -0.28546 -0.68482 -0.93594 -0.99218 -0.8824 -0.6701 -0.39427 -0.10082 0.1414 0.29576 0.36064 0.38673 0.36434 0.16818 -0.32547 -0.70322 -0.78037 -0.699 -0.54083 -0.25896 -0.25134 -0.62642 -0.69434 -0.80855 -0.89689
-0.0093682 -0.020239 0.15493 0.098838 0.056746 -0.39755 -0.13283 -0.75966 0.24759 0.22855 -0.36355 -0.21043 0.70459 -0.81616 0.83943 0.58862 -0.62398 -0.95097 -0.030397 0.79407 0.98534 0.74772 0.5008 0.22121 -0.16442 -0.59287 -0.88979 -0.99658 -0.92725 -0.74344 -0.48527 -0.19794 0.046579 0.20628 0.27548 0.30472 0.28385 0.08587 -0.40092 -0.75723 -0.82631 -0.75092 -0.60129 -0.32781 -0.31886 -0.57154 -0.64454 -0.76836 -0.86682
-0.042732 0.0051425 0.12161 0.18201 0.0099016 -0.41803 -0.37541 -0.82354 0.49938 -0.029215 -0.12596 -0.42976 0.82645 -0.90048 0.72421 0.72599 -0.47772 -0.98607 -0.18945 0.69248 0.99953 0.83234 0.61115 0.34357 -0.042489 -0.49377 -0.83256 -0.98871 -0.96088 -0.80782 -0.57017 -0.29188 -0.047386 0.11626 0.18928 0.22152 0.20242 0.0040825 -0.47278 -0.80587 -0.8668 -0.79796 -0.65774 -0.39406 -0.38392 -0.51472 -0.59253 -0.72541 -0.83357
0.0097057 0.015743 0.010794 0.19712 -0.031891 -0.35479 -0.55368 -0.78523 0.69696 -0.28022 0.11662 -0.62039 0.90428 -0.94355 0.58233 0.83628 -0.31872 -0.99331 -0.34159 0.57653 0.99281 0.90005 0.7094 0.45878 0.078442 -0.38919 -0.76544 -0.96914 -0.98335 -0.86291 -0.64835 -0.38188 -0.13969 0.026481 0.10276 0.1378 0.12066 -0.076643 -0.54072 -0.84905 -0.90181 -0.84003 -0.71002 -0.45747 -0.44629 -0.45633 -0.53864 -0.68 -0.79743
0.032417 0.0099569 -0.10698 0.13969 -0.057002 -0.22601 -0.64424 -0.6541 0.8235 -0.50454 0.34753 -0.77248 0.93603 -0.94518 0.4203 0.91684 -0.15232 -0.97361 -0.48334 0.44938 0.96617 0.95026 0.79433 0.56531 0.19664 -0.28079 -0.68968 -0.93858 -0.99485 -0.9085 -0.71931 -0.46727 -0.22959 -0.062318 0.016605 0.054207 0.039174 -0.15581 -0.60446 -0.88672 -0.93137 -0.87711 -0.75803 -0.51783 -0.50577 -0.39669 -0.48318 -0.63243 -0.75864
-0.0048241 0.0029177 -0.16046 0.031838 -0.060887 -0.060678 -0.63849 -0.44971 0.87017 -0.68572 0.55199 -0.87904 0.92204 -0.907 0.24498 0.96621 0.01626 -0.92859 -0.61171 0.31425 0.92092 0.98274 0.86504 0.66184 0.31051 -0.17015 -0.60655 -0.89782 -0.99569 -0.9445 -0.78267 -0.54745 -0.31642 -0.14947 -0.068536 -0.028665 -0.041503 -0.23296 -0.66377 -0.91888 -0.95551 -0.90918 -0.80167 -0.57497 -0.56219 -0.33613 -0.42645 -0.58298 -0.71749
-0.018521 0.0019854 -0.12021 -0.087442 -0.04618 0.10821 -0.54228 -0.19863 0.83614 -0.81176 0.71795 -0.93608 0.86484 -0.8322 0.063277 0.98403 0.18209 -0.86041 -0.72422 0.17433 0.85868 0.99761 0.92093 0.74731 0.41865 -0.058805 -0.51735 -0.84771 -0.98629 -0.97095 -0.83812 -0.62194 -0.39959 -0.23435 -0.15208 -0.11026 -0.12086 -0.30768 -0.71846 -0.94556 -0.97433 -0.93629 -0.84092 -0.62872 -0.61541 -0.27496 -0.36876 -0.53193 -0.67421
-0.0013975 0.00020427 -0.012285 -0.17698 -0.02063 0.25014 -0.37371 0.069261 0.728 -0.87562 0.83661 -0.94258 0.76882 -0.72527 -0.11813 0.971 0.34063 -0.77169 -0.81895 0.032697 0.78127 0.99531 0.96171 0.82091 0.51981 0.051823 -0.42337 -0.78918 -0.96714 -0.98794 -0.88548 -0.69031 -0.47856 -0.3164 -0.23348 -0.19007 -0.19843 -0.37962 -0.7684 -0.96683 -0.98793 -0.95848 -0.87574 -0.67898 -0.66532 -0.21346 -0.31037 -0.47955 -0.62908
0.0021876 -0.0088693 0.10098 -0.20761 0.0060734 0.34221 -0.15934 0.32436 0.55838 -0.87529 0.90266 -0.90023 0.63987 -0.59167 -0.29301 0.92873 0.48783 -0.66542 -0.89448 -0.10773 0.69073 0.97654 0.98731 0.88204 0.61292 0.1604 -0.32586 -0.72316 -0.93881 -0.9957 -0.92464 -0.75225 -0.55288 -0.39514 -0.31224 -0.26764 -0.2738 -0.44843 -0.81348 -0.98278 -0.99643 -0.97584 -0.90614 -0.72565 -0.71182 -0.15192 -0.25156 -0.4261 -0.58231
0.0041256 -0.01826 0.15825 -0.1709 0.025486 0.37227 0.070235 0.54051 0.34438 -0.81348 0.91432 -0.81314 0.48494 -0.43757 -0.45574 0.85963 0.62023 -0.54483 -0.94994 -0.24424 0.58917 0.94224 0.99796 0.93033 0.69708 0.2657 -0.22606 -0.65065 -0.90192 -0.9945 -0.95559 -0.80748 -0.62216 -0.4701 -0.38794 -0.34253 -0.34658 -0.51384 -0.85363 -0.99352 -1 -0.98846 -0.93214 -0.76865 -0.75485 -0.09057 -0.19257 -0.37181 -0.53416
0.014393 -0.014036 0.13182 -0.080413 0.032679 0.33967 0.28475 0.69735 0.10564 -0.69698 0.87313 -0.68738 0.31168 -0.26949 -0.60148 0.76674 0.73496 -0.41328 -0.98492 -0.37437 0.47879 0.89357 0.99405 0.96563 0.7716 0.36663 -0.12512 -0.57262 -0.85717 -0.98471 -0.97837 -0.85584 -0.68608 -0.54092 -0.46019 -0.4144 -0.41643 -0.57561 -0.88883 -0.99921 -0.9988 -0.99647 -0.95381 -0.80794 -0.79435 -0.029667 -0.13364 -0.31694 -0.48484
0.00047617 0.0069069 0.039031 0.034252 0.027147 0.25409 0.45813 0.78194 -0.13747 -0.53587 0.78353 -0.53055 0.12802 -0.094086 -0.72625 0.65361 0.82981 -0.27418 -0.9995 -0.49595 0.3618 0.83182 0.9762 0.98795 0.83591 0.46221 -0.02417 -0.49005 -0.80525 -0.96672 -0.99311 -0.89721 -0.74438 -0.60726 -0.52864 -0.48289 -0.48306 -0.63352 -0.91908 -1 -0.99303 -1 -0.9712 -0.84349 -0.83031 0.030572 -0.074993 -0.26168 -0.43458
-0.026955 0.029193 -0.070648 0.13774 0.012322 0.13271 0.57134 0.78928 -0.3656 -0.34251 0.6524 -0.35122 -0.058198 0.082182 -0.82697 0.52414 0.90321 -0.13089 -0.99416 -0.6071 0.24039 0.75843 0.94519 0.99751 0.88965 0.55157 0.075756 -0.40392 -0.74692 -0.94102 -1 -0.93155 -0.79685 -0.66885 -0.593 -0.54774 -0.54621 -0.68742 -0.94441 -0.99608 -0.98287 -0.99921 -0.98441 -0.87531 -0.86271 0.089941 -0.016824 -0.20627 -0.38358
-0.013061 0.031384 -0.14307 0.19997 -0.0059271 -0.0033263 0.61396 0.72209 -0.56186 -0.13052 0.48842 -0.15846 -0.23951 0.25321 -0.90153 0.38242 0.95421 0.013346 -0.96976 -0.70623 0.1167 0.67492 0.90194 0.99466 0.93258 0.63398 0.17369 -0.31517 -0.68292 -0.90809 -0.99928 -0.95887 -0.84336 -0.72546 -0.65304 -0.60869 -0.60566 -0.73715 -0.96487 -0.98764 -0.96855 -0.99427 -0.99353 -0.90339 -0.89156 0.14825 0.040672 -0.15088 -0.33203
0.029931 0.0067079 -0.14593 0.20448 -0.021252 -0.13261 0.58461 0.58985 -0.71288 0.086189 0.30145 0.038606 -0.40913 0.41347 -0.94871 0.23263 0.98246 0.15545 -0.92749 -0.7921 -0.0072561 0.58288 0.84747 0.9799 0.96462 0.70885 0.26874 -0.2247 -0.61402 -0.86847 -0.99124 -0.97924 -0.8838 -0.77691 -0.70854 -0.66555 -0.66121 -0.78263 -0.98055 -0.9749 -0.95029 -0.98535 -0.99869 -0.92777 -0.91688 0.20534 0.097318 -0.095719 -0.28014
0.029225 -0.028293 -0.081794 0.15203 -0.028655 -0.23674 0.49022 0.40732 -0.80948 0.29429 0.10195 0.23125 -0.56114 0.55812 -0.9682 0.078908 0.98818 0.29259 -0.86879 -0.86374 -0.12955 0.48391 0.7829 0.95385 0.98582 0.77567 0.36011 -0.13339 -0.54097 -0.82272 -0.97621 -0.99277 -0.91816 -0.82309 -0.75936 -0.71814 -0.71273 -0.82378 -0.99155 -0.95806 -0.9283 -0.97264 -1 -0.94849 -0.93872 0.26103 0.15295 -0.040946 -0.22806
-0.019913 -0.045952 0.016523 0.058998 -0.025742 -0.30261 0.34447 0.1927 -0.84704 0.48185 -0.09968 0.41148 -0.69065 0.68316 -0.9605 -0.07478 0.97209 0.4222 -0.79533 -0.92051 -0.24842 0.37964 0.70944 0.91722 0.99635 0.83407 0.44708 -0.042077 -0.46453 -0.77142 -0.95456 -0.99962 -0.94641 -0.86391 -0.80536 -0.76635 -0.76009 -0.86056 -0.99799 -0.93737 -0.90283 -0.95633 -0.99761 -0.96562 -0.95711 0.3152 0.20743 0.013274 -0.17597
-0.040233 -0.030126 0.10372 -0.048331 -0.013164 -0.32374 0.16559 -0.03423 -0.82537 0.63889 -0.29358 0.57232 -0.79388 0.78542 -0.92683 -0.2247 0.93533 0.54205 -0.70896 -0.96206 -0.36225 0.27166 0.6283 0.87084 0.99649 0.8838 0.52901 0.048475 -0.38543 -0.71516 -0.92668 -1 -0.96863 -0.89931 -0.84648 -0.81006 -0.8032 -0.89294 -1 -0.91304 -0.8741 -0.93662 -0.99166 -0.97921 -0.97213 0.36771 0.26061 0.066793 -0.12403
-0.00026596 0.010021 0.14307 -0.14152 0.0057576 -0.30037 -0.025997 -0.25399 -0.74834 0.75777 -0.47087 0.70801 -0.86824 0.86267 -0.86906 -0.36743 0.87946 0.65021 -0.61164 -0.98828 -0.4696 0.1615 0.54074 0.81556 0.98663 0.92469 0.60537 0.13754 -0.30437 -0.65452 -0.893 -0.99414 -0.98488 -0.9293 -0.88267 -0.84923 -0.84201 -0.92095 -0.99774 -0.88532 -0.84236 -0.9137 -0.98229 -0.98935 -0.98385 0.41845 0.31238 0.11947 -0.072386
0.037622 0.046283 0.12118 -0.19749 0.026027 -0.23868 -0.21004 -0.44898 -0.6233 0.8335 -0.624 0.81417 -0.91229 0.91356 -0.78958 -0.49995 0.80632 0.74509 -0.50539 -0.99935 -0.56922 0.050662 0.44802 0.7523 0.96721 0.95668 0.6757 0.22444 -0.22206 -0.5901 -0.85393 -0.98229 -0.99528 -0.9539 -0.9139 -0.88381 -0.87649 -0.9446 -0.99138 -0.85444 -0.80784 -0.88778 -0.96968 -0.99613 -0.99234 0.46732 0.36263 0.17118 -0.021174
0.020168 0.052315 0.051127 -0.20389 0.04228 -0.1493 -0.3685 -0.60472 -0.46026 0.86371 -0.747 0.88782 -0.92569 0.93759 -0.69123 -0.61963 0.71802 0.82547 -0.39229 -0.99563 -0.66004 -0.059462 0.35139 0.68203 0.93878 0.97981 0.73961 0.30858 -0.13913 -0.52249 -0.80995 -0.96476 -1 -0.97317 -0.9402 -0.91381 -0.90663 -0.96395 -0.98109 -0.82064 -0.77076 -0.85907 -0.95399 -0.99964 -0.99769 0.51424 0.41125 0.22181 0.029478
-0.020531 0.02279 -0.035745 -0.16121 0.050081 -0.045417 -0.48715 -0.7108 -0.27102 0.84859 -0.83559 0.92742 -0.90917 0.93507 -0.57712 -0.7243 0.61686 0.89044 -0.27438 -0.97772 -0.74115 -0.16756 0.25207 0.60571 0.90194 0.99419 0.79681 0.3894 -0.056214 -0.45224 -0.76149 -0.94184 -0.9992 -0.9872 -0.96161 -0.93923 -0.93246 -0.97908 -0.96705 -0.78417 -0.73138 -0.82777 -0.93537 -1 -1 0.55913 0.45816 0.27125 0.079449
-0.027183 -0.023106 -0.10427 -0.081571 0.046906 0.05917 -0.55664 -0.76126 -0.068271 0.79066 -0.88728 0.93278 -0.86433 0.90707 -0.4506 -0.81226 0.50523 0.93943 -0.15369 -0.94639 -0.81187 -0.27241 0.15123 0.52434 0.85731 1 0.84707 0.46642 0.026105 -0.37993 -0.70903 -0.91387 -0.99309 -0.9961 -0.97819 -0.96013 -0.95399 -0.99006 -0.94945 -0.74526 -0.6899 -0.79409 -0.91399 -0.99731 -0.99937 0.60193 0.5033 0.31941 0.12863
-0.00049967 -0.055342 -0.12959 0.015122 0.032649 0.15184 -0.57285 -0.75471 0.13527 0.69447 -0.90128 0.90497 -0.79362 0.85525 -0.31511 -0.88226 0.3856 0.9722 -0.032139 -0.90253 -0.87167 -0.37293 0.050006 0.43888 0.8056 0.9975 0.89024 0.53919 0.10728 -0.30609 -0.65303 -0.88118 -0.98188 -1 -0.99004 -0.97656 -0.9713 -0.99699 -0.92849 -0.70413 -0.64656 -0.75822 -0.89003 -0.99169 -0.99591 0.64259 0.54658 0.3662 0.17692
0.017242 -0.05329 -0.10547 0.10639 0.0095875 0.22254 -0.53689 -0.69398 0.32764 0.56614 -0.87842 0.84617 -0.7001 0.78184 -0.1741 -0.93351 0.26045 0.98878 0.088421 -0.84719 -0.9202 -0.46814 -0.050539 0.35031 0.74749 0.987 0.92625 0.60735 0.18681 -0.23125 -0.59393 -0.84413 -0.96582 -0.99907 -0.99727 -0.98862 -0.98446 -1 -0.90437 -0.66104 -0.60158 -0.72036 -0.86365 -0.98326 -0.98972 0.68106 0.58797 0.41154 0.22423
0.0099006 -0.018567 -0.044518 0.17245 -0.01814 0.26469 -0.45444 -0.58561 0.49825 0.413 -0.82099 0.75953 -0.58736 0.68951 -0.030948 -0.96565 0.13222 0.98948 0.20628 -0.7815 -0.95726 -0.55715 -0.14941 0.25956 0.68374 0.96886 0.95507 0.67058 0.26422 -0.1559 -0.5322 -0.80306 -0.94515 -0.99347 -1 -0.99639 -0.99356 -0.9992 -0.87729 -0.61618 -0.55517 -0.68071 -0.83501 -0.97215 -0.98092 0.71732 0.62741 0.45538 0.27048
-0.0014511 0.027168 0.028537 0.20026 -0.045389 0.27553 -0.33487 -0.43904 0.63839 0.24307 -0.73249 0.64892 -0.45934 0.58125 0.11111 -0.97873 0.0032476 0.97484 0.31985 -0.70668 -0.98282 -0.63924 -0.24568 0.16754 0.61506 0.9435 0.97674 0.72862 0.33909 -0.080511 -0.46827 -0.75834 -0.92015 -0.98339 -0.99838 -1 -0.9987 -0.99474 -0.84746 -0.5698 -0.50753 -0.63946 -0.8043 -0.95848 -0.96963 0.75134 0.66487 0.49764 0.31558
-0.0020459 0.056641 0.087107 0.18575 -0.067006 0.25605 -0.19005 -0.26572 0.74159 0.064698 -0.61745 0.51881 -0.32018 0.46027 0.24906 -0.97315 -0.12423 0.94562 0.42772 -0.62397 -0.99699 -0.71377 -0.33851 0.075112 0.5422 0.91135 0.99135 0.78125 0.41105 -0.0055309 -0.40258 -0.71032 -0.89109 -0.96905 -0.99257 -0.99957 -1 -0.98675 -0.81507 -0.5221 -0.45887 -0.59679 -0.77167 -0.94237 -0.95596 0.78311 0.70032 0.53828 0.35947
-0.0020939 0.053523 0.11225 0.13383 -0.07878 0.21042 -0.033161 -0.078131 0.80377 -0.11392 -0.48112 0.37403 -0.17409 0.32992 0.38013 -0.94969 -0.24815 0.90277 0.52862 -0.53467 -1 -0.78024 -0.42713 -0.016893 0.46589 0.8729 0.99904 0.82832 0.47974 0.068623 -0.33554 -0.65938 -0.85824 -0.95064 -0.98274 -0.99525 -0.99759 -0.97538 -0.78033 -0.47328 -0.40938 -0.55289 -0.73728 -0.92397 -0.94003 0.81262 0.73374 0.57726 0.40209
-0.0095307 0.020999 0.098298 0.056644 -0.078161 0.14521 0.12254 0.11107 0.82324 -0.28504 -0.32923 0.2196 -0.025246 0.19357 0.50189 -0.90939 -0.36662 0.84738 0.62145 -0.44009 -0.9922 -0.83826 -0.51088 -0.10771 0.38686 0.82865 1 0.86971 0.54487 0.14156 -0.26755 -0.60585 -0.82189 -0.92839 -0.96905 -0.98719 -0.99159 -0.9608 -0.74344 -0.42355 -0.35924 -0.50792 -0.7013 -0.90339 -0.92197 0.83988 0.76512 0.61454 0.44338
-0.011385 -0.021679 0.053186 -0.029558 -0.064669 0.068432 0.26481 0.28994 0.80064 -0.44172 -0.16776 0.060533 0.12236 0.054543 0.6122 -0.85355 -0.47792 0.78069 0.70529 -0.34151 -0.97404 -0.88754 -0.58916 -0.19661 0.30582 0.7791 0.99445 0.90537 0.60617 0.21292 -0.199 -0.55009 -0.78232 -0.90253 -0.95172 -0.97554 -0.98217 -0.94316 -0.7046 -0.3731 -0.30863 -0.46207 -0.66388 -0.88077 -0.90188 0.86489 0.79445 0.65009 0.4833
0.0042017 -0.051226 -0.005772 -0.10789 -0.039923 -0.011453 0.38329 0.44789 0.73869 -0.57802 -0.0026437 -0.098286 0.265 -0.083963 0.70929 -0.78368 -0.58058 0.704 0.77938 -0.2402 -0.94607 -0.92791 -0.66146 -0.28295 0.22343 0.72479 0.98264 0.93526 0.66344 0.28238 -0.13025 -0.49244 -0.73983 -0.87329 -0.93091 -0.96047 -0.96946 -0.92263 -0.664 -0.32211 -0.25771 -0.41549 -0.62517 -0.85624 -0.8799 0.88767 0.82173 0.68389 0.52181
0.022946 -0.053188 -0.058619 -0.16413 -0.0073333 -0.086439 0.47012 0.57628 0.6419 -0.68917 0.16036 -0.25227 0.39927 -0.21895 0.79176 -0.70144 -0.67334 0.61872 0.84315 -0.13739 -0.9089 -0.95928 -0.72737 -0.36612 0.14035 0.66625 0.96486 0.95941 0.71647 0.34963 -0.061645 -0.43323 -0.69469 -0.84091 -0.90685 -0.94215 -0.95362 -0.89938 -0.62183 -0.27076 -0.20666 -0.36833 -0.58533 -0.82992 -0.85614 0.90824 0.84697 0.71593 0.55887
0.018927 -0.028601 -0.089406 -0.18912 0.028466 -0.14971 0.52035 0.66875 0.51618 -0.77171 0.31591 -0.39722 0.52217 -0.34766 0.85855 -0.60863 -0.75513 0.52626 0.89616 -0.034262 -0.86321 -0.98168 -0.78653 -0.44557 0.057218 0.60401 0.94142 0.97786 0.76513 0.4144 0.0064803 -0.37279 -0.6472 -0.80562 -0.87972 -0.92076 -0.93482 -0.87356 -0.57829 -0.21921 -0.15562 -0.32075 -0.54448 -0.80195 -0.83071 0.92662 0.87018 0.74619 0.59445
-0.0094828 0.0082743 -0.090703 -0.17994 0.062349 -0.19618 0.53204 0.72139 0.36847 -0.82349 0.45922 -0.52943 0.63116 -0.46762 0.90898 -0.5071 -0.82515 0.42807 0.93815 0.068065 -0.80974 -0.99519 -0.83868 -0.52082 -0.025388 0.5386 0.91266 0.99069 0.80929 0.47645 0.073823 -0.31142 -0.59763 -0.76765 -0.84973 -0.89648 -0.91321 -0.84536 -0.53354 -0.16763 -0.10473 -0.27289 -0.50278 -0.77244 -0.80374 0.94285 0.89137 0.77467 0.62853
-0.032418 0.038613 -0.064845 -0.13991 0.089459 -0.22277 0.50613 0.73284 0.20632 -0.84366 0.58616 -0.64578 0.72417 -0.5767 0.94269 -0.39878 -0.8828 0.32562 0.96901 0.16855 -0.74925 -1 -0.88363 -0.59146 -0.10691 0.47056 0.87892 0.99803 0.84887 0.53556 0.1401 -0.24942 -0.54625 -0.72726 -0.81708 -0.86948 -0.88896 -0.81495 -0.48777 -0.11616 -0.054127 -0.22489 -0.46036 -0.74152 -0.77534 0.95696 0.91057 0.80136 0.66109
-0.022545 0.048775 -0.022032 -0.077391 0.10589 -0.22849 0.44609 0.70406 0.037476 -0.8326 0.69335 -0.74371 0.79961 -0.67308 0.95965 -0.28557 -0.92767 0.22031 0.98875 0.26621 -0.68254 -0.99635 -0.92127 -0.65711 -0.18684 0.40039 0.84056 1 0.88383 0.59154 0.20504 -0.18709 -0.49332 -0.68466 -0.78199 -0.83995 -0.86224 -0.78248 -0.44114 -0.06494 -0.0039448 -0.17687 -0.41735 -0.70931 -0.74561 0.96899 0.9278 0.82628 0.69212
0.012106 0.036165 0.023635 -0.0039458 0.10918 -0.21427 0.35755 0.63817 -0.13045 -0.79183 0.77824 -0.82132 0.85638 -0.75531 0.96013 -0.16937 -0.9596 0.11353 0.99752 0.36016 -0.61044 -0.98454 -0.95154 -0.71747 -0.26469 0.32859 0.79796 0.99678 0.91413 0.64424 0.2684 -0.12468 -0.43912 -0.64009 -0.74465 -0.80808 -0.83321 -0.74812 -0.39381 -0.014115 0.0457 -0.12895 -0.37386 -0.67593 -0.71468 0.97897 0.94309 0.84943 0.7216
0.035906 0.008919 0.058759 0.06791 0.098632 -0.18272 0.24762 0.54006 -0.29034 -0.72384 0.83905 -0.87733 0.89389 -0.8223 0.94467 -0.051989 -0.97856 0.0066057 0.99558 0.44961 -0.53376 -0.96494 -0.97445 -0.7723 -0.34004 0.25566 0.75148 0.98855 0.93979 0.69351 0.32997 -0.062462 -0.38389 -0.59378 -0.70528 -0.77403 -0.80203 -0.71204 -0.34596 0.036197 0.094698 -0.081265 -0.33003 -0.64149 -0.68264 0.98697 0.95648 0.87082 0.74954
0.024642 -0.019322 0.074397 0.12682 0.075311 -0.13766 0.12437 0.41603 -0.43581 -0.63193 0.87485 -0.91108 0.91197 -0.87332 0.91404 0.064808 -0.98476 -0.099203 0.98332 0.53383 -0.45333 -0.93796 -0.99008 -0.82139 -0.41247 0.18205 0.70152 0.97552 0.96082 0.73925 0.38952 -0.00067446 -0.32786 -0.54596 -0.66405 -0.738 -0.76888 -0.6744 -0.29771 0.085877 0.14294 -0.033905 -0.28596 -0.6061 -0.6496 0.99302 0.96799 0.89047 0.77593
-0.0096738 -0.036381 0.068061 0.16428 0.041876 -0.083723 -0.0038068 0.27331 -0.56145 -0.52006 0.88548 -0.9225 0.91089 -0.90795 0.86925 0.17938 -0.97851 -0.20272 0.96117 0.61221 -0.36995 -0.90406 -0.99854 -0.8646 -0.48165 0.10822 0.64845 0.9579 0.97727 0.78137 0.4469 0.060455 -0.27129 -0.49682 -0.62119 -0.70016 -0.73392 -0.63536 -0.24923 0.13482 0.19034 0.013021 -0.24176 -0.56987 -0.61567 0.99717 0.97766 0.9084 0.80076
-0.033177 -0.036641 0.043628 0.17572 0.0021841 -0.02583 -0.12875 0.11962 -0.66294 -0.39261 0.87148 -0.91206 0.89131 -0.92612 0.81145 0.2902 -0.96031 -0.30286 0.9297 0.68421 -0.28443 -0.86371 -1 -0.90184 -0.54724 0.034582 0.59265 0.93593 0.98923 0.8198 0.50192 0.12071 -0.21438 -0.4466 -0.57687 -0.66068 -0.6973 -0.59506 -0.20064 0.18292 0.23681 0.059419 -0.19753 -0.5329 -0.58093 0.99948 0.98554 0.92463 0.82406
-0.025348 -0.022435 0.0095069 0.16081 -0.039206 0.031213 -0.24305 -0.037196 -0.73719 -0.25426 0.83408 -0.88073 0.85425 -0.92806 0.74196 0.39587 -0.93076 -0.39864 0.88951 0.74938 -0.19753 -0.81742 -0.99468 -0.93306 -0.60898 -0.038459 0.53449 0.90986 0.99677 0.85449 0.55445 0.1799 -0.15734 -0.39548 -0.53128 -0.61974 -0.65918 -0.55367 -0.15207 0.23008 0.28225 0.1052 -0.15337 -0.4953 -0.54549 1 0.99167 0.93919 0.84582
0.0031093 -0.0016588 -0.024171 0.12313 -0.077598 0.083096 -0.34037 -0.18964 -0.78233 -0.10977 0.77506 -0.82991 0.80099 -0.91426 0.6622 0.49515 -0.89057 -0.48916 0.84127 0.80737 -0.11 -0.76572 -0.98282 -0.95825 -0.66664 -0.11053 0.47434 0.87993 1 0.88543 0.60435 0.23783 -0.10039 -0.34367 -0.48461 -0.5775 -0.61972 -0.51132 -0.10365 0.27623 0.32661 0.15028 -0.10938 -0.45716 -0.50945 0.99879 0.99609 0.9521 0.86606
0.024707 0.016499 -0.048462 0.069272 -0.1087 0.12629 -0.41582 -0.33082 -0.79769 0.036178 0.69668 -0.76138 0.73309 -0.88546 0.57369 0.58694 -0.84057 -0.57364 0.7857 0.8579 -0.022546 -0.70917 -0.96472 -0.97745 -0.72 -0.18127 0.41257 0.8464 0.99905 0.91259 0.65153 0.29434 -0.043713 -0.29136 -0.43703 -0.53412 -0.57908 -0.46817 -0.055503 0.32127 0.36981 0.19458 -0.065636 -0.41858 -0.47288 0.9959 0.99885 0.96339 0.8848
0.022737 0.025599 -0.057841 0.0076387 -0.12908 0.15823 -0.46605 -0.45479 -0.78375 0.17909 0.60159 -0.6772 0.65232 -0.84263 0.47797 0.6703 -0.78162 -0.6514 0.72354 0.90079 0.064152 -0.6483 -0.94069 -0.99073 -0.76891 -0.25037 0.34952 0.80955 0.99405 0.936 0.69589 0.34927 0.012513 -0.23872 -0.38871 -0.48978 -0.53739 -0.42433 -0.0077266 0.36515 0.4118 0.23804 -0.022227 -0.37965 -0.43587 0.9914 1 0.97309 0.90204
0.0039777 0.024015 -0.051229 -0.052932 -0.13651 0.1774 -0.48937 -0.5567 -0.74205 0.31482 0.49272 -0.57968 0.56058 -0.7869 0.37664 0.74446 -0.71468 -0.72187 0.65556 0.93591 0.14947 -0.58369 -0.91106 -0.9982 -0.81324 -0.31752 0.28552 0.76963 0.98514 0.95568 0.73736 0.40249 0.068118 -0.18593 -0.33982 -0.44461 -0.49479 -0.37995 0.039572 0.4078 0.45251 0.28058 0.020773 -0.34045 -0.39851 0.98533 0.99958 0.98125 0.91782
-0.012491 0.014591 -0.031789 -0.1044 -0.13017 0.18336 -0.48567 -0.63294 -0.67502 0.43965 0.3732 -0.4713 0.45987 -0.71956 0.27127 0.8088 -0.64072 -0.78458 0.58257 0.96322 0.2328 -0.51588 -0.87619 -1 -0.8529 -0.38245 0.22091 0.72692 0.97249 0.97168 0.77587 0.45386 0.12294 -0.13315 -0.29051 -0.39876 -0.45144 -0.33515 0.086296 0.44915 0.4919 0.32216 0.06329 -0.30107 -0.36088 0.97776 0.99764 0.98788 0.93214
-0.014835 0.002527 -0.005641 -0.14053 -0.11065 0.17661 -0.4563 -0.68123 -0.58583 0.5504 0.24625 -0.35461 0.35227 -0.64201 0.16341 0.86283 -0.56078 -0.83916 0.50534 0.98275 0.31363 -0.44542 -0.83646 -0.99629 -0.88782 -0.44491 0.156 0.68167 0.95627 0.98403 0.81139 0.50327 0.17684 -0.080536 -0.24094 -0.35239 -0.40746 -0.29006 0.13235 0.48917 0.52993 0.3627 0.10526 -0.26158 -0.32304 0.96876 0.99424 0.99304 0.94503
-0.0065942 -0.0072516 0.019979 -0.15755 -0.079843 0.15852 -0.40389 -0.70057 -0.47828 0.64444 0.11509 -0.23222 0.23986 -0.55576 0.054593 0.90627 -0.47586 -0.88536 0.42467 0.99458 0.39144 -0.37286 -0.79226 -0.98725 -0.91796 -0.50467 0.091082 0.63417 0.93663 0.99282 0.84388 0.55062 0.22967 -0.028241 -0.19125 -0.30563 -0.36298 -0.24478 0.17767 0.52779 0.56656 0.40218 0.14661 -0.22205 -0.28508 0.95837 0.98942 0.99675 0.95652
0.0011846 -0.012003 0.038622 -0.15439 -0.040709 0.13107 -0.33213 -0.69124 -0.35653 0.71974 -0.017107 -0.10672 0.12471 -0.46235 -0.053751 0.93891 -0.38701 -0.92299 0.34135 0.99887 0.46578 -0.29872 -0.74398 -0.97311 -0.94333 -0.56155 0.026443 0.58466 0.91377 0.99811 0.87332 0.59582 0.28131 0.023599 -0.14158 -0.2586 -0.31812 -0.19943 0.22215 0.56499 0.60176 0.44053 0.1873 -0.18258 -0.24706 0.94666 0.98324 0.99906 0.96664
0.0026047 -0.011727 0.046133 -0.13257 0.0030611 0.0967 -0.24542 -0.65465 -0.22502 0.77492 -0.14734 0.019375 0.0088042 -0.36336 -0.16025 0.96075 -0.29525 -0.95199 0.25614 0.99581 0.53626 -0.22351 -0.69202 -0.9541 -0.96393 -0.61537 -0.03765 0.53341 0.88786 1 0.89972 0.63881 0.33164 0.074852 -0.092061 -0.21144 -0.27301 -0.15412 0.26574 0.60073 0.6355 0.47773 0.22726 -0.1432 -0.20905 0.93368 0.97574 1 0.9754
0.0010793 -0.0084369 0.041404 -0.095757 0.04743 0.058089 -0.14866 -0.5932 -0.088254 0.80917 -0.27277 0.14367 -0.10593 -0.26037 -0.26363 0.97185 -0.20156 -0.97236 0.16979 0.98564 0.60252 -0.14773 -0.6368 -0.93045 -0.97983 -0.66598 -0.10095 0.48068 0.85909 0.99858 0.92307 0.6795 0.38056 0.1254 -0.042814 -0.16427 -0.22775 -0.10894 0.30836 0.63498 0.66776 0.51373 0.26645 -0.10401 -0.17111 0.9195 0.96698 0.99962 0.98284
0.0027885 -0.0047177 0.026378 -0.049144 0.088395 0.017936 -0.046942 -0.51015 0.04935 0.82232 -0.39086 0.26393 -0.21771 -0.15494 -0.36273 0.97243 -0.10692 -0.98417 0.083009 0.96866 0.66426 -0.071851 -0.5787 -0.90243 -0.99108 -0.71325 -0.16321 0.4267 0.82766 0.99396 0.9434 0.71786 0.42797 0.17512 0.0060423 -0.1172 -0.18245 -0.063999 0.34996 0.66771 0.69853 0.54852 0.30482 -0.065043 -0.1333 0.90418 0.957 0.99795 0.98899
0.008201 -0.0023677 0.0052996 0.0013431 0.12236 -0.021201 0.054723 -0.40939 0.18357 0.8147 -0.49931 0.3781 -0.32488 -0.048568 -0.45648 0.96281 -0.012269 -0.9876 -0.0035151 0.94519 0.72121 0.0036791 -0.51814 -0.87031 -0.99777 -0.75709 -0.22422 0.37172 0.79375 0.98625 0.96073 0.75384 0.47379 0.22391 0.054398 -0.070334 -0.13723 -0.019373 0.39048 0.69892 0.72779 0.58205 0.34232 -0.026371 -0.095676 0.88776 0.94587 0.99503 0.99388
0.010922 -0.0017048 -0.01645 0.049788 0.14641 -0.057059 0.15163 -0.29525 0.3105 0.78719 -0.59617 0.48435 -0.42592 0.057283 -0.54394 0.94338 0.081524 -0.98286 -0.089134 0.91558 0.77316 0.078435 -0.45551 -0.83437 -1 -0.7974 -0.28377 0.31598 0.75756 0.97556 0.9751 0.78739 0.51793 0.27168 0.10215 -0.023783 -0.092164 0.024849 0.42988 0.72858 0.75554 0.61432 0.37893 0.011957 -0.05829 0.87032 0.93363 0.99091 0.99754
0.0046778 -0.0017197 -0.033673 0.090954 0.15857 -0.087774 0.23958 -0.17233 0.42668 0.74109 -0.67984 0.58107 -0.51952 0.16125 -0.62431 0.91466 0.17362 -0.97023 -0.17324 0.88022 0.81993 0.15202 -0.3912 -0.7949 -0.9979 -0.83412 -0.34168 0.25969 0.71926 0.96201 0.98655 0.81852 0.56033 0.31832 0.1492 0.02236 -0.047361 0.068587 0.4681 0.75668 0.78176 0.6453 0.41461 0.049888 -0.021192 0.85189 0.92033 0.98563 1
