-0.012189 -0.0061539 0.013172 -0.017049 -0.03236 -0.02952 -0.091927 -0.060372 -0.034299 0.082918 -0.18431 -0.19258 0.049395 0.031468 0.064568 -0.29673 0.35754 -0.49975 -0.0010601 0.47821 0.60679 0.53614 0.14975 -0.45751 -0.67435 0.27186 0.48488 -0.74674 0.77147 -0.77472 0.78686 -0.71051 0.45971 -0.003702 -0.52503 0.80947 -0.60392 -0.018727 0.7173 -0.65009 -0.32295 0.82797 0.015016 -0.83613 0.030846 0.73655 0.75173 -0.27675 -0.81626
0.019137 0.0046962 -0.022338 -0.0052593 0.018576 -0.0065146 0.083804 -0.093434 -0.059422 -0.015748 0.19302 -0.0069833 0.012598 0.0072018 -0.22905 0.078622 -0.24139 0.55229 0.28956 0.01191 0.072539 0.48151 0.71618 0.11976 -0.73192 0.029943 0.56292 -0.74883 0.78041 -0.75261 0.58416 -0.19955 -0.32604 0.75894 -0.74614 0.16217 0.56524 -0.83171 0.23084 0.7197 -0.56149 -0.53412 0.67819 0.48887 -0.61348 -0.86211 -0.41227 0.65044 0.64374
-0.0017535 0.0023943 -0.015155 0.029572 0.033718 -0.038108 -0.039727 -0.1301 -0.032365 0.20797 0.16517 0.011989 6.2986e-05 -0.17638 0.057096 0.029414 0.3682 -0.40512 -0.6494 -0.69163 -0.65326 -0.12147 0.68838 0.35793 -0.73637 0.15817 0.32552 -0.48804 0.43601 -0.19802 -0.26018 0.71131 -0.80475 0.3345 0.45613 -0.84249 0.37993 0.49628 -0.81451 -0.10784 0.85789 -0.021781 -0.86667 -0.062954 0.82554 0.76409 0.16839 -0.77152 -0.54368
-0.014188 0.0019335 -0.0034187 0.022688 0.053344 -0.019921 -0.00069244 0.0087887 0.070707 -0.033923 0.12982 -0.06773 -0.017508 0.14004 -0.007566 0.15614 -0.5615 -0.3601 -0.17965 -0.37711 -0.72842 -0.40216 0.66926 0.26322 -0.78876 0.57748 -0.30647 0.27851 -0.4719 0.73981 -0.8147 0.38638 0.37502 -0.84289 0.44077 0.4932 -0.83678 0.14411 0.79783 -0.39422 -0.77938 0.37936 0.83658 -0.17028 -0.87176 -0.71062 -0.12201 0.77245 0.59691
-0.0070954 0.0056585 0.010566 0.033021 0.022878 -0.010031 -0.01767 0.010388 -0.027886 -0.06133 0.16877 -0.031022 0.1078 -0.14708 0.21233 -0.506 -0.023369 0.39411 0.40022 -0.022938 -0.69561 -0.36415 0.77829 -0.17856 -0.52525 0.79663 -0.82937 0.82824 -0.71394 0.30974 0.39699 -0.84667 0.48058 0.44554 -0.8407 0.087836 0.79274 -0.55095 -0.59457 0.63443 0.66122 -0.51735 -0.8112 0.19973 0.87269 0.76568 0.26635 -0.66032 -0.76165
0.02075 -0.0047395 0.0066637 -0.0083861 0.022973 0.013097 -0.089713 0.021759 -0.14689 0.10837 0.015589 -0.0050984 -0.17164 0.30699 -0.47663 0.10411 0.5675 0.68539 0.61553 0.027359 -0.77443 0.0042464 0.69908 -0.75231 0.35506 0.00020163 -0.044481 -0.20744 0.62543 -0.85447 0.43956 0.47003 -0.84531 0.10265 0.80897 -0.46414 -0.62249 0.7183 0.46678 -0.70127 -0.64689 0.49118 0.85017 -0.043709 -0.81462 -0.8717 -0.55411 0.3611 0.8946
0.016313 -0.0085326 -0.0050174 0.0078358 0.010039 -0.054047 0.10085 0.0088666 -0.1765 0.20179 -0.070141 0.056465 0.16961 -0.34382 -0.054565 0.56565 0.66848 0.72732 0.61525 -0.24057 -0.75706 0.62737 -0.038567 -0.517 0.7813 -0.83939 0.83507 -0.67769 0.16322 0.57363 -0.83361 0.05116 0.821 -0.4483 -0.67521 0.62371 0.53524 -0.75053 -0.48772 0.64966 0.74441 -0.30387 -0.89243 -0.28207 0.59221 0.87019 0.84154 0.16214 -0.75643
0.012637 0.0099276 0.022078 -0.054161 -0.035538 -0.012551 0.022281 0.066591 -0.083366 -0.23684 0.033928 -0.12924 0.081153 -0.27138 0.45104 0.61468 0.66088 0.75416 0.37398 -0.69404 -0.18405 0.73968 -0.83581 0.67746 -0.46232 0.39041 -0.58331 0.84386 -0.70593 -0.083486 0.85055 -0.38889 -0.7073 0.59166 0.6174 -0.63962 -0.58317 0.68174 0.63974 -0.45426 -0.8706 -0.065213 0.78694 0.68393 -0.1091 -0.55347 -0.84951 -0.72861 0.17299
0.027743 -0.012555 0.014371 0.033347 -0.0039673 0.0049572 -0.084298 0.073762 0.18675 0.23041 0.038415 0.11652 -0.34137 0.20596 0.60618 0.60792 0.72383 0.6601 -0.23809 -0.72751 0.74318 -0.35578 0.018632 0.26833 -0.41642 0.37739 -0.034158 -0.56009 0.87333 -0.26482 -0.76273 0.53185 0.66356 -0.59375 -0.67613 0.52911 0.73463 -0.46824 -0.83272 0.065759 0.85293 0.55066 -0.3709 -0.90382 -0.53578 -0.13259 0.32863 0.87675 0.62239
-0.0071311 -0.010939 0.021028 0.014975 -0.034035 -0.062754 -0.044953 -0.086564 -0.015718 -0.30893 -0.1061 0.18449 -0.27635 0.47572 0.64141 0.68217 0.71361 0.13375 -0.81876 0.24491 0.40691 -0.69183 0.78861 -0.83752 0.84603 -0.79347 0.48986 0.2366 -0.86798 0.42428 0.72589 -0.52927 -0.72394 0.46404 0.80921 -0.25623 -0.88065 0.05579 0.88271 0.46729 -0.49276 -0.8887 -0.32666 0.60717 0.90955 0.8088 0.52768 -0.24607 -0.88443
0.013502 -0.013432 -0.019059 0.056094 0.068298 0.063215 0.0015966 -0.16555 -0.063883 0.36648 -0.040025 -0.11123 -0.026792 0.56654 0.67695 0.6897 0.26398 -0.68408 -0.26593 0.80523 -0.85676 0.79131 -0.77214 0.76895 -0.8163 0.88155 -0.71201 -0.046119 0.85068 -0.42932 -0.77685 0.38914 0.84213 -0.17082 -0.89622 -0.19278 0.829 0.49384 -0.56712 -0.87299 -0.21695 0.69197 0.87634 0.21969 -0.51036 -0.76391 -0.90374 -0.70583 0.11217
-0.016047 0.018845 0.030755 0.027532 -0.092363 0.12024 -0.03568 0.21708 0.044531 -0.018001 0.19435 -0.33288 0.11984 0.56864 0.58039 0.27522 -0.59454 -0.55099 0.84224 -0.55833 0.27741 -0.22842 0.33093 -0.44753 0.63235 -0.84899 0.78818 0.017223 -0.87421 0.29062 0.87134 -0.088133 -0.89626 -0.28263 0.75033 0.6901 -0.39548 -0.88552 -0.14564 0.72956 0.84454 0.11991 -0.65423 -0.89132 -0.47828 -0.18081 0.17281 0.7734 0.8511
0.010348 0.020965 0.019872 -0.0049406 0.046362 0.10346 -0.13251 -0.1967 0.02238 -0.49423 0.26151 -0.41621 0.098069 0.39605 0.083934 -0.55233 -0.63075 0.71129 -0.12906 -0.27335 0.43016 -0.33776 0.093614 0.16709 -0.49485 0.83038 -0.77998 -0.14231 0.90443 0.0033398 -0.89284 -0.35627 0.70901 0.74784 -0.2339 -0.90387 -0.35164 0.69574 0.82248 0.076314 -0.7042 -0.86685 -0.32811 0.51591 0.8978 0.92003 0.83682 0.32969 -0.49383
-0.0074424 0.014433 -0.012243 0.012169 0.026019 0.03363 0.15649 0.19448 -0.078561 -0.24616 0.20017 -0.46593 -0.12403 -0.10644 -0.65089 -0.63612 0.62579 0.18684 -0.65814 0.8003 -0.81263 0.67041 -0.35273 -0.026601 0.47492 -0.86282 0.68147 0.39971 -0.83902 -0.42365 0.67806 0.78721 -0.1675 -0.89324 -0.50527 0.49303 0.89383 0.14127 -0.73679 -0.85711 -0.26748 0.56943 0.91971 0.60305 0.0029852 -0.24572 -0.50705 -0.89639 -0.74241
0.011407 0.019059 -0.0032614 -0.0072905 -0.025285 -0.014589 -0.11816 -0.14363 0.088896 0.16369 0.16103 -0.50343 -0.49757 -0.69036 -0.53101 0.56541 0.31285 -0.82074 0.89837 -0.90161 0.91602 -0.81311 0.45346 0.036504 -0.5753 0.9082 -0.43951 -0.71523 0.54699 0.81575 -0.13176 -0.88624 -0.55603 0.42045 0.91365 0.40201 -0.58423 -0.88102 -0.22615 0.58831 0.91952 0.55835 -0.135 -0.79192 -0.91978 -0.86867 -0.74394 -0.20826 0.55339
-0.028587 -0.019694 0.035524 -0.043587 -0.071776 -0.0082153 0.14088 -0.011316 0.031455 0.40321 0.22611 -0.4003 -0.64202 -0.43382 0.63739 0.3787 -0.85691 0.8261 -0.74404 0.79783 -0.90804 0.85504 -0.42204 -0.18841 0.75304 -0.8664 0.013952 0.9152 0.020468 -0.88496 -0.57323 0.38801 0.91671 0.47044 -0.44706 -0.91871 -0.43576 0.53182 0.92092 0.54503 -0.17946 -0.81328 -0.89501 -0.41433 0.16011 0.34041 0.53911 0.89506 0.79365
-0.039261 0.020514 -0.011715 -0.0010215 -0.12025 -0.062847 -0.21081 0.069995 -0.12518 0.47098 0.40148 0.027992 -0.030401 0.64877 0.30766 -0.85117 0.74641 -0.50834 0.49079 -0.68205 0.89967 -0.83614 0.25833 0.45736 -0.9048 0.60702 0.52239 -0.75831 -0.66665 0.3907 0.92225 0.49099 -0.41787 -0.91685 -0.57041 0.29416 0.90403 0.6034 -0.21648 -0.82054 -0.88174 -0.37736 0.27677 0.83364 0.9236 0.89042 0.80904 0.36973 -0.36172
-0.0055855 -0.027415 0.0053708 -0.048276 -0.013885 0.12344 0.17412 -0.0024343 -0.22358 0.37057 0.54607 0.58407 0.72866 0.30797 -0.8455 0.64501 -0.34745 0.17524 -0.30678 0.64435 -0.92284 0.73616 0.047967 -0.76248 0.86291 -0.067623 -0.90349 0.13303 0.91949 0.47014 -0.44392 -0.92115 -0.5882 0.24182 0.86231 0.7769 0.0014103 -0.78698 -0.87158 -0.3669 0.31106 0.84672 0.90104 0.4766 -0.031112 -0.15867 -0.32346 -0.77084 -0.92368
0.0071062 -0.032985 -0.050502 -0.076074 0.11659 -0.13187 0.053545 0.011898 -0.28102 0.026688 0.32407 0.40804 0.016218 -0.83455 0.63723 -0.17631 -0.027739 0.042417 0.24711 -0.70303 0.94457 -0.49702 -0.46242 0.93101 -0.47059 -0.59171 0.76271 0.6575 -0.39495 -0.93009 -0.55149 0.25987 0.86443 0.80022 0.14272 -0.62549 -0.9226 -0.4291 0.34857 0.85244 0.88928 0.44759 -0.14062 -0.72832 -0.92815 -0.93845 -0.93051 -0.71322 -0.10593
0.035981 -0.020853 0.04866 -0.097534 -0.060519 0.030863 -0.11673 0.092198 -0.34189 -0.52878 -0.36016 -0.56468 -0.75307 0.52703 -0.11756 -0.23228 0.2676 -0.12157 -0.31745 0.82821 -0.87923 0.075729 0.83999 -0.741 -0.2339 0.93394 -0.0045872 -0.90869 -0.57319 0.34267 0.89403 0.78386 0.12916 -0.60598 -0.92978 -0.63155 0.14864 0.8271 0.87771 0.43627 -0.17515 -0.74549 -0.93738 -0.72789 -0.348 -0.27868 -0.16195 0.35549 0.84515
-0.0018705 -0.030901 0.0065417 -0.059144 0.0075431 0.16695 -0.038757 0.17335 -0.38111 -0.81453 -0.60758 -0.31772 0.60487 0.087954 -0.33833 0.486 -0.36858 0.067674 0.50071 -0.93992 0.6172 0.46815 -0.91964 0.10805 0.85335 -0.53639 -0.81317 0.19486 0.90182 0.71987 0.028286 -0.65373 -0.9335 -0.64122 0.03172 0.69399 0.92637 0.48664 -0.22179 -0.75599 -0.93554 -0.70632 -0.24715 0.37839 0.73431 0.76482 0.81526 0.94239 0.71354
0.0031576 0.0070256 0.041665 0.018191 0.030109 -0.15817 0.048712 0.23105 -0.26649 -0.14658 0.33621 0.76813 0.021608 -0.56999 0.61854 -0.60412 0.34647 0.11407 -0.74507 0.90665 -0.10325 -0.89761 0.48064 0.66756 -0.79999 -0.41572 0.77122 0.79291 -0.017543 -0.75408 -0.92823 -0.58096 0.084278 0.69822 0.93507 0.66464 -0.032494 -0.72738 -0.93542 -0.69353 -0.20833 0.40658 0.79642 0.93895 0.80877 0.79713 0.75458 0.38073 -0.24668
0.054269 0.0028679 0.04413 -0.046356 -0.097378 -0.12931 0.056663 0.22534 0.13143 0.839 0.54712 -0.41215 -0.56339 0.81783 -0.75435 0.61947 -0.20268 -0.40522 0.93721 -0.59042 -0.54067 0.86135 0.34928 -0.92753 -0.060676 0.94393 0.25166 -0.70964 -0.91755 -0.43507 0.23805 0.76812 0.93434 0.65001 0.057009 -0.57597 -0.9319 -0.72209 -0.15003 0.42981 0.81682 0.93298 0.74816 0.27028 -0.12917 -0.13001 -0.17897 -0.59487 -0.922
-0.0213 -0.022371 0.024552 0.091769 0.14727 0.038636 0.03742 0.066954 0.55243 0.19151 -0.71375 -0.21658 0.83002 -0.90577 0.79923 -0.53879 -0.067436 0.73609 -0.90407 -0.029914 0.95432 -0.19851 -0.93841 0.25974 0.89414 -0.2731 -0.94972 -0.47031 0.35022 0.87335 0.90405 0.55246 -0.036306 -0.60779 -0.92055 -0.83481 -0.31585 0.40186 0.84987 0.92952 0.71637 0.23328 -0.23725 -0.7125 -0.90055 -0.89457 -0.90196 -0.93606 -0.66549
0.026768 -0.017511 0.012209 -0.090141 0.0044579 0.068431 0.058336 -0.28077 0.26401 -0.91593 0.16968 0.66825 -0.8893 0.92794 -0.77695 0.34309 0.43835 -0.95356 0.49792 0.71076 -0.72555 -0.68675 0.60432 0.74348 -0.5904 -0.81154 0.17684 0.87911 0.85353 0.34455 -0.24482 -0.72041 -0.94026 -0.80757 -0.37069 0.22548 0.77046 0.93476 0.66642 0.19629 -0.28781 -0.73757 -0.92948 -0.88148 -0.69061 -0.72062 -0.71425 -0.37509 0.19805
-0.067255 0.042741 -0.046737 0.09311 -0.22248 0.0018435 0.17185 -0.53765 -0.58076 0.4472 0.45711 -0.85029 0.86457 -0.93851 0.67325 -0.014105 -0.80652 0.85028 0.22592 -0.96244 -0.1426 0.92621 0.45154 -0.80685 -0.57966 0.63627 0.91041 0.30688 -0.42172 -0.86881 -0.93466 -0.70438 -0.24324 0.29984 0.74579 0.94384 0.7636 0.20833 -0.368 -0.76599 -0.9371 -0.86099 -0.60534 -0.1338 0.20233 0.13896 0.12658 0.50528 0.87223
-0.010145 0.00095913 -0.066744 -0.10609 -0.046881 -0.082725 0.37024 -0.16009 -0.23873 0.41978 -0.80174 0.85964 -0.84245 0.94386 -0.44966 -0.41753 0.97267 -0.30879 -0.8706 0.42876 0.91884 -0.10209 -0.95312 -0.30263 0.8527 0.63488 -0.33761 -0.9034 -0.87636 -0.47247 0.019885 0.48692 0.83465 0.94505 0.77903 0.36112 -0.24058 -0.76706 -0.94704 -0.83828 -0.5516 -0.08158 0.31932 0.72694 0.88878 0.85571 0.8398 0.9494 0.83954
0.025982 -0.049929 0.066789 0.067649 0.14615 -0.1663 0.4722 0.59795 0.74024 -0.91483 0.86105 -0.81368 0.85952 -0.90821 0.077752 0.82037 -0.72105 -0.48274 0.86607 0.55501 -0.6813 -0.88423 0.085617 0.95365 0.33996 -0.74688 -0.9009 -0.36656 0.27484 0.74209 0.93649 0.90985 0.66613 0.25226 -0.23221 -0.67448 -0.93652 -0.83513 -0.46469 -0.019495 0.38668 0.76133 0.92659 0.91837 0.79615 0.84951 0.86957 0.65777 0.19043
0.0056784 -0.04298 0.0034508 0.019023 0.15754 -0.23935 0.14998 0.27025 -0.3445 0.91696 -0.77334 0.78721 -0.91034 0.76506 0.40497 -0.96032 0.024947 0.97226 -0.047133 -0.96651 -0.43707 0.62653 0.93541 0.027834 -0.91586 -0.61091 0.2693 0.83589 0.95007 0.74429 0.40543 0.0018295 -0.4225 -0.76333 -0.93841 -0.8904 -0.5574 0.0027368 0.48936 0.80249 0.9399 0.89659 0.71602 0.34068 0.069261 0.19124 0.25682 -0.093637 -0.57246
-0.041482 -0.041091 0.026752 0.037089 0.0833 -0.23822 -0.51403 -0.74269 -0.36473 -0.64803 0.66331 -0.80959 0.95197 -0.44639 -0.84106 0.62222 0.75026 -0.6253 -0.86251 0.18502 0.9681 0.61934 -0.3696 -0.96772 -0.30885 0.69844 0.9513 0.60875 0.092032 -0.38581 -0.70396 -0.89799 -0.94987 -0.82576 -0.53662 -0.1121 0.40577 0.82206 0.95234 0.86756 0.65232 0.27182 -0.069056 -0.4879 -0.69189 -0.58771 -0.51719 -0.76422 -0.95166
-0.064861 -0.053594 -0.088745 -0.11629 0.0098913 -0.040552 -0.52031 0.14458 0.79579 0.3329 -0.60152 0.87359 -0.90731 -0.057944 0.96649 0.14576 -0.95413 -0.38121 0.76435 0.87454 -0.015449 -0.83391 -0.8798 0.012733 0.8929 0.74557 0.015113 -0.59086 -0.89763 -0.95414 -0.8507 -0.6388 -0.31909 0.062213 0.44473 0.76877 0.94897 0.84915 0.54778 0.18451 -0.16584 -0.55298 -0.78386 -0.94391 -0.95436 -0.95573 -0.94055 -0.94706 -0.75704
0.074849 -0.0044814 0.12802 -0.17757 -0.058537 0.3616 0.51365 0.63854 -0.82501 -0.090525 0.61507 -0.93822 0.68455 0.62479 -0.56708 -0.8624 0.24961 0.98825 0.3605 -0.63674 -0.97742 -0.46301 0.42038 0.97073 0.47876 -0.473 -0.9392 -0.89269 -0.60577 -0.23996 0.079742 0.38083 0.66346 0.86812 0.95375 0.88547 0.6029 0.1264 -0.30939 -0.63197 -0.83813 -0.95204 -0.92964 -0.75161 -0.5922 -0.72026 -0.79125 -0.58116 -0.14901
-0.068406 0.055226 -0.11684 -0.020951 -0.1514 0.56408 0.51852 -0.85789 0.60991 -0.041974 -0.70214 0.92909 -0.23178 -0.97379 -0.25107 0.85723 0.75966 -0.34493 -0.98323 -0.64453 0.23367 0.87408 0.90617 0.16315 -0.74892 -0.92879 -0.47687 0.068147 0.4879 0.76556 0.90185 0.95706 0.92436 0.78457 0.54023 0.19399 -0.25841 -0.68545 -0.90431 -0.95509 -0.89276 -0.68728 -0.46002 -0.089839 0.11931 -0.072446 -0.20432 0.086996 0.52003
0.060238 -0.016725 0.034072 0.14619 -0.26816 0.015522 -0.81424 0.52354 -0.33435 0.062133 0.83452 -0.75302 -0.37732 0.79576 0.92627 0.018223 -0.87947 -0.80115 0.056195 0.81187 0.9589 0.49558 -0.27042 -0.92112 -0.76859 0.014627 0.65324 0.92711 0.95759 0.85465 0.70777 0.51673 0.2597 -0.038582 -0.34973 -0.64884 -0.89203 -0.95004 -0.81955 -0.59888 -0.34589 0.013174 0.28148 0.60867 0.74554 0.59826 0.4741 0.69421 0.92075
-0.094057 -0.060341 0.024521 0.20576 -0.30911 -0.71834 0.087754 0.010802 0.10775 0.025831 -0.95106 0.34547 0.88557 -0.051058 -0.78681 -0.90868 -0.17792 0.74317 0.97824 0.53228 -0.22881 -0.80316 -0.975 -0.51113 0.37271 0.92793 0.90328 0.61869 0.29661 -0.0031149 -0.22218 -0.42595 -0.6353 -0.81153 -0.92758 -0.95553 -0.83381 -0.52083 -0.17085 0.14379 0.40591 0.68892 0.84269 0.95381 0.96129 0.94792 0.90371 0.96006 0.89558
0.077944 0.053891 0.07288 0.18024 -0.0843 -0.1156 0.72943 -0.47023 0.028152 -0.21579 0.95584 0.24803 -0.93323 -0.78429 -0.17947 0.68236 0.99879 0.53969 -0.24459 -0.83244 -0.98418 -0.68842 -0.082888 0.6744 0.97247 0.59463 0.0219 -0.41099 -0.68132 -0.84325 -0.91761 -0.95609 -0.95538 -0.89395 -0.76134 -0.53918 -0.18217 0.2525 0.57363 0.78033 0.90032 0.95962 0.93504 0.79691 0.69478 0.83755 0.90925 0.79732 0.49273
0.088663 -0.1015 -0.034243 0.11043 0.40987 0.84024 -0.97966 0.76304 -0.064784 0.48693 -0.74216 -0.8045 0.34126 0.93486 0.97289 0.49138 -0.25751 -0.88623 -0.96296 -0.5925 0.020786 0.56725 0.93033 0.87936 0.26044 -0.48083 -0.87268 -0.97088 -0.93553 -0.84389 -0.75358 -0.64261 -0.48112 -0.27613 -0.034234 0.24781 0.57703 0.8474 0.95245 0.9496 0.88447 0.71583 0.55151 0.2573 0.11185 0.3563 0.52511 0.31055 -0.094683
-0.045046 0.096047 -0.21048 0.0089595 0.60617 -0.30136 0.68488 -0.91304 0.0022694 -0.78167 0.25942 0.97159 0.56381 -0.11231 -0.54406 -0.95402 -0.92802 -0.41843 0.22234 0.72919 0.98564 0.92459 0.57886 -0.11096 -0.77245 -0.97231 -0.78635 -0.51183 -0.27068 -0.067689 0.061522 0.1916 0.35666 0.53163 0.70114 0.85358 0.95626 0.92133 0.77901 0.59797 0.40923 0.12225 -0.084794 -0.38604 -0.50521 -0.26186 -0.06025 -0.28359 -0.63163
-0.086709 -0.068828 -0.10234 -0.10836 -0.10727 -0.63817 -0.16593 0.97712 0.15738 0.98926 0.39194 -0.5099 -1 -0.86976 -0.65382 -0.10906 0.45632 0.90371 0.98936 0.78358 0.36723 -0.091679 -0.5657 -0.9471 -0.8685 -0.37109 0.12037 0.44108 0.63153 0.75261 0.81044 0.86116 0.91679 0.95482 0.96104 0.91479 0.7613 0.47493 0.19181 -0.051238 -0.25449 -0.51395 -0.66755 -0.84823 -0.8996 -0.76131 -0.60787 -0.75953 -0.93434
-0.12703 0.052804 0.072677 -0.16346 -0.80791 0.93985 -0.31479 -1 -0.4018 -0.96135 -0.91323 -0.37568 0.42366 0.76774 0.88814 0.99685 0.88435 0.47715 -0.006285 -0.4469 -0.80196 -0.96881 -0.9605 -0.62584 0.016602 0.61166 0.89318 0.96936 0.96862 0.94217 0.92033 0.89095 0.83505 0.74759 0.62234 0.4389 0.14702 -0.21271 -0.47841 -0.66037 -0.78533 -0.90901 -0.95558 -0.95779 -0.93735 -0.96668 -0.9258 -0.96431 -0.92296
-0.14895 0.0028444 0.090561 -0.013655 0.092444 -0.51095 0.65129 0.99922 0.68979 0.58535 0.92406 0.97892 0.65783 0.40295 0.3081 -0.079756 -0.4617 -0.82543 -0.98596 -0.97327 -0.80946 -0.55035 -0.16817 0.40681 0.87046 0.96974 0.82129 0.64242 0.50586 0.40201 0.35977 0.30959 0.21415 0.086477 -0.070569 -0.26841 -0.53032 -0.77835 -0.90563 -0.95588 -0.96377 -0.91881 -0.85881 -0.70215 -0.6342 -0.83065 -0.92658 -0.85459 -0.62728
-0.047874 -0.10296 -0.0081989 0.35862 0.87837 -0.17703 -0.8455 -0.9642 -0.93333 0.091755 -0.27816 -0.63936 -0.94487 -0.98997 -0.98613 -0.9939 -0.92594 -0.68159 -0.37989 -0.06119 0.28266 0.55399 0.80888 0.98385 0.83375 0.41014 0.028766 -0.2075 -0.33906 -0.41966 -0.43572 -0.45967 -0.52426 -0.61019 -0.70943 -0.8202 -0.93017 -0.96509 -0.91745 -0.8364 -0.7453 -0.57072 -0.44467 -0.20256 -0.122 -0.426 -0.63608 -0.48961 -0.15705
0.14824 0.093789 -0.13222 0.54924 -0.56684 0.71535 0.93786 0.86129 1 -0.7727 -0.63136 -0.41566 -0.049018 -0.0013557 -0.12462 0.070782 0.29156 0.59157 0.79819 0.92652 0.99734 0.98416 0.87999 0.54478 0.0033197 -0.50412 -0.77307 -0.87972 -0.91968 -0.93651 -0.9329 -0.93218 -0.9445 -0.95871 -0.96733 -0.95724 -0.88745 -0.71976 -0.54177 -0.38319 -0.24582 -0.021621 0.11541 0.3528 0.41676 0.099999 -0.16447 0.005466 0.34421
0.1856 0.098416 -0.26641 0.0074061 -0.45538 -0.97084 -0.96442 -0.64599 -0.7609 0.99831 1 1 0.98823 0.99869 1 1 1 0.92275 0.81284 0.6748 0.48529 0.29883 0.031505 -0.41494 -0.81583 -0.97813 -0.95254 -0.8917 -0.85386 -0.83511 -0.84967 -0.85738 -0.84141 -0.80571 -0.74738 -0.64796 -0.45539 -0.17906 0.040889 0.2048 0.33081 0.52173 0.62369 0.78277 0.8157 0.58382 0.34131 0.48665 0.74406
-0.072287 -0.056303 -0.44379 -0.77042 1 1 0.94013 0.28739 0.19137 -0.48991 -0.35441 -0.28596 -0.38846 -0.20356 0.13006 0.1196 0.061768 -0.13089 -0.28634 -0.42219 -0.58116 -0.69528 -0.83443 -0.97766 -0.92419 -0.66516 -0.42053 -0.2829 -0.23195 -0.22345 -0.27742 -0.31716 -0.30763 -0.26393 -0.18774 -0.062278 0.15596 0.41988 0.59455 0.70549 0.78052 0.88151 0.92474 0.9681 0.97108 0.89527 0.74454 0.83261 0.95279
-0.21699 -0.25058 -0.66754 -0.27911 -0.72932 -0.9147 -0.85708 0.19399 0.52224 -0.45572 -0.71148 -0.84546 -0.86476 -0.9786 -0.98539 -0.96207 -0.96543 -0.98714 -0.99926 -1 -0.99332 -0.96901 -0.90362 -0.68041 -0.28333 0.14314 0.39711 0.50011 0.52058 0.50519 0.43428 0.37485 0.36419 0.38734 0.44122 0.53591 0.69211 0.84822 0.92396 0.95537 0.96723 0.96047 0.94549 0.87535 0.85977 0.96672 0.95241 0.97086 0.93728
0.46711 -0.050157 -0.82819 0.90338 0.046305 0.80694 0.69112 -0.68873 -0.98416 1 0.92399 0.71174 0.60006 0.21956 -0.30836 -0.45927 -0.54732 -0.49702 -0.46672 -0.43555 -0.36343 -0.30659 -0.16813 0.17255 0.5629 0.83387 0.93397 0.95537 0.9531 0.94094 0.90622 0.86915 0.85364 0.85555 0.87414 0.91097 0.95896 0.96715 0.93509 0.89328 0.85382 0.75708 0.70178 0.55094 0.53109 0.79923 0.93095 0.88619 0.71847
-0.085809 0.057707 -0.68109 0.10378 0.56915 -0.72998 -0.41631 0.9966 0.80963 -0.50699 0.092843 0.56998 0.77852 0.99156 0.89821 0.75673 0.64122 0.62704 0.60715 0.5895 0.61607 0.6244 0.6963 0.87511 0.98422 0.94684 0.86998 0.83656 0.84839 0.87764 0.92412 0.95138 0.96018 0.96064 0.95608 0.94027 0.88258 0.76007 0.64843 0.56176 0.49605 0.34931 0.27846 0.094999 0.081708 0.45028 0.70268 0.61405 0.35731
0.016406 0.063374 -0.035585 -1 -0.8992 0.70483 0.028518 -0.9032 -0.0047022 -0.58023 -0.98983 -0.88757 -0.64413 -0.063741 0.61256 0.8345 0.95142 0.96746 0.9861 0.99459 0.99961 0.99794 0.98742 0.91509 0.71883 0.44957 0.28583 0.25115 0.29998 0.38251 0.51251 0.61544 0.66766 0.68812 0.68251 0.63908 0.514 0.31708 0.17297 0.0766 0.010728 -0.1403 -0.20451 -0.37287 -0.37569 0.01075 0.33175 0.22416 -0.064628
1 0.28877 0.81944 0.59082 0.96111 -0.7304 0.42508 0.34144 -0.83301 0.9591 0.38248 -0.38739 -0.79622 -1 -0.63554 -0.27291 0.035839 0.17426 0.30994 0.42446 0.48268 0.54286 0.52181 0.30921 -0.012146 -0.312 -0.44919 -0.4559 -0.38659 -0.28125 -0.11603 0.031314 0.11993 0.16672 0.17565 0.13213 -0.008542 -0.21101 -0.34102 -0.41824 -0.46614 -0.58372 -0.62771 -0.74517 -0.74066 -0.42055 -0.096584 -0.19939 -0.46453
0.01336 0.63995 1 0.43063 -0.86651 0.78903 -0.82583 0.45117 0.89377 -0.050664 0.84761 0.93319 0.55078 -0.24999 -0.91506 -0.99791 -0.9113 -0.80074 -0.66932 -0.52933 -0.43567 -0.32908 -0.31259 -0.49237 -0.7215 -0.87794 -0.9268 -0.91822 -0.87593 -0.80607 -0.68268 -0.55257 -0.46048 -0.40185 -0.37844 -0.40521 -0.51682 -0.66713 -0.75097 -0.79384 -0.8173 -0.87967 -0.90002 -0.94856 -0.94454 -0.75867 -0.49649 -0.57664 -0.77375
-0.84916 0.88647 0.025284 -0.99213 0.72177 -0.84773 1 -0.9603 -0.012757 -0.93755 -0.63064 0.35727 0.8976 0.8937 0.12215 -0.42546 -0.78194 -0.91302 -0.98696 -0.99987 -0.9851 -0.93994 -0.91643 -0.96518 -0.99061 -0.94973 -0.9192 -0.93054 -0.96137 -0.97971 -0.96634 -0.9173 -0.86582 -0.82396 -0.80085 -0.80935 -0.86691 -0.93285 -0.95866 -0.96652 -0.96953 -0.97263 -0.97418 -0.95375 -0.95916 -0.94682 -0.79782 -0.84555 -0.94744
0.16999 0.98213 -0.92783 0.80478 -0.59346 0.85954 -0.79664 0.73417 -0.8952 0.49292 -0.71892 -0.91052 -0.30464 0.65474 0.97894 0.66331 0.2153 -0.10241 -0.39252 -0.62251 -0.7658 -0.87327 -0.90929 -0.84437 -0.69764 -0.52338 -0.46338 -0.5183 -0.63436 -0.75688 -0.87961 -0.94837 -0.97218 -0.97583 -0.97382 -0.9745 -0.97531 -0.95341 -0.92774 -0.91058 -0.9033 -0.85752 -0.84948 -0.77414 -0.79557 -0.96233 -0.95611 -0.96977 -0.96802
0.12966 1 -0.33221 -0.21909 0.51093 -0.77125 0.21523 0.13285 0.69981 0.75169 0.71189 -0.47412 -0.99326 -0.54086 0.54258 0.95673 0.96873 0.79334 0.53532 0.2461 0.011207 -0.21857 -0.33602 -0.23923 -0.037281 0.15488 0.1982 0.11023 -0.056478 -0.25019 -0.47941 -0.65854 -0.76649 -0.83056 -0.86546 -0.87275 -0.83124 -0.74119 -0.68239 -0.65475 -0.64825 -0.57251 -0.56428 -0.45622 -0.49558 -0.81502 -0.9559 -0.94032 -0.84349
0.39321 0.98077 0.70549 -0.33943 -0.47926 0.5429 0.49673 -0.87873 0.42823 -0.71042 0.69073 0.80491 -0.10721 -0.9628 -0.56627 0.17184 0.72929 0.94614 1 0.91131 0.76595 0.56426 0.42557 0.48548 0.62911 0.74628 0.75887 0.68039 0.53126 0.33663 0.075814 -0.16335 -0.33292 -0.45056 -0.52487 -0.54901 -0.48766 -0.36192 -0.29205 -0.26711 -0.26906 -0.18442 -0.18238 -0.065728 -0.11943 -0.54029 -0.80856 -0.77258 -0.60203
-0.6492 0.87719 0.16356 0.66376 0.48961 -0.17831 -0.90481 0.70436 -0.94757 -0.60385 -0.67422 0.69454 0.93014 -0.088372 -0.9816 -0.78514 -0.21114 0.26808 0.6602 0.9018 0.99627 0.98656 0.93206 0.94235 0.97735 0.98935 0.98916 0.9716 0.9114 0.79501 0.59476 0.37129 0.18743 0.04408 -0.056249 -0.09809 -0.038438 0.08883 0.15096 0.16533 0.15298 0.22857 0.22269 0.32694 0.26726 -0.18932 -0.54619 -0.50007 -0.28477
0.038608 0.59789 -0.51365 -0.75274 -0.52442 -0.24629 0.671 0.26912 0.037147 0.77958 -0.76646 -0.55335 0.60868 0.88635 -0.26864 -0.92259 -0.94092 -0.62208 -0.17503 0.26707 0.58926 0.8246 0.92674 0.92083 0.86713 0.80249 0.81865 0.89329 0.96436 0.98251 0.91904 0.78662 0.6453 0.51676 0.41615 0.36596 0.40957 0.51116 0.55417 0.55687 0.53799 0.59287 0.58193 0.65912 0.60481 0.18126 -0.21363 -0.16681 0.061933
0.42587 0.13059 0.13482 0.69475 0.55931 0.58185 0.092219 -0.90317 0.92546 0.56718 0.51619 -0.9159 -0.55138 0.7583 0.72641 -0.15456 -0.8285 -1 -0.86803 -0.53256 -0.16723 0.20635 0.44545 0.46227 0.37707 0.29067 0.33906 0.498 0.69423 0.85834 0.96594 0.97512 0.92474 0.85172 0.78118 0.73899 0.76184 0.82225 0.84331 0.83905 0.8217 0.85145 0.8416 0.88465 0.84761 0.51854 0.13986 0.18026 0.39332
0.15804 -0.32647 0.17758 -0.57953 -0.5652 -0.66138 -0.76086 0.34613 -0.33027 -0.75223 0.89376 0.10683 -0.96256 -0.25831 0.94546 0.74523 -0.019856 -0.60879 -0.94699 -0.98062 -0.81253 -0.50972 -0.24487 -0.19687 -0.26183 -0.32452 -0.25432 -0.058612 0.20859 0.48038 0.74072 0.90194 0.96777 0.979 0.96437 0.94801 0.95391 0.97011 0.97346 0.97037 0.96406 0.97067 0.96927 0.97821 0.96854 0.78008 0.46787 0.49778 0.67152
-0.33057 -0.42381 -0.15982 0.46441 0.5138 0.40758 0.68313 0.68177 -0.83548 -0.64381 -0.21056 0.96017 -0.14353 -0.96732 0.21489 0.9624 0.79049 0.21882 -0.39778 -0.82832 -0.99649 -0.95322 -0.80724 -0.75802 -0.78318 -0.80655 -0.74746 -0.58496 -0.33051 -0.026691 0.32181 0.60288 0.77976 0.88369 0.93873 0.96169 0.95963 0.93869 0.9327 0.93925 0.95213 0.94196 0.95548 0.93584 0.9599 0.93793 0.73235 0.75079 0.86901
-0.25738 -0.048303 0.057493 -0.3742 -0.38804 0.066582 0.10321 -0.68152 0.4555 0.62685 -0.96349 0.4691 0.83699 -0.62214 -0.70869 0.35142 0.9772 0.87877 0.39276 -0.20114 -0.65084 -0.92595 -0.99797 -0.99511 -0.99443 -0.992 -0.9829 -0.91956 -0.76287 -0.51617 -0.17074 0.16494 0.41872 0.60093 0.72324 0.79029 0.79026 0.74534 0.73912 0.76138 0.79797 0.77931 0.81156 0.77219 0.83144 0.98001 0.90695 0.9155 0.97012
-0.17696 0.34183 -0.050777 0.31216 0.19525 -0.46755 -0.74422 -0.37694 0.78423 0.79181 -0.23609 -0.63786 0.82316 0.35889 -0.96594 -0.53682 0.44009 0.941 0.93085 0.525 0.016592 -0.47011 -0.75886 -0.83487 -0.8378 -0.8366 -0.90239 -0.97549 -0.97535 -0.86171 -0.6116 -0.30193 -0.025621 0.20104 0.37219 0.47747 0.48689 0.43281 0.43336 0.47321 0.5331 0.51386 0.56498 0.51581 0.60653 0.90916 0.97837 0.98031 0.97095
0.037843 0.18959 0.10576 -0.27038 0.024272 0.50173 0.46326 0.78965 -0.45113 -0.36866 0.82374 -0.91169 -0.11248 0.96713 -0.37009 -0.98771 -0.39775 0.40217 0.92016 0.9604 0.66319 0.18522 -0.21461 -0.36279 -0.39134 -0.41249 -0.55041 -0.75467 -0.92562 -0.98658 -0.901 -0.69307 -0.4556 -0.22997 -0.040469 0.087462 0.10886 0.058426 0.068886 0.12338 0.20108 0.1871 0.25332 0.20347 0.3173 0.74059 0.94584 0.94522 0.87802
0.14697 -0.21586 -0.12946 0.23667 -0.20366 -0.13473 0.39746 0.1576 -0.7966 -0.91943 0.70585 -0.06369 -0.91041 0.6472 0.52626 -0.68779 -0.95141 -0.37198 0.40013 0.90286 0.99122 0.74942 0.40293 0.23103 0.17728 0.13142 -0.046147 -0.33438 -0.64289 -0.87507 -0.98389 -0.93099 -0.78678 -0.60927 -0.43757 -0.30922 -0.2787 -0.31707 -0.29795 -0.23607 -0.15025 -0.15613 -0.081941 -0.12546 -0.00039049 0.49834 0.81941 0.82014 0.70608
0.13279 -0.12774 0.087429 -0.19895 0.27705 -0.31375 -0.67395 -0.79154 0.33425 -0.040321 -0.36303 0.84359 -0.75508 -0.25507 0.98136 0.10211 -0.87906 -0.91417 -0.32216 0.41031 0.87504 0.99886 0.85808 0.73368 0.67821 0.62571 0.46099 0.16399 -0.21037 -0.56742 -0.85557 -0.97749 -0.96257 -0.87212 -0.75271 -0.64836 -0.61606 -0.63918 -0.6164 -0.5573 -0.47563 -0.47371 -0.40095 -0.43393 -0.31143 0.21149 0.61731 0.62243 0.4755
0.19961 0.16198 -0.0043518 0.14888 -0.21975 0.42006 -0.030231 -0.061691 0.84351 0.88434 -0.93898 0.78076 0.14436 -0.9176 0.66879 0.80688 -0.2629 -0.93433 -0.86712 -0.26261 0.39095 0.85573 0.9977 0.98435 0.96195 0.93254 0.83618 0.61205 0.26229 -0.14281 -0.55549 -0.8356 -0.96077 -0.98075 -0.93992 -0.88144 -0.85716 -0.86661 -0.84752 -0.80236 -0.73771 -0.73093 -0.66986 -0.69097 -0.58507 -0.089583 0.36297 0.3742 0.20963
0.19399 -0.031788 -0.080007 -0.085602 0.07456 -0.089985 0.64661 0.76305 -0.1038 0.52793 -0.33126 -0.12801 0.8894 -0.79942 -0.13402 0.9643 0.49801 -0.45282 -0.97981 -0.8063 -0.24227 0.39717 0.79305 0.9189 0.95842 0.97966 0.99216 0.90655 0.66761 0.30309 -0.153 -0.54314 -0.79273 -0.92692 -0.97806 -0.98075 -0.97434 -0.9751 -0.9676 -0.94657 -0.91041 -0.90343 -0.86368 -0.87409 -0.79744 -0.37631 0.082108 0.099672 -0.06768
0.1233 -0.10005 0.1401 0.018838 0.065636 -0.29568 -0.20453 0.078252 -0.85405 -0.54909 0.66076 -0.88524 0.80868 -0.041464 -0.82603 0.50639 0.96073 0.25248 -0.63341 -0.99719 -0.76933 -0.19412 0.33216 0.5763 0.68598 0.77053 0.90431 0.98993 0.92352 0.68005 0.27017 -0.16098 -0.49665 -0.72909 -0.87068 -0.94058 -0.9596 -0.95824 -0.96902 -0.97958 -0.98032 -0.97839 -0.96767 -0.97035 -0.93287 -0.62438 -0.19991 -0.17728 -0.33412
0.088336 0.16508 -0.16933 0.031426 -0.1203 0.29042 -0.54439 -0.723 -0.22582 -0.87889 0.86849 -0.74013 0.021064 0.73345 -0.94029 -0.25147 0.88936 0.81985 -0.010322 -0.77842 -1 -0.70787 -0.22441 0.07287 0.23425 0.37295 0.60784 0.85682 0.98691 0.9202 0.63678 0.24083 -0.12752 -0.42586 -0.64196 -0.77488 -0.8229 -0.82576 -0.8589 -0.90459 -0.94643 -0.9543 -0.9774 -0.97626 -0.98421 -0.81526 -0.46022 -0.435 -0.57049
0.063076 -0.068246 0.17263 -0.041741 0.082891 0.065394 0.30846 -0.18635 0.72974 -0.081276 0.10767 0.11488 -0.76848 0.9496 -0.43548 -0.84793 0.35262 0.9884 0.60536 -0.2598 -0.86934 -0.98009 -0.7028 -0.44134 -0.26934 -0.10638 0.18152 0.54797 0.85698 0.9878 0.88715 0.59602 0.25384 -0.067348 -0.33049 -0.51269 -0.58842 -0.60015 -0.65624 -0.73609 -0.81847 -0.83951 -0.89772 -0.89684 -0.95228 -0.93707 -0.67999 -0.65552 -0.76173
-0.0068525 -0.10105 -0.15823 -0.00053842 -0.018171 -0.28236 0.45833 0.64925 0.57877 0.801 -0.75059 0.84557 -0.92024 0.48562 0.33387 -0.95689 -0.35163 0.70472 0.96014 0.34634 -0.44344 -0.93931 -0.96898 -0.82806 -0.69687 -0.55223 -0.2755 0.13568 0.56957 0.88127 0.98691 0.85219 0.59085 0.29352 0.018015 -0.19233 -0.28964 -0.31222 -0.38816 -0.4968 -0.61448 -0.6501 -0.74107 -0.74393 -0.8447 -0.98455 -0.84537 -0.82535 -0.8975
-0.10365 0.1679 0.13299 0.080857 -0.012935 0.0874 -0.32314 0.35572 -0.3914 0.71857 -0.8174 0.80743 -0.35304 -0.30111 0.88605 -0.54759 -0.87246 0.11901 0.92874 0.81645 0.12017 -0.61614 -0.96133 -0.99541 -0.95108 -0.86807 -0.66741 -0.29478 0.18564 0.62887 0.9292 0.97705 0.83879 0.60872 0.35758 0.14463 0.035896 0.0034305 -0.085929 -0.2142 -0.35792 -0.40729 -0.5253 -0.53433 -0.67435 -0.95865 -0.94784 -0.93595 -0.9722
-0.15841 -0.10876 -0.10127 -0.1517 0.018202 0.19332 -0.41549 -0.49935 -0.79316 -0.18108 -0.074013 0.078026 0.46657 -0.87386 0.91189 0.13776 -0.97798 -0.50549 0.54541 0.9957 0.63527 -0.12071 -0.69777 -0.91488 -0.98401 -0.99449 -0.92062 -0.66301 -0.22296 0.27994 0.73202 0.96046 0.96946 0.8408 0.64783 0.45875 0.35135 0.31269 0.21887 0.082804 -0.074696 -0.13485 -0.27142 -0.28765 -0.45761 -0.86559 -0.98416 -0.98359 -0.98476
-0.11398 0.021591 0.065883 0.15159 -0.039493 -0.14212 0.27934 -0.5306 -0.13161 -0.86392 0.72196 -0.69991 0.93338 -0.88235 0.42715 0.74144 -0.6447 -0.9147 -0.029596 0.84123 0.94816 0.39904 -0.26062 -0.6198 -0.80119 -0.91669 -0.99515 -0.90745 -0.58713 -0.10572 0.43224 0.81294 0.9728 0.96623 0.85808 0.71695 0.62453 0.5854 0.49744 0.36679 0.20945 0.14328 -0.0014378 -0.024458 -0.21268 -0.71568 -0.95584 -0.96897 -0.93809
0.012747 0.027528 -0.029704 -0.049432 0.060666 -0.1086 0.40829 0.2406 0.67592 -0.61887 0.83624 -0.90503 0.74405 -0.35395 -0.27782 0.97847 -0.040893 -0.96228 -0.58344 0.42143 0.97908 0.80258 0.23251 -0.18955 -0.45346 -0.66158 -0.88768 -0.99366 -0.85153 -0.46851 0.077771 0.5615 0.85573 0.97645 0.9696 0.89529 0.8306 0.7978 0.72618 0.61412 0.47117 0.40502 0.26352 0.23546 0.042022 -0.52208 -0.86844 -0.89662 -0.83836
0.10898 -0.046451 -0.0027792 -0.11203 -0.013243 0.13735 -0.1904 0.62036 0.62309 0.25229 0.20869 -0.41361 0.062709 0.3708 -0.82512 0.76018 0.56844 -0.65094 -0.93036 -0.11971 0.73533 0.99269 0.66168 0.27416 -0.02057 -0.2872 -0.62738 -0.91658 -0.98145 -0.75777 -0.28056 0.24392 0.63914 0.87693 0.97616 0.98034 0.95366 0.93403 0.88812 0.80648 0.69117 0.63163 0.50472 0.47444 0.28917 -0.29953 -0.73066 -0.77408 -0.69422
0.057741 0.064269 0.024916 0.22026 -0.087969 0.053743 -0.41186 0.10648 -0.16886 0.85739 -0.58099 0.37152 -0.64453 0.87173 -0.95072 0.20904 0.94054 -0.11248 -0.96934 -0.61554 0.29813 0.93433 0.93278 0.67198 0.40846 0.1321 -0.26666 -0.69755 -0.96541 -0.93782 -0.59618 -0.097377 0.35355 0.68467 0.88306 0.96913 0.98709 0.98647 0.9736 0.93174 0.85518 0.80877 0.70687 0.6779 0.51357 -0.06318 -0.55342 -0.61108 -0.51594
-0.091426 -0.089708 -0.02904 -0.17055 0.099427 -0.10845 0.063214 -0.52391 -0.73925 0.63697 -0.87405 0.87551 -0.9384 0.88945 -0.61805 -0.42083 0.94617 0.45466 -0.70541 -0.92769 -0.20824 0.65526 0.99527 0.92718 0.75353 0.52093 0.1305 -0.37758 -0.81386 -0.99096 -0.83225 -0.4211 0.034341 0.42495 0.70508 0.86815 0.93299 0.95546 0.98008 0.98415 0.95444 0.92692 0.85876 0.83492 0.70286 0.17242 -0.34885 -0.41866 -0.31466
-0.12265 0.11282 0.009753 -0.025704 0.044802 -0.024084 0.39237 -0.43099 -0.47032 -0.16133 -0.46811 0.76952 -0.66719 0.44205 -0.0066138 -0.86591 0.60355 0.86058 -0.23472 -0.981 -0.65347 0.23162 0.84753 0.99802 0.95718 0.816 0.50027 -0.0087604 -0.55494 -0.9175 -0.96494 -0.69179 -0.28271 0.12756 0.46385 0.69148 0.80086 0.84818 0.91149 0.96394 0.98564 0.98151 0.95353 0.93854 0.84796 0.3941 -0.1295 -0.20841 -0.10166
0.027586 -0.1229 0.031254 0.21052 -0.15468 0.074477 0.086468 0.20351 0.29214 -0.80045 0.28473 0.15868 -0.018836 -0.21867 0.59574 -0.96003 0.053465 0.98438 0.29512 -0.77567 -0.93389 -0.23529 0.53107 0.88136 0.99187 0.97498 0.78879 0.35467 -0.22842 -0.73341 -0.9847 -0.88305 -0.56534 -0.17671 0.18489 0.45858 0.60586 0.67721 0.77709 0.87658 0.95046 0.97257 0.98853 0.98564 0.94316 0.59069 0.092469 0.0082269 0.11224
0.091568 0.11824 -0.081176 -0.2024 0.0267 0.0069758 -0.31689 0.55184 0.72511 -0.74453 0.80884 -0.53923 0.62617 -0.75972 0.93103 -0.68649 -0.50466 0.80336 0.73317 -0.37789 -0.99359 -0.64402 0.11686 0.60843 0.86103 0.98068 0.95889 0.66412 0.12092 -0.46648 -0.89552 -0.97928 -0.78764 -0.45923 -0.10522 0.19194 0.36685 0.45888 0.59007 0.73169 0.85483 0.90416 0.96499 0.97667 0.98606 0.75337 0.30585 0.22054 0.31715
-0.066922 -0.10445 0.11673 -0.0079065 0.16981 -0.044251 -0.22246 0.22581 0.41853 -0.077981 0.74518 -0.89078 0.92344 -0.93435 0.87527 -0.16597 -0.8865 0.38779 0.96677 0.10476 -0.83121 -0.91418 -0.31192 0.23505 0.59461 0.84052 0.99338 0.88241 0.44949 -0.15152 -0.71284 -0.97598 -0.93185 -0.69593 -0.38135 -0.085246 0.10439 0.21154 0.36617 0.54191 0.70804 0.78359 0.88745 0.9152 0.97729 0.87587 0.50089 0.419 0.50451
-0.11101 0.088909 -0.11274 0.20618 -0.090453 0.008555 0.1715 -0.33953 -0.28033 0.6362 0.17249 -0.70755 0.73929 -0.68401 0.47211 0.40355 -0.98033 -0.13085 0.94648 0.55414 -0.49359 -1 -0.67681 -0.17096 0.24112 0.58249 0.89491 0.9872 0.72006 0.17441 -0.46046 -0.87884 -0.98902 -0.86889 -0.62175 -0.35102 -0.16103 -0.046045 0.12218 0.32161 0.52166 0.62061 0.7631 0.80729 0.9201 0.95447 0.66958 0.59554 0.66728
0.065742 -0.076655 0.057757 -0.16783 -0.16388 0.023957 0.29091 -0.49483 -0.69199 0.84771 -0.49958 -0.12467 0.1921 -0.14125 -0.10446 0.82468 -0.77284 -0.60405 0.69095 0.87007 -0.060005 -0.89502 -0.91748 -0.54245 -0.14207 0.24858 0.68328 0.97194 0.90528 0.47636 -0.16712 -0.70192 -0.95879 -0.96716 -0.80945 -0.58622 -0.41054 -0.29606 -0.12525 0.085811 0.30862 0.42651 0.60101 0.66089 0.81985 0.98789 0.80582 0.74382 0.80011
0.035984 0.069177 0.031429 -0.064079 0.1327 -0.027725 0.017125 -0.11074 -0.46496 0.42741 -0.83523 0.51364 -0.43549 0.44971 -0.63113 0.96641 -0.34137 -0.90842 0.27414 0.99055 0.37787 -0.62855 -1 -0.82353 -0.4983 -0.11262 0.39075 0.84475 0.98958 0.72491 0.13702 -0.46534 -0.84835 -0.98684 -0.93306 -0.77562 -0.628 -0.52275 -0.36075 -0.15086 0.08222 0.21329 0.41145 0.48519 0.68352 0.97706 0.90551 0.85924 0.89934
-0.093644 -0.06504 -0.10984 0.20025 0.15722 -0.020714 -0.2464 0.36436 0.15842 -0.28942 -0.64699 0.86425 -0.84841 0.84645 -0.92202 0.79849 0.17932 -0.97483 -0.1987 0.90044 0.73548 -0.2561 -0.91924 -0.9768 -0.77957 -0.4532 0.056622 0.62572 0.96945 0.89849 0.42339 -0.19275 -0.67092 -0.93055 -0.98693 -0.90853 -0.80085 -0.71323 -0.57099 -0.37501 -0.14465 -0.0070963 0.20518 0.28998 0.51915 0.92477 0.96646 0.93894 0.96296
0.06747 0.061062 0.1276 -0.068694 -0.15243 0.046797 -0.17649 0.44477 0.62482 -0.79092 -0.07807 0.76294 -0.87379 0.90412 -0.88919 0.38883 0.64137 -0.79931 -0.61877 0.62909 0.95056 0.15338 -0.69636 -0.98677 -0.95216 -0.73192 -0.27833 0.34325 0.85235 0.98461 0.66749 0.091216 -0.44399 -0.80644 -0.9709 -0.97904 -0.92049 -0.85795 -0.74527 -0.57508 -0.36019 -0.22335 -0.0071691 0.085136 0.33534 0.83538 0.98828 0.98176 0.9905
0.060325 -0.053478 -0.067506 -0.13921 -0.16167 0.040051 0.094362 0.088967 0.56462 -0.75355 0.52109 0.28533 -0.52185 0.6192 -0.56079 -0.12839 0.92522 -0.4364 -0.89801 0.23921 0.99191 0.53069 -0.37237 -0.85942 -0.99937 -0.91859 -0.57672 0.030011 0.65468 0.97993 0.85059 0.36307 -0.18736 -0.62692 -0.88967 -0.98585 -0.98237 -0.9509 -0.87586 -0.74182 -0.55419 -0.42535 -0.21557 -0.11989 0.1408 0.7144 0.97215 0.98802 0.98285
-0.10058 0.038962 -0.031863 0.12888 0.15059 -0.051602 0.22213 -0.3276 0.061853 -0.23054 0.81476 -0.31826 0.04005 0.11418 -0.058281 -0.59943 0.96734 0.020504 -0.98541 -0.18914 0.86132 0.81763 0.00028547 -0.61892 -0.92174 -0.99632 -0.80828 -0.28097 0.39915 0.88951 0.96068 0.60227 0.078619 -0.40728 -0.75193 -0.9318 -0.98581 -0.98952 -0.95804 -0.8685 -0.71839 -0.6045 -0.41104 -0.31645 -0.056073 0.56815 0.92063 0.95939 0.9421
0.054666 -0.015767 0.096877 0.063128 0.17987 -0.077368 0.085007 -0.41991 -0.46882 0.42516 0.66249 -0.76067 0.574 -0.42092 0.45275 -0.89638 0.76976 0.46479 -0.87319 -0.57554 0.58938 0.97483 0.36662 -0.30229 -0.73494 -0.96197 -0.95236 -0.55965 0.11186 0.7254 0.99268 0.79251 0.33464 -0.16424 -0.56925 -0.82323 -0.9336 -0.97451 -0.99006 -0.95096 -0.84665 -0.754 -0.58591 -0.49695 -0.24747 0.40338 0.83739 0.89865 0.87128
-0.014389 -0.015107 -0.078662 -0.13012 -0.12527 0.023248 -0.1258 -0.13717 -0.6332 0.81012 0.16952 -0.85228 0.8734 -0.80191 0.81811 -0.94881 0.39198 0.80148 -0.59336 -0.85375 0.22717 0.9856 0.67711 0.046897 -0.46618 -0.82487 -0.99889 -0.78156 -0.18041 0.50479 0.94806 0.92247 0.56368 0.085317 -0.35507 -0.66919 -0.83141 -0.90935 -0.97288 -0.98754 -0.935 -0.86891 -0.73405 -0.65513 -0.42646 0.22699 0.72691 0.80944 0.77419
-0.045015 0.048964 0.0014564 -0.012038 -0.20593 0.1088 -0.17471 0.2437 -0.33898 0.71365 -0.39602 -0.57256 0.83797 -0.91127 0.93907 -0.75564 -0.069524 0.96599 -0.20701 -0.98165 -0.16425 0.85575 0.89373 0.38465 -0.14971 -0.60446 -0.94825 -0.92945 -0.4527 0.24799 0.83398 0.98605 0.75197 0.32549 -0.12361 -0.48055 -0.68716 -0.79985 -0.90978 -0.97887 -0.98161 -0.9462 -0.85091 -0.78609 -0.58716 0.045703 0.59426 0.69606 0.65515
0.10171 -0.077452 0.056923 0.10485 0.07285 0.044265 -0.037638 0.39845 0.17831 0.21588 -0.7542 -0.059216 0.49841 -0.72833 0.7942 -0.3776 -0.50742 0.93392 0.21027 -0.94563 -0.5244 0.61021 0.99362 0.67194 0.17777 -0.32704 -0.81 -0.99408 -0.68373 -0.023516 0.6621 0.98223 0.8895 0.54226 0.11107 -0.26923 -0.51035 -0.65354 -0.80597 -0.92758 -0.98658 -0.98464 -0.93357 -0.88637 -0.72482 -0.13412 0.44484 0.56323 0.5188
-0.0922 0.090433 -0.045301 -0.0088023 0.2255 -0.094931 0.11661 0.22479 0.55618 -0.3894 -0.7479 0.4666 -0.0094841 -0.32475 0.4365 0.084691 -0.82828 0.7213 0.58356 -0.75957 -0.80231 0.2875 0.97027 0.87871 0.48137 -0.022438 -0.60097 -0.97409 -0.85726 -0.28889 0.44722 0.91459 0.97029 0.72416 0.33589 -0.047387 -0.31133 -0.47912 -0.66811 -0.83798 -0.95179 -0.98465 -0.98065 -0.95395 -0.83592 -0.30669 0.28414 0.41591 0.36993
0.042289 -0.080001 -0.0055644 -0.074709 0.0064471 -0.12151 0.13397 -0.11091 0.5586 -0.77558 -0.40078 0.79756 -0.50362 0.1676 -0.029128 0.51901 -0.97087 0.37706 0.85158 -0.45963 -0.96285 -0.066915 0.83248 0.98621 0.73146 0.27936 -0.34292 -0.87523 -0.96286 -0.52943 0.20591 0.79054 0.9923 0.86263 0.53933 0.17327 -0.10073 -0.2859 -0.50383 -0.71562 -0.88054 -0.94812 -0.9922 -0.98809 -0.91809 -0.46694 0.11759 0.25908 0.21332
-0.010781 0.045771 0.025986 0.0083758 -0.21762 0.010359 0.021599 -0.34055 0.20982 -0.75585 0.11431 0.81825 -0.8216 0.60196 -0.47871 0.82858 -0.91517 -0.029705 0.97541 -0.096189 -0.98986 -0.40721 0.60164 0.98789 0.90612 0.55103 -0.060106 -0.70915 -0.99601 -0.72967 -0.044864 0.62039 0.95709 0.95224 0.71195 0.38201 0.11114 -0.083306 -0.32128 -0.56698 -0.77731 -0.87816 -0.96956 -0.98931 -0.97015 -0.61058 -0.049685 0.097611 0.053549
-0.0037314 0.0014742 -0.0014223 0.047292 -0.1005 0.14261 -0.09247 -0.30706 -0.25322 -0.36112 0.56736 0.53763 -0.87093 0.85987 -0.80228 0.95182 -0.6818 -0.42436 0.94235 0.2751 -0.88623 -0.69293 0.30789 0.88865 0.9924 0.77008 0.22312 -0.49178 -0.95782 -0.87815 -0.28886 0.41645 0.8694 0.99061 0.84662 0.56956 0.31472 0.11959 -0.12875 -0.39906 -0.64744 -0.77882 -0.91513 -0.95913 -0.99194 -0.73419 -0.2129 -0.063896 -0.10504
0.030236 -0.041262 -0.012812 0.0026558 0.16233 0.11144 -0.10345 -0.059798 -0.54878 0.19906 0.77398 0.071816 -0.65024 0.88048 -0.92896 0.8718 -0.32362 -0.74027 0.76511 0.60191 -0.67149 -0.89327 -0.014152 0.70317 0.98659 0.92036 0.48428 -0.24165 -0.85435 -0.96769 -0.51154 0.19201 0.73646 0.97823 0.93866 0.72836 0.50158 0.31443 0.06574 -0.21904 -0.49684 -0.65489 -0.83221 -0.90002 -0.98426 -0.83518 -0.3678 -0.22119 -0.25852
-0.066137 0.052493 -0.013706 -0.021944 0.1799 -0.054202 -0.020215 0.21084 -0.51877 0.65468 0.66495 -0.40845 -0.23953 0.67035 -0.83924 0.61481 0.08766 -0.92912 0.47702 0.84207 -0.37749 -0.98961 -0.32962 0.45335 0.89357 0.99274 0.70436 0.021778 -0.69562 -0.99548 -0.70079 -0.039497 0.56737 0.91813 0.98579 0.85274 0.66467 0.49381 0.25473 -0.034014 -0.33166 -0.51162 -0.72475 -0.81512 -0.94874 -0.91187 -0.51066 -0.37048 -0.40336
0.086941 -0.027284 0.028099 -0.015371 -0.055621 -0.16925 0.066249 0.32272 -0.20202 0.80497 0.3003 -0.74164 0.23226 0.29442 -0.56381 0.24047 0.47646 -0.96683 0.12497 0.96821 -0.043176 -0.97631 -0.60701 0.16546 0.72546 0.98509 0.86895 0.27961 -0.49451 -0.96272 -0.84738 -0.26531 0.3724 0.81541 0.98799 0.93899 0.79848 0.65153 0.43153 0.14932 -0.15812 -0.35448 -0.59719 -0.70812 -0.88768 -0.96334 -0.63839 -0.50846 -0.53655
-0.083727 -0.019027 0.015122 -0.0043153 -0.20368 -0.10434 0.079705 0.21946 0.21116 0.59956 -0.16821 -0.82737 0.62928 -0.14658 -0.17146 -0.17357 0.77698 -0.85477 -0.23875 0.96968 0.29078 -0.85992 -0.82103 -0.1328 0.49976 0.90175 0.96878 0.51479 -0.26565 -0.87419 -0.9452 -0.47396 0.1623 0.67683 0.94726 0.98531 0.89911 0.78272 0.59043 0.32483 0.017799 -0.18897 -0.45421 -0.58307 -0.80393 -0.98943 -0.74854 -0.63237 -0.65559
0.070343 0.052496 -0.052843 0.021957 -0.074686 0.075324 0.021628 -0.012899 0.49803 0.14379 -0.56348 -0.65154 0.84705 -0.54428 0.24976 -0.54824 0.94332 -0.61678 -0.56432 0.85214 0.5869 -0.65723 -0.95437 -0.41491 0.23737 0.75247 0.99991 0.71307 -0.024225 -0.73749 -0.99128 -0.65572 -0.052236 0.51026 0.86732 0.9917 0.96426 0.88385 0.72678 0.48712 0.19048 -0.020413 -0.30063 -0.44422 -0.70073 -0.99069 -0.83927 -0.74 -0.75849
-0.063966 -0.043005 0.0037312 0.032446 0.1424 0.18542 -0.045398 -0.22042 0.52144 -0.36177 -0.74933 -0.28129 0.83699 -0.80892 0.61271 -0.81771 0.95492 -0.29335 -0.81075 0.63514 0.8147 -0.39243 -0.99854 -0.65777 -0.039492 0.55111 0.96338 0.86366 0.21494 -0.56242 -0.9856 -0.80295 -0.26114 0.32422 0.75326 0.95974 0.99316 0.95276 0.83707 0.63164 0.35482 0.14617 -0.14117 -0.29589 -0.58159 -0.96822 -0.90935 -0.8297 -0.84377
0.069537 -0.0083383 0.068187 -0.015163 0.16849 0.11458 -0.062158 -0.28337 0.28758 -0.71242 -0.67325 0.16391 0.61304 -0.88771 0.84856 -0.93976 0.81722 0.066004 -0.95036 0.34839 0.9533 -0.09397 -0.95371 -0.84327 -0.30918 0.31423 0.86468 0.95953 0.4383 -0.36007 -0.93081 -0.91027 -0.45534 0.12745 0.61118 0.89238 0.98642 0.98857 0.91892 0.75475 0.5064 0.30618 0.019609 -0.14232 -0.45018 -0.92363 -0.95815 -0.90033 -0.91047
-0.08049 0.061651 -0.031057 -0.058264 -0.010754 -0.069556 -0.021699 -0.18042 -0.074453 -0.7798 -0.37485 0.55258 0.24144 -0.77255 0.91824 -0.90054 0.55804 0.41057 -0.97082 0.02722 0.9926 0.20866 -0.82777 -0.95928 -0.55218 0.059592 0.71289 0.99749 0.63419 -0.14221 -0.8318 -0.97456 -0.62712 -0.071542 0.44784 0.79371 0.94591 0.9916 0.97105 0.85374 0.64146 0.45559 0.17748 0.012439 -0.31017 -0.85896 -0.98557 -0.95129 -0.95808
0.08773 -0.066736 -0.070363 -0.0098519 -0.1644 -0.19383 0.033701 0.014359 -0.38796 -0.55255 0.037242 0.77946 -0.18091 -0.49708 0.81667 -0.71404 0.22116 0.69541 -0.87514 -0.29188 0.93321 0.48779 -0.63492 -1 -0.75239 -0.19516 0.51975 0.97797 0.79334 0.079522 -0.69526 -0.99491 -0.77028 -0.26478 0.2703 0.66862 0.87449 0.96324 0.99322 0.92682 0.75701 0.59091 0.32859 0.1646 -0.1652 -0.77653 -0.99199 -0.9824 -0.98653
-0.086203 0.011251 0.055043 0.071213 -0.11891 -0.14498 0.054694 0.1865 -0.51478 -0.12824 0.42744 0.79148 -0.55272 -0.12532 0.57019 -0.41685 -0.14175 0.88666 -0.6797 -0.57535 0.78531 0.71987 -0.39377 -0.96575 -0.89788 -0.43368 0.29863 0.90462 0.90909 0.29412 -0.5291 -0.97238 -0.88028 -0.44509 0.085663 0.5226 0.77588 0.90576 0.9861 0.97311 0.85084 0.70933 0.46955 0.31072 -0.018723 -0.67892 -0.97822 -0.99396 -0.99614
0.075869 0.057544 0.065038 0.050781 0.054514 0.032678 0.025747 0.24819 -0.41176 0.33294 0.6779 0.59629 -0.79202 0.26438 0.22862 -0.060122 -0.47922 0.96475 -0.41102 -0.7958 0.56666 0.88717 -0.12543 -0.86235 -0.98131 -0.64185 0.063581 0.78379 0.97753 0.49175 -0.34204 -0.90984 -0.95424 -0.60634 -0.099267 0.36145 0.65441 0.82219 0.95122 0.99253 0.92147 0.80865 0.59747 0.44775 0.126 -0.56883 -0.94543 -0.98661 -0.98756
-0.059228 -0.071513 -0.070339 -0.057334 0.15444 0.18538 -0.026505 0.17952 -0.13794 0.6703 0.72188 0.25389 -0.85246 0.59611 -0.1457 0.29975 -0.74702 0.92531 -0.10173 -0.93416 0.30021 0.9787 0.14845 -0.70013 -1 -0.80843 -0.17158 0.6239 0.99739 0.66407 -0.14306 -0.81158 -0.99094 -0.74353 -0.27815 0.19105 0.51482 0.7161 0.89074 0.98575 0.96814 0.88732 0.70997 0.57307 0.266 -0.44904 -0.8951 -0.96131 -0.96176
0.03866 0.013914 -0.05915 -0.092911 0.083939 0.18628 -0.058318 0.028112 0.18221 0.77697 0.55765 -0.14384 -0.7297 0.81056 -0.48966 0.61007 -0.91333 0.77823 0.21354 -0.98073 0.011488 0.99041 0.40735 -0.49273 -0.9556 -0.92547 -0.39403 0.43481 0.96984 0.8045 0.058984 -0.68302 -0.99062 -0.85291 -0.44532 0.017172 0.36206 0.5915 0.80743 0.9541 0.99076 0.94442 0.80522 0.68452 0.39861 -0.32232 -0.82894 -0.91932 -0.91993
-0.015544 0.053632 0.076331 0.0086121 -0.065117 0.037114 -0.043699 -0.12453 0.417 0.62937 0.24202 -0.49877 -0.45801 0.8743 -0.74966 0.82906 -0.96158 0.54506 0.50206 -0.93519 -0.27389 0.92489 0.63332 -0.25586 -0.85357 -0.98849 -0.59253 0.22711 0.89821 0.90837 0.25575 -0.53042 -0.95491 -0.93196 -0.59589 -0.15474 0.20113 0.45261 0.70446 0.89943 0.98983 0.97957 0.8819 0.78039 0.52153 -0.19139 -0.74885 -0.86209 -0.86348
-0.0092786 -0.055232 0.056961 0.1094 -0.13499 -0.14218 0.0074584 -0.20695 0.48032 0.28628 -0.13145 -0.73032 -0.099284 0.78309 -0.88917 0.93065 -0.89109 0.25538 0.73615 -0.80572 -0.53241 0.79046 0.81203 -0.006043 -0.70248 -0.99631 -0.75792 0.011578 0.78763 0.97287 0.43969 -0.36045 -0.88659 -0.97937 -0.72588 -0.31966 0.036895 0.30375 0.58528 0.82407 0.96639 0.99295 0.9392 0.85942 0.63279 -0.058854 -0.65685 -0.79126 -0.79396
0.034321 -0.0068472 -0.073884 0.063599 -0.067958 -0.21426 0.058477 -0.18924 0.3593 -0.13776 -0.46132 -0.79209 0.27203 0.5597 -0.8926 0.90647 -0.7155 -0.057205 0.89544 -0.60738 -0.74446 0.60001 0.93341 0.24056 -0.51316 -0.9509 -0.88337 -0.20143 0.64457 0.99705 0.60431 -0.18001 -0.78937 -0.99497 -0.83221 -0.47316 -0.12602 0.14922 0.45353 0.73067 0.92194 0.98521 0.97678 0.92078 0.73081 0.07284 -0.55504 -0.70858 -0.71305
-0.05644 0.050157 -0.059371 -0.074165 0.055101 -0.1283 0.072686 -0.090048 0.11061 -0.51246 -0.66532 -0.67875 0.58459 0.24739 -0.76556 0.76522 -0.4598 -0.35906 0.96815 -0.36013 -0.89543 0.36957 0.99192 0.46912 -0.29788 -0.85688 -0.96448 -0.40237 0.47646 0.98169 0.7443 0.0041401 -0.66769 -0.97963 -0.91276 -0.61143 -0.28334 -0.0068575 0.31291 0.62213 0.85832 0.95741 0.99473 0.96406 0.81438 0.20143 -0.44555 -0.6159 -0.62247
0.070704 -0.019519 0.063604 -0.12169 0.11386 0.049694 0.038141 0.039092 -0.16818 -0.73154 -0.69914 -0.42296 0.78326 -0.099285 -0.53195 0.52985 -0.15634 -0.62002 0.95133 -0.086667 -0.97649 0.11686 0.98649 0.66692 -0.069471 -0.72106 -0.99932 -0.58294 0.29128 0.92903 0.85565 0.18558 -0.52648 -0.93512 -0.96629 -0.73136 -0.43125 -0.16059 0.16705 0.50149 0.7777 0.91096 0.99353 0.98923 0.88262 0.32486 -0.33047 -0.51507 -0.524
-0.071553 -0.034256 0.064407 -0.013216 0.064909 0.19259 -0.025365 0.14087 -0.37774 -0.74052 -0.56329 -0.084729 0.83755 -0.42426 -0.22883 0.23337 0.15955 -0.81612 0.8503 0.18977 -0.98461 -0.14007 0.92015 0.82392 0.15939 -0.5519 -0.98822 -0.73626 0.097132 0.84261 0.93562 0.35842 -0.37098 -0.86397 -0.99247 -0.83054 -0.56646 -0.30843 0.019493 0.37187 0.68244 0.84755 0.97401 0.99659 0.935 0.44133 -0.21187 -0.40798 -0.41941
0.055143 0.027181 -0.045903 0.11688 -0.033514 0.20423 -0.079539 0.1769 -0.4513 -0.54671 -0.29838 0.26368 0.74461 -0.67884 0.099977 -0.086218 0.45367 -0.93135 0.6774 0.44731 -0.92228 -0.38419 0.79945 0.93307 0.3769 -0.35885 -0.93361 -0.85712 -0.098069 0.72699 0.98281 0.51746 -0.20648 -0.76932 -0.9917 -0.90731 -0.68618 -0.44719 -0.12646 0.23636 0.57506 0.76909 0.93728 0.98675 0.97131 0.54924 -0.091709 -0.29646 -0.31043
-0.022263 0.026942 -0.067944 0.10795 -0.090558 0.081107 -0.091137 0.14031 -0.37323 -0.21111 0.028408 0.55331 0.52699 -0.82835 0.41034 -0.39084 0.69644 -0.95838 0.45021 0.66706 -0.7968 -0.60043 0.63376 0.99046 0.57263 -0.1519 -0.83964 -0.94198 -0.28691 0.58745 0.99699 0.6583 -0.038217 -0.65479 -0.96514 -0.96066 -0.78824 -0.57414 -0.26775 0.097948 0.45815 0.67766 0.88472 0.9606 0.99162 0.64728 0.028146 -0.1823 -0.19876
-0.019411 -0.033878 0.022256 -0.030107 -0.065695 -0.093033 -0.05116 0.053467 -0.17833 0.17272 0.34119 0.73158 0.22637 -0.85585 0.66359 -0.64678 0.86558 -0.89849 0.18961 0.83425 -0.61931 -0.77651 0.43438 0.9952 0.73794 0.059031 -0.71188 -0.98899 -0.46273 0.42979 0.97907 0.77741 0.12885 -0.52429 -0.91451 -0.99028 -0.87101 -0.68698 -0.40164 -0.040492 0.33431 0.57546 0.81787 0.91923 0.99628 0.73437 0.14597 -0.067208 -0.085991
0.055892 -0.023536 0.064937 -0.13579 0.007495 -0.20737 0.020677 -0.045222 0.064903 0.50577 0.57291 0.77056 -0.10508 -0.76286 0.83086 -0.82802 0.94761 -0.76059 -0.082246 0.93896 -0.40366 -0.90345 0.21377 0.9492 0.86623 0.26451 -0.55695 -0.9979 -0.61978 0.26002 0.93092 0.87215 0.2901 -0.3819 -0.84206 -0.99642 -0.93342 -0.78389 -0.52571 -0.17629 0.20609 0.4647 0.73845 0.86394 0.98584 0.80966 0.26017 0.047222 0.026347
-0.071333 0.045043 0.0032598 -0.089479 0.063094 -0.19443 0.0873 -0.11826 0.27921 0.70855 0.67874 0.66968 -0.41407 -0.56741 0.89572 -0.91837 0.93834 -0.55974 -0.34384 0.97642 -0.16526 -0.97581 -0.015281 0.85681 0.95311 0.45597 -0.38212 -0.96994 -0.75338 0.084142 0.85523 0.94079 0.44141 -0.23175 -0.75042 -0.9799 -0.97494 -0.86352 -0.63792 -0.30702 0.075966 0.34763 0.64825 0.79614 0.96108 0.87257 0.36933 0.1595 0.13685
0.055967 0.01635 -0.051673 0.055189 0.06157 -0.066715 0.11406 -0.14262 0.40275 0.73851 0.6432 0.45319 -0.65448 -0.29997 0.85495 -0.91225 0.84244 -0.31531 -0.57588 0.9468 0.080076 -0.99167 -0.2404 0.7244 0.99635 0.626 -0.19494 -0.90758 -0.85994 -0.092018 0.75538 0.98245 0.57918 -0.077893 -0.64254 -0.942 -0.99554 -0.92495 -0.7366 -0.4305 -0.053725 0.22644 0.54914 0.71738 0.92294 0.92271 0.4722 0.26828 0.24422
-0.013889 -0.056054 -0.023573 0.14069 0.014983 0.097547 0.086107 -0.11566 0.40547 0.59641 0.48034 0.16351 -0.7937 0.0016813 0.71766 -0.81432 0.67213 -0.048909 -0.76254 0.85481 0.31717 -0.95242 -0.45024 0.5598 0.99581 0.76859 -0.002983 -0.81441 -0.93707 -0.26303 0.6352 0.99709 0.70042 0.075793 -0.52153 -0.8844 -0.99561 -0.96771 -0.82046 -0.54482 -0.1808 0.10326 0.44302 0.62925 0.87249 0.95991 0.56768 0.37233 0.3473
-0.034915 -0.0049938 0.028866 0.079458 -0.033221 0.20454 0.015073 -0.052751 0.29416 0.32211 0.22807 -0.14767 -0.81608 0.29803 0.50317 -0.638 0.44544 0.21751 -0.89235 0.70892 0.53232 -0.86241 -0.63496 0.37188 0.95326 0.8792 0.18654 -0.69485 -0.98344 -0.42396 0.4989 0.98538 0.80276 0.22569 -0.39061 -0.8091 -0.97599 -0.99173 -0.88856 -0.64837 -0.30328 -0.019898 0.33175 0.5334 0.81091 0.98419 0.65485 0.47057 0.44504
0.062553 0.062399 0.030819 -0.061223 -0.047718 0.19806 -0.067242 0.020894 0.10649 -0.018044 -0.06151 -0.42884 -0.72359 0.55291 0.23788 -0.40341 0.18407 0.46345 -0.95857 0.52053 0.71404 -0.7284 -0.78661 0.16994 0.87212 0.95486 0.36695 -0.5539 -0.99885 -0.57052 0.35084 0.94868 0.88445 0.3685 -0.25302 -0.71834 -0.93782 -0.9973 -0.94033 -0.73984 -0.41938 -0.14114 0.21717 0.43148 0.73947 0.99576 0.73297 0.56207 0.53655
-0.050273 -0.0062323 -0.0038454 -0.13907 -0.025698 0.086413 -0.12403 0.08018 -0.10259 -0.34808 -0.33319 -0.63685 -0.53392 0.73762 -0.048194 -0.13481 -0.088804 0.67133 -0.95926 0.30288 0.85346 -0.55902 -0.89934 -0.036672 0.75718 0.99412 0.53234 -0.39699 -0.98404 -0.69911 0.19544 0.88887 0.94437 0.50132 -0.11193 -0.61455 -0.88256 -0.98505 -0.97551 -0.81821 -0.52752 -0.25875 0.10104 0.3251 0.65949 0.99497 0.80146 0.64604 0.62106
0.0043598 -0.063523 -0.021513 -0.081929 0.0084896 -0.067805 -0.12989 0.10828 -0.27722 -0.59938 -0.53903 -0.74294 -0.27656 0.83363 -0.32489 0.14201 -0.35057 0.8275 -0.897 0.070184 0.94464 -0.36412 -0.9695 -0.23902 0.61426 0.99696 0.67769 -0.22969 -0.94062 -0.80687 0.037031 0.80834 0.98199 0.62163 0.029618 -0.50027 -0.8119 -0.95587 -0.99416 -0.88273 -0.62639 -0.37114 -0.01497 0.21587 0.57233 0.98231 0.85989 0.72183 0.69792
0.042652 0.013188 -0.011289 0.049943 0.027461 -0.18462 -0.081341 0.1006 -0.37512 -0.72415 -0.64616 -0.73576 0.012115 0.83378 -0.56498 0.40224 -0.58098 0.92294 -0.77827 -0.16342 0.98463 -0.15418 -0.99562 -0.42892 0.44991 0.96472 0.799 -0.05755 -0.87096 -0.89169 -0.12027 0.70979 0.99733 0.72738 0.16876 -0.37807 -0.72771 -0.91094 -0.99662 -0.93294 -0.71487 -0.47694 -0.12929 0.1053 0.47934 0.95838 0.90797 0.78892 0.76662
-0.052483 0.061239 0.0020293 0.1321 0.021574 -0.20809 0.0026306 0.064178 -0.37674 -0.70309 -0.64101 -0.62137 0.29422 0.74205 -0.74663 0.6241 -0.76355 0.95343 -0.61272 -0.38462 0.97336 0.060244 -0.97826 -0.59923 0.27107 0.89984 0.8933 0.11409 -0.77801 -0.95225 -0.27262 0.59621 0.9909 0.81693 0.30287 -0.25053 -0.63199 -0.8516 -0.98347 -0.96863 -0.79209 -0.57494 -0.24048 -0.0051614 0.38186 0.92391 0.94559 0.84693 0.82677
0.012758 -0.013902 0.0074489 0.094374 0.0019506 -0.13127 0.089071 0.013585 -0.28755 -0.54655 -0.52976 -0.42084 0.53524 0.57215 -0.85501 0.79051 -0.88648 0.91948 -0.41226 -0.58168 0.91339 0.26908 -0.91983 -0.74401 0.084774 0.80576 0.95866 0.28023 -0.6652 -0.98791 -0.41656 0.47074 0.96368 0.88911 0.4296 -0.12013 -0.52682 -0.77938 -0.95551 -0.98982 -0.85738 -0.66412 -0.34724 -0.11416 0.28123 0.87968 0.97272 0.89561 0.8781
0.046417 -0.057247 0.011551 -0.023036 -0.012473 0.0050719 0.14457 -0.034709 -0.1341 -0.28986 -0.33542 -0.1658 0.70793 0.34515 -0.88306 0.89004 -0.9431 0.82583 -0.19015 -0.74489 0.80953 0.46314 -0.82433 -0.85873 -0.10211 0.68669 0.9942 0.43636 -0.5363 -0.99874 -0.54902 0.3366 0.91702 0.94315 0.54686 0.010699 -0.41431 -0.69589 -0.91373 -0.99678 -0.91032 -0.74365 -0.44839 -0.22045 0.17871 0.82656 0.98949 0.93481 0.92043
-0.072393 0.0083546 0.011126 -0.11568 -0.010984 0.13574 0.14796 -0.067468 0.044441 0.015496 -0.092552 0.10682 0.79492 0.0866 -0.8315 0.91739 -0.932 0.6808 0.039925 -0.86698 0.66845 0.63447 -0.69702 -0.94025 -0.28314 0.54736 1 0.57853 -0.39525 -0.98541 -0.66743 0.19699 0.8526 0.97871 0.65289 0.13972 -0.29657 -0.60287 -0.85926 -0.98992 -0.95065 -0.81288 -0.54292 -0.32288 0.075511 0.76544 0.9961 0.96452 0.95372
0.037372 0.051819 -0.0041055 -0.10909 0.0020853 0.20274 0.09765 -0.077929 0.20651 0.31268 0.15919 0.36026 0.78986 -0.17641 -0.70803 0.87326 -0.85655 0.49542 0.26467 -0.94327 0.49815 0.77661 -0.5441 -0.98687 -0.45245 0.39288 0.977 0.70342 -0.24607 -0.94915 -0.76967 0.055048 0.77236 0.99581 0.74625 0.26483 -0.17567 -0.50207 -0.79336 -0.96988 -0.97833 -0.87133 -0.62995 -0.42045 -0.027202 0.69726 0.99289 0.98479 0.97798
0.029062 0.0021764 -0.024236 -0.015983 0.013026 0.18009 0.011223 -0.066582 0.31764 0.55007 0.3816 0.56272 0.69714 -0.41814 -0.52605 0.76378 -0.72436 0.28252 0.47193 -0.97169 0.30751 0.88473 -0.3724 -0.99825 -0.60494 0.2285 0.92693 0.8084 -0.092746 -0.89164 -0.85413 -0.086245 0.67843 0.99484 0.8258 0.38414 -0.05358 -0.39526 -0.71737 -0.9374 -0.99348 -0.9187 -0.70875 -0.51225 -0.12836 0.62299 0.98023 0.99579 0.99335
-0.06245 -0.043752 -0.021676 0.084042 0.010716 0.081914 -0.081559 -0.039757 0.35712 0.68965 0.54346 0.69096 0.53045 -0.61651 -0.30305 0.59959 -0.54633 0.055799 0.65126 -0.95267 0.10574 0.9557 -0.18905 -0.97532 -0.73639 0.059465 0.85217 0.89149 0.060889 -0.81498 -0.91969 -0.2241 0.57309 0.97649 0.89072 0.49598 0.067803 -0.28419 -0.63271 -0.89337 -0.99637 -0.95484 -0.77873 -0.59749 -0.22698 0.54359 0.95861 0.99776 1
0.029387 -0.015328 0.010394 0.11421 -0.0046398 -0.047305 -0.1495 -0.0068612 0.32101 0.71227 0.62445 0.73244 0.31051 -0.75492 -0.058788 0.39462 -0.33568 -0.17111 0.79433 -0.88887 -0.097996 0.9881 -0.0011505 -0.92011 -0.84347 -0.10919 0.75565 0.95143 0.21122 -0.72155 -0.96568 -0.35597 0.45868 0.94171 0.94048 0.59888 0.18672 -0.17057 -0.54081 -0.83877 -0.98742 -0.97974 -0.83945 -0.67552 -0.32215 0.46002 0.92856 0.99103 0.99821
0.030783 0.031204 0.039229 0.05819 -0.021862 -0.15375 -0.17037 0.022704 0.22113 0.61909 0.61694 0.6859 0.062227 -0.82326 0.18654 0.16486 -0.10689 -0.38537 0.89519 -0.78494 -0.29501 0.98209 0.18444 -0.83562 -0.92383 -0.27271 0.64069 0.9876 0.35493 -0.61396 -0.99191 -0.47958 0.33758 0.89168 0.97486 0.69162 0.30157 -0.056044 -0.44315 -0.77466 -0.96716 -0.99354 -0.89059 -0.74581 -0.41305 0.37321 0.89066 0.97595 0.9883
-0.045122 0.027465 0.027299 -0.035613 -0.027086 -0.19664 -0.1376 0.042033 0.081091 0.42962 0.52598 0.56047 -0.18819 -0.81831 0.41388 -0.072978 0.12535 -0.57567 0.95039 -0.64706 -0.47744 0.93933 0.36137 -0.72564 -0.97607 -0.42681 0.51091 1 0.48907 -0.49499 -0.99857 -0.59294 0.21213 0.82779 0.99386 0.77319 0.41087 0.057833 -0.34115 -0.70216 -0.93625 -0.99649 -0.93197 -0.80792 -0.49898 0.2841 0.84552 0.95298 0.97065
-0.0051801 -0.013076 -0.019403 -0.097388 -0.013722 -0.16281 -0.061559 0.048079 -0.069581 0.17711 0.36739 0.37375 -0.41602 -0.74338 0.60677 -0.30267 0.347 -0.73267 0.95896 -0.48255 -0.63848 0.86273 0.52397 -0.59451 -0.99971 -0.5677 0.37007 0.98921 0.61105 -0.36748 -0.98624 -0.69437 0.084638 0.75156 0.99777 0.84284 0.51335 0.16961 -0.23625 -0.62243 -0.89542 -0.98895 -0.96351 -0.86155 -0.5793 0.19356 0.79381 0.92258 0.94567
0.054183 -0.033769 -0.051925 -0.087799 0.012617 -0.069077 0.034533 0.04173 -0.20172 -0.097796 0.16473 0.14901 -0.60026 -0.60749 0.75231 -0.5095 0.54554 -0.84935 0.92219 -0.29948 -0.77259 0.75627 0.66738 -0.44701 -0.9951 -0.69216 0.22201 0.95632 0.71872 -0.23425 -0.95585 -0.78254 -0.042718 0.66464 0.98706 0.9 0.60788 0.27794 -0.1298 -0.53664 -0.84546 -0.97137 -0.98526 -0.90648 -0.65347 0.10245 0.7362 0.88527 0.91383
-0.030885 -0.0092776 -0.03146 -0.020682 0.037112 0.046934 0.12221 0.026859 -0.29195 -0.35369 -0.054409 -0.087785 -0.72539 -0.42414 0.84182 -0.68114 0.71049 -0.92124 0.84345 -0.10621 -0.87561 0.62477 0.78767 -0.2881 -0.9634 -0.79761 0.070498 0.90283 0.81037 -0.098125 -0.90859 -0.85639 -0.16788 0.56873 0.96242 0.94435 0.69352 0.38162 -0.02311 -0.44597 -0.78725 -0.9443 -0.99734 -0.94261 -0.72106 0.011556 0.67336 0.84159 0.87562
-0.041112 0.029332 0.02542 0.053821 0.044471 0.14243 0.17633 0.0087759 -0.3264 -0.55453 -0.26226 -0.31109 -0.7823 -0.20981 0.87113 -0.80821 0.83392 -0.94637 0.72781 0.088973 -0.94481 0.47363 0.88189 -0.12281 -0.90642 -0.8821 -0.080824 0.83065 0.88471 0.038231 -0.8459 -0.91519 -0.28895 0.46558 0.92468 0.97573 0.76949 0.47955 0.08258 -0.35159 -0.72167 -0.90834 -1 -0.96992 -0.78171 -0.078356 0.606 0.79211 0.83154
0.06472 0.030754 0.06147 0.087348 0.028002 0.18512 0.182 -0.0073998 -0.30221 -0.67432 -0.43428 -0.49839 -0.76858 0.017586 0.84051 -0.88462 0.91066 -0.92522 0.58172 0.27818 -0.97888 0.30861 0.94807 0.043962 -0.82655 -0.94431 -0.22854 0.74196 0.94089 0.17228 -0.76943 -0.95853 -0.40419 0.35696 0.87483 0.99421 0.83519 0.57078 0.18612 -0.25464 -0.64966 -0.86416 -0.99353 -0.98848 -0.83515 -0.16659 0.5348 0.7374 0.78212
-0.0021163 -0.011694 0.037967 0.063879 -0.0061942 0.16332 0.13815 -0.01801 -0.22693 -0.69984 -0.55179 -0.63225 -0.68822 0.24023 0.75425 -0.90772 0.93833 -0.86047 0.41255 0.45423 -0.97785 0.13558 0.98522 0.20754 -0.72664 -0.98356 -0.36951 0.63916 0.97846 0.30168 -0.68094 -0.98624 -0.51209 0.24459 0.81396 1 0.89019 0.65451 0.28646 -0.15621 -0.57217 -0.81246 -0.97832 -0.99843 -0.88117 -0.25249 0.46044 0.67805 0.7279
-0.062091 -0.042872 -0.024847 0.0046609 -0.042024 0.087929 0.057 -0.021534 -0.1162 -0.63141 -0.60367 -0.70165 -0.55067 0.44173 0.62006 -0.8781 0.91727 -0.75671 0.22825 0.61087 -0.94301 -0.039657 0.99327 0.36361 -0.6099 -0.99974 -0.50093 0.52483 0.99737 0.4243 -0.58234 -0.99844 -0.61131 0.13019 0.74327 0.99347 0.93421 0.73005 0.38264 -0.057359 -0.49013 -0.75398 -0.95481 -1 -0.91968 -0.33548 0.38359 0.61465 0.66942
0.036911 -0.015867 -0.067327 -0.050711 -0.061468 -0.013417 -0.039885 -0.018595 0.0097124 -0.48167 -0.58693 -0.70252 -0.36959 0.60827 0.44829 -0.79935 0.8503 -0.62004 0.036911 0.74295 -0.87673 -0.21157 0.97301 0.50833 -0.47975 -0.99329 -0.62036 0.40161 0.99791 0.53828 -0.47556 -0.99548 -0.70071 0.015359 0.66399 0.97512 0.96713 0.79686 0.47379 0.040911 -0.40448 -0.6895 -0.92349 -0.99346 -0.95062 -0.41503 0.30489 0.54778 0.60723
0.036638 0.037107 -0.048486 -0.070863 -0.05359 -0.1069 -0.12769 -0.011436 0.12964 -0.27294 -0.50638 -0.63751 -0.1614 0.72932 0.25103 -0.67762 0.74238 -0.4577 -0.15353 0.84652 -0.78232 -0.37504 0.926 0.63835 -0.33978 -0.96512 -0.72575 0.27219 0.98072 0.64198 -0.36259 -0.97794 -0.7794 -0.098354 0.57743 0.94559 0.98896 0.85452 0.55916 0.13767 -0.31615 -0.61979 -0.88489 -0.97913 -0.97401 -0.49065 0.22498 0.47803 0.54187
-0.044031 0.042547 0.015466 -0.049461 -0.019985 -0.16383 -0.18477 -0.003064 0.22504 -0.033574 -0.37338 -0.51524 0.056305 0.79821 0.041255 -0.52103 0.60016 -0.27763 -0.33565 0.9189 -0.66381 -0.52551 0.85444 0.75091 -0.19359 -0.91661 -0.81547 0.1392 0.9467 0.73406 -0.24537 -0.94657 -0.84665 -0.20951 0.48489 0.9056 0.99983 0.90274 0.63809 0.23204 -0.22601 -0.54563 -0.83959 -0.95741 -0.98994 -0.56194 0.14446 0.40596 0.47386
-0.020295 -0.011089 0.067328 -0.004363 0.02578 -0.16894 -0.19773 0.0036526 0.28258 0.20602 -0.20411 -0.34897 0.26626 0.81221 -0.16809 -0.33908 0.43158 -0.0881 -0.50277 0.95865 -0.52581 -0.65906 0.76109 0.84383 -0.044701 -0.84947 -0.88829 0.0052006 0.89701 0.81343 -0.12584 -0.90228 -0.90196 -0.3168 0.38768 0.85596 1 0.94135 0.71004 0.32323 -0.13495 -0.46781 -0.78817 -0.92872 -0.99854 -0.62854 0.063891 0.33213 0.40372
0.04179 -0.052936 0.061496 0.036735 0.064203 -0.12375 -0.16417 0.0067235 0.29572 0.41726 -0.017422 -0.15501 0.45282 0.77242 -0.36483 -0.14207 0.24532 0.10272 -0.64914 0.96555 -0.37326 -0.77247 0.64913 0.91556 0.10346 -0.76573 -0.94339 -0.12736 0.83303 0.87928 -0.0058195 -0.84613 -0.945 -0.41902 0.28711 0.79754 0.98984 0.97029 0.77455 0.41054 -0.043762 -0.38708 -0.73126 -0.8935 -1 -0.69014 -0.016183 0.25706 0.33197
0.01782 -0.025686 0.0033608 0.053208 0.07839 -0.044354 -0.092586 0.0054527 0.26501 0.57659 0.16727 0.048896 0.60303 0.6834 -0.53823 0.059537 0.050402 0.28706 -0.77015 0.94051 -0.21128 -0.86331 0.52204 0.96513 0.24771 -0.66763 -0.98033 -0.25622 0.75628 0.93105 0.11293 -0.77929 -0.97564 -0.51511 0.18443 0.73129 0.96979 0.98961 0.83129 0.4933 0.046762 -0.30421 -0.66947 -0.85224 -0.99455 -0.74648 -0.095256 0.18127 0.25908
-0.047418 0.036039 -0.057718 0.041052 0.061254 0.04458 0.0002535 0.00048541 0.19732 0.66782 0.33197 0.24527 0.70735 0.55258 -0.67947 0.25563 -0.1443 0.45785 -0.86232 0.88543 -0.044982 -0.92986 0.38351 0.99214 0.3851 -0.5576 -0.99904 -0.37929 0.66842 0.96843 0.22878 -0.703 -0.99391 -0.60413 0.080874 0.65816 0.9404 0.99944 0.87999 0.57095 0.1359 -0.21992 -0.60345 -0.80544 -0.98246 -0.79739 -0.17286 0.10526 0.18553
-0.015365 0.052511 -0.071846 0.011522 0.018404 0.11769 0.093517 -0.0064767 0.10425 0.68336 0.46179 0.4183 0.76011 0.38959 -0.78201 0.43696 -0.33041 0.60894 -0.92343 0.80308 0.12067 -0.97118 0.2373 0.99676 0.51302 -0.43816 -0.99981 -0.4947 0.5712 0.99136 0.34022 -0.61856 -1 -0.68529 -0.022407 0.57915 0.90226 1 0.92048 0.64302 0.22298 -0.1349 -0.53381 -0.75362 -0.96403 -0.84269 -0.24855 0.029469 0.11176
0.058294 0.0035069 -0.029099 -0.017915 -0.034225 0.15599 0.16711 -0.013183 4.899e-05 0.62436 0.54602 0.55502 0.75955 0.20543 -0.84178 0.59548 -0.50038 0.73531 -0.95244 0.69693 0.28101 -0.98706 0.087143 0.97961 0.62917 -0.31187 -0.9832 -0.60082 0.46641 1 0.44591 -0.52733 -0.99424 -0.75794 -0.12431 0.49524 0.85603 0.9916 0.9527 0.70908 0.30737 -0.049822 -0.46118 -0.6973 -0.9396 -0.8823 -0.32194 -0.045649 0.038191
0.0059502 -0.048958 0.035324 -0.033729 -0.076741 0.15135 0.20589 -0.017427 -0.10059 0.4999 0.57886 0.64611 0.7077 0.011784 -0.85717 0.72469 -0.64778 0.8331 -0.94947 0.57102 0.43178 -0.97794 -0.063332 0.94181 0.73164 -0.18129 -0.95009 -0.69625 0.35589 0.99469 0.54464 -0.43065 -0.9771 -0.82155 -0.22382 0.40743 0.80241 0.97462 0.97663 0.7688 0.38853 0.034681 -0.38618 -0.637 -0.90952 -0.91616 -0.39267 -0.11969 -0.034774
-0.064465 -0.042037 0.071644 -0.032014 -0.092938 0.10759 0.20253 -0.017578 -0.18457 0.32538 0.55948 0.68632 0.60986 -0.17982 -0.82895 0.81976 -0.76744 0.89976 -0.9157 0.42973 0.56922 -0.94488 -0.21069 0.88481 0.81889 -0.04892 -0.90158 -0.77986 0.24144 0.97596 0.63536 -0.32988 -0.94913 -0.87574 -0.32 0.31671 0.74214 0.94947 0.99235 0.82191 0.46592 0.11802 -0.3094 -0.57327 -0.87417 -0.94424 -0.4604 -0.19227 -0.10676
0.0053238 0.012829 0.054255 -0.017904 -0.076248 0.038277 0.15853 -0.012956 -0.24191 0.12046 0.49171 0.67458 0.47407 -0.35862 -0.76005 0.87767 -0.85558 0.93398 -0.85322 0.27768 0.69014 -0.88946 -0.35174 0.81043 0.88977 0.082849 -0.83896 -0.85075 0.12482 0.94451 0.71719 -0.22635 -0.91102 -0.92023 -0.41199 0.22402 0.67597 0.91664 1 0.86822 0.53912 0.19964 -0.23141 -0.50662 -0.83393 -0.96657 -0.52485 -0.26305 -0.17742
0.062171 0.050322 -0.0014386 -0.00064198 -0.031898 -0.037684 0.083348 -0.0039744 -0.2668 -0.093316 0.38332 0.61372 0.31033 -0.51516 -0.65522 0.8972 -0.90988 0.93564 -0.76496 0.11955 0.79194 -0.81375 -0.48362 0.72073 0.94347 0.21176 -0.7637 -0.90827 0.0077458 0.90115 0.78941 -0.12135 -0.8635 -0.95488 -0.49903 0.1303 0.60469 0.87667 0.99978 0.90759 0.60771 0.27903 -0.15277 -0.43757 -0.78922 -0.98321 -0.58577 -0.33169 -0.24644
-0.010503 0.030854 -0.053831 0.012019 0.025219 -0.10129 -0.0079154 0.0079523 -0.25791 -0.29475 0.24504 0.50995 0.12981 -0.64175 -0.5207 0.8788 -0.92942 0.90578 -0.65446 -0.040081 0.87268 -0.72016 -0.60383 0.61798 0.9796 0.33573 -0.6774 -0.95201 -0.10817 0.84685 0.85146 -0.01612 -0.80739 -0.97967 -0.58043 0.036415 0.52906 0.83009 0.99195 0.93996 0.67138 0.35574 -0.074018 -0.36663 -0.74045 -0.99424 -0.64293 -0.39792 -0.31351
-0.054801 -0.019371 -0.066937 0.017008 0.075942 -0.13805 -0.09775 0.020695 -0.21814 -0.46504 0.089398 0.37217 -0.055916 -0.73273 -0.36377 0.82453 -0.91464 0.84644 -0.52576 -0.19681 0.93105 -0.61138 -0.71022 0.50456 0.99807 0.45287 -0.58173 -0.9818 -0.2214 0.78262 0.90294 0.088156 -0.74355 -0.99465 -0.65563 -0.056781 0.44988 0.77751 0.97681 0.96532 0.72982 0.42933 0.0043526 -0.29429 -0.68802 -0.99979 -0.69616 -0.46146 -0.37837
0.0061716 -0.045415 -0.034625 0.015752 0.1034 -0.14103 -0.16965 0.031827 -0.15387 -0.58942 -0.070424 0.21111 -0.23562 -0.78463 -0.19235 0.73777 -0.86721 0.7605 -0.38323 -0.34658 0.96634 -0.49035 -0.80107 0.38296 0.99912 0.56151 -0.47844 -0.99765 -0.33056 0.70958 0.94358 0.19038 -0.67289 -1 -0.72413 -0.1485 0.3679 0.71951 0.95471 0.98371 0.78282 0.49943 0.081865 -0.22102 -0.63235 -1 -0.74529 -0.52209 -0.44078
0.046958 -0.024391 0.018407 0.011676 0.098491 -0.11167 -0.21104 0.039086 -0.0739 -0.65815 -0.22172 0.038492 -0.39906 -0.79617 -0.014575 0.62303 -0.78987 0.65157 -0.23141 -0.4857 0.97848 -0.36007 -0.87508 0.25569 0.9833 0.66019 -0.36929 -0.99979 -0.43436 0.62889 0.97327 0.28952 -0.59633 -0.99597 -0.78553 -0.23802 0.28387 0.65674 0.92603 0.99522 0.83019 0.56571 0.15808 -0.14727 -0.57386 -0.99504 -0.79021 -0.57959 -0.50051
0.0062325 0.017349 0.056328 0.0074452 0.062511 -0.058625 -0.2153 0.04078 0.011803 -0.66707 -0.35319 -0.1339 -0.5375 -0.76816 0.16157 0.48569 -0.6863 0.52378 -0.074858 -0.61099 0.96792 -0.22361 -0.93131 0.12521 0.9514 0.74771 -0.25604 -0.98863 -0.53167 0.54175 0.99203 0.38465 -0.51481 -0.98291 -0.8395 -0.32465 0.19854 0.58979 0.89118 1 0.8718 0.62787 0.23257 -0.073491 -0.51295 -0.98509 -0.83083 -0.63378 -0.55738
-0.04057 0.038479 0.056552 0.0036009 0.0064007 0.0049002 -0.18252 0.036094 0.093351 -0.61753 -0.45575 -0.29496 -0.6441 -0.70334 0.32862 0.33169 -0.56083 0.38162 0.081974 -0.71974 0.93563 -0.084024 -0.96928 -0.0060581 0.90446 0.82309 -0.14042 -0.96475 -0.62149 0.44936 1 0.47491 -0.42928 -0.9612 -0.88583 -0.40778 0.11259 0.5193 0.85061 0.99822 0.90758 0.68567 0.30498 -8.2894e-05 -0.45003 -0.97037 -0.86707 -0.68453 -0.61121
-0.02297 0.023488 0.022388 -0.00091997 -0.052975 0.064512 -0.11907 0.025233 0.16202 -0.51586 -0.52297 -0.43493 -0.71415 -0.60603 0.47988 0.16729 -0.41835 0.22978 0.23486 -0.80985 0.88302 0.055754 -0.98883 -0.13583 0.8437 0.8856 -0.024102 -0.92883 -0.70299 0.35293 0.99743 0.55957 -0.34067 -0.93132 -0.92436 -0.48686 0.026695 0.44589 0.80476 0.9901 0.93747 0.73889 0.37494 0.072562 -0.38548 -0.9511 -0.89891 -0.73169 -0.66187
0.034307 -0.0093295 -0.022281 -0.0071114 -0.098099 0.10785 -0.036142 0.0093893 0.21112 -0.37244 -0.55139 -0.54593 -0.74519 -0.48189 0.60967 -0.0011939 -0.26402 0.073019 0.3799 -0.87974 0.81188 0.19292 -0.99019 -0.26195 0.77051 0.93472 0.091322 -0.88172 -0.77544 0.25366 0.98469 0.63796 -0.24988 -0.89378 -0.95501 -0.56139 -0.058502 0.37017 0.75412 0.97589 0.96148 0.78738 0.44216 0.14408 -0.31969 -0.92751 -0.92633 -0.77517 -0.70922
0.04012 -0.030779 -0.050128 -0.014364 -0.11595 0.12698 0.052396 -0.0094308 0.2365 -0.20054 -0.5405 -0.62227 -0.73695 -0.33749 0.71349 -0.16765 -0.10313 -0.08405 0.51359 -0.92842 0.72431 0.32489 -0.9739 -0.38244 0.68639 0.97017 0.20435 -0.82435 -0.83831 0.1527 0.96221 0.70953 -0.15781 -0.84914 -0.97778 -0.63095 -0.14241 0.29273 0.69916 0.95587 0.97965 0.83099 0.50633 0.21413 -0.25303 -0.89985 -0.94934 -0.81488 -0.75318
-0.02535 -0.026186 -0.047014 -0.02011 -0.10156 0.11959 0.13239 -0.028713 0.23677 -0.015007 -0.49259 -0.66068 -0.69119 -0.17997 0.78813 -0.32633 0.059112 -0.23702 0.63293 -0.95544 0.62265 0.44927 -0.94081 -0.49553 0.59294 0.99189 0.31358 -0.75772 -0.89117 0.051193 0.93052 0.77382 -0.065319 -0.79799 -0.99274 -0.69516 -0.22446 0.21414 0.64037 0.93034 0.99205 0.86965 0.56722 0.2824 -0.18584 -0.86839 -0.96796 -0.85078 -0.79366
-0.054007 -0.0025641 -0.018286 -0.020899 -0.059008 0.088909 0.19162 -0.045796 0.21321 0.16903 -0.41233 -0.66028 -0.61151 -0.01666 0.83165 -0.47208 0.21772 -0.38184 0.73541 -0.96087 0.50943 0.56399 -0.89199 -0.59963 0.49184 1 0.41776 -0.68291 -0.93374 -0.049799 0.89021 0.83046 0.026787 -0.74095 -1 -0.75372 -0.30415 0.13497 0.57824 0.89962 0.99879 0.90327 0.6246 0.34861 -0.11848 -0.83337 -0.98227 -0.88283 -0.83059
0.011469 0.02131 0.017163 -0.014314 4.6454e-05 0.042457 0.2216 -0.058253 0.16938 0.33738 -0.30628 -0.62247 -0.50298 0.14523 0.84342 -0.60043 0.36807 -0.51487 0.81908 -0.94526 0.38729 0.66723 -0.82877 -0.69341 0.38477 0.99481 0.51572 -0.60104 -0.96588 -0.14926 0.84193 0.87917 0.11773 -0.67866 -0.99975 -0.80637 -0.381 0.055748 0.51325 0.86405 1 0.93185 0.6783 0.41248 -0.051261 -0.79507 -0.99231 -0.911 -0.86395
0.060949 0.029173 0.039494 -0.0006671 0.059869 -0.0098187 0.21857 -0.064214 0.11058 0.47784 -0.18231 -0.55069 -0.37182 0.29895 0.82405 -0.70775 0.50602 -0.63299 0.88253 -0.90959 0.25888 0.75748 -0.75262 -0.77576 0.27342 0.97678 0.60648 -0.51326 -0.98755 -0.24625 0.78637 0.91976 0.2068 -0.61176 -0.99222 -0.85294 -0.45458 -0.023023 0.44589 0.82398 0.99584 0.95538 0.72814 0.47378 0.015509 -0.75376 -0.99819 -0.9353 -0.89371
0.0072645 0.016407 0.038876 0.016462 0.10496 -0.057713 0.18378 -0.062617 0.04319 0.58093 -0.049015 -0.45006 -0.22498 0.43842 0.77524 -0.79125 0.62802 -0.73363 0.92491 -0.85525 0.12689 0.83355 -0.66517 -0.84577 0.15947 0.94655 0.68916 -0.42073 -0.99886 -0.33988 0.72428 0.95213 0.29331 -0.54092 -0.97768 -0.89327 -0.52452 -0.10086 0.37663 0.77978 0.98651 0.97389 0.774 0.53231 0.081541 -0.70971 -1 -0.95576 -0.91986
-0.057464 -0.0083716 0.019024 0.031209 0.12401 -0.092703 0.12298 -0.053333 -0.026061 0.64041 0.084943 -0.32696 -0.069787 0.5585 0.69965 -0.84905 0.73114 -0.81478 0.94591 -0.78392 -0.0060974 0.89456 -0.56817 -0.90281 0.044537 0.90486 0.76304 -0.32459 -1 -0.42937 0.65639 0.97625 0.37666 -0.46678 -0.95644 -0.92728 -0.59046 -0.17733 0.30593 0.73182 0.97219 0.98744 0.81577 0.58786 0.14656 -0.66318 -0.99785 -0.9724 -0.94242
-0.027448 -0.028508 -0.0071572 0.037583 0.11257 -0.10934 0.045334 -0.037175 -0.090723 0.65353 0.21134 -0.18864 0.086443 0.65507 0.60077 -0.88019 0.81312 -0.87504 0.9457 -0.69758 -0.13758 0.93992 -0.4634 -0.94645 -0.069815 0.85257 0.82754 -0.226 -0.99126 -0.514 0.5835 0.99217 0.45628 -0.39 -0.92886 -0.95493 -0.65211 -0.25199 0.23423 0.68046 0.95312 0.99611 0.85339 0.64028 0.21033 -0.61445 -0.99188 -0.98527 -0.9614
0.041519 -0.029375 -0.025918 0.0319 0.073767 -0.10594 -0.038093 -0.015789 -0.14521 0.62093 0.32288 -0.042733 0.23673 0.72514 0.48272 -0.88454 0.87241 -0.91359 0.92495 -0.59838 -0.26523 0.96937 -0.35269 -0.97647 -0.18212 0.79063 0.8822 -0.12605 -0.97302 -0.59312 0.50636 1 0.53168 -0.3112 -0.89531 -0.97624 -0.70922 -0.32448 0.16196 0.62609 0.92954 1 0.8868 0.68944 0.27259 -0.56378 -0.98222 -0.99445 -0.97684
0.042494 -0.0086365 -0.029759 0.014493 0.017207 -0.084458 -0.11594 0.0085564 -0.18522 0.54637 0.41357 0.10314 0.37473 0.7669 0.35002 -0.86282 0.90813 -0.93017 0.88473 -0.48866 -0.38688 0.98289 -0.23789 -0.99286 -0.291 0.72006 0.92673 -0.025818 -0.94574 -0.6662 0.42578 0.99992 0.60241 -0.23101 -0.8562 -0.99126 -0.76158 -0.39444 0.089539 0.56908 0.90169 0.99924 0.91597 0.7352 0.33314 -0.51142 -0.96902 -1 -0.9888
