-0.0029804 -0.0079432 0.0030851 -0.0086839 -0.024408 -0.0072814 -0.034578 0.015585 0.00012599 0.097784 0.006036 0.13279 -0.21502 0.0072072 0.024594 0.0162 0.012723 -0.20961 -0.050702 0.098245 0.23752 -0.50782 -0.4718 -0.32164 -0.43628 -0.65681 -0.44791 0.40367 0.55787 -0.58245 -0.065582 0.56613 -0.74366 0.70224 -0.59753 0.50195 -0.476 0.50572 -0.59971 0.74287 -0.77735 0.35204 0.46631 -0.79111 -0.0030455 0.79714 -0.40771 -0.62783 0.55272
0.0040316 -0.0051043 0.0041058 -0.0043603 0.017445 -0.035675 -0.038574 -0.077916 -0.037568 0.075142 0.010577 -0.1665 0.13989 -0.11893 0.022479 -0.037822 -0.17922 -0.13511 0.3396 -0.26597 -0.30013 0.38081 0.61187 0.64942 0.52768 -0.050627 -0.6999 -0.13329 0.73504 -0.42005 -0.17308 0.55914 -0.73087 0.7787 -0.7813 0.7841 -0.79759 0.79636 -0.73453 0.50402 0.04748 -0.71791 0.66397 0.33286 -0.81851 -0.060584 0.84507 -0.1691 -0.84531
-0.0016403 -0.0020031 0.0096474 0.010212 -0.020516 0.080451 -0.058467 0.015244 -0.082788 -0.069421 -0.047616 0.13175 0.2128 -0.085727 -0.042576 -0.10094 -0.00083399 0.30488 -0.39199 0.10609 0.56583 0.27862 0.10814 0.28888 0.66952 0.45518 -0.56059 -0.32582 0.75562 -0.52201 0.089554 0.22453 -0.40735 0.49785 -0.48838 0.42165 -0.25742 0.012283 0.3193 -0.68824 0.80657 -0.18885 -0.72809 0.52885 0.62719 -0.62914 -0.52995 0.6906 0.60815
-0.00056936 -0.0085892 -0.01393 0.0051381 -0.017125 0.035733 0.023883 0.051275 -0.053933 0.021702 -0.066572 0.20965 0.19269 0.035175 0.0077783 0.15377 0.10495 -0.30729 0.2131 0.40772 -0.21215 -0.52014 -0.53684 -0.2364 0.49046 0.59663 -0.56673 -0.19007 0.69578 -0.76001 0.61062 -0.4784 0.41862 -0.4303 0.53621 -0.66842 0.79425 -0.81334 0.63437 -0.14677 -0.57903 0.78505 0.14926 -0.85091 -0.11501 0.85411 0.11536 -0.85186 -0.33706
-0.0053807 0.0083456 -0.009835 0.011025 0.00093074 -0.0033027 0.0027752 0.00335 0.11978 0.0038468 0.11584 0.21147 0.15087 0.051062 0.012816 -0.1801 -0.017911 0.036337 0.36547 -0.38769 -0.63915 -0.66501 -0.70471 -0.42921 0.48505 0.50856 -0.73625 0.28067 0.24176 -0.57628 0.71555 -0.74904 0.73678 -0.68068 0.52573 -0.27019 -0.11392 0.52248 -0.81102 0.72839 -0.0077502 -0.81726 0.34573 0.80028 -0.25167 -0.84728 0.12657 0.87169 0.22149
0.001384 0.0081499 -0.010772 -0.0099867 0.0010622 -0.019063 0.014919 0.025144 -0.092832 0.0051811 0.16474 0.17221 -0.065527 -0.087563 -0.0096624 0.25388 -0.29074 0.46272 -0.32415 -0.61388 -0.53101 -0.58543 -0.73129 -0.34365 0.68209 0.096429 -0.68841 0.77743 -0.60805 0.40497 -0.30805 0.35498 -0.48894 0.6558 -0.80559 0.81066 -0.57455 0.094911 0.49144 -0.85032 0.42356 0.64865 -0.59406 -0.69232 0.40741 0.82455 -0.17216 -0.87821 -0.28705
-0.005305 -0.00022554 -0.0011877 0.019615 0.042542 0.097574 -0.060516 -0.065551 -0.047261 -0.042702 0.071014 -0.10835 -0.053499 0.10021 -0.080379 -0.18434 0.30701 0.0091022 -0.59308 -0.49552 -0.43872 -0.62336 -0.71514 0.056907 0.75412 -0.59631 0.077647 0.34193 -0.57035 0.66939 -0.6709 0.56802 -0.35394 0.0321 0.39301 -0.74002 0.83279 -0.51387 -0.14896 0.78389 -0.61336 -0.53187 0.6686 0.67272 -0.39113 -0.85349 0.03814 0.86718 0.50446
0.0042529 0.013605 0.015988 -0.0057168 -0.0066782 0.062097 -0.028683 0.099562 0.027869 -0.016568 -0.18784 -0.050147 0.065671 -0.020617 0.2116 -0.26127 0.42096 -0.38631 -0.58307 -0.46052 -0.54208 -0.74448 -0.4195 0.65501 0.13673 -0.67601 0.81429 -0.7668 0.70522 -0.69215 0.7548 -0.83253 0.79886 -0.56786 0.088663 0.46681 -0.83576 0.70013 -0.038042 -0.734 0.6531 0.54616 -0.62211 -0.75631 0.21166 0.8861 0.26073 -0.73697 -0.77662
0.0043866 0.00014529 -0.024161 0.031302 -0.031409 -0.01135 0.02348 0.059209 0.014929 0.14417 -0.023434 0.074223 -0.055268 -0.20133 0.0074553 0.10062 0.20329 -0.53032 -0.60161 -0.59685 -0.72705 -0.5926 0.33923 0.64499 -0.7751 0.47543 -0.17263 -0.0024358 0.035788 0.046987 -0.27007 0.58886 -0.82255 0.79561 -0.38792 -0.26144 0.79612 -0.75058 0.051743 0.76636 -0.57383 -0.67801 0.436 0.86969 0.1376 -0.78854 -0.64631 0.35824 0.89057
0.0022933 0.0076901 0.0090744 0.0053151 -0.034835 0.046751 0.018916 -0.018599 0.0076997 0.086105 0.1133 -0.021061 0.0576 0.15016 -0.26394 0.34717 0.055486 -0.54924 -0.67674 -0.72161 -0.57337 0.18172 0.78632 -0.46102 -0.14451 0.50041 -0.65207 0.68881 -0.64219 0.50385 -0.20824 -0.25962 0.70389 -0.85418 0.50842 0.20475 -0.80667 0.71184 0.096628 -0.8497 0.34533 0.84222 -0.067357 -0.8558 -0.58594 0.40779 0.89402 0.26906 -0.58096
0.0071631 -0.0088746 0.01344 5.7665e-05 -0.033125 -0.055811 0.018253 -0.0021176 0.06238 -0.20272 -0.091208 -0.050916 0.0059481 0.32902 -0.33281 0.4383 0.092645 -0.42253 -0.5686 -0.39024 0.25167 0.79917 -0.20075 -0.56228 0.81861 -0.8418 0.83321 -0.84502 0.84836 -0.76669 0.49086 0.046594 -0.62534 0.86526 -0.49195 -0.30025 0.85918 -0.55667 -0.38356 0.87334 0.062885 -0.86874 -0.44292 0.527 0.89003 0.25337 -0.68428 -0.82763 -0.17843
-0.0076657 -0.0014034 0.0046843 0.011971 -0.013645 0.11786 0.057314 0.066247 -0.045616 0.21888 0.00047091 0.025146 -0.14282 0.24905 -0.32951 0.46145 0.32099 -0.0024131 0.033823 0.48664 0.77081 -0.14946 -0.70804 0.81401 -0.64949 0.55741 -0.5837 0.69918 -0.83011 0.84839 -0.6059 0.010197 0.64712 -0.86026 0.34107 0.51871 -0.86721 0.22635 0.7186 -0.67223 -0.5694 0.55524 0.85335 0.14642 -0.69868 -0.83506 -0.06907 0.76409 0.85385
-0.0025819 -0.016259 0.027208 -0.027706 -0.026844 -0.057448 0.09407 0.041721 -0.021532 -0.19485 0.086915 0.025228 -0.12745 0.14979 -0.37094 0.37998 0.59833 0.58641 0.72124 0.62762 -0.30992 -0.71017 0.7477 -0.36653 0.13648 -0.12401 0.26856 -0.51786 0.77578 -0.86639 0.60259 0.08385 -0.75406 0.79096 -0.035323 -0.7733 0.68983 0.2754 -0.89049 0.14072 0.88978 0.12922 -0.76874 -0.79973 -0.075169 0.74213 0.82429 0.088401 -0.64034
-0.010118 0.016348 -0.0092376 0.0029887 0.04749 -0.062228 0.1024 -0.016098 0.038381 0.064984 -0.045431 0.063861 -0.041832 0.15899 -0.45214 0.053371 0.47873 0.5306 0.20745 -0.58952 -0.57524 0.76254 -0.23643 -0.17925 0.2961 -0.19654 -0.060864 0.42766 -0.7739 0.86288 -0.48483 -0.31328 0.86818 -0.56181 -0.39843 0.88453 -0.2184 -0.76304 0.63337 0.55751 -0.6509 -0.79687 0.031207 0.77982 0.83747 0.15295 -0.68296 -0.88203 -0.41121
0.00081192 -0.0096549 0.0096187 0.0086218 -0.070614 -0.004772 -0.03959 -0.0069351 0.036642 0.1458 -0.013167 0.1091 0.0036147 0.30658 -0.4162 -0.46015 -0.29553 -0.47894 -0.77826 -0.24776 0.82481 -0.3018 -0.2779 0.5402 -0.54322 0.35762 -0.0020916 -0.46041 0.83047 -0.80649 0.22247 0.6228 -0.84625 0.10463 0.79698 -0.63022 -0.44899 0.86007 0.095125 -0.90087 -0.1719 0.76968 0.79435 0.104 -0.65296 -0.90203 -0.37679 0.46653 0.89267
0.0052686 -0.00059146 0.013627 -0.044612 0.012689 0.066433 -0.099951 0.021881 -0.18134 -0.089185 0.040804 0.14547 -0.040322 0.51297 -0.034623 -0.51323 -0.63504 -0.45382 0.29276 0.78047 -0.52804 -0.18354 0.59414 -0.71468 0.64375 -0.38034 -0.076352 0.60085 -0.88775 0.61665 0.19141 -0.86671 0.529 0.49094 -0.85362 -0.041724 0.88843 -0.29418 -0.80935 0.4086 0.87447 0.12789 -0.70414 -0.89658 -0.43241 0.3776 0.89978 0.70033 0.090509
-0.010671 0.011066 0.028274 0.0096474 0.019102 0.086219 0.10679 -0.076364 0.1538 -0.12535 0.040898 0.19169 -0.19523 0.48316 0.50364 0.3176 0.41428 0.75381 0.42165 -0.77252 0.10184 0.49931 -0.73991 0.77443 -0.64031 0.27535 0.28414 -0.78864 0.83214 -0.2195 -0.6537 0.8138 0.10435 -0.8855 0.33595 0.75316 -0.59672 -0.5997 0.72301 0.579 -0.54346 -0.89964 -0.36752 0.40136 0.88311 0.77022 0.082965 -0.65991 -0.92346
0.010884 -0.020813 0.037488 0.019434 -0.023443 -0.11447 -0.075958 0.15082 0.16268 -0.052411 0.028029 0.24145 -0.38572 -0.08096 0.30447 0.51889 0.38064 -0.32433 -0.78914 0.49823 0.22268 -0.6539 0.78532 -0.76069 0.5347 -0.03576 -0.57895 0.89909 -0.53348 -0.34648 0.90111 -0.30134 -0.74983 0.65588 0.51572 -0.80712 -0.33781 0.86572 0.25447 -0.85024 -0.56033 0.3654 0.89645 0.7619 0.16581 -0.56682 -0.92538 -0.64225 -0.060179
-0.0052519 0.00048489 -0.00048097 -0.044365 -0.058259 -0.054873 0.043553 -0.062028 -0.047975 -0.0044776 0.050663 0.21559 -0.32995 -0.6369 -0.55081 -0.59691 -0.75332 -0.25229 0.80981 -0.21457 -0.40067 0.69984 -0.76284 0.66343 -0.29759 -0.32512 0.84453 -0.75817 -0.041267 0.82707 -0.6304 -0.484 0.84244 0.19677 -0.8999 -0.039483 0.91028 -0.012029 -0.91398 -0.12965 0.81783 0.78181 0.1068 -0.5763 -0.91824 -0.73327 -0.074176 0.6275 0.91787
-0.00085117 -0.0054279 -0.017852 -0.016041 -0.040345 0.139 0.0043879 -0.19096 -0.15894 0.0094209 0.13973 -0.0067619 0.17646 -0.025839 -0.08493 0.032923 0.58838 0.63343 -0.68163 0.032468 0.45289 -0.66095 0.65563 -0.43798 -0.08746 0.71286 -0.87989 0.25398 0.67575 -0.81724 -0.15344 0.91039 -0.11185 -0.88776 0.23402 0.8735 -0.24771 -0.88717 0.16715 0.919 0.3282 -0.53982 -0.92161 -0.73034 -0.1706 0.51649 0.91616 0.76442 0.29334
0.015631 -0.0042154 0.038527 0.027884 0.065625 -0.13043 -0.021368 -0.010933 -0.16456 0.022125 0.26597 -0.33366 0.49206 0.68164 0.61535 0.509 -0.20805 -0.79768 0.55821 0.024786 -0.39397 0.52099 -0.4169 0.050009 0.55309 -0.91616 0.49917 0.46662 -0.90152 0.13631 0.85407 -0.41574 -0.78742 0.49932 0.77467 -0.47055 -0.81491 0.36258 0.88006 -0.072037 -0.87354 -0.75367 -0.11567 0.52043 0.89395 0.8398 0.3203 -0.37453 -0.79946
-0.010412 -0.0058901 -0.0044244 0.0083558 0.041775 0.073698 -0.072462 0.16118 -0.13759 0.064224 0.26022 -0.25312 -0.19423 -0.41898 -0.59802 -0.73968 -0.13545 0.84206 -0.51062 0.040726 0.21686 -0.24497 0.01643 0.44972 -0.89136 0.68649 0.23928 -0.91189 0.36866 0.7254 -0.66302 -0.60316 0.694 0.60703 -0.64437 -0.69604 0.51985 0.81449 -0.3043 -0.92177 -0.33366 0.48329 0.90515 0.83988 0.41647 -0.23182 -0.78381 -0.92502 -0.68879
0.012119 0.027299 -0.03924 -0.017059 -0.050226 0.0050674 0.042526 0.21422 -0.10625 0.12931 -0.06837 0.34165 -0.45388 -0.24869 0.24488 0.72393 0.35818 -0.8517 0.55642 -0.22222 0.086306 -0.1721 0.48514 -0.85794 0.80936 0.014914 -0.86107 0.57317 0.57369 -0.80982 -0.36453 0.84147 0.41717 -0.79357 -0.5568 0.66504 0.73293 -0.44112 -0.88229 0.011452 0.82801 0.8534 0.36357 -0.23464 -0.7225 -0.9374 -0.71395 -0.14547 0.37173
0.010741 -0.0067456 0.03572 0.0020485 0.0095633 -0.010947 0.15487 0.20699 -0.066555 0.12058 -0.41 0.24062 0.54959 0.69339 0.1405 -0.61484 -0.46551 0.86376 -0.67964 0.49357 -0.47834 0.63736 -0.87528 0.86092 -0.17915 -0.76591 0.73135 0.38774 -0.89088 -0.14553 0.91681 0.18196 -0.8823 -0.37098 0.77324 0.62117 -0.55093 -0.83768 0.19728 0.92336 0.55167 -0.19911 -0.75626 -0.93869 -0.77906 -0.29653 0.33738 0.81623 0.94042
0.011831 -0.01398 0.020962 0.062246 0.031029 -0.08467 0.14614 0.18993 -0.021815 -0.078096 -0.027353 -0.50815 -0.14002 -0.77198 -0.41654 0.52115 0.47754 -0.86833 0.82819 -0.7761 0.82705 -0.92234 0.84385 -0.28249 -0.64923 0.84477 0.19174 -0.92799 0.043472 0.92193 -0.065713 -0.92598 -0.18902 0.86558 0.50308 -0.66147 -0.78679 0.29708 0.92885 0.27952 -0.61284 -0.93479 -0.73955 -0.2913 0.23804 0.72877 0.94219 0.75769 0.38281
0.019351 0.0019764 0.023623 0.025229 -0.069685 -0.038322 0.08171 0.16604 -0.0095083 -0.26679 0.48907 0.1942 -0.33425 0.63016 0.57326 -0.49339 -0.39746 0.81564 -0.90363 0.91776 -0.90647 0.7504 -0.23821 -0.57405 0.91112 -0.0056226 -0.92123 0.23815 0.89243 -0.26146 -0.9119 0.026002 0.9156 0.34441 -0.7488 -0.71342 0.37977 0.92126 0.13866 -0.79753 -0.84615 -0.31454 0.30145 0.73535 0.93564 0.84003 0.41884 -0.16628 -0.5866
-0.006196 0.020899 0.051191 -0.02781 0.072991 0.15081 0.036527 0.11207 -0.051844 0.018719 -0.23242 0.28534 0.61985 -0.43726 -0.64485 0.54393 0.21156 -0.63162 0.77447 -0.73569 0.52277 -0.058942 -0.61043 0.93438 -0.18373 -0.87589 0.41827 0.82495 -0.41731 -0.8583 0.24419 0.93184 0.19236 -0.83618 -0.63557 0.47723 0.90907 0.074369 -0.85657 -0.69918 0.10818 0.72053 0.93912 0.83517 0.50715 -0.013569 -0.55732 -0.89613 -0.936
-0.001389 -0.0082323 0.044051 -0.016083 0.024881 0.23806 0.038846 0.02187 -0.040986 0.35058 -0.3204 -0.57532 -0.70766 0.29207 0.65712 -0.65837 0.088439 0.25852 -0.34771 0.16105 0.24146 -0.73558 0.92983 -0.2837 -0.80163 0.5812 0.72649 -0.57088 -0.78983 0.40905 0.90328 0.0046334 -0.89327 -0.51996 0.56174 0.88457 0.020311 -0.87574 -0.62234 0.35101 0.9087 0.83814 0.43787 -0.030934 -0.47661 -0.83702 -0.94239 -0.72515 -0.38617
-0.0094137 -0.022772 0.00015489 0.042576 -0.12894 0.19487 0.088501 -0.047855 0.11559 -0.19187 0.5988 0.61759 0.68781 -0.23356 -0.60999 0.7915 -0.4657 0.2715 -0.30255 0.57538 -0.87852 0.88805 -0.24797 -0.7451 0.71276 0.59921 -0.70542 -0.68735 0.53884 0.84717 -0.19266 -0.93198 -0.40529 0.66639 0.8549 -0.058978 -0.88972 -0.59813 0.43647 0.94028 0.58962 -0.025659 -0.54586 -0.84831 -0.9491 -0.81217 -0.41813 0.11016 0.49449
0.022152 0.012336 -0.0096658 -0.063234 -0.0016076 0.12378 0.15909 -0.024513 0.097963 -0.24862 -0.49414 -0.51348 -0.64607 0.27114 0.47954 -0.85912 0.79833 -0.76603 0.84655 -0.93911 0.74964 -0.090952 -0.76654 0.78192 0.45601 -0.81852 -0.55897 0.66884 0.78142 -0.34453 -0.93689 -0.24901 0.74935 0.79874 -0.13314 -0.90923 -0.57861 0.45354 0.93817 0.40263 -0.3957 -0.84669 -0.94061 -0.79821 -0.49668 -0.034692 0.46808 0.83288 0.94676
0.014733 0.015426 0.060954 0.085668 0.096866 0.094116 0.18541 0.017427 -0.21515 0.48017 0.19022 0.37471 0.63312 -0.39987 -0.23468 0.74872 -0.88421 0.902 -0.83245 0.49471 0.17519 -0.84918 0.76888 0.35747 -0.89875 -0.40406 0.78283 0.68222 -0.46855 -0.91235 -0.071084 0.83633 0.73621 -0.246 -0.9246 -0.5352 0.46568 0.93867 0.34167 -0.57393 -0.9429 -0.78953 -0.40835 -0.00039999 0.39386 0.75644 0.94551 0.87245 0.65854
0.0070409 -0.023269 -0.0064115 -0.076731 0.057549 0.12131 0.09874 -0.056574 0.007093 -0.37115 0.12417 -0.27001 -0.66696 0.59639 -0.1291 -0.37558 0.54769 -0.44932 0.11452 0.47762 -0.93201 0.68056 0.3751 -0.93506 -0.23575 0.87667 0.55541 -0.6019 -0.87527 0.074428 0.90492 0.63444 -0.34639 -0.94018 -0.49169 0.50386 0.93929 0.3472 -0.61681 -0.93649 -0.54145 0.019331 0.48656 0.78142 0.93413 0.91878 0.67728 0.25855 -0.097233
0.0090489 -0.0081658 -0.032137 0.012555 0.0018837 0.18274 -0.055735 -0.037334 0.26902 0.076281 -0.36019 0.2302 0.73861 -0.8028 0.54357 -0.21413 0.15725 -0.39431 0.75704 -0.946 0.49176 0.49165 -0.93531 -0.1167 0.93776 0.39793 -0.72709 -0.80661 0.20093 0.93673 0.5018 -0.47755 -0.94505 -0.4075 0.54164 0.93659 0.35484 -0.60507 -0.93001 -0.38017 0.35697 0.79494 0.9471 0.90593 0.72744 0.38286 -0.077096 -0.52193 -0.76978
0.020017 0.014089 0.0063558 0.029005 -0.0095614 0.21788 -0.094433 0.15791 -0.33776 0.2244 0.50658 -0.26555 -0.81151 0.9146 -0.83939 0.76048 -0.80923 0.9311 -0.83894 0.22744 0.66695 -0.90547 -0.11741 0.9605 0.22122 -0.8385 -0.70651 0.35125 0.95095 0.3813 -0.61315 -0.93247 -0.32532 0.61406 0.9333 0.33115 -0.59229 -0.9353 -0.34904 0.51265 0.92601 0.89034 0.6396 0.33223 -0.010623 -0.41186 -0.76169 -0.94277 -0.94174
0.0089611 -0.021562 0.029013 -0.015522 0.0077594 0.15339 0.012524 -0.066485 0.18002 -0.44385 -0.58111 0.37454 0.81974 -0.79948 0.79368 -0.86556 0.82169 -0.52817 -0.10184 0.82946 -0.81179 -0.2203 0.96376 0.087649 -0.91954 -0.56855 0.50745 0.94373 0.26753 -0.70987 -0.89355 -0.19712 0.67807 0.91861 0.30454 -0.60676 -0.9397 -0.38131 0.53373 0.94907 0.72547 0.28621 -0.14127 -0.46786 -0.72478 -0.91542 -0.94524 -0.77626 -0.55455
-0.026358 -0.020947 -0.060724 0.042134 0.02329 0.0029955 0.015335 -0.16445 0.071446 0.57591 0.59845 -0.54015 -0.67927 0.37274 -0.29413 0.31408 -0.038486 -0.50609 0.93569 -0.65433 -0.39914 0.9574 0.067939 -0.95624 -0.39898 0.66443 0.90597 0.11552 -0.7882 -0.84103 -0.042032 0.76409 0.89866 0.23076 -0.625 -0.93902 -0.41159 0.49846 0.95027 0.61413 -0.028164 -0.51539 -0.80563 -0.93444 -0.95364 -0.83856 -0.5602 -0.16815 0.12955
0.023387 -0.0075944 0.083412 0.057849 0.010541 -0.06696 -0.02914 0.3015 -0.2969 -0.64801 -0.5571 0.71748 0.32884 0.28271 -0.45215 0.55337 -0.82517 0.92843 -0.42267 -0.59028 0.91244 0.14451 -0.96313 -0.25687 0.80116 0.82686 -0.061494 -0.86875 -0.78124 0.088119 0.84821 0.85145 0.15757 -0.67928 -0.93818 -0.40762 0.4645 0.94821 0.60745 -0.17739 -0.74556 -0.94398 -0.92297 -0.79881 -0.59807 -0.27463 0.12946 0.51591 0.72992
-0.024056 -0.024598 -0.060995 -0.0070803 -0.050235 0.030064 0.088612 -0.24208 0.44928 0.68737 0.43931 -0.82367 0.19791 -0.84464 0.90002 -0.91452 0.72742 -0.064234 -0.76708 0.82465 0.29502 -0.95772 -0.21632 0.88381 0.70198 -0.26303 -0.933 -0.68204 0.20869 0.90048 0.7749 0.034683 -0.72975 -0.927 -0.39761 0.46423 0.94391 0.65028 -0.17975 -0.8265 -0.94215 -0.75108 -0.46475 -0.19115 0.090403 0.42642 0.73465 0.92272 0.96073
0.031131 -0.026571 -0.0080695 -0.077137 -0.14972 0.020169 -0.062637 0.047211 -0.53597 -0.70568 -0.22187 0.74939 -0.7092 0.87974 -0.56271 0.26805 0.33642 -0.91746 0.68204 0.46104 -0.92096 -0.26354 0.90746 0.57618 -0.46833 -0.96727 -0.54336 0.36284 0.93797 0.69325 -0.11641 -0.80361 -0.91161 -0.33886 0.47155 0.94391 0.68733 -0.11839 -0.82496 -0.91029 -0.53378 -0.10449 0.25438 0.50945 0.71439 0.89153 0.96235 0.88143 0.74698
-0.00013285 -0.01776 0.0062112 -0.10983 -0.21295 -0.16976 -0.084131 0.17511 0.58416 0.69459 -0.10093 -0.41249 0.88935 -0.22134 -0.36739 0.73529 -0.94657 0.42948 0.62625 -0.85736 -0.37535 0.89907 0.52272 -0.62025 -0.95227 -0.35624 0.531 0.96204 0.60543 -0.24339 -0.87747 -0.8704 -0.27702 0.52507 0.94603 0.69479 -0.062457 -0.78954 -0.91357 -0.42043 0.18598 0.58763 0.81747 0.92589 0.96348 0.91416 0.73732 0.44741 0.21751
-0.025806 -0.053065 0.065233 -0.10912 -0.1264 0.045564 0.229 -0.35522 -0.61799 -0.62686 0.4845 -0.14869 -0.50515 -0.67601 0.9256 -0.78155 0.10747 0.80759 -0.75993 -0.49734 0.85301 0.53971 -0.681 -0.89902 -0.12934 0.70371 0.95508 0.46967 -0.36346 -0.92247 -0.79987 -0.16178 0.57931 0.95418 0.69567 -0.04869 -0.75433 -0.93298 -0.43367 0.30764 0.78474 0.94663 0.94495 0.87406 0.74921 0.51974 0.19508 -0.16427 -0.38702
-0.0023152 0.02569 0.04511 -0.088667 0.095941 0.28214 -0.25859 0.47557 0.64847 0.46442 -0.80773 0.70114 -0.29427 0.93388 -0.35521 -0.30893 0.92432 -0.58119 -0.61806 0.79129 0.60526 -0.68265 -0.86164 0.072022 0.85208 0.89857 0.28996 -0.51566 -0.9535 -0.72078 -0.012326 0.67011 0.95955 0.65697 -0.046419 -0.74425 -0.94573 -0.50087 0.28959 0.84819 0.95205 0.81533 0.60893 0.41542 0.20472 -0.088469 -0.41463 -0.69617 -0.82948
0.018869 0.021657 -0.070099 -0.057464 0.19859 -0.31878 0.162 -0.54942 -0.66985 -0.17846 0.88872 -0.87616 0.89352 -0.15511 -0.71471 0.94175 -0.35047 -0.76655 0.71282 0.67481 -0.63453 -0.85893 0.1764 0.9382 0.77664 0.060688 -0.67699 -0.96656 -0.63131 0.11994 0.77174 0.95499 0.61243 -0.10148 -0.74251 -0.94935 -0.55772 0.21217 0.83746 0.93038 0.63704 0.29523 0.00066679 -0.21547 -0.41341 -0.64651 -0.8487 -0.95538 -0.96345
0.038079 -0.0040758 -0.10097 -0.028274 0.013581 -0.042123 0.0031771 0.59766 0.65851 -0.21643 -0.57839 0.43465 -0.65746 -0.84145 0.77309 -0.019191 -0.87831 0.57323 0.73985 -0.57972 -0.87828 0.20617 0.9678 0.62469 -0.2006 -0.83139 -0.94124 -0.48873 0.25109 0.84496 0.92835 0.51798 -0.16257 -0.7769 -0.95174 -0.57624 0.14272 0.794 0.93706 0.54833 0.026729 -0.34703 -0.59397 -0.74225 -0.85251 -0.9445 -0.9613 -0.87186 -0.76789
0.03425 -0.026552 -0.055533 -0.026548 -0.14046 0.45365 -0.1746 -0.63482 -0.57598 0.62548 -0.08098 0.39786 -0.30066 0.74399 0.37344 -0.95085 0.40868 0.8292 -0.52218 -0.89845 0.18063 0.97885 0.51963 -0.42372 -0.94342 -0.8547 -0.29486 0.42261 0.90546 0.88284 0.3839 -0.27848 -0.81348 -0.94541 -0.5836 0.11855 0.75092 0.95298 0.57307 -0.082834 -0.58196 -0.82609 -0.93159 -0.96563 -0.96083 -0.89486 -0.73844 -0.50036 -0.33149
0.034644 0.030467 -0.027837 -0.069574 -0.012375 -0.59341 0.31692 0.6625 0.38093 -0.86784 0.74853 -0.91456 0.94342 0.42495 -0.92246 0.16593 0.89498 -0.41374 -0.91405 0.15595 0.97637 0.46879 -0.55072 -0.98272 -0.68933 -0.043564 0.6103 0.95704 0.82093 0.25285 -0.42377 -0.87258 -0.93502 -0.54226 0.10953 0.73484 0.96047 0.6427 -0.049852 -0.66332 -0.93041 -0.95977 -0.90063 -0.82575 -0.72519 -0.5414 -0.27927 0.019573 0.19464
0.011253 -0.024887 -0.044089 -0.10967 0.053362 0.4166 -0.42137 -0.66658 -0.05586 0.74628 -0.91416 0.51759 -0.39469 -0.96326 -0.13926 0.94909 -0.30449 -0.9421 0.13974 0.9761 0.45734 -0.61575 -0.97583 -0.48687 0.24482 0.79508 0.97214 0.70596 0.11278 -0.54664 -0.93034 -0.89982 -0.49181 0.1614 0.72939 0.9622 0.69853 0.04176 -0.63727 -0.95237 -0.89801 -0.72271 -0.54036 -0.39945 -0.25128 -0.021679 0.25553 0.52143 0.65269
-0.016822 0.048071 -0.080675 -0.03544 0.023204 -0.067325 0.49273 0.61762 -0.35478 -0.20358 0.32434 0.48376 -0.71885 -0.063877 0.95695 -0.13867 -0.9573 0.078629 0.97682 0.44007 -0.63868 -0.96272 -0.33172 0.49448 0.9339 0.9215 0.52934 -0.083901 -0.66399 -0.96011 -0.83235 -0.38374 0.22289 0.7638 0.96384 0.71837 0.12043 -0.56458 -0.94607 -0.85626 -0.52543 -0.22887 -0.00084959 0.14972 0.29165 0.49261 0.70306 0.8649 0.92352
-0.046857 -0.0772 -0.11096 0.14446 0.0048201 -0.29292 -0.53673 -0.47722 0.71657 -0.5212 0.60258 -0.92972 0.79307 0.99281 0.070797 -0.96874 0.033967 0.97158 0.40752 -0.66995 -0.94832 -0.22798 0.64702 0.98551 0.77642 0.27695 -0.31857 -0.79842 -0.97155 -0.74741 -0.23143 0.34173 0.80288 0.9635 0.72665 0.14957 -0.49798 -0.92355 -0.8742 -0.4396 0.027852 0.33256 0.52676 0.63932 0.73429 0.85276 0.94532 0.9701 0.95166
0.0084386 0.033687 -0.11511 0.16141 -0.12637 0.57345 0.55212 0.21544 -0.82857 0.92439 -0.94985 0.15476 0.38513 -0.1253 -0.9627 -0.052669 0.96703 0.40805 -0.71364 -0.92862 -0.16034 0.73958 0.97397 0.56797 -0.038661 -0.57617 -0.91565 -0.94638 -0.64141 -0.081805 0.49108 0.8674 0.95964 0.69191 0.16055 -0.47252 -0.8972 -0.91133 -0.47627 0.125 0.55943 0.77318 0.8785 0.92731 0.95722 0.97123 0.93369 0.82812 0.74839
0.040655 0.023499 -0.077724 -0.10184 0.16995 -0.75582 -0.52694 0.15897 0.53367 -0.59242 0.23517 0.86368 -0.94001 -0.98608 -0.16645 0.95415 0.38345 -0.73292 -0.89484 -0.075489 0.79365 0.94412 0.38296 -0.33674 -0.80887 -0.98041 -0.85765 -0.46815 0.078888 0.61858 0.93112 0.93566 0.64622 0.10737 -0.46387 -0.88623 -0.93564 -0.55904 0.082411 0.63494 0.89842 0.96521 0.96293 0.94674 0.91595 0.8349 0.68975 0.4913 0.37774
-0.043059 -0.022017 -0.00085532 -0.18342 -0.054824 0.86089 0.43943 -0.56502 0.11134 -0.30546 0.79313 -0.59549 -0.15391 0.14074 0.93553 0.38723 -0.76986 -0.86811 0.037067 0.85325 0.90442 0.23471 -0.54059 -0.94806 -0.94393 -0.67504 -0.22677 0.29444 0.73929 0.96422 0.87907 0.54451 0.040392 -0.51219 -0.88336 -0.94334 -0.62442 -0.016063 0.60126 0.92956 0.95424 0.87004 0.7756 0.7118 0.64029 0.49601 0.28834 0.050665 -0.0668
0.037749 0.076729 0.071076 0.10929 -0.15655 -0.91841 -0.26512 0.84025 -0.74179 0.94059 -0.8021 -0.63702 0.976 0.99695 0.40636 -0.78778 -0.81714 0.1245 0.91469 0.84439 0.11183 -0.67977 -0.99012 -0.80252 -0.3858 0.085146 0.53698 0.86749 0.97433 0.79739 0.39409 -0.092227 -0.57099 -0.90635 -0.94671 -0.64736 -0.098555 0.52079 0.91623 0.9338 0.73067 0.53474 0.38598 0.3008 0.2146 0.048729 -0.16871 -0.3909 -0.48738
0.0044018 0.018014 0.063169 0.11678 0.35602 0.94949 -0.0073106 -0.79381 0.85076 -0.56169 -0.32358 0.80928 0.080015 0.0054489 -0.8009 -0.77128 0.24988 0.95298 0.74801 -0.038165 -0.77561 -0.98473 -0.63087 -0.057464 0.43143 0.77643 0.96141 0.93815 0.68722 0.23589 -0.26641 -0.67549 -0.93154 -0.9345 -0.65467 -0.12795 0.44947 0.87958 0.94529 0.66679 0.30953 0.065286 -0.092696 -0.1739 -0.25138 -0.39939 -0.57955 -0.7425 -0.80258
0.0036454 -0.087909 -0.031034 -0.11904 -0.47581 -0.95934 0.35242 0.33703 -0.23277 -0.50657 0.98483 0.45915 -0.98198 -0.99346 -0.72564 0.35582 0.98229 0.64492 -0.22365 -0.87084 -0.94667 -0.46252 0.20918 0.71589 0.9478 0.97527 0.82335 0.50124 0.058012 -0.42677 -0.7949 -0.96271 -0.91457 -0.61091 -0.1357 0.42388 0.84209 0.96301 0.69981 0.22136 -0.18408 -0.41041 -0.53863 -0.59817 -0.65168 -0.75322 -0.86379 -0.94175 -0.9606
0.011414 -0.056285 -0.062519 -0.013605 0.50707 0.93579 -0.6859 0.36796 -0.64611 0.95615 -0.088887 -0.88533 -0.16315 -0.29834 0.45947 0.98521 0.48459 -0.38869 -0.95224 -0.87097 -0.29625 0.41971 0.88127 0.98804 0.85527 0.59604 0.23531 -0.18509 -0.5871 -0.88356 -0.97482 -0.85825 -0.55186 -0.075352 0.41862 0.82824 0.9699 0.7657 0.26655 -0.27276 -0.62098 -0.77762 -0.85167 -0.88226 -0.90661 -0.9479 -0.97522 -0.96225 -0.94423
0.014586 0.033586 0.0893 0.045904 -0.47764 -0.85159 0.86572 -0.88967 0.89886 -0.098537 -0.96749 -0.40682 0.95823 0.87957 0.96591 0.3113 -0.58507 -0.98996 -0.73385 -0.087369 0.58863 0.96853 0.92348 0.61338 0.24842 -0.11095 -0.46507 -0.76779 -0.95037 -0.95072 -0.75608 -0.4281 0.0024833 0.47506 0.82665 0.97109 0.81358 0.36127 -0.22759 -0.6882 -0.90042 -0.9598 -0.97249 -0.97637 -0.97509 -0.95704 -0.90527 -0.81277 -0.76836
-0.061345 0.0657 0.18281 0.038091 0.42544 0.6721 -0.7425 0.77699 -0.1458 -0.92407 0.33213 0.88472 0.38639 0.67499 0.11432 -0.74951 -0.97682 -0.56124 0.1716 0.75955 0.99541 0.80554 0.34645 -0.13499 -0.49045 -0.74553 -0.92003 -0.98083 -0.89078 -0.62602 -0.24951 0.14936 0.54492 0.86017 0.97237 0.82815 0.43552 -0.12971 -0.6545 -0.93092 -0.9693 -0.92981 -0.88901 -0.8747 -0.85679 -0.79165 -0.67865 -0.53018 -0.47247
0.072252 0.034557 -0.074499 -0.099174 -0.38318 -0.37103 0.26518 0.00041416 -0.81624 0.53281 0.91829 0.48928 -0.84043 -0.53948 -0.88508 -0.8954 -0.2997 0.41619 0.90979 0.96964 0.64595 0.087107 -0.44215 -0.79015 -0.94651 -0.98737 -0.92792 -0.75278 -0.46048 -0.062323 0.33909 0.66359 0.8981 0.97131 0.83027 0.45814 -0.049581 -0.57807 -0.91653 -0.95716 -0.82677 -0.70815 -0.63157 -0.60979 -0.58587 -0.49241 -0.34391 -0.16894 -0.11041
-0.049017 -0.010393 -0.2503 0.044435 0.3739 -0.044871 0.40725 -0.82439 0.74661 0.73555 -0.41498 -0.80645 -0.69576 -0.96811 -0.73706 -0.0045359 0.68184 0.98719 0.85506 0.41514 -0.16272 -0.67683 -0.94692 -0.98698 -0.89782 -0.74298 -0.51343 -0.20888 0.14502 0.51378 0.79701 0.94796 0.96368 0.79345 0.45902 -0.025723 -0.51234 -0.87914 -0.96479 -0.77556 -0.51643 -0.35148 -0.26052 -0.24054 -0.21955 -0.11806 0.038266 0.21031 0.26002
-0.027131 -0.03606 0.10181 0.10657 -0.41145 0.50929 -0.89849 0.85411 0.36323 -0.75923 -0.91522 -0.67841 0.53597 -0.058325 0.31931 0.88183 0.97035 0.65768 0.098021 -0.44226 -0.84606 -0.99944 -0.89008 -0.64725 -0.40018 -0.15685 0.11641 0.40957 0.68381 0.89539 0.97855 0.92711 0.74058 0.39553 -0.027237 -0.49335 -0.84282 -0.97365 -0.8028 -0.43743 -0.11075 0.063891 0.14961 0.16233 0.17521 0.26701 0.40654 0.55091 0.58623
0.084943 -0.045064 0.19974 -0.27798 0.50097 -0.88596 0.81493 0.054291 -0.96703 -0.57741 0.3585 0.6012 0.95721 0.91897 0.98807 0.82248 0.32733 -0.23639 -0.72458 -0.96821 -0.96118 -0.71178 -0.33753 0.020499 0.27999 0.4883 0.68615 0.85744 0.96387 0.9644 0.84293 0.6268 0.31096 -0.10096 -0.49688 -0.83256 -0.97363 -0.85436 -0.47786 -0.019939 0.30742 0.4592 0.52554 0.53014 0.53417 0.60377 0.70831 0.80788 0.82738
0.017539 -0.065016 -0.17176 0.40663 -0.6366 1 -0.10117 -0.93357 0.081854 0.84552 0.96114 0.89663 -0.0036983 0.71931 0.5292 -0.072625 -0.60692 -0.9215 -0.98855 -0.82 -0.46911 -0.017098 0.3854 0.66609 0.81953 0.91362 0.97293 0.97891 0.90392 0.71787 0.45175 0.15153 -0.19487 -0.56173 -0.83637 -0.9731 -0.88882 -0.55986 -0.064979 0.39283 0.66183 0.76764 0.80758 0.80722 0.80548 0.84665 0.90602 0.95244 0.95815
-0.13191 -0.12082 -0.0027807 -0.46978 0.7963 -0.72565 -0.74317 0.66072 0.95308 0.52543 -0.16402 -0.21559 -0.95272 -0.35382 -0.50067 -0.88594 -0.9956 -0.86474 -0.53518 -0.13452 0.29739 0.67499 0.89869 0.98545 0.99028 0.95905 0.88509 0.75097 0.54498 0.25244 -0.064188 -0.35632 -0.64018 -0.87546 -0.97472 -0.89646 -0.61987 -0.16002 0.35189 0.72655 0.89542 0.94399 0.95738 0.95769 0.95567 0.96813 0.98018 0.97344 0.96967
-0.043103 -0.19276 0.05889 0.47814 -0.93624 0.10488 0.94505 0.50876 -0.37527 -0.84351 -1 -0.99707 -0.62716 -0.99974 -0.99633 -0.86055 -0.54106 -0.15084 0.28087 0.62442 0.87919 0.99705 0.96352 0.85362 0.74289 0.62998 0.47747 0.27254 0.019739 -0.27936 -0.55228 -0.76044 -0.91766 -0.97738 -0.89366 -0.63248 -0.23233 0.26227 0.69687 0.92853 0.97735 0.96887 0.96079 0.96794 0.97176 0.95991 0.92928 0.87622 0.86823
0.091514 -0.19982 -0.072454 -0.45792 0.99024 0.58655 -0.20592 -0.98042 -0.87827 -0.59139 -0.16681 -0.32761 0.497 -0.51489 -0.48789 -0.063621 0.34354 0.66215 0.89774 0.99356 0.96492 0.80704 0.57612 0.35474 0.20194 0.072003 -0.088541 -0.28544 -0.50163 -0.72144 -0.8831 -0.96496 -0.97143 -0.85762 -0.6241 -0.24618 0.19204 0.62859 0.91456 0.97364 0.90422 0.84806 0.82656 0.84541 0.86009 0.83123 0.7674 0.67959 0.67234
0.17388 -0.078035 0.17366 0.43669 -0.88235 -0.93129 -0.78529 -0.011386 0.51438 0.75635 0.92709 0.79411 1 0.51843 0.4837 0.77736 0.9493 0.99936 0.93449 0.78129 0.53791 0.2276 -0.062766 -0.2822 -0.40674 -0.50144 -0.61462 -0.7443 -0.86726 -0.95828 -0.98111 -0.93253 -0.8029 -0.55563 -0.23269 0.18011 0.573 0.87845 0.9767 0.86446 0.6967 0.60804 0.58175 0.61454 0.64274 0.60518 0.52028 0.4117 0.40891
0.091262 0.090589 -0.29456 -0.43664 0.55869 0.64632 0.89552 1 0.8416 0.74866 0.58118 0.84107 0.31713 1 0.99631 0.96452 0.84099 0.66067 0.40149 0.13888 -0.155 -0.44787 -0.6633 -0.79555 -0.85458 -0.89278 -0.93502 -0.97301 -0.98434 -0.94015 -0.83623 -0.68502 -0.46244 -0.14492 0.19657 0.56493 0.84618 0.9772 0.88295 0.62703 0.39306 0.28929 0.26548 0.31116 0.35252 0.31399 0.22067 0.10555 0.10914
0.03328 0.14574 0.27666 0.47251 -0.03545 0.11907 0.10167 -0.34923 -0.52682 -0.54845 -0.62458 -0.19845 -0.71836 0.47903 0.6183 0.38389 0.13473 -0.098095 -0.35735 -0.56662 -0.76044 -0.91114 -0.9798 -0.99667 -0.99265 -0.98414 -0.96381 -0.91982 -0.83632 -0.68684 -0.49723 -0.29036 -0.031781 0.28659 0.58094 0.84244 0.97208 0.91823 0.65709 0.30364 0.041203 -0.061247 -0.077922 -0.023632 0.027485 -0.0060424 -0.096332 -0.20523 -0.1953
-0.16714 0.14234 -0.060565 -0.55077 -0.5589 -0.77029 -0.98635 -0.90824 -0.87227 -0.9268 -0.92331 -0.98127 -0.95757 -0.49249 -0.28182 -0.48096 -0.65301 -0.78412 -0.90325 -0.97065 -1 -0.97531 -0.90338 -0.83016 -0.79225 -0.76431 -0.70969 -0.61595 -0.4769 -0.27331 -0.052344 0.15858 0.39716 0.65575 0.85407 0.97185 0.93922 0.72007 0.34005 -0.055559 -0.30928 -0.39726 -0.40525 -0.34916 -0.29422 -0.31916 -0.39733 -0.48992 -0.47548
-0.22034 0.23951 -0.27657 0.6677 0.98831 0.71294 0.51442 0.54481 0.42171 0.18184 0.054286 -0.5821 -0.18801 -0.99589 -0.9388 -0.98113 -0.99922 -0.99366 -0.95374 -0.89172 -0.78683 -0.63673 -0.48568 -0.37572 -0.33821 -0.31789 -0.26075 -0.156 -0.0069633 0.19554 0.39563 0.56687 0.74182 0.89905 0.97552 0.94083 0.76214 0.42018 -0.018328 -0.4005 -0.6139 -0.67882 -0.67948 -0.62983 -0.57858 -0.59386 -0.65388 -0.72339 -0.7076
-0.29633 0.10491 0.60562 -0.80574 -1 0.031578 0.7159 0.83249 0.94785 1 0.94725 0.48307 0.76199 -0.61006 -0.84713 -0.78359 -0.70874 -0.63318 -0.51018 -0.39414 -0.23844 -0.052369 0.10145 0.19696 0.21305 0.21251 0.25037 0.33486 0.45603 0.61258 0.75322 0.85685 0.94342 0.98138 0.93414 0.7637 0.47566 0.066913 -0.36747 -0.68792 -0.83821 -0.87636 -0.87326 -0.83845 -0.79884 -0.8056 -0.84458 -0.88768 -0.87446
-0.59841 -0.50358 -0.83283 0.9297 0.49413 -0.70916 -0.85758 -0.60708 -0.18888 0.32044 0.61554 1 0.95834 0.28899 -0.11498 -0.058929 0.0075817 0.068416 0.17945 0.2733 0.39911 0.54166 0.64275 0.69585 0.6907 0.6743 0.68746 0.7359 0.80747 0.89212 0.95422 0.98083 0.97451 0.89833 0.74599 0.47561 0.12701 -0.28876 -0.66293 -0.8859 -0.96069 -0.97277 -0.97063 -0.95795 -0.93723 -0.93825 -0.95618 -0.9727 -0.96607
-0.83454 -0.42763 0.93108 -0.98639 0.32183 0.56368 -0.37591 -0.82503 -1 -0.81224 -0.47092 0.44223 0.25442 0.93665 0.69047 0.69315 0.70818 0.72254 0.77186 0.81055 0.86702 0.92777 0.95867 0.97004 0.96136 0.94785 0.9458 0.95893 0.97723 0.98495 0.96904 0.92597 0.83962 0.67281 0.44819 0.12453 -0.23248 -0.60045 -0.87127 -0.97634 -0.9735 -0.9636 -0.96724 -0.98182 -0.98556 -0.9845 -0.98367 -0.97604 -0.97956
-0.86904 0.72543 -0.9248 0.91316 -0.95379 0.23831 0.98193 0.55896 -0.17129 -0.80527 -0.98094 -0.56362 -0.66935 0.83493 1 1 1 1 1 0.99989 0.99565 0.98196 0.95967 0.95027 0.9618 0.97346 0.97366 0.96419 0.9401 0.88349 0.80556 0.712 0.57032 0.34783 0.090583 -0.23729 -0.55493 -0.83176 -0.97277 -0.95519 -0.8816 -0.85591 -0.86927 -0.91336 -0.94469 -0.94537 -0.92966 -0.9022 -0.91844
-0.86831 0.44293 0.86048 -0.65989 0.91486 -0.68944 0.12058 0.88478 0.92115 0.27911 -0.35779 -0.9971 -0.99858 0.10089 0.62997 0.69991 0.74692 0.7857 0.78279 0.78416 0.75633 0.7043 0.66294 0.6586 0.70701 0.75869 0.77756 0.76279 0.7152 0.61783 0.50282 0.3836 0.21655 -0.022717 -0.27321 -0.56108 -0.80175 -0.95953 -0.96194 -0.83115 -0.70051 -0.666 -0.69141 -0.76408 -0.82328 -0.82903 -0.80315 -0.76126 -0.7915
-0.93583 -1 -0.78368 0.22334 -0.15873 0.19981 -1 -0.39824 0.59858 0.98835 0.65118 -0.4713 -0.48714 -0.69455 -0.14397 -0.0012744 0.10954 0.20657 0.23671 0.26895 0.25391 0.20318 0.17361 0.19062 0.27633 0.36794 0.41337 0.40786 0.3565 0.24529 0.12016 -0.00018423 -0.16348 -0.38337 -0.59371 -0.80757 -0.94724 -0.97487 -0.84633 -0.623 -0.45334 -0.41662 -0.45437 -0.55154 -0.63605 -0.64915 -0.61796 -0.56743 -0.61147
-1 0.0592 0.72782 0.31843 -0.73289 0.52774 0.0065742 -0.96897 -0.60262 0.45527 0.94839 0.48158 0.40983 -0.98707 -0.81616 -0.69085 -0.57243 -0.45625 -0.39699 -0.33758 -0.32622 -0.35264 -0.35705 -0.31971 -0.21462 -0.099807 -0.032142 -0.02161 -0.061932 -0.16326 -0.27532 -0.37711 -0.51307 -0.68518 -0.83172 -0.95075 -0.9801 -0.8824 -0.64402 -0.35638 -0.16749 -0.13391 -0.18221 -0.29711 -0.40169 -0.42313 -0.39105 -0.33738 -0.39358
-0.94034 0.91423 -0.71174 -0.79719 0.9452 -0.42915 0.98922 0.11288 -0.93191 -0.61783 0.26381 0.99262 0.97471 -0.60438 -0.98601 -0.99825 -0.96752 -0.90995 -0.86386 -0.81296 -0.78972 -0.7931 -0.77993 -0.73964 -0.64634 -0.53751 -0.46331 -0.43944 -0.46198 -0.53735 -0.62062 -0.69169 -0.78504 -0.89156 -0.96209 -0.97941 -0.90289 -0.69796 -0.38036 -0.060323 0.12854 0.15539 0.10023 -0.023563 -0.14089 -0.17025 -0.1408 -0.088789 -0.1542
-0.69059 -0.74956 0.74078 1 -0.22422 -0.30961 -0.0075389 0.99491 0.025302 -0.95597 -0.67101 0.64494 0.80012 0.16725 -0.5803 -0.78376 -0.90703 -0.97543 -0.99553 -1 -0.99657 -0.9969 -0.98819 -0.97078 -0.92368 -0.85417 -0.79594 -0.76942 -0.77581 -0.8185 -0.86615 -0.90244 -0.94706 -0.98153 -0.97507 -0.8966 -0.73002 -0.44556 -0.084466 0.23603 0.40795 0.42643 0.36954 0.24686 0.12557 0.090066 0.11443 0.16106 0.090456
-0.29189 -0.10019 -0.80807 -0.77715 -0.71587 0.4896 -0.97491 0.28214 0.93597 -0.21531 -0.94532 -0.2311 0.049496 0.81991 0.14421 -0.18141 -0.44172 -0.6466 -0.76156 -0.85178 -0.89756 -0.91989 -0.9399 -0.96852 -0.9941 -0.99182 -0.97227 -0.95786 -0.95609 -0.96807 -0.98149 -0.98607 -0.98413 -0.95041 -0.87553 -0.71745 -0.48467 -0.15383 0.21409 0.50612 0.6478 0.65813 0.60546 0.49419 0.37837 0.3396 0.35763 0.39636 0.32528
0.089585 0.64689 0.89503 0.1708 0.83037 0.14965 -0.10616 -0.8534 0.63005 0.74644 -0.3389 -0.90921 -0.72401 0.96215 0.77964 0.49872 0.20655 -0.071956 -0.26357 -0.43348 -0.53788 -0.59765 -0.66065 -0.74582 -0.85379 -0.933 -0.96844 -0.98021 -0.98123 -0.97077 -0.95743 -0.93835 -0.89836 -0.80841 -0.68066 -0.46609 -0.19534 0.14735 0.48814 0.72812 0.83052 0.83445 0.79214 0.70196 0.60089 0.56253 0.57412 0.60365 0.53714
0.23433 -0.54381 -0.97187 0.52995 0.038193 -0.46619 0.93821 -0.69879 -0.45458 0.90927 0.55947 -0.876 -0.99789 0.537 0.99907 0.93666 0.75846 0.52021 0.31552 0.1115 -0.032746 -0.1265 -0.22915 -0.36332 -0.5425 -0.69928 -0.79471 -0.84163 -0.85562 -0.83403 -0.80466 -0.77238 -0.70661 -0.57756 -0.41646 -0.17193 0.10771 0.42986 0.71513 0.88618 0.94474 0.94506 0.91875 0.85794 0.78006 0.74616 0.75217 0.77234 0.71539
0.069098 0.11235 1 -0.90283 -0.82325 -0.070677 0.31668 0.46011 -0.97543 0.14825 0.95743 -0.19143 -0.61889 -0.18488 0.71301 0.9484 0.99733 0.91479 0.78186 0.61424 0.47282 0.3682 0.24754 0.089508 -0.1303 -0.34246 -0.48949 -0.57257 -0.60583 -0.58422 -0.54994 -0.51481 -0.4367 -0.28782 -0.11393 0.13393 0.3956 0.66977 0.8785 0.97106 0.98539 0.98541 0.97969 0.95454 0.90679 0.88138 0.8834 0.89502 0.85219
-0.1787 0.21865 -0.93937 0.6698 0.49765 0.41536 -0.82885 0.95478 -0.35327 -0.74405 0.54837 0.61975 0.14239 -0.79289 0.085651 0.55037 0.84656 0.98421 0.99392 0.93247 0.84612 0.76623 0.66156 0.51646 0.29953 0.068333 -0.10961 -0.22092 -0.27405 -0.26071 -0.23064 -0.20093 -0.12286 0.027184 0.19474 0.422 0.64332 0.84891 0.96839 0.9801 0.95339 0.9564 0.97436 0.9887 0.97606 0.9628 0.96291 0.96748 0.94264
-0.17292 -0.27443 0.76164 0.036242 0.49008 0.058229 -0.58261 0.1498 0.65561 -0.91546 -0.29524 0.98755 0.80514 -0.97151 -0.57195 -0.07073 0.38222 0.72167 0.90009 0.98747 0.99948 0.98019 0.92773 0.83473 0.66764 0.4607 0.28114 0.15725 0.089777 0.0909 0.11114 0.1305 0.19885 0.33412 0.47959 0.66698 0.8316 0.95577 0.98164 0.9166 0.85482 0.86363 0.90659 0.9616 0.98682 0.98863 0.98908 0.98857 0.98463
0.069246 0.12642 -0.46739 -0.68023 -0.72263 -0.35774 0.58696 -0.83408 0.93287 -0.24566 -0.89207 0.6869 0.98588 -0.65161 -0.96069 -0.6535 -0.21235 0.22926 0.54352 0.77795 0.90668 0.97161 0.99882 0.98938 0.9124 0.77144 0.62274 0.50687 0.43566 0.42537 0.43428 0.44209 0.49464 0.60334 0.71542 0.84959 0.94783 0.98564 0.92123 0.7889 0.69989 0.71649 0.78388 0.87806 0.94149 0.96037 0.96333 0.95993 0.97866
0.13879 0.072766 0.10058 0.71886 -0.13083 -0.090208 0.81739 -0.73989 0.22234 0.62868 -0.80443 -0.054083 0.6061 -0.016479 -0.92394 -0.97308 -0.72348 -0.32696 0.038729 0.37141 0.60211 0.75367 0.87062 0.96038 0.99853 0.95573 0.86753 0.78148 0.72017 0.70338 0.70325 0.70175 0.73621 0.8113 0.88368 0.95758 0.98637 0.94021 0.79535 0.60913 0.50172 0.52705 0.61643 0.74581 0.84548 0.88231 0.88965 0.88553 0.9275
-0.082632 -0.21358 0.2511 -0.11426 0.72508 0.29116 -0.18427 0.25985 -0.70146 0.94741 -0.13197 -0.74883 -0.098728 0.61518 -0.49813 -0.92236 -0.9833 -0.77527 -0.46843 -0.12088 0.16576 0.3824 0.57783 0.76217 0.91994 0.99189 0.98574 0.94856 0.91123 0.89557 0.8915 0.88552 0.90299 0.94216 0.97327 0.98591 0.94821 0.82667 0.61618 0.39197 0.27515 0.30899 0.41627 0.57469 0.70651 0.76099 0.77412 0.7712 0.83578
-0.14765 0.26212 -0.47979 -0.55062 -0.11989 0.14374 -0.88868 0.92724 -0.91498 0.47464 0.62004 -0.97817 -0.7398 0.95265 0.12394 -0.53798 -0.91979 -0.98982 -0.84352 -0.57611 -0.29983 -0.059675 0.18299 0.43717 0.69737 0.88209 0.96755 0.9922 0.99072 0.98472 0.9833 0.97902 0.98318 0.98828 0.98072 0.93638 0.84008 0.65657 0.39854 0.15331 0.035551 0.076568 0.1963 0.37585 0.53389 0.60459 0.62432 0.62418 0.70956
0.064022 -0.23665 0.50512 0.60443 -0.63622 -0.20503 -0.31884 0.51083 -0.2498 -0.36926 0.93372 -0.63042 -0.99234 0.86054 0.68736 0.028839 -0.56878 -0.92147 -0.99709 -0.8902 -0.69432 -0.48298 -0.23811 0.045414 0.37206 0.6492 0.82218 0.91317 0.95505 0.96637 0.97417 0.97785 0.97391 0.94998 0.90955 0.81668 0.67334 0.44442 0.1586 -0.0909 -0.2022 -0.15633 -0.030585 0.16101 0.33788 0.42231 0.44881 0.45255 0.55591
0.050086 0.17303 -0.32652 -0.014706 0.24818 -0.19253 0.66889 -0.46517 0.63312 -0.90924 0.62449 0.068793 -0.75038 0.4001 0.98013 0.57691 -0.050928 -0.60278 -0.90205 -0.99951 -0.94026 -0.80881 -0.61131 -0.34723 -0.0028195 0.33128 0.57452 0.72698 0.81391 0.84776 0.87 0.88682 0.88042 0.83462 0.76919 0.63912 0.46254 0.20642 -0.087388 -0.32571 -0.42457 -0.37694 -0.25217 -0.058295 0.12906 0.22382 0.25662 0.2648 0.38245
-0.12458 -0.10223 0.044639 -0.52712 0.54107 0.093662 0.73746 -0.91328 0.93022 -0.7546 -0.077485 0.71833 -0.15378 -0.21852 0.90734 0.92734 0.47361 -0.13016 -0.59329 -0.89031 -0.99613 -0.9827 -0.87655 -0.68012 -0.37127 -0.025325 0.26016 0.46036 0.5877 0.64582 0.68536 0.71848 0.71473 0.65517 0.57363 0.4192 0.22411 -0.0409 -0.3241 -0.53793 -0.61999 -0.57418 -0.45751 -0.27124 -0.082279 0.01873 0.056756 0.069414 0.19696
0.028779 0.04223 0.17978 0.39361 -0.2838 0.20582 -0.14481 -0.39242 0.41315 -0.053886 -0.71704 0.9754 0.50402 -0.73823 0.51249 0.97842 0.85557 0.36813 -0.15257 -0.59617 -0.86048 -0.98151 -0.99621 -0.90651 -0.68272 -0.373 -0.080126 0.14692 0.30414 0.38432 0.44112 0.49115 0.49387 0.42854 0.33976 0.17413 -0.025045 -0.28174 -0.53805 -0.71676 -0.77933 -0.73914 -0.63738 -0.46818 -0.28655 -0.18383 -0.14218 -0.12552 0.0070929
0.1049 0.00091771 -0.22357 0.19815 -0.47351 0.030805 -0.81589 0.51334 -0.44061 0.67007 -0.9138 0.72682 0.92524 -0.96132 -0.052767 0.7288 0.99686 0.76769 0.3152 -0.18581 -0.56774 -0.8139 -0.95863 -0.99891 -0.89834 -0.66909 -0.40581 -0.17732 -0.0054353 0.090846 0.16183 0.22665 0.23786 0.17385 0.085877 -0.078569 -0.26867 -0.50198 -0.71813 -0.85411 -0.89609 -0.86523 -0.78453 -0.641 -0.47527 -0.3756 -0.33233 -0.31258 -0.17998
-0.083427 -0.029061 0.094381 -0.45869 0.25735 -0.15687 -0.47536 0.88873 -0.91651 0.92097 -0.57628 0.12091 0.93849 -0.81825 -0.59152 0.26693 0.87141 0.97766 0.7075 0.2545 -0.17798 -0.51543 -0.77707 -0.95085 -0.99489 -0.88056 -0.68126 -0.47808 -0.30963 -0.20628 -0.12689 -0.051889 -0.032109 -0.089245 -0.16981 -0.32227 -0.49217 -0.68984 -0.85606 -0.94478 -0.96649 -0.94831 -0.89381 -0.78332 -0.64129 -0.5494 -0.50679 -0.48523 -0.35774
0.026099 0.047663 0.065888 0.084019 0.43509 -0.13109 0.41131 0.4045 -0.65736 0.55693 0.078084 -0.53276 0.55773 -0.37923 -0.93081 -0.26434 0.52414 0.95845 0.9458 0.63956 0.23648 -0.13986 -0.48496 -0.77555 -0.966 -0.98694 -0.87913 -0.72617 -0.58003 -0.48064 -0.40064 -0.32206 -0.29552 -0.34207 -0.41042 -0.54223 -0.68332 -0.83635 -0.9465 -0.9864 -0.98935 -0.9866 -0.96224 -0.8906 -0.77899 -0.69935 -0.65984 -0.63801 -0.52055
0.037185 -0.062805 -0.099161 0.34257 -0.18861 0.043331 0.79608 -0.44107 0.099943 -0.15653 0.67624 -0.92641 -0.043309 0.186 -0.97378 -0.71383 0.051999 0.72519 0.98909 0.90108 0.6048 0.25133 -0.12892 -0.50195 -0.82111 -0.98126 -0.98241 -0.89992 -0.79358 -0.70986 -0.63816 -0.56384 -0.53394 -0.56812 -0.62136 -0.72634 -0.83272 -0.93552 -0.98704 -0.97926 -0.96586 -0.98054 -0.98882 -0.96011 -0.88432 -0.82097 -0.78697 -0.76657 -0.6637
-0.10217 0.079072 -0.014685 -0.22203 -0.41093 0.15482 0.28515 -0.86598 0.76596 -0.75723 0.90496 -0.89424 -0.61726 0.67763 -0.72124 -0.96418 -0.4253 0.33853 0.83803 0.99822 0.86922 0.59906 0.23921 -0.1693 -0.58265 -0.86941 -0.98513 -0.98642 -0.93412 -0.87712 -0.82269 -0.76091 -0.7321 -0.75394 -0.79106 -0.86555 -0.9341 -0.98438 -0.97802 -0.92601 -0.89928 -0.93247 -0.97444 -0.9909 -0.95482 -0.91119 -0.885 -0.86777 -0.78353
0.084238 -0.098122 0.1255 -0.18991 0.090329 0.09111 -0.51247 -0.52309 0.86468 -0.88832 0.66592 -0.47073 -0.94616 0.936 -0.26112 -0.95926 -0.79602 -0.11313 0.5304 0.92189 0.99292 0.85517 0.56999 0.1789 -0.28204 -0.66814 -0.89171 -0.98184 -0.99305 -0.97191 -0.94283 -0.90141 -0.87867 -0.88972 -0.91134 -0.95412 -0.98427 -0.9828 -0.92219 -0.83127 -0.79456 -0.8464 -0.92161 -0.98361 -0.98956 -0.9683 -0.95198 -0.93961 -0.8774
-0.012421 0.11788 -0.072443 0.24393 0.37926 -0.07101 -0.74408 0.25268 0.35643 -0.49717 0.10162 0.14536 -0.91978 0.88919 0.26604 -0.71212 -0.9812 -0.53482 0.1301 0.69292 0.96356 0.98808 0.82262 0.50061 0.044839 -0.4021 -0.71548 -0.89081 -0.96927 -0.99024 -0.99283 -0.97832 -0.96657 -0.96949 -0.97754 -0.98954 -0.98301 -0.93321 -0.82436 -0.70119 -0.65793 -0.72758 -0.83416 -0.94028 -0.98895 -0.9919 -0.98717 -0.98121 -0.94369
-0.02941 -0.13259 -0.10993 0.072393 0.023457 -0.16067 -0.21259 0.79787 -0.38195 0.16736 -0.49966 0.69083 -0.56422 0.56637 0.71172 -0.29448 -0.94875 -0.84475 -0.2872 0.35543 0.79252 0.98547 0.96923 0.76007 0.36199 -0.10054 -0.47644 -0.72513 -0.86851 -0.93426 -0.97239 -0.98948 -0.99301 -0.99112 -0.98847 -0.97241 -0.93277 -0.84018 -0.6909 -0.54304 -0.4965 -0.58222 -0.71699 -0.86414 -0.95466 -0.98277 -0.99093 -0.99271 -0.98175
0.048176 0.13433 0.19587 -0.20612 -0.31911 -0.081374 0.50651 0.69024 -0.85166 0.72518 -0.85518 0.95087 -0.018524 0.078223 0.96047 0.18662 -0.71553 -0.98876 -0.64858 -0.032587 0.51081 0.85388 0.99697 0.93122 0.63718 0.20605 -0.19875 -0.50197 -0.7021 -0.81144 -0.88611 -0.93718 -0.9592 -0.95603 -0.94606 -0.90601 -0.83822 -0.71002 -0.52932 -0.36472 -0.31786 -0.41706 -0.57574 -0.75936 -0.88939 -0.94271 -0.96459 -0.97515 -0.9918
-0.074223 -0.11613 -0.03858 -0.0030591 -0.13073 0.092517 0.71186 0.051186 -0.76608 0.88355 -0.81617 0.83801 0.52433 -0.42434 0.95675 0.61741 -0.33871 -0.94772 -0.89603 -0.40977 0.1626 0.61593 0.908 0.99962 0.84481 0.48903 0.091874 -0.2419 -0.48557 -0.63348 -0.74273 -0.82755 -0.86986 -0.86875 -0.85496 -0.79587 -0.70585 -0.55025 -0.34778 -0.17439 -0.1297 -0.23912 -0.41648 -0.63078 -0.79666 -0.87438 -0.91032 -0.93037 -0.97485
0.087221 0.075884 -0.19887 0.14953 0.21973 0.18263 0.24763 -0.6069 -0.20721 0.58063 -0.41957 0.4122 0.88677 -0.79775 0.71289 0.90391 0.099925 -0.73734 -0.99448 -0.72093 -0.20222 0.30578 0.71767 0.96273 0.96783 0.72401 0.37053 0.033114 -0.23697 -0.41504 -0.554 -0.66981 -0.73258 -0.73632 -0.72201 -0.64928 -0.54342 -0.36913 -0.15468 0.019914 0.060479 -0.055352 -0.24549 -0.48369 -0.68061 -0.78109 -0.83094 -0.86083 -0.93256
-0.066046 -0.019758 0.20286 -0.030876 0.20153 0.085291 -0.42035 -0.80136 0.46324 -0.0075918 0.14749 -0.15649 0.96196 -0.94504 0.29918 0.99047 0.51259 -0.4019 -0.93511 -0.92448 -0.53524 -0.036226 0.45148 0.82903 0.99847 0.89267 0.61516 0.30159 0.024664 -0.17243 -0.33374 -0.47537 -0.55709 -0.56769 -0.55564 -0.47473 -0.35947 -0.17526 0.04171 0.2106 0.24568 0.12761 -0.068961 -0.32359 -0.54583 -0.66671 -0.7298 -0.76953 -0.86718
0.030634 -0.038075 0.06606 -0.094543 -0.090743 -0.11314 -0.69113 -0.42105 0.84672 -0.57903 0.64158 -0.65988 0.73986 -0.83728 -0.17888 0.86781 0.82286 -0.0036852 -0.73402 -0.99695 -0.79568 -0.36897 0.14122 0.61598 0.93805 0.9837 0.80802 0.5441 0.2808 0.077673 -0.09663 -0.25689 -0.35451 -0.37298 -0.36529 -0.28136 -0.16287 0.022873 0.23363 0.39078 0.41958 0.30363 0.10717 -0.15599 -0.39713 -0.5354 -0.61061 -0.6598 -0.78136
-0.0098063 0.080314 -0.25929 0.047186 -0.20863 -0.21298 -0.3612 0.23774 0.73989 -0.86318 0.86757 -0.92781 0.30041 -0.51425 -0.60862 0.57024 0.97865 0.38918 -0.42732 -0.93439 -0.95475 -0.65539 -0.17906 0.34744 0.79595 0.99306 0.93668 0.74454 0.51461 0.31933 0.14267 -0.027504 -0.13654 -0.16291 -0.16087 -0.078522 0.037615 0.21724 0.41403 0.55445 0.57674 0.46728 0.27742 0.013776 -0.23938 -0.3915 -0.47731 -0.53523 -0.67811
0.0059784 -0.095208 0.094843 0.049143 -0.034043 -0.10229 0.25343 0.71652 0.22719 -0.74347 0.75039 -0.8816 -0.21891 -0.067275 -0.89639 0.1644 0.95917 0.71438 -0.063815 -0.75091 -0.99793 -0.86622 -0.47673 0.050748 0.58792 0.92358 0.99442 0.89089 0.71198 0.53829 0.37047 0.20005 0.085127 0.05184 0.047813 0.12473 0.23371 0.40052 0.57684 0.69663 0.71266 0.61389 0.43689 0.18068 -0.077348 -0.23942 -0.33393 -0.39954 -0.56061
-0.0030515 0.083836 0.20464 -0.060258 0.1467 0.12286 0.63667 0.71352 -0.39499 -0.29381 0.35139 -0.55063 -0.66805 0.38855 -0.98612 -0.26693 0.77546 0.92461 0.30323 -0.47509 -0.92527 -0.98241 -0.72375 -0.2462 0.33416 0.78408 0.98019 0.9757 0.86211 0.72265 0.57469 0.41403 0.29949 0.26115 0.25144 0.31995 0.41789 0.56637 0.71702 0.81345 0.82389 0.73971 0.58137 0.34016 0.084408 -0.083417 -0.18445 -0.25643 -0.43217
-0.0087259 -0.059837 -0.1969 -0.017475 0.10927 0.24585 0.50415 0.25889 -0.79622 0.27353 -0.16856 -0.05216 -0.92712 0.74444 -0.8676 -0.64209 0.46531 0.99331 0.62387 -0.14491 -0.74998 -0.99609 -0.89893 -0.51744 0.057164 0.58804 0.89808 0.9961 0.9579 0.8634 0.7454 0.60423 0.49669 0.45586 0.44159 0.49964 0.58366 0.70953 0.83074 0.90217 0.90803 0.84188 0.70738 0.48819 0.24167 0.072415 -0.032735 -0.10954 -0.29613
0.02455 0.039246 -0.10483 0.078444 -0.046772 0.1397 -0.0062727 -0.34054 -0.78429 0.71265 -0.61735 0.45362 -0.93566 0.92272 -0.57408 -0.89548 0.084468 0.91659 0.85786 0.19776 -0.4956 -0.91032 -0.98927 -0.74111 -0.22035 0.35216 0.75659 0.95357 0.99603 0.95462 0.87517 0.76237 0.66834 0.62811 0.611 0.65746 0.72567 0.82595 0.91533 0.96119 0.96367 0.91846 0.81221 0.62132 0.39064 0.22429 0.11758 0.03769 -0.15573
-0.034322 -0.02673 0.22463 0.0046527 -0.10815 -0.1077 -0.48868 -0.71687 -0.38634 0.84936 -0.8422 0.81595 -0.70254 0.89136 -0.17131 -0.9877 -0.30407 0.71154 0.97897 0.51257 -0.1925 -0.73767 -0.99032 -0.9008 -0.4772 0.094834 0.56754 0.85341 0.97676 0.9935 0.95918 0.8823 0.80786 0.77157 0.75379 0.78836 0.83983 0.91277 0.96928 0.98993 0.9904 0.96837 0.89397 0.73677 0.528 0.3688 0.26314 0.18203 -0.014116
0.032948 0.011011 0.017925 -0.10238 -0.033646 -0.27288 -0.59669 -0.66377 0.18692 0.644 -0.77786 0.93652 -0.297 0.66655 0.25839 -0.90987 -0.64053 0.41184 0.97698 0.76516 0.12604 -0.49812 -0.9058 -0.98646 -0.69527 -0.16536 0.34505 0.70403 0.9036 0.98023 0.99525 0.96009 0.91053 0.88156 0.86553 0.88866 0.92333 0.96839 0.99218 0.98882 0.98868 0.99139 0.95147 0.83241 0.65095 0.50293 0.40095 0.32055 0.1258
-0.022589 0.022073 -0.20441 -0.017042 0.050914 -0.20159 -0.28138 -0.23658 0.6591 0.19328 -0.45941 0.79226 0.17438 0.3045 0.63341 -0.68215 -0.87711 0.061556 0.85732 0.93046 0.42748 -0.21647 -0.74642 -0.99455 -0.86049 -0.41094 0.10433 0.51614 0.78278 0.91767 0.98367 0.99402 0.97355 0.95511 0.9433 0.95605 0.97462 0.99232 0.98465 0.95915 0.95975 0.98803 0.9843 0.90673 0.75724 0.62412 0.52837 0.45066 0.26132
0.0087663 -0.067168 0.032366 0.12318 0.051489 0.052488 0.21103 0.30701 0.82112 -0.32033 -0.00087984 0.43438 0.59682 -0.11416 0.8878 -0.3477 -0.98383 -0.29168 0.639 0.99451 0.68323 0.08044 -0.52839 -0.92772 -0.96354 -0.62659 -0.13932 0.30195 0.62265 0.81098 0.92697 0.98446 0.99599 0.99088 0.98567 0.98958 0.99336 0.98513 0.94817 0.90296 0.90553 0.95949 0.99267 0.95889 0.84517 0.73029 0.64321 0.57009 0.39002
0.0041433 0.091661 0.16689 0.057747 0.0022592 0.2757 0.53998 0.66826 0.61729 -0.7049 0.44842 -0.0326 0.87492 -0.50309 0.98164 0.03644 -0.95116 -0.60315 0.35105 0.9549 0.87101 0.36626 -0.2715 -0.79399 -1 -0.79995 -0.3715 0.074265 0.43304 0.6671 0.82957 0.9336 0.97864 0.98908 0.9926 0.9895 0.98031 0.94833 0.88502 0.82289 0.8285 0.90754 0.97739 0.9886 0.91355 0.81984 0.74365 0.67699 0.50979
-0.0146 -0.060478 -0.047242 -0.12294 -0.020614 0.2786 0.5043 0.6691 0.15376 -0.82916 0.75297 -0.4832 0.95248 -0.78786 0.90551 0.40948 -0.78936 -0.83634 0.028332 0.81992 0.97638 0.61739 0.0027581 -0.60567 -0.97022 -0.92215 -0.57942 -0.15425 0.22459 0.49426 0.69742 0.84525 0.92381 0.95133 0.9653 0.95722 0.93716 0.88424 0.79805 0.72209 0.73158 0.83439 0.93981 0.99613 0.96174 0.8916 0.82833 0.76985 0.61883
0.023235 -0.021956 -0.13017 -0.11847 -0.0058436 0.053097 0.15313 0.33023 -0.36253 -0.66254 0.82995 -0.80488 0.82117 -0.91904 0.67925 0.71644 -0.52528 -0.96666 -0.29291 0.60674 0.99332 0.8147 0.27304 -0.37808 -0.87882 -0.98801 -0.75256 -0.37173 0.0081553 0.3015 0.53756 0.72447 0.83511 0.88044 0.90611 0.89507 0.86648 0.79582 0.69064 0.60402 0.61798 0.74267 0.88168 0.98222 0.98957 0.94489 0.89626 0.84754 0.71566
-0.031111 0.097485 0.037158 0.081463 0.002069 -0.22477 -0.27474 -0.16064 -0.71887 -0.27557 0.66801 -0.9246 0.5178 -0.87908 0.34591 0.91566 -0.19723 -0.98319 -0.57902 0.33888 0.92398 0.94468 0.51972 -0.12818 -0.73403 -0.99599 -0.883 -0.5677 -0.20575 0.098119 0.35775 0.57729 0.71717 0.78023 0.81824 0.8062 0.77146 0.68653 0.56648 0.47238 0.49113 0.63525 0.80513 0.94805 0.9973 0.97942 0.94687 0.90929 0.7991
0.038359 -0.098282 0.099374 0.17274 -0.016912 -0.3386 -0.51782 -0.55795 -0.78221 0.19352 0.32348 -0.82264 0.1124 -0.68247 -0.037273 0.98355 0.15093 -0.88872 -0.80223 0.043392 0.77772 1 0.7262 0.12671 -0.54682 -0.948 -0.96562 -0.73341 -0.40744 -0.10673 0.16601 0.41036 0.57537 0.65526 0.70567 0.69438 0.6558 0.56019 0.42945 0.33098 0.35456 0.51517 0.71254 0.89513 0.9856 0.9953 0.97994 0.95469 0.86831
-0.043669 0.017026 -0.012868 0.0083565 -0.029108 -0.19933 -0.44818 -0.68062 -0.54287 0.59021 -0.10164 -0.53218 -0.30918 -0.37019 -0.4092 0.91617 0.4758 -0.69814 -0.9429 -0.25195 0.56969 0.9795 0.8798 0.37011 -0.32995 -0.84892 -0.99812 -0.86222 -0.58843 -0.30444 -0.029639 0.23063 0.41562 0.51061 0.57289 0.56382 0.52356 0.42084 0.28353 0.1836 0.21178 0.38556 0.6065 0.82528 0.95547 0.99299 0.9956 0.98361 0.92274
0.044622 0.073931 -0.071671 -0.17967 -8.3489e-05 0.092238 -0.12849 -0.48861 -0.10592 0.79401 -0.49128 -0.12682 -0.66367 -0.00018302 -0.71454 0.72798 0.73966 -0.4357 -0.99076 -0.52121 0.31903 0.88774 0.97227 0.58734 -0.097086 -0.70608 -0.98089 -0.9496 -0.74169 -0.48728 -0.2216 0.045039 0.24402 0.3517 0.4247 0.41899 0.379 0.27258 0.13266 0.033913 0.066222 0.24957 0.4897 0.74053 0.9082 0.97326 0.99428 0.99624 0.96211
-0.038633 -0.090247 -0.016682 -0.12228 0.049738 0.32607 0.246 -0.085818 0.35893 0.75209 -0.74685 0.29954 -0.88631 0.36395 -0.91138 0.44825 0.91439 -0.13163 -0.94503 -0.74245 0.046981 0.73409 1 0.76631 0.1381 -0.52864 -0.91674 -0.99328 -0.86188 -0.64859 -0.40288 -0.13968 0.066698 0.18403 0.26607 0.2645 0.22641 0.11949 -0.01938 -0.11458 -0.078852 0.11027 0.36487 0.64308 0.84534 0.93714 0.97667 0.99303 0.98643
0.024264 0.024272 0.041371 0.10642 0.06158 0.3368 0.46953 0.34066 0.68469 0.48856 -0.81046 0.65487 -0.94124 0.66385 -0.97611 0.11597 0.98384 0.1816 -0.81362 -0.89915 -0.22498 0.53169 0.96377 0.89797 0.36269 -0.32694 -0.81054 -0.99304 -0.94535 -0.78302 -0.56736 -0.3173 -0.11045 0.013009 0.10196 0.10491 0.070037 -0.034499 -0.169 -0.25863 -0.2204 -0.029422 0.23474 0.53522 0.76861 0.8859 0.9437 0.97465 0.99592
-0.0025168 0.049513 0.043104 0.2005 0.0073438 0.11663 0.43609 0.6091 0.7652 0.090004 -0.67536 0.8682 -0.82546 0.85518 -0.90507 -0.22593 0.94457 0.47269 -0.61164 -0.98118 -0.47676 0.29615 0.86834 0.97664 0.56519 -0.11186 -0.6688 -0.95063 -0.9902 -0.8866 -0.70991 -0.4822 -0.28189 -0.15618 -0.06285 -0.055357 -0.086053 -0.18569 -0.31291 -0.39532 -0.35564 -0.16673 0.10196 0.41929 0.67987 0.82096 0.8965 0.94197 0.99102
-0.022382 -0.061837 -0.0040053 0.036375 -0.070635 -0.18651 0.18203 0.61806 0.5854 -0.32509 -0.38272 0.90224 -0.56638 0.91321 -0.71324 -0.53612 0.80506 0.71455 -0.3594 -0.98499 -0.69104 0.044283 0.72182 1 0.73599 0.10576 -0.49923 -0.86945 -0.9962 -0.95674 -0.8265 -0.62957 -0.44264 -0.31877 -0.22386 -0.21217 -0.23807 -0.33069 -0.44816 -0.52206 -0.48212 -0.29914 -0.030958 0.29764 0.58107 0.7439 0.83634 0.89604 0.97237
0.043339 0.019494 -0.057151 -0.17641 -0.095928 -0.37399 -0.14939 0.37902 0.21741 -0.64215 -0.0074469 0.75777 -0.2143 0.83481 -0.43062 -0.77968 0.5838 0.88644 -0.080222 -0.91335 -0.85426 -0.20711 0.53482 0.96892 0.86774 0.31566 -0.31027 -0.75429 -0.96461 -0.99224 -0.91424 -0.75546 -0.58837 -0.47046 -0.37697 -0.36173 -0.38256 -0.46647 -0.57218 -0.63665 -0.59772 -0.42436 -0.16163 0.17256 0.47422 0.65639 0.76462 0.83803 0.94075
-0.052419 0.023903 -0.040106 -0.17456 -0.03384 -0.32677 -0.39127 -4.9359e-05 -0.21126 -0.78104 0.362 0.47007 0.16811 0.63692 -0.096956 -0.93154 0.30642 0.97542 0.20184 -0.77453 -0.95726 -0.44235 0.31966 0.88714 0.95546 0.50859 -0.11067 -0.61099 -0.89804 -0.9932 -0.97138 -0.85685 -0.71544 -0.60755 -0.51853 -0.50066 -0.51646 -0.5904 -0.68281 -0.73727 -0.70064 -0.54041 -0.28789 0.046245 0.36132 0.56018 0.68285 0.76921 0.89709
0.044136 -0.038387 0.049295 0.035748 0.07003 -0.075943 -0.43575 -0.36631 -0.56337 -0.71388 0.6446 0.099036 0.51735 0.35235 0.24414 -0.97846 0.0025486 0.97677 0.46403 -0.58126 -0.9955 -0.6477 0.089464 0.76084 0.99666 0.67665 0.090929 -0.44616 -0.80024 -0.9609 -0.99729 -0.93164 -0.82099 -0.72695 -0.64543 -0.62608 -0.63717 -0.70027 -0.77831 -0.8225 -0.78948 -0.64558 -0.40776 -0.079207 0.24434 0.45701 0.59256 0.69095 0.84243
-0.019283 0.027073 0.082979 0.20356 0.12666 0.22432 -0.27725 -0.58416 -0.73513 -0.46728 0.7836 -0.28402 0.77928 0.023786 0.55091 -0.91944 -0.29751 0.89375 0.68658 -0.34936 -0.96898 -0.81214 -0.14264 0.59806 0.9912 0.81352 0.28635 -0.26679 -0.6758 -0.89768 -0.99235 -0.97868 -0.90296 -0.82625 -0.75513 -0.7356 -0.74253 -0.79433 -0.85736 -0.89131 -0.86317 -0.73848 -0.51952 -0.20186 0.1252 0.34865 0.49534 0.60463 0.77787
-0.013288 0.0060539 -0.013556 0.13922 0.081579 0.39563 -0.0026527 -0.58306 -0.68419 -0.11056 0.75631 -0.6103 0.91686 -0.30293 0.78835 -0.76476 -0.56571 0.7366 0.85402 -0.096345 -0.88184 -0.92769 -0.36424 0.40817 0.94107 0.91461 0.46817 -0.079972 -0.52999 -0.80672 -0.95787 -0.99767 -0.96004 -0.90371 -0.84566 -0.82732 -0.83086 -0.87125 -0.91904 -0.94305 -0.92097 -0.81801 -0.62167 -0.31993 0.0057462 0.23681 0.39275 0.51169 0.70461
0.038733 -0.044712 -0.1086 -0.07756 -0.03627 0.34063 0.25848 -0.37602 -0.43617 0.2651 0.57563 -0.82541 0.91426 -0.58514 0.93169 -0.53395 -0.77869 0.52106 0.956 0.15989 -0.74173 -0.98969 -0.56424 0.20126 0.85019 0.97712 0.62996 0.10735 -0.36846 -0.69189 -0.89596 -0.98915 -0.99169 -0.95824 -0.91564 -0.89992 -0.90097 -0.93016 -0.96285 -0.97744 -0.96251 -0.88337 -0.713 -0.43183 -0.11231 0.12316 0.28636 0.41356 0.62385
-0.042932 0.039581 -0.045962 -0.20634 -0.13622 0.093552 0.39519 -0.046414 -0.070886 0.57038 0.28424 -0.89739 0.77743 -0.78861 0.96839 -0.25297 -0.91954 0.26665 0.98759 0.40235 -0.55906 -0.99674 -0.73334 -0.012374 0.72399 1 0.76643 0.28864 -0.19705 -0.55759 -0.80942 -0.95437 -0.99804 -0.98938 -0.96424 -0.95253 -0.95209 -0.97058 -0.98863 -0.99451 -0.98767 -0.93404 -0.79249 -0.53615 -0.22737 0.0092926 0.17766 0.31162 0.53684
0.021348 0.0261 0.097926 -0.11559 -0.13813 -0.2066 0.35984 0.28763 0.30505 0.73835 -0.056478 -0.82014 0.53129 -0.89115 0.89849 0.04887 -0.9787 -0.0052689 0.94919 0.61599 -0.3461 -0.9505 -0.86437 -0.22279 0.56909 0.98381 0.87358 0.458 -0.02155 -0.40852 -0.70156 -0.89521 -0.97987 -0.99728 -0.99119 -0.9848 -0.98392 -0.99244 -0.99661 -0.99462 -0.99667 -0.96978 -0.85942 -0.6317 -0.33797 -0.1033 0.068115 0.20726 0.44481
0.015474 -0.069081 0.10946 0.090333 -0.035309 -0.39771 0.18011 0.51598 0.58973 0.7376 -0.37991 -0.6121 0.21459 -0.88429 0.73351 0.3421 -0.9542 -0.27329 0.84605 0.78851 -0.11615 -0.85537 -0.95243 -0.42076 0.3929 0.93062 0.94869 0.61027 0.15247 -0.24953 -0.57612 -0.81407 -0.93852 -0.98261 -0.99669 -0.99682 -0.99654 -0.99601 -0.98728 -0.97838 -0.98996 -0.9906 -0.91327 -0.71746 -0.44282 -0.21322 -0.040913 0.10179 0.34898
-0.045395 0.0089591 -0.040721 0.19883 0.10032 -0.38159 -0.06123 0.57138 0.71263 0.57591 -0.62706 -0.31125 -0.12667 -0.77313 0.49429 0.59983 -0.8512 -0.51759 0.68752 0.91089 0.11737 -0.71801 -0.99497 -0.59821 0.20325 0.84376 0.99034 0.74117 0.31982 -0.08548 -0.43704 -0.71379 -0.87582 -0.94653 -0.98142 -0.98909 -0.99043 -0.98191 -0.96145 -0.94667 -0.96821 -0.99673 -0.95376 -0.79264 -0.54076 -0.31922 -0.14814 -0.0035478 0.25056
0.047875 0.075379 -0.14345 0.10969 0.1718 -0.17057 -0.26556 0.44635 0.64989 0.29502 -0.7567 0.032517 -0.44604 -0.57457 0.20798 0.80005 -0.68093 -0.72132 0.48604 0.97769 0.34163 -0.54678 -0.99172 -0.74838 0.0080354 0.72759 0.99835 0.84735 0.47582 0.078928 -0.28843 -0.59751 -0.79397 -0.89058 -0.94644 -0.96247 -0.96638 -0.95101 -0.92014 -0.90053 -0.93229 -0.98863 -0.98081 -0.85663 -0.6308 -0.42014 -0.25239 -0.10758 0.15069
-0.019849 -0.041488 -0.049912 -0.079465 0.12689 0.12582 -0.35819 0.18942 0.42608 -0.041238 -0.75106 0.36599 -0.70283 -0.31435 -0.095149 0.92723 -0.4593 -0.87151 0.25609 0.98704 0.54508 -0.35124 -0.94448 -0.86609 -0.18511 0.58729 0.97366 0.92647 0.61641 0.23926 -0.13439 -0.46856 -0.6955 -0.81667 -0.89317 -0.91815 -0.92546 -0.90446 -0.86458 -0.84121 -0.88326 -0.96691 -0.99456 -0.909 -0.71212 -0.51497 -0.35258 -0.20922 0.050465
-0.018424 -0.065541 0.11629 -0.18574 -0.006393 0.36104 -0.31354 -0.11518 0.10361 -0.36202 -0.61687 0.64081 -0.86685 -0.023479 -0.38505 0.97307 -0.20525 -0.95974 0.013059 0.9405 0.71795 -0.14154 -0.85691 -0.94779 -0.36909 0.42856 0.91825 0.97711 0.73822 0.39147 0.021108 -0.33038 -0.58316 -0.72696 -0.82329 -0.85759 -0.869 -0.84359 -0.79616 -0.77008 -0.82228 -0.93237 -0.99528 -0.94953 -0.78406 -0.60285 -0.44775 -0.30746 -0.049069
0.036162 0.062272 0.13179 -0.11845 -0.1407 0.42441 -0.15851 -0.37594 -0.23579 -0.60434 -0.38209 0.82002 -0.9213 0.26565 -0.63474 0.93671 0.060954 -0.98229 -0.22774 0.84268 0.85261 0.072129 -0.73416 -0.99156 -0.53755 0.2574 0.83495 0.99883 0.83857 0.53194 0.17426 -0.18643 -0.45984 -0.62384 -0.73874 -0.78246 -0.79852 -0.7699 -0.71641 -0.68861 -0.75064 -0.88592 -0.98345 -0.97812 -0.84609 -0.68302 -0.53705 -0.40142 -0.14695
-0.017475 0.049552 -0.024296 0.049545 -0.18874 0.29055 0.043447 -0.52107 -0.51212 -0.72468 -0.089385 0.88239 -0.86377 0.5228 -0.82258 0.82412 0.31934 -0.94006 -0.45206 0.7007 0.9438 0.27997 -0.5826 -0.99708 -0.68509 0.079879 0.7273 0.99203 0.91556 0.65757 0.32156 -0.040102 -0.32849 -0.5098 -0.6416 -0.69459 -0.71569 -0.68501 -0.62692 -0.59833 -0.6697 -0.8286 -0.95965 -0.99487 -0.89787 -0.75488 -0.61975 -0.49029 -0.24227
-0.021413 -0.070297 -0.15032 0.16447 -0.1193 0.025255 0.21894 -0.51676 -0.66534 -0.70564 0.21204 0.82395 -0.70527 0.72287 -0.93386 0.64708 0.55169 -0.83807 -0.64744 0.52363 0.98867 0.47303 -0.40939 -0.96551 -0.80734 -0.098085 0.59937 0.95791 0.96802 0.76584 0.45985 0.10538 -0.19206 -0.38741 -0.53408 -0.59595 -0.62231 -0.59064 -0.52936 -0.50082 -0.58088 -0.76153 -0.9246 -1 -0.93918 -0.81796 -0.69522 -0.57337 -0.33422
0.042776 -0.034352 -0.089508 0.13327 0.025246 -0.25021 0.31094 -0.3726 -0.6671 -0.55682 0.47477 0.65714 -0.46788 0.84802 -0.96153 0.42178 0.74269 -0.68488 -0.80383 0.32184 0.98676 0.64353 -0.22213 -0.8993 -0.90108 -0.2709 0.45561 0.89835 0.99546 0.85476 0.58633 0.24697 -0.053451 -0.25926 -0.41846 -0.48856 -0.52022 -0.48855 -0.42543 -0.39769 -0.48561 -0.68589 -0.87911 -0.99385 -0.96992 -0.87188 -0.76296 -0.65005 -0.42207
-0.022282 0.068425 0.07832 -0.005514 0.15785 -0.41598 0.29581 -0.13475 -0.52406 -0.31076 0.66037 0.40778 -0.18129 0.88883 -0.90623 0.16716 0.88077 -0.4917 -0.91394 0.10635 0.9398 0.78509 -0.028564 -0.80204 -0.96421 -0.43347 0.30065 0.81582 0.99808 0.92294 0.69866 0.3819 0.084588 -0.1279 -0.29701 -0.37451 -0.41132 -0.38052 -0.31679 -0.29049 -0.38533 -0.60289 -0.82407 -0.97689 -0.99014 -0.91644 -0.82257 -0.71985 -0.50516
-0.023257 0.022688 0.14973 -0.12964 0.20056 -0.40475 0.18699 0.12985 -0.27333 -0.015093 0.7444 0.11064 0.12113 0.84456 -0.77559 -0.096698 0.95859 -0.27152 -0.97344 -0.11175 0.85147 0.89293 0.16379 -0.67817 -0.99577 -0.5813 0.1392 0.71326 0.97668 0.96956 0.79494 0.5077 0.21946 0.0042184 -0.17199 -0.25584 -0.2975 -0.2683 -0.20512 -0.18078 -0.28148 -0.51378 -0.76045 -0.94968 -1 -0.95149 -0.87376 -0.78235 -0.58291
0.048147 -0.060276 0.047055 -0.14205 0.12938 -0.22618 0.026173 0.35263 0.028066 0.27707 0.71881 -0.19565 0.40627 0.72249 -0.58304 -0.35023 0.9732 -0.038181 -0.98094 -0.3219 0.72709 0.96387 0.3479 -0.53285 -0.99586 -0.71057 -0.024147 0.59397 0.93259 0.99432 0.87371 0.6222 0.34878 0.13476 -0.045589 -0.13457 -0.18063 -0.15364 -0.092003 -0.070051 -0.17543 -0.41981 -0.68925 -0.91285 -0.99975 -0.97703 -0.91635 -0.83724 -0.65485
-0.025066 -0.014205 -0.10364 -0.044054 -0.014823 0.04253 -0.13307 0.48075 0.31662 0.51666 0.59173 -0.47365 0.64481 0.53659 -0.34624 -0.57573 0.9259 0.19452 -0.93788 -0.51453 0.57323 0.99644 0.5174 -0.37163 -0.96556 -0.81824 -0.18498 0.46146 0.86761 0.99744 0.93396 0.7236 0.4704 0.26154 0.080106 -0.012643 -0.062491 -0.038186 0.021017 0.040287 -0.068531 -0.32222 -0.6115 -0.86713 -0.98973 -0.99315 -0.95023 -0.88431 -0.72055
-0.021292 0.049142 -0.13359 0.078706 -0.15233 0.29224 -0.2431 0.48849 0.5357 0.66648 0.38498 -0.69154 0.81398 0.30572 -0.085342 -0.75847 0.82178 0.41359 -0.84817 -0.68141 0.39733 0.99069 0.66684 -0.20029 -0.90682 -0.90205 -0.33922 0.31939 0.78393 0.97959 0.97513 0.81045 0.58244 0.38259 0.20314 0.1081 0.055187 0.076472 0.1325 0.1489 0.037946 -0.22221 -0.52825 -0.81329 -0.97039 -1 -0.97541 -0.9234 -0.77969
0.038285 0.0070741 -0.020085 0.13232 -0.20975 0.42681 -0.27566 0.38071 0.64599 0.70622 0.12985 -0.82638 0.89932 0.051586 0.17879 -0.8875 0.66914 0.60754 -0.71786 -0.81594 0.20733 0.94815 0.79177 -0.02461 -0.82233 -0.96054 -0.48319 0.17145 0.68403 0.94184 0.99707 0.88165 0.68329 0.49612 0.3217 0.22593 0.17079 0.18885 0.2411 0.25454 0.1428 -0.12095 -0.44055 -0.75212 -0.94222 -0.99785 -0.99195 -0.95447 -0.83201
-0.0075338 -0.038044 0.1062 0.085286 -0.15843 0.39882 -0.22778 0.1888 0.63153 0.63431 -0.13781 -0.86602 0.89549 -0.20338 0.42625 -0.9561 0.47872 0.76688 -0.55461 -0.91335 0.011293 0.87163 0.88882 0.14982 -0.71539 -0.993 -0.61367 0.021247 0.57061 0.88564 1 0.93646 0.77162 0.60058 0.43416 0.33926 0.28283 0.29759 0.34558 0.35609 0.24493 -0.019566 -0.34945 -0.68448 -0.90578 -0.98701 -1 -0.97753 -0.87733
-0.029164 0.00047634 0.11577 -0.017412 -0.026533 0.22377 -0.11948 -0.039154 0.50065 0.46652 -0.38276 -0.80962 0.80608 -0.43799 0.63947 -0.96188 0.26288 0.88448 -0.36724 -0.97073 -0.18292 0.76502 0.95575 0.31777 -0.58976 -0.99947 -0.72795 -0.12775 0.44652 0.81272 0.98451 0.97446 0.8464 0.69465 0.53906 0.44668 0.38994 0.40143 0.44483 0.45252 0.34331 0.080895 -0.25596 -0.61122 -0.86168 -0.96787 -0.99979 -0.99265 -0.91553
0.021239 0.030082 0.011215 -0.097342 0.11854 -0.030221 0.014582 -0.25071 0.28232 0.23212 -0.57482 -0.6668 0.64254 -0.63392 0.80436 -0.90664 0.03474 0.95575 -0.16521 -0.98702 -0.36796 0.63304 0.99142 0.47446 -0.44949 -0.98064 -0.82388 -0.2723 0.31468 0.72504 0.9515 0.99557 0.90688 0.77724 0.63515 0.5469 0.49089 0.49927 0.53788 0.54293 0.43702 0.17944 -0.16106 -0.53321 -0.81056 -0.94088 -0.99158 -1 -0.94657
0.021086 -0.0088019 -0.093952 -0.10236 0.20581 -0.2706 0.13637 -0.401 0.01918 -0.031633 -0.69225 -0.45583 0.4225 -0.777 0.91104 -0.79589 -0.19261 0.9787 0.041889 -0.96295 -0.53723 0.48106 0.99575 0.61575 -0.29884 -0.93784 -0.89984 -0.40942 0.178 0.62475 0.90213 1 0.95257 0.84751 0.72136 0.63883 0.58462 0.59013 0.62385 0.62653 0.52524 0.27516 -0.065712 -0.45132 -0.75311 -0.90651 -0.97572 -0.99977 -0.97045
-0.036038 -0.02818 -0.10109 -0.038501 0.19511 -0.41449 0.21503 -0.46158 -0.24115 -0.28556 -0.72377 -0.20098 0.16768 -0.85801 0.95417 -0.63825 -0.40687 0.95385 0.24476 -0.90082 -0.68509 0.31483 0.96965 0.73814 -0.14209 -0.87289 -0.95478 -0.53647 0.039344 0.51412 0.83779 0.98822 0.98327 0.90483 0.79683 0.72155 0.6702 0.67317 0.70201 0.70266 0.60725 0.36721 0.029194 -0.3664 -0.69002 -0.86529 -0.95257 -0.9922 -0.98723
-0.0029617 0.015859 -0.016527 0.042965 0.093977 -0.41635 0.23407 -0.42486 -0.45463 -0.49433 -0.66901 0.070382 -0.098336 -0.87298 0.93304 -0.44467 -0.59708 0.88396 0.43481 -0.80433 -0.80696 0.14023 0.91491 0.83887 0.016534 -0.78807 -0.98817 -0.65116 -0.098547 0.39549 0.76008 0.96095 0.99899 0.94882 0.86091 0.79429 0.74686 0.74769 0.77178 0.77077 0.68245 0.45484 0.12281 -0.27928 -0.62201 -0.81778 -0.92256 -0.9776 -0.99702
0.042486 0.033856 0.071901 0.086564 -0.049033 -0.2804 0.19376 -0.30362 -0.58792 -0.63107 -0.53772 0.33085 -0.35235 -0.82312 0.85121 -0.22762 -0.75418 0.77382 0.60444 -0.67831 -0.89947 -0.03687 0.83409 0.91593 0.173 -0.686 -1 -0.75157 -0.2331 0.27123 0.67072 0.91913 1 0.9793 0.91311 0.85649 0.81399 0.81313 0.83267 0.83042 0.75032 0.53738 0.21434 -0.19079 -0.54978 -0.76455 -0.88613 -0.95631 -1
-0.022679 -0.017248 0.087613 0.069562 -0.16899 -0.055513 0.10906 -0.12654 -0.62293 -0.6803 -0.34781 0.55563 -0.57347 -0.71433 0.71596 -0.00023528 -0.87129 0.62976 0.74733 -0.52845 -0.9604 -0.21086 0.73035 0.96803 0.32354 -0.56957 -0.99072 -0.83619 -0.36193 0.14366 0.57154 0.86386 0.98676 0.99629 0.95315 0.90772 0.87112 0.86906 0.88434 0.8813 0.81046 0.61425 0.30307 -0.1017 -0.47404 -0.70619 -0.84376 -0.92868 -0.99636
-0.029892 -0.045317 0.029411 0.011395 -0.21432 0.18374 0.0040511 0.068971 -0.55843 -0.63913 -0.12267 0.72472 -0.74469 -0.55638 0.53758 0.22449 -0.94389 0.45934 0.8586 -0.36101 -0.98877 -0.37651 0.60736 0.99465 0.46474 -0.44183 -0.96119 -0.9039 -0.4829 0.015055 0.46444 0.79641 0.95991 1 0.98092 0.94772 0.91792 0.9152 0.92656 0.92318 0.86255 0.68495 0.38832 -0.012753 -0.39551 -0.6433 -0.79594 -0.89512 -0.98633
0.036681 0.0080192 -0.042815 -0.045505 -0.16808 0.36244 -0.094903 0.24479 -0.40881 -0.51654 0.11182 0.82446 -0.85397 -0.36195 0.32844 0.43441 -0.96994 0.27088 0.93489 -0.18257 -0.98469 -0.52915 0.46912 0.99593 0.59359 -0.30592 -0.91269 -0.95395 -0.59413 -0.11242 0.35134 0.71816 0.92026 0.99081 0.99647 0.97639 0.95421 0.95136 0.9592 0.95597 0.90638 0.74905 0.46951 0.075347 -0.31487 -0.57649 -0.74318 -0.85604 -0.97019
0.010934 0.05614 -0.070274 -0.066135 -0.052618 0.42835 -0.16566 0.3693 -0.20057 -0.33131 0.33034 0.84826 -0.89486 -0.14554 0.10215 0.61881 -0.94971 0.07301 0.97439 0.00026007 -0.94934 -0.66472 0.31984 0.97265 0.70752 -0.16501 -0.84676 -0.98598 -0.694 -0.23674 0.23414 0.63057 0.86876 0.96924 1 0.99377 0.97993 0.97749 0.98225 0.97964 0.94183 0.80623 0.54609 0.16194 -0.23279 -0.50637 -0.68601 -0.81187 -0.94824
-0.035192 0.013628 -0.041618 -0.043466 0.082521 0.36589 -0.19483 0.42267 0.032715 -0.10885 0.51072 0.7967 -0.86655 0.077694 -0.12745 0.76891 -0.88564 -0.12567 0.97679 0.18106 -0.88485 -0.77988 0.16382 0.92617 0.80445 -0.022198 -0.76525 -1 -0.78118 -0.35603 0.11473 0.53516 0.80647 0.93597 0.99185 1 0.99513 0.99366 0.99579 0.99426 0.96884 0.85622 0.61761 0.24641 -0.14991 -0.43352 -0.62495 -0.76307 -0.92079
-0.0008942 -0.056487 0.010254 0.001828 0.18262 0.19796 -0.17971 0.39923 0.25592 0.12242 0.636 0.6769 -0.77354 0.29296 -0.34701 0.87816 -0.78208 -0.31701 0.94319 0.35383 -0.79411 -0.87206 0.0052745 0.85833 0.88279 0.11955 -0.6702 -0.99632 -0.85463 -0.4686 -0.0050762 0.4335 0.73452 0.89176 0.97248 0.99538 1 1 1 1 0.98745 0.89885 0.68367 0.3282 -0.066858 -0.35854 -0.56052 -0.71008 -0.88819
0.030463 -0.04241 0.044568 0.038569 0.2098 -0.023577 -0.12751 0.30726 0.43762 0.33475 0.69576 0.50142 -0.62487 0.48678 -0.54451 0.94243 -0.64493 -0.49356 0.87597 0.51314 -0.68067 -0.93945 -0.1517 0.77138 0.94143 0.25743 -0.5638 -0.97556 -0.91359 -0.57294 -0.12356 0.32715 0.65414 0.83748 0.94247 0.9803 0.99481 0.99677 0.99513 0.99708 0.99778 0.93401 0.74394 0.4068 0.015789 -0.282 -0.49324 -0.65337 -0.85079
-0.00028191 0.038105 0.04397 0.045748 0.15643 -0.23476 -0.052533 0.16616 0.55417 0.50427 0.68662 0.28679 -0.43316 0.64778 -0.70977 0.96002 -0.48125 -0.64887 0.77857 0.65428 -0.5486 -0.98103 -0.30328 0.66791 0.97977 0.38886 -0.44835 -0.93861 -0.95757 -0.66776 -0.23911 0.21765 0.56659 0.7741 0.90248 0.95525 0.97992 0.98431 0.98151 0.98579 1 0.96165 0.79814 0.48173 0.097472 -0.20444 -0.42363 -0.59339 -0.80897
-0.031328 0.065167 0.018541 0.023633 0.045686 -0.37809 0.027737 0.0021804 0.59242 0.61341 0.61206 0.051871 -0.21341 0.7672 -0.83489 0.93159 -0.2989 -0.77763 0.65534 0.77339 -0.40227 -0.99651 -0.44596 0.55074 0.99764 0.51154 -0.32619 -0.8866 -0.98637 -0.75198 -0.35023 0.10651 0.47315 0.70262 0.85326 0.92078 0.95578 0.96301 0.95953 0.96649 0.99434 0.9818 0.84607 0.5526 0.17767 -0.1264 -0.35219 -0.53061 -0.76309
0.00078329 -0.0015807 -0.010795 -0.0096763 -0.079454 -0.41766 0.096672 -0.15658 0.55057 0.65243 0.4815 -0.18391 0.018251 0.83927 -0.91457 0.85993 -0.1061 -0.87585 0.51128 0.86748 -0.24625 -0.98631 -0.57665 0.42287 0.99533 0.62342 -0.19965 -0.82082 -1 -0.82471 -0.45556 -0.0048059 0.37512 0.62409 0.7956 0.87755 0.92292 0.93333 0.92964 0.93959 0.98109 0.99454 0.88758 0.61904 0.25591 -0.048383 -0.27941 -0.46548 -0.71354
0.036164 -0.066441 -0.029155 -0.031804 -0.17337 -0.347 0.14176 -0.28493 0.43753 0.61982 0.30904 -0.40208 0.2457 0.86134 -0.94612 0.74972 0.088901 -0.94086 0.35183 0.93448 -0.08514 -0.95148 -0.69268 0.28735 0.97349 0.72279 -0.071042 -0.74277 -0.99874 -0.8853 -0.55391 -0.11493 0.27378 0.53959 0.73039 0.82624 0.88189 0.89581 0.89233 0.90553 0.96058 1 0.92257 0.68073 0.33175 0.029126 -0.20577 -0.39843 -0.6607
-0.0047302 -0.039493 -0.032379 -0.03017 -0.20427 -0.18852 0.15657 -0.36433 0.27087 0.52186 0.11175 -0.58655 0.45399 0.83379 -0.92949 0.60713 0.2782 -0.97135 0.18268 0.97325 0.076553 -0.89365 -0.79187 0.14726 0.93317 0.80825 0.057424 -0.65403 -0.98306 -0.93329 -0.64422 -0.22256 0.17039 0.45022 0.6585 0.7676 0.83334 0.851 0.84815 0.86482 0.93319 0.99837 0.951 0.73742 0.40477 0.10568 -0.13171 -0.32991 -0.60496
-0.039555 0.039393 -0.022343 -0.0083242 -0.1642 0.014408 0.14118 -0.38518 0.073869 0.37133 -0.092061 -0.72463 0.63018 0.75981 -0.86702 0.43946 0.45451 -0.96732 0.0095348 0.98355 0.23453 -0.81493 -0.87253 0.005627 0.87568 0.87871 0.18364 -0.55629 -0.95363 -0.96843 -0.7256 -0.32649 0.066163 0.35707 0.58086 0.70241 0.77793 0.79952 0.79765 0.81795 0.89934 0.98987 0.97289 0.7889 0.47461 0.18084 -0.05767 -0.26032 -0.54671
0.0098923 0.063469 -0.0026107 0.018015 -0.069831 0.20987 0.10134 -0.34746 -0.12785 0.18571 -0.28453 -0.80773 0.7641 0.64498 -0.7632 0.25475 0.61145 -0.92998 -0.16206 0.96595 0.38482 -0.71782 -0.93347 -0.13466 0.80262 0.93342 0.30566 -0.45129 -0.91127 -0.99063 -0.79731 -0.42564 -0.037726 0.26122 0.49841 0.63146 0.71634 0.74199 0.74144 0.76549 0.85947 0.97477 0.98828 0.835 0.54095 0.25423 0.015936 -0.19009 -0.4863
0.039022 0.0053733 0.020952 0.03154 0.045128 0.35078 0.046622 -0.25989 -0.30966 -0.015017 -0.44979 -0.83173 0.84877 0.49685 -0.62429 0.061341 0.74368 -0.86161 -0.3269 0.92179 0.52383 -0.60515 -0.97398 -0.27088 0.71581 0.97192 0.42167 -0.34079 -0.85696 -1 -0.85878 -0.51901 -0.14018 0.16372 0.41208 0.55559 0.64931 0.67907 0.68013 0.70798 0.81403 0.95338 0.99727 0.87559 0.6035 0.32547 0.08872 -0.11959 -0.42413
-0.012171 -0.055042 0.038292 0.023741 0.14239 0.40582 -0.011842 -0.13782 -0.45082 -0.21053 -0.5751 -0.79691 0.88061 0.32435 -0.45787 -0.13248 0.84707 -0.76545 -0.48023 0.85311 0.64846 -0.47994 -0.99384 -0.40051 0.61719 0.99407 0.53007 -0.22655 -0.79179 -0.99681 -0.9096 -0.60575 -0.24015 0.065596 0.3228 0.47561 0.57755 0.61143 0.61433 0.64599 0.76352 0.92602 1 0.91059 0.66201 0.39424 0.16032 -0.049194 -0.36054
-0.035698 -0.042963 0.037984 -0.0006899 0.1918 0.36555 -0.063568 -0.00040726 -0.5366 -0.38216 -0.65174 -0.70763 0.8594 0.13721 -0.27243 -0.31881 0.91874 -0.64548 -0.61788 0.76246 0.75609 -0.34538 -0.99326 -0.52132 0.50887 1 0.62945 -0.11029 -0.71694 -0.98149 -0.94948 -0.68509 -0.3367 -0.03219 0.23148 0.39234 0.50181 0.53974 0.54467 0.5801 0.70842 0.89305 0.99664 0.93997 0.71627 0.46023 0.23039 0.020743 -0.29589
0.0093339 0.01922 0.015189 -0.027213 0.18021 0.24295 -0.10049 0.13239 -0.55951 -0.5146 -0.67533 -0.57175 0.7881 -0.054585 -0.076869 -0.49047 0.95712 -0.50626 -0.73636 0.6529 0.84467 -0.2047 -0.97286 -0.63131 0.39297 0.9901 0.71861 0.0063259 -0.63367 -0.95456 -0.9783 -0.7564 -0.42894 -0.12871 0.139 0.30659 0.42282 0.46466 0.47179 0.51089 0.64924 0.85484 0.98738 0.96371 0.76609 0.52317 0.29862 0.08989 -0.23051
0.031756 0.051381 -0.021563 -0.040004 0.11408 0.068703 -0.11802 0.2427 -0.51958 -0.59706 -0.64595 -0.39982 0.67243 -0.24131 0.11988 -0.6412 0.96188 -0.35272 -0.8329 0.5278 0.91269 -0.061077 -0.93364 -0.72882 0.27169 0.96498 0.79655 0.1217 -0.54329 -0.9167 -0.99606 -0.81919 -0.51609 -0.2231 0.046225 0.21916 0.3413 0.38689 0.39629 0.43894 0.58649 0.8118 0.97247 0.98186 0.81134 0.58283 0.36471 0.15794 -0.16474
