-0.002498 -0.0062505 0.00026181 0.0077204 -0.041024 -0.053816 -0.0059596 -0.05188 0.10496 0.031137 -0.062731 -0.19422 -0.19087 0.078522 -0.027774 0.12134 0.16623 -0.35977 0.28595 0.51695 0.20147 -0.01409 0.1103 0.48721 0.67435 -0.15001 -0.6846 0.51512 0.11974 -0.56119 0.73387 -0.77632 0.78224 -0.74048 0.56437 -0.17374 -0.38369 0.79627 -0.64565 -0.17188 0.82267 -0.4272 -0.53985 0.76689 0.15118 -0.84845 0.22655 0.78941 -0.37677
-0.0018227 -0.0049414 -9.3627e-05 0.021372 0.016793 -0.0075512 -0.0084423 -0.037794 -0.031897 0.0010276 -0.16942 -0.16949 -0.14788 0.085567 -0.02056 -0.12255 -0.14458 0.19747 0.25858 -0.33766 -0.53832 -0.56846 -0.33359 0.28353 0.72732 -0.23483 -0.58638 0.74446 -0.41875 0.062784 0.1369 -0.16747 0.03703 0.26771 -0.6344 0.83302 -0.57696 -0.14699 0.79734 -0.5638 -0.45121 0.82181 0.037855 -0.85611 0.26287 0.77874 -0.49597 -0.68988 0.53251
-0.0013621 0.0090592 0.013758 -0.021196 -0.02377 0.0049144 -0.054869 0.051864 0.071964 0.043834 -0.16463 -0.20644 0.065545 -0.048218 0.045052 0.20441 -0.16296 0.37412 -0.47245 -0.65873 -0.68213 -0.6968 -0.42573 0.37366 0.65329 -0.60038 -0.073265 0.6039 -0.78792 0.79184 -0.78294 0.80859 -0.81806 0.66625 -0.21882 -0.43077 0.84224 -0.50479 -0.41823 0.83822 0.0252 -0.85802 0.26891 0.79672 -0.42993 -0.72551 0.54685 0.69427 -0.49225
-0.0018839 0.0035625 0.017786 0.027507 -0.025593 -0.056761 0.017956 0.0043149 -0.070272 0.082417 -0.21368 0.015965 0.035571 0.0027851 -0.096316 -0.23481 0.40114 -0.19618 -0.60279 -0.57731 -0.67526 -0.70902 -0.22167 0.67516 0.19782 -0.74538 0.70039 -0.36989 0.072004 0.062999 -0.023959 -0.17721 0.50132 -0.80441 0.75314 -0.15828 -0.64111 0.78928 0.065184 -0.86378 0.2024 0.82736 -0.35966 -0.78926 0.40786 0.77576 -0.43185 -0.80208 0.27092
0.005382 -0.0026762 -0.0071612 0.011865 0.017702 -0.066195 0.060011 -0.004122 -0.059548 0.13206 -0.03113 0.10084 -0.033374 0.019961 0.10642 -0.16793 0.33413 -0.50208 -0.53175 -0.57561 -0.73118 -0.55545 0.32196 0.69065 -0.62043 0.075813 0.40918 -0.67201 0.76694 -0.77981 0.72305 -0.52683 0.11065 0.48542 -0.85257 0.5159 0.40253 -0.86036 0.097385 0.85527 -0.22827 -0.84529 0.26713 0.85174 -0.20629 -0.87183 0.12675 0.89131 0.15054
0.00020172 -0.0042388 0.014887 0.006899 0.0033258 -0.043937 -0.034406 -0.095411 -0.016492 0.044564 0.18968 -0.086508 0.012083 0.028365 0.13316 0.15825 0.091098 -0.58004 -0.57856 -0.71059 -0.64326 0.037825 0.78119 -0.17384 -0.53799 0.79413 -0.79195 0.70702 -0.66789 0.72345 -0.82345 0.81824 -0.51291 -0.16891 0.79751 -0.65731 -0.30363 0.8716 -0.067717 -0.87711 0.070825 0.88557 0.0083809 -0.88402 -0.18123 0.84943 0.35609 -0.74422 -0.66092
0.004044 -0.00053479 0.010266 -0.015169 0.0096686 0.018575 0.0081849 -0.096052 0.061085 -0.18899 -0.19484 0.013111 -0.02897 -0.12006 -0.044383 0.33358 0.0045073 -0.57971 -0.69857 -0.67194 -0.015565 0.75378 0.12729 -0.77541 0.71974 -0.47301 0.2477 -0.13375 0.16691 -0.35662 0.64585 -0.85129 0.68635 0.015521 -0.7717 0.66267 0.37217 -0.85306 -0.13931 0.87042 0.25742 -0.81851 -0.43494 0.70227 0.65451 -0.5 -0.8128 0.18809 0.9018
-0.0027493 -0.0040062 -0.01564 -0.025432 -0.031751 0.022728 -0.011481 -0.13206 -0.023533 0.19623 0.16011 0.051935 -0.0088871 -0.12247 -0.17852 0.38956 0.13241 -0.39617 -0.52577 0.0023543 0.76437 0.24994 -0.81119 0.48831 -0.024044 -0.23254 0.36375 -0.37235 0.24418 0.051945 -0.48258 0.83196 -0.72409 -0.039699 0.81839 -0.54323 -0.5762 0.73112 0.48423 -0.69334 -0.66655 0.47357 0.82766 -0.16381 -0.90032 -0.20712 0.8214 0.58835 -0.4653
0.0064733 -0.0011542 0.011762 -0.005183 -0.023933 -0.026212 -0.051035 -0.11475 -0.050886 -0.21014 -0.048165 0.017227 0.099179 -0.048215 -0.23031 0.35657 0.4383 0.15664 0.25384 0.78477 0.16086 -0.8157 0.36518 0.25854 -0.58227 0.67799 -0.69724 0.63893 -0.45762 0.086343 0.4443 -0.84716 0.66068 0.22753 -0.88025 0.25449 0.81307 -0.38982 -0.82001 0.21719 0.8995 0.18254 -0.82464 -0.57055 0.53619 0.84292 -0.11998 -0.89357 -0.48166
-8.752e-05 -0.006422 0.0081555 -0.0009754 -0.00116 -0.082705 -0.020711 0.10756 0.078933 0.19361 -0.097519 0.0139 0.16122 -0.015413 -0.19409 0.1301 0.608 0.68962 0.74103 0.029585 -0.81413 0.37536 0.33604 -0.72211 0.82486 -0.83439 0.81772 -0.73756 0.512 -0.058321 -0.54151 0.87741 -0.45942 -0.53564 0.81891 0.21624 -0.87529 -0.19487 0.85509 0.46958 -0.61659 -0.80877 0.18162 0.90213 0.36442 -0.68691 -0.7678 0.18786 0.89779
0.0058311 0.011652 0.0053092 -0.0052183 0.029682 -0.071877 0.10953 -0.0030137 -0.019297 0.0079382 0.045347 -0.015902 0.19533 -0.075712 -0.0033073 -0.32622 0.091836 0.13935 -0.31038 -0.77601 0.54805 0.27943 -0.73756 0.85216 -0.85285 0.86176 -0.84797 0.73993 -0.4334 -0.12543 0.72643 -0.82205 0.070291 0.82838 -0.47162 -0.71817 0.52527 0.77379 -0.33734 -0.90263 -0.20539 0.76924 0.69867 -0.30017 -0.91264 -0.31618 0.71184 0.80897 -0.042647
0.0025755 0.013481 -0.017326 0.043225 0.038139 -0.072291 0.047183 -0.031462 -0.14403 -0.19078 0.060404 -0.048938 0.24378 -0.23621 0.32099 -0.52068 -0.65464 -0.73559 -0.538 0.69509 0.035031 -0.68194 0.85418 -0.83782 0.83508 -0.86864 0.83885 -0.64953 0.20759 0.43626 -0.87744 0.54116 0.45719 -0.85114 -0.1797 0.88453 0.22967 -0.83443 -0.5239 0.52945 0.88521 0.12551 -0.80398 -0.71663 0.25876 0.91287 0.41011 -0.5721 -0.90582
0.00511 0.0080043 -0.0019422 -0.04331 -0.016991 -0.048 -0.10958 0.015586 0.17682 -0.091589 0.0070137 -0.045692 0.27594 -0.35991 0.37617 0.15744 0.0038479 0.32013 0.80839 -0.2123 -0.47614 0.83453 -0.8553 0.81981 -0.84707 0.87355 -0.76152 0.41682 0.17371 -0.76593 0.7969 0.024451 -0.86197 0.37784 0.79917 -0.385 -0.86284 0.099226 0.90171 0.47157 -0.52163 -0.90205 -0.20175 0.72222 0.81558 -0.053132 -0.86819 -0.6717 0.22384
-0.0026524 0.0077355 0.02112 0.015105 -0.022788 0.0018445 0.09604 0.021284 0.15275 0.020474 -0.042205 0.035169 0.15532 -0.12697 -0.20172 0.53919 0.64001 0.34734 -0.57892 -0.22893 0.7017 -0.87091 0.85349 -0.84494 0.87968 -0.82021 0.53647 -0.001298 -0.62375 0.88552 -0.32199 -0.66848 0.74266 0.44229 -0.78508 -0.52982 0.62667 0.79774 -0.17829 -0.89254 -0.59556 0.35524 0.91974 0.46474 -0.50634 -0.91663 -0.2834 0.63483 0.90797
-0.0019823 -0.013331 0.026389 0.019333 0.0075153 0.0025379 -0.061254 -0.068866 -0.035575 0.05427 -0.06977 0.20213 -0.19789 0.37917 -0.41197 -0.4853 -0.65074 -0.72249 0.22365 0.49397 -0.78793 0.88055 -0.87637 0.88456 -0.85625 0.60647 -0.1012 -0.5231 0.89251 -0.54477 -0.42762 0.88541 0.024356 -0.90818 -0.061246 0.88913 0.40623 -0.66466 -0.82863 -0.026104 0.79186 0.80007 -0.039097 -0.82128 -0.76595 0.096568 0.86734 0.72671 -0.092534
-0.0019999 -0.0019564 0.0058277 0.046898 0.0032683 0.037481 0.021345 0.066071 -0.13884 0.039621 -0.049072 0.29833 -0.38124 0.18056 0.43292 -0.031845 0.28816 0.79589 0.046387 -0.60833 0.79878 -0.87794 0.88153 -0.84839 0.65711 -0.15594 -0.47148 0.88274 -0.66111 -0.22693 0.90093 -0.29455 -0.82228 0.36508 0.8764 -0.073296 -0.8964 -0.48483 0.5293 0.9207 0.41023 -0.49438 -0.92559 -0.4518 0.47084 0.92917 0.43733 -0.46014 -0.93047
0.0063778 0.01283 0.0337 0.039436 -0.038166 -0.063161 -0.022216 0.10204 -0.15755 0.0086899 0.067106 0.029789 0.13907 -0.48791 0.0049396 0.47306 0.094278 -0.7388 -0.17964 0.61298 -0.74121 0.81364 -0.77281 0.61261 -0.19547 -0.45164 0.879 -0.70672 -0.10818 0.866 -0.50601 -0.66203 0.66049 0.68547 -0.47752 -0.87968 -0.040428 0.83804 0.71522 -0.11877 -0.83161 -0.80348 -0.024034 0.76023 0.8595 0.14841 -0.72129 -0.89506 -0.31006
-0.001975 0.013506 -0.035491 0.0345 0.068072 0.042546 0.01836 0.021806 -0.13355 -0.0062268 0.22492 -0.37897 0.40162 0.21489 -0.40877 -0.66953 -0.35228 0.68371 0.18062 -0.51262 0.57304 -0.59939 0.44324 -0.10782 -0.44054 0.88222 -0.7122 -0.072427 0.83677 -0.62511 -0.50788 0.81092 0.42807 -0.74624 -0.69145 0.37352 0.9217 0.35726 -0.58904 -0.92651 -0.47568 0.37538 0.91848 0.66271 -0.17479 -0.86228 -0.76047 0.0014112 0.74562
0.00081299 0.0094824 0.010159 0.013849 -0.059677 0.052565 0.097938 -0.059622 -0.072044 0.024501 0.1387 -0.030943 -0.41592 0.22589 0.5868 0.69876 0.4818 -0.68853 -0.054263 0.28126 -0.24029 0.16869 0.12176 -0.5344 0.88779 -0.69928 -0.092381 0.83607 -0.67205 -0.40135 0.87881 0.21658 -0.87964 -0.4285 0.67079 0.82638 -0.039019 -0.8445 -0.76189 -0.020212 0.72481 0.90793 0.34652 -0.48114 -0.93266 -0.59754 0.27482 0.88275 0.8046
-0.0017203 0.0007442 -0.024581 -0.027391 0.058161 -0.12593 0.07238 -0.098182 0.025833 0.053955 -0.25291 0.4428 0.018124 -0.50828 -0.59697 -0.67532 -0.51065 0.75524 -0.19523 0.096175 -0.25017 0.41517 -0.71325 0.9113 -0.68756 -0.13645 0.85467 -0.6663 -0.36546 0.9032 0.06864 -0.91883 -0.17078 0.84405 0.62538 -0.39349 -0.92756 -0.47685 0.42357 0.91683 0.72837 0.0052847 -0.74444 -0.91082 -0.37347 0.46952 0.93634 0.64294 -0.10971
-0.0063262 -0.012014 0.021579 0.034707 -0.070852 -0.011915 -0.0021333 -0.083734 0.098486 -0.04197 -0.16261 -0.34165 0.37217 0.59378 0.54996 0.66982 0.44742 -0.83989 0.52928 -0.55496 0.74186 -0.87009 0.90202 -0.59217 -0.17492 0.8775 -0.62566 -0.39663 0.90869 -0.0083073 -0.92183 0.0061793 0.91515 0.3885 -0.6505 -0.87547 -0.14689 0.71035 0.90362 0.39735 -0.37234 -0.89465 -0.7806 -0.1106 0.65945 0.93453 0.4646 -0.33407 -0.8834
-0.0033888 0.015016 0.029781 0.014051 0.055939 0.092468 -0.05434 0.00081329 0.040749 -0.13667 0.38291 -0.051769 -0.56759 -0.57327 -0.5208 -0.70376 -0.27614 0.85189 -0.82838 0.89345 -0.91761 0.79381 -0.37108 -0.3192 0.89547 -0.56965 -0.46575 0.90282 -0.0088796 -0.91779 0.11308 0.92734 0.17126 -0.81178 -0.73833 0.17079 0.87466 0.75622 -5.1846e-05 -0.69742 -0.93717 -0.57867 0.19171 0.81344 0.88742 0.31855 -0.51081 -0.93528 -0.7345
0.005811 -0.017116 0.0020012 -0.041526 0.0052335 0.069598 -0.058477 0.14999 -0.082058 0.096084 -0.15764 0.39566 0.60075 0.53593 0.54098 0.75735 -0.019591 -0.67181 0.88559 -0.82257 0.50031 -0.058897 -0.55765 0.92502 -0.52259 -0.54153 0.88193 0.057088 -0.92174 0.15279 0.92331 0.034178 -0.89336 -0.56646 0.42643 0.93399 0.53532 -0.31608 -0.89282 -0.83314 -0.27775 0.45206 0.91817 0.78769 0.13313 -0.62231 -0.94449 -0.60482 0.1058
0.0012888 0.001093 -0.010136 0.031157 -0.0043495 0.018588 -0.0031816 0.25382 -0.0028889 0.14029 -0.21381 -0.56493 -0.56661 -0.53168 -0.60839 -0.77192 0.40875 0.22356 -0.51357 0.20552 0.36123 -0.78362 0.90955 -0.38175 -0.59936 0.84887 0.15984 -0.93024 0.12272 0.92137 -0.038321 -0.92157 -0.40331 0.61446 0.91063 0.28616 -0.56839 -0.94137 -0.60242 0.078503 0.70426 0.9435 0.61626 -0.073074 -0.74101 -0.93299 -0.47825 0.26663 0.8334
-0.0069932 0.017922 0.028173 0.0004357 -0.031073 -0.0090871 0.10859 0.12059 0.1156 -0.26114 0.45578 0.59965 0.5379 0.57503 0.68917 0.6584 -0.7609 0.40035 -0.22565 0.62938 -0.933 0.79107 -0.11666 -0.72119 0.81843 0.26559 -0.92847 0.032093 0.9285 -0.049096 -0.93052 -0.30579 0.73614 0.84036 0.055587 -0.75375 -0.89986 -0.35937 0.41605 0.88296 0.88356 0.41824 -0.3103 -0.84372 -0.89669 -0.39057 0.39407 0.8932 0.8693
-0.0035123 -0.0061735 0.040839 -0.021007 -0.073066 -0.022143 0.21322 -0.19248 -0.11567 0.16055 -0.51606 -0.58075 -0.55014 -0.65072 -0.71403 -0.33766 0.84789 -0.86153 0.85798 -0.92746 0.49857 0.20587 -0.8677 0.72562 0.34444 -0.91229 -0.090327 0.93593 0.0056308 -0.93152 -0.26337 0.79102 0.75667 -0.13991 -0.86473 -0.80021 -0.11163 0.6379 0.9465 0.71856 0.14593 -0.51028 -0.92234 -0.82877 -0.26469 0.46714 0.92682 0.80988 0.25371
0.0020334 -0.0031138 -0.0014002 -0.020434 -0.069105 -0.043356 0.17529 -0.18913 -0.023332 0.050734 0.46686 0.56841 0.60802 0.71153 0.589 -0.17397 -0.47609 0.73452 -0.75231 0.23276 0.57987 -0.94426 0.52282 0.50157 -0.89328 -0.21012 0.92783 0.11567 -0.92517 -0.27518 0.81003 0.70761 -0.2856 -0.92105 -0.67428 0.12135 0.79196 0.91595 0.4731 -0.1637 -0.71641 -0.94946 -0.7079 -0.11368 0.56703 0.93988 0.75192 0.14498 -0.5219
-0.0018801 -0.019265 -0.012726 0.070276 -0.036408 -0.084214 -0.045339 0.19594 0.18399 -0.24482 -0.39203 -0.59096 -0.6878 -0.67833 -0.24577 0.6762 -0.26199 0.043628 -0.15265 0.77772 -0.88458 0.23764 0.71361 -0.82778 -0.29619 0.90292 0.24938 -0.90212 -0.34468 0.79997 0.69313 -0.3518 -0.94033 -0.54516 0.3107 0.8906 0.8296 0.25153 -0.45289 -0.87465 -0.9204 -0.56733 0.081241 0.67366 0.95119 0.72063 0.058452 -0.59969 -0.94098
-0.011578 -0.0011859 -0.012637 0.031377 -0.012815 -0.11846 -0.18568 0.10555 -0.25659 0.37026 0.34547 0.6484 0.73375 0.46411 -0.26528 -0.81581 0.84816 -0.82656 0.9171 -0.75922 -0.15636 0.88127 -0.66639 -0.45741 0.87732 0.37162 -0.85471 -0.45777 0.75656 0.71346 -0.36598 -0.9438 -0.43602 0.4574 0.93612 0.7112 0.037294 -0.63921 -0.94749 -0.81013 -0.3551 0.25707 0.78975 0.94992 0.65934 0.022094 -0.65493 -0.952 -0.78592
0.012413 0.023277 0.026844 -0.064937 -0.015922 -0.070513 -0.0076707 -0.24546 0.22394 -0.43619 -0.35267 -0.71283 -0.6621 -0.04035 0.70268 0.35253 -0.66478 0.70106 -0.4912 -0.39819 0.95733 -0.42288 -0.67488 0.80263 0.45415 -0.79329 -0.57973 0.6756 0.76825 -0.33261 -0.94537 -0.39013 0.55808 0.94717 0.58654 -0.16103 -0.77381 -0.94331 -0.62812 -0.091154 0.47197 0.87156 0.92096 0.57355 -0.05516 -0.67235 -0.95574 -0.74435 -0.19764
-0.0025587 0.02534 -0.015881 -0.077413 -0.045214 0.091634 0.13517 0.12779 -0.12994 0.4718 0.41983 0.72639 0.39354 -0.47251 -0.71541 0.46077 -0.25292 0.32727 -0.6639 0.93032 -0.062258 -0.85343 0.63438 0.59786 -0.74441 -0.67975 0.5666 0.84034 -0.24625 -0.94579 -0.39067 0.59423 0.93957 0.46919 -0.32023 -0.86853 -0.89466 -0.45873 0.18087 0.68012 0.93892 0.86949 0.44011 -0.15676 -0.71793 -0.95664 -0.71312 -0.14127 0.47718
0.0018148 -0.0045391 -6.3861e-05 -0.042981 -0.082195 0.18592 -0.031135 0.067824 0.024691 -0.50084 -0.53515 -0.60974 0.073286 0.77928 0.15453 -0.85952 0.90466 -0.92804 0.79189 0.15755 -0.95912 0.39622 0.77862 -0.63294 -0.7408 0.45648 0.901 -0.11369 -0.93931 -0.43374 0.59072 0.93539 0.37618 -0.4438 -0.92108 -0.81941 -0.28566 0.37032 0.83781 0.95387 0.7622 0.30726 -0.30024 -0.77595 -0.95676 -0.71313 -0.10431 0.51665 0.9032
-0.016424 0.0076496 -0.010314 -0.02205 -0.08814 -0.016826 -0.059818 -0.19286 0.060294 0.53169 0.66114 0.29931 -0.57885 -0.57211 0.5954 0.29485 -0.36149 0.11983 0.42988 -0.96204 0.055722 0.91133 -0.42502 -0.83537 0.38151 0.93636 0.036064 -0.91363 -0.52007 0.5501 0.93865 0.34698 -0.5281 -0.94553 -0.73511 -0.11666 0.52705 0.9125 0.90122 0.59276 0.11008 -0.426 -0.84906 -0.95112 -0.6831 -0.11384 0.53926 0.91478 0.91048
-0.0039048 0.026062 0.010152 -0.024457 -0.035054 -0.21114 0.032633 0.21811 -0.11046 -0.5538 -0.72651 0.18115 0.80797 -0.12698 -0.76656 0.67123 -0.73063 0.90337 -0.88289 -0.13075 0.96738 -0.17051 -0.93045 0.23348 0.9517 0.16629 -0.86283 -0.6328 0.46534 0.94678 0.36143 -0.55142 -0.95225 -0.65252 0.02563 0.65798 0.94659 0.82412 0.38125 -0.12488 -0.59086 -0.90131 -0.92677 -0.63115 -0.078686 0.52377 0.92003 0.90162 0.53408
0.0069532 -0.018053 0.058219 -0.034869 0.028819 0.059306 0.029445 -0.17962 0.11825 0.53674 0.63569 -0.65242 -0.49015 0.76025 0.041295 -0.73712 0.68655 -0.34265 -0.36756 0.95415 0.15632 -0.96642 -0.0034435 0.95876 0.24409 -0.80202 -0.73859 0.3395 0.95342 0.41457 -0.53706 -0.9539 -0.58611 0.14182 0.75101 0.95436 0.72585 0.21502 -0.35685 -0.75311 -0.94904 -0.89007 -0.53547 -0.014739 0.54646 0.91215 0.89857 0.51954 -0.042516
0.010909 0.0070151 -0.031144 -0.033007 0.0071372 0.17409 -0.043531 0.12013 -0.075783 -0.43541 -0.3166 0.80793 -0.26128 -0.62065 0.77296 -0.31205 0.53053 -0.86921 0.87476 0.30476 -0.91471 -0.25176 0.9208 0.38404 -0.76192 -0.81402 0.19724 0.94518 0.50695 -0.48705 -0.95519 -0.57144 0.22392 0.81571 0.94082 0.61702 0.056781 -0.5076 -0.87508 -0.95899 -0.80855 -0.44001 0.098654 0.59251 0.91861 0.91121 0.5191 -0.051569 -0.58791
-0.0026076 -0.014875 -0.06965 0.00047221 -0.045246 -0.18009 -0.00018626 -0.066433 -0.025561 0.20992 -0.19291 -0.42272 0.82315 -0.26694 -0.52054 0.87971 -0.8018 0.36392 0.48778 -0.86653 -0.52804 0.82744 0.57879 -0.6718 -0.85191 0.075196 0.91377 0.62187 -0.39446 -0.95302 -0.59112 0.24038 0.85489 0.91624 0.51536 -0.093097 -0.63001 -0.92996 -0.91576 -0.67372 -0.28023 0.20228 0.67302 0.93311 0.90805 0.55533 -0.044503 -0.58897 -0.91559
-0.010047 0.01374 -0.020591 0.067274 0.038858 0.021367 0.072115 0.030385 0.18732 0.13475 0.67465 -0.33787 -0.54614 0.84734 -0.54132 0.072424 -0.4658 0.90319 -0.76022 -0.62439 0.64765 0.74795 -0.50482 -0.90933 0.010406 0.87213 0.72679 -0.26458 -0.9402 -0.6395 0.21596 0.86244 0.89117 0.42488 -0.21495 -0.73298 -0.95395 -0.8552 -0.49854 -0.074882 0.36228 0.74064 0.95335 0.89398 0.55177 0.0057669 -0.57769 -0.91366 -0.93787
0.0051038 0.0031258 0.01705 0.12167 0.076129 0.11667 -0.14461 -0.016303 -0.38835 -0.50299 -0.78749 0.84728 -0.39071 -0.24362 0.74126 -0.90693 0.80097 -0.20253 -0.73385 0.5757 0.895 -0.3112 -0.96124 -0.11609 0.84861 0.79905 -0.125 -0.9069 -0.71498 0.15438 0.85167 0.8879 0.35685 -0.31269 -0.8054 -0.95904 -0.77678 -0.3613 0.14229 0.54275 0.83425 0.9635 0.85477 0.52206 0.0072389 -0.53151 -0.90668 -0.94074 -0.6743
0.0016405 -0.0094396 0.0096636 0.083158 -0.11695 -0.1532 0.20598 0.026778 0.56787 0.70185 0.327 -0.51512 0.86611 -0.7555 0.35572 -0.014848 0.55976 -0.95807 0.45417 0.92875 -0.059529 -0.97218 -0.30803 0.78919 0.83069 -0.013228 -0.85319 -0.80087 0.050727 0.82161 0.89923 0.3473 -0.38054 -0.85568 -0.94768 -0.68867 -0.22577 0.28804 0.70488 0.9171 0.95982 0.81145 0.44531 -0.023635 -0.52576 -0.88351 -0.94649 -0.68742 -0.22496
0.0065613 -0.020719 -0.018573 -0.046945 -0.010737 0.11399 -0.2563 -0.064663 -0.62429 -0.53294 0.45326 -0.42644 -0.14304 0.54152 -0.81361 0.91554 -0.68669 -0.14238 0.95338 1.2621e-05 -0.92767 -0.48618 0.66989 0.88553 0.034399 -0.79964 -0.87057 -0.083719 0.76478 0.92019 0.37377 -0.39003 -0.88594 -0.92747 -0.60506 -0.092489 0.41566 0.79636 0.96137 0.91951 0.71993 0.37051 -0.10746 -0.5477 -0.87885 -0.95847 -0.70973 -0.24847 0.27309
0.013904 0.041204 -0.041563 -0.10323 0.1588 -0.052804 0.29884 0.13077 0.45374 -0.01457 -0.85644 0.87801 -0.82142 0.62449 -0.31303 0.13448 -0.7636 0.89116 0.09368 -0.91862 -0.6722 0.53148 0.94615 0.13759 -0.77862 -0.91163 -0.21593 0.67991 0.94606 0.43046 -0.36474 -0.89069 -0.90669 -0.52874 0.01951 0.53183 0.86256 0.96564 0.83591 0.57926 0.22998 -0.18531 -0.6115 -0.8883 -0.96123 -0.7578 -0.28455 0.24454 0.68911
-0.0079017 0.0029132 -0.045249 0.0069551 -0.17816 0.0044045 -0.33291 -0.21729 -0.0375 0.61174 0.36756 -0.14959 0.4841 -0.66058 0.81267 -0.89019 0.39505 0.6052 -0.88426 -0.69199 0.34321 0.97722 0.30049 -0.72155 -0.92568 -0.31043 0.58351 0.96456 0.51824 -0.30789 -0.88097 -0.90496 -0.46987 0.1131 0.62092 0.91375 0.9479 0.75718 0.40547 0.043853 -0.32503 -0.66808 -0.91583 -0.96014 -0.77179 -0.35832 0.20326 0.66428 0.93016
-0.0026861 -0.0045861 -0.024188 0.059239 0.072325 0.021312 0.34904 0.29891 -0.46463 -0.72838 0.58309 -0.82499 0.69415 -0.58652 0.42168 -0.40767 0.94275 -0.52529 -0.72224 0.34148 0.97499 0.44658 -0.61034 -0.95169 -0.33758 0.50836 0.96548 0.62171 -0.21406 -0.85581 -0.91514 -0.46281 0.18083 0.68949 0.9438 0.9173 0.66723 0.2772 -0.15559 -0.49312 -0.76375 -0.93727 -0.94826 -0.76493 -0.38283 0.12202 0.62924 0.91803 0.95603
-0.0048727 -0.015732 0.014311 -0.029869 0.06772 -0.028981 -0.32707 -0.32868 0.72481 0.13712 -0.83051 0.53128 -0.63495 0.65739 -0.72729 0.73262 0.11135 -0.9487 0.31335 0.98186 0.60346 -0.49526 -0.97544 -0.41107 0.49241 0.95686 0.71103 -0.093135 -0.80885 -0.9327 -0.48626 0.19003 0.73571 0.95967 0.87923 0.57048 0.15119 -0.28699 -0.65218 -0.86292 -0.9639 -0.93276 -0.7215 -0.37509 0.092071 0.56114 0.89996 0.96283 0.77853
-0.024374 -0.046872 0.044062 0.014673 -0.16857 0.028299 0.23958 0.25108 -0.46071 0.6474 -0.065858 0.65856 -0.63858 0.66614 -0.64292 0.74764 -0.86934 -0.1716 0.97568 0.57958 -0.34552 -0.98047 -0.53122 0.43339 0.95772 0.76486 0.023349 -0.73969 -0.954 -0.5344 0.16563 0.74295 0.96547 0.83801 0.4815 0.025786 -0.40461 -0.74438 -0.93471 -0.96886 -0.88749 -0.67722 -0.31458 0.097569 0.53353 0.86246 0.96865 0.80589 0.4496
0.0011247 -0.03375 0.039695 0.015043 0.20994 -0.029592 -0.064888 -0.042031 -0.22923 -0.71045 0.89705 -0.70989 0.652 -0.53155 0.48539 -0.32863 -0.69589 0.80295 0.56358 -0.39551 -0.96247 -0.62944 0.31965 0.94898 0.77097 0.098289 -0.66416 -0.96914 -0.60794 0.11222 0.72852 0.96719 0.80185 0.40048 -0.080497 -0.51516 -0.81636 -0.96172 -0.9365 -0.80157 -0.57636 -0.25548 0.15902 0.53599 0.84521 0.97202 0.83699 0.49414 0.04378
-0.023814 -0.0061546 0.02213 -0.080211 -0.20691 0.042632 -0.18847 -0.23659 0.75987 -0.14259 -0.3296 -0.55829 0.69483 -0.81863 0.86508 -0.94393 0.3491 0.85204 -0.42759 -0.98023 -0.73178 0.21981 0.91863 0.80444 0.09702 -0.61337 -0.97047 -0.69262 0.02551 0.69397 0.96736 0.79638 0.33658 -0.17134 -0.60229 -0.87726 -0.9682 -0.89361 -0.6784 -0.42634 -0.12731 0.21768 0.58461 0.84576 0.97103 0.88236 0.5462 0.098025 -0.35985
0.0129 -0.0062036 0.042078 0.11053 0.18342 -0.07575 0.45429 0.41952 -0.52281 0.83981 -0.80801 0.75735 -0.54599 0.24154 -0.029663 -0.30757 0.96746 -0.022029 -0.98282 -0.67247 0.099579 0.8869 0.86155 0.13951 -0.62243 -0.96618 -0.76171 -0.082237 0.63393 0.96403 0.80867 0.32496 -0.23976 -0.67192 -0.91788 -0.96268 -0.83534 -0.58039 -0.24811 0.046783 0.34152 0.62997 0.87264 0.97176 0.89993 0.62599 0.16218 -0.30572 -0.69263
0.006566 -0.027783 0.057183 -0.056108 -0.15739 0.13288 -0.60315 -0.32515 -0.33961 -0.31638 0.53789 0.5813 -0.8307 0.92465 -0.88149 0.712 0.48041 -0.86219 -0.60834 0.2059 0.8384 0.90144 0.23108 -0.59887 -0.97116 -0.79674 -0.17831 0.55375 0.95339 0.8341 0.3424 -0.25389 -0.72138 -0.9442 -0.94559 -0.76702 -0.4756 -0.12256 0.23396 0.49776 0.72208 0.89646 0.9737 0.90282 0.66031 0.26229 -0.2408 -0.64866 -0.90621
0.0027256 -0.049905 -0.040368 -0.05239 0.13732 -0.20755 0.49263 -0.057023 0.82718 -0.72847 0.73951 -0.70288 0.28384 0.2219 -0.5511 0.86962 -0.52076 -0.84604 0.30283 0.90176 0.93875 0.29707 -0.53396 -0.97198 -0.78464 -0.22735 0.47739 0.93217 0.872 0.38328 -0.23874 -0.73286 -0.95845 -0.92102 -0.69835 -0.36486 8.7623e-05 0.35518 0.64969 0.82635 0.93891 0.97314 0.88183 0.66648 0.30797 -0.13785 -0.59447 -0.88072 -0.97683
0.0021211 -0.060861 -0.11944 0.15114 -0.12392 0.27561 -0.082874 0.4408 -0.21949 0.58858 -0.59714 -0.71607 0.94363 -0.79781 0.48143 0.031563 -0.97361 -0.040714 0.94257 0.88732 0.37132 -0.49002 -0.96312 -0.7964 -0.19619 0.43994 0.90563 0.91205 0.45 -0.19916 -0.72469 -0.96232 -0.89529 -0.63043 -0.26435 0.12349 0.465 0.73845 0.9104 0.97109 0.9597 0.85901 0.62838 0.31728 -0.088468 -0.50607 -0.84681 -0.97506 -0.90487
-0.0095065 -0.05503 0.039152 -0.20079 0.11267 -0.29313 -0.44644 -0.4173 -0.7358 0.59314 -0.75901 0.51799 0.15149 -0.72547 0.92259 -0.83315 -0.46517 0.78915 0.81041 0.2192 -0.43649 -0.9584 -0.83274 -0.2024 0.47702 0.89273 0.93917 0.52912 -0.13099 -0.69957 -0.9618 -0.88861 -0.57176 -0.17207 0.22914 0.57033 0.81011 0.94803 0.97162 0.91583 0.79463 0.5891 0.27004 -0.077296 -0.46139 -0.7874 -0.96757 -0.92824 -0.71072
-0.0010376 -0.029452 0.1253 0.20003 -0.095988 0.20962 0.71889 -0.082731 0.59898 -0.70904 0.52963 0.8922 -0.86267 0.29299 0.28915 -0.82309 0.47188 0.93847 0.056821 -0.59085 -0.9491 -0.85195 -0.25124 0.48203 0.91392 0.94835 0.59145 -0.046254 -0.6534 -0.95667 -0.89306 -0.55477 -0.096402 0.32143 0.65483 0.87298 0.96651 0.95163 0.83518 0.68561 0.48751 0.22217 -0.12528 -0.45042 -0.75496 -0.9465 -0.94913 -0.7569 -0.4287
-0.0051697 0.0068733 -0.081111 -0.16893 0.065666 -0.0036559 -0.42767 0.53482 0.51808 -0.54102 0.85789 -0.15622 -0.66126 0.94181 -0.66064 0.0032391 0.97524 0.32803 -0.72576 -0.99135 -0.87148 -0.26839 0.44941 0.92192 0.93565 0.61062 0.022771 -0.59312 -0.94458 -0.90567 -0.56017 -0.072698 0.39417 0.72397 0.91652 0.97356 0.91415 0.76308 0.54143 0.33516 0.10231 -0.17344 -0.49168 -0.74648 -0.93178 -0.96975 -0.80396 -0.49217 -0.10023
0.036018 0.023456 -0.058696 0.12986 -0.016833 -0.27016 -0.28903 -0.32274 -0.78457 0.72782 -0.31906 -0.96561 0.42864 0.46573 -0.90345 0.81722 0.64145 -0.52541 -0.98763 -0.75294 -0.28715 0.44795 0.91462 0.93216 0.56067 0.039224 -0.54271 -0.92539 -0.92652 -0.58301 -0.07577 0.41848 0.77513 0.94587 0.96657 0.86462 0.67822 0.43219 0.15531 -0.065772 -0.29125 -0.5327 -0.77542 -0.92779 -0.97546 -0.86367 -0.55968 -0.1733 0.23248
-0.018311 -0.01013 0.085101 -0.097884 -0.046277 0.4632 0.78334 -0.36548 -0.35024 0.59999 -0.96358 -0.3621 0.96201 -0.53732 -0.23022 0.883 -0.20867 -0.97945 -0.58644 -0.061465 0.44591 0.92197 0.94039 0.53655 -0.033089 -0.53543 -0.90702 -0.94871 -0.62563 -0.099916 0.41887 0.79309 0.96248 0.94917 0.80877 0.58279 0.317 0.029577 -0.2493 -0.44695 -0.63009 -0.80367 -0.94116 -0.97724 -0.8895 -0.65082 -0.25307 0.15852 0.53165
0.0018927 -0.067638 -0.011823 0.079437 0.10479 -0.39825 -0.45985 0.55978 0.85669 -0.65074 -0.054261 0.74623 0.30836 -0.94849 0.65948 0.18568 -0.88445 -0.73962 0.18087 0.65291 0.92885 0.93805 0.54365 -0.073913 -0.60237 -0.90718 -0.96183 -0.67637 -0.14873 0.40046 0.79564 0.96812 0.92647 0.74801 0.48958 0.19454 -0.094459 -0.36942 -0.60381 -0.7493 -0.86674 -0.95335 -0.97418 -0.89742 -0.69376 -0.36441 0.075888 0.46534 0.7675
-0.042693 -0.062622 -0.033412 -0.074392 -0.12548 0.025808 -0.43356 0.12264 0.29899 -0.74807 0.93964 0.84927 -0.7041 -0.36931 0.93114 -0.65598 -0.89481 -0.0086493 0.82483 0.9929 0.93282 0.51803 -0.078166 -0.64322 -0.93949 -0.96228 -0.71004 -0.20894 0.35971 0.78623 0.96989 0.91647 0.68994 0.39761 0.082134 -0.22119 -0.48059 -0.69855 -0.85539 -0.93251 -0.97409 -0.9694 -0.87921 -0.70723 -0.41934 -0.042554 0.38921 0.71623 0.92027
-0.00059304 0.019546 -0.0018478 0.07814 0.074087 0.43709 0.83609 -0.64618 -0.87008 0.44184 0.53829 -0.139 -0.91496 0.57256 0.37716 -0.9694 -0.27149 0.71578 0.97891 0.80213 0.48619 -0.1237 -0.65608 -0.95858 -0.94119 -0.70335 -0.24817 0.30817 0.76254 0.96884 0.91422 0.66456 0.31542 -0.023233 -0.33191 -0.58931 -0.77851 -0.9102 -0.97294 -0.97823 -0.94612 -0.85877 -0.67682 -0.43694 -0.10311 0.2769 0.65487 0.88954 0.98073
-0.0102 0.047608 0.073524 -0.082739 0.056073 -0.58198 -0.12884 0.066802 -0.37634 0.90943 -0.62838 -0.94976 -0.13607 0.9601 -0.48975 -0.54765 0.52594 0.99072 0.58766 0.21018 -0.17632 -0.70084 -0.96695 -0.92227 -0.62845 -0.2312 0.27625 0.73166 0.96451 0.91813 0.65612 0.27856 -0.11366 -0.43095 -0.67865 -0.85106 -0.94655 -0.9801 -0.94842 -0.88934 -0.79552 -0.64376 -0.39841 -0.12285 0.2175 0.56056 0.84929 0.97373 0.94947
-0.020049 -0.014421 -0.11871 0.077751 -0.2135 0.1748 -0.80138 0.66841 0.82322 -0.064439 -0.93298 -0.63399 0.77654 0.46789 -0.95079 0.26337 0.97042 0.68216 -0.10797 -0.47208 -0.74862 -0.98345 -0.91152 -0.56912 -0.12132 0.30017 0.71397 0.95803 0.92971 0.66071 0.26381 -0.15527 -0.51246 -0.75342 -0.90377 -0.97142 -0.96765 -0.90746 -0.79458 -0.6864 -0.54925 -0.35697 -0.080779 0.19783 0.50865 0.78238 0.95852 0.96696 0.83539
0.023705 0.007191 0.1102 -0.052237 0.28831 0.47254 0.55728 -0.16394 0.56489 -0.94329 -0.013672 0.39634 0.91062 -0.42804 -0.67013 0.88124 0.80687 -0.0024165 -0.7364 -0.92393 -0.99469 -0.88038 -0.53251 -0.035544 0.4129 0.73608 0.95467 0.94392 0.68132 0.26569 -0.17411 -0.55059 -0.81074 -0.94104 -0.97874 -0.94114 -0.84831 -0.71161 -0.5401 -0.40228 -0.24298 -0.035808 0.23886 0.49122 0.7432 0.92518 0.97813 0.87581 0.6536
0.0089071 0.054103 -0.058413 -0.00060558 -0.17488 -0.653 0.58774 -0.69023 -0.66646 -0.44199 0.91768 0.9874 0.17817 -0.95596 0.10424 0.90788 0.16767 -0.67404 -0.99655 -0.95983 -0.83524 -0.45368 0.020596 0.49894 0.81642 0.96419 0.9499 0.70787 0.2878 -0.1763 -0.56944 -0.83737 -0.96337 -0.9718 -0.90162 -0.77433 -0.61416 -0.42638 -0.22346 -0.076239 0.084429 0.28251 0.5271 0.72988 0.90246 0.98104 0.91224 0.71346 0.42325
-0.028637 -0.067338 -0.010901 0.075977 -0.11605 0.049302 -0.78946 0.16233 -0.80437 0.68154 0.73491 0.54501 -0.70868 -0.71099 0.79507 0.35945 -0.55637 -0.9891 -0.78963 -0.58993 -0.3567 0.12546 0.55647 0.87304 0.98455 0.93819 0.71615 0.3171 -0.15856 -0.5747 -0.85123 -0.97218 -0.95434 -0.85085 -0.69349 -0.50307 -0.30366 -0.093497 0.11334 0.25173 0.39591 0.56499 0.75726 0.89458 0.97674 0.9507 0.7719 0.4976 0.1653
-0.021546 -0.047107 0.075186 -0.15002 0.38961 0.67622 -0.38388 0.73159 0.33619 0.88217 -0.29859 -0.4372 -0.96633 0.077992 0.93578 -0.39896 -0.96615 -0.81378 -0.23562 0.011446 0.24454 0.65119 0.90868 0.9886 0.88685 0.68026 0.32172 -0.13432 -0.5642 -0.85666 -0.97639 -0.94195 -0.79523 -0.60583 -0.39202 -0.17028 0.038917 0.24383 0.43032 0.54562 0.65996 0.78579 0.91112 0.97504 0.965 0.84218 0.57311 0.24825 -0.099384
0.00024167 0.10938 -0.12193 0.17948 -0.37004 -0.52524 0.88954 -0.055553 0.9659 -0.064539 -0.99103 -0.98952 -0.41087 0.79998 0.46372 -0.91422 -0.86588 -0.2592 0.40866 0.59719 0.74809 0.95588 0.98299 0.82944 0.56457 0.26596 -0.13614 -0.54928 -0.85313 -0.97823 -0.93327 -0.76179 -0.51947 -0.2795 -0.043839 0.17754 0.36988 0.54634 0.69387 0.77679 0.85321 0.92772 0.97946 0.96955 0.87362 0.66911 0.33483 -0.014074 -0.35164
-0.0040062 -0.038551 0.14733 -0.11759 -0.022312 -0.40631 0.27639 -0.76816 0.1743 -0.92746 -0.61685 -0.62452 0.46842 0.94694 -0.29256 -0.91221 -0.33482 0.40251 0.87466 0.95057 0.98888 0.95794 0.77484 0.4543 0.11036 -0.20082 -0.55641 -0.84782 -0.97893 -0.9281 -0.73926 -0.4686 -0.17422 0.078443 0.30308 0.49676 0.65143 0.78273 0.87959 0.92598 0.96159 0.98277 0.96168 0.88394 0.7149 0.44877 0.07703 -0.27006 -0.57513
-0.024939 -0.037451 -0.15258 -0.050541 0.46824 0.77656 -0.92333 -0.16132 -0.8644 -0.67179 0.38802 0.28839 0.97491 0.44891 -0.86305 -0.42253 0.34783 0.87903 0.99027 0.95948 0.90418 0.67478 0.35828 -0.028721 -0.3611 -0.61502 -0.85593 -0.98031 -0.92915 -0.72505 -0.43388 -0.11245 0.18835 0.41913 0.60577 0.75162 0.85518 0.93201 0.97353 0.98391 0.9804 0.95147 0.86456 0.73001 0.50514 0.20026 -0.18093 -0.50281 -0.75714
-0.031497 0.040043 0.14087 0.2681 -0.46128 0.082211 -0.28997 0.73343 -0.72236 0.35928 0.999 0.94503 0.75169 -0.33542 -0.92823 0.27646 0.85935 0.9833 0.73245 0.64115 0.53962 0.20428 -0.14462 -0.49572 -0.74258 -0.89313 -0.98356 -0.93263 -0.72283 -0.41069 -0.069645 0.2526 0.51895 0.70078 0.83093 0.91732 0.9641 0.98434 0.97223 0.95082 0.91348 0.84173 0.70074 0.52372 0.26286 -0.057232 -0.42165 -0.69866 -0.88888
-0.013631 -0.026977 -0.11656 -0.40009 -0.10255 -0.84993 0.9133 0.46227 0.36837 0.98432 0.65379 0.82167 -0.0042965 -0.89944 -0.47866 0.82862 0.98342 0.69506 0.21574 0.11901 0.020677 -0.31343 -0.60175 -0.83872 -0.95699 -0.98739 -0.92566 -0.7238 -0.40295 -0.039764 0.29759 0.57664 0.77732 0.89301 0.95755 0.98134 0.97274 0.94046 0.88155 0.83513 0.77163 0.66711 0.48684 0.2834 0.007065 -0.3058 -0.63061 -0.84772 -0.96556
0.0031569 0.057499 0.085706 0.30058 0.61509 0.16581 0.42165 -0.53657 0.989 0.55123 -0.28518 0.054936 -0.74721 -0.91488 0.2192 0.98047 0.68907 0.14667 -0.36621 -0.43088 -0.49465 -0.73927 -0.90499 -0.9882 -0.96967 -0.89047 -0.70352 -0.39826 -0.026287 0.32996 0.61701 0.82004 0.93615 0.97893 0.97768 0.94311 0.88625 0.81022 0.7149 0.65158 0.5708 0.44495 0.24159 0.028008 -0.24419 -0.52992 -0.79677 -0.94391 -0.9861
-0.017428 -0.11015 -0.057288 0.052987 -0.36537 0.85008 -0.8348 -0.74837 0.40124 -0.44656 -0.96217 -0.74297 -0.98807 -0.40122 0.79538 0.68462 0.11942 -0.44598 -0.81632 -0.84085 -0.86449 -0.9709 -0.99269 -0.9233 -0.78985 -0.6314 -0.36494 -0.015103 0.34725 0.64647 0.84917 0.95725 0.98264 0.95528 0.89547 0.81246 0.7184 0.61041 0.49098 0.41909 0.33002 0.19449 -0.015807 -0.2243 -0.47492 -0.71716 -0.91279 -0.98491 -0.95273
-0.066978 0.12917 0.04311 -0.45693 -0.42924 -0.30244 -0.64321 0.12124 -0.65434 -0.99286 -0.81641 -0.99043 -0.60007 0.32838 0.97296 0.094548 -0.4874 -0.87148 -0.99841 -1 -0.99923 -0.96321 -0.85765 -0.66972 -0.46295 -0.2655 0.027431 0.36327 0.66399 0.87008 0.96967 0.97805 0.91811 0.83098 0.72519 0.60729 0.48915 0.36229 0.23146 0.15865 0.069538 -0.064835 -0.2672 -0.45735 -0.672 -0.85854 -0.97501 -0.97171 -0.87039
-0.076424 -0.091417 -0.054686 0.55988 0.66912 -0.85354 0.63129 0.8354 -0.96236 -0.58546 -0.0073236 -0.54243 0.14786 0.8724 0.68878 -0.52601 -0.90109 -0.99496 -0.87171 -0.87819 -0.87795 -0.7316 -0.54152 -0.28848 -0.057375 0.13877 0.40826 0.68111 0.88331 0.9771 0.97023 0.88677 0.75597 0.62456 0.48842 0.3507 0.222 0.089154 -0.04118 -0.10863 -0.19092 -0.31486 -0.49658 -0.65775 -0.82565 -0.94866 -0.98316 -0.90819 -0.74611
-0.015974 0.018787 0.095858 -0.16636 0.10511 0.32771 0.88112 0.43347 -0.21825 0.35692 0.7969 0.26395 0.7985 0.96033 0.095971 -0.92467 -0.98259 -0.79287 -0.4908 -0.52387 -0.54473 -0.34063 -0.11974 0.14061 0.35092 0.51305 0.72017 0.89666 0.9816 0.96084 0.85767 0.6999 0.51867 0.361 0.21097 0.068234 -0.058559 -0.18589 -0.30562 -0.36314 -0.43349 -0.53975 -0.69087 -0.81541 -0.92959 -0.98554 -0.93995 -0.80047 -0.58837
0.0087611 0.049628 -0.15272 -0.46126 -0.77365 0.89056 -0.25234 -0.53724 0.74923 0.97309 0.98816 0.88775 0.98944 0.57197 -0.53025 -0.95826 -0.72155 -0.34636 0.022224 -0.041302 -0.089766 0.11652 0.31813 0.53633 0.69258 0.80013 0.92133 0.98621 0.95311 0.83021 0.65106 0.44267 0.23419 0.068437 -0.080067 -0.21473 -0.32925 -0.44175 -0.54316 -0.58803 -0.64324 -0.7268 -0.8404 -0.9237 -0.98092 -0.97029 -0.8505 -0.65633 -0.40645
-0.08069 -0.085533 0.18737 0.70208 0.19317 -0.24033 -1 -0.84467 0.94805 0.75079 0.45744 0.94884 0.64037 -0.083225 -0.92457 -0.63347 -0.2238 0.19669 0.52018 0.44282 0.37732 0.54143 0.6877 0.83087 0.91564 0.96144 0.9896 0.94504 0.80846 0.60671 0.37806 0.14526 -0.067466 -0.22495 -0.35895 -0.47517 -0.56975 -0.66077 -0.73874 -0.77004 -0.80873 -0.86686 -0.93907 -0.97944 -0.97994 -0.90664 -0.72181 -0.48457 -0.20991
-0.12001 0.080484 -0.14603 -0.19256 0.76232 -0.94756 -0.27927 -0.13253 0.21746 -0.087771 -0.38672 0.43908 -0.03843 -0.69088 -0.93909 -0.086073 0.33766 0.67357 0.87322 0.813 0.75423 0.85114 0.92495 0.97995 0.99169 0.98045 0.9231 0.78562 0.57122 0.32028 0.070815 -0.16095 -0.35747 -0.49351 -0.60332 -0.69395 -0.7639 -0.82957 -0.88161 -0.89996 -0.92237 -0.95442 -0.98427 -0.98263 -0.92963 -0.80043 -0.5621 -0.29448 -0.0080575
-0.0044343 -0.040285 -0.009826 -0.60642 -0.40015 0.032501 0.83246 0.74026 -0.7108 -0.84681 -0.95728 -0.31716 -0.68781 -0.98471 -0.58746 0.48255 0.7853 0.95467 1 0.99049 0.96697 0.99251 0.99521 0.96725 0.91732 0.86232 0.73791 0.53385 0.27349 0.0049596 -0.238 -0.44657 -0.61067 -0.71606 -0.79569 -0.85694 -0.9004 -0.93949 -0.96547 -0.97269 -0.98038 -0.98751 -0.97655 -0.93603 -0.83521 -0.65901 -0.38031 -0.095299 0.19042
0.010418 -0.024649 0.25624 0.73633 -0.72668 0.96914 0.79681 0.78412 -0.98147 -0.9476 -0.89537 -0.88495 -0.99359 -0.85533 -0.02045 0.8814 0.99143 0.97486 0.88188 0.94654 0.98154 0.94854 0.89562 0.80354 0.71151 0.63045 0.46374 0.22427 -0.048805 -0.30529 -0.5185 -0.68682 -0.80742 -0.87713 -0.9242 -0.95538 -0.97306 -0.98659 -0.98838 -0.98709 -0.98258 -0.96735 -0.91923 -0.84469 -0.70356 -0.49074 -0.18553 0.10418 0.37777
-0.058011 0.10601 -0.47571 0.084962 0.51023 0.28938 -0.29238 -0.025666 -0.38617 -0.34635 -0.27133 -0.96798 -0.82982 -0.37711 0.54568 0.99092 0.9094 0.74273 0.55962 0.70241 0.80578 0.73704 0.65163 0.52172 0.41015 0.32109 0.13855 -0.10507 -0.36032 -0.58005 -0.74617 -0.86314 -0.93456 -0.96754 -0.98287 -0.98594 -0.98053 -0.97134 -0.95229 -0.94553 -0.93188 -0.8979 -0.81788 -0.71539 -0.54271 -0.30439 0.013391 0.29594 0.54738
0.12804 -0.19965 0.49136 -0.85767 0.72466 -0.86571 -0.99661 -0.81207 0.52974 0.4944 0.50795 -0.54752 -0.29408 0.24321 0.91329 0.79196 0.577 0.3295 0.11684 0.31886 0.48273 0.40323 0.30943 0.16911 0.05897 -0.022897 -0.19706 -0.41732 -0.62998 -0.79506 -0.90347 -0.96413 -0.98577 -0.98431 -0.9713 -0.95022 -0.92588 -0.89805 -0.86247 -0.85331 -0.8338 -0.7853 -0.67971 -0.55609 -0.36127 -0.10876 0.20823 0.473 0.69392
0.15168 0.30371 -0.18942 0.45667 -0.5308 -0.6668 -0.46054 -0.77612 1 0.98354 0.97806 0.14043 0.36152 0.76175 0.96849 0.35975 0.096081 -0.15593 -0.34374 -0.12089 0.078468 0.0087335 -0.073755 -0.20107 -0.29379 -0.35822 -0.50486 -0.6807 -0.8336 -0.93376 -0.98061 -0.98563 -0.96117 -0.93018 -0.89405 -0.85409 -0.81579 -0.77409 -0.72679 -0.71804 -0.69585 -0.63729 -0.51306 -0.37542 -0.16801 0.087743 0.39165 0.62957 0.81341
-0.13021 -0.4149 -0.32926 0.65182 -0.77736 0.54713 0.61955 0.021725 0.67247 0.81193 0.88829 0.74979 0.85535 0.99257 0.70887 -0.16928 -0.40172 -0.59718 -0.72452 -0.53007 -0.33246 -0.38039 -0.43962 -0.53784 -0.6039 -0.64635 -0.75305 -0.8712 -0.95544 -0.98792 -0.9754 -0.93016 -0.8666 -0.81268 -0.7597 -0.70676 -0.65972 -0.60914 -0.55495 -0.5489 -0.52684 -0.46263 -0.32684 -0.18218 0.028617 0.27743 0.55743 0.76112 0.90316
-0.020147 0.52347 0.71696 -0.8064 0.45785 0.95699 0.96833 0.80007 -0.16505 0.12111 0.3153 1 0.99503 0.86782 0.2313 -0.64308 -0.79171 -0.89778 -0.95257 -0.83506 -0.68079 -0.70465 -0.73737 -0.79902 -0.83614 -0.85748 -0.91884 -0.97409 -0.98871 -0.95735 -0.8926 -0.80594 -0.71247 -0.64303 -0.57978 -0.51978 -0.46901 -0.4143 -0.35774 -0.35599 -0.33633 -0.27053 -0.13003 0.015071 0.22071 0.45353 0.70051 0.86443 0.96177
-0.12578 -0.60931 -0.59432 -0.33295 0.87221 0.0020454 0.22832 0.84519 -0.86906 -0.63524 -0.41487 0.79613 0.74334 0.44771 -0.30908 -0.93722 -0.98578 -1 -0.99122 -0.98718 -0.91343 -0.91933 -0.92995 -0.95567 -0.96751 -0.97279 -0.98983 -0.98427 -0.93509 -0.84896 -0.74263 -0.6256 -0.51244 -0.43493 -0.36769 -0.30609 -0.25596 -0.20133 -0.14627 -0.14969 -0.13407 -0.070193 0.068679 0.20833 0.40127 0.6104 0.81713 0.93753 0.98899
-0.061971 0.64058 -0.068765 0.95908 -0.27439 -0.95346 -0.74749 0.14103 -0.94225 -1 -0.92239 0.2494 0.21474 -0.11425 -0.75148 -0.98441 -0.94886 -0.89262 -0.84289 -0.96825 -1 -0.99936 -0.99743 -0.99417 -0.98844 -0.98516 -0.96402 -0.90559 -0.80358 -0.67539 -0.54016 -0.40469 -0.28213 -0.20339 -0.13763 -0.079026 -0.033053 0.01809 0.06855 0.05987 0.070536 0.12961 0.2613 0.39046 0.5643 0.74355 0.90475 0.97965 0.98563
0.60474 -0.57802 0.7618 0.052067 -0.96085 -0.6299 -0.92388 -0.6832 -0.36356 -0.78003 -0.96826 -0.39336 -0.38408 -0.63144 -0.97593 -0.78505 -0.70077 -0.60781 -0.54406 -0.79014 -0.93491 -0.94056 -0.93761 -0.91602 -0.9023 -0.89863 -0.84876 -0.74947 -0.60894 -0.45326 -0.30244 -0.16025 -0.037788 0.036447 0.096345 0.14845 0.18778 0.23294 0.2766 0.26327 0.26874 0.32089 0.44075 0.55535 0.70498 0.84971 0.96203 0.99108 0.95336
-0.51508 0.38784 -0.78405 -0.99511 -0.0313 0.50788 -0.15985 -0.93933 0.44945 -0.12629 -0.55318 -0.86623 -0.83831 -0.94624 -0.93182 -0.39942 -0.30561 -0.20981 -0.15484 -0.48933 -0.73531 -0.7578 -0.76428 -0.73597 -0.72352 -0.7266 -0.65902 -0.53302 -0.36973 -0.20149 -0.047782 0.090541 0.2048 0.27018 0.32116 0.36446 0.39572 0.43334 0.46892 0.45217 0.45283 0.49666 0.60104 0.69802 0.81967 0.92681 0.98874 0.97304 0.89458
-0.35744 -0.062781 -0.012004 0.12826 0.95854 1 0.74752 -0.44123 0.95988 0.58621 0.10943 -0.99178 -1 -0.97439 -0.64366 0.073359 0.14687 0.22103 0.25418 -0.11836 -0.43601 -0.48082 -0.50365 -0.4788 -0.47485 -0.48951 -0.41511 -0.2769 -0.10643 0.06046 0.20587 0.33152 0.43129 0.48499 0.52533 0.55869 0.58147 0.61094 0.638 0.61953 0.61629 0.65112 0.73742 0.81472 0.90593 0.9739 0.98563 0.92756 0.81229
1 -0.35448 0.86049 0.99193 0.43073 0.27159 0.92684 0.39775 0.86255 0.98096 0.71274 -0.73925 -0.82993 -0.72143 -0.19634 0.52238 0.56263 0.60495 0.61494 0.26405 -0.082621 -0.14878 -0.18989 -0.17551 -0.18405 -0.21212 -0.14032 -0.003283 0.16038 0.31399 0.44212 0.54848 0.62946 0.67014 0.69938 0.72279 0.73757 0.75909 0.77796 0.75978 0.75396 0.77975 0.84637 0.90289 0.96246 0.99106 0.95428 0.85729 0.70988
-0.74589 0.75895 -0.76777 -0.19627 -0.76359 -0.76973 0.24869 0.93455 0.24502 0.87257 1 -0.21969 -0.39826 -0.27128 0.29263 0.85087 0.86241 0.87694 0.87262 0.60228 0.2758 0.19567 0.13969 0.1407 0.11933 0.079278 0.1414 0.26616 0.41152 0.5426 0.64704 0.72982 0.78969 0.8174 0.83618 0.85053 0.85854 0.87296 0.88458 0.86887 0.86209 0.87935 0.92562 0.96114 0.98901 0.97928 0.89699 0.76536 0.59101
-0.0014198 -1 -0.26276 -0.99201 -0.81704 -0.91985 -0.63792 0.78913 -0.50622 0.33789 0.86683 0.36945 0.1494 0.24532 0.70508 0.9953 0.99534 0.99634 0.99279 0.85146 0.59353 0.51191 0.44909 0.43801 0.407 0.35932 0.40752 0.51181 0.63049 0.73278 0.80975 0.86697 0.90526 0.92117 0.931 0.9379 0.94088 0.94959 0.95538 0.94431 0.93831 0.94799 0.97407 0.98914 0.98628 0.94032 0.8166 0.65525 0.45949
0.49486 0.93833 1 0.15575 0.31572 -0.049098 -0.95457 0.088637 -0.95857 -0.34898 0.38707 0.82233 0.64413 0.69042 0.94976 0.93498 0.94522 0.95096 0.96433 0.98242 0.83358 0.76576 0.70733 0.68899 0.65433 0.60561 0.6385 0.71736 0.8043 0.87455 0.92279 0.95452 0.97234 0.97847 0.9815 0.98303 0.98306 0.98777 0.98944 0.98504 0.98158 0.98493 0.99172 0.98755 0.95577 0.8766 0.71636 0.53064 0.31914
-0.46011 -0.5314 -0.43337 1 1 0.86263 -0.46442 -0.66837 -0.87756 -0.86487 -0.2356 0.99482 0.94559 0.95497 0.98007 0.69149 0.72963 0.75592 0.79851 0.98384 0.97122 0.93265 0.89107 0.87275 0.84218 0.80028 0.81901 0.87061 0.92396 0.96171 0.98217 0.99021 0.98991 0.98885 0.98755 0.98607 0.98533 0.9879 0.98729 0.99132 0.99206 0.99056 0.97954 0.95786 0.8997 0.791 0.59979 0.39528 0.17367
0.1435 -0.097913 -0.73891 -0.011866 0.3134 0.86241 0.39246 -0.97905 -0.33141 -0.98788 -0.75926 0.84472 0.97863 0.98271 0.79941 0.31991 0.39321 0.44827 0.5249 0.86179 0.99558 0.99921 0.98612 0.97612 0.95788 0.9309 0.93862 0.96387 0.98461 0.9918 0.98721 0.9747 0.9595 0.95409 0.95105 0.9489 0.94951 0.95181 0.95077 0.96461 0.97101 0.96621 0.93933 0.90224 0.82079 0.68678 0.47055 0.25289 0.026655
0.10352 0.67178 0.86184 -0.98779 -0.78396 -0.0092727 0.92125 -0.6608 0.37639 -0.68322 -0.99714 0.43409 0.74686 0.77799 0.45513 -0.1051 -0.0027799 0.079044 0.18538 0.63704 0.90936 0.96345 0.9878 0.994 0.99562 0.99081 0.99195 0.994 0.98541 0.96583 0.94024 0.9112 0.88483 0.87789 0.87554 0.87494 0.87879 0.88252 0.88275 0.90736 0.92058 0.91405 0.87356 0.82345 0.72219 0.56743 0.33232 0.10707 -0.11861
-0.12851 -0.88406 0.29084 -0.22351 -0.86109 -0.85746 0.73444 0.06524 0.88463 -0.098088 -0.87849 -0.10081 0.3233 0.39837 0.024156 -0.50502 -0.39225 -0.29579 -0.17282 0.34097 0.72706 0.83373 0.90039 0.92893 0.95618 0.97907 0.97858 0.9621 0.92915 0.88789 0.84612 0.80506 0.77139 0.76548 0.76596 0.76877 0.77741 0.78403 0.787 0.82282 0.84368 0.83688 0.78525 0.72465 0.6073 0.43652 0.18873 -0.038791 -0.25911
-0.010721 0.59959 -0.98297 0.9029 0.13964 -0.87522 0.0078769 0.7466 0.95656 0.51747 -0.4608 -0.59769 -0.17569 -0.063934 -0.40536 -0.81169 -0.71521 -0.62379 -0.50375 0.010762 0.47218 0.62683 0.73572 0.79008 0.84613 0.89985 0.9025 0.87301 0.82169 0.76452 0.71176 0.66323 0.62602 0.62325 0.62821 0.63587 0.65039 0.66101 0.66786 0.71484 0.74381 0.73802 0.67781 0.60929 0.47969 0.29766 0.043238 -0.18156 -0.39217
0.18065 0.0091921 0.10884 0.51425 0.95781 -0.084685 -0.70732 0.98719 0.57888 0.92036 0.10304 -0.91751 -0.62396 -0.50582 -0.7522 -0.97791 -0.92631 -0.86291 -0.76834 -0.31547 0.17383 0.36546 0.51139 0.59176 0.67673 0.76162 0.77141 0.73459 0.67127 0.60418 0.54548 0.4938 0.45639 0.45832 0.46887 0.48229 0.50328 0.51862 0.53014 0.58771 0.62483 0.62115 0.55489 0.48098 0.34294 0.15435 -0.10093 -0.31842 -0.51549
-0.28527 -0.53192 0.91509 -0.68639 0.63425 0.76666 -0.91235 0.66753 -0.055479 0.967 0.62446 -0.98062 -0.91701 -0.83619 -0.95647 -0.98303 -1 -0.98599 -0.93843 -0.60294 -0.13684 0.075544 0.2486 0.35177 0.46263 0.57613 0.59579 0.55697 0.48785 0.41651 0.35651 0.30547 0.27065 0.27817 0.29482 0.31436 0.3419 0.36224 0.37881 0.44596 0.49088 0.49015 0.42025 0.34337 0.20061 0.00992 -0.2408 -0.44688 -0.62713
0.29788 0.60671 -0.37034 -0.78157 -0.41074 0.93419 -0.49516 -0.015522 -0.65454 0.6565 0.9425 -0.78207 -0.99423 -0.99333 -0.98824 -0.83352 -0.93218 -0.98277 -0.9989 -0.82359 -0.42984 -0.21648 -0.029922 0.089676 0.22046 0.35726 0.38801 0.35168 0.28236 0.21181 0.15442 0.10713 0.076968 0.090338 0.11296 0.13843 0.1721 0.19729 0.2189 0.29417 0.34618 0.34896 0.27769 0.20006 0.056089 -0.13252 -0.37374 -0.56484 -0.72555
-0.24095 -0.22239 -0.7842 0.30836 -0.98012 0.30919 0.23694 -0.68419 -0.96345 0.11633 0.97018 -0.38512 -0.84809 -0.95423 -0.84969 -0.55917 -0.73852 -0.85939 -0.94805 -0.95827 -0.6791 -0.48597 -0.30194 -0.17483 -0.032543 0.11993 0.16138 0.1309 0.066004 0.00037461 -0.051332 -0.092619 -0.11676 -0.097958 -0.070044 -0.039351 -0.00045556 0.029061 0.05532 0.13689 0.19493 0.2015 0.13091 0.054525 -0.087429 -0.27013 -0.49745 -0.67053 -0.80954
0.1512 -0.25222 0.49709 0.9044 -0.4787 -0.55616 0.79982 -0.99338 -0.86739 -0.4555 0.71272 0.10177 -0.52036 -0.735 -0.57147 -0.20617 -0.4503 -0.63595 -0.79639 -0.99774 -0.86443 -0.71198 -0.54738 -0.42337 -0.2797 -0.12094 -0.070729 -0.093301 -0.15029 -0.20793 -0.25187 -0.28573 -0.30326 -0.28 -0.24799 -0.21324 -0.17042 -0.13748 -0.10731 -0.021555 0.041184 0.051543 -0.016601 -0.089993 -0.22701 -0.4004 -0.60998 -0.76259 -0.8783
-0.058292 0.39809 0.66736 0.18398 0.51554 -0.95945 0.85352 -0.80183 -0.42387 -0.8649 0.25658 0.55627 -0.088186 -0.38391 -0.20478 0.17127 -0.10873 -0.34271 -0.56427 -0.94258 -0.97272 -0.87863 -0.74961 -0.64001 -0.50595 -0.35133 -0.29565 -0.30956 -0.35642 -0.40412 -0.43917 -0.46502 -0.47604 -0.4498 -0.4153 -0.37804 -0.33292 -0.29777 -0.26472 -0.17711 -0.11126 -0.097344 -0.16155 -0.2305 -0.36003 -0.52114 -0.70976 -0.83998 -0.93134
-0.021445 -0.14961 -0.52329 -0.7614 0.96164 -0.61101 0.39284 -0.22214 0.17752 -0.98535 -0.26296 0.87273 0.35549 0.030568 0.1889 0.51948 0.2413 -0.01559 -0.27878 -0.80209 -0.99835 -0.97579 -0.89631 -0.81208 -0.69861 -0.55885 -0.50201 -0.50774 -0.5435 -0.58041 -0.60635 -0.62439 -0.62959 -0.60222 -0.56716 -0.52923 -0.48369 -0.44776 -0.4131 -0.32609 -0.25889 -0.2419 -0.30098 -0.36431 -0.48418 -0.63053 -0.79557 -0.90204 -0.96848
0.08225 -0.15982 -0.59368 -0.63505 0.44278 0.18891 -0.28535 0.45659 0.70107 -0.79163 -0.70353 0.98499 0.72219 0.43389 0.54837 0.79266 0.55716 0.3084 0.029722 -0.59257 -0.94293 -0.99933 -0.97991 -0.93072 -0.84795 -0.73327 -0.68024 -0.67935 -0.70414 -0.73042 -0.74784 -0.75891 -0.75951 -0.7331 -0.69961 -0.663 -0.61908 -0.58399 -0.54915 -0.46527 -0.39858 -0.37919 -0.43225 -0.48909 -0.5975 -0.72709 -0.86653 -0.9484 -0.98982
-0.12328 0.19341 0.47987 0.31991 -0.49094 0.83185 -0.78411 0.91887 0.95729 -0.35752 -0.95383 0.87725 0.94474 0.75871 0.82191 0.95823 0.80333 0.59526 0.33084 -0.33519 -0.81438 -0.95079 -0.99765 -0.99101 -0.9474 -0.86688 -0.82286 -0.81771 -0.83266 -0.84929 -0.85945 -0.86491 -0.8625 -0.83926 -0.80954 -0.77637 -0.73616 -0.70358 -0.67013 -0.59186 -0.52762 -0.50665 -0.55309 -0.60283 -0.6984 -0.80967 -0.9221 -0.97901 -0.99574
0.14436 0.0025227 0.56127 0.81803 -0.94036 0.86831 -0.83772 0.96694 0.86666 0.17637 -0.95905 0.58251 0.98784 0.95541 0.97391 0.99976 0.95485 0.81729 0.59707 -0.053616 -0.62575 -0.83671 -0.95126 -0.99194 -0.99368 -0.95466 -0.92466 -0.91815 -0.92513 -0.93379 -0.93842 -0.94002 -0.9364 -0.91855 -0.89478 -0.86711 -0.83268 -0.80433 -0.77386 -0.70358 -0.64372 -0.62213 -0.66159 -0.70389 -0.78561 -0.87748 -0.96205 -0.99407 -0.98683
-0.14465 -0.10958 -0.386 0.27287 -0.51973 0.30422 -0.44129 0.59609 0.47657 0.65046 -0.72886 0.17071 0.8515 0.99829 0.98834 0.91743 0.99907 0.95525 0.80605 0.22816 -0.39364 -0.66771 -0.84643 -0.93601 -0.98663 -0.99424 -0.98271 -0.978 -0.97941 -0.9822 -0.98337 -0.98307 -0.98017 -0.96977 -0.95401 -0.9338 -0.90709 -0.88463 -0.85873 -0.79867 -0.74505 -0.72385 -0.75626 -0.79102 -0.85822 -0.93004 -0.9864 -0.99403 -0.96385
0.12378 0.0024617 -0.55127 -0.57243 0.35075 -0.44995 0.17431 -0.021289 -0.06746 0.93357 -0.32869 -0.26929 0.56747 0.8873 0.86905 0.72641 0.93588 0.99948 0.94206 0.48787 -0.13666 -0.4573 -0.69203 -0.8288 -0.92891 -0.9858 -0.9963 -0.9965 -0.99501 -0.99432 -0.99422 -0.99404 -0.99376 -0.99267 -0.98672 -0.97576 -0.95854 -0.94351 -0.92366 -0.87582 -0.83019 -0.81047 -0.83595 -0.86327 -0.91564 -0.96715 -0.99547 -0.97954 -0.92774
-0.084396 0.092294 0.25356 -0.69588 0.89372 -0.89103 0.68522 -0.62301 -0.57976 0.95648 0.14111 -0.64939 0.19071 0.64552 0.63737 0.45359 0.77643 0.94984 0.99672 0.70651 0.12615 -0.22073 -0.49928 -0.67835 -0.82559 -0.93178 -0.96674 -0.97468 -0.97299 -0.97127 -0.97206 -0.97397 -0.97806 -0.98781 -0.99319 -0.99299 -0.98679 -0.98054 -0.96813 -0.93424 -0.89818 -0.88101 -0.89988 -0.92005 -0.95759 -0.98891 -0.98978 -0.95144 -0.87957
0.034877 0.011185 0.53692 -0.015324 0.67 -0.75475 0.84519 -0.97041 -0.89821 0.72451 0.57159 -0.89927 -0.21218 0.31358 0.32758 0.13332 0.54094 0.81484 0.96901 0.86955 0.37667 0.026138 -0.28084 -0.49441 -0.68365 -0.83656 -0.8971 -0.91509 -0.91577 -0.91533 -0.91901 -0.92478 -0.93476 -0.95651 -0.97438 -0.98612 -0.99216 -0.99585 -0.99206 -0.97355 -0.94847 -0.93488 -0.94762 -0.96108 -0.98405 -0.99562 -0.97002 -0.91069 -0.8205
0.010872 -0.13091 -0.096043 0.64041 -0.094657 -0.15581 0.59639 -0.93909 -0.93275 0.3089 0.87014 -0.97796 -0.57498 -0.057925 -0.018591 -0.19716 0.25577 0.61001 0.86463 0.96753 0.59886 0.26795 -0.049942 -0.28785 -0.51146 -0.70609 -0.79194 -0.82163 -0.82688 -0.82977 -0.83806 -0.84916 -0.86625 -0.90071 -0.9318 -0.95634 -0.9755 -0.99003 -0.99585 -0.9938 -0.98087 -0.97184 -0.97905 -0.98637 -0.99528 -0.98784 -0.93708 -0.85838 -0.75176
-0.036913 0.023078 -0.49133 0.56018 -0.76027 0.52072 0.076795 -0.55558 -0.68571 -0.17767 0.97894 -0.87858 -0.84241 -0.41639 -0.35788 -0.50206 -0.049756 0.35587 0.69492 0.99629 0.77968 0.49071 0.18042 -0.069908 -0.31823 -0.54741 -0.65693 -0.69916 -0.71072 -0.7186 -0.73283 -0.75039 -0.77542 -0.82285 -0.8675 -0.90528 -0.9381 -0.96407 -0.98026 -0.99542 -0.99556 -0.99197 -0.99434 -0.99618 -0.99174 -0.96627 -0.89196 -0.79569 -0.67464
0.032291 0.15831 -0.064148 -0.10566 -0.81599 0.87429 -0.46332 0.026192 -0.24219 -0.61296 0.88368 -0.62624 -0.97766 -0.71457 -0.65075 -0.75074 -0.34642 0.075698 0.4754 0.95677 0.90956 0.68248 0.39816 0.14839 -0.1135 -0.3683 -0.49853 -0.55333 -0.57236 -0.58642 -0.60747 -0.6322 -0.66562 -0.72581 -0.7839 -0.83497 -0.88162 -0.91935 -0.94639 -0.97915 -0.99301 -0.99563 -0.99391 -0.991 -0.97411 -0.93179 -0.83579 -0.72387 -0.59044
0.0017497 -0.08448 0.39722 -0.61775 -0.25483 0.72045 -0.78442 0.59162 0.26246 -0.8955 0.61234 -0.27068 -0.96615 -0.91626 -0.8657 -0.92035 -0.60781 -0.2067 0.22424 0.85444 0.98274 0.8339 0.59269 0.35674 0.093347 -0.17686 -0.32368 -0.39022 -0.41726 -0.43817 -0.46643 -0.4986 -0.54044 -0.61272 -0.6837 -0.74774 -0.808 -0.85751 -0.89565 -0.94601 -0.97399 -0.98344 -0.97843 -0.97154 -0.94321 -0.88541 -0.76974 -0.64419 -0.50046
-0.048856 -0.14905 0.19494 -0.47669 0.47456 0.17171 -0.76032 0.94572 0.68543 -0.9664 0.22563 0.12447 -0.81564 -1 -0.98204 -0.99747 -0.81242 -0.46895 -0.03934 0.69852 0.99724 0.93845 0.75531 0.54602 0.29344 0.018884 -0.13945 -0.21611 -0.25105 -0.27893 -0.31433 -0.35377 -0.40363 -0.48691 -0.56982 -0.64613 -0.71942 -0.78044 -0.82962 -0.89727 -0.93947 -0.95625 -0.94875 -0.93866 -0.90001 -0.82823 -0.69505 -0.55793 -0.406
0.083537 0.1353 -0.25735 0.11775 0.83987 -0.45418 -0.41961 0.97749 0.91608 -0.81874 -0.19786 0.49351 -0.55302 -0.96029 -0.9912 -0.97846 -0.9451 -0.69174 -0.29656 0.50102 0.95465 0.99255 0.87947 0.70857 0.47882 0.21127 0.047221 -0.037231 -0.079353 -0.1138 -0.15577 -0.20189 -0.25898 -0.35177 -0.44528 -0.53279 -0.61823 -0.69018 -0.75012 -0.8344 -0.89066 -0.91508 -0.90587 -0.89337 -0.8456 -0.76142 -0.61301 -0.4664 -0.30832
-0.085488 0.11672 -0.26397 0.5565 0.60792 -0.82367 0.082044 0.68904 0.90227 -0.4942 -0.57804 0.77932 -0.21875 -0.80685 -0.89651 -0.86897 -0.99775 -0.86005 -0.53031 0.27573 0.85965 0.9955 0.9609 0.83844 0.64265 0.39327 0.22977 0.14045 0.092422 0.052317 0.0047657 -0.04704 -0.11023 -0.21071 -0.31315 -0.41048 -0.50685 -0.58889 -0.65903 -0.75897 -0.82888 -0.86112 -0.85095 -0.83679 -0.78115 -0.68621 -0.5249 -0.37086 -0.20862
0.054247 -0.15822 0.099079 0.4489 -0.027838 -0.76121 0.5372 0.18479 0.65828 -0.069557 -0.84815 0.9415 0.1398 -0.56206 -0.71177 -0.68254 -0.96934 -0.96385 -0.72622 0.037188 0.71952 0.9492 0.9976 0.93146 0.7794 0.55872 0.40221 0.31139 0.25922 0.2148 0.16305 0.10688 0.039038 -0.067003 -0.17644 -0.28194 -0.38774 -0.47879 -0.55835 -0.67271 -0.7556 -0.79566 -0.78524 -0.77012 -0.70786 -0.60386 -0.43198 -0.27254 -0.10806
-0.012759 -0.083077 0.25579 -0.052875 -0.62212 -0.32131 0.77265 -0.37034 0.25495 0.36273 -0.96539 0.96095 0.47524 -0.25721 -0.4589 -0.43866 -0.86536 -0.9984 -0.87329 -0.20024 0.54349 0.85788 0.98973 0.98529 0.88496 0.70245 0.5593 0.47063 0.41648 0.36944 0.31518 0.25627 0.18548 0.076197 -0.038063 -0.14983 -0.26335 -0.36211 -0.4501 -0.57738 -0.67235 -0.72008 -0.71003 -0.69462 -0.62701 -0.51561 -0.33551 -0.17263 -0.0077338
-0.0072379 0.15488 0.035057 -0.4679 -0.79418 0.26163 0.71162 -0.80655 -0.20297 0.71489 -0.9161 0.84071 0.74626 0.071799 -0.16506 -0.16052 -0.69678 -0.96407 -0.96433 -0.42321 0.34203 0.72763 0.9394 0.99935 0.95669 0.82039 0.69663 0.6139 0.56019 0.51251 0.45768 0.39786 0.32602 0.21597 0.099228 -0.016747 -0.13607 -0.24106 -0.33628 -0.47476 -0.58073 -0.63582 -0.62671 -0.61159 -0.53985 -0.42273 -0.23669 -0.072241 0.091346
-0.0090229 0.061037 -0.18582 -0.45075 -0.46189 0.70361 0.39228 -1 -0.60496 0.92092 -0.7154 0.60351 0.92222 0.38878 0.1405 0.12732 -0.47871 -0.8659 -0.99605 -0.62005 0.12624 0.56596 0.85042 0.97466 0.99332 0.90963 0.81071 0.73767 0.68699 0.64083 0.58752 0.52878 0.4579 0.34967 0.23288 0.1149 -0.0081737 -0.11775 -0.21886 -0.36666 -0.48235 -0.54435 -0.53664 -0.52235 -0.44767 -0.32643 -0.13668 0.027556 0.18824
0.04312 -0.13351 -0.11156 -0.062086 0.13988 0.80818 -0.05766 -0.90457 -0.861 0.94735 -0.4021 0.28682 0.98589 0.66118 0.42928 0.40109 -0.22893 -0.71281 -0.96894 -0.78128 -0.0928 0.38132 0.72794 0.91367 0.99496 0.96839 0.899 0.83922 0.7942 0.75181 0.70219 0.64658 0.57877 0.47491 0.36057 0.24287 0.1182 0.0057786 -0.099754 -0.25483 -0.37881 -0.44713 -0.44123 -0.42819 -0.35171 -0.22791 -0.03657 0.12578 0.28211
-0.055557 -0.052673 0.094919 0.34254 0.63498 0.54667 -0.47481 -0.55805 -0.92 0.7967 -0.030305 -0.063619 0.93432 0.86307 0.67616 0.63967 0.03367 -0.51667 -0.88685 -0.8999 -0.30458 0.18263 0.57819 0.82006 0.96292 0.996 0.95992 0.91662 0.87983 0.84345 0.79968 0.74926 0.68661 0.58966 0.48024 0.36512 0.24107 0.12763 0.019248 -0.14097 -0.27168 -0.34563 -0.34182 -0.3304 -0.25317 -0.1283 0.062607 0.22154 0.37217
0.021964 0.10106 0.12928 0.44221 0.74194 0.053764 -0.71957 -0.064408 -0.77753 0.50368 0.34041 -0.40063 0.7779 0.97722 0.86128 0.82603 0.29052 -0.29128 -0.75652 -0.97155 -0.49958 -0.021149 0.40802 0.69843 0.89956 0.99282 0.99277 0.96873 0.94257 0.91434 0.8785 0.83528 0.77982 0.69221 0.59011 0.47985 0.35864 0.24605 0.13646 -0.026692 -0.16249 -0.24126 -0.23974 -0.23022 -0.15323 -0.028666 0.1599 0.31401 0.45776
0.038382 0.052921 -0.020666 0.19518 0.42472 -0.44706 -0.72022 0.43976 -0.4725 0.12611 0.65452 -0.68179 0.53801 0.99602 0.9713 0.94818 0.52462 -0.051361 -0.58691 -0.99453 -0.66967 -0.22143 0.2247 0.55413 0.80814 0.96011 0.99771 0.99517 0.98176 0.96367 0.93769 0.90355 0.85719 0.78117 0.68869 0.58551 0.46932 0.35944 0.25032 0.086472 -0.052694 -0.13538 -0.13627 -0.12885 -0.05299 0.069978 0.25445 0.40246 0.53826
-0.075146 -0.061619 -0.11667 -0.17343 -0.11403 -0.7465 -0.48949 0.8237 -0.075049 -0.26728 0.86846 -0.87442 0.2437 0.92135 1 0.99963 0.72155 0.18845 -0.38854 -0.9696 -0.80836 -0.41029 0.035477 0.39293 0.69262 0.89998 0.97568 0.99624 0.99739 0.99115 0.97675 0.9534 0.91788 0.85551 0.77477 0.68078 0.57171 0.46639 0.35943 0.19711 0.056348 -0.029296 -0.032628 -0.027421 0.046511 0.1667 0.34546 0.48623 0.61319
0.055846 -0.053365 -0.032227 -0.38082 -0.56926 -0.73378 -0.11205 0.99523 0.33059 -0.60958 0.95579 -0.95871 -0.072074 0.76361 0.94815 0.97942 0.8702 0.41443 -0.17275 -0.89976 -0.91091 -0.58078 -0.1526 0.22084 0.55745 0.81518 0.92828 0.97289 0.98997 0.99703 0.99565 0.98456 0.96144 0.91451 0.84744 0.76459 0.66465 0.56568 0.46253 0.30395 0.16336 0.075782 0.070061 0.073014 0.14431 0.26065 0.43223 0.56477 0.68211
-0.0024969 0.018637 0.096043 -0.29959 -0.70672 -0.43106 0.28879 0.92029 0.66417 -0.84663 0.90947 -0.92898 -0.37623 0.54001 0.82283 0.89164 0.96316 0.6145 0.04891 -0.78993 -0.97443 -0.72708 -0.33299 0.043826 0.40744 0.70899 0.85769 0.92659 0.96055 0.98199 0.99478 0.99717 0.98774 0.95777 0.90606 0.83613 0.74718 0.65624 0.55853 0.4058 0.26717 0.17872 0.17074 0.17147 0.2395 0.35104 0.51414 0.63759 0.74468
-0.030512 0.045065 0.083922 -0.021633 -0.47652 0.02862 0.5921 0.6262 0.86464 -0.94469 0.74111 -0.79313 -0.63892 0.27247 0.63637 0.74478 0.99693 0.77878 0.26534 -0.64651 -0.9978 -0.84468 -0.4998 -0.13234 0.24751 0.58509 0.76658 0.8593 0.9106 0.94713 0.9749 0.99169 0.99698 0.98517 0.95025 0.89481 0.81854 0.73723 0.6465 0.50167 0.36672 0.27849 0.26843 0.26704 0.3313 0.4372 0.59065 0.7043 0.80063
0.01875 0.022219 -0.051816 0.24146 -0.0181 0.4631 0.71465 0.18999 0.90001 -0.89403 0.47776 -0.5705 -0.83622 -0.014699 0.40495 0.55075 0.97173 0.89989 0.46637 -0.477 -0.98161 -0.93038 -0.64799 -0.30228 0.082579 0.44741 0.65793 0.77334 0.84195 0.89388 0.93708 0.96888 0.98963 0.99688 0.9799 0.94028 0.87819 0.80796 0.72566 0.59064 0.46107 0.37414 0.36227 0.35891 0.41897 0.51851 0.66133 0.76458 0.84977
0.0042377 -0.021552 -0.12937 0.31975 0.42935 0.71369 0.63108 -0.28354 0.77069 -0.70827 0.15703 -0.28882 -0.95193 -0.29703 0.14704 0.32381 0.89121 0.97319 0.64319 -0.28954 -0.92796 -0.98233 -0.77344 -0.46111 -0.082582 0.30002 0.53501 0.67133 0.75674 0.82397 0.8827 0.9298 0.96644 0.9933 0.9951 0.97241 0.92578 0.86792 0.7954 0.67199 0.54939 0.46486 0.45148 0.44634 0.50187 0.59445 0.72578 0.81819 0.89197
0.005104 -0.051428 -0.042187 0.18803 0.65304 0.7004 0.37537 -0.68768 0.50654 -0.42039 -0.17856 0.0196 -0.97843 -0.55193 -0.1181 0.079414 0.76193 0.99675 0.78864 -0.092568 -0.84026 -1 -0.87299 -0.60462 -0.2435 0.14697 0.40121 0.55608 0.6573 0.73935 0.81333 0.87568 0.92835 0.97503 0.99617 0.99124 0.96115 0.91679 0.85526 0.74507 0.63098 0.54989 0.53535 0.52871 0.57946 0.66457 0.78373 0.86495 0.92717
-0.034577 -0.017407 0.11046 -0.043692 0.56372 0.44238 0.025714 -0.93737 0.15906 -0.076135 -0.48735 0.32164 -0.91669 -0.76039 -0.37187 -0.16681 0.59277 0.97126 0.89743 0.10564 -0.72299 -0.98405 -0.94454 -0.72927 -0.39608 -0.0077808 0.25998 0.43052 0.54615 0.64214 0.73073 0.80799 0.8765 0.94289 0.98362 0.99702 0.98431 0.9544 0.90493 0.80942 0.70524 0.62863 0.61331 0.60545 0.65125 0.72851 0.83494 0.90477 0.95538
0.029081 0.057239 0.14689 -0.22222 0.22295 0.04147 -0.32064 -0.98554 -0.20938 0.27359 -0.7335 0.58689 -0.77543 -0.90811 -0.59757 -0.40008 0.39421 0.89973 0.96619 0.29725 -0.58142 -0.93624 -0.98694 -0.83227 -0.5367 -0.16048 0.11473 0.29765 0.42586 0.53456 0.63681 0.7283 0.81218 0.89784 0.95811 0.99015 0.9954 0.9807 0.94423 0.86468 0.7717 0.70054 0.68486 0.6761 0.71685 0.78598 0.87928 0.93758 0.97664
0.024621 0.062347 0.016043 -0.25092 -0.20106 -0.3604 -0.57455 -0.82977 -0.53693 0.58031 -0.89073 0.79046 -0.56972 -0.98625 -0.78135 -0.60725 0.17767 0.78719 0.99347 0.47515 -0.4214 -0.85924 -1 -0.91163 -0.66226 -0.30763 -0.031229 0.16041 0.29904 0.4189 0.53354 0.63829 0.73679 0.84098 0.92044 0.97117 0.99475 0.99583 0.97311 0.91059 0.82998 0.76521 0.74958 0.74027 0.77595 0.83677 0.91664 0.96343 0.99106
-0.062866 -0.031486 -0.14615 -0.13552 -0.51892 -0.63195 -0.6769 -0.50907 -0.7723 0.80438 -0.94458 0.915 -0.31914 -0.99162 -0.91292 -0.77749 -0.045202 0.64026 0.97964 0.63317 -0.24906 -0.75653 -0.98441 -0.96607 -0.77022 -0.44608 -0.17479 0.02167 0.16827 0.29745 0.42293 0.53972 0.65182 0.77351 0.87154 0.94075 0.98277 1 0.99164 0.94706 0.87984 0.82229 0.80716 0.79767 0.82832 0.88071 0.94702 0.98236 0.99878
0.028604 -0.094129 -0.16642 0.038745 -0.60334 -0.69372 -0.61038 -0.092735 -0.88211 0.91954 -0.89301 0.95172 -0.045827 -0.92646 -0.98589 -0.90264 -0.26312 0.46673 0.92676 0.76625 -0.070572 -0.63216 -0.94162 -0.9951 -0.85864 -0.57308 -0.31308 -0.11584 0.036051 0.17248 0.30701 0.43437 0.55881 0.6967 0.81243 0.89966 0.96001 0.99357 1 0.97404 0.92109 0.87156 0.85737 0.84806 0.87378 0.91773 0.97044 0.99449 1
0.038811 -0.021877 -0.016703 0.16971 -0.43538 -0.53801 -0.39967 0.33567 -0.85449 0.91519 -0.74564 0.90051 0.2276 -0.79783 -0.99787 -0.97754 -0.46571 0.27511 0.8383 0.87056 0.10804 -0.49061 -0.87379 -0.99888 -0.92613 -0.68628 -0.44348 -0.24956 -0.095236 0.046164 0.18775 0.324 0.45932 0.61189 0.74419 0.84876 0.9271 0.97699 0.99847 0.99164 0.95368 0.91286 0.90005 0.89129 0.91224 0.94781 0.98698 1 0.99494
-0.052144 0.091087 0.15978 0.19656 -0.1002 -0.22413 -0.10161 0.69527 -0.69912 0.79647 -0.52169 0.76925 0.47984 -0.61675 -0.95032 -1 -0.64394 0.074177 0.71892 0.94348 0.28109 -0.33659 -0.78361 -0.97822 -0.9719 -0.78376 -0.56371 -0.37719 -0.22337 -0.079406 0.06709 0.21038 0.35492 0.52043 0.66798 0.78898 0.88476 0.95077 0.98742 1 0.97762 0.94613 0.93511 0.92729 0.94365 0.97097 0.99678 0.99907 0.98385
0.0029264 0.081144 0.19289 0.12292 0.25845 0.14593 0.21105 0.92268 -0.44393 0.58227 -0.24719 0.5724 0.69247 -0.39707 -0.84808 -0.97071 -0.79045 -0.1274 0.5742 0.98365 0.44343 -0.17492 -0.67422 -0.93446 -0.9957 -0.86407 -0.67181 -0.49664 -0.3463 -0.20228 -0.053146 0.0952 0.24715 0.4237 0.58495 0.72129 0.83376 0.91553 0.96728 0.99938 0.993 0.97137 0.96256 0.95602 0.96804 0.9873 1 0.99194 0.96701
0.03098 -0.043472 0.048183 0.0013792 0.50077 0.46159 0.4676 0.98202 -0.1295 0.30183 0.048258 0.32928 0.85115 -0.15441 -0.69891 -0.89297 -0.89975 -0.32144 0.41032 0.99088 0.59051 -0.010353 -0.54908 -0.86946 -0.99778 -0.92618 -0.76617 -0.60609 -0.46221 -0.32067 -0.17123 -0.019923 0.13751 0.32305 0.49631 0.6467 0.77494 0.87192 0.93856 0.99011 1 0.98866 0.98244 0.97755 0.98547 0.99692 0.99686 0.97886 0.94472
-0.012459 -0.11209 -0.1456 -0.10306 0.54362 0.63624 0.61483 0.86907 0.19777 -0.0096056 0.33473 0.061933 0.94627 0.09508 -0.51274 -0.7723 -0.96833 -0.50053 0.23382 0.96611 0.71852 0.15256 -0.41185 -0.78543 -0.97884 -0.96951 -0.84554 -0.70404 -0.56948 -0.43294 -0.28558 -0.13346 0.027442 0.21979 0.40323 0.56624 0.70915 0.82065 0.90182 0.97255 0.99885 0.99814 0.99486 0.99195 0.99607 1 0.98759 0.96013 0.91732
-0.0060954 -0.032315 -0.21795 -0.1466 0.38521 0.62917 0.62686 0.60941 0.49256 -0.31533 0.58495 -0.20687 0.97336 0.33573 -0.30096 -0.616 -0.99466 -0.65826 0.051297 0.91122 0.82444 0.30957 -0.26629 -0.68493 -0.94001 -0.99386 -0.90901 -0.78922 -0.66672 -0.53767 -0.39475 -0.244 -0.081699 0.11523 0.3069 0.48095 0.63729 0.76246 0.85766 0.94715 0.98983 1 1 0.99937 1 0.99675 0.97246 0.93606 0.88512
-0.0075204 0.087897 -0.10669 -0.12168 0.096685 0.45225 0.50806 0.25176 0.7167 -0.58147 0.77672 -0.45559 0.93296 0.55332 -0.075706 -0.43266 -0.97911 -0.78942 -0.13081 0.82898 0.90602 0.45683 -0.11615 -0.57072 -0.88276 -0.99943 -0.95603 -0.8607 -0.75279 -0.6336 -0.49743 -0.35023 -0.18864 0.010576 0.20844 0.39186 0.56025 0.69813 0.80672 0.91438 0.9733 0.99449 0.99806 1 0.99747 0.98741 0.95178 0.90696 0.84848
0.0063437 0.094037 0.094579 -0.051456 -0.21135 0.16169 0.28932 -0.14197 0.84366 -0.78051 0.89454 -0.66551 0.83016 0.73579 0.15087 -0.23165 -0.92374 -0.89008 -0.30646 0.7228 0.96187 0.59095 0.034945 -0.44571 -0.80886 -0.98677 -0.98634 -0.91779 -0.8268 -0.71971 -0.59252 -0.451 -0.2922 -0.093008 0.10896 0.29998 0.47893 0.62843 0.74967 0.87477 0.94962 0.98191 0.9893 0.99407 0.9887 0.97224 0.92584 0.87318 0.80775
0.02739 -0.01433 0.22168 0.027865 -0.43168 -0.16098 0.019344 -0.50764 0.86099 -0.89375 0.9305 -0.82197 0.67394 0.87383 0.36723 -0.022593 -0.83214 -0.95767 -0.47013 0.59664 0.99136 0.70907 0.18353 -0.31289 -0.72029 -0.95671 -1 -0.9601 -0.88807 -0.79514 -0.67902 -0.54527 -0.39133 -0.19444 0.0095109 0.20629 0.39422 0.55415 0.68718 0.82885 0.91924 0.96258 0.97401 0.98184 0.97398 0.95153 0.89499 0.83506 0.76329
-0.025908 -0.098278 0.1755 0.085068 -0.49655 -0.43224 -0.24661 -0.78924 0.77077 -0.91257 0.88444 -0.91522 0.47627 0.96118 0.563 0.18505 -0.70915 -0.99093 -0.61703 0.45483 0.99461 0.80888 0.32639 -0.17524 -0.61924 -0.91037 -0.99736 -0.98747 -0.93615 -0.85924 -0.75617 -0.63213 -0.48505 -0.29273 -0.088919 0.11174 0.307 0.4761 0.61995 0.7772 0.88259 0.93687 0.95251 0.9636 0.95358 0.9256 0.85955 0.79296 0.71545
-0.02996 -0.062735 -0.00462 0.10444 -0.39581 -0.58767 -0.45803 -0.94686 0.58816 -0.83852 0.76327 -0.94068 0.25105 0.99473 0.72939 0.38241 -0.56053 -0.98986 -0.74316 0.30191 0.97242 0.88866 0.46063 -0.035673 -0.50798 -0.8491 -0.979 -1 -0.97081 -0.91156 -0.8233 -0.71084 -0.57254 -0.38697 -0.1854 0.017227 0.21812 0.39503 0.54866 0.72039 0.84015 0.90516 0.92516 0.93967 0.92783 0.89476 0.81989 0.74723 0.66461
0.045173 0.038493 -0.17992 0.086828 -0.17375 -0.59591 -0.5782 -0.96144 0.33851 -0.68235 0.57986 -0.89891 0.013156 0.97452 0.85949 0.56154 -0.39273 -0.95567 -0.84538 0.14248 0.9262 0.94724 0.5837 0.10302 -0.38888 -0.77442 -0.94574 -0.99801 -0.99204 -0.95182 -0.87997 -0.78078 -0.65306 -0.47633 -0.27909 -0.076389 0.1284 0.31171 0.47402 0.65903 0.79241 0.86789 0.89233 0.91039 0.89706 0.85936 0.77636 0.69825 0.61111
0.018496 0.086289 -0.22226 0.044265 0.091075 -0.46305 -0.58977 -0.83593 0.053508 -0.46225 0.35151 -0.79519 -0.22263 0.90339 0.94849 0.71571 -0.21253 -0.8906 -0.92144 -0.018957 0.85791 0.984 0.69341 0.23823 -0.2643 -0.688 -0.89858 -0.98199 -1 -0.97992 -0.92584 -0.84147 -0.72601 -0.56012 -0.3692 -0.16831 0.038607 0.22689 0.39668 0.5937 0.73988 0.82546 0.8544 0.8761 0.86161 0.81975 0.72932 0.64636 0.5553
-0.051769 0.03837 -0.10624 -0.0071025 0.3142 -0.22761 -0.49612 -0.59322 -0.23295 -0.20145 0.098161 -0.63876 -0.44245 0.78674 0.99372 0.83956 -0.026798 -0.79776 -0.97002 -0.17806 0.76991 0.99886 0.788 0.36753 -0.13658 -0.59163 -0.83868 -0.95265 -0.99501 -0.99591 -0.96075 -0.89255 -0.79089 -0.63769 -0.45502 -0.25781 -0.050511 0.14127 0.31733 0.52499 0.68307 0.77833 0.81178 0.83719 0.82183 0.77627 0.67913 0.59193 0.49754
-0.0046511 -0.040109 0.080764 -0.052427 0.43163 0.05138 -0.31884 -0.27131 -0.48883 0.074293 -0.15941 -0.44187 -0.63416 0.63194 0.99462 0.92923 0.15777 -0.681 -0.99063 -0.3308 0.66492 0.99222 0.86607 0.48876 -0.0079735 -0.48713 -0.76734 -0.91082 -0.97758 -1 -0.98466 -0.9338 -0.84733 -0.70853 -0.53593 -0.3442 -0.13826 0.055526 0.23659 0.45351 0.6225 0.72696 0.76487 0.79402 0.77808 0.72929 0.62616 0.53529 0.43816
0.044821 -0.066398 0.20815 -0.080867 0.4166 0.30958 -0.092362 0.083111 -0.68732 0.33937 -0.40126 -0.21877 -0.78787 0.44789 0.95261 0.9824 0.33488 -0.5447 -0.98364 -0.47353 0.54593 0.96494 0.92667 0.60001 0.11936 -0.37638 -0.68594 -0.85746 -0.94831 -0.99253 -0.99767 -0.96511 -0.89505 -0.7722 -0.61139 -0.42687 -0.224 -0.029691 0.1551 0.3798 0.55867 0.67178 0.71411 0.74697 0.73074 0.67916 0.57075 0.47681 0.37747
-0.0030912 -0.027031 0.19401 -0.086391 0.28323 0.49201 0.143 0.42158 -0.80938 0.57055 -0.60976 0.015403 -0.89637 0.24442 0.87087 0.99827 0.49885 -0.39362 -0.95013 -0.60306 0.41607 0.91823 0.96922 0.69968 0.24339 -0.26125 -0.59597 -0.79364 -0.90796 -0.97397 -1 -0.98649 -0.93386 -0.82836 -0.68093 -0.50528 -0.30714 -0.11378 0.073428 0.30445 0.49211 0.61327 0.65989 0.69644 0.68018 0.62624 0.51325 0.4168 0.31581
-0.029473 0.026945 0.055012 -0.067966 0.077857 0.56397 0.34831 0.70045 -0.84508 0.7489 -0.77075 0.24564 -0.9553 0.03177 0.75408 0.97747 0.64473 -0.23268 -0.89187 -0.71669 0.27855 0.85369 0.9935 0.78641 0.36228 -0.14356 -0.49891 -0.72052 -0.85736 -0.94488 -0.99196 -0.99806 -0.96371 -0.87676 -0.74417 -0.57894 -0.38714 -0.19617 -0.0078521 0.22799 0.4233 0.55187 0.60265 0.64281 0.62675 0.57089 0.45401 0.3556 0.25347
0.0028045 0.045928 -0.11333 -0.029734 -0.13758 0.51648 0.49217 0.88617 -0.794 0.86109 -0.87428 0.45801 -0.96319 -0.17995 0.60811 0.92194 0.76842 -0.066853 -0.81117 -0.81225 0.13659 0.77316 0.99968 0.85919 0.47434 -0.025104 -0.39631 -0.63931 -0.79743 -0.90591 -0.97398 -1 -0.9846 -0.91722 -0.80077 -0.64743 -0.4635 -0.27635 -0.088215 0.15093 0.35275 0.48803 0.54279 0.58645 0.57082 0.51345 0.39336 0.29352 0.19075
0.010977 0.025529 -0.2044 0.019144 -0.30426 0.3657 0.55507 0.95874 -0.66444 0.90008 -0.91506 0.64041 -0.92132 -0.38121 0.43969 0.83475 0.86675 0.099028 -0.71082 -0.88811 -0.0066778 0.6787 0.98822 0.91727 0.57809 0.09244 -0.28967 -0.55126 -0.72916 -0.8578 -0.94654 -0.99262 -0.99664 -0.94967 -0.85052 -0.7104 -0.5358 -0.35384 -0.16717 0.073786 0.28091 0.4222 0.48072 0.52777 0.51274 0.45427 0.33162 0.23086 0.12792
0.0026823 -0.0063449 -0.16761 0.06578 -0.38188 0.14734 0.53132 0.91321 -0.472 0.86525 -0.89242 0.78317 -0.83345 -0.56346 0.25608 0.71992 0.93752 0.26038 -0.59396 -0.94318 -0.14826 0.57256 0.95988 0.96018 0.67226 0.20748 -0.1805 -0.45764 -0.65358 -0.80134 -0.91022 -0.97627 -1 -0.97408 -0.89323 -0.76755 -0.60365 -0.4282 -0.24425 -0.0029824 0.20825 0.35479 0.41684 0.46711 0.45288 0.39366 0.26911 0.1679 0.065244
0.0074411 -0.025491 -0.033459 0.096411 -0.35716 -0.092262 0.42873 0.75909 -0.23745 0.76196 -0.81007 0.87945 -0.70544 -0.71941 0.064757 0.58219 0.97948 0.41298 -0.46397 -0.97692 -0.28534 0.45706 0.91568 0.98774 0.75578 0.31854 -0.07025 -0.35973 -0.57174 -0.73739 -0.86566 -0.95139 -0.99492 -0.99052 -0.92879 -0.81866 -0.66674 -0.49904 -0.31904 -0.078928 0.13521 0.28623 0.35155 0.40485 0.39157 0.33197 0.20612 0.10493 0.002974
-0.0087406 -0.027102 0.11283 0.10039 -0.24417 -0.30609 0.26624 0.51822 0.015653 0.60065 -0.67548 0.92539 -0.54481 -0.84331 -0.12692 0.42684 0.99231 0.55307 -0.32437 -0.98926 -0.41535 0.33459 0.85687 1 0.82781 0.42429 0.039696 -0.25877 -0.48473 -0.66681 -0.81353 -0.91846 -0.98172 -0.9991 -0.95718 -0.86356 -0.72477 -0.56603 -0.39115 -0.15363 0.062198 0.21691 0.2852 0.34134 0.32913 0.26949 0.14294 0.042198 -0.058656
-0.02408 -0.016236 0.18663 0.074027 -0.077655 -0.45545 0.070172 0.22124 0.26336 0.3957 -0.49912 0.92013 -0.36025 -0.93104 -0.31194 0.25945 0.97656 0.67742 -0.17874 -0.98063 -0.53601 0.20755 0.78485 0.99726 0.8877 0.52351 0.14803 -0.15601 -0.39361 -0.59051 -0.75455 -0.87804 -0.96076 -1 -0.9784 -0.90212 -0.77754 -0.62886 -0.46024 -0.22671 -0.010381 0.14722 0.21818 0.27692 0.2659 0.20652 0.079832 -0.020043 -0.11943
0.011148 0.0029052 0.15211 0.022717 0.097886 -0.51639 -0.13017 -0.096534 0.48355 0.16398 -0.29357 0.86564 -0.16113 -0.98018 -0.48392 0.085689 0.93358 0.78337 -0.030608 -0.95186 -0.64531 0.078275 0.70119 0.98003 0.93501 0.61517 0.25351 -0.052623 -0.29945 -0.5094 -0.68947 -0.83068 -0.93244 -0.99346 -0.99252 -0.93428 -0.82485 -0.68728 -0.526 -0.29781 -0.082155 0.077529 0.15083 0.21192 0.20218 0.14335 0.017065 -0.081565 -0.17913
0.037399 0.024481 0.036915 -0.039803 0.24009 -0.48272 -0.3069 -0.39937 0.65781 -0.076588 -0.072552 0.76642 0.043018 -0.98999 -0.63725 -0.088868 0.8654 0.86886 0.11663 -0.90417 -0.74158 -0.050957 0.60756 0.94901 0.96951 0.69836 0.35502 0.050256 -0.20329 -0.42441 -0.61906 -0.77702 -0.89721 -0.97975 -0.99966 -0.96002 -0.86658 -0.74106 -0.58814 -0.36659 -0.15278 0.0081772 0.083467 0.14666 0.13826 0.080257 -0.045123 -0.14215 -0.23759
-0.0074835 0.035565 -0.090131 -0.095119 0.31853 -0.36549 -0.43723 -0.65511 0.77274 -0.30838 0.14999 0.62903 0.24292 -0.96132 -0.76727 -0.2589 0.77467 0.93244 0.25975 -0.83911 -0.82348 -0.178 0.5057 0.90506 0.99113 0.77233 0.45154 0.15156 -0.10615 -0.33642 -0.54408 -0.71767 -0.85558 -0.9592 -1 -0.97937 -0.90264 -0.79004 -0.64645 -0.43277 -0.22192 -0.060503 0.016422 0.081431 0.074425 0.017489 -0.1065 -0.2016 -0.29461
-0.045182 0.022842 -0.16079 -0.12572 0.32036 -0.18943 -0.50611 -0.83829 0.82072 -0.51536 0.36077 0.46165 0.42997 -0.89648 -0.87033 -0.41949 0.66448 0.97329 0.39581 -0.75847 -0.88999 -0.30084 0.3974 0.84919 1 0.83649 0.54215 0.25028 -0.0089887 -0.24634 -0.46533 -0.65328 -0.80803 -0.93215 -0.99373 -0.9924 -0.93299 -0.83407 -0.7007 -0.49607 -0.28928 -0.1282 -0.050014 0.016522 0.010938 -0.044708 -0.16686 -0.25972 -0.35004
-0.0019221 -0.011723 -0.14341 -0.12066 0.25126 0.012477 -0.50753 -0.9324 0.80016 -0.68408 0.54789 0.27355 0.59657 -0.79899 -0.94388 -0.56626 0.53829 0.99114 0.52216 -0.66429 -0.94043 -0.41766 0.28443 0.78252 0.99639 0.89038 0.62604 0.34551 0.08727 -0.15503 -0.38357 -0.58453 -0.75511 -0.89901 -0.9811 -0.99923 -0.95762 -0.87306 -0.75073 -0.55625 -0.35458 -0.19464 -0.11556 -0.047797 -0.051949 -0.10611 -0.226 -0.31635 -0.40374
0.044915 -0.045085 -0.054986 -0.079305 0.13198 0.20536 -0.44454 -0.93087 0.71514 -0.80441 0.70145 0.074491 0.73637 -0.67344 -0.98645 -0.69545 0.39982 0.98631 0.63648 -0.55875 -0.97442 -0.5268 0.16858 0.70626 0.98074 0.93371 0.70253 0.43641 0.18176 -0.06331 -0.29955 -0.51206 -0.69736 -0.86018 -0.96239 -1 -0.97655 -0.90695 -0.7964 -0.61312 -0.41758 -0.25954 -0.17996 -0.11127 -0.114 -0.16649 -0.28374 -0.37133 -0.45557
0.013571 -0.048554 0.05338 -0.012016 -0.0079252 0.35834 -0.32809 -0.83705 0.57471 -0.86999 0.81395 -0.12571 0.84447 -0.5252 -0.99765 -0.80399 0.25289 0.95958 0.73683 -0.44413 -0.9919 -0.62683 0.051556 0.6217 0.95359 0.96631 0.77105 0.52222 0.27368 0.028017 -0.21403 -0.43654 -0.63534 -0.81609 -0.93789 -0.99489 -0.98986 -0.93571 -0.83762 -0.66648 -0.47804 -0.32266 -0.24296 -0.17367 -0.175 -0.22566 -0.33991 -0.42451 -0.50542
-0.035675 -0.013352 0.12636 0.062702 -0.13745 0.44917 -0.17497 -0.66314 0.39176 -0.87838 0.88057 -0.3177 0.91749 -0.36015 -0.97808 -0.88953 0.10135 0.9122 0.82163 -0.32277 -0.99308 -0.71652 -0.064986 0.53017 0.9156 0.98815 0.83114 0.60229 0.36228 0.1182 -0.12772 -0.35862 -0.56961 -0.7672 -0.90794 -0.9841 -0.99764 -0.95933 -0.8743 -0.71618 -0.53577 -0.38378 -0.30435 -0.23477 -0.23473 -0.28344 -0.39436 -0.47577 -0.55318
-0.021754 0.037723 0.13222 0.12354 -0.23086 0.46701 -0.005277 -0.42841 0.18173 -0.83094 0.89922 -0.49299 0.95364 -0.18451 -0.92925 -0.95047 -0.051045 0.84584 0.88971 -0.19702 -0.97843 -0.79486 -0.17948 0.43301 0.86755 0.99931 0.88245 0.67603 0.4469 0.20654 -0.041304 -0.27892 -0.50073 -0.71395 -0.87287 -0.96787 -1 -0.97785 -0.9064 -0.7621 -0.59057 -0.44269 -0.36391 -0.29437 -0.29302 -0.33965 -0.44694 -0.52499 -0.59875
0.019856 0.065604 0.075175 0.15261 -0.27232 0.41302 0.16025 -0.15684 -0.038696 -0.73247 0.87047 -0.64426 0.95267 -0.0045094 -0.85351 -0.98595 -0.20068 0.76244 0.94028 -0.069186 -0.94866 -0.86106 -0.29047 0.33159 0.81028 1 0.92475 0.74296 0.52692 0.29238 0.044565 -0.19808 -0.42926 -0.65682 -0.83306 -0.94646 -0.9971 -0.99132 -0.93389 -0.80414 -0.6423 -0.4992 -0.42146 -0.35228 -0.34968 -0.39414 -0.49754 -0.57206 -0.64206
0.02104 0.045949 -0.0112 0.14067 -0.25797 0.29916 0.30273 0.12546 -0.25299 -0.59067 0.79731 -0.76565 0.91574 0.17376 -0.75385 -0.99582 -0.3442 0.66425 0.97291 0.058507 -0.90468 -0.91453 -0.39662 0.22725 0.74469 0.99052 0.95788 0.80268 0.60182 0.37512 0.12927 -0.11669 -0.35573 -0.59628 -0.78887 -0.92012 -0.98911 -0.99983 -0.95679 -0.84222 -0.69083 -0.55316 -0.47683 -0.40833 -0.40456 -0.44678 -0.54604 -0.61691 -0.68304
