0.0010381 -0.0035407 -0.0041829 0.017753 -0.013792 -0.010713 -0.027984 0.044137 -0.032722 0.06992 0.13933 0.020064 -0.016494 0.024488 -0.13689 0.28807 -0.38109 0.4828 0.31743 0.019214 0.11098 0.50882 0.67365 -0.24121 -0.5665 0.75297 -0.54232 0.27077 -0.10085 0.053059 -0.12515 0.30838 -0.53735 0.71206 -0.80446 0.77997 -0.34556 -0.46482 0.82598 0.019436 -0.856 -0.048996 0.82603 0.56363 -0.31326 -0.86324 -0.54901 0.31691 0.8623
0.0067695 0.0067179 0.014174 0.012855 0.039119 0.0581 -0.088953 -0.078648 -0.089459 0.079702 -0.031489 -0.16991 0.034141 -0.06083 0.18602 -0.27593 0.18128 0.43409 -0.08177 -0.22648 0.068099 0.62545 0.513 -0.65849 0.042391 0.45758 -0.70004 0.78264 -0.7996 0.7902 -0.72386 0.54034 -0.20819 -0.17541 0.49952 -0.81289 0.70477 0.11903 -0.85881 0.21489 0.85347 -0.050397 -0.85369 -0.59565 0.23714 0.84701 0.70013 -0.07751 -0.77488
0.0033687 -0.0085413 -0.01744 0.034713 -0.002958 0.042905 0.087496 -0.027629 -0.042097 0.14698 -0.20301 0.12707 -0.015889 0.0055858 -0.11235 -0.35707 0.49215 0.21586 -0.19388 -0.14205 0.35872 0.74732 -0.12029 -0.66056 0.78154 -0.62277 0.45998 -0.39782 0.45858 -0.60528 0.77075 -0.83839 0.66537 -0.27663 -0.16318 0.68743 -0.81165 0.024886 0.85279 -0.22155 -0.87123 -0.074038 0.79177 0.7567 0.059546 -0.67858 -0.8764 -0.36733 0.42169
-0.0029148 -0.0028443 0.0011957 -0.010855 0.030645 -0.031138 -0.062422 0.06101 -0.02196 0.020009 0.20367 -0.09874 0.048007 0.17182 -0.14963 -0.13149 0.54806 0.21338 -0.005398 0.26385 0.7329 0.2823 -0.78176 0.38088 0.074883 -0.32581 0.41919 -0.38574 0.21681 0.077899 -0.4584 0.7856 -0.82028 0.49248 0.0055325 -0.64007 0.82164 0.035456 -0.87765 0.032024 0.87986 0.37965 -0.56057 -0.89649 -0.51096 0.23707 0.81942 0.81206 0.22969
-0.0042367 -0.00082263 -0.01627 0.019854 0.048074 -0.0080059 -0.018889 0.040601 -0.034234 -0.15553 -0.19152 0.057253 -0.086842 0.024957 -0.029093 -0.017478 0.58029 0.45014 0.45358 0.72615 0.42287 -0.68629 -0.048427 0.59994 -0.77894 0.8164 -0.81791 0.7796 -0.62864 0.30275 0.19369 -0.69207 0.85309 -0.52866 -0.042403 0.71389 -0.75072 -0.27869 0.8514 0.33346 -0.72768 -0.75002 0.062195 0.757 0.87702 0.43627 -0.28718 -0.83206 -0.83542
0.0047336 0.0036273 0.0072311 0.026921 0.032811 0.042219 0.0050584 -0.066831 -0.035403 0.17891 0.14138 -0.0066022 -0.12627 -0.1429 0.042743 -0.10855 0.52713 0.67832 0.71331 0.34926 -0.64807 -0.25945 0.77668 -0.79632 0.71839 -0.71756 0.78185 -0.84741 0.78507 -0.47133 -0.10007 0.69076 -0.84785 0.41244 0.25592 -0.84287 0.51696 0.6325 -0.60919 -0.74613 0.25674 0.89658 0.58836 -0.14834 -0.73687 -0.90172 -0.55121 0.1297 0.72332
0.0036948 -0.0077827 0.023496 0.013464 -0.013783 0.026445 0.028921 -0.055145 0.091043 -0.10518 0.041561 -0.0012815 -0.052031 -0.21909 0.044621 -0.3854 0.10797 0.28647 -0.033573 -0.71964 -0.25124 0.80785 -0.68215 0.42986 -0.35392 0.45086 -0.63999 0.82323 -0.82341 0.47609 0.18407 -0.78312 0.76965 -0.11995 -0.58742 0.86143 -0.041634 -0.88481 0.041359 0.88484 0.45827 -0.48296 -0.9093 -0.66337 -0.073173 0.54949 0.89801 0.77609 0.2517
-0.0042041 -0.0038783 0.001823 0.0080541 -0.014413 -0.018169 0.080625 0.049945 -0.099824 -0.11352 -0.10118 0.064825 -0.0010814 -0.20231 -0.028416 -0.57183 -0.57041 -0.6289 -0.75226 -0.030082 0.79219 -0.64392 0.25082 -0.022448 0.052654 -0.26938 0.57358 -0.82882 0.8019 -0.32942 -0.42 0.87663 -0.51126 -0.33758 0.85886 -0.55348 -0.57011 0.70548 0.65404 -0.41381 -0.90478 -0.40376 0.39118 0.86007 0.86699 0.4837 -0.12825 -0.69235 -0.91961
-0.0059585 -0.015065 -0.030429 -0.039365 -0.03621 0.0033692 -0.046184 -0.013778 0.0016586 0.17824 -0.071046 0.11634 -0.040683 -0.033453 -0.16559 -0.11397 -0.37422 -0.23068 0.45114 0.67498 -0.72091 0.24874 0.11008 -0.22366 0.08276 0.24252 -0.6272 0.8675 -0.68306 0.011883 0.72174 -0.79478 0.0004559 0.78169 -0.76724 -0.13464 0.89854 0.034027 -0.87962 -0.49295 0.47064 0.91677 0.62648 0.017524 -0.54152 -0.88095 -0.86389 -0.47312 0.11252
0.0060154 -0.0045007 -0.0041312 0.046179 0.02164 0.060319 -0.031238 -0.024079 0.17986 0.16449 -0.017098 0.15919 -0.19563 0.29475 -0.2007 0.61319 0.66166 0.75125 0.22154 -0.81971 0.42196 0.058614 -0.2969 0.2986 -0.051938 -0.36815 0.76575 -0.85229 0.37993 0.44171 -0.88542 0.36268 0.61871 -0.83568 0.12892 0.80516 -0.47106 -0.81139 0.18877 0.89804 0.5726 -0.24852 -0.81554 -0.90487 -0.63575 -0.14115 0.41701 0.8291 0.91347
-0.010544 0.0019354 -4.9795e-05 -0.010622 0.031632 0.02642 0.046389 0.015837 -0.016434 0.048185 0.015413 0.17917 -0.36172 0.40475 0.081806 -0.017345 -0.09747 -0.5846 -0.6587 0.69186 -0.17479 -0.20259 0.32459 -0.22056 -0.13488 0.60459 -0.8787 0.63881 0.1396 -0.83173 0.63829 0.36155 -0.89294 0.22621 0.69259 -0.73266 -0.50423 0.67945 0.78241 -0.10113 -0.83288 -0.82285 -0.297 0.29627 0.72481 0.92339 0.82195 0.42784 -0.10924
-0.0063674 -0.0026208 0.024459 -0.014321 0.0032165 -0.012327 0.0069067 0.090895 -0.17983 -0.013909 0.044161 0.08493 -0.19814 -0.15673 0.23899 -0.58401 -0.48681 0.1659 0.81287 -0.54017 0.068764 0.19176 -0.206 -0.0099441 0.448 -0.83716 0.78284 -0.12761 -0.70053 0.80124 0.085544 -0.88409 0.38929 0.66371 -0.80932 -0.22601 0.87819 0.40185 -0.63677 -0.87969 -0.26663 0.50365 0.89661 0.87312 0.58657 0.13495 -0.37084 -0.7781 -0.93171
-0.0064329 0.0084751 0.0043044 -0.039259 -0.0039663 -0.02807 -0.091349 -0.0088613 -0.21303 -0.016815 0.06803 -0.17861 0.34126 -0.44196 -0.2234 0.65409 0.74036 0.18054 -0.8336 0.47977 -0.11258 -0.033435 -0.062273 0.37304 -0.77622 0.85535 -0.32066 -0.54423 0.87811 -0.14578 -0.80692 0.57137 0.57995 -0.80904 -0.12398 0.91053 0.045189 -0.88092 -0.57352 0.34332 0.89691 0.7757 0.26503 -0.26913 -0.66725 -0.90028 -0.90307 -0.64703 -0.20906
0.0094848 -0.0042727 0.021818 -0.052181 -0.0087516 0.058037 0.067477 -0.12637 -0.20613 0.015617 0.025097 -0.29377 0.2513 0.42299 -0.020699 -0.39894 -0.75618 -0.3743 0.83586 -0.53634 0.29486 -0.26313 0.44833 -0.75266 0.88733 -0.45161 -0.40953 0.90111 -0.32646 -0.70783 0.70949 0.44052 -0.84828 -0.16998 0.90597 -0.16894 -0.91509 -0.1838 0.74395 0.85836 0.25783 -0.45762 -0.86226 -0.92454 -0.75823 -0.42345 0.025524 0.48935 0.81852
0.00062724 0.023087 -0.022841 -0.027215 -0.037268 -0.046577 0.049628 -0.17696 -0.20305 0.060806 -0.12306 0.14865 -0.48791 0.013235 0.23864 0.1075 0.70347 0.43417 -0.85492 0.68486 -0.57432 0.63087 -0.80828 0.89521 -0.53237 -0.30995 0.89453 -0.46221 -0.60666 0.79699 0.2937 -0.89024 -0.13019 0.90981 -0.18904 -0.88491 0.10383 0.9042 0.57916 -0.27627 -0.85769 -0.87468 -0.51058 -0.055158 0.35181 0.69357 0.90423 0.91492 0.70926
-0.0018841 -0.0018081 -0.0097536 0.02411 0.068638 -0.05853 -0.0062981 -0.19468 -0.18057 0.093462 -0.14197 0.31122 0.17467 -0.40219 -0.34586 0.089285 -0.68283 -0.37711 0.85669 -0.84567 0.83479 -0.88583 0.86957 -0.53397 -0.24864 0.88364 -0.54371 -0.51636 0.84911 0.17782 -0.90874 -0.032041 0.91711 -0.068991 -0.88708 0.24171 0.92149 0.26162 -0.65028 -0.92036 -0.51518 0.13372 0.63551 0.88673 0.93784 0.82761 0.55491 0.14929 -0.28283
0.0037649 -0.021502 -0.010113 -0.010266 -0.068242 0.11275 -0.0053402 -0.20521 -0.086582 0.079722 0.16945 -0.38624 0.25407 0.58642 0.37664 -0.16756 0.72311 0.19442 -0.75334 0.87198 -0.86821 0.76123 -0.40159 -0.27219 0.87779 -0.59047 -0.45829 0.88088 0.089381 -0.91501 0.064368 0.91788 -0.044521 -0.91333 0.19559 0.90724 0.043442 -0.84014 -0.77573 -0.070489 0.62347 0.93093 0.85645 0.59447 0.27326 -0.094542 -0.46801 -0.77683 -0.93098
0.012068 -0.0067437 -0.038923 0.0032781 0.022217 0.088309 0.022759 -0.18259 0.070031 -0.025494 0.11229 0.095987 -0.51925 -0.62633 -0.38445 0.13113 -0.79858 0.12224 0.44257 -0.59394 0.47697 -0.13249 -0.43119 0.89272 -0.61038 -0.43011 0.89405 0.02394 -0.91426 0.12928 0.90934 -0.08465 -0.9232 0.014283 0.91669 -0.035842 -0.904 -0.5731 0.30286 0.87429 0.85892 0.44413 -0.049761 -0.44163 -0.70945 -0.88743 -0.94354 -0.84221 -0.59388
-0.013872 -0.022939 -0.040994 0.017905 0.050307 -0.021221 0.048567 -0.068468 0.14045 -0.1288 -0.30026 0.24118 0.60974 0.61924 0.40134 0.019962 0.83248 -0.52216 0.096942 -0.028085 0.27541 -0.66557 0.91777 -0.56924 -0.42829 0.90109 -0.0020088 -0.91293 0.17054 0.90535 -0.12917 -0.9254 -0.065053 0.91552 0.066934 -0.9144 -0.43367 0.5452 0.93573 0.61159 -0.033089 -0.59116 -0.87872 -0.94606 -0.88288 -0.71439 -0.43789 -0.072277 0.30116
0.0089905 0.0076466 -0.015606 -0.019611 -0.046083 -0.078118 0.051441 0.12439 0.013844 0.049365 0.2381 -0.45416 -0.61442 -0.62571 -0.43205 -0.27769 -0.70752 0.83705 -0.67852 0.70946 -0.87628 0.87801 -0.40292 -0.49181 0.9036 -0.00059311 -0.91371 0.19557 0.90345 -0.1496 -0.92278 -0.072872 0.90411 0.29511 -0.88201 -0.4078 0.65407 0.89957 0.33057 -0.41478 -0.86871 -0.92425 -0.71833 -0.43491 -0.15187 0.15488 0.46815 0.74345 0.90911
0.010733 0.017393 -0.0017323 -0.010109 -0.011361 -0.082153 0.0016828 0.19433 -0.098258 0.13394 -0.039681 0.54403 0.60997 0.66192 0.45407 0.58676 0.32439 -0.80481 0.89562 -0.87993 0.6665 -0.10663 -0.65368 0.88725 0.022558 -0.91958 0.18824 0.90501 -0.15313 -0.92542 -0.069228 0.89971 0.41169 -0.77175 -0.53495 0.65876 0.85903 0.10987 -0.66356 -0.94164 -0.72523 -0.26951 0.16922 0.48872 0.70359 0.86259 0.94494 0.91739 0.77031
0.0038723 -0.026289 -0.038904 0.043552 0.011661 -0.063286 -0.10674 -0.02195 -0.0031598 -0.20877 -0.15793 -0.57208 -0.63257 -0.70438 -0.41901 -0.80661 0.27404 0.26637 -0.41863 0.20936 0.31241 -0.83695 0.80252 0.113 -0.92778 0.16132 0.91124 -0.14682 -0.92845 -0.084769 0.8945 0.4538 -0.68916 -0.73343 0.52811 0.86372 0.0095715 -0.79362 -0.89799 -0.45324 0.15526 0.63362 0.87698 0.95017 0.93006 0.83658 0.65567 0.38296 0.066609
0.0018782 0.0025468 0.03101 -0.013931 -0.020039 -0.037905 -0.16809 -0.17139 0.067427 0.14638 0.29743 0.58958 0.67999 0.692 0.26827 0.73358 -0.79189 0.53186 -0.49321 0.73549 -0.93061 0.59994 0.3248 -0.93574 0.11995 0.92164 -0.11395 -0.93252 -0.11164 0.88821 0.47872 -0.64702 -0.82574 0.2655 0.91636 0.040499 -0.8348 -0.82309 -0.2026 0.47046 0.86911 0.9437 0.80938 0.61248 0.41092 0.17225 -0.10705 -0.40691 -0.6622
0.010613 -0.0072364 -0.00067505 -0.030835 -0.060307 -0.020652 -0.014864 0.064763 -0.023697 -0.022595 -0.37994 -0.61746 -0.71364 -0.53936 0.019931 -0.24651 0.78151 -0.90115 0.91307 -0.78104 0.22646 0.60043 -0.90741 0.017918 0.93252 -0.06713 -0.93465 -0.14301 0.87754 0.5169 -0.61362 -0.8615 0.095341 0.92608 0.24055 -0.81159 -0.78905 -0.031037 0.67012 0.94469 0.80966 0.46026 0.097904 -0.18469 -0.39573 -0.59512 -0.77582 -0.9091 -0.95467
0.0037033 -0.020889 -0.0034383 -0.046418 -0.088674 -0.030536 0.20074 0.086958 -0.052645 -0.095848 0.42205 0.64451 0.66138 0.18578 -0.36082 -0.46705 -0.079803 0.32537 -0.20514 -0.28703 0.85487 -0.77924 -0.20401 0.9418 -0.012027 -0.93586 -0.19474 0.86542 0.55906 -0.57245 -0.88069 0.0049509 0.88823 0.53266 -0.67963 -0.82101 0.01987 0.77191 0.93211 0.61249 0.10031 -0.36508 -0.66699 -0.82979 -0.91184 -0.95353 -0.94021 -0.84992 -0.68597
-0.0086736 -0.0045661 -0.0015973 -0.013006 -0.10395 -0.05185 0.023917 -0.11079 0.097103 0.18186 -0.43053 -0.62847 -0.44042 0.31485 0.53915 0.85813 -0.75129 0.67612 -0.81578 0.932 -0.48017 -0.49696 0.91419 0.09706 -0.93406 -0.25446 0.84222 0.59985 -0.52546 -0.90325 -0.062245 0.85124 0.68891 -0.40961 -0.90707 -0.05596 0.79283 0.89575 0.42703 -0.18879 -0.66559 -0.90857 -0.95616 -0.91452 -0.84155 -0.72759 -0.55595 -0.31975 -0.058118
0.0070636 -0.0055127 -0.016815 0.042486 -0.096097 -0.0028349 -0.21738 0.055061 -0.1002 -0.2323 0.39369 0.5047 0.020599 -0.72349 -0.337 -0.44178 0.74489 -0.79394 0.607 0.00076051 -0.79085 0.79008 0.31483 -0.91705 -0.3156 0.81428 0.64999 -0.47916 -0.92156 -0.13677 0.81362 0.76265 -0.21145 -0.93541 -0.29424 0.74103 0.88737 0.30568 -0.38877 -0.83324 -0.95188 -0.83744 -0.63283 -0.44281 -0.28426 -0.10235 0.11501 0.35953 0.5799
-0.010796 -0.031196 0.054755 0.075189 -0.043629 0.10983 0.12175 -0.0046066 0.080716 0.24785 -0.28455 -0.21859 0.48497 0.69827 -0.19043 -0.49309 0.24151 -0.27761 0.62343 -0.94448 0.50464 0.58649 -0.83839 -0.4192 0.78335 0.70058 -0.41784 -0.9353 -0.21066 0.77091 0.80859 -0.090881 -0.89233 -0.60623 0.55695 0.91689 0.29295 -0.49518 -0.91073 -0.90206 -0.62054 -0.25498 0.052854 0.26458 0.41041 0.55786 0.70934 0.84721 0.9327
-0.015357 -0.0094762 -0.036825 0.080389 0.051499 0.041845 0.084922 -0.010132 -0.059812 -0.22187 0.077504 -0.21014 -0.78716 -0.10901 0.57496 0.85525 -0.91126 0.92023 -0.74778 0.047224 0.84128 -0.65673 -0.60377 0.7198 0.74633 -0.35387 -0.94438 -0.27687 0.72311 0.853 0.0026199 -0.84209 -0.76819 0.22472 0.94514 0.39487 -0.4978 -0.93666 -0.82436 -0.40675 0.071442 0.4568 0.69076 0.81399 0.87996 0.93122 0.95934 0.94516 0.87754
0.0070013 -0.022343 -0.031383 0.066982 0.11676 -0.15933 -0.2019 -0.002851 0.052741 0.13938 0.21771 0.62145 0.57546 -0.63233 -0.32005 -0.043216 0.15666 0.047181 -0.56614 0.95192 -0.32962 -0.80356 0.56241 0.81189 -0.29327 -0.94939 -0.35055 0.67685 0.88835 0.098153 -0.78961 -0.84259 -0.012488 0.86114 0.62315 -0.39276 -0.93548 -0.76955 -0.23914 0.31135 0.70521 0.90721 0.96094 0.95293 0.9268 0.87825 0.79097 0.65103 0.47651
0.018804 0.026741 0.01038 0.037002 0.059536 0.031218 0.19506 0.02855 -0.069814 0.013236 -0.51529 -0.73554 0.13341 0.74771 -0.37158 -0.86082 0.8815 -0.9379 0.73313 0.12547 -0.94244 0.30383 0.90348 -0.19183 -0.95029 -0.41971 0.61968 0.91434 0.18769 -0.73144 -0.88452 -0.15695 0.73589 0.85479 -0.12216 -0.90322 -0.77819 -0.14946 0.46619 0.84215 0.95808 0.89798 0.77032 0.65752 0.57106 0.46205 0.3121 0.11608 -0.088248
0.015938 -0.0042988 -0.0099035 -0.006455 -0.058042 0.15404 -0.12407 -0.057981 0.1174 -0.22642 0.6456 0.34888 -0.77235 0.030251 0.57448 0.37199 -0.32396 -0.036722 0.67457 -0.91408 -0.062165 0.95726 0.013424 -0.94026 -0.47817 0.56344 0.93453 0.26382 -0.66963 -0.91894 -0.26491 0.63281 0.93798 0.26663 -0.77066 -0.8477 -0.17173 0.53743 0.90681 0.93466 0.74343 0.47636 0.24638 0.093673 -0.0049218 -0.12098 -0.26886 -0.4447 -0.60615
0.0071495 -0.005888 -0.02194 -0.038047 -0.054394 -0.1985 0.047988 0.087663 -0.19434 0.44009 -0.4388 0.3655 0.61562 -0.80618 0.10836 0.78343 -0.86947 0.93865 -0.56337 -0.47781 0.90381 0.2882 -0.88278 -0.56381 0.5145 0.94884 0.342 -0.61272 -0.94072 -0.36807 0.54061 0.95485 0.50508 -0.47712 -0.93876 -0.30856 0.51264 0.92844 0.88888 0.58538 0.20103 -0.13793 -0.36405 -0.49111 -0.56273 -0.64369 -0.73995 -0.84122 -0.91499
0.022021 0.01544 -0.0014372 -0.013052 0.023487 0.10266 0.0055514 -0.11476 0.2833 -0.53535 -0.092941 -0.79487 0.29728 0.43958 -0.64198 -0.48459 0.28826 0.22994 -0.86983 0.67926 0.59828 -0.74523 -0.71009 0.43381 0.95773 0.4102 -0.54844 -0.9526 -0.45789 0.44622 0.94708 0.63442 -0.23509 -0.91917 -0.57359 0.38208 0.91895 0.86035 0.46205 -0.011615 -0.41093 -0.68012 -0.81809 -0.87943 -0.90706 -0.93463 -0.95823 -0.96495 -0.94157
0.014091 -0.036882 0.023419 0.06093 0.021347 0.034669 -0.032508 0.13228 -0.34202 0.38453 0.61482 0.40175 -0.85689 0.63288 0.043407 -0.78126 0.91652 -0.86754 0.17512 0.858 -0.49001 -0.86041 0.25852 0.96216 0.46234 -0.49031 -0.9564 -0.52893 0.35595 0.92978 0.7191 -0.073654 -0.8193 -0.83871 0.085153 0.86408 0.87787 0.40489 -0.15254 -0.58786 -0.84524 -0.95278 -0.9666 -0.95544 -0.9438 -0.92296 -0.88063 -0.80494 -0.70456
-0.0045727 0.039956 0.03251 0.061865 0.012438 -0.13938 0.038564 -0.1263 0.30779 0.026338 -0.62828 0.49724 0.19023 -0.66453 0.65986 0.42334 -0.05973 -0.57476 0.95647 -0.11733 -0.95888 0.0085488 0.93852 0.5375 -0.44596 -0.95602 -0.59518 0.27994 0.90324 0.79144 0.051328 -0.72209 -0.93771 -0.32266 0.68548 0.92883 0.44694 -0.2102 -0.6894 -0.92271 -0.9577 -0.88404 -0.78702 -0.72282 -0.68943 -0.63961 -0.55614 -0.4308 -0.29033
-0.014113 -0.010714 0.023546 -0.069177 -0.043504 0.19204 -0.031178 0.078118 -0.13138 -0.47983 -0.0070253 -0.78973 0.79872 -0.50173 -0.056026 0.86338 -0.93627 0.58353 0.41152 -0.93299 -0.30475 0.85508 0.67396 -0.37532 -0.95444 -0.64788 0.20333 0.87565 0.84569 0.1681 -0.63078 -0.95978 -0.56828 0.33862 0.95327 0.58376 -0.1595 -0.72585 -0.95156 -0.91621 -0.73788 -0.52684 -0.36522 -0.27938 -0.24363 -0.18761 -0.093421 0.042391 0.18317
0.013638 0.018732 0.0050529 -0.092343 0.0096483 -0.20518 0.017418 0.024591 -0.1594 0.59037 0.68303 -0.036745 -0.46934 0.73201 -0.68275 -0.18274 -0.34561 0.90237 -0.66345 -0.62513 0.67425 0.8226 -0.21678 -0.94547 -0.68293 0.14116 0.84223 0.88277 0.26802 -0.53838 -0.95302 -0.69838 0.068129 0.82822 0.7999 0.0066687 -0.68793 -0.95781 -0.86947 -0.60026 -0.28601 -0.017007 0.15266 0.23065 0.25567 0.30043 0.37963 0.49225 0.60139
0.01279 -0.01218 -0.0050278 0.095766 0.0622 0.19798 -0.0043565 -0.16708 0.41211 -0.15063 -0.53686 0.8389 -0.70961 0.50626 -0.069746 -0.93112 0.75329 0.0042627 -0.91102 0.38206 0.94066 0.0062015 -0.90034 -0.7322 0.10178 0.81402 0.91106 0.34397 -0.45201 -0.93543 -0.77931 -0.10581 0.65806 0.94858 0.32363 -0.55845 -0.94986 -0.84885 -0.50008 -0.10219 0.24042 0.48409 0.61438 0.66583 0.67656 0.70211 0.75116 0.81948 0.87862
-0.017855 -0.053139 0.011329 0.055159 -0.12002 -0.18403 -0.00094193 0.28837 -0.40564 -0.49347 -0.36054 -0.27861 0.56568 -0.69239 0.67696 -0.24108 0.79136 -0.8903 -0.098543 0.96867 0.28485 -0.8015 -0.82315 0.040584 0.79775 0.93048 0.41179 -0.38303 -0.90921 -0.84409 -0.23401 0.52068 0.95145 0.68128 -0.2651 -0.90605 -0.87678 -0.46372 0.016157 0.4133 0.68458 0.84037 0.90421 0.92384 0.92504 0.93268 0.94811 0.96547 0.97071
0.02322 -0.015418 0.040464 -0.12574 0.13954 0.16911 -0.0060238 -0.29106 0.051406 0.61018 0.76472 -0.78824 0.70897 -0.64231 0.31985 0.79875 -0.21819 -0.70452 0.81094 0.57455 -0.62227 -0.91469 -0.10242 0.76853 0.94159 0.46037 -0.31787 -0.88392 -0.88901 -0.34772 0.40464 0.90955 0.85364 0.1605 -0.74351 -0.93461 -0.52043 0.054919 0.51432 0.79949 0.93398 0.97259 0.96554 0.95912 0.95987 0.95698 0.94462 0.9167 0.87595
-0.016439 0.0134 0.023326 0.062144 -0.12658 -0.15314 0.02184 0.10683 0.40368 0.053466 0.03753 0.41299 -0.51845 0.51718 -0.54243 0.72723 -0.94508 0.2802 0.86697 -0.35776 -0.97229 -0.29322 0.68006 0.95551 0.48373 -0.27218 -0.85597 -0.917 -0.43894 0.29517 0.85528 0.92272 0.4336 -0.40529 -0.95718 -0.66103 -0.01371 0.54438 0.85725 0.96468 0.94174 0.86752 0.80338 0.78258 0.79166 0.78747 0.75829 0.6988 0.62723
0.027244 -0.0064155 -0.057845 0.0297 0.098865 0.13301 -0.030701 0.2017 -0.48283 -0.68709 -0.80659 0.77851 -0.80313 0.83331 -0.61089 -0.29799 -0.54328 0.95047 0.072369 -0.95392 -0.51679 0.53835 0.97217 0.52094 -0.2548 -0.8369 -0.93615 -0.50254 0.20124 0.79664 0.95055 0.58514 -0.13174 -0.82004 -0.8587 -0.19332 0.48427 0.87219 0.96771 0.88577 0.72595 0.56872 0.47155 0.44862 0.47088 0.47276 0.43863 0.36434 0.27961
-0.0061661 -0.040379 -0.080952 -0.073268 -0.072434 -0.10598 0.0090682 -0.40531 -0.0007428 0.32262 0.14662 -0.39312 0.31595 -0.1476 0.17897 -0.94441 0.46455 0.64288 -0.77684 -0.73125 0.33206 0.96893 0.61688 -0.2228 -0.83323 -0.94795 -0.55397 0.13375 0.74009 0.96429 0.68204 0.045897 -0.63899 -0.96272 -0.50293 0.31827 0.83808 0.96622 0.83724 0.60118 0.35334 0.15619 0.05209 0.035766 0.070448 0.081591 0.051969 -0.021422 -0.10314
-0.019153 -0.060199 0.033428 0.071941 0.057333 0.072903 0.053589 0.26285 0.53248 0.58076 0.81077 -0.83816 0.91401 -0.9102 0.73619 -0.47078 0.96517 -0.28085 -0.92988 0.074124 0.92085 0.7357 -0.11618 -0.82242 -0.95293 -0.5841 0.077274 0.6976 0.96543 0.75972 0.17485 -0.49612 -0.93015 -0.81154 -0.012204 0.73121 0.96793 0.8221 0.5156 0.19077 -0.084354 -0.27727 -0.36663 -0.37302 -0.33204 -0.31321 -0.33304 -0.39376 -0.46043
0.024779 -0.061157 0.080517 -0.058814 -0.058384 -0.040349 -0.12649 0.17926 -0.36983 -0.53408 -0.17824 0.21932 0.065941 -0.39185 0.36432 0.52513 0.48425 -0.93359 -0.30657 0.80865 0.85733 0.036081 -0.7657 -0.96028 -0.58722 0.047128 0.66057 0.96224 0.81426 0.28562 -0.37987 -0.86677 -0.93384 -0.43268 0.46998 0.94721 0.85981 0.49203 0.088881 -0.24922 -0.49421 -0.647 -0.70804 -0.70648 -0.6689 -0.64785 -0.65712 -0.69857 -0.74341
0.0011154 -0.046051 -0.035004 0.055121 0.076678 0.018525 0.13521 -0.47997 -0.35945 -0.47831 -0.83808 0.9095 -0.88192 0.64865 -0.44739 0.95214 -0.45423 -0.76602 0.54782 0.94751 0.22958 -0.67148 -0.97384 -0.59877 0.05224 0.64356 0.95628 0.84704 0.37025 -0.2751 -0.79978 -0.96672 -0.67113 0.053766 0.82079 0.92915 0.55719 0.062861 -0.34573 -0.62906 -0.80077 -0.89114 -0.91918 -0.91538 -0.89194 -0.87626 -0.87785 -0.89855 -0.9199
-0.035045 -0.020587 -0.036774 -0.064296 -0.10979 -0.013229 -0.021277 0.21906 0.56903 0.62117 0.061169 0.11888 -0.5635 0.86006 -0.75024 0.41323 -0.96606 0.029471 0.97739 0.43703 -0.52949 -0.97906 -0.66192 0.04834 0.65424 0.9552 0.86898 0.42287 -0.19121 -0.73408 -0.96705 -0.7878 -0.23349 0.51502 0.96528 0.69916 0.14104 -0.36881 -0.7019 -0.88206 -0.95711 -0.97768 -0.9757 -0.97677 -0.97664 -0.97393 -0.9729 -0.97544 -0.97583
0.010345 -0.0016884 0.02407 0.081659 0.15069 0.015387 -0.16064 0.36868 0.16911 0.46384 0.86461 -0.85965 0.52375 0.030242 -0.23875 -0.51528 -0.63564 0.78875 0.70541 -0.3468 -0.95976 -0.7471 -0.024132 0.65933 0.96173 0.87783 0.4595 -0.13917 -0.67763 -0.95794 -0.8523 -0.39965 0.2536 0.84114 0.88593 0.32337 -0.29408 -0.71812 -0.91915 -0.97295 -0.94826 -0.90476 -0.88077 -0.89296 -0.92168 -0.93772 -0.93962 -0.92917 -0.91383
0.020297 -0.014494 0.00028538 -0.10246 -0.18657 -0.00024215 0.22766 -0.48511 -0.64983 -0.62059 0.20198 -0.5648 0.92522 -0.82885 0.51952 -0.96206 0.21156 0.94973 -0.037109 -0.90254 -0.84156 -0.13373 0.61192 0.96716 0.87013 0.46911 -0.10343 -0.64274 -0.94361 -0.8989 -0.50783 0.082148 0.668 0.96731 0.61678 -0.10982 -0.66165 -0.92635 -0.96958 -0.89871 -0.78822 -0.69571 -0.65989 -0.68681 -0.74514 -0.78254 -0.79197 -0.77469 -0.75003
0.031099 -0.057213 0.022378 0.12429 0.19992 -0.050936 -0.043611 -0.13527 -0.059098 -0.55263 -0.79659 0.52911 0.17771 -0.77322 0.76689 -0.56881 0.88038 0.43803 -0.74224 -0.92075 -0.27613 0.53278 0.95816 0.86445 0.44356 -0.099584 -0.61932 -0.93378 -0.92693 -0.59393 -0.039926 0.53292 0.91953 0.88082 0.22739 -0.51151 -0.89855 -0.96736 -0.85723 -0.68361 -0.51274 -0.39121 -0.35327 -0.395 -0.47872 -0.53637 -0.55592 -0.53761 -0.5099
-0.0060526 -0.072869 -0.056401 -0.14599 -0.17429 0.11436 -0.24254 0.58843 0.6867 0.52119 -0.56348 0.90766 -0.775 0.088859 0.29681 0.2881 0.88504 -0.35848 -0.98256 -0.42788 0.41818 0.93741 0.88589 0.42102 -0.13694 -0.62195 -0.92677 -0.94076 -0.65267 -0.14079 0.42721 0.85039 0.96506 0.61513 -0.19726 -0.80957 -0.97275 -0.84667 -0.61204 -0.37071 -0.17024 -0.040401 -0.007773 -0.060768 -0.16136 -0.23455 -0.26436 -0.24943 -0.22381
-0.0037867 -0.016803 0.051963 0.16548 0.10452 -0.11577 0.26058 -0.063882 0.057583 0.71001 0.50857 0.1165 -0.84772 0.85459 -0.43627 0.90646 0.26455 -0.91221 -0.64968 0.28106 0.89688 0.91861 0.45375 -0.17173 -0.65723 -0.93119 -0.94729 -0.68194 -0.21199 0.33715 0.78437 0.97424 0.81002 0.23537 -0.57574 -0.95909 -0.88373 -0.59525 -0.28076 -0.012197 0.18737 0.30734 0.33047 0.27271 0.16677 0.085602 0.047849 0.056844 0.076965
-0.030598 0.041758 -0.0046577 -0.17791 -0.0068379 -0.002438 0.096759 -0.61337 -0.70918 -0.27794 0.86313 -0.81482 -0.0090434 0.80267 -0.79689 0.8379 -0.52352 -0.90219 0.034728 0.83516 0.95448 0.5133 -0.14541 -0.69048 -0.94826 -0.94654 -0.69513 -0.24577 0.27224 0.72511 0.96 0.89238 0.49936 -0.17948 -0.84461 -0.94577 -0.65741 -0.26048 0.082833 0.33961 0.51236 0.60897 0.62175 0.56753 0.46912 0.38929 0.34788 0.3504 0.36351
-0.035717 0.025783 -0.056978 0.17492 -0.081153 0.17299 -0.36722 0.17463 -0.17055 -0.83816 0.047485 -0.78538 0.83131 0.025812 -0.51202 0.17344 -0.96304 -0.37075 0.68799 0.97962 0.59415 -0.089442 -0.67851 -0.96303 -0.93369 -0.68387 -0.25844 0.24364 0.68088 0.94218 0.92981 0.63564 0.10241 -0.55337 -0.96656 -0.78335 -0.33772 0.10372 0.42684 0.6395 0.76682 0.83211 0.83651 0.79459 0.71621 0.64755 0.60803 0.6053 0.61167
-0.020675 0.015341 0.10506 -0.14599 0.11861 -0.20271 0.083 0.6338 0.69204 -0.13046 -0.83077 0.12417 0.85 -0.76461 0.16595 -0.59856 -0.80733 0.35524 0.98529 0.67579 -0.0059747 -0.64579 -0.9623 -0.9175 -0.63887 -0.23587 0.23609 0.66334 0.92598 0.95383 0.71421 0.26485 -0.30392 -0.82614 -0.93247 -0.50688 0.022882 0.4456 0.70804 0.85409 0.92578 0.95725 0.95712 0.93536 0.88765 0.83923 0.80757 0.80214 0.80342
-0.031913 0.022419 -0.12847 0.083012 -0.091335 -0.01601 0.38285 -0.18743 0.38634 0.77423 -0.67871 0.89452 0.074285 -0.91656 0.71822 -0.9708 -0.18455 0.88146 0.80804 0.085125 -0.59173 -0.95617 -0.91837 -0.58952 -0.16744 0.26534 0.66165 0.92074 0.96558 0.77185 0.36728 -0.1453 -0.64996 -0.96104 -0.75838 -0.1641 0.3723 0.72238 0.89613 0.96415 0.97813 0.9779 0.97788 0.98216 0.97271 0.95182 0.93359 0.92871 0.92751
-0.041743 -0.060453 0.13024 0.01197 0.028217 0.27399 -0.22306 -0.678 -0.56512 0.60781 0.27814 0.74337 -0.75916 -0.34651 0.76344 -0.73725 0.52985 0.95671 0.26754 -0.52911 -0.94241 -0.92914 -0.58262 -0.094832 0.33978 0.68883 0.92218 0.96998 0.80547 0.44475 -0.038757 -0.52172 -0.88383 -0.94691 -0.47911 0.19344 0.66588 0.90438 0.97545 0.96462 0.92569 0.89922 0.90372 0.93719 0.96984 0.98121 0.98089 0.97997 0.97928
-0.024688 -0.033933 -0.1189 -0.11885 0.021045 -0.20128 -0.37142 0.094528 -0.64387 -0.3704 0.91705 -0.13398 -0.93546 0.47642 0.29725 -0.072603 0.95113 0.57358 -0.37843 -0.92288 -0.94684 -0.59585 -0.076679 0.41625 0.74816 0.9372 0.96997 0.81468 0.49068 0.04282 -0.42938 -0.80517 -0.9771 -0.79597 -0.14032 0.51807 0.87108 0.97666 0.94459 0.86299 0.78103 0.73572 0.74809 0.81077 0.88535 0.93076 0.9512 0.95727 0.95999
0.006842 0.098129 0.10195 0.19819 -0.034891 -0.1921 0.30662 0.72572 0.25242 -0.88036 0.55785 -0.87791 -0.34689 0.94702 -0.35569 0.62213 0.88405 -0.064012 -0.85575 -0.96203 -0.62598 -0.081573 0.44119 0.80544 0.96269 0.96471 0.80888 0.49967 0.090716 -0.3581 -0.74093 -0.95768 -0.92551 -0.53839 0.20948 0.77159 0.96964 0.93856 0.81433 0.67652 0.56444 0.50831 0.53031 0.61918 0.73168 0.80985 0.85202 0.86731 0.87585
0.035038 -0.028652 -0.083305 -0.20486 0.038084 0.35379 0.38228 0.11327 0.79762 -0.3148 -0.37973 -0.82834 0.5048 0.76213 -0.78634 0.97066 0.39115 -0.66193 -0.98642 -0.65517 -0.10623 0.44692 0.82652 0.98099 0.94515 0.77978 0.48573 0.095878 -0.31706 -0.69064 -0.92941 -0.96529 -0.74595 -0.21541 0.5257 0.92867 0.95761 0.80158 0.60462 0.42904 0.30083 0.2414 0.27298 0.3823 0.5254 0.63222 0.69511 0.72079 0.73677
0.047738 -0.055799 0.063462 0.1178 -0.051326 0.048686 -0.33354 -0.70868 0.23906 0.62121 -0.9343 -0.069246 0.96891 0.080079 -0.75429 0.81416 -0.27357 -0.97339 -0.74292 -0.12971 0.43652 0.83653 0.98575 0.91377 0.71457 0.43516 0.074419 -0.31702 -0.66233 -0.90591 -0.9745 -0.83645 -0.4709 0.12781 0.77275 0.97788 0.84362 0.58626 0.34114 0.14752 0.016598 -0.039879 -0.00052956 0.12143 0.28525 0.41423 0.495 0.53107 0.55517
0.032088 0.052435 -0.04099 0.029364 0.036447 -0.42738 -0.4376 -0.41497 -0.64696 0.85995 -0.59441 0.73844 0.73507 -0.64274 -0.30119 0.25981 -0.80576 -0.89197 -0.23653 0.42802 0.83797 0.98892 0.893 0.63507 0.33456 0.010423 -0.34234 -0.66626 -0.89267 -0.97852 -0.87902 -0.59753 -0.14176 0.4485 0.92693 0.92099 0.64607 0.31878 0.051872 -0.14091 -0.26291 -0.31192 -0.2681 -0.14266 0.030412 0.1733 0.26751 0.31281 0.34472
-0.013412 -0.00080939 0.014638 -0.14855 0.049224 0.079723 0.29326 0.52732 -0.71318 0.17184 0.28643 0.95647 0.0019316 -0.96947 0.30891 -0.40752 -0.98839 -0.47282 0.34169 0.8409 0.99187 0.87897 0.58671 0.22058 -0.10673 -0.40771 -0.68964 -0.89761 -0.97949 -0.90702 -0.66519 -0.28658 0.19777 0.71111 0.97742 0.77074 0.38977 0.02747 -0.23583 -0.41141 -0.5155 -0.5544 -0.51044 -0.39116 -0.22099 -0.07351 0.028544 0.08088 0.11936
-0.054751 -0.017264 0.014235 0.15137 -0.12915 0.46208 0.53033 0.70958 0.098376 -0.69318 0.90975 0.45148 -0.72229 -0.73423 0.75548 -0.88013 -0.76857 0.11062 0.79639 0.99392 0.87143 0.55077 0.15115 -0.23259 -0.51815 -0.74283 -0.91247 -0.98161 -0.91895 -0.71061 -0.3687 0.053258 0.50736 0.8904 0.92562 0.548 0.10255 -0.26018 -0.49769 -0.64331 -0.72344 -0.75141 -0.71216 -0.60838 -0.45298 -0.31059 -0.20701 -0.15065 -0.10763
-0.040257 -0.019977 -0.039514 -0.032853 0.050173 -0.15828 -0.16083 -0.11567 0.80063 -0.86898 0.76372 -0.37332 -0.98311 -0.098121 0.82787 -0.96529 -0.25552 0.64476 0.99144 0.85907 0.52523 0.09684 -0.30918 -0.62942 -0.8237 -0.94127 -0.98219 -0.91469 -0.72898 -0.42349 -0.032083 0.37991 0.75432 0.97273 0.78318 0.27844 -0.18786 -0.51989 -0.71411 -0.82116 -0.87427 -0.892 -0.8623 -0.78236 -0.65254 -0.52458 -0.42602 -0.36921 -0.32427
0.018632 0.077256 0.049849 -0.096912 0.15025 -0.498 -0.61586 -0.79801 0.59887 -0.21719 0.003487 -0.92935 -0.649 0.58041 0.51117 -0.65035 0.34301 0.95403 0.88356 0.49105 0.054101 -0.37049 -0.69519 -0.89576 -0.97462 -0.97812 -0.8974 -0.71606 -0.44364 -0.088133 0.3016 0.65718 0.91619 0.95589 0.5694 -0.010623 -0.45634 -0.73223 -0.87118 -0.93524 -0.96099 -0.97029 -0.95448 -0.90514 -0.80994 -0.70484 -0.61767 -0.56425 -0.5204
0.025208 -0.11353 -0.031879 0.10298 -0.1712 0.17246 -0.082367 -0.44107 -0.2572 0.63064 -0.75246 -0.86113 0.054454 0.95529 -0.032239 -0.083364 0.80919 0.95282 0.52224 0.00096927 -0.42095 -0.7473 -0.93308 -0.98973 -0.95422 -0.85741 -0.68035 -0.42165 -0.10619 0.2513 0.59405 0.85802 0.98169 0.84766 0.30827 -0.29293 -0.68219 -0.8836 -0.96094 -0.98146 -0.98175 -0.98513 -0.98665 -0.9727 -0.91898 -0.84376 -0.77375 -0.72753 -0.6879
-0.043489 0.1133 -0.021545 0.018272 -0.10522 0.55312 0.60643 0.47949 -0.8477 0.92134 -0.94259 -0.24514 0.71738 0.86118 -0.55627 0.50565 0.99193 0.65987 0.02299 -0.48006 -0.79013 -0.95939 -0.98558 -0.90494 -0.77634 -0.60737 -0.37029 -0.076777 0.23785 0.55465 0.8155 0.96626 0.95034 0.66369 0.025572 -0.54547 -0.85028 -0.96644 -0.98118 -0.9609 -0.93932 -0.93957 -0.96067 -0.98467 -0.97677 -0.93671 -0.88871 -0.85325 -0.82089
-0.044587 -0.085146 0.10021 -0.10439 0.26687 -0.108 0.40303 0.82818 -0.58659 0.43398 -0.45901 0.5125 0.98964 0.36773 -0.84496 0.90071 0.84799 0.17856 -0.47307 -0.83611 -0.97816 -0.97368 -0.85404 -0.66675 -0.4788 -0.27278 -0.01553 0.27118 0.54674 0.78993 0.94683 0.97677 0.83097 0.42492 -0.25366 -0.75002 -0.95146 -0.97903 -0.93478 -0.879 -0.8402 -0.84 -0.88156 -0.94383 -0.98346 -0.98192 -0.95962 -0.93797 -0.91565
0.047545 0.046872 -0.16997 0.021127 0.037364 -0.61501 -0.3981 0.21086 0.243 -0.40202 0.33371 0.95884 0.75356 -0.28244 -0.79548 0.97468 0.44136 -0.34427 -0.83942 -0.99188 -0.9559 -0.79914 -0.57295 -0.32361 -0.1142 0.093855 0.33442 0.57918 0.78701 0.93583 0.98015 0.89443 0.63966 0.15497 -0.50718 -0.89387 -0.98248 -0.92476 -0.82882 -0.74459 -0.69373 -0.69536 -0.75686 -0.85551 -0.94186 -0.98015 -0.98593 -0.98048 -0.97052
0.029354 -0.013161 0.18176 0.12019 -0.33471 -0.050601 -0.66771 -0.65003 0.84749 -0.91971 0.89831 0.85815 0.15239 -0.80158 -0.44371 0.72086 -0.090573 -0.7646 -0.99384 -0.92441 -0.74026 -0.47944 -0.19933 0.063988 0.2601 0.44078 0.63555 0.81321 0.93619 0.98256 0.91807 0.73233 0.39723 -0.12228 -0.71697 -0.97017 -0.9454 -0.81122 -0.67354 -0.56885 -0.51109 -0.51623 -0.5958 -0.72696 -0.85686 -0.93432 -0.96917 -0.98154 -0.9857
-0.03871 -0.0089974 -0.10156 -0.077146 0.015855 0.63524 -0.040947 -0.81293 0.69338 -0.74543 0.88868 0.29378 -0.51117 -0.98266 0.066459 0.23945 -0.58703 -0.97901 -0.91226 -0.66111 -0.38461 -0.080272 0.19992 0.43459 0.59093 0.72389 0.85416 0.95111 0.98383 0.93134 0.77202 0.50944 0.12678 -0.38471 -0.87011 -0.97758 -0.84674 -0.64912 -0.4812 -0.36431 -0.30443 -0.31401 -0.40857 -0.56674 -0.73493 -0.84907 -0.91265 -0.94361 -0.96298
0.048417 0.01969 -0.051505 -0.13233 0.39084 0.29971 0.65838 -0.12815 -0.058016 -0.03587 0.33901 -0.41559 -0.93361 -0.77216 0.54771 -0.3078 -0.91231 -0.94573 -0.62666 -0.26733 0.036296 0.32519 0.56024 0.73516 0.83617 0.91144 0.96956 0.98348 0.93103 0.7928 0.56003 0.24813 -0.14851 -0.61347 -0.95903 -0.91965 -0.69642 -0.45117 -0.26509 -0.14393 -0.086006 -0.10019 -0.20568 -0.38403 -0.58361 -0.73033 -0.82098 -0.87046 -0.90545
0.025083 -0.023741 0.19247 0.16471 -0.029708 -0.53435 0.549 0.68926 -0.76034 0.69288 -0.40233 -0.90657 -0.94414 -0.27129 0.83886 -0.75446 -0.98931 -0.68674 -0.21064 0.17178 0.44292 0.6697 0.82922 0.92767 0.96899 0.98639 0.97482 0.91306 0.78877 0.58469 0.30416 -0.028198 -0.40735 -0.79403 -0.98142 -0.80394 -0.50669 -0.23098 -0.03859 0.07974 0.1325 0.11427 0.002618 -0.18821 -0.41099 -0.58484 -0.6998 -0.76687 -0.81722
-0.084315 0.028337 -0.21547 0.10906 -0.44682 -0.57902 -0.22859 0.84268 -0.8543 0.95373 -0.90845 -0.95365 -0.56033 0.32099 0.85471 -0.97832 -0.81215 -0.27445 0.24167 0.57043 0.76573 0.9021 0.97285 0.9924 0.9793 0.94654 0.87568 0.75282 0.57556 0.32934 0.028096 -0.29718 -0.63168 -0.91664 -0.93965 -0.64097 -0.29099 -0.002165 0.18565 0.29516 0.34052 0.31943 0.20683 0.011708 -0.2253 -0.41982 -0.55531 -0.63833 -0.70309
0.037245 -0.041135 0.083911 -0.25818 -0.01458 0.23952 -0.75712 0.21033 -0.29134 0.60039 -0.91664 -0.55799 0.042514 0.79121 0.60385 -0.93 -0.43852 0.1912 0.63753 0.85824 0.95576 0.99331 0.97811 0.92823 0.87281 0.80282 0.68832 0.52332 0.31467 0.051038 -0.24506 -0.5391 -0.80767 -0.97647 -0.84001 -0.44317 -0.063029 0.22247 0.39627 0.4923 0.52898 0.50672 0.39851 0.20737 -0.034507 -0.24252 -0.39404 -0.49068 -0.56834
-0.0016858 0.068029 0.11011 -0.054092 0.49597 0.74445 -0.44409 -0.6125 0.4854 -0.12061 -0.44714 0.080744 0.61945 0.98644 0.17472 -0.63705 0.032275 0.60798 0.90375 0.99097 0.99006 0.93789 0.85204 0.75038 0.66834 0.57644 0.43634 0.24977 0.03143 -0.22627 -0.49461 -0.73812 -0.92611 -0.97322 -0.69182 -0.22387 0.16409 0.43154 0.5837 0.66297 0.69056 0.66916 0.57057 0.39137 0.15397 -0.060016 -0.22248 -0.3299 -0.41842
-0.012713 -0.1103 -0.20191 0.33819 0.13135 0.23201 0.35715 -0.90539 0.9127 -0.76295 0.24072 0.67529 0.95685 0.85745 -0.29992 -0.1872 0.48762 0.89307 0.9981 0.95483 0.87198 0.7518 0.61831 0.48645 0.39399 0.29526 0.14745 -0.040959 -0.24926 -0.48095 -0.70354 -0.88285 -0.98251 -0.91064 -0.50644 0.0036396 0.37853 0.61552 0.74036 0.80096 0.81985 0.8015 0.71737 0.55748 0.33348 0.12112 -0.046887 -0.16182 -0.25876
0.06737 0.16151 0.10949 -0.0074213 -0.50552 -0.60823 0.79805 -0.44168 0.71047 -0.9615 0.80334 0.98159 0.94617 0.46167 -0.68576 0.30092 0.82845 0.99737 0.91314 0.76497 0.6274 0.46748 0.312 0.17157 0.08283 -0.0098807 -0.14973 -0.32295 -0.505 -0.69509 -0.85932 -0.9667 -0.97678 -0.79574 -0.29632 0.22681 0.5702 0.76702 0.86085 0.90211 0.91329 0.90017 0.83476 0.70069 0.49833 0.29496 0.12692 0.0080037 -0.094598
-0.10553 -0.20589 0.066511 -0.40544 -0.31827 -0.68512 0.4393 0.37777 0.038351 -0.62671 0.98447 0.89212 0.6092 -0.067322 -0.88365 0.71013 0.98889 0.91082 0.67321 0.45941 0.29807 0.12742 -0.026145 -0.15661 -0.23122 -0.30864 -0.42842 -0.57339 -0.7174 -0.85539 -0.95428 -0.98764 -0.91269 -0.63795 -0.074162 0.43448 0.73105 0.88085 0.94188 0.96424 0.96916 0.96331 0.92013 0.8173 0.64383 0.45636 0.29373 0.17448 0.069175
0.071482 0.22128 -0.14163 0.048848 0.41879 0.09286 -0.35281 0.9023 -0.65445 0.038446 0.72132 0.4614 0.075036 -0.5685 -0.85152 0.95159 0.94593 0.65952 0.32638 0.090362 -0.066201 -0.22259 -0.3553 -0.46236 -0.51701 -0.574 -0.66586 -0.77405 -0.87301 -0.95361 -0.98552 -0.94781 -0.79715 -0.44827 0.14784 0.61728 0.85528 0.95402 0.98219 0.987 0.98737 0.99055 0.97224 0.90486 0.76639 0.60104 0.44899 0.33308 0.22812
-0.017936 -0.18807 0.061257 0.47008 0.53129 0.77736 -0.82256 0.74866 -0.93946 0.6767 0.14953 -0.13358 -0.47471 -0.90254 -0.60834 0.98122 0.71874 0.29655 -0.066309 -0.28528 -0.41538 -0.53962 -0.6393 -0.71548 -0.74889 -0.78433 -0.84476 -0.91224 -0.96374 -0.98651 -0.9545 -0.85287 -0.63942 -0.23848 0.35859 0.7679 0.93927 0.98562 0.98237 0.97164 0.9693 0.98289 0.99116 0.96213 0.86347 0.72562 0.58893 0.4799 0.37834
0.0051793 0.10328 0.043689 -0.047608 -0.18051 0.56961 -0.54986 0.05324 -0.66369 0.9726 -0.47693 -0.67183 -0.86911 -0.98753 -0.22244 0.80377 0.35993 -0.11047 -0.44207 -0.61472 -0.70577 -0.78842 -0.85008 -0.89373 -0.90849 -0.92468 -0.95411 -0.98111 -0.98679 -0.95545 -0.86645 -0.71121 -0.45027 -0.020329 0.54854 0.88119 0.98156 0.97658 0.94457 0.92079 0.91755 0.94247 0.97804 0.98898 0.93355 0.82765 0.71055 0.61172 0.51649
-0.016191 0.0090896 -0.053881 -0.53691 -0.66366 -0.28439 0.20804 -0.67694 -0.0087909 0.80012 -0.90282 -0.97055 -0.99832 -0.81388 0.21024 0.46607 -0.058253 -0.49253 -0.74611 -0.85604 -0.90482 -0.9446 -0.9697 -0.98406 -0.98557 -0.98728 -0.98925 -0.97942 -0.94424 -0.86577 -0.72958 -0.53313 -0.24122 0.19501 0.70996 0.95415 0.9826 0.92944 0.87224 0.83818 0.8357 0.87236 0.93504 0.98623 0.97609 0.90553 0.81162 0.726 0.63987
0.0039929 -0.10265 0.021725 -0.016411 -0.20451 -0.8434 0.79583 -0.94698 0.64611 0.26034 -0.97208 -0.94229 -0.83856 -0.43837 0.59101 0.042601 -0.45927 -0.79054 -0.93873 -0.98253 -0.99374 -0.99609 -0.99103 -0.98278 -0.97788 -0.97125 -0.95149 -0.91101 -0.84225 -0.72596 -0.55418 -0.33003 -0.023794 0.39749 0.83713 0.98582 0.94454 0.84801 0.76984 0.72836 0.72805 0.77636 0.86501 0.95552 0.99135 0.95846 0.89065 0.82089 0.74636
0.039642 0.13487 -0.029247 0.59352 0.56766 -0.52271 0.73589 -0.59808 0.95009 -0.38918 -0.67581 -0.61236 -0.44874 0.037647 0.84037 -0.38206 -0.77602 -0.96339 -0.99914 -0.98432 -0.96809 -0.94293 -0.91713 -0.89479 -0.89049 -0.88193 -0.84733 -0.78389 -0.69026 -0.54675 -0.35183 -0.11362 0.19105 0.57854 0.92636 0.97706 0.87091 0.73709 0.64255 0.59642 0.59938 0.65875 0.77144 0.89918 0.98037 0.98642 0.94687 0.89516 0.83444
-0.083701 -0.10298 0.0056219 0.15825 0.60172 0.33472 0.093019 0.12588 0.76042 -0.86359 -0.13895 -0.097957 0.055068 0.49751 0.91264 -0.73026 -0.96099 -0.99208 -0.92613 -0.86761 -0.83661 -0.79591 -0.75979 -0.73209 -0.73444 -0.72967 -0.68732 -0.60922 -0.49993 -0.34022 -0.13457 0.10468 0.39341 0.73128 0.97588 0.93033 0.7663 0.60218 0.49598 0.44778 0.45476 0.52411 0.65816 0.82007 0.9448 0.99001 0.98014 0.94821 0.90313
0.098162 0.056849 0.099642 -0.60269 -0.15752 0.87277 -0.62421 0.76895 0.19254 -0.97341 0.439 0.43784 0.5367 0.83788 0.80152 -0.94439 -0.99163 -0.87986 -0.73586 -0.65209 -0.61872 -0.57415 -0.53737 -0.51197 -0.52518 -0.52851 -0.4849 -0.40021 -0.28421 -0.11894 0.085794 0.31435 0.57482 0.85068 0.98575 0.84935 0.63611 0.44914 0.33591 0.28793 0.29931 0.37715 0.52928 0.72142 0.8868 0.97041 0.99088 0.97996 0.952
-0.07898 -0.059432 -0.096689 -0.37409 -0.7462 0.58488 -0.8824 0.95527 -0.46329 -0.691 0.86052 0.83902 0.87676 0.99017 0.53692 -0.99466 -0.87104 -0.64924 -0.45787 -0.36703 -0.34118 -0.30234 -0.27243 -0.25492 -0.28089 -0.29472 -0.25515 -0.17105 -0.056391 0.1048 0.29831 0.50616 0.72846 0.93353 0.95762 0.73887 0.48619 0.28398 0.16809 0.12225 0.13803 0.22251 0.38897 0.60669 0.80891 0.92926 0.98002 0.99084 0.98107
0.042515 0.11084 -0.12292 0.50501 -0.43403 -0.24474 -0.50991 0.59655 -0.89703 -0.14385 0.99515 1 1 0.93138 0.17531 -0.8809 -0.62451 -0.3367 -0.12985 -0.046942 -0.034547 -0.0076847 0.010758 0.017407 -0.020731 -0.04543 -0.013599 0.06407 0.17066 0.3196 0.49332 0.67246 0.84929 0.9784 0.89446 0.60429 0.32258 0.1126 -0.001975 -0.044156 -0.0243 0.064683 0.24135 0.47949 0.71395 0.86857 0.94888 0.98169 0.99077
-0.0071521 -0.11429 0.20674 0.61721 0.40808 -0.86226 0.21636 -0.088006 -0.92205 0.45051 0.81383 0.88892 0.88821 0.68375 -0.21358 -0.62927 -0.29337 0.013682 0.20775 0.27279 0.27034 0.28279 0.28842 0.28396 0.23656 0.20265 0.22479 0.2918 0.38519 0.51545 0.66278 0.80739 0.93404 0.98547 0.80032 0.45146 0.15132 -0.05937 -0.16916 -0.20657 -0.18329 -0.092141 0.090409 0.34341 0.6049 0.79063 0.89913 0.95369 0.9819
-0.018608 -0.036856 0.11149 -0.24376 0.80333 -0.739 0.79867 -0.72049 -0.54454 0.87401 0.38678 0.54787 0.57803 0.30525 -0.56062 -0.28517 0.072684 0.35671 0.51672 0.55972 0.54532 0.54465 0.53918 0.52586 0.47401 0.43425 0.44646 0.50028 0.57705 0.68408 0.80048 0.90688 0.98119 0.95636 0.68003 0.28634 -0.02183 -0.22676 -0.32885 -0.3608 -0.335 -0.24414 -0.060136 0.20198 0.48483 0.69793 0.83269 0.90834 0.95554
0.03729 0.29108 -0.31117 -0.7788 0.30843 0.002726 0.86356 -0.97666 0.059122 0.98548 -0.14832 0.073955 0.14676 -0.12563 -0.80911 0.095795 0.42327 0.65172 0.76508 0.78729 0.76724 0.75783 0.74546 0.72749 0.67732 0.63635 0.63991 0.67966 0.73807 0.81916 0.90209 0.9687 0.99081 0.89391 0.53897 0.11485 -0.1915 -0.38497 -0.47703 -0.50321 -0.476 -0.38792 -0.20687 0.05854 0.35679 0.59304 0.75168 0.84732 0.91305
-0.056491 -0.38817 -0.09525 -0.17976 -0.53413 0.74504 0.38653 -0.74359 0.6326 0.76097 -0.63346 -0.41075 -0.30875 -0.52687 -0.92289 0.45712 0.71407 0.86695 0.92982 0.93682 0.91949 0.9078 0.8944 0.87728 0.8355 0.79872 0.79614 0.82235 0.86219 0.9164 0.96521 0.99229 0.96438 0.8019 0.38276 -0.057383 -0.35288 -0.53001 -0.61031 -0.63076 -0.60339 -0.52058 -0.34673 -0.083772 0.22378 0.47861 0.6583 0.7725 0.85593
0.081885 0.095909 0.40412 0.70728 -0.83372 0.90504 -0.32491 -0.15354 0.95019 0.28932 -0.93674 -0.79118 -0.69426 -0.82825 -0.88996 0.74953 0.9118 0.98218 0.99835 0.99835 0.99269 0.98613 0.97828 0.968 0.94124 0.91423 0.90882 0.92322 0.94557 0.97351 0.98916 0.97861 0.9046 0.68486 0.21709 -0.22516 -0.50177 -0.6586 -0.726 -0.74105 -0.71487 -0.63968 -0.47708 -0.22211 0.088624 0.35726 0.55486 0.68586 0.78586
-0.11208 0.42525 0.10434 0.63988 -0.28908 0.37768 -0.84406 0.50298 0.90089 -0.26828 -0.98529 -0.98525 -0.93689 -0.98239 -0.7218 0.93697 0.99711 0.98975 0.96859 0.97065 0.98472 0.99046 0.99451 0.99679 0.9909 0.97889 0.97439 0.97956 0.98653 0.99006 0.97492 0.92996 0.81512 0.54777 0.047492 -0.38384 -0.63468 -0.76818 -0.82206 -0.83231 -0.80869 -0.74332 -0.59568 -0.35393 -0.046001 0.23151 0.44363 0.5894 0.70459
0.13642 -0.61413 -0.48375 -0.30037 0.55136 -0.42806 -0.88096 0.92568 0.51831 -0.73609 -0.7782 -0.95871 -0.99691 -0.97039 -0.44921 1 0.9654 0.89397 0.84804 0.86037 0.90007 0.924 0.94526 0.96486 0.98436 0.99175 0.99191 0.99093 0.98535 0.96734 0.92484 0.84973 0.70033 0.39589 -0.12083 -0.52938 -0.74883 -0.85689 -0.89713 -0.90335 -0.88364 -0.83007 -0.70072 -0.47702 -0.17766 0.10378 0.32688 0.48517 0.61392
-0.13614 0.10471 -0.16364 -0.87615 0.87715 -0.92808 -0.43123 0.93833 -0.046177 -0.97835 -0.37909 -0.72749 -0.87175 -0.8019 -0.11574 0.9365 0.82576 0.70945 0.65204 0.6806 0.74882 0.79474 0.83677 0.87696 0.92464 0.95462 0.96283 0.95896 0.94408 0.90809 0.84244 0.74214 0.56512 0.23453 -0.2831 -0.65847 -0.84217 -0.92354 -0.95044 -0.95355 -0.93902 -0.89898 -0.79083 -0.58953 -0.30416 -0.023645 0.20676 0.37517 0.51567
0.089648 0.64939 0.5383 -0.34772 0.39256 -0.7855 0.2478 0.55209 -0.58847 -0.9349 0.10632 -0.34907 -0.59246 -0.51053 0.22977 0.76011 0.59848 0.45845 0.40152 0.44908 0.5452 0.61433 0.67855 0.74074 0.81741 0.87166 0.89067 0.88706 0.86624 0.81623 0.73213 0.61203 0.41465 0.068878 -0.43511 -0.76847 -0.91336 -0.96759 -0.98183 -0.98283 -0.97464 -0.94954 -0.86502 -0.68993 -0.42357 -0.1487 0.085333 0.26135 0.41164
0.017776 -0.69602 0.28858 0.62669 -0.45192 -0.11636 0.79565 -0.057658 -0.92655 -0.63041 0.55979 0.0937 -0.21469 -0.14615 0.54043 0.49686 0.31164 0.16793 0.12054 0.1863 0.30615 0.39691 0.48239 0.566 0.67036 0.74896 0.78063 0.78006 0.75654 0.69661 0.59894 0.46461 0.25417 -0.096161 -0.57323 -0.85749 -0.9617 -0.98908 -0.99163 -0.99155 -0.9907 -0.98166 -0.92268 -0.77705 -0.53424 -0.26949 -0.035474 0.14555 0.30356
-0.18076 -0.18589 -0.53743 0.86822 -0.91056 0.62656 0.94092 -0.6381 -0.95834 -0.15897 0.87924 0.51159 0.19341 0.23432 0.77734 0.18088 -0.0026291 -0.13354 -0.1661 -0.086453 0.049793 0.15792 0.26143 0.36386 0.49262 0.594 0.63917 0.64384 0.62057 0.5547 0.44833 0.30525 0.08882 -0.25607 -0.69452 -0.92429 -0.98713 -0.9886 -0.98065 -0.98049 -0.9878 -0.99559 -0.96359 -0.85005 -0.63478 -0.38435 -0.1539 0.029525 0.19311
0.36344 0.91693 -0.4747 0.098442 -0.60118 0.97145 0.62655 -0.96542 -0.68645 0.34806 1 0.8268 0.56387 0.57592 0.91378 -0.15039 -0.31189 -0.41856 -0.43504 -0.34874 -0.20596 -0.087021 0.029239 0.14606 0.29413 0.41515 0.4736 0.48503 0.46443 0.39634 0.28588 0.13926 -0.076501 -0.40681 -0.79669 -0.96831 -0.99012 -0.96716 -0.95006 -0.95077 -0.96689 -0.99194 -0.9878 -0.90838 -0.72411 -0.49183 -0.26836 -0.085119 0.081854
-0.4979 -0.40697 0.43414 -0.79652 0.20541 0.72014 0.017433 -0.92679 -0.20698 0.75969 0.90497 0.98626 0.83978 0.8332 0.93733 -0.46065 -0.58663 -0.66324 -0.66607 -0.58242 -0.44458 -0.32313 -0.20102 -0.075731 0.085059 0.22123 0.29167 0.3106 0.29453 0.22748 0.11716 -0.028224 -0.23727 -0.54491 -0.87812 -0.98956 -0.97164 -0.92617 -0.90137 -0.90383 -0.92915 -0.97158 -0.9957 -0.9518 -0.80138 -0.59072 -0.37744 -0.19691 -0.028728
0.50545 -0.74046 0.6803 -0.82549 0.85301 0.042273 -0.59621 -0.55109 0.3286 0.97813 0.62346 0.96866 0.98308 0.97544 0.84995 -0.7185 -0.8028 -0.84889 -0.84341 -0.77273 -0.65187 -0.53723 -0.41728 -0.29053 -0.12468 0.02104 0.1012 0.12761 0.11727 0.053982 -0.052499 -0.19242 -0.38941 -0.66747 -0.9378 -0.9886 -0.93306 -0.86735 -0.83635 -0.84131 -0.87603 -0.93559 -0.98789 -0.98032 -0.86601 -0.68001 -0.4799 -0.30453 -0.13729
-0.33594 0.82795 -0.18455 0.03004 0.84229 -0.65614 -0.94057 0.015148 0.76309 0.9592 0.22044 0.78493 0.97839 0.98926 0.6663 -0.90023 -0.94346 -0.96308 -0.95644 -0.90892 -0.81664 -0.7184 -0.60909 -0.48851 -0.32589 -0.17702 -0.090219 -0.057119 -0.06119 -0.11859 -0.21814 -0.34899 -0.52941 -0.77221 -0.97536 -0.96645 -0.87608 -0.79266 -0.75694 -0.76501 -0.80911 -0.88528 -0.9652 -0.99419 -0.91764 -0.75892 -0.57471 -0.4068 -0.24261
0.019099 0.37059 -0.81339 0.86244 0.19726 -0.98291 -0.87617 0.56981 0.97873 0.71744 -0.2199 0.47313 0.83297 0.87859 0.41083 -0.9914 -0.99966 -1 -1 -0.9846 -0.93105 -0.8583 -0.76802 -0.66135 -0.51042 -0.36526 -0.27555 -0.23719 -0.23508 -0.28511 -0.37528 -0.49414 -0.65431 -0.85747 -0.99093 -0.92453 -0.80266 -0.70423 -0.66524 -0.67689 -0.73011 -0.82208 -0.92865 -0.99387 -0.95616 -0.82687 -0.66099 -0.50273 -0.3436
0.31417 -1 -0.20933 0.8283 -0.59362 -0.77322 -0.44459 0.92852 0.92573 0.31698 -0.61233 0.089442 0.5734 0.6624 0.1141 -0.98732 -0.97035 -0.96024 -0.97415 -0.99772 -0.9908 -0.95145 -0.88787 -0.80249 -0.67144 -0.53692 -0.44846 -0.40685 -0.39922 -0.44101 -0.52 -0.62463 -0.76175 -0.92215 -0.98517 -0.86458 -0.71497 -0.60431 -0.5634 -0.57893 -0.64085 -0.74752 -0.87939 -0.98 -0.98161 -0.88347 -0.73808 -0.59145 -0.4393
-0.47156 -0.0060479 0.74623 -0.020384 -0.96382 -0.15694 0.165 0.98312 0.62904 -0.14759 -0.88658 -0.30264 0.23995 0.37093 -0.1911 -0.89254 -0.86171 -0.85014 -0.88369 -0.95023 -0.99498 -0.99516 -0.96476 -0.90724 -0.80354 -0.68638 -0.60356 -0.56109 -0.5491 -0.58235 -0.64902 -0.73786 -0.84997 -0.96572 -0.95912 -0.78857 -0.61529 -0.49521 -0.45361 -0.47318 -0.54315 -0.66322 -0.81867 -0.95335 -0.99426 -0.92852 -0.80545 -0.67227 -0.52888
0.31164 0.99054 0.64777 -0.85213 -0.66889 0.53495 0.70472 0.72868 0.17471 -0.57459 -0.99867 -0.64288 -0.12017 0.040996 -0.47338 -0.71947 -0.68589 -0.68071 -0.73734 -0.84759 -0.9458 -0.98943 -0.99708 -0.9728 -0.90287 -0.80923 -0.73643 -0.69577 -0.68097 -0.7059 -0.7597 -0.83184 -0.91781 -0.98817 -0.91421 -0.6987 -0.50598 -0.37922 -0.33804 -0.36164 -0.43886 -0.57082 -0.74784 -0.91485 -0.99451 -0.96198 -0.86275 -0.74462 -0.61165
0.12318 -0.25246 -0.38295 -0.89316 0.074368 0.95455 0.96942 0.25526 -0.31766 -0.87727 -0.93606 -0.88311 -0.4597 -0.28886 -0.70579 -0.48656 -0.45949 -0.46635 -0.54677 -0.6981 -0.84815 -0.9367 -0.98534 -0.99822 -0.96714 -0.90235 -0.84371 -0.80767 -0.79187 -0.80916 -0.85009 -0.90521 -0.96464 -0.98994 -0.85215 -0.59723 -0.38939 -0.2586 -0.2188 -0.24628 -0.3298 -0.47196 -0.66828 -0.8655 -0.98288 -0.98397 -0.90976 -0.80811 -0.68705
-0.56187 -0.89893 -0.91819 -0.12748 0.76778 0.90841 0.87007 -0.28805 -0.72734 -1 -0.71677 -0.99303 -0.7373 -0.58283 -0.86804 -0.21603 -0.20178 -0.22358 -0.32558 -0.5121 -0.70909 -0.84145 -0.93195 -0.98422 -0.9955 -0.96386 -0.92313 -0.89446 -0.87965 -0.89033 -0.91886 -0.95717 -0.99037 -0.97189 -0.77486 -0.48652 -0.26787 -0.13554 -0.097912 -0.12898 -0.21772 -0.36825 -0.58139 -0.80638 -0.96004 -0.99472 -0.94642 -0.86242 -0.75463
0.64075 0.38621 -0.22763 0.74818 0.97278 0.43535 0.45596 -0.74198 -0.96131 -0.9263 -0.38335 -0.96288 -0.92211 -0.81144 -0.94784 0.06834 0.066991 0.030397 -0.088263 -0.30122 -0.53725 -0.7098 -0.84092 -0.93304 -0.98848 -0.9931 -0.97345 -0.95476 -0.94295 -0.94833 -0.96532 -0.9875 -0.99536 -0.93522 -0.68445 -0.36893 -0.14365 -0.01211 0.022715 -0.011519 -0.10429 -0.26129 -0.4886 -0.73863 -0.92673 -0.9946 -0.97279 -0.90742 -0.81407
-0.18754 0.79597 0.78032 0.98102 0.57778 -0.2322 -0.11531 -0.98306 -0.97315 -0.67826 0.0063053 -0.8027 -0.9964 -0.95402 -0.94126 0.34331 0.32721 0.27883 0.15076 -0.077608 -0.34227 -0.54908 -0.7175 -0.84815 -0.94784 -0.99049 -0.99441 -0.988 -0.98118 -0.98272 -0.98935 -0.99646 -0.98038 -0.88144 -0.5831 -0.24677 -0.01888 0.10977 0.14131 0.10444 0.0088987 -0.15257 -0.39129 -0.66341 -0.88377 -0.98408 -0.98902 -0.94305 -0.86513
-0.55186 -0.4146 0.81133 0.39738 -0.16153 -0.78975 -0.64197 -0.95422 -0.76911 -0.30876 0.38954 -0.53915 -0.95638 -1 -0.85229 0.588 0.56123 0.50649 0.37797 0.14678 -0.1342 -0.36737 -0.56792 -0.73405 -0.87635 -0.95747 -0.98664 -0.99443 -0.99443 -0.9937 -0.99138 -0.98476 -0.94658 -0.81225 -0.47307 -0.12227 0.10444 0.22832 0.25627 0.21739 0.12039 -0.043517 -0.29081 -0.58189 -0.83204 -0.96371 -0.99539 -0.96935 -0.90771
1 -0.7128 -0.16665 -0.50318 -0.80276 -1 -0.94993 -0.67382 -0.4018 0.11102 0.709 -0.21039 -0.81129 -0.94894 -0.69178 0.78527 0.7544 0.70049 0.58145 0.36078 0.076979 -0.1731 -0.39897 -0.59598 -0.77763 -0.8963 -0.95157 -0.97501 -0.98341 -0.98199 -0.97227 -0.95351 -0.8954 -0.72957 -0.35661 0.0024581 0.22447 0.34196 0.36614 0.32594 0.22884 0.064525 -0.18845 -0.49524 -0.77245 -0.93411 -0.99224 -0.98648 -0.94177
-0.69807 0.36536 -0.95499 -1 -0.98508 -0.78747 -0.94725 -0.22394 0.045184 0.50594 0.92062 0.13985 -0.58115 -0.80966 -0.47585 0.92266 0.89579 0.85082 0.75139 0.5545 0.28186 0.025402 -0.21771 -0.43965 -0.65594 -0.80996 -0.89129 -0.93131 -0.94941 -0.9488 -0.93331 -0.90413 -0.82851 -0.6354 -0.23592 0.12543 0.33955 0.44926 0.46963 0.42888 0.33304 0.17033 -0.085449 -0.4046 -0.70595 -0.89595 -0.98001 -0.99467 -0.96737
-0.21122 0.65003 -0.62504 -0.72628 -0.62297 -0.25521 -0.64614 0.27622 0.47748 0.81013 0.99876 0.46821 -0.2936 -0.59852 -0.22409 0.99288 0.97856 0.95071 0.88041 0.71971 0.47193 0.22017 -0.03117 -0.271 -0.51596 -0.70195 -0.80843 -0.86542 -0.89415 -0.89573 -0.87612 -0.83834 -0.74777 -0.53183 -0.11313 0.24483 0.44821 0.549 0.56567 0.52515 0.43192 0.27279 0.017047 -0.3111 -0.63349 -0.84996 -0.95918 -0.9942 -0.98465
0.9818 -0.2633 0.42294 0.08541 0.070652 0.37248 -0.14992 0.70301 0.80986 0.97715 0.9381 0.73687 0.019721 -0.33722 0.042359 0.99384 1 0.99668 0.9637 0.85004 0.63991 0.40395 0.15389 -0.095992 -0.36262 -0.57614 -0.70608 -0.77983 -0.81976 -0.82473 -0.80258 -0.75802 -0.65517 -0.42098 0.009746 0.35902 0.54918 0.64017 0.65331 0.61386 0.52455 0.37089 0.11797 -0.2158 -0.55603 -0.79689 -0.9303 -0.98545 -0.9938
-0.90057 -0.59166 0.99997 0.82477 0.72165 0.84848 0.38605 0.95833 0.98204 0.98576 0.75243 0.91749 0.32671 -0.050393 0.30259 0.92828 0.96133 0.98846 0.99908 0.94115 0.7799 0.57039 0.33125 0.079627 -0.20094 -0.43667 -0.58759 -0.67735 -0.72865 -0.73798 -0.71476 -0.66524 -0.55279 -0.30493 0.13082 0.46657 0.64138 0.7219 0.73182 0.69425 0.61013 0.46376 0.21633 -0.11972 -0.4745 -0.73752 -0.89395 -0.96882 -0.99508
0.028602 0.13221 0.48909 0.97134 1 0.99889 0.80455 0.99014 0.96793 0.84095 0.47113 0.9935 0.59806 0.23681 0.53751 0.80318 0.86724 0.92868 0.98681 0.99069 0.88754 0.71418 0.49533 0.25047 -0.03581 -0.28774 -0.4565 -0.56101 -0.62344 -0.63785 -0.61491 -0.56213 -0.44272 -0.18571 0.24835 0.56623 0.72393 0.79355 0.80061 0.76573 0.688 0.55062 0.31125 -0.02381 -0.38982 -0.67263 -0.85074 -0.94477 -0.9888
0.77462 0.51742 -0.5363 0.44774 0.78078 0.78093 0.9915 0.80005 0.77736 0.57078 0.13385 0.9609 0.80978 0.50088 0.73112 0.62889 0.72533 0.82248 0.92939 0.99828 0.96001 0.83121 0.64139 0.41165 0.12808 -0.13354 -0.31645 -0.43394 -0.50687 -0.52684 -0.50533 -0.45088 -0.32706 -0.065292 0.3608 0.65693 0.79615 0.85462 0.85926 0.82787 0.75765 0.63083 0.40194 0.071029 -0.30288 -0.60299 -0.8013 -0.9138 -0.97532
-0.7245 0.0010913 -1 -0.36722 0.18751 0.28676 0.90389 0.43821 0.45108 0.2201 -0.21537 0.82753 0.94495 0.72171 0.87137 0.41817 0.54538 0.677 0.8312 0.96528 0.99602 0.91856 0.76558 0.55889 0.28641 0.021895 -0.17103 -0.29931 -0.38176 -0.40747 -0.38836 -0.33369 -0.20786 0.054493 0.46677 0.73784 0.85752 0.90482 0.9075 0.88036 0.81867 0.70386 0.4877 0.16398 -0.21453 -0.52939 -0.74628 -0.87641 -0.95503
-0.018716 -0.41476 -0.45444 -0.92852 -0.48745 -0.30077 0.57528 -0.011861 0.050838 -0.15754 -0.53396 0.61116 0.99465 0.88389 0.95067 0.18516 0.33858 0.50087 0.69818 0.89462 0.99571 0.9745 0.86497 0.68861 0.43526 0.17476 -0.023718 -0.16024 -0.2509 -0.28228 -0.26631 -0.21269 -0.087091 0.17193 0.56506 0.80829 0.90773 0.94398 0.94522 0.92301 0.8708 0.76929 0.56793 0.25428 -0.12558 -0.45258 -0.68635 -0.83315 -0.92833
0.55451 -0.10657 0.52751 -0.88943 -0.932 -0.77866 0.10025 -0.45368 -0.353 -0.50825 -0.78571 0.33676 0.95799 0.9775 0.96602 -0.0556 0.11686 0.30359 0.53737 0.79054 0.96055 0.99848 0.93759 0.79794 0.57124 0.32155 0.12218 -0.019762 -0.11701 -0.15374 -0.14143 -0.089953 0.033383 0.28545 0.65468 0.86779 0.94662 0.97209 0.97241 0.95579 0.91385 0.82679 0.64213 0.34127 -0.036794 -0.3733 -0.62214 -0.78456 -0.89568
-0.34419 0.28864 0.98971 -0.30032 -0.95626 -0.99319 -0.39503 -0.79859 -0.69398 -0.78529 -0.9445 0.033388 0.84148 0.99836 0.9188 -0.29005 -0.10788 0.095069 0.35654 0.65827 0.89311 0.99099 0.98239 0.88477 0.69149 0.45915 0.2636 0.11928 0.017281 -0.024221 -0.015898 0.032555 0.15182 0.39365 0.73478 0.91604 0.97416 0.98927 0.9892 0.97873 0.94778 0.87615 0.70987 0.42434 0.051122 -0.29226 -0.5543 -0.73121 -0.85754
-0.17033 0.1593 0.52348 0.45809 -0.56524 -0.88548 -0.78716 -0.98268 -0.91992 -0.95478 -0.99629 -0.26901 0.6578 0.94779 0.8143 -0.5054 -0.32434 -0.11494 0.16378 0.50375 0.7969 0.9535 0.99921 0.94773 0.79375 0.58484 0.39779 0.25424 0.14953 0.10403 0.10827 0.153 0.26661 0.49529 0.80473 0.95291 0.99049 0.99577 0.99583 0.99201 0.97262 0.91724 0.77084 0.50295 0.13751 -0.21014 -0.48347 -0.67364 -0.81437
0.26722 -0.16451 -0.40608 0.93109 0.059885 -0.50187 -0.98528 -0.97696 -1 -0.99896 -0.93963 -0.5425 0.42426 0.83209 0.66106 -0.69073 -0.52235 -0.31724 -0.032875 0.33339 0.67619 0.88829 0.98865 0.98614 0.87631 0.69636 0.52232 0.38274 0.27749 0.22894 0.22919 0.2697 0.37632 0.58929 0.86405 0.97839 0.99587 0.99192 0.99261 0.99587 0.98851 0.95003 0.82477 0.57666 0.22176 -0.12759 -0.41027 -0.61242 -0.76665
0.037894 -0.15431 -0.95403 0.85992 0.65214 0.029574 -0.94986 -0.78976 -0.92756 -0.91708 -0.78473 -0.76357 0.16096 0.66163 0.47004 -0.83742 -0.69329 -0.50354 -0.22572 0.15372 0.53574 0.79832 0.95207 1 0.93804 0.79188 0.63509 0.50266 0.3991 0.34862 0.34515 0.38114 0.47967 0.67475 0.91244 0.99265 0.99065 0.97816 0.97997 0.99064 0.99563 0.97456 0.87152 0.64508 0.30334 -0.045217 -0.33529 -0.5481 -0.71485
-0.149 0.076608 -0.6661 0.30978 0.97435 0.54467 -0.69755 -0.46199 -0.71906 -0.724 -0.55133 -0.91487 -0.11099 0.44976 0.25376 -0.93939 -0.83033 -0.66675 -0.40771 -0.028813 0.38067 0.68709 0.89141 0.98993 0.97838 0.87006 0.73439 0.61217 0.51259 0.4614 0.45463 0.48596 0.57554 0.75094 0.94976 0.99594 0.97529 0.95502 0.95838 0.97671 0.99427 0.99093 0.91098 0.70789 0.38174 0.036412 -0.25909 -0.48119 -0.65947
-0.082562 0.11679 0.17219 -0.39619 0.91036 0.89437 -0.29259 -0.056964 -0.40966 -0.44706 -0.26586 -0.98612 -0.37118 0.21172 0.025445 -0.99325 -0.92862 -0.80119 -0.57264 -0.20806 0.21619 0.55849 0.80913 0.95706 0.99727 0.92997 0.81888 0.70976 0.6164 0.5658 0.55631 0.583 0.66299 0.81729 0.97599 0.98866 0.95035 0.92308 0.92839 0.95454 0.98476 0.99933 0.94311 0.76484 0.45654 0.11677 -0.18223 -0.41223 -0.60096
0.16071 -0.042916 0.84285 -0.87444 0.49953 0.98602 0.17129 0.35256 -0.046632 -0.1217 0.041783 -0.97448 -0.60133 -0.036553 -0.20182 -0.99819 -0.98534 -0.90266 -0.71529 -0.37838 0.047504 0.41663 0.70808 0.90301 0.99511 0.97113 0.88758 0.79423 0.70925 0.66059 0.64905 0.67127 0.74125 0.87339 0.99126 0.97127 0.91643 0.88296 0.89057 0.92463 0.96749 1 0.96797 0.81575 0.52736 0.19537 -0.10522 -0.34171 -0.5398
0.10913 -0.092451 0.81793 -0.8875 -0.091383 0.80439 0.59344 0.69758 0.31829 0.21328 0.34142 -0.88404 -0.78642 -0.27946 -0.41579 -0.9558 -0.99965 -0.96854 -0.83159 -0.53476 -0.1204 0.26572 0.5914 0.82979 0.97275 0.99347 0.93985 0.86465 0.7901 0.74474 0.73191 0.74996 0.80971 0.91899 0.99582 0.94433 0.87419 0.83536 0.84557 0.88752 0.94288 0.99321 0.98563 0.86047 0.59386 0.27177 -0.028548 -0.27011 -0.47642
-0.23013 0.041476 0.15699 -0.45158 -0.6402 0.40908 0.88796 0.92398 0.63627 0.52041 0.60549 -0.72497 -0.91551 -0.50271 -0.60566 -0.86982 -0.97253 -0.99768 -0.91859 -0.67294 -0.28287 0.10998 0.46241 0.73968 0.93138 0.99726 0.9754 0.92041 0.85818 0.81746 0.80416 0.81845 0.86794 0.95396 0.99001 0.90848 0.82436 0.78098 0.79404 0.84379 0.91141 0.97931 0.99625 0.89894 0.65576 0.34558 0.047343 -0.19789 -0.41128
-0.06438 0.11166 -0.59801 0.1955 -0.95363 -0.087639 1 1 0.86759 0.76754 0.81142 -0.51216 -0.98209 -0.69402 -0.76253 -0.74577 -0.90663 -0.99041 -0.97452 -0.78946 -0.43568 -0.046551 0.32454 0.63523 0.87251 0.98313 0.99426 0.96119 0.91295 0.87816 0.86526 0.87626 0.91563 0.97832 0.97429 0.86439 0.76768 0.72055 0.73665 0.79403 0.87356 0.95864 1 0.93112 0.71285 0.41642 0.12203 -0.12549 -0.34479
0.26274 -0.016569 -0.87934 0.73095 -0.93229 -0.55442 0.91406 0.91942 0.98603 0.93084 0.94315 -0.26365 -0.98415 -0.84372 -0.87971 -0.59051 -0.80598 -0.94833 -0.99875 -0.88174 -0.57514 -0.20002 0.18119 0.51912 0.79793 0.95199 0.99672 0.98689 0.95413 0.92647 0.91483 0.9231 0.95263 0.9922 0.94917 0.81279 0.70491 0.65482 0.67409 0.73885 0.82987 0.93162 0.99712 0.95705 0.76495 0.484 0.19512 -0.053308 -0.27736
-0.0010341 -0.14997 -0.51256 0.90835 -0.59663 -0.87561 0.6538 0.70034 0.98102 0.99663 0.99209 0.00093725 -0.92398 -0.94505 -0.95284 -0.41189 -0.67574 -0.87417 -0.99169 -0.94805 -0.69811 -0.34691 0.035693 0.39411 0.70959 0.905 0.98335 0.9977 0.98162 0.96221 0.9527 0.95884 0.97894 0.99583 0.91525 0.75442 0.63682 0.58453 0.60704 0.67888 0.78085 0.89865 0.98786 0.97678 0.81191 0.54802 0.26627 0.018271 -0.20936
-0.23791 -0.070954 0.20003 0.66448 -0.069908 -0.97846 0.27428 0.3804 0.85766 0.9619 0.95719 0.26203 -0.8076 -0.99429 -0.97998 -0.21825 -0.52188 -0.77162 -0.95469 -0.9875 -0.8021 -0.48406 -0.10879 0.26297 0.6096 0.84353 0.95493 0.99398 0.99555 0.98537 0.97882 0.98346 0.99466 0.98956 0.87317 0.69008 0.56421 0.51043 0.53621 0.61473 0.72706 0.86019 0.97253 0.99042 0.85365 0.60826 0.33516 0.088889 -0.14118
0.034829 0.13185 0.742 0.1305 0.47056 -0.84698 -0.15074 0.0096913 0.63479 0.83371 0.8444 0.50149 -0.64409 -0.99075 -0.96146 -0.018069 -0.35089 -0.64509 -0.88994 -1 -0.88523 -0.60872 -0.24928 0.12845 0.50015 0.76911 0.91244 0.97633 0.99623 0.99612 0.99331 0.9971 1 0.9738 0.82362 0.62054 0.48785 0.43324 0.46226 0.54702 0.66903 0.81668 0.95143 0.9981 0.89011 0.66451 0.40149 0.15822 -0.073147
0.18263 0.18249 0.75867 -0.44467 0.85421 -0.52087 -0.54371 -0.35752 0.34168 0.62771 0.66561 0.70374 -0.44484 -0.9365 -0.89969 0.1804 -0.16952 -0.4995 -0.80033 -0.9862 -0.94625 -0.7186 -0.38309 -0.0068344 0.38348 0.68341 0.85703 0.94549 0.98412 0.99477 0.99643 1 0.99529 0.94904 0.76732 0.5466 0.4085 0.35369 0.38586 0.47637 0.60732 0.76859 0.92491 1 0.92127 0.71661 0.46502 0.22596 -0.0055928
-0.023166 -0.004097 0.2759 -0.81301 0.96951 -0.08181 -0.83725 -0.67069 0.013816 0.36593 0.4372 0.85666 -0.2226 -0.8361 -0.79888 0.36949 0.015537 -0.34011 -0.6893 -0.9474 -0.98453 -0.81187 -0.50781 -0.14037 0.26181 0.58816 0.78996 0.90235 0.95983 0.98177 0.98855 0.99252 0.98093 0.91585 0.70502 0.46904 0.3269 0.27246 0.30764 0.40336 0.54245 0.71639 0.89332 0.99631 0.94715 0.76444 0.52551 0.29183 0.061183
-0.12506 -0.20577 -0.3591 -0.83169 0.79267 0.36844 -0.98493 -0.8896 -0.31156 0.074201 0.1784 0.9521 0.0093084 -0.69612 -0.66473 0.54232 0.19784 -0.17231 -0.56067 -0.88546 -1 -0.88715 -0.62136 -0.26986 0.13732 0.48518 0.71261 0.84791 0.9241 0.95768 0.97014 0.9751 0.9574 0.87482 0.63746 0.38861 0.24377 0.19022 0.22823 0.32857 0.47498 0.66054 0.85703 0.98725 0.96781 0.80789 0.58278 0.35558 0.1269
-0.020491 -0.17357 -0.73523 -0.5118 0.38726 0.73191 -0.96737 -0.98889 -0.59966 -0.22048 -0.090388 0.98606 0.23782 -0.52466 -0.50403 0.69304 0.37143 -0.0013984 -0.41856 -0.80273 -0.99312 -0.94355 -0.72199 -0.39318 0.012123 0.37627 0.6264 0.7833 0.87777 0.92318 0.94177 0.94826 0.92525 0.82661 0.56542 0.30609 0.1598 0.1076 0.14823 0.25256 0.4054 0.60151 0.81641 0.97306 0.98331 0.84691 0.63666 0.41699 0.1913
0.075919 0.063819 -0.64053 0.0011082 -0.12148 0.93508 -0.79329 -0.96013 -0.82164 -0.49243 -0.34925 0.95865 0.45083 -0.33084 -0.3243 0.81696 0.53096 0.16752 -0.26719 -0.70193 -0.96484 -0.9806 -0.8083 -0.50847 -0.11179 0.26322 0.53284 0.70967 0.82175 0.87902 0.9041 0.91262 0.88509 0.77188 0.48963 0.22218 0.075651 0.0252 0.068179 0.17586 0.33422 0.53976 0.77184 0.954 0.99375 0.88145 0.68701 0.47587 0.25414
0.074755 0.23935 -0.16813 0.49709 -0.58715 0.94218 -0.49582 -0.81157 -0.95714 -0.71942 -0.58015 0.87371 0.63773 -0.12429 -0.13342 0.91061 0.67188 0.32969 -0.11078 -0.58604 -0.9165 -0.99826 -0.87926 -0.61409 -0.23258 0.14779 0.4334 0.62827 0.75704 0.826 0.85782 0.8688 0.83755 0.71133 0.41086 0.13758 -0.0080594 -0.056413 -0.011375 0.098985 0.26193 0.47574 0.72371 0.93034 0.99927 0.9115 0.73373 0.53203 0.31521
-0.031932 0.15846 0.37484 0.78864 -0.88435 0.75937 -0.12541 -0.56571 -0.99565 -0.88423 -0.76803 0.73833 0.78991 0.085323 0.060749 0.97183 0.79047 0.48085 0.046556 -0.45824 -0.84981 -0.99686 -0.93413 -0.70866 -0.34852 0.031673 0.32959 0.54034 0.68466 0.765 0.8037 0.81751 0.78332 0.64567 0.32982 0.052946 -0.09075 -0.13672 -0.08994 0.022404 0.18899 0.40989 0.67239 0.90236 1 0.93708 0.77672 0.58532 0.37431
-0.12093 -0.090552 0.67107 0.77874 -0.94061 0.43006 0.25932 -0.2555 -0.93681 -0.97574 -0.90168 0.56211 0.90099 0.28878 0.25062 0.99965 0.88391 0.61725 0.20092 -0.3218 -0.76677 -0.97709 -0.97256 -0.79109 -0.4581 -0.083533 0.22287 0.44714 0.60569 0.69693 0.74253 0.75948 0.72309 0.57562 0.24723 -0.031093 -0.17188 -0.21522 -0.16706 -0.053428 0.11585 0.34262 0.61828 0.87035 0.99611 0.95822 0.81592 0.63562 0.43127
-0.013561 -0.246 0.57448 0.48764 -0.75109 0.023377 0.60099 0.080491 -0.78962 -0.98927 -0.97414 0.35645 0.967 0.47764 0.42923 0.9943 0.95031 0.73578 0.3487 -0.17999 -0.66959 -0.93995 -0.99444 -0.8605 -0.55997 -0.19633 0.11466 0.34994 0.52121 0.62272 0.67515 0.69546 0.65758 0.50188 0.16375 -0.11396 -0.25095 -0.29148 -0.2423 -0.12809 0.042907 0.27436 0.56173 0.8346 0.98777 0.97499 0.8513 0.68283 0.48593
0.14508 -0.15442 0.17085 0.034148 -0.37414 -0.38108 0.85171 0.40293 -0.57083 -0.9265 -0.98287 0.13372 0.98636 0.64455 0.59038 0.95711 0.98868 0.83399 0.48665 -0.036024 -0.56066 -0.88668 -1 -0.9163 -0.65296 -0.30533 0.0063134 0.24997 0.43228 0.5433 0.60238 0.62621 0.5875 0.42516 0.080045 -0.19511 -0.32751 -0.36509 -0.31527 -0.2012 -0.029431 0.20549 0.50313 0.79542 0.97517 0.98745 0.88283 0.72684 0.53817
0.062213 0.083652 -0.29731 -0.41554 0.088659 -0.70891 0.97926 0.67627 -0.30285 -0.79479 -0.92952 -0.093475 0.95978 0.78347 0.72888 0.89032 0.9989 0.91006 0.61196 0.10704 -0.44242 -0.81877 -0.9897 -0.95813 -0.7361 -0.4093 -0.10088 0.14841 0.33998 0.45964 0.52508 0.5525 0.51359 0.34613 -0.0032849 -0.27406 -0.40113 -0.43568 -0.38563 -0.27239 -0.1008 0.13638 0.44282 0.7531 0.95853 0.9957 0.91051 0.7676 0.58785
-0.13816 0.23357 -0.57897 -0.70935 0.52104 -0.90406 0.9703 0.87238 -0.01119 -0.60625 -0.81954 -0.31299 0.89006 0.88986 0.8406 0.79701 0.98164 0.96287 0.72224 0.2463 -0.31741 -0.73787 -0.96424 -0.98585 -0.80863 -0.50709 -0.20573 0.04643 0.24536 0.37266 0.44407 0.47511 0.43655 0.26548 -0.085661 -0.35033 -0.47147 -0.50294 -0.45306 -0.34134 -0.17086 0.067396 0.38115 0.70795 0.93803 0.99984 0.93437 0.80505 0.63487
-0.10676 0.16219 -0.54627 -0.75881 0.82125 -0.93725 0.83079 0.97306 0.27796 -0.37642 -0.66152 -0.51379 0.78177 0.96068 0.9226 0.68088 0.93828 0.99192 0.81558 0.37914 -0.18811 -0.64575 -0.92451 -0.99956 -0.86995 -0.59775 -0.30713 -0.054896 0.14942 0.28327 0.3602 0.39478 0.35708 0.18384 -0.16655 -0.42354 -0.53817 -0.56657 -0.51727 -0.40776 -0.2393 -0.001138 0.31845 0.66026 0.91391 1 0.95443 0.83917 0.67917
0.098234 -0.049275 -0.2439 -0.56179 0.9248 -0.80898 0.58365 0.97112 0.5401 -0.12289 -0.46646 -0.68639 0.64093 0.99443 0.97308 0.54612 0.87087 0.99733 0.89055 0.50317 -0.056972 -0.5443 -0.87159 -0.99952 -0.91965 -0.68043 -0.40407 -0.15454 0.053133 0.19237 0.27427 0.31225 0.27586 0.10182 -0.24544 -0.4933 -0.60098 -0.62632 -0.57802 -0.47138 -0.30582 -0.068906 0.25506 0.61034 0.88639 0.99631 0.97075 0.86994 0.72066
0.13223 -0.20262 0.15508 -0.19471 0.81616 -0.54701 0.26448 0.87034 0.75435 0.13605 -0.24688 -0.82326 0.47464 0.99111 0.99139 0.39723 0.78192 0.97975 0.9462 0.61633 0.07368 -0.43544 -0.8067 -0.98621 -0.9575 -0.75445 -0.49566 -0.25156 -0.042583 0.10081 0.18706 0.22826 0.19356 0.020018 -0.3219 -0.5593 -0.65963 -0.682 -0.6351 -0.53196 -0.37017 -0.13562 0.19127 0.55845 0.85569 0.98891 0.98339 0.89736 0.7593
-0.034573 -0.17158 0.45027 0.21907 0.52827 -0.19955 -0.083954 0.68422 0.9049 0.38277 -0.016031 -0.919 0.29066 0.95208 0.97799 0.23889 0.67441 0.94034 0.98203 0.71688 0.20164 -0.3211 -0.73115 -0.96022 -0.98343 -0.81924 -0.5811 -0.34509 -0.13686 0.0093982 0.099317 0.14348 0.11079 -0.061024 -0.3955 -0.62126 -0.71392 -0.73342 -0.68832 -0.58931 -0.43211 -0.201 0.12737 0.5049 0.82203 0.97796 0.99241 0.92144 0.79504
-0.12309 -0.0015777 0.51306 0.55161 0.13125 0.1742 -0.41765 0.43387 0.98192 0.60142 0.21296 -0.97051 0.097076 0.87989 0.93429 0.07577 0.5516 0.88071 0.99797 0.80341 0.32487 -0.2032 -0.64635 -0.92232 -0.99752 -0.8744 -0.65972 -0.43433 -0.22891 -0.081094 0.011761 0.05857 0.028168 -0.14079 -0.46588 -0.67893 -0.7637 -0.78045 -0.73755 -0.64325 -0.49142 -0.2648 0.063657 0.44995 0.78566 0.9636 0.99792 0.94221 0.82787
-0.030761 0.15201 0.33725 0.70915 -0.28574 0.51436 -0.69682 0.1454 0.98186 0.77885 0.42776 -0.97688 -0.098104 0.77815 0.86258 -0.087574 0.41696 0.80282 0.99436 0.87484 0.44154 -0.083615 -0.55376 -0.87338 -1 -0.91964 -0.73096 -0.51859 -0.31798 -0.16995 -0.074936 -0.025833 -0.053753 -0.2188 -0.5327 -0.73213 -0.80882 -0.82298 -0.78266 -0.69362 -0.54792 -0.3268 0.00037645 0.39387 0.7468 0.94601 1 0.9597 0.85776
0.074312 0.16796 0.02553 0.65625 -0.63486 0.76979 -0.89034 -0.15291 0.90731 0.90523 0.6175 -0.93934 -0.28723 0.65127 0.76589 -0.24683 0.27404 0.7089 0.97192 0.93041 0.54999 0.035866 -0.45488 -0.81435 -0.99121 -0.9548 -0.79433 -0.59725 -0.4034 -0.2565 -0.16014 -0.10915 -0.13444 -0.29461 -0.59567 -0.78069 -0.84921 -0.86094 -0.82356 -0.74032 -0.60146 -0.38678 -0.062222 0.33692 0.70568 0.92536 0.99876 0.97396 0.88472
0.067725 0.052263 -0.2713 0.42017 -0.8476 0.90516 -0.97876 -0.43347 0.76627 0.97447 0.77319 -0.861 -0.46331 0.5043 0.64784 -0.39801 0.12641 0.60144 0.93168 0.9697 0.64882 0.15354 -0.3512 -0.74627 -0.97162 -0.97985 -0.84949 -0.66979 -0.48458 -0.34014 -0.24327 -0.19082 -0.21339 -0.36782 -0.65456 -0.82449 -0.88478 -0.89428 -0.8602 -0.78324 -0.65188 -0.44456 -0.12391 0.27934 0.66252 0.90181 0.9943 0.98505 0.90876
-0.0016985 -0.086871 -0.42705 0.077073 -0.88707 0.90503 -0.95562 -0.67179 0.57122 0.98427 0.88806 -0.7466 -0.6202 0.34265 0.51246 -0.53757 -0.022431 0.48304 0.87495 0.99257 0.73683 0.26784 -0.24421 -0.67025 -0.94179 -0.99486 -0.89618 -0.73576 -0.56097 -0.42031 -0.32379 -0.27035 -0.29016 -0.43807 -0.70914 -0.86344 -0.91552 -0.92299 -0.89253 -0.82231 -0.69907 -0.49998 -0.18447 0.22138 0.61754 0.87555 0.98676 0.99303 0.9299
-0.05366 -0.14061 -0.39099 -0.27367 -0.75267 0.77451 -0.82727 -0.84844 0.33783 0.93601 0.95778 -0.60213 -0.75283 0.17195 0.36409 -0.66242 -0.16916 0.35643 0.80328 0.99919 0.81305 0.3773 -0.13535 -0.58741 -0.90236 -1 -0.93424 -0.79481 -0.63211 -0.49652 -0.40119 -0.34727 -0.36433 -0.50502 -0.75925 -0.89749 -0.94142 -0.94708 -0.92055 -0.85748 -0.74294 -0.55288 -0.24371 0.16325 0.57096 0.84674 0.97624 0.99799 0.94816
-0.058341 -0.083285 -0.19865 -0.53851 -0.4773 0.53696 -0.61114 -0.95036 0.083648 0.83437 0.98044 -0.43457 -0.85724 -0.0022179 0.20721 -0.77003 -0.31068 0.22431 0.71841 0.98997 0.87677 0.48063 -0.02601 -0.49891 -0.85407 -0.99553 -0.9636 -0.84664 -0.6976 -0.56832 -0.47506 -0.42115 -0.43553 -0.5684 -0.80475 -0.92661 -0.9625 -0.96657 -0.94427 -0.88872 -0.78341 -0.60314 -0.30144 0.10518 0.523 0.81557 0.96289 1 0.96359
-0.0077531 0.023215 0.055093 -0.65375 -0.11839 0.22925 -0.3331 -0.97152 -0.1733 0.68684 0.9565 -0.25144 -0.93071 -0.17442 0.046278 -0.85838 -0.44414 0.089389 0.62222 0.96555 0.92745 0.57666 0.082473 -0.40591 -0.79767 -0.9818 -0.98427 -0.89107 -0.75713 -0.63534 -0.54498 -0.49163 -0.5034 -0.62795 -0.84554 -0.95082 -0.97882 -0.98153 -0.96371 -0.91604 -0.82043 -0.65064 -0.3575 0.047362 0.47385 0.78221 0.94682 0.99915 0.97623
0.066339 0.092378 0.263 -0.59898 0.25474 -0.10428 -0.024077 -0.91287 -0.41573 0.50309 0.88857 -0.060501 -0.97172 -0.33959 -0.11434 -0.92606 -0.56705 -0.04574 0.51669 0.92679 0.96482 0.66441 0.18885 -0.30956 -0.73399 -0.95923 -0.99635 -0.92796 -0.81042 -0.69724 -0.61062 -0.55835 -0.56766 -0.68346 -0.88155 -0.97013 -0.99045 -0.99202 -0.97893 -0.93943 -0.85396 -0.6953 -0.41175 -0.010004 0.42373 0.74683 0.92819 0.99553 0.98613
0.078081 0.082166 0.34983 -0.39798 0.57443 -0.41841 0.28348 -0.7818 -0.62825 0.29425 0.78117 0.1306 -0.97993 -0.49314 -0.27052 -0.97216 -0.67723 -0.1786 0.40385 0.87472 0.98878 0.74302 0.29198 -0.21098 -0.66389 -0.92831 -1 -0.95726 -0.85727 -0.75376 -0.67168 -0.62103 -0.62805 -0.73474 -0.91275 -0.98462 -0.99747 -0.99814 -0.98999 -0.95892 -0.88397 -0.73704 -0.46404 -0.066739 0.37282 0.70961 0.90711 0.98924 0.99334
-0.010207 0.017166 0.29691 -0.1085 0.78659 -0.67306 0.559 -0.59103 -0.7982 0.072215 0.64035 0.3146 -0.95613 -0.63102 -0.41845 -0.99634 -0.77291 -0.3069 0.28575 0.81053 0.99943 0.81184 0.39078 -0.11128 -0.58824 -0.88956 -0.99546 -0.97898 -0.89754 -0.80468 -0.72792 -0.67942 -0.68434 -0.78166 -0.93911 -0.99435 -1 -1 -0.99698 -0.97457 -0.91047 -0.77579 -0.51425 -0.12268 0.32131 0.67073 0.88373 0.98037 0.99795
-0.10219 -0.043208 0.14077 0.19511 0.85905 -0.838 0.77669 -0.35722 -0.91626 -0.15104 0.47332 0.48489 -0.90209 -0.74989 -0.55475 -0.99876 -0.85266 -0.42852 0.16442 0.7355 0.99703 0.87033 0.48431 -0.011495 -0.50793 -0.84358 -0.98301 -0.99318 -0.93116 -0.84983 -0.77913 -0.73329 -0.73633 -0.82411 -0.96067 -0.99944 -0.99817 -0.99772 -1 -0.98642 -0.93346 -0.81152 -0.56229 -0.17766 0.26938 0.63034 0.8582 0.96904 1
-0.074048 -0.055922 -0.04893 0.44109 0.78531 -0.89601 0.91768 -0.099451 -0.97683 -0.3641 0.28805 0.6357 -0.82046 -0.84706 -0.67644 -0.98005 -0.91548 -0.5416 0.041849 0.65104 0.98204 0.91812 0.57172 0.087372 -0.42385 -0.79097 -0.96301 -1 -0.95809 -0.8891 -0.82514 -0.78249 -0.7839 -0.86199 -0.97746 -1 -0.99212 -0.99145 -0.99915 -0.99455 -0.95297 -0.84419 -0.60805 -0.23153 0.2172 0.58862 0.83064 0.95536 0.99958
0.050579 -0.023098 -0.20023 0.57667 0.58358 -0.84393 0.9713 0.16243 -0.97808 -0.55666 0.092855 0.76227 -0.71462 -0.92061 -0.7811 -0.94124 -0.96069 -0.64449 -0.080076 0.5586 0.95502 0.95501 0.65227 0.18438 -0.33685 -0.73239 -0.93583 -0.99961 -0.97834 -0.9224 -0.86585 -0.82687 -0.8269 -0.89526 -0.98955 -0.99617 -0.982 -0.98132 -0.99456 -0.99905 -0.96904 -0.87378 -0.65145 -0.28417 0.16494 0.54573 0.80119 0.93942 0.99676
0.11834 0.018544 -0.2652 0.5782 0.29181 -0.69205 0.9355 0.40933 -0.92181 -0.71995 -0.10394 0.86093 -0.58851 -0.96933 -0.86679 -0.88374 -0.98803 -0.73583 -0.19956 0.45966 0.91668 0.98089 0.72533 0.27867 -0.24782 -0.6685 -0.90191 -0.99223 -0.992 -0.94973 -0.90116 -0.86633 -0.86526 -0.92389 -0.99703 -0.98809 -0.96799 -0.9675 -0.98636 -1 -0.98171 -0.90029 -0.69244 -0.33546 0.11275 0.50182 0.77 0.92134 0.99163
0.045108 0.032346 -0.23316 0.45349 -0.039958 -0.46184 0.81641 0.62421 -0.81309 -0.84707 -0.29439 0.9292 -0.4465 -0.99272 -0.93213 -0.80929 -0.99755 -0.81449 -0.31494 0.35574 0.86782 0.99583 0.7904 0.36943 -0.15758 -0.59997 -0.86171 -0.97812 -0.99917 -0.97108 -0.93106 -0.90081 -0.89892 -0.94789 -1 -0.97594 -0.95025 -0.95016 -0.97469 -0.99752 -0.99105 -0.92373 -0.73095 -0.38526 0.060784 0.45704 0.7372 0.90124 0.98426
-0.0777 0.010452 -0.12832 0.23706 -0.35844 -0.18259 0.62723 0.79316 -0.6597 -0.93319 -0.47119 0.96572 -0.29317 -0.99097 -0.97626 -0.71985 -0.98962 -0.87963 -0.42469 0.24833 0.80934 1 0.84706 0.45593 -0.066936 -0.52749 -0.8157 -0.9576 -1 -0.98651 -0.95551 -0.93027 -0.92785 -0.96728 -0.99858 -0.95988 -0.92898 -0.92946 -0.9597 -0.9917 -0.99712 -0.94412 -0.76694 -0.4335 0.0091764 0.41154 0.70292 0.87921 0.97474
-0.10596 -0.023766 0.0043007 -0.019935 -0.61558 0.11245 0.38651 0.90615 -0.47154 -0.97562 -0.62796 0.97027 -0.13324 -0.96488 -0.99884 -0.6176 -0.96491 -0.93063 -0.52745 0.13891 0.74221 0.99367 0.89502 0.53753 0.023345 -0.45173 -0.76441 -0.93098 -0.99468 -0.99611 -0.97456 -0.95471 -0.95205 -0.98211 -0.99292 -0.94011 -0.90436 -0.90559 -0.94154 -0.98269 -1 -0.96147 -0.80038 -0.48006 -0.041939 0.36547 0.6673 0.85538 0.96316
-0.018545 -0.037542 0.11764 -0.26203 -0.77544 0.39018 0.11627 0.95744 -0.25994 -0.9738 -0.75939 0.9437 0.028669 -0.91583 -1 -0.50485 -0.92434 -0.96715 -0.62203 0.028885 0.66745 0.97723 0.93408 0.61365 0.11254 -0.37338 -0.70834 -0.89863 -0.98341 -1 -0.98827 -0.97416 -0.97155 -0.99244 -0.98316 -0.91681 -0.87659 -0.87873 -0.92037 -0.97059 -0.99978 -0.97583 -0.83125 -0.52488 -0.092438 0.31896 0.63046 0.82986 0.94961
0.076126 -0.015599 0.17859 -0.44126 -0.81855 0.62118 -0.16019 0.94564 -0.036876 -0.92916 -0.8614 0.8878 0.18807 -0.84566 -0.98035 -0.384 -0.86905 -0.9891 -0.7074 -0.080375 0.58612 0.95114 0.96413 0.6838 0.19996 -0.29308 -0.64803 -0.86092 -0.96646 -0.99832 -0.99671 -0.98866 -0.98639 -0.99837 -0.96946 -0.89018 -0.84587 -0.84906 -0.89635 -0.95555 -0.99655 -0.98725 -0.85952 -0.56788 -0.1422 0.27214 0.59254 0.80276 0.93417
0.081687 0.028127 0.17644 -0.52606 -0.74348 0.78267 -0.42022 0.87352 0.18563 -0.84497 -0.93118 0.80519 0.3408 -0.75666 -0.94088 -0.25747 -0.80039 -0.99657 -0.78271 -0.18759 0.4993 0.91595 0.98518 0.74756 0.28497 -0.21148 -0.58401 -0.81825 -0.94408 -0.99125 -1 -0.9983 -0.99664 -1 -0.95201 -0.86044 -0.81241 -0.81679 -0.86966 -0.9377 -0.99042 -0.99577 -0.88521 -0.60899 -0.19113 0.22515 0.55365 0.77418 0.91694
