0.0072043 -0.002682 0.0064187 -0.0099024 -0.034501 -0.013183 0.022714 0.028923 -0.11981 -0.040566 0.022767 0.12854 0.056892 -0.063031 -0.028557 0.026505 0.29593 -0.3592 0.48048 -0.17727 -0.58759 -0.54711 -0.5514 -0.67313 -0.49501 0.39214 0.54375 -0.70225 0.32771 0.074409 -0.31965 0.42595 -0.40421 0.27376 -0.049654 -0.26638 0.57407 -0.78631 0.75915 -0.30842 -0.456 0.82548 -0.48006 -0.26749 0.79156 -0.58332 -0.44176 0.77224 0.35269
-0.005074 0.011176 -0.0032505 0.0086598 0.01733 -0.041338 0.015839 -0.0092366 -0.069185 0.010381 0.12655 -0.086762 0.021776 0.05333 0.086405 0.15346 -0.33475 0.4306 -0.43727 -0.37738 0.059426 0.20998 0.043836 -0.44347 -0.70526 0.24182 0.57495 -0.76706 0.58946 -0.37622 0.2676 -0.28218 0.42515 -0.63203 0.7967 -0.79462 0.54371 -0.055764 -0.52402 0.84251 -0.38839 -0.53834 0.84768 -0.3738 -0.44448 0.84629 0.0094891 -0.86884 -0.030559
0.0088033 0.0054639 0.00041632 0.024947 0.018447 -0.0084646 -0.040391 -0.020331 0.10341 -0.018538 -0.018392 -0.084651 -0.15135 0.032299 -0.096226 -0.21236 0.39471 -0.42329 -0.17103 0.43945 0.62151 0.62468 0.38663 -0.31039 -0.72086 0.41947 0.29517 -0.68394 0.79058 -0.80491 0.80964 -0.80973 0.73132 -0.48358 0.054364 0.46494 -0.80569 0.75298 -0.21456 -0.58658 0.80104 0.033914 -0.76209 0.6904 0.12559 -0.8612 0.20893 0.85599 -0.071768
0.011266 -0.0084895 0.0025182 -0.005155 0.047882 -0.034288 -0.063862 -0.038287 -0.050878 0.092069 -0.023381 0.066484 -0.0049599 -0.042583 0.137 0.11228 -0.19966 -0.22176 0.49791 0.64744 0.66902 0.70917 0.4117 -0.46766 -0.55673 0.74739 -0.37634 0.016651 0.15819 -0.17526 0.042493 0.21413 -0.55851 0.81268 -0.76078 0.2967 0.36353 -0.82123 0.66817 0.18049 -0.85772 0.28595 0.61831 -0.79192 0.00099513 0.85616 -0.21907 -0.87104 -0.030235
0.0036677 -0.0065287 0.013525 0.0070318 -0.0047537 -0.0546 0.033884 0.053502 -0.019801 0.14544 0.14178 0.12317 0.057754 0.0074382 -0.22825 0.25659 -0.4328 0.3655 0.62361 0.57686 0.6672 0.70435 0.13408 -0.74987 0.048944 0.58484 -0.79768 0.81124 -0.81 0.82872 -0.80481 0.63797 -0.22068 -0.36925 0.80649 -0.72968 0.10508 0.63491 -0.82561 0.071281 0.82626 -0.39555 -0.58553 0.79383 0.068788 -0.87987 0.039265 0.88309 0.31269
0.0014181 0.0030491 0.0041993 0.034563 -0.01402 -0.081171 0.023641 0.065812 0.022079 0.12768 0.14299 -0.090658 -0.0043475 0.11303 0.099599 -0.24651 -0.056756 0.58359 0.59309 0.60629 0.73514 0.48631 -0.45589 -0.56955 0.77306 -0.45693 0.1567 -0.046014 0.12596 -0.34617 0.64028 -0.83952 0.71113 -0.13781 -0.57582 0.85417 -0.36908 -0.49046 0.85992 -0.12816 -0.83545 0.3312 0.68245 -0.70039 -0.31285 0.85346 0.31278 -0.75441 -0.68531
0.0088255 0.0029621 -0.03269 -0.0059939 0.048691 -0.0070795 -0.0053651 -0.066505 0.056671 -0.11171 -0.19032 0.042539 -0.16027 -0.15824 0.31451 -0.44425 0.23374 0.62968 0.6516 0.72492 0.60964 -0.18528 -0.77524 0.42889 0.24182 -0.60354 0.72722 -0.72588 0.60916 -0.33129 -0.13728 0.64261 -0.8538 0.4385 0.38449 -0.8682 0.44499 0.48557 -0.85559 0.0047259 0.87811 -0.093075 -0.83522 0.43466 0.6556 -0.62007 -0.7229 0.32782 0.9004
0.014697 -0.0072971 -0.0084369 0.036207 0.056806 0.02149 0.025033 -0.078952 0.11063 -0.10619 0.16581 -0.026164 0.19625 -0.18425 0.16939 -0.41739 0.30966 0.63644 0.69859 0.58462 -0.081104 -0.79338 0.098597 0.64773 -0.83074 0.78002 -0.75528 0.81012 -0.85173 0.71176 -0.25344 -0.41191 0.85693 -0.5505 -0.33897 0.87547 -0.36471 -0.61524 0.7842 0.2818 -0.84639 -0.30859 0.87425 0.058275 -0.88811 0.071013 0.89593 0.36422 -0.61863
-0.00031991 0.0010518 0.035653 -0.037548 0.028961 0.031096 0.024724 -0.026995 -0.061725 0.17972 -0.13205 0.070033 0.22495 -0.0023952 0.0054603 -0.42473 0.1768 0.45625 0.35918 -0.1771 -0.78812 -0.04749 0.78023 -0.71851 0.42176 -0.27124 0.31694 -0.53398 0.79208 -0.84112 0.44746 0.30412 -0.85736 0.5222 0.44594 -0.86534 0.12083 0.80403 -0.54542 -0.65333 0.57706 0.74082 -0.57939 -0.64171 0.69679 0.62023 -0.49503 -0.8845 -0.20094
0.0078438 0.0014812 -0.014363 -0.01104 0.017607 -0.025653 0.014698 0.024331 -0.071052 -0.15667 0.025556 -0.10345 0.0047229 0.14322 -0.028029 -0.52314 -0.20754 -0.13208 -0.47094 -0.78485 -0.023595 0.80415 -0.59047 0.08788 0.21491 -0.26082 0.10239 0.25429 -0.68628 0.86954 -0.48343 -0.34926 0.87823 -0.35163 -0.66039 0.74247 0.28118 -0.88647 0.061476 0.89151 0.01015 -0.88408 -0.10785 0.8938 0.033437 -0.89469 -0.38708 0.61023 0.88576
0.00046835 -0.016097 -0.031897 -0.023886 -0.035984 -0.085792 0.075606 0.0054741 0.11784 0.034749 0.066956 -0.14598 -0.17078 0.18976 0.10562 -0.5534 -0.63931 -0.72081 -0.64679 0.17854 0.78255 -0.57271 -0.06597 0.48194 -0.62449 0.57632 -0.34718 -0.10917 0.65723 -0.87212 0.38129 0.5266 -0.85293 0.013481 0.8617 -0.38616 -0.71887 0.64101 0.5569 -0.68497 -0.68591 0.42224 0.79566 -0.40032 -0.80317 0.281 0.91335 0.39497 -0.51487
0.0084839 0.010636 -0.0057565 0.013786 0.066413 -0.10405 0.12304 0.039189 -0.061097 0.14107 0.023296 -0.04053 -0.23594 0.11453 0.38312 -0.18675 -0.40693 -0.16695 0.54061 0.67016 -0.65415 -0.044297 0.56455 -0.76592 0.79849 -0.71061 0.42908 0.12019 -0.72542 0.83304 -0.12617 -0.76206 0.6565 0.45286 -0.83784 -0.21396 0.89274 0.014519 -0.90111 -0.056369 0.87198 0.469 -0.75643 -0.55975 0.7036 0.71391 -0.28152 -0.90594 -0.6134
0.011491 0.014196 0.041963 0.016212 -0.042911 -0.082506 -0.058734 -0.081509 -0.11097 -0.084358 0.035424 0.054395 -0.17956 -0.12814 0.53757 0.50901 0.55401 0.76865 0.31362 -0.78659 0.11555 0.51651 -0.79318 0.85785 -0.85181 0.73604 -0.37334 -0.2773 0.8422 -0.67041 -0.27684 0.89442 -0.18923 -0.84204 0.39327 0.78742 -0.48958 -0.73862 0.5149 0.81326 -0.18047 -0.90408 -0.18494 0.86219 0.34832 -0.73552 -0.79403 0.015448 0.77056
0.0092428 0.0083942 7.4191e-05 0.018752 -0.036597 0.024186 -0.025287 0.083003 0.20665 -0.10698 0.064399 0.069121 0.050144 -0.4403 0.10041 0.43633 0.34752 -0.3055 -0.79656 0.40735 0.35029 -0.75007 0.86359 -0.879 0.85617 -0.67258 0.17613 0.54407 -0.89065 0.29304 0.71114 -0.70213 -0.45982 0.80401 0.37743 -0.82212 -0.37648 0.82135 0.43849 -0.69963 -0.77095 0.18463 0.91217 0.082921 -0.89981 -0.42563 0.56171 0.9195 0.46601
-0.024025 0.013319 0.0010913 -0.054675 0.0078233 0.056526 0.034007 0.025271 0.064605 -0.029419 0.10031 -0.03525 0.41147 -0.37178 -0.58369 -0.58779 -0.75394 -0.39971 0.74296 0.027035 -0.61567 0.83516 -0.88023 0.88153 -0.80989 0.48649 0.16662 -0.81546 0.70515 0.28359 -0.89945 0.083804 0.89259 -0.14991 -0.89995 0.073875 0.91059 0.029848 -0.90359 -0.34353 0.67802 0.83475 -0.23321 -0.91611 -0.079757 0.84726 0.71401 -0.10201 -0.78979
-0.016211 -0.011983 -0.0099727 0.031798 0.044768 -0.057878 -0.012922 -0.18675 -0.11791 0.019235 0.15752 -0.2684 0.50526 0.30484 -0.092423 -0.10065 0.41956 0.77245 -0.45923 -0.32347 0.72905 -0.85511 0.87743 -0.84494 0.65368 -0.13281 -0.5888 0.89067 -0.18135 -0.80703 0.54561 0.66836 -0.61838 -0.70083 0.52201 0.80529 -0.34852 -0.88065 0.10766 0.9059 0.49126 -0.49021 -0.86446 0.10276 0.92122 0.37821 -0.56039 -0.92969 -0.57055
-0.029651 0.009688 -0.0066317 0.03403 0.042958 0.066853 0.01507 0.014166 -0.14429 0.040293 0.21346 -0.45186 -0.10726 0.44951 0.64535 0.65048 0.12529 -0.81449 0.19326 0.46771 -0.75032 0.83166 -0.82275 0.69534 -0.3139 -0.36235 0.88862 -0.55528 -0.52537 0.83337 0.2833 -0.87546 -0.30601 0.81834 0.51433 -0.66184 -0.7278 0.43553 0.88117 0.034094 -0.82131 -0.75537 0.33123 0.91959 0.10956 -0.81208 -0.80428 -0.10425 0.62692
-0.003673 0.02159 -0.031066 0.011494 -0.066271 -0.07459 -0.057187 0.19713 -0.10485 0.068292 0.15962 -0.18107 -0.60781 -0.4954 -0.47899 -0.71581 -0.52342 0.71804 -0.040977 -0.48884 0.69337 -0.7282 0.63856 -0.34951 -0.21043 0.81 -0.77411 -0.17692 0.91401 -0.14069 -0.89833 0.14346 0.91539 0.12039 -0.87283 -0.47345 0.68139 0.74688 -0.34246 -0.9247 -0.41349 0.51268 0.88389 0.0036431 -0.90072 -0.57516 0.31358 0.8856 0.82493
-0.014314 0.0061516 0.022093 0.0024672 -0.037391 0.033686 -0.0069461 0.19788 -0.064098 0.11695 -0.10912 0.45122 0.24638 -0.065982 -0.026377 0.48924 0.72447 -0.62916 0.019114 0.39627 -0.52711 0.47648 -0.25231 -0.19352 0.73933 -0.87126 0.12037 0.8392 -0.49388 -0.74502 0.51582 0.80439 -0.3002 -0.91418 -0.12257 0.8508 0.55371 -0.58098 -0.85511 -0.012871 0.803 0.82012 -0.16085 -0.91576 -0.39635 0.58894 0.93284 0.53382 -0.17635
0.031331 0.012239 -0.0097465 -0.039469 0.068326 0.086249 0.12743 0.13878 -0.028843 0.13244 -0.34668 0.27347 0.46628 0.54527 0.45204 -0.21589 -0.80274 0.61296 -0.12414 -0.17599 0.2077 -0.035867 -0.30738 0.74052 -0.90543 0.31644 0.69327 -0.74028 -0.48889 0.77947 0.56215 -0.64004 -0.79157 0.24002 0.92586 0.30579 -0.75325 -0.73349 0.30367 0.92453 0.56889 -0.29623 -0.93164 -0.35817 0.71614 0.86352 0.20554 -0.55205 -0.9269
0.031407 0.012982 -0.023839 -0.070369 -0.044714 -0.13756 0.13364 0.106 0.00024099 -0.0046859 -0.012516 -0.58119 -0.69076 -0.67351 -0.67729 0.019296 0.82794 -0.67927 0.34333 -0.17565 0.25742 -0.51243 0.81156 -0.90618 0.41625 0.56139 -0.86674 -0.20022 0.90637 0.24965 -0.84381 -0.5414 0.57333 0.87157 -0.0083855 -0.87409 -0.57949 0.50114 0.91103 0.25063 -0.6141 -0.92937 -0.25896 0.72476 0.79319 -0.052126 -0.78294 -0.91571 -0.52335
0.033129 -0.0071742 -0.052438 0.012488 0.01184 -0.072227 0.055517 0.11088 -0.010555 -0.23983 0.42695 0.12675 0.42343 0.55717 0.75864 0.067746 -0.82447 0.79694 -0.63028 0.59354 -0.73012 0.8989 -0.87234 0.39778 0.48578 -0.9151 0.04049 0.92302 -0.06189 -0.92785 -0.24387 0.80545 0.6968 -0.31885 -0.9313 -0.38281 0.65638 0.85341 -0.016058 -0.82271 -0.83731 -0.17634 0.77508 0.79975 -0.17675 -0.887 -0.79756 -0.19423 0.46672
0.0061352 0.00059254 -0.0034251 0.0021854 0.00046889 0.086508 -0.010113 0.12678 -0.095166 -0.12921 -0.18062 0.44397 -0.0033817 -0.37157 -0.78094 -0.043719 0.7701 -0.88961 0.86947 -0.89546 0.92399 -0.76837 0.26554 0.51313 -0.92995 0.19681 0.87223 -0.33704 -0.90086 0.069222 0.91511 0.43745 -0.60511 -0.89153 -0.11948 0.78932 0.77008 -0.1864 -0.91069 -0.65626 0.14163 0.80937 0.77122 -0.14084 -0.91496 -0.66636 0.088869 0.72417 0.94668
-0.021068 0.0023497 0.011282 0.023652 0.049293 0.13201 -0.025528 0.11071 -0.13861 0.31836 -0.31607 -0.68752 -0.34034 0.22525 0.79578 -0.089585 -0.60909 0.83689 -0.87573 0.82272 -0.56693 0.032088 0.63066 -0.92914 0.27083 0.81288 -0.52992 -0.79898 0.34526 0.92636 0.15809 -0.80904 -0.75588 0.157 0.89724 0.64854 -0.33523 -0.93485 -0.47754 0.41781 0.91893 0.749 -0.17571 -0.89972 -0.60678 0.27336 0.86435 0.89439 0.49818
0.01206 0.0068631 0.027826 -0.043377 -0.098635 0.11296 0.015156 0.045607 0.071223 0.035151 0.53792 0.61283 0.55161 -0.16133 -0.8115 0.32207 0.28503 -0.51927 0.48892 -0.24281 -0.25602 0.78679 -0.90175 0.23179 0.77988 -0.64022 -0.67543 0.57023 0.85293 -0.12777 -0.91318 -0.54467 0.43813 0.93547 0.45895 -0.49015 -0.93647 -0.36054 0.59199 0.93869 0.55118 -0.19555 -0.90646 -0.66476 0.32994 0.91869 0.78685 0.22773 -0.38697
0.031367 -0.024479 0.073437 0.06927 -0.041924 0.096626 0.10126 -0.0094207 0.23993 -0.39633 -0.415 -0.39999 -0.6577 0.19101 0.79682 -0.60799 0.19598 -0.069662 0.22933 -0.57199 0.90572 -0.81243 0.085177 0.80642 -0.68824 -0.57998 0.71623 0.72457 -0.37786 -0.93807 -0.30711 0.66956 0.8995 0.23144 -0.66576 -0.91381 -0.24869 0.67726 0.90568 0.32873 -0.44126 -0.90818 -0.66917 0.23695 0.92694 0.69337 0.0054366 -0.61998 -0.92921
0.0010451 -0.011228 0.042338 -0.093647 0.10443 0.096685 0.18131 -0.0013951 -0.16255 0.38591 0.13253 0.1923 0.6942 -0.312 -0.68922 0.83576 -0.69039 0.69681 -0.85239 0.93957 -0.63941 -0.14497 0.87584 -0.65849 -0.5335 0.79454 0.59042 -0.58433 -0.88939 -0.049289 0.82439 0.78601 -0.035375 -0.80676 -0.84454 -0.11123 0.7463 0.87509 0.16123 -0.63598 -0.94551 -0.68085 0.21748 0.89733 0.676 -0.12689 -0.76224 -0.95083 -0.74155
-0.002214 -0.0096423 -0.020062 0.061307 0.12248 0.094483 0.1598 -0.030459 -0.20315 -0.097367 0.14201 -0.05619 -0.67314 0.5048 0.42019 -0.83384 0.90911 -0.91631 0.7951 -0.36342 -0.40219 0.93977 -0.54802 -0.57254 0.82797 0.49213 -0.72042 -0.78911 0.19192 0.91977 0.62579 -0.29525 -0.90986 -0.72428 0.083325 0.81826 0.83946 0.077917 -0.74442 -0.9243 -0.50347 0.18751 0.88752 0.76069 -0.13509 -0.82593 -0.92221 -0.56634 -0.027605
0.026052 0.0051248 -0.018795 0.025255 0.06018 0.054822 0.0060021 -0.079428 0.39178 -0.23069 -0.33925 0.011365 0.57807 -0.7142 0.028379 0.46149 -0.5829 0.41093 0.054239 -0.66334 0.94524 -0.35809 -0.6814 0.80804 0.44411 -0.79505 -0.67731 0.40757 0.94702 0.42396 -0.51081 -0.94519 -0.545 0.28649 0.89583 0.78218 0.0014642 -0.78715 -0.88196 -0.31581 0.39371 0.87167 0.79182 0.0098799 -0.82207 -0.8905 -0.41528 0.20016 0.6865
0.025363 0.0056223 -0.021354 -0.013726 0.0067651 -0.047266 -0.11597 0.099105 -0.25682 0.46212 0.45533 -0.061652 -0.37531 0.83371 -0.5476 0.21737 -0.2128 0.51597 -0.88417 0.86466 -0.11845 -0.81472 0.72918 0.48278 -0.82845 -0.59181 0.56238 0.92042 0.20878 -0.69722 -0.9177 -0.32894 0.5031 0.9387 0.67413 -0.10177 -0.8228 -0.85993 -0.18704 0.56392 0.93318 0.82348 0.074105 -0.73094 -0.89653 -0.3334 0.35694 0.81838 0.95693
0.012446 -0.028375 0.057339 -0.023033 -0.015271 -0.15938 -0.044957 0.069506 -0.04252 -0.58261 -0.50521 0.20597 0.042166 -0.72458 0.87184 -0.81425 0.87724 -0.93564 0.63167 0.16735 -0.91456 0.58512 0.5938 -0.81109 -0.547 0.65494 0.86374 -0.0081674 -0.83063 -0.8363 -0.112 0.68874 0.94121 0.5279 -0.26197 -0.86644 -0.83706 -0.13992 0.65773 0.95177 0.71234 0.14439 -0.68142 -0.93912 -0.36314 0.4263 0.88708 0.92997 0.66812
-0.047912 -0.041833 -0.051584 -0.073774 -0.02158 -0.12338 0.043894 -0.22749 0.32082 0.63337 0.49551 -0.42986 0.38711 0.30062 -0.70155 0.79558 -0.68853 0.24158 0.50733 -0.96148 0.39357 0.73606 -0.7396 -0.57747 0.70058 0.81041 -0.18274 -0.9166 -0.71094 0.11732 0.82077 0.88743 0.33143 -0.42965 -0.91992 -0.7953 -0.095729 0.68554 0.94482 0.58536 -0.036998 -0.62244 -0.95152 -0.52466 0.38622 0.90886 0.8877 0.51854 0.027335
0.039613 0.00039758 0.021343 -0.088802 -0.035121 0.11396 0.018055 0.21573 -0.49892 -0.65892 -0.41614 0.68424 -0.77684 0.3368 0.0018454 -0.025524 -0.29828 0.7996 -0.90502 0.15194 0.85513 -0.61193 -0.66985 0.68182 0.77803 -0.29868 -0.95253 -0.55318 0.3295 0.91433 0.79074 0.11241 -0.61119 -0.94768 -0.70709 -0.020167 0.71115 0.94202 0.50077 -0.20158 -0.74318 -0.95445 -0.6051 0.20206 0.88948 0.86532 0.40611 -0.15298 -0.61033
-0.011444 0.012692 -0.020287 -0.053038 -0.06834 0.20893 0.026063 -0.057359 0.58571 0.68542 0.24581 -0.86639 0.89978 -0.83007 0.75363 -0.81424 0.94423 -0.70063 -0.17145 0.94079 -0.44808 -0.78652 0.60084 0.79512 -0.36305 -0.96022 -0.40315 0.52156 0.95445 0.64929 -0.096421 -0.76462 -0.94323 -0.58334 0.11956 0.75585 0.93884 0.4836 -0.29295 -0.83238 -0.94617 -0.68076 0.095761 0.79488 0.89024 0.36548 -0.26928 -0.73236 -0.94469
0.014417 -0.051067 0.061537 -0.011953 -0.096579 -0.11041 -0.072067 -0.14321 -0.62248 -0.71549 0.028843 0.8317 -0.56267 0.74183 -0.82012 0.72015 -0.29323 -0.50867 0.96255 -0.24579 -0.88032 0.46756 0.85123 -0.34672 -0.95945 -0.28948 0.66163 0.94748 0.47776 -0.31193 -0.87035 -0.88998 -0.40969 0.27759 0.83143 0.92701 0.46615 -0.30585 -0.87165 -0.91427 -0.56416 -0.014447 0.72581 0.94566 0.43209 -0.30242 -0.79937 -0.96229 -0.85543
0.065331 0.023243 -0.007388 0.0036596 -0.047654 -0.20608 0.014085 0.30913 0.64663 0.72731 -0.38097 -0.46778 -0.16864 0.0016083 -0.012804 0.32484 -0.81846 0.87491 0.032468 -0.948 0.31362 0.91627 -0.25822 -0.96392 -0.21709 0.74971 0.9062 0.28321 -0.50555 -0.94076 -0.798 -0.20855 0.46392 0.8962 0.88916 0.41734 -0.32004 -0.87525 -0.88744 -0.44412 0.133 0.64371 0.95874 0.61637 -0.2232 -0.81322 -0.9602 -0.77484 -0.41681
0.006114 -0.018665 -0.12074 -0.0098009 0.10523 0.22083 0.11113 -0.41849 -0.67796 -0.67641 0.71037 -0.17347 0.83365 -0.79073 0.86735 -0.93608 0.61905 0.33577 -0.96996 0.13773 0.95748 -0.12208 -0.97061 -0.22282 0.80117 0.85742 0.10761 -0.6757 -0.96074 -0.66163 -0.009362 0.63694 0.9473 0.81982 0.30359 -0.36748 -0.88002 -0.88832 -0.37776 0.26567 0.74178 0.95414 0.71314 0.004119 -0.76096 -0.95784 -0.7165 -0.28179 0.17091
-0.058837 0.0459 -0.0019106 -0.037736 0.18654 0.031197 -0.21538 0.48402 0.71513 0.50686 -0.84336 0.7799 -0.81931 0.74274 -0.59245 0.11294 0.66054 -0.91456 -0.097233 0.97656 0.016646 -0.96656 -0.29599 0.80529 0.81724 -0.026068 -0.79511 -0.93373 -0.49243 0.20603 0.77222 0.95689 0.70506 0.15838 -0.47541 -0.89821 -0.88827 -0.38307 0.32996 0.81785 0.96048 0.79541 0.14347 -0.59475 -0.96195 -0.70846 -0.19874 0.3044 0.68148
-0.036701 -0.057042 0.074968 -0.049006 -0.016552 -0.23874 0.2526 -0.52758 -0.73433 -0.18163 0.6107 -0.88894 -0.0035183 0.21976 -0.55188 0.91403 -0.73591 -0.34544 0.95465 0.16054 -0.94466 -0.4047 0.76942 0.81438 -0.11923 -0.868 -0.87315 -0.29512 0.40954 0.88335 0.92359 0.55089 -0.033443 -0.59562 -0.93401 -0.87285 -0.38467 0.32054 0.8488 0.94952 0.71712 0.279 -0.47458 -0.93111 -0.77405 -0.19427 0.37878 0.768 0.94746
-0.057243 0.044569 0.018739 -0.0096714 -0.22183 0.25855 -0.22954 0.56464 0.69042 -0.26697 -0.0086656 0.27896 0.8625 -0.92372 0.86216 -0.34336 -0.62098 0.87994 0.34324 -0.90875 -0.5011 0.70578 0.84539 -0.13818 -0.91094 -0.80506 -0.11068 0.5981 0.9483 0.84439 0.37901 -0.23693 -0.73405 -0.95594 -0.8214 -0.3503 0.31595 0.84257 0.93846 0.63318 0.15886 -0.3441 -0.88341 -0.89463 -0.30052 0.3768 0.81076 0.96488 0.90435
-0.043735 -0.00085821 -0.044514 0.064107 0.025541 -0.14654 0.17675 -0.59721 -0.52735 0.69194 -0.6613 0.62849 -0.71041 0.30793 0.26166 -0.87538 0.71592 0.52245 -0.8325 -0.59107 0.64032 0.88989 -0.094703 -0.92319 -0.74394 0.037654 0.73895 0.96663 0.71998 0.1723 -0.42266 -0.85027 -0.95671 -0.73766 -0.24644 0.34864 0.8393 0.94336 0.59196 0.045108 -0.45284 -0.81363 -0.94231 -0.52952 0.26727 0.80597 0.96839 0.85562 0.59104
-0.026222 -0.057881 -0.053278 0.064889 0.20632 0.0055487 -0.12453 0.61056 0.20716 -0.85011 0.88167 -0.93032 -0.38675 0.8045 -0.93994 0.38446 0.71804 -0.72682 -0.69851 0.57464 0.92059 -0.019198 -0.91449 -0.72264 0.15096 0.83153 0.94035 0.55251 -0.046305 -0.60846 -0.92592 -0.91548 -0.60549 -0.1089 0.44721 0.8553 0.94697 0.61016 -0.0043683 -0.54773 -0.87026 -0.9635 -0.65831 0.010301 0.73214 0.96753 0.82584 0.49774 0.11881
0.0831 0.047173 -0.033136 -0.079966 -0.13247 0.10493 0.094665 -0.57298 0.24161 0.54174 -0.34651 0.1765 0.96146 -0.60243 -0.133 0.90075 -0.55591 -0.79231 0.47218 0.9453 0.040663 -0.89417 -0.73942 0.19595 0.89082 0.8913 0.37683 -0.27262 -0.76461 -0.9665 -0.83556 -0.43536 0.078062 0.56391 0.90032 0.94209 0.6226 0.021427 -0.5849 -0.91194 -0.95234 -0.76563 -0.15637 0.53352 0.95622 0.83451 0.44885 0.01112 -0.37303
0.043989 0.040468 -0.022393 -0.1708 -0.073201 -0.17302 -0.1016 0.44242 -0.67956 0.16195 -0.56322 0.82718 -0.073644 -0.66583 0.95477 -0.25592 -0.88846 0.36347 0.96738 0.088765 -0.8768 -0.77369 0.18566 0.91461 0.83533 0.21988 -0.46459 -0.88643 -0.95455 -0.70645 -0.24991 0.27885 0.70543 0.93911 0.91556 0.60229 0.039097 -0.56238 -0.92505 -0.93048 -0.69656 -0.31456 0.38379 0.87946 0.89233 0.46842 -0.040745 -0.46619 -0.75884
-0.091929 -0.012854 -0.037505 0.044877 0.1593 0.20927 0.15494 -0.18628 0.86992 -0.80206 0.90966 -0.73584 -0.95119 0.71346 0.18233 -0.96093 0.20782 0.9791 0.16289 -0.86681 -0.79165 0.15146 0.91718 0.8032 0.086046 -0.60969 -0.95358 -0.88732 -0.53375 -0.029659 0.46402 0.8299 0.96578 0.86105 0.51952 0.013759 -0.54685 -0.91641 -0.91855 -0.62384 -0.2149 0.22576 0.79419 0.96099 0.58118 -0.013876 -0.50775 -0.81674 -0.95529
-0.034503 -0.040261 -0.067748 0.21671 -0.09694 -0.22695 -0.25858 -0.18325 -0.60497 0.78811 -0.1872 -0.43502 0.34219 0.63129 -0.93356 -0.04592 0.98094 0.22717 -0.84015 -0.80022 0.14069 0.91284 0.79851 0.012972 -0.71757 -0.97622 -0.77942 -0.31891 0.19965 0.64989 0.91602 0.95283 0.76298 0.39895 -0.088121 -0.567 -0.91038 -0.9292 -0.59437 -0.11867 0.32297 0.68534 0.96653 0.77628 0.12451 -0.48088 -0.84024 -0.96856 -0.93319
0.071483 -0.085581 -0.080916 -0.085237 -0.0053464 0.2338 0.40451 0.57134 -0.077969 -0.0027441 -0.80667 0.95051 0.89912 -0.69866 -0.39228 0.94042 0.32239 -0.8183 -0.8167 0.15106 0.91626 0.80631 -0.010318 -0.77383 -0.97074 -0.65684 -0.10251 0.43192 0.80436 0.96753 0.89716 0.62078 0.22258 -0.22206 -0.64681 -0.91879 -0.9365 -0.62228 -0.083212 0.4117 0.75208 0.93929 0.87218 0.39416 -0.35216 -0.82176 -0.97216 -0.9036 -0.71436
-0.078777 -0.041886 -0.054866 -0.17587 0.058748 -0.23041 -0.56254 -0.79613 0.7643 -0.82929 0.70855 0.10262 -0.42626 -0.71848 0.81413 0.4849 -0.77739 -0.82321 0.1442 0.93022 0.79508 -0.016095 -0.79683 -0.95685 -0.53194 0.089525 0.62418 0.91896 0.96254 0.78807 0.45078 0.016772 -0.40052 -0.74026 -0.94724 -0.93154 -0.64155 -0.11993 0.44192 0.80824 0.9594 0.93469 0.55586 -0.075818 -0.73447 -0.96886 -0.89024 -0.65222 -0.35803
0.096099 0.016109 -0.029858 0.18176 -0.044413 0.21086 0.67213 0.66381 -0.86236 0.72328 0.45049 -0.98993 -0.90386 0.55532 0.70259 -0.67446 -0.84296 0.15753 0.93503 0.76852 -0.053702 -0.81119 -0.9475 -0.44452 0.25594 0.76547 0.97215 0.89447 0.62495 0.2337 -0.18992 -0.58139 -0.84899 -0.96559 -0.89995 -0.626 -0.14533 0.40792 0.8254 0.96974 0.90613 0.69225 0.1117 -0.51704 -0.9439 -0.90533 -0.6277 -0.27844 0.057415
-0.11322 0.012522 -0.085479 -0.0098569 -0.014103 -0.16443 -0.64847 -0.12991 0.15951 0.31113 -0.92218 0.062548 0.35102 0.87612 -0.49211 -0.88955 0.15018 0.94693 0.74382 -0.12087 -0.84191 -0.94138 -0.39286 0.36367 0.86567 0.97386 0.77472 0.40716 -0.009016 -0.41558 -0.73561 -0.93184 -0.96399 -0.83791 -0.54657 -0.12472 0.38437 0.80468 0.97071 0.87071 0.62518 0.28846 -0.34785 -0.83385 -0.94896 -0.65996 -0.24945 0.13833 0.45258
0.063006 -0.014491 -0.16726 -0.10558 0.087536 0.079235 0.41722 -0.55063 0.74829 -0.95448 -0.14599 0.99215 0.96341 -0.24187 -0.9574 0.074466 0.95314 0.69882 -0.17984 -0.88714 -0.91893 -0.35076 0.42864 0.91957 0.93941 0.62918 0.17382 -0.27043 -0.62574 -0.87152 -0.97049 -0.91759 -0.72776 -0.42648 -0.024041 0.40369 0.79021 0.96965 0.85689 0.55529 0.20095 -0.17199 -0.72069 -0.96887 -0.76383 -0.29365 0.1658 0.52074 0.76142
-0.13464 -0.027179 -0.043942 0.10679 -0.15832 0.050661 0.020077 0.87802 -0.85579 0.21608 0.97355 -0.055976 -0.11486 -0.97826 -0.075582 0.93591 0.66066 -0.26819 -0.92052 -0.87812 -0.26972 0.48409 0.94798 0.89473 0.47098 -0.045732 -0.50189 -0.80792 -0.95594 -0.95996 -0.82553 -0.56971 -0.24669 0.11443 0.4944 0.80282 0.96851 0.87608 0.53132 0.11472 -0.25928 -0.58455 -0.93548 -0.9085 -0.43785 0.11758 0.54236 0.8068 0.94021
0.059233 -0.033926 0.23889 -0.075432 0.22148 -0.21411 -0.52126 -0.48361 -0.079302 0.8779 -0.0062829 -0.99945 -0.99773 -0.24599 0.90152 0.66196 -0.3461 -0.95757 -0.82477 -0.15015 0.57085 0.96967 0.85356 0.34262 -0.24617 -0.68403 -0.92567 -0.97582 -0.88185 -0.67192 -0.38066 -0.032292 0.30452 0.60833 0.85723 0.97108 0.88856 0.56596 0.086877 -0.34189 -0.65313 -0.86731 -0.96115 -0.67836 -0.040399 0.49898 0.82021 0.95771 0.97096
0.12824 -0.053245 0.16381 0.080826 -0.27883 0.37151 0.81058 -0.39732 0.9436 -0.54813 -0.98315 -0.11139 -0.27546 0.83515 0.71688 -0.36973 -0.98133 -0.73802 -0.026114 0.68279 0.98861 0.80887 0.2431 -0.39131 -0.82121 -0.97837 -0.92284 -0.72839 -0.46063 -0.14057 0.18765 0.50433 0.7495 0.91332 0.97443 0.88038 0.58866 0.1285 -0.36728 -0.71479 -0.90424 -0.97393 -0.80645 -0.33206 0.35491 0.78969 0.96246 0.96028 0.85989
-0.18752 -0.08037 -0.23192 -0.12622 0.33248 -0.453 -0.62613 0.92251 -0.5065 -0.73787 -0.003047 0.97084 0.866 0.7665 -0.34271 -0.9842 -0.63786 0.13899 0.78097 0.99404 0.72559 0.1444 -0.4964 -0.90215 -0.978 -0.81584 -0.52342 -0.19344 0.12518 0.42935 0.68178 0.87197 0.96399 0.95726 0.83211 0.5716 0.15567 -0.32831 -0.73263 -0.93336 -0.97354 -0.89697 -0.51184 0.062923 0.68347 0.95053 0.95736 0.82476 0.63261
-0.0054554 -0.078625 -0.14118 0.17991 -0.37944 0.38019 -0.025872 -0.43586 -0.69931 0.70094 0.98811 0.41636 0.72696 -0.30512 -0.99171 -0.56042 0.30278 0.88388 0.96842 0.59545 -0.0038332 -0.59408 -0.94884 -0.94403 -0.67006 -0.29839 0.082182 0.40461 0.65415 0.84323 0.95027 0.97251 0.90343 0.74645 0.48406 0.13356 -0.30304 -0.70474 -0.94047 -0.96569 -0.86086 -0.663 -0.13722 0.4389 0.8988 0.96666 0.81606 0.57957 0.32741
0.2031 -0.002232 0.20187 -0.21504 0.40762 -0.11859 0.71902 -0.60551 0.82443 0.66657 0.16534 -0.80664 -0.43383 -0.98623 -0.52657 0.4188 0.95716 0.89655 0.43529 -0.19872 -0.71777 -0.98093 -0.89504 -0.52718 -0.066712 0.33361 0.64361 0.84318 0.94925 0.9788 0.9274 0.79552 0.60278 0.35168 0.027804 -0.32531 -0.68676 -0.92914 -0.96112 -0.81866 -0.59878 -0.32253 0.2512 0.73898 0.97686 0.84588 0.56735 0.2645 -0.011824
-0.015544 0.13764 0.058226 0.22481 -0.39407 -0.25837 -0.83112 0.89973 0.42151 -0.72871 -0.95016 -0.77587 -1 -0.48001 0.49563 0.9848 0.77816 0.21113 -0.39668 -0.85076 -0.99484 -0.82825 -0.3945 0.12549 0.55347 0.82012 0.95466 0.98022 0.92987 0.8132 0.63927 0.40757 0.15501 -0.11932 -0.4251 -0.70425 -0.92173 -0.96807 -0.80356 -0.53059 -0.24181 0.062228 0.5926 0.92413 0.9161 0.61401 0.25098 -0.076306 -0.34207
-0.082408 0.21182 -0.12525 -0.21855 0.30845 0.54964 0.14126 0.048467 -0.94814 -0.70266 -0.45633 0.40376 -0.27057 0.57161 0.99982 0.64299 -0.038102 -0.62017 -0.94658 -0.96732 -0.70601 -0.24947 0.28486 0.71026 0.93517 0.98519 0.92125 0.7901 0.6228 0.41465 0.18245 -0.077173 -0.32103 -0.55311 -0.77627 -0.93045 -0.97197 -0.82681 -0.50773 -0.15965 0.14615 0.42913 0.84006 0.97617 0.73416 0.30854 -0.089274 -0.40058 -0.62622
-0.28905 0.069312 -0.08772 0.21277 -0.12525 -0.51793 0.74202 -0.9546 -0.2507 0.64803 0.77792 1 0.78555 0.98518 0.52109 -0.25611 -0.81189 -0.99715 -0.87632 -0.51282 -0.042387 0.44189 0.82159 0.9847 0.94441 0.78958 0.57707 0.35433 0.13787 -0.090738 -0.31255 -0.533 -0.71293 -0.85698 -0.95956 -0.96957 -0.84044 -0.54248 -0.13288 0.22893 0.50349 0.72564 0.96524 0.89711 0.46259 -0.027962 -0.41164 -0.6727 -0.83647
-0.0064843 -0.17459 0.24371 -0.22465 -0.15336 0.091133 -0.82359 0.39607 0.98181 0.82663 0.79435 0.22874 0.89953 0.35906 -0.43878 -0.92818 -0.96321 -0.69051 -0.26695 0.22175 0.63087 0.91166 0.99067 0.85792 0.60149 0.32433 0.053486 -0.17952 -0.3762 -0.56189 -0.71977 -0.85473 -0.93939 -0.97585 -0.94973 -0.82662 -0.56258 -0.17271 0.25536 0.57432 0.77993 0.91498 0.95958 0.7058 0.1406 -0.35396 -0.68104 -0.86676 -0.95594
0.058338 -0.12124 -0.10948 0.26864 0.47072 0.47008 -0.10382 0.82421 0.22294 -0.43436 -0.37876 -0.83324 -0.0087604 -0.62124 -0.99326 -0.84765 -0.41938 0.059582 0.48915 0.82396 0.98166 0.96122 0.7447 0.404 0.051099 -0.2391 -0.47624 -0.65109 -0.77866 -0.88162 -0.9479 -0.9789 -0.96325 -0.89801 -0.76123 -0.53912 -0.19525 0.21712 0.59641 0.82877 0.94219 0.97899 0.83244 0.433 -0.19085 -0.63363 -0.87205 -0.96792 -0.97883
0.21043 0.20591 -0.23531 -0.35425 -0.7043 -0.67303 0.93307 -0.65135 -0.97444 -0.96553 -1 -0.8389 -0.89607 -0.99064 -0.68871 -0.11891 0.40438 0.75992 0.95611 0.99193 0.86462 0.59513 0.20744 -0.18958 -0.50605 -0.71596 -0.85532 -0.9343 -0.97275 -0.9822 -0.95651 -0.89162 -0.79272 -0.65102 -0.43966 -0.16566 0.19607 0.56553 0.84323 0.96259 0.97605 0.91768 0.60724 0.11583 -0.49416 -0.84013 -0.97021 -0.97233 -0.90932
0.50478 0.056133 0.56462 0.48241 0.69856 0.23276 -0.49143 -0.69187 -0.33469 0.059313 -0.23576 0.16453 -0.8367 -0.43977 0.17727 0.68601 0.94826 0.99619 0.89885 0.66923 0.36101 -0.0097257 -0.39852 -0.70529 -0.88785 -0.96719 -0.9862 -0.96638 -0.92374 -0.85425 -0.75767 -0.6242 -0.47314 -0.29075 -0.049066 0.22716 0.54908 0.82379 0.96725 0.96568 0.8855 0.74663 0.31654 -0.20754 -0.73883 -0.95709 -0.97195 -0.88587 -0.75973
0.33171 -0.48276 -0.71593 -0.63969 -0.35786 0.50125 -0.68694 0.75948 0.91159 0.98712 0.83485 0.96519 0.059357 0.4937 0.8914 0.9963 0.88469 0.66088 0.37823 0.037478 -0.28866 -0.59947 -0.84817 -0.97431 -0.98607 -0.93397 -0.84902 -0.75492 -0.65845 -0.54043 -0.40578 -0.24037 -0.072947 0.11278 0.34171 0.57666 0.81384 0.96121 0.95966 0.84598 0.68952 0.49276 -0.0031382 -0.50229 -0.9037 -0.97886 -0.8833 -0.72217 -0.54814
0.50704 0.011774 0.66045 0.79169 -0.23304 -0.7286 0.83003 0.64347 0.55962 0.4396 0.83144 0.68508 0.88575 0.9951 0.92247 0.63054 0.28716 -0.029292 -0.32028 -0.5997 -0.80746 -0.95164 -0.99418 -0.92505 -0.78879 -0.64305 -0.49578 -0.36602 -0.25017 -0.11876 0.0196 0.1807 0.33212 0.48952 0.67095 0.83327 0.9583 0.96688 0.82975 0.6259 0.41765 0.18959 -0.31595 -0.74025 -0.97776 -0.90946 -0.71797 -0.50024 -0.29602
1 0.80706 -0.46122 -0.88002 0.7611 0.083362 0.37288 -0.76413 -0.73271 -0.73319 -0.19041 -0.32056 0.88358 0.6782 0.28545 -0.1367 -0.46687 -0.69219 -0.85453 -0.96648 -0.99813 -0.95277 -0.80613 -0.592 -0.37039 -0.18742 -0.027085 0.099597 0.20404 0.31866 0.43293 0.56122 0.67328 0.78096 0.89274 0.96605 0.97035 0.8483 0.60114 0.33748 0.10498 -0.1275 -0.59047 -0.9018 -0.95984 -0.76084 -0.49497 -0.24204 -0.025868
0.99262 -0.34934 0.2061 0.83057 -0.82556 0.71914 -0.9621 -0.69802 -0.82792 -0.88569 -0.9769 -0.98372 0.099363 -0.16499 -0.5402 -0.80702 -0.94876 -0.99655 -0.99097 -0.92684 -0.80794 -0.62342 -0.36422 -0.090679 0.14123 0.30707 0.43903 0.5343 0.6074 0.68598 0.75957 0.83835 0.89923 0.9478 0.98161 0.96444 0.85662 0.62782 0.30681 0.017256 -0.21257 -0.42532 -0.80234 -0.97666 -0.85726 -0.55066 -0.2362 0.029825 0.24072
0.5026 -0.83724 0.034524 -0.58061 0.2646 -0.58758 -0.14404 0.67089 0.37103 0.13741 -0.64823 -0.66999 -0.75736 -0.87217 -0.99334 -0.9869 -0.91672 -0.81647 -0.69323 -0.52036 -0.32842 -0.092898 0.18092 0.42688 0.60626 0.71756 0.79692 0.84784 0.88301 0.91916 0.94773 0.97283 0.98194 0.97318 0.93338 0.83687 0.63896 0.33778 -0.016051 -0.29846 -0.50221 -0.67595 -0.93564 -0.96347 -0.68402 -0.29994 0.035764 0.29398 0.48463
0.094368 0.98393 -0.21906 0.1244 0.56873 -0.40341 0.99544 0.83068 1 0.97427 0.38222 0.27194 -0.98226 -0.93981 -0.80405 -0.60089 -0.41624 -0.26294 -0.11108 0.076673 0.25648 0.45747 0.66289 0.81918 0.91049 0.95316 0.97519 0.9838 0.98615 0.9847 0.97425 0.95204 0.91778 0.86211 0.76273 0.60703 0.34969 0.015328 -0.33086 -0.57749 -0.73725 -0.85882 -0.98324 -0.86874 -0.45862 -0.030851 0.29964 0.53178 0.69028
-0.013108 0.062373 0.32869 0.43982 -0.94666 0.83549 0.045727 -0.45269 0.17185 0.60476 0.99904 0.95196 -0.43271 -0.35509 -0.12373 0.10792 0.28015 0.39733 0.50525 0.63495 0.74521 0.85787 0.94944 0.99138 0.99002 0.97142 0.94729 0.92622 0.90828 0.88139 0.8445 0.78841 0.72467 0.6377 0.49876 0.30879 0.026214 -0.30253 -0.60552 -0.79454 -0.89888 -0.96162 -0.94624 -0.70517 -0.20193 0.23523 0.53686 0.72835 0.84631
-0.038062 -1 -0.35674 -0.89993 0.41491 0.041079 -1 -0.97147 -0.88659 -0.47547 0.60067 0.78928 0.43446 0.45734 0.61893 0.74834 0.83258 0.87719 0.91611 0.96077 0.9866 0.99921 0.97436 0.91329 0.83957 0.78115 0.7309 0.69727 0.67368 0.63614 0.5877 0.51412 0.43665 0.33565 0.17923 -0.019269 -0.29391 -0.5829 -0.81519 -0.9328 -0.97694 -0.9803 -0.83275 -0.48975 0.064836 0.47929 0.73259 0.87309 0.94572
-0.23942 0.98165 0.30114 1 0.5865 -0.88808 -0.079999 0.08385 -0.73676 -1 -0.3748 -0.034118 0.97235 0.96464 0.99881 1 0.99847 0.99058 0.98098 0.9576 0.9205 0.8565 0.74627 0.61812 0.50592 0.43374 0.37859 0.34799 0.33088 0.29582 0.24926 0.1738 0.097071 -0.0020493 -0.15512 -0.33896 -0.57715 -0.79994 -0.94373 -0.98439 -0.96961 -0.91829 -0.65625 -0.24183 0.32181 0.68571 0.8763 0.95984 0.9858
-0.59795 -0.28577 -0.16226 -0.59702 -0.9704 0.23322 0.99013 1 0.36799 -0.42003 -0.98621 -0.81614 0.82291 0.87034 0.82806 0.76176 0.7269 0.71347 0.69629 0.64512 0.58397 0.48464 0.33657 0.18632 0.070767 0.0070617 -0.036821 -0.054518 -0.058658 -0.082658 -0.11809 -0.18325 -0.24831 -0.33317 -0.46583 -0.61671 -0.79703 -0.9365 -0.98414 -0.9499 -0.88253 -0.78525 -0.43382 0.018739 0.55173 0.843 0.96187 0.98671 0.96767
-0.78843 -0.39243 -0.053789 -0.17161 0.20057 0.86271 0.23734 0.40149 0.99542 0.59573 -0.7017 -0.94948 0.1235 0.26215 0.22589 0.17172 0.15581 0.17223 0.17898 0.13794 0.087915 -0.0064877 -0.1462 -0.27876 -0.37091 -0.41315 -0.4381 -0.44064 -0.43197 -0.4422 -0.46261 -0.51029 -0.55739 -0.62026 -0.72068 -0.82649 -0.93585 -0.98465 -0.93801 -0.83722 -0.72726 -0.59544 -0.1843 0.27308 0.74086 0.94397 0.98747 0.95563 0.89578
-0.49543 0.66912 0.32808 0.86258 0.84876 -0.38873 -0.93185 -0.7744 0.41051 0.98932 0.18625 -0.36881 -0.64398 -0.48587 -0.48052 -0.48566 -0.46823 -0.42201 -0.38794 -0.40138 -0.42323 -0.48718 -0.58668 -0.67632 -0.73175 -0.75041 -0.75774 -0.74995 -0.7345 -0.73379 -0.74052 -0.76873 -0.79634 -0.83435 -0.89643 -0.95159 -0.98533 -0.94519 -0.81419 -0.6599 -0.51963 -0.366 0.0733 0.50454 0.87945 0.98569 0.95506 0.8717 0.77713
0.12462 -0.58528 -0.62137 -0.96589 -0.78292 -0.84427 -0.49231 -0.84928 -0.6432 0.40505 0.90495 0.46799 -0.99788 -0.95571 -0.94231 -0.92224 -0.9004 -0.85882 -0.82248 -0.81596 -0.81439 -0.84228 -0.88967 -0.92886 -0.94799 -0.95011 -0.94803 -0.93954 -0.92701 -0.9222 -0.92061 -0.93185 -0.94245 -0.95701 -0.98004 -0.985 -0.9461 -0.82648 -0.62714 -0.4353 -0.27791 -0.11532 0.32123 0.69958 0.96187 0.96909 0.86979 0.7425 0.62061
0.42595 0.3603 0.87117 0.32848 -0.3892 0.43271 0.75929 0.22803 -0.95569 -0.55357 0.88446 0.96457 -0.74799 -0.91357 -0.95641 -0.96802 -0.98986 -1 -0.99971 -0.998 -0.99335 -0.9965 -0.99822 -0.99476 -0.98831 -0.98615 -0.98623 -0.98825 -0.98921 -0.98895 -0.98658 -0.98643 -0.98526 -0.98094 -0.96867 -0.92884 -0.82656 -0.64272 -0.39502 -0.18278 -0.021135 0.13845 0.54402 0.8482 0.98643 0.89842 0.7393 0.57737 0.43621
0.071387 -0.16958 -1 0.58435 1 0.86936 0.77815 0.99168 -0.22561 -0.99089 0.17866 0.80588 -0.07075 -0.40765 -0.54009 -0.62547 -0.72293 -0.81592 -0.88177 -0.91174 -0.92825 -0.9265 -0.90079 -0.87185 -0.85536 -0.86173 -0.875 -0.89702 -0.92012 -0.93254 -0.9371 -0.93253 -0.9261 -0.90931 -0.86868 -0.79303 -0.6411 -0.41202 -0.13774 0.078086 0.23238 0.37867 0.72926 0.94419 0.95498 0.78057 0.57296 0.38661 0.23441
-0.32479 0.077117 0.93901 -0.96406 -0.071694 -0.3694 -0.40995 0.48976 0.7274 -0.54775 -0.64906 0.12944 0.63417 0.28983 0.10345 -0.04747 -0.21098 -0.38143 -0.51788 -0.59387 -0.64762 -0.65953 -0.62785 -0.59283 -0.58104 -0.60512 -0.63874 -0.68595 -0.73575 -0.76647 -0.78408 -0.78183 -0.77648 -0.75413 -0.69384 -0.59341 -0.40818 -0.15447 0.12475 0.32891 0.46621 0.59107 0.86796 0.98498 0.87237 0.62435 0.38114 0.18086 0.025553
-0.10856 -0.068875 -0.66425 0.40741 -0.9731 -0.93202 -0.96526 -0.60254 0.92687 0.35353 -0.99505 -0.6154 0.98703 0.83932 0.6933 0.53855 0.36244 0.15978 -0.020024 -0.13531 -0.22632 -0.26138 -0.24077 -0.2151 -0.21756 -0.26219 -0.31741 -0.3892 -0.46497 -0.51579 -0.54967 -0.55491 -0.55567 -0.534 -0.46321 -0.34962 -0.14829 0.10965 0.37395 0.55367 0.6667 0.76439 0.95472 0.97138 0.74575 0.43977 0.17454 -0.029464 -0.18064
0.16199 0.10507 0.22984 0.55247 0.39071 0.19094 -0.11124 -0.96512 0.21739 0.94899 -0.64319 -0.97704 0.82377 0.99813 0.99463 0.92207 0.81005 0.64564 0.47447 0.34739 0.23666 0.18171 0.18351 0.19225 0.17346 0.11265 0.041001 -0.048801 -0.14436 -0.21279 -0.26262 -0.27807 -0.28787 -0.27158 -0.19879 -0.083089 0.11788 0.36145 0.59393 0.73948 0.8235 0.89073 0.98756 0.90707 0.58398 0.23736 -0.036403 -0.2347 -0.37545
-0.16522 -0.15213 0.22664 -0.87356 0.86278 0.98681 0.88363 -0.22007 -0.68305 0.78213 0.13428 -0.76591 0.25286 0.71654 0.9053 0.98112 1 0.94378 0.84117 0.74238 0.64228 0.58241 0.5682 0.56139 0.53168 0.4653 0.38787 0.29157 0.18698 0.10746 0.045545 0.019956 0.00063954 0.008847 0.076642 0.18496 0.37104 0.58454 0.7721 0.87705 0.92981 0.96559 0.96766 0.7981 0.39684 0.027548 -0.24197 -0.42628 -0.5514
-0.30583 0.19168 -0.52891 0.17149 -0.55879 0.10701 0.65993 0.75408 -0.94287 0.020027 0.81131 -0.13039 -0.42965 0.13635 0.47885 0.71282 0.88906 0.984 0.99773 0.96708 0.91181 0.86895 0.85005 0.83646 0.80685 0.74943 0.68031 0.5921 0.49223 0.41121 0.34401 0.31101 0.28408 0.28369 0.34147 0.43505 0.5945 0.76591 0.89966 0.96085 0.98236 0.9877 0.89887 0.6522 0.19452 -0.17979 -0.43356 -0.59697 -0.7025
0.11683 -0.21718 0.55191 0.70144 -0.77161 -0.95166 -0.42618 0.90552 -0.36716 -0.74293 0.96918 0.5638 -0.90095 -0.49009 -0.11339 0.22025 0.52474 0.7693 0.91846 0.98255 1 0.99628 0.98829 0.98085 0.96485 0.93174 0.88585 0.82099 0.74056 0.66928 0.60556 0.57003 0.53937 0.53186 0.57675 0.6507 0.77505 0.89639 0.97167 0.98896 0.98114 0.95872 0.7872 0.47827 -0.013002 -0.37577 -0.60392 -0.74105 -0.82424
0.084618 0.2277 -0.30978 -0.62501 0.60937 -0.49091 -0.94735 0.12012 0.50888 -0.96154 0.53901 0.95139 -0.96064 -0.91332 -0.6565 -0.33236 0.021178 0.36651 0.63349 0.79649 0.89976 0.95084 0.96857 0.98031 0.99049 0.99475 0.98508 0.9571 0.9097 0.85948 0.80872 0.77686 0.74771 0.73614 0.76736 0.81921 0.90345 0.97074 0.98691 0.96277 0.92906 0.8828 0.64025 0.28572 -0.21637 -0.55278 -0.74732 -0.85435 -0.91368
-0.087507 -0.22343 -0.030236 -0.28135 0.74073 0.72887 -0.29109 -0.76921 0.94759 -0.51297 -0.19794 0.85304 -0.60405 -0.9824 -0.97018 -0.77659 -0.47966 -0.11767 0.21555 0.45617 0.63895 0.74907 0.80207 0.84244 0.88729 0.93701 0.97237 0.99097 0.98717 0.96783 0.93898 0.91742 0.89558 0.88402 0.90256 0.93213 0.97452 0.98756 0.94748 0.88652 0.8314 0.76605 0.46663 0.084018 -0.40722 -0.70466 -0.85962 -0.93429 -0.96929
0.20766 0.20378 0.24779 0.72606 -0.56832 0.8516 0.69671 -0.89777 0.62307 0.269 -0.81017 0.34187 -0.0015291 -0.68967 -0.96406 -0.98956 -0.84845 -0.56644 -0.24063 0.034564 0.27132 0.43126 0.52081 0.59299 0.67483 0.77148 0.85485 0.92445 0.97035 0.98894 0.98924 0.9841 0.97516 0.96811 0.9763 0.98525 0.98699 0.94886 0.85835 0.76668 0.6953 0.61602 0.27544 -0.11779 -0.57843 -0.82678 -0.93821 -0.9797 -0.99091
-0.036742 -0.16796 -0.2313 -0.0797 -0.76937 -0.2638 0.85701 -0.18533 -0.17363 0.86269 -0.97015 -0.32036 0.59107 -0.15712 -0.65603 -0.92348 -0.99981 -0.88082 -0.64044 -0.38637 -0.13575 0.052385 0.17055 0.27031 0.38444 0.52228 0.65018 0.76915 0.86562 0.92547 0.95956 0.97563 0.98428 0.986 0.98703 0.97845 0.94317 0.85961 0.72668 0.61141 0.52911 0.44116 0.075791 -0.3114 -0.72429 -0.91608 -0.98202 -0.99081 -0.97959
-0.19375 0.11686 0.065743 -0.62804 0.44181 -1 0.055933 0.67907 -0.82344 0.90744 -0.61647 -0.82486 0.943 0.42063 -0.15447 -0.61008 -0.90815 -0.99937 -0.90828 -0.73161 -0.51406 -0.328 -0.19721 -0.081086 0.05404 0.22071 0.38347 0.54422 0.68665 0.78696 0.85629 0.89645 0.92589 0.9399 0.93729 0.91517 0.84835 0.72708 0.56121 0.4299 0.34193 0.2503 -0.12363 -0.48959 -0.84056 -0.97099 -0.99127 -0.969 -0.93737
0.13351 -0.055543 0.056947 0.28596 0.82734 -0.36477 -0.78505 0.93027 -0.86579 0.4045 0.044611 -0.958 0.93366 0.84976 0.38414 -0.14322 -0.60691 -0.90703 -1 -0.94552 -0.80557 -0.65505 -0.53291 -0.41684 -0.27701 -0.098949 0.083883 0.27367 0.45244 0.58824 0.69089 0.75571 0.80727 0.83592 0.83308 0.80182 0.71015 0.56017 0.37164 0.23183 0.14302 0.052253 -0.31484 -0.6463 -0.92447 -0.99132 -0.96742 -0.91663 -0.86713
-0.058563 -0.0052112 -0.039705 0.48164 -0.22584 0.74689 -0.78089 0.38797 -0.30392 -0.32442 0.6717 -0.68217 0.58457 1 0.8055 0.35204 -0.17428 -0.63298 -0.90756 -0.99903 -0.97036 -0.88593 -0.7952 -0.69812 -0.57253 -0.40341 -0.21869 -0.016425 0.18502 0.34765 0.47844 0.56609 0.63907 0.68328 0.68313 0.64707 0.5379 0.36878 0.16802 0.026823 -0.058614 -0.14463 -0.49088 -0.77682 -0.97469 -0.97812 -0.9129 -0.83688 -0.7724
0.091678 0.049792 -0.022591 -0.36098 -0.85951 0.88739 0.016258 -0.46 0.45009 -0.85599 0.96745 -0.13151 0.035744 0.83838 1 0.75382 0.28917 -0.23979 -0.65641 -0.89145 -0.99051 -0.99434 -0.9553 -0.89554 -0.80309 -0.6636 -0.49652 -0.30043 -0.092699 0.085205 0.23615 0.3425 0.43418 0.49334 0.498 0.4611 0.34186 0.1632 -0.039775 -0.17598 -0.25458 -0.3327 -0.64593 -0.87781 -0.99118 -0.9335 -0.83097 -0.73354 -0.65713
-0.031853 -0.062361 -0.012711 -0.36423 -0.071741 -0.078175 0.77524 -0.92278 0.89283 -0.90973 0.81197 0.46112 -0.51571 0.42847 0.92715 0.97217 0.68441 0.19229 -0.29731 -0.64743 -0.87024 -0.97221 -0.99909 -0.99145 -0.94837 -0.85705 -0.72634 -0.55529 -0.35887 -0.17912 -0.018115 0.10084 0.20671 0.2787 0.28938 0.25492 0.13266 -0.046453 -0.2425 -0.36827 -0.43741 -0.5053 -0.77543 -0.94722 -0.97505 -0.86042 -0.72545 -0.61078 -0.52559
-0.11782 0.034762 0.11307 0.35489 0.7938 -0.93582 0.7731 -0.66454 0.76072 -0.48158 0.29721 0.86557 -0.8877 -0.09889 0.61851 0.96626 0.93435 0.58229 0.10507 -0.31027 -0.6329 -0.82867 -0.92717 -0.98058 -0.99819 -0.96932 -0.89091 -0.76218 -0.59425 -0.42682 -0.26714 -0.14312 -0.029032 0.052341 0.069209 0.039624 -0.079315 -0.25071 -0.43186 -0.54286 -0.60075 -0.65689 -0.87611 -0.98429 -0.92843 -0.76253 -0.60062 -0.47301 -0.38214
0.17468 0.025259 -0.091077 0.29545 0.4043 -0.68481 0.056055 0.082934 0.16576 0.18449 -0.33642 0.94062 -0.97022 -0.59009 0.16184 0.74817 0.99677 0.86318 0.48421 0.066463 -0.31564 -0.58704 -0.75316 -0.8692 -0.9524 -0.99439 -0.97984 -0.90752 -0.78344 -0.64201 -0.49543 -0.37475 -0.25941 -0.17318 -0.1509 -0.17411 -0.28437 -0.44108 -0.60079 -0.69383 -0.73952 -0.78313 -0.94597 -0.98939 -0.85423 -0.64391 -0.46097 -0.32474 -0.23113
-0.11371 -0.09126 -0.1002 -0.30441 -0.56672 0.33985 -0.69008 0.75231 -0.51358 0.74579 -0.81776 0.67563 -0.75189 -0.91343 -0.3263 0.37448 0.86876 0.99208 0.7825 0.42787 0.036973 -0.28045 -0.50079 -0.67325 -0.81983 -0.93429 -0.98966 -0.98344 -0.91547 -0.81223 -0.68999 -0.58128 -0.47218 -0.38633 -0.36028 -0.37655 -0.47391 -0.61036 -0.74362 -0.81666 -0.84992 -0.88094 -0.98423 -0.96391 -0.756 -0.50899 -0.31105 -0.17039 -0.076747
0.061476 0.12624 0.21603 -0.26599 -0.67015 0.97207 -0.81373 0.87835 -0.8816 0.93774 -0.95915 0.17999 -0.31265 -0.99185 -0.73113 -0.070354 0.58297 0.95484 0.95907 0.72546 0.37943 0.053126 -0.20018 -0.41567 -0.61645 -0.79807 -0.92338 -0.98779 -0.9842 -0.92887 -0.84091 -0.75242 -0.65699 -0.57713 -0.54961 -0.55921 -0.64067 -0.75276 -0.85616 -0.90822 -0.92949 -0.94843 -0.99118 -0.91008 -0.63774 -0.36228 -0.15533 -0.014189 0.077045
-0.084547 -0.10227 -0.036455 0.22808 0.1713 0.55303 -0.24726 0.40486 -0.74961 0.68956 -0.72175 -0.36728 0.20952 -0.81692 -0.96557 -0.49416 0.19786 0.76529 0.99405 0.92301 0.67103 0.37565 0.11593 -0.12343 -0.36319 -0.60026 -0.78956 -0.92366 -0.98814 -0.98736 -0.94161 -0.8806 -0.80578 -0.73746 -0.71124 -0.71519 -0.77893 -0.86404 -0.93568 -0.9668 -0.97703 -0.9849 -0.9681 -0.83082 -0.50372 -0.20827 0.0018785 0.13991 0.22662
0.13241 0.022414 -0.23663 0.25543 0.73292 -0.43185 0.50397 -0.32333 -0.21581 0.13547 -0.21445 -0.78429 0.66403 -0.44365 -0.98655 -0.81598 -0.21531 0.46007 0.88918 1 0.88019 0.65323 0.41581 0.17541 -0.083585 -0.3591 -0.60103 -0.79859 -0.93008 -0.98697 -0.98884 -0.96114 -0.91289 -0.86132 -0.83937 -0.83922 -0.88455 -0.94147 -0.9809 -0.99193 -0.99251 -0.99067 -0.91709 -0.72958 -0.35831 -0.05133 0.1566 0.2883 0.36873
-0.13748 0.071986 0.18794 -0.13469 0.29262 -0.96151 0.83151 -0.82665 0.41829 -0.46664 0.3625 -0.94499 0.93045 0.029524 -0.79959 -0.98025 -0.58607 0.090517 0.66525 0.95254 0.98716 0.85928 0.67174 0.45435 0.19846 -0.094773 -0.37355 -0.62358 -0.81646 -0.93046 -0.98257 -0.99219 -0.97518 -0.94481 -0.93009 -0.92781 -0.95503 -0.98383 -0.99186 -0.98437 -0.97693 -0.967 -0.84091 -0.61015 -0.20586 0.10447 0.30521 0.42783 0.50056
0.093092 -0.12175 0.15849 -0.2404 -0.49784 -0.53932 0.50798 -0.80506 0.82472 -0.85884 0.79942 -0.81235 0.94745 0.48841 -0.45248 -0.96446 -0.85621 -0.28646 0.35732 0.79208 0.98498 0.97649 0.8622 0.69064 0.4607 0.1724 -0.12434 -0.41202 -0.65657 -0.82357 -0.92559 -0.97452 -0.99183 -0.98616 -0.9814 -0.97912 -0.98936 -0.99125 -0.96978 -0.94586 -0.93222 -0.91595 -0.74285 -0.47656 -0.050573 0.25537 0.44451 0.55575 0.61974
-0.040227 0.092208 -0.27753 0.033899 -0.61796 0.3858 -0.18502 -0.30015 0.81503 -0.89017 0.95157 -0.44013 0.72244 0.83068 -0.021336 -0.77964 -0.98788 -0.61723 0.0086096 0.54244 0.8789 0.99756 0.97321 0.8668 0.68407 0.42341 0.12922 -0.17855 -0.46169 -0.67435 -0.82311 -0.9112 -0.9642 -0.98557 -0.99306 -0.99293 -0.98799 -0.96508 -0.91689 -0.87902 -0.86102 -0.84021 -0.62655 -0.3329 0.10358 0.39803 0.57177 0.66983 0.72436
0.017526 -0.0065711 -0.047188 0.20022 0.019998 0.93383 -0.72115 0.3668 0.41595 -0.56604 0.7815 0.052456 0.32252 0.98718 0.40723 -0.46502 -0.96734 -0.85856 -0.33582 0.23578 0.68455 0.92491 0.99881 0.97154 0.85388 0.64182 0.37079 0.061954 -0.24426 -0.4925 -0.68221 -0.80723 -0.89551 -0.94497 -0.96641 -0.97045 -0.95258 -0.90771 -0.83627 -0.78715 -0.76659 -0.74299 -0.49588 -0.18321 0.25297 0.52957 0.68475 0.76829 0.81296
-0.033727 -0.065139 0.29798 0.056166 0.59305 0.63215 -0.7313 0.80878 -0.16647 -0.029575 0.36006 0.52138 -0.14804 0.93334 0.75355 -0.078518 -0.80452 -0.98245 -0.6348 -0.091846 0.42528 0.7694 0.94071 1 0.96042 0.81462 0.58599 0.29533 -0.017002 -0.28867 -0.51131 -0.66908 -0.7905 -0.86778 -0.90421 -0.9141 -0.88588 -0.82241 -0.73163 -0.67406 -0.6526 -0.62782 -0.35481 -0.031395 0.39436 0.64757 0.78168 0.84981 0.88453
0.072789 0.064805 -0.045281 -0.1251 0.44723 -0.21243 -0.24049 0.79471 -0.65988 0.50713 -0.1674 0.84009 -0.57627 0.68969 0.95879 0.31466 -0.52918 -0.97823 -0.85554 -0.40485 0.12902 0.54851 0.80741 0.95347 0.99913 0.93273 0.76312 0.50885 0.20778 -0.073829 -0.31962 -0.50427 -0.65508 -0.75863 -0.81031 -0.82737 -0.79148 -0.71308 -0.60714 -0.54388 -0.52299 -0.49848 -0.20724 0.1189 0.52493 0.75009 0.8613 0.91356 0.93846
-0.11233 -0.0041331 -0.27674 -0.10862 -0.18781 -0.85617 0.39378 0.35689 -0.85294 0.84827 -0.6339 0.93147 -0.86728 0.31315 0.99331 0.65304 -0.18463 -0.85216 -0.97662 -0.67176 -0.17484 0.28407 0.61275 0.83867 0.97044 0.99123 0.89361 0.69185 0.4188 0.14133 -0.1166 -0.32091 -0.49597 -0.623 -0.68944 -0.71451 -0.6736 -0.58409 -0.46728 -0.40094 -0.38183 -0.3588 -0.056999 0.26431 0.64231 0.83568 0.92277 0.95909 0.97456
0.13677 -0.043 0.099254 0.026373 -0.57447 -0.7797 0.75226 -0.25437 -0.67935 0.8826 -0.90326 0.78277 -0.96346 -0.11781 0.85885 0.888 0.17957 -0.62495 -0.9892 -0.86807 -0.45838 2.3966e-05 0.37434 0.66674 0.87921 0.98922 0.97216 0.83606 0.6063 0.34689 0.088456 -0.12726 -0.32032 -0.46699 -0.54695 -0.58034 -0.53693 -0.44009 -0.3166 -0.24959 -0.23322 -0.21263 0.092345 0.40185 0.74462 0.90337 0.9657 0.98637 0.99297
-0.14071 0.020858 0.2419 0.099167 -0.32681 -0.082429 0.62637 -0.7214 -0.22998 0.61323 -0.90679 0.44223 -0.8532 -0.52016 0.58507 0.98968 0.51487 -0.32782 -0.89673 -0.97793 -0.69751 -0.27985 0.11178 0.45193 0.73397 0.92947 0.99677 0.93583 0.76239 0.53409 0.28686 0.068556 -0.1354 -0.29698 -0.38851 -0.43003 -0.38636 -0.28583 -0.15967 -0.094096 -0.081112 -0.063669 0.23748 0.52893 0.83041 0.95262 0.99012 0.9957 0.99414
0.12554 0.038001 -0.11629 0.059247 0.23826 0.66008 0.12275 -0.82321 0.30059 0.14486 -0.65591 0.0010814 -0.56863 -0.82213 0.22194 0.94949 0.77995 0.0022374 -0.71336 -0.99482 -0.87372 -0.53383 -0.15497 0.21038 0.54599 0.81791 0.96848 0.98816 0.8812 0.69561 0.47083 0.25895 0.051711 -0.11939 -0.21994 -0.26887 -0.22689 -0.126 -0.00086155 0.061475 0.070705 0.084569 0.37545 0.64334 0.8987 0.98328 0.99637 0.98771 0.97881
-0.095133 -0.046702 -0.20896 -0.027736 0.52259 0.88389 -0.43625 -0.53107 0.7014 -0.36099 -0.2309 -0.43247 -0.17476 -0.97488 -0.17019 0.77915 0.94516 0.32717 -0.46144 -0.92126 -0.97513 -0.74371 -0.40709 -0.04117 0.32834 0.66297 0.89106 0.99261 0.95902 0.82576 0.6337 0.43708 0.23435 0.059588 -0.046967 -0.10212 -0.063376 0.034869 0.1557 0.21335 0.21874 0.22884 0.50364 0.74334 0.94893 0.9956 0.98514 0.96329 0.94795
0.053517 -0.020347 0.10556 -0.083521 0.27679 0.45263 -0.72437 -0.0014282 0.82744 -0.74308 0.24752 -0.75991 0.2467 -0.95879 -0.53083 0.50716 0.99504 0.61222 -0.16845 -0.76766 -0.99679 -0.89592 -0.6281 -0.28656 0.094898 0.47484 0.77047 0.95102 0.99422 0.92058 0.77014 0.59703 0.40649 0.23413 0.12497 0.065165 0.099528 0.19256 0.30624 0.35811 0.35982 0.36624 0.61984 0.82759 0.98094 0.99014 0.95737 0.92355 0.90273
-0.0047608 0.077195 0.18134 -0.06347 -0.2115 -0.28944 -0.59648 0.51468 0.64652 -0.89032 0.65368 -0.91356 0.61466 -0.78385 -0.80846 0.1733 0.92875 0.82928 0.13615 -0.55064 -0.94043 -0.982 -0.80477 -0.51113 -0.14053 0.26475 0.61443 0.86724 0.98712 0.97781 0.87619 0.73397 0.56289 0.39897 0.29083 0.22829 0.25752 0.34323 0.4474 0.49276 0.49118 0.49418 0.72227 0.89515 0.99492 0.96777 0.91424 0.86979 0.84446
-0.045755 -0.033332 -0.077047 0.023189 -0.46542 -0.80902 -0.14803 0.79228 0.23915 -0.77007 0.88923 -0.86825 0.86375 -0.48517 -0.96707 -0.17754 0.75876 0.95921 0.42389 -0.29101 -0.81366 -0.99879 -0.92768 -0.70252 -0.36501 0.044281 0.4318 0.74676 0.93983 0.99684 0.9493 0.84421 0.6992 0.54952 0.44611 0.383 0.40674 0.48348 0.57629 0.61472 0.61045 0.61049 0.80953 0.94548 0.99139 0.92959 0.85711 0.80345 0.77457
0.090223 -0.066693 -0.15517 0.10097 -0.28092 -0.76682 0.36301 0.72613 -0.24139 -0.4298 0.90462 -0.64244 0.9546 -0.11495 -0.98978 -0.50151 0.50815 0.99289 0.66983 -0.01161 -0.62883 -0.94807 -0.99146 -0.85115 -0.56709 -0.17527 0.23207 0.59627 0.85591 0.97856 0.98828 0.92523 0.81199 0.68195 0.58693 0.52556 0.54382 0.61042 0.6905 0.72192 0.71568 0.71337 0.88062 0.97842 0.97116 0.87689 0.78747 0.72606 0.69457
-0.11876 0.083372 0.040466 0.081442 0.13324 -0.22195 0.66869 0.362 -0.62886 0.024358 0.7062 -0.29018 0.87835 0.26725 -0.87929 -0.76104 0.20707 0.93114 0.85439 0.26474 -0.40165 -0.83601 -0.99473 -0.95052 -0.73728 -0.38343 0.024855 0.42327 0.74017 0.92521 0.99323 0.97563 0.89885 0.79322 0.71008 0.65281 0.66592 0.72167 0.78815 0.8127 0.80536 0.80142 0.93491 0.99411 0.93526 0.81112 0.70692 0.63924 0.60602
0.12239 0.0178 0.12454 -0.034469 0.39814 0.44834 0.62797 -0.13768 -0.80054 0.46282 0.34922 0.11323 0.65512 0.60423 -0.65567 -0.9287 -0.11111 0.78372 0.9646 0.51701 -0.14975 -0.67235 -0.93983 -0.99731 -0.86838 -0.57099 -0.18057 0.2357 0.5983 0.84014 0.96541 0.99513 0.95828 0.88112 0.81305 0.76222 0.77077 0.81536 0.86782 0.88592 0.87839 0.87362 0.97215 0.993 0.88492 0.73386 0.61711 0.54462 0.51051
-0.097349 -0.095159 -0.0064611 -0.13186 0.30971 0.81898 0.28214 -0.57009 -0.71244 0.76963 -0.07937 0.48794 0.32797 0.84928 -0.35209 -0.9894 -0.4136 0.56758 0.99452 0.72743 0.10875 -0.46938 -0.83229 -0.99122 -0.95562 -0.73033 -0.37564 0.041516 0.43658 0.72757 0.90706 0.9844 0.98972 0.94422 0.89403 0.85187 0.85668 0.89019 0.92861 0.94084 0.93408 0.92933 0.9924 0.97581 0.82154 0.64675 0.51974 0.44385 0.40961
0.049695 0.032348 -0.086588 -0.096203 -0.020611 0.68192 -0.18527 -0.77409 -0.40511 0.87151 -0.48314 0.76513 -0.046338 0.97187 -0.0094534 -0.94091 -0.67135 0.30461 0.94508 0.88252 0.35653 -0.241 -0.68026 -0.93475 -0.99667 -0.8556 -0.55279 -0.1516 0.2616 0.5924 0.82126 0.94499 0.99343 0.98189 0.95192 0.92047 0.92251 0.94533 0.97006 0.97716 0.97211 0.96824 0.99601 0.94347 0.74664 0.55148 0.4165 0.33856 0.30485
0.0031556 0.074034 -0.013633 0.051197 -0.30397 0.14699 -0.55007 -0.68618 0.017322 0.75229 -0.77774 0.89865 -0.40757 0.96037 0.32941 -0.79291 -0.86162 0.019302 0.82339 0.97362 0.57811 -0.0016488 -0.49377 -0.83276 -0.99153 -0.94283 -0.70571 -0.33652 0.079982 0.43995 0.71177 0.87922 0.97045 0.9942 0.98625 0.96728 0.96762 0.98045 0.99213 0.99495 0.99254 0.99038 0.98361 0.89711 0.66179 0.44975 0.30904 0.23031 0.19772
-0.037454 -0.058426 0.045737 0.16109 -0.32733 -0.45531 -0.6539 -0.35353 0.42454 0.45139 -0.90733 0.87113 -0.70162 0.82185 0.62499 -0.56486 -0.96952 -0.26364 0.64155 0.99711 0.76074 0.23453 -0.28401 -0.69204 -0.94229 -0.98994 -0.82946 -0.50691 -0.10188 0.27575 0.58279 0.78998 0.92246 0.98187 0.99717 0.99215 0.99192 0.99565 0.9952 0.99464 0.99571 0.99606 0.95604 0.838 0.56864 0.34323 0.19898 0.12062 0.089643
0.034083 -0.044381 0.01148 0.11136 -0.10385 -0.78361 -0.46721 0.09407 0.70041 0.048923 -0.85318 0.69432 -0.88802 0.57943 0.84539 -0.28307 -0.98864 -0.52134 0.41536 0.95417 0.8949 0.45453 -0.062639 -0.52079 -0.85288 -0.99663 -0.92055 -0.65735 -0.278 0.10532 0.43883 0.68066 0.8517 0.94619 0.98536 0.99542 0.99574 0.99143 0.97997 0.97697 0.98226 0.98584 0.91434 0.76752 0.46884 0.23358 0.087842 0.010912 -0.018044
0.008396 0.059702 -0.015007 -0.058768 0.1729 -0.67444 -0.087844 0.49745 0.77438 -0.35699 -0.63388 0.40431 -0.94457 0.26784 0.96923 0.022544 -0.9209 -0.73447 0.16273 0.85026 0.97461 0.64711 0.15886 -0.32808 -0.72871 -0.96426 -0.97695 -0.78351 -0.44298 -0.065981 0.28455 0.55494 0.76085 0.88893 0.952 0.97789 0.97981 0.96866 0.94745 0.94293 0.95309 0.96053 0.85969 0.68715 0.36403 0.12235 -0.02291 -0.097468 -0.1241
-0.067536 0.024229 0.011239 -0.18298 0.29837 -0.21103 0.31413 0.72452 0.6363 -0.6744 -0.29825 0.053318 -0.86878 -0.071985 0.98705 0.32177 -0.77558 -0.88842 -0.097711 0.69436 0.99745 0.80319 0.36976 -0.12337 -0.57628 -0.89562 -0.99803 -0.88215 -0.59212 -0.23312 0.12458 0.41672 0.6529 0.81226 0.89868 0.94075 0.94524 0.92848 0.8989 0.89374 0.90928 0.92111 0.79342 0.5984 0.25581 0.011052 -0.13193 -0.20329 -0.22737
0.10558 -0.047381 0.010726 -0.13472 0.20378 0.34611 0.57399 0.71083 0.33323 -0.83742 0.086605 -0.30026 -0.67644 -0.3984 0.90123 0.58697 -0.56789 -0.97404 -0.34805 0.49811 0.96441 0.91624 0.56055 0.083963 -0.40284 -0.7947 -0.98445 -0.95116 -0.72154 -0.39153 -0.036592 0.26996 0.5311 0.71867 0.82729 0.8855 0.89341 0.87231 0.83578 0.83081 0.8521 0.86873 0.71692 0.5028 0.14574 -0.098931 -0.23797 -0.30544 -0.32683
-0.09263 -0.018482 -0.037133 0.046396 -0.018429 0.71033 0.59762 0.47326 -0.048507 -0.81804 0.44926 -0.60156 -0.39778 -0.67408 0.72469 0.79542 -0.31713 -0.98778 -0.5722 0.27485 0.87949 0.9823 0.72325 0.28505 -0.21601 -0.66645 -0.93803 -0.98954 -0.82819 -0.53716 -0.19473 0.11858 0.39878 0.61084 0.74003 0.81393 0.82596 0.80177 0.75972 0.75568 0.78293 0.80465 0.63166 0.40191 0.035277 -0.20631 -0.33991 -0.40291 -0.42156
0.031001 0.031593 -0.039357 0.19294 -0.20376 0.71367 0.39044 0.096642 -0.40904 -0.62848 0.72704 -0.80738 -0.072236 -0.8699 0.47861 0.93093 -0.044812 -0.93152 -0.75682 0.038626 0.74923 1 0.8517 0.47184 -0.023436 -0.51646 -0.86158 -0.99728 -0.9099 -0.66659 -0.34596 -0.033638 0.25933 0.49162 0.63925 0.72805 0.74471 0.71862 0.67247 0.66999 0.70328 0.73024 0.53913 0.29722 -0.074189 -0.3099 -0.43676 -0.49481 -0.51073
0.039834 0.023877 0.037169 0.16868 -0.23649 0.37551 0.04453 -0.29874 -0.66103 -0.3149 0.87609 -0.89148 0.25743 -0.96747 0.18962 0.9847 0.22727 -0.81187 -0.89192 -0.19665 0.58214 0.97038 0.94164 0.6374 0.16752 -0.35074 -0.75871 -0.97536 -0.96534 -0.77706 -0.48683 -0.18314 0.11606 0.36391 0.52745 0.62999 0.65163 0.62473 0.57584 0.57544 0.61468 0.64691 0.44083 0.19021 -0.18138 -0.40866 -0.52762 -0.58039 -0.59366
-0.069218 -0.016744 0.082865 -0.0072216 -0.11634 -0.12617 -0.30477 -0.59624 -0.74957 0.054972 0.87704 -0.84691 0.55076 -0.96022 -0.11329 0.95541 0.47874 -0.63936 -0.97121 -0.41803 0.38805 0.89663 0.99074 0.77606 0.35 -0.17547 -0.63366 -0.92554 -0.99401 -0.86647 -0.61434 -0.32665 -0.027829 0.2306 0.40718 0.52198 0.54875 0.52205 0.47168 0.47377 0.51874 0.55613 0.33824 0.082276 -0.28512 -0.50167 -0.61176 -0.65899 -0.66975
0.037985 -0.034843 0.0094492 -0.18172 0.060918 -0.55322 -0.5324 -0.71603 -0.66191 0.40716 0.73597 -0.68522 0.77426 -0.85302 -0.40168 0.84869 0.69204 -0.42736 -0.99214 -0.61413 0.17754 0.78376 0.99854 0.88359 0.5179 0.0032642 -0.49107 -0.85031 -0.99618 -0.93341 -0.72604 -0.46124 -0.16933 0.09452 0.28098 0.40631 0.43817 0.41254 0.36185 0.36671 0.41705 0.45938 0.23281 -0.025259 -0.38435 -0.58811 -0.68854 -0.7301 -0.73853
0.018942 0.002697 -0.098277 -0.20558 0.17934 -0.72028 -0.5665 -0.63394 -0.42642 0.67606 0.48114 -0.43325 0.90478 -0.66068 -0.65021 0.67602 0.85346 -0.19093 -0.95573 -0.77563 -0.038704 0.63822 0.9663 0.95717 0.66602 0.17963 -0.33584 -0.75272 -0.9728 -0.9771 -0.81998 -0.58437 -0.30567 -0.041633 0.15137 0.28523 0.32198 0.29813 0.24818 0.25595 0.31117 0.3581 0.12592 -0.13116 -0.47814 -0.66732 -0.75745 -0.79328 -0.79961
-0.039318 0.046286 -0.087585 -0.059497 0.17675 -0.57019 -0.40734 -0.38256 -0.10228 0.81592 0.15658 -0.12808 0.93125 -0.4056 -0.83869 0.45334 0.95379 0.054256 -0.86624 -0.89559 -0.25038 0.46745 0.8968 0.99543 0.79013 0.34824 -0.17295 -0.63624 -0.92542 -0.9974 -0.89475 -0.6939 -0.43436 -0.17532 0.020744 0.16099 0.20222 0.18075 0.13244 0.14315 0.20264 0.25373 0.018909 -0.23427 -0.56568 -0.73875 -0.81811 -0.84824 -0.85274
-0.0049706 0.012471 0.045646 0.13623 0.072421 -0.18501 -0.1195 -0.037015 0.23634 0.80728 -0.18603 0.18869 0.85486 -0.11488 -0.95334 0.19941 0.98858 0.29297 -0.73057 -0.9696 -0.44804 0.27951 0.7941 0.99835 0.8871 0.50428 -0.0072546 -0.50465 -0.85611 -0.9947 -0.94944 -0.7881 -0.55322 -0.30422 -0.10861 0.035704 0.080871 0.062216 0.016314 0.029877 0.092943 0.14765 -0.086993 -0.33357 -0.64627 -0.80195 -0.87022 -0.89477 -0.89772
0.070909 -0.053932 0.1377 0.22579 -0.058574 0.26264 0.19602 0.30877 0.51747 0.6581 -0.49572 0.47667 0.68788 0.18267 -0.98743 -0.065848 0.958 0.51132 -0.55773 -0.99581 -0.62345 0.082667 0.66328 0.96714 0.95485 0.64361 0.15658 -0.36188 -0.76734 -0.96993 -0.98365 -0.86568 -0.66039 -0.42621 -0.23458 -0.088593 -0.040176 -0.055732 -0.098594 -0.082375 -0.016528 0.041166 -0.19063 -0.42813 -0.71933 -0.85661 -0.91361 -0.93276 -0.93446
-0.081348 -0.030098 0.065193 0.14197 -0.13838 0.58904 0.43797 0.56778 0.68612 0.39984 -0.72956 0.70164 0.45136 0.45943 -0.94125 -0.32292 0.86649 0.69746 -0.35814 -0.97475 -0.76986 -0.11496 0.51013 0.90412 0.99237 0.76284 0.31423 -0.2119 -0.66191 -0.92445 -0.99743 -0.92575 -0.75434 -0.53947 -0.35523 -0.21002 -0.15916 -0.17147 -0.21081 -0.19223 -0.12446 -0.064475 -0.29094 -0.51711 -0.78441 -0.90251 -0.9482 -0.96217 -0.96297
0.010463 0.053977 -0.094544 -0.04802 -0.13084 0.67326 0.53632 0.68079 0.71379 0.080108 -0.85803 0.83918 0.17222 0.69134 -0.82148 -0.55406 0.72206 0.8421 -0.14294 -0.90915 -0.88219 -0.30571 0.34092 0.81253 0.99964 0.85937 0.46181 -0.058655 -0.54284 -0.85999 -0.99126 -0.96782 -0.8339 -0.64239 -0.46885 -0.32685 -0.27445 -0.28351 -0.31898 -0.29842 -0.22965 -0.16812 -0.38697 -0.59983 -0.84116 -0.93955 -0.974 -0.98309 -0.98329
0.075956 0.049298 -0.15415 -0.20163 -0.054058 0.49733 0.47027 0.62808 0.60166 -0.24662 -0.86794 0.87668 -0.12005 0.8598 -0.64012 -0.74443 0.53551 0.93884 0.076603 -0.80362 -0.95706 -0.48267 0.16208 0.69634 0.97755 0.93138 0.59592 0.094107 -0.41327 -0.77859 -0.966 -0.99177 -0.89819 -0.73368 -0.57391 -0.43753 -0.38459 -0.3905 -0.42189 -0.39981 -0.33098 -0.26871 -0.47788 -0.67567 -0.88935 -0.96771 -0.99112 -0.99563 -0.99557
-0.08658 -0.04337 -0.039451 -0.2098 0.039315 0.14239 0.26921 0.43029 0.37764 -0.52834 -0.76276 0.81385 -0.39646 0.95281 -0.4131 -0.88281 0.31952 0.98425 0.2897 -0.66426 -0.99286 -0.63984 -0.019998 0.56006 0.92781 0.97785 0.71374 0.24286 -0.27641 -0.68252 -0.92281 -0.99784 -0.9467 -0.8123 -0.66916 -0.5407 -0.48824 -0.49123 -0.51846 -0.49538 -0.42746 -0.36527 -0.56292 -0.74414 -0.92883 -0.98706 -0.9997 -1 -1
0.013528 -0.066146 0.12506 -0.07182 0.096829 -0.25149 -0.0010501 0.13982 0.088611 -0.72344 -0.56072 0.66165 -0.63137 0.96542 -0.15879 -0.9621 0.08774 0.97785 0.48651 -0.49828 -0.9896 -0.77231 -0.1992 0.40856 0.85282 0.99848 0.81297 0.38438 -0.1354 -0.57422 -0.86316 -0.98656 -0.97919 -0.87746 -0.75353 -0.63519 -0.58428 -0.58467 -0.60777 -0.58424 -0.51821 -0.45695 -0.64146 -0.80486 -0.95955 -0.99775 -1 -0.99646 -0.99683
0.052076 0.021174 0.15934 0.11257 0.094211 -0.54172 -0.26073 -0.17398 -0.2099 -0.80616 -0.29125 0.44011 -0.80456 0.89959 0.10357 -0.97943 -0.14608 0.92185 0.65856 -0.31361 -0.94883 -0.87634 -0.36988 0.24687 0.75555 0.99369 0.89195 0.5158 0.0066964 -0.45622 -0.78871 -0.95875 -0.9957 -0.92868 -0.82619 -0.72001 -0.67173 -0.66992 -0.68902 -0.66565 -0.60248 -0.54299 -0.71296 -0.85754 -0.98156 -1 -0.99231 -0.98532 -0.98636
-0.035037 0.074158 0.025722 0.21857 0.043117 -0.63353 -0.43956 -0.4417 -0.46449 -0.769 0.0097129 0.17546 -0.90269 0.76345 0.35534 -0.93597 -0.3689 0.82083 0.799 -0.11846 -0.87341 -0.94941 -0.52698 0.080044 0.63939 0.96451 0.94958 0.63465 0.14697 -0.3311 -0.70132 -0.91547 -0.99656 -0.96568 -0.88655 -0.79439 -0.74979 -0.74625 -0.76157 -0.73899 -0.67961 -0.62274 -0.77701 -0.90199 -0.99498 -0.99409 -0.97696 -0.96695 -0.96892
-0.022676 0.0093687 -0.13644 0.18066 -0.021403 -0.50752 -0.49474 -0.60874 -0.63308 -0.62231 0.30467 -0.10325 -0.91992 0.57012 0.57971 -0.83657 -0.56906 0.68134 0.90278 0.079014 -0.76733 -0.99018 -0.66619 -0.087034 0.50806 0.9125 0.98532 0.73887 0.28272 -0.20143 -0.60297 -0.85797 -0.9823 -0.98842 -0.93421 -0.85772 -0.81783 -0.81309 -0.82493 -0.80375 -0.74908 -0.69565 -0.83326 -0.93811 -1 -0.98036 -0.95437 -0.94173 -0.94489
0.022956 -0.066719 -0.16267 0.029645 -0.063264 -0.21838 -0.41939 -0.6454 -0.69105 -0.3912 0.55915 -0.36728 -0.85778 0.33632 0.76271 -0.68911 -0.73681 0.51136 0.96678 0.27103 -0.63545 -0.99849 -0.78397 -0.24975 0.36544 0.83971 0.99915 0.82685 0.4115 -0.069692 -0.49569 -0.78766 -0.95367 -0.9971 -0.96897 -0.90959 -0.87539 -0.86999 -0.87872 -0.85958 -0.81048 -0.76126 -0.88149 -0.96588 -0.99687 -0.95919 -0.92495 -0.91009 -0.91468
0.037118 -0.039549 -0.029821 -0.13526 -0.064204 0.13056 -0.24059 -0.55067 -0.63384 -0.11081 0.7455 -0.59113 -0.72445 0.080785 0.89391 -0.50384 -0.86464 0.31988 0.98973 0.45048 -0.48325 -0.97522 -0.87765 -0.40387 0.21547 0.74856 0.99154 0.89739 0.53115 0.061719 -0.38158 -0.7061 -0.91159 -0.99208 -0.99085 -0.94975 -0.92214 -0.91668 -0.92271 -0.90621 -0.86348 -0.81923 -0.92154 -0.98535 -0.98591 -0.93102 -0.88917 -0.87248 -0.8787
-0.051944 0.041434 0.13003 -0.2135 -0.030238 0.42536 -0.009047 -0.34973 -0.4759 0.17931 0.84546 -0.75475 -0.53355 -0.17726 0.96683 -0.29256 -0.94753 0.11631 0.97213 0.61116 -0.3166 -0.92218 -0.9454 -0.54566 0.062074 0.64173 0.96341 0.94972 0.63979 0.19056 -0.26272 -0.6149 -0.85715 -0.97391 -1 -0.97814 -0.95794 -0.95299 -0.95679 -0.94351 -0.90788 -0.8693 -0.95337 -0.99666 -0.96747 -0.8963 -0.8475 -0.82939 -0.83741
-0.024771 0.056875 0.16621 -0.16357 0.015259 0.57813 0.21579 -0.086624 -0.24664 0.44083 0.85142 -0.84503 -0.30252 -0.41954 0.97901 -0.06783 -0.98298 -0.089913 0.91612 0.74788 -0.14153 -0.84204 -0.98624 -0.6719 -0.091002 0.52214 0.91605 0.98346 0.73586 0.31475 -0.14114 -0.51577 -0.79152 -0.94329 -0.99676 -0.99482 -0.98276 -0.97891 -0.98094 -0.97143 -0.94357 -0.9113 -0.97699 -1 -0.94195 -0.85551 -0.80046 -0.78128 -0.79126
0.085675 -0.004643 0.050944 -0.021589 0.046074 0.5512 0.38094 0.18589 0.015422 0.64151 0.76636 -0.85642 -0.050981 -0.62993 0.93187 0.15778 -0.97097 -0.28979 0.82522 0.85664 0.03603 -0.73811 -1 -0.77996 -0.24021 0.3928 0.85107 0.99864 0.81811 0.43243 -0.018817 -0.4104 -0.71599 -0.90103 -0.98158 -1 -0.99671 -0.99451 -0.99528 -0.99004 -0.97053 -0.94516 -0.99248 -0.99561 -0.9098 -0.80916 -0.74854 -0.72866 -0.7407
-0.026436 -0.051118 -0.1056 0.12691 0.046882 0.36319 0.45166 0.41703 0.26936 0.75874 0.60267 -0.79088 0.20103 -0.79543 0.83029 0.37238 -0.91371 -0.4751 0.70412 0.93464 0.21037 -0.6142 -0.98724 -0.86783 -0.38231 0.25676 0.77035 0.9956 0.88561 0.54193 0.1024 -0.30051 -0.63191 -0.84808 -0.95507 -0.99402 -1 -1 -1 -0.99949 -0.98882 -0.97085 -1 -0.9838 -0.87148 -0.75777 -0.69228 -0.67203 -0.68622
-0.074408 -0.027997 -0.16498 0.19975 0.019666 0.077903 0.4176 0.56706 0.47817 0.7816 0.38008 -0.65704 0.43462 -0.90674 0.68205 0.56532 -0.8154 -0.63872 0.55836 0.98032 0.37624 -0.47451 -0.9492 -0.9341 -0.51439 0.11704 0.67597 0.97504 0.93774 0.64182 0.22075 -0.18777 -0.54066 -0.78545 -0.91792 -0.97732 -0.99297 -0.99566 -0.99538 -1 -0.99857 -0.98846 -0.99976 -0.9649 -0.82748 -0.70186 -0.63219 -0.61188 -0.62828
0.064411 0.022872 -0.082831 0.16259 -0.019146 -0.21847 0.2926 0.61341 0.61382 0.71111 0.12307 -0.46892 0.63332 -0.95861 0.49718 0.72766 -0.68186 -0.77479 0.3941 0.99326 0.52892 -0.32343 -0.88772 -0.97794 -0.63393 -0.023409 0.57016 0.93789 0.97417 0.73089 0.33464 -0.073791 -0.44366 -0.71423 -0.8709 -0.95046 -0.97604 -0.98187 -0.98179 -0.99187 -1 -0.99811 -0.99203 -0.9393 -0.77829 -0.64198 -0.56879 -0.54871 -0.56734
0.034831 0.038503 0.06309 0.042265 -0.048154 -0.44364 0.10925 0.55305 0.66043 0.55922 -0.14195 -0.24434 0.78417 -0.94986 0.28717 0.85249 -0.52017 -0.87891 0.21782 0.97416 0.66437 -0.16542 -0.8051 -0.99911 -0.73883 -0.16182 0.45523 0.88536 0.99486 0.80818 0.44263 0.039868 -0.3423 -0.63553 -0.81489 -0.91405 -0.94972 -0.95908 -0.95964 -0.97546 -0.99337 -1 -0.97712 -0.90741 -0.72444 -0.57864 -0.5026 -0.48301 -0.50387
-0.061633 0.011762 0.14988 -0.093772 -0.051797 -0.5412 -0.090075 0.40125 0.61551 0.34645 -0.38939 -0.0030509 0.87831 -0.88315 0.064241 0.9351 -0.3382 -0.94815 0.036054 0.92472 0.77926 -0.0048822 -0.70407 -0.99792 -0.82742 -0.2956 0.33356 0.81884 1 0.87297 0.54342 0.15175 -0.23796 -0.55052 -0.75078 -0.86879 -0.91457 -0.9278 -0.92943 -0.95119 -0.97901 -0.99437 -0.95538 -0.86966 -0.66645 -0.51238 -0.43413 -0.41525 -0.43831
-0.0098286 -0.020123 0.11361 -0.17618 -0.027424 -0.49307 -0.26307 0.1874 0.48906 0.098904 -0.5968 0.23497 0.91131 -0.76447 -0.15937 0.97307 -0.14428 -0.98108 -0.14483 0.84748 0.87106 0.15396 -0.58764 -0.97512 -0.89845 -0.42239 0.20748 0.73987 0.99004 0.92473 0.63591 0.26051 -0.132 -0.46036 -0.67954 -0.81543 -0.87123 -0.8886 -0.89168 -0.91952 -0.95729 -0.98151 -0.92719 -0.82651 -0.60482 -0.44371 -0.36386 -0.34589 -0.37111
0.037467 -0.028173 -0.007021 -0.16848 0.014109 -0.32032 -0.3762 -0.051056 0.30126 -0.15508 -0.74673 0.45117 0.88312 -0.60258 -0.37209 0.96617 0.053251 -0.97772 -0.31884 0.74571 0.93801 0.30716 -0.45901 -0.93194 -0.95109 -0.54011 0.079297 0.65014 0.96563 0.96318 0.71916 0.36491 -0.025686 -0.36622 -0.60213 -0.75477 -0.82038 -0.8421 -0.84697 -0.88096 -0.92862 -0.96176 -0.89297 -0.77842 -0.54009 -0.37313 -0.29228 -0.27539 -0.30267
0.015368 -0.012203 -0.11304 -0.081117 0.053889 -0.073865 -0.4106 -0.27533 0.078891 -0.3882 -0.82793 0.62977 0.79772 -0.40823 -0.56354 0.91621 0.24636 -0.93941 -0.48056 0.62323 0.97913 0.45113 -0.32151 -0.86994 -0.98495 -0.64694 -0.048779 0.55139 0.9276 0.98824 0.7924 0.46382 0.079749 -0.26924 -0.51956 -0.68763 -0.76272 -0.78893 -0.79588 -0.83603 -0.89344 -0.93549 -0.85315 -0.72588 -0.47276 -0.30114 -0.21983 -0.20418 -0.23342
-0.021021 0.012496 -0.1275 0.03889 0.073519 0.18122 -0.36429 -0.45146 -0.14859 -0.57697 -0.83583 0.75871 0.66257 -0.19345 -0.72496 0.82683 0.42764 -0.86866 -0.62525 0.48427 0.99421 0.58271 -0.17847 -0.79102 -1 -0.74136 -0.17466 0.44542 0.87694 1 0.85505 0.55625 0.18316 -0.17053 -0.43281 -0.61487 -0.699 -0.72977 -0.73905 -0.78528 -0.85223 -0.9031 -0.80817 -0.66937 -0.40333 -0.2282 -0.14696 -0.13267 -0.16374
-0.038126 0.028149 -0.049572 0.1341 0.062972 0.38299 -0.25089 -0.55512 -0.35297 -0.70386 -0.77244 0.83031 0.48786 0.029298 -0.84955 0.70319 0.59053 -0.76899 -0.74897 0.33328 0.9837 0.69919 -0.033179 -0.6973 -0.99658 -0.82216 -0.29641 0.33405 0.81477 0.99875 0.90668 0.64137 0.28349 -0.071165 -0.34286 -0.53733 -0.62998 -0.66531 -0.67712 -0.7293 -0.80549 -0.86501 -0.75851 -0.60938 -0.33229 -0.15477 -0.074099 -0.061248 -0.094004
0.022711 0.020818 0.055319 0.16399 0.024592 0.48709 -0.095479 -0.57437 -0.51062 -0.75858 -0.64566 0.84149 0.28565 0.24778 -0.93266 0.55161 0.72953 -0.64469 -0.84866 0.17484 0.94872 0.79839 0.11121 -0.59111 -0.97534 -0.88843 -0.41226 0.21909 0.74231 0.98494 0.94702 0.71843 0.37977 0.027833 -0.25067 -0.45587 -0.55641 -0.59624 -0.61072 -0.66866 -0.75371 -0.82166 -0.70464 -0.54639 -0.26012 -0.081292 -0.001629 0.0097128 -0.024566
0.059006 -0.0082028 0.11134 0.121 -0.028009 0.47536 0.071142 -0.51035 -0.60497 -0.73857 -0.46814 0.79359 0.068982 0.45068 -0.97182 0.37923 0.84034 -0.50068 -0.92213 0.013475 0.89092 0.87864 0.25174 -0.47487 -0.93726 -0.93955 -0.52063 0.10227 0.66087 0.95913 0.97598 0.78685 0.47112 0.1255 -0.15719 -0.37133 -0.47906 -0.52327 -0.54051 -0.60396 -0.69742 -0.77351 -0.64703 -0.48087 -0.18726 -0.0081601 0.070072 0.079864 0.044244
-0.034899 -0.0351 0.086614 0.029702 -0.075342 0.35735 0.21863 -0.37599 -0.62779 -0.64858 -0.25592 0.692 -0.14894 0.62807 -0.96671 0.19367 0.9199 -0.34225 -0.9681 -0.14646 0.81243 0.93876 0.38568 -0.35109 -0.88352 -0.97519 -0.62014 -0.014699 0.57178 0.92203 0.99359 0.84616 0.55678 0.22094 -0.063287 -0.28455 -0.39869 -0.44708 -0.46713 -0.53578 -0.63715 -0.72101 -0.58616 -0.41329 -0.11415 0.064235 0.14066 0.14888 0.11211
-0.068721 -0.030725 0.0082868 -0.067591 -0.099407 0.16543 0.32239 -0.19314 -0.57952 -0.49967 -0.026852 0.54544 -0.35557 0.77188 -0.919 0.0026521 0.96644 -0.17485 -0.98614 -0.30088 0.71578 0.97812 0.51058 -0.22227 -0.81554 -0.99527 -0.70962 -0.13022 0.47644 0.87444 1 0.89603 0.63606 0.31332 0.03017 -0.19633 -0.31604 -0.36836 -0.39121 -0.46471 -0.57341 -0.66465 -0.5225 -0.34412 -0.041197 0.13553 0.2098 0.21646 0.17876
0.045041 0.0069849 -0.065071 -0.13073 -0.090194 -0.054554 0.36731 0.011172 -0.46847 -0.30769 0.20091 0.36513 -0.5397 0.87615 -0.83216 -0.1863 0.97942 -0.0039428 -0.97665 -0.44603 0.60378 0.99654 0.6243 -0.090886 -0.7349 -1 -0.78811 -0.2428 0.37624 0.81726 0.99551 0.93624 0.7084 0.40188 0.12238 -0.10745 -0.23183 -0.28779 -0.31338 -0.39132 -0.50674 -0.6049 -0.45651 -0.27379 0.031198 0.2054 0.2772 0.28233 0.2439
0.067829 0.0435 -0.087304 -0.13777 -0.049119 -0.25444 0.34938 0.20884 -0.30925 -0.091443 0.41033 0.16386 -0.69197 0.93715 -0.71115 -0.36614 0.9595 0.16519 -0.94078 -0.57863 0.47945 0.99431 0.72504 0.040673 -0.64332 -0.98978 -0.85484 -0.35106 0.27255 0.75145 0.9805 0.96669 0.77332 0.48596 0.2126 -0.018653 -0.14676 -0.206 -0.23424 -0.31616 -0.43765 -0.54221 -0.38865 -0.20272 0.10267 0.27352 0.34259 0.34623 0.3073
-0.044877 0.039754 -0.052536 -0.091307 0.011587 -0.39409 0.27525 0.37447 -0.12072 0.1292 0.58667 -0.04494 -0.80525 0.95341 -0.5621 -0.53052 0.90838 0.3276 -0.88033 -0.69585 0.34593 0.97213 0.81132 0.17015 -0.54259 -0.96524 -0.90929 -0.45374 0.16673 0.67801 0.95547 0.98738 0.83045 0.56493 0.30014 0.069366 -0.061494 -0.12363 -0.15436 -0.23979 -0.36664 -0.47706 -0.31936 -0.13133 0.17289 0.33961 0.40571 0.40792 0.36873
-0.060488 -0.0052744 0.0081844 -0.01421 0.073051 -0.44883 0.16014 0.48844 0.076363 0.33514 0.71843 -0.24812 -0.87487 0.92565 -0.39199 -0.67401 0.82871 0.4788 -0.79765 -0.7954 0.2064 0.93107 0.88204 0.29542 -0.43457 -0.92718 -0.95109 -0.54973 0.06009 0.598 0.92099 0.99842 0.87951 0.63829 0.38435 0.15594 0.02333 -0.041265 -0.074313 -0.16273 -0.2942 -0.40989 -0.24908 -0.060005 0.24152 0.40342 0.46634 0.46721 0.42798
0.032483 -0.049348 0.053279 0.061882 0.1159 -0.41287 0.024573 0.53889 0.26164 0.5096 0.79789 -0.43357 -0.89869 0.85653 -0.20826 -0.7922 0.72391 0.61486 -0.69557 -0.87552 0.064024 0.87251 0.93641 0.41456 -0.32113 -0.87656 -0.9801 -0.63806 -0.046126 0.51247 0.8777 1 0.9203 0.70557 0.46467 0.24047 0.10711 0.040527 0.005385 -0.085472 -0.22081 -0.34116 -0.17821 0.010886 0.30829 0.4647 0.52429 0.5239 0.48488
0.049411 -0.04807 0.058641 0.10953 0.12629 -0.2986 -0.10939 0.52253 0.41718 0.63939 0.82139 -0.59092 -0.87702 0.75045 -0.018511 -0.88181 0.598 0.73247 -0.57725 -0.93498 -0.078164 0.79813 0.974 0.52585 -0.20414 -0.81447 -0.99634 -0.71791 -0.15073 0.42251 0.82631 0.9924 0.95273 0.76642 0.54059 0.32237 0.18929 0.12121 0.084231 -0.0085019 -0.14692 -0.2713 -0.10714 0.080995 0.37291 0.52326 0.57936 0.57782 0.53925
-0.010733 -0.00019402 0.02916 0.11491 0.10003 -0.1324 -0.22164 0.44433 0.52903 0.71567 0.78929 -0.712 -0.81241 0.61319 0.16981 -0.9407 0.45547 0.82902 -0.44611 -0.97312 -0.21728 0.70978 0.99468 0.62775 -0.085411 -0.74211 -1 -0.7886 -0.25263 0.32917 0.76755 0.97598 0.97678 0.82052 0.61165 0.40113 0.26936 0.20029 0.16176 0.067731 -0.072973 -0.20071 -0.036262 0.15 0.43515 0.5789 0.63142 0.62885 0.59096
-0.034378 0.050016 -0.010122 0.080739 0.043584 0.051705 -0.29689 0.31622 0.5883 0.73437 0.70563 -0.79114 -0.7094 0.45158 0.3497 -0.96787 0.30106 0.90259 -0.30571 -0.98975 -0.35063 0.60953 0.99863 0.719 0.033304 -0.66075 -0.99142 -0.8496 -0.3508 0.23351 0.70223 0.95114 0.99249 0.86767 0.67747 0.47628 0.34682 0.27731 0.23753 0.1428 0.00061718 -0.1298 0.034076 0.21759 0.49479 0.63146 0.68032 0.67684 0.63988
-0.014604 0.055467 -0.033621 0.02293 -0.027959 0.21912 -0.32642 0.15513 0.59156 0.69614 0.57759 -0.82534 -0.57411 0.2731 0.51484 -0.96344 0.13962 0.95197 -0.15964 -0.98519 -0.47581 0.49952 0.98629 0.79853 0.15034 -0.57174 -0.97107 -0.9005 -0.44431 0.13654 0.63114 0.91837 1 0.9077 0.73773 0.54742 0.42124 0.35184 0.31114 0.21632 0.07346 -0.058956 0.10354 0.28349 0.55163 0.68082 0.72595 0.72171 0.6859
0.013693 0.01086 -0.031154 -0.036849 -0.095319 0.34096 -0.30876 -0.019347 0.54078 0.60592 0.41482 -0.81425 -0.41389 0.085572 0.65975 -0.92853 -0.024031 0.97665 -0.011454 -0.96017 -0.59066 0.38197 0.95836 0.86552 0.26414 -0.47643 -0.93956 -0.94106 -0.53235 0.039253 0.55511 0.87819 0.99949 0.94052 0.79215 0.61416 0.49224 0.42349 0.38222 0.28791 0.14519 0.011473 0.17181 0.34744 0.60551 0.72684 0.76824 0.76336 0.72894
0.036157 -0.043505 -0.011044 -0.079249 -0.14036 0.39865 -0.24913 -0.18739 0.44267 0.47229 0.22862 -0.75995 -0.23682 -0.10324 0.77997 -0.86517 -0.18527 0.97677 0.13544 -0.91585 -0.69336 0.25915 0.91576 0.91937 0.37326 -0.37622 -0.8976 -0.97115 -0.61418 -0.057425 0.47496 0.83116 0.9912 0.96611 0.84052 0.6762 0.55946 0.49193 0.45045 0.35725 0.21545 0.081139 0.2386 0.40921 0.65627 0.76945 0.8071 0.80173 0.76892
0.013097 -0.059922 0.0090051 -0.093169 -0.1509 0.38616 -0.15815 -0.33113 0.30775 0.30654 0.031134 -0.66673 -0.051356 -0.2859 0.87211 -0.77617 -0.33977 0.95307 0.27782 -0.85369 -0.78237 0.13327 0.85958 0.95971 0.47642 -0.27246 -0.84596 -0.99076 -0.68918 -0.15261 0.39153 0.77787 0.97544 0.98448 0.8827 0.73326 0.62259 0.55682 0.51551 0.42402 0.28395 0.14972 0.30363 0.46858 0.70379 0.80856 0.84248 0.83678 0.8058
-0.046294 -0.025608 0.015248 -0.077939 -0.12367 0.30976 -0.04982 -0.43642 0.1491 0.12162 -0.16547 -0.54065 0.13414 -0.45561 0.93393 -0.66498 -0.48359 0.90685 0.41272 -0.77547 -0.85653 0.0064871 0.79109 0.98639 0.57246 -0.16652 -0.78553 -1 -0.75681 -0.24547 0.30563 0.71894 0.95255 0.99574 0.91857 0.78514 0.68137 0.61791 0.57714 0.48795 0.35037 0.21693 0.36667 0.52536 0.74797 0.84411 0.87435 0.86847 0.83952
-0.042717 0.028659 0.0062974 -0.041798 -0.064894 0.18582 0.060641 -0.49402 -0.018927 -0.068839 -0.34972 -0.38912 0.3117 -0.60638 0.9643 -0.53556 -0.61329 0.83988 0.53751 -0.68318 -0.91495 -0.11911 0.71166 0.99945 0.66037 -0.05971 -0.71723 -0.99909 -0.81666 -0.33525 0.21806 0.65501 0.92291 1 0.94809 0.83164 0.73558 0.67496 0.63511 0.54879 0.41445 0.28248 0.42748 0.57939 0.78871 0.87609 0.9027 0.89678 0.87006
0.039344 0.057738 -0.007858 0.0021252 0.011516 0.037131 0.15892 -0.50017 -0.18205 -0.2516 -0.51144 -0.22045 0.47413 -0.73325 0.96321 -0.39217 -0.72596 0.75433 0.64988 -0.57899 -0.95711 -0.24157 0.62279 0.99912 0.73931 0.046721 -0.64201 -0.98833 -0.86839 -0.42125 0.12958 0.58671 0.88694 0.99745 0.97125 0.87265 0.78502 0.72777 0.68922 0.60632 0.47595 0.34612 0.48586 0.63051 0.82597 0.90445 0.92751 0.92171 0.89742
