0.71222 0.51405 0.37301 0.36419 0.41084 0.47653 0.52993 0.53586 0.46841 0.38671 0.3094 0.28759 0.27115 0.22449 0.17145 0.1242 0.086593 0.060306 0.046467 0.044889 0.051613 0.062304 0.075002 0.08923 0.10508 0.12278 0.14257 0.16451 0.18861 0.21478 0.2429 0.27283 0.30433 0.33699 0.37018 0.40309 0.43469 0.46383 0.48932 0.51005 0.52514 0.53402 0.53642 0.53239 0.52218 0.50613 0.48461 0.45792 0.42631
0.38111 0.61505 0.4834 0.040437 0.4047 0.61057 0.7503 0.857 0.88818 0.8615 0.69745 0.56166 0.45367 0.34003 0.24803 0.1774 0.12319 0.082939 0.05531 0.040022 0.036838 0.042399 0.052541 0.065489 0.080947 0.099059 0.11998 0.14376 0.17027 0.19931 0.23062 0.26389 0.29874 0.33464 0.37093 0.40679 0.4413 0.47346 0.50233 0.52704 0.54699 0.56181 0.57143 0.57606 0.57604 0.57185 0.56399 0.55299 0.53943
0.18562 0.31982 0.30602 0.012338 0.21976 0.24655 0.18249 0.11081 0.039938 0.043825 0.13545 0.22016 0.28119 0.288 0.26339 0.22737 0.19117 0.16145 0.14064 0.12845 0.12348 0.12421 0.12933 0.13785 0.14905 0.16243 0.17758 0.19415 0.21187 0.23055 0.25014 0.27067 0.29221 0.31481 0.3385 0.36327 0.38901 0.41553 0.44255 0.46968 0.49649 0.52255 0.54752 0.57117 0.59342 0.61427 0.63382 0.65223 0.66974
0.069324 0.045753 0.18366 0.26285 0.31393 0.39561 0.46785 0.57568 0.6862 0.75954 0.67156 0.55958 0.44396 0.31288 0.20838 0.13788 0.10322 0.10115 0.11489 0.13123 0.14575 0.15778 0.16762 0.17569 0.18232 0.18766 0.19169 0.1943 0.19539 0.19501 0.19339 0.19104 0.18871 0.18748 0.18875 0.19414 0.20509 0.22243 0.24617 0.27556 0.30943 0.3465 0.38562 0.4259 0.46667 0.50753 0.54822 0.58861 0.62867
0.43722 0.55445 0.49057 0.3583 0.23165 0.19744 0.34366 0.53193 0.68537 0.76994 0.67264 0.55055 0.44064 0.33852 0.27711 0.24681 0.23127 0.22169 0.21489 0.21011 0.20712 0.20553 0.20463 0.20363 0.20179 0.19845 0.1931 0.18532 0.17487 0.1617 0.14588 0.12755 0.10682 0.08381 0.058741 0.032597 0.016328 0.038685 0.072133 0.1088 0.14775 0.1886 0.23107 0.2749 0.31987 0.36578 0.41248 0.45985 0.50777
0.59421 0.75271 0.88096 0.56714 0.24344 0.14605 0.33252 0.47434 0.52756 0.51801 0.41958 0.34254 0.28509 0.22691 0.18965 0.1756 0.17791 0.18883 0.20242 0.21511 0.22519 0.23205 0.23562 0.23607 0.23369 0.22875 0.22147 0.21205 0.20081 0.18818 0.17474 0.16112 0.14801 0.13607 0.12602 0.11857 0.11444 0.11434 0.11885 0.12835 0.14295 0.16245 0.18641 0.2143 0.24556 0.27969 0.3163 0.35513 0.39599
0.18883 0.1693 0.23104 0.29309 0.22231 0.21518 0.3197 0.35955 0.28961 0.16255 0.047711 0.047404 0.07983 0.12215 0.16986 0.21141 0.24141 0.26015 0.2701 0.27388 0.27343 0.26993 0.26399 0.2559 0.24587 0.23399 0.22028 0.20471 0.18737 0.16851 0.14856 0.12809 0.10792 0.089215 0.073865 0.064649 0.064103 0.071925 0.085274 0.10152 0.11919 0.13769 0.15685 0.1768 0.19779 0.22016 0.24431 0.27071 0.2998
0.4022 0.54708 0.62577 0.59961 0.70383 0.82089 0.90467 0.97514 0.99848 0.99363 0.85352 0.75277 0.68617 0.59855 0.52622 0.47232 0.42985 0.39476 0.36477 0.33878 0.31626 0.2968 0.27984 0.26469 0.25056 0.23662 0.22202 0.20605 0.18826 0.16854 0.1471 0.12438 0.10108 0.078286 0.057985 0.044253 0.042803 0.052745 0.067252 0.082085 0.09561 0.10739 0.11762 0.12694 0.13628 0.1468 0.15976 0.17634 0.19749
0.14133 0.12252 0.12969 0.11665 0.1232 0.18181 0.19022 0.13829 0.059793 0.13326 0.22869 0.31217 0.38398 0.40887 0.40615 0.38853 0.36151 0.33088 0.3017 0.27755 0.26015 0.2494 0.24383 0.24138 0.24004 0.23815 0.23445 0.22815 0.21892 0.20689 0.19255 0.17666 0.16012 0.14389 0.12896 0.11614 0.10593 0.098209 0.092217 0.086781 0.080707 0.073132 0.063776 0.053317 0.044396 0.043076 0.054715 0.077282 0.10709
0.51583 0.45645 0.47629 0.42097 0.36374 0.33794 0.29882 0.25901 0.23309 0.24585 0.25013 0.26184 0.27379 0.26092 0.2345 0.19787 0.15348 0.10908 0.080008 0.084857 0.11388 0.14779 0.17898 0.20514 0.22566 0.24052 0.24983 0.25383 0.25288 0.24755 0.23863 0.22697 0.21345 0.19884 0.18388 0.16913 0.15503 0.14181 0.12952 0.11806 0.10736 0.097591 0.08942 0.084252 0.084112 0.090818 0.10493 0.12579 0.15236
0.094135 0.2277 0.45564 0.38588 0.16905 0.064618 0.073179 0.064177 0.19521 0.34948 0.41922 0.4506 0.45879 0.42002 0.36926 0.31893 0.27212 0.2334 0.20777 0.198 0.20239 0.21593 0.23348 0.25145 0.26774 0.28115 0.29101 0.29694 0.29888 0.29709 0.29212 0.28469 0.27554 0.26538 0.25482 0.24441 0.23461 0.22582 0.21833 0.21236 0.2081 0.20575 0.20551 0.20767 0.21251 0.22036 0.23149 0.2461 0.26435
0.2995 0.11699 0.054643 0.19082 0.38657 0.43883 0.4187 0.42114 0.47503 0.58654 0.63851 0.68746 0.72292 0.68894 0.63286 0.57421 0.51714 0.46544 0.42186 0.38781 0.36347 0.34791 0.33953 0.3364 0.33664 0.33852 0.34058 0.34165 0.34103 0.33851 0.33432 0.32894 0.32292 0.3168 0.31102 0.30588 0.30163 0.29837 0.29616 0.295 0.29491 0.2959 0.29805 0.30152 0.30649 0.31318 0.32186 0.33277 0.34617
0.5371 0.66833 0.61159 0.36083 0.31454 0.33692 0.36117 0.40946 0.48426 0.60199 0.65079 0.69064 0.71378 0.66963 0.609 0.5522 0.50273 0.46238 0.43116 0.40801 0.39148 0.3801 0.37244 0.36726 0.36351 0.36028 0.35675 0.35231 0.34667 0.33997 0.33274 0.32567 0.31949 0.31478 0.31192 0.31101 0.31193 0.31434 0.31778 0.32181 0.32605 0.33028 0.33445 0.3387 0.34329 0.34856 0.35493 0.36283 0.3727
0.13251 0.4391 0.64473 0.46346 0.26973 0.17191 0.13123 0.1773 0.2917 0.41292 0.43943 0.42791 0.39205 0.32268 0.26597 0.24045 0.24369 0.26263 0.28544 0.3061 0.32254 0.33433 0.34158 0.34452 0.34349 0.33884 0.33092 0.32018 0.30732 0.29339 0.27971 0.26776 0.25888 0.25409 0.25382 0.25778 0.26513 0.2746 0.2849 0.29485 0.30364 0.31083 0.31633 0.32043 0.32363 0.32659 0.33009 0.3349 0.34182
0.59836 0.56707 0.57767 0.46809 0.42579 0.37048 0.31731 0.31588 0.3599 0.42639 0.41666 0.37874 0.31843 0.23138 0.16093 0.1313 0.14663 0.18332 0.22251 0.25699 0.28429 0.30365 0.31495 0.3185 0.31489 0.30489 0.28933 0.26925 0.24594 0.22115 0.19716 0.17671 0.16284 0.15801 0.16274 0.17517 0.19213 0.21053 0.22794 0.24274 0.25399 0.26136 0.26504 0.26568 0.26424 0.26195 0.26019 0.26042 0.26407
0.47928 0.32311 0.37327 0.41075 0.31398 0.22218 0.2045 0.32835 0.46714 0.56288 0.53303 0.48673 0.44383 0.38518 0.34214 0.31759 0.30605 0.30395 0.3083 0.31577 0.32309 0.3275 0.32707 0.32069 0.308 0.2891 0.26442 0.23461 0.20067 0.16391 0.12611 0.090018 0.061918 0.055842 0.075237 0.10424 0.13369 0.16011 0.18176 0.19763 0.20724 0.21057 0.20808 0.20066 0.18967 0.17691 0.16485 0.15658 0.15554
0.12811 0.28682 0.16968 0.16768 0.32761 0.42318 0.43475 0.41195 0.36767 0.30886 0.19882 0.12126 0.15838 0.24553 0.31795 0.36779 0.39638 0.40868 0.41018 0.40525 0.39649 0.38488 0.37029 0.3522 0.33017 0.30397 0.27363 0.23946 0.20216 0.16275 0.12259 0.083757 0.051305 0.042022 0.063443 0.093564 0.12271 0.14784 0.16738 0.1803 0.18599 0.18423 0.1752 0.15941 0.1376 0.11073 0.080152 0.049026 0.033091
0.042838 0.26331 0.43753 0.38445 0.29575 0.21049 0.17511 0.23828 0.35332 0.46686 0.48286 0.48523 0.50364 0.51094 0.52367 0.53657 0.54089 0.53478 0.52017 0.50008 0.47712 0.45274 0.42733 0.40072 0.3726 0.34272 0.31104 0.27782 0.24379 0.21019 0.17883 0.15218 0.13336 0.12533 0.12874 0.14077 0.15701 0.17358 0.18759 0.19712 0.20096 0.19855 0.18991 0.17557 0.15658 0.13454 0.11217 0.094361 0.088983
0.52103 0.28451 0.065269 0.18932 0.18706 0.21677 0.32267 0.4679 0.64874 0.85109 0.90469 0.92363 0.92619 0.86121 0.79336 0.73892 0.69296 0.65184 0.61365 0.57765 0.54361 0.51122 0.47995 0.44925 0.41872 0.38817 0.35756 0.32714 0.29752 0.26968 0.24487 0.22446 0.20972 0.20155 0.20007 0.20442 0.21282 0.2231 0.23307 0.24089 0.24526 0.24552 0.24163 0.23418 0.22429 0.21357 0.20405 0.19804 0.19779
0.29515 0.27718 0.38561 0.48376 0.45239 0.47423 0.56717 0.69841 0.81609 0.93475 0.93319 0.94587 0.9624 0.9078 0.84162 0.78335 0.73198 0.68648 0.64573 0.60866 0.57437 0.54204 0.51089 0.48042 0.45048 0.42114 0.39262 0.36531 0.33978 0.3168 0.29718 0.28166 0.27076 0.26472 0.26343 0.26633 0.27243 0.28041 0.28878 0.29613 0.30137 0.30387 0.30351 0.30067 0.29615 0.29103 0.28658 0.28409 0.28474
0.42909 0.59104 0.59699 0.35301 0.26172 0.31555 0.30546 0.21008 0.15513 0.33594 0.49079 0.5982 0.67284 0.67975 0.66767 0.65496 0.64131 0.62562 0.60716 0.58594 0.5624 0.53699 0.51011 0.48222 0.45401 0.42624 0.39974 0.37528 0.35368 0.33568 0.32185 0.31248 0.30753 0.30671 0.3095 0.3152 0.32294 0.33169 0.34036 0.34792 0.35356 0.35683 0.35765 0.35634 0.35352 0.34999 0.34668 0.34448 0.34426
0.28418 0.30369 0.31839 0.45584 0.53545 0.53804 0.49809 0.43135 0.34826 0.30075 0.26975 0.284 0.32967 0.37379 0.42084 0.4666 0.5029 0.5259 0.53533 0.53297 0.52134 0.50281 0.47933 0.45264 0.42448 0.3966 0.37066 0.34821 0.33054 0.31854 0.31246 0.31194 0.31609 0.3238 0.33396 0.34548 0.35739 0.36877 0.37878 0.38673 0.39214 0.39483 0.39491 0.39281 0.38914 0.38466 0.38014 0.37639 0.37412
0.055435 0.14865 0.17708 0.25376 0.4017 0.46522 0.44526 0.37943 0.27614 0.17142 0.080026 0.08151 0.1556 0.23572 0.31056 0.37634 0.42771 0.4622 0.47996 0.48293 0.47379 0.45524 0.42969 0.39948 0.36711 0.33526 0.30679 0.28457 0.27096 0.26706 0.27223 0.28447 0.30126 0.32034 0.33992 0.35866 0.37559 0.38997 0.40125 0.4091 0.4134 0.4143 0.41217 0.40762 0.40137 0.39422 0.38697 0.38039 0.37523
0.59963 0.57469 0.48826 0.39047 0.29725 0.27883 0.30704 0.30531 0.29559 0.33315 0.34707 0.36445 0.38939 0.39741 0.40913 0.42737 0.44548 0.4579 0.4612 0.45413 0.43701 0.41092 0.37738 0.33833 0.29631 0.25467 0.21797 0.19214 0.18297 0.1919 0.21444 0.24419 0.27618 0.30741 0.33608 0.36116 0.382 0.39821 0.40963 0.41625 0.41833 0.4163 0.41079 0.40258 0.39252 0.38149 0.37034 0.35992 0.35106
0.29726 0.08992 0.2659 0.32303 0.15875 0.16019 0.19522 0.1733 0.24013 0.40378 0.48819 0.5306 0.55497 0.53755 0.51763 0.50514 0.49589 0.4857 0.47125 0.45039 0.4221 0.38615 0.34288 0.2932 0.23866 0.18161 0.12627 0.083735 0.080375 0.11693 0.16527 0.21363 0.25841 0.2982 0.33234 0.36048 0.38246 0.39828 0.40806 0.41211 0.4109 0.40507 0.39539 0.38273 0.36801 0.35214 0.33606 0.32073 0.30717
0.49618 0.45215 0.67798 0.75938 0.66325 0.58691 0.57669 0.58999 0.5898 0.60366 0.56487 0.56289 0.5863 0.58022 0.56901 0.55842 0.54487 0.52668 0.50301 0.4734 0.43754 0.39526 0.34658 0.29199 0.23253 0.16978 0.10649 0.051772 0.05472 0.10712 0.16294 0.21499 0.26148 0.30167 0.33518 0.36183 0.38162 0.39465 0.4012 0.40165 0.39657 0.38663 0.37259 0.35526 0.33549 0.31416 0.29218 0.27064 0.25084
0.62525 0.70551 0.58927 0.22512 0.26712 0.47104 0.50836 0.46103 0.37442 0.32697 0.33834 0.41888 0.51593 0.56682 0.59082 0.59971 0.59515 0.57934 0.55448 0.52236 0.48425 0.44093 0.39301 0.34152 0.28834 0.23667 0.19198 0.16304 0.15882 0.17855 0.21194 0.24955 0.28601 0.31856 0.34578 0.36698 0.38188 0.39047 0.39294 0.38961 0.38094 0.36746 0.34974 0.32841 0.30408 0.2774 0.24912 0.22018 0.192
0.080217 0.42895 0.78034 0.67936 0.53135 0.4775 0.43822 0.38225 0.29535 0.24126 0.28778 0.40501 0.52812 0.59745 0.63471 0.65347 0.6557 0.64396 0.62116 0.59012 0.55312 0.51178 0.46736 0.42124 0.3755 0.33297 0.29737 0.27277 0.26218 0.26565 0.27992 0.30028 0.32249 0.3435 0.36135 0.3749 0.38359 0.38721 0.38577 0.37942 0.36837 0.35288 0.33324 0.30975 0.28272 0.25247 0.21937 0.18386 0.14661
0.11564 0.14213 0.22569 0.3471 0.38212 0.2973 0.3195 0.42461 0.51062 0.5773 0.57248 0.60223 0.66432 0.69382 0.71221 0.72457 0.7262 0.716 0.69519 0.66614 0.63128 0.59259 0.55154 0.50957 0.46841 0.43015 0.39706 0.37132 0.35445 0.34667 0.34673 0.35231 0.36077 0.36977 0.37758 0.38304 0.38551 0.38465 0.38032 0.37242 0.36088 0.34562 0.32656 0.30371 0.27715 0.24702 0.21354 0.17702 0.13784
0.62284 0.56473 0.50587 0.43688 0.34872 0.21369 0.18876 0.2747 0.3965 0.54692 0.6208 0.68776 0.75843 0.77932 0.78882 0.79654 0.79685 0.78721 0.76784 0.7406 0.70782 0.67145 0.63295 0.59355 0.55463 0.51769 0.48417 0.4554 0.43234 0.41534 0.40402 0.39729 0.39367 0.39169 0.39013 0.38813 0.38519 0.381 0.37528 0.36769 0.35779 0.3451 0.32921 0.30987 0.28703 0.26092 0.23201 0.20112 0.16963
0.13356 0.37971 0.62557 0.50461 0.34484 0.18004 0.034348 0.10935 0.25587 0.43472 0.55796 0.66961 0.77617 0.81995 0.84117 0.85449 0.8575 0.84952 0.83165 0.80607 0.77516 0.74078 0.70419 0.66636 0.62833 0.59116 0.55584 0.52325 0.49413 0.46898 0.44792 0.43066 0.41655 0.40488 0.39506 0.38669 0.37958 0.37351 0.36812 0.36274 0.35651 0.34847 0.33782 0.32407 0.3071 0.28723 0.26517 0.24209 0.21967
0.34992 0.23872 0.045213 0.27023 0.37871 0.34794 0.291 0.28766 0.34002 0.44824 0.53572 0.64846 0.77454 0.83966 0.87526 0.89651 0.90346 0.89764 0.88148 0.85773 0.82883 0.79646 0.76159 0.72488 0.68707 0.64891 0.6111 0.57431 0.53922 0.50649 0.47665 0.44997 0.42649 0.40619 0.38915 0.37555 0.36561 0.35929 0.35605 0.35481 0.35408 0.35235 0.34835 0.34134 0.33113 0.31806 0.30294 0.28698 0.27175
0.14366 0.13407 0.13674 0.26451 0.2827 0.21508 0.14208 0.17162 0.27282 0.4207 0.53792 0.66578 0.79923 0.86681 0.90335 0.92535 0.93323 0.92881 0.91464 0.89334 0.86707 0.83716 0.8042 0.76856 0.7307 0.69118 0.65053 0.60932 0.56826 0.52819 0.48999 0.45443 0.42213 0.39379 0.37021 0.35233 0.34093 0.33614 0.3371 0.342 0.3485 0.35436 0.35785 0.35801 0.35458 0.34795 0.33898 0.32886 0.31902
0.30039 0.47519 0.4662 0.40842 0.34728 0.24882 0.17742 0.18918 0.29754 0.47822 0.60945 0.73176 0.84963 0.8987 0.92271 0.93855 0.94485 0.94179 0.93063 0.91305 0.8905 0.86381 0.83322 0.7988 0.76087 0.71984 0.67617 0.6304 0.58331 0.53594 0.48944 0.44502 0.40388 0.36743 0.33743 0.31587 0.30438 0.30322 0.31081 0.32403 0.33934 0.3537 0.36499 0.37214 0.37497 0.37397 0.37006 0.36449 0.3586
0.60889 0.37202 0.091232 0.30755 0.23395 0.081223 0.17202 0.3341 0.48514 0.64427 0.71718 0.79399 0.87954 0.90607 0.91792 0.92925 0.93623 0.93699 0.93114 0.91916 0.9017 0.87911 0.85137 0.81844 0.78053 0.73801 0.69131 0.641 0.58791 0.53322 0.47832 0.42474 0.37416 0.32878 0.2916 0.26636 0.2562 0.26144 0.27868 0.30253 0.32789 0.35106 0.36982 0.38325 0.39136 0.39483 0.39476 0.39246 0.3893
0.43862 0.53283 0.5542 0.47714 0.40437 0.3384 0.35724 0.45609 0.56715 0.6837 0.71534 0.76765 0.84044 0.86399 0.87789 0.89427 0.90849 0.91762 0.92017 0.91577 0.9046 0.8868 0.8623 0.83107 0.79336 0.74956 0.70009 0.64552 0.58674 0.52499 0.46178 0.39875 0.33785 0.28187 0.23537 0.20522 0.19808 0.21386 0.24455 0.28098 0.31675 0.34812 0.37326 0.39164 0.40363 0.41018 0.41258 0.41227 0.41072
0.52694 0.43137 0.34127 0.32542 0.39386 0.4041 0.38618 0.38897 0.41909 0.50065 0.55726 0.63767 0.73096 0.77581 0.80782 0.83989 0.86835 0.8902 0.90361 0.90804 0.9037 0.89089 0.86974 0.84038 0.80315 0.75849 0.70683 0.64874 0.5851 0.51715 0.44636 0.37429 0.30271 0.23425 0.17429 0.13498 0.13362 0.16711 0.21501 0.2643 0.30913 0.34685 0.37643 0.39791 0.41205 0.42008 0.42349 0.4239 0.42287
0.26758 0.23004 0.16707 0.15291 0.25005 0.26691 0.21984 0.13576 0.080925 0.21945 0.35817 0.4818 0.60007 0.67205 0.72847 0.78141 0.82746 0.86361 0.88824 0.9012 0.90317 0.89492 0.87692 0.84951 0.81313 0.76828 0.71537 0.65496 0.5879 0.51542 0.43894 0.35983 0.27937 0.19903 0.12168 0.060158 0.072722 0.13468 0.19893 0.25748 0.30782 0.34881 0.38022 0.40256 0.4169 0.42471 0.42767 0.42753 0.42599
0.58442 0.41361 0.33403 0.26842 0.26134 0.27359 0.27919 0.25866 0.22658 0.25063 0.30675 0.39582 0.50648 0.59187 0.66728 0.73808 0.79904 0.84679 0.8801 0.89944 0.90613 0.90141 0.88607 0.86061 0.82553 0.78131 0.72836 0.66719 0.59867 0.52406 0.44485 0.36249 0.27828 0.19349 0.1099 0.035628 0.063478 0.13556 0.2034 0.26344 0.31409 0.35461 0.38496 0.40581 0.41839 0.4243 0.42536 0.42347 0.42047
0.79343 0.62921 0.16968 0.08096 0.12854 0.21892 0.29309 0.3176 0.30745 0.31179 0.31833 0.37605 0.47552 0.5638 0.64686 0.72553 0.79308 0.84586 0.8829 0.90508 0.91413 0.91155 0.89823 0.87468 0.84136 0.79867 0.74696 0.68671 0.61881 0.54466 0.46601 0.38475 0.30303 0.22392 0.15399 0.11123 0.12226 0.17087 0.22782 0.28145 0.32739 0.36386 0.39042 0.40759 0.41658 0.41904 0.41688 0.41212 0.40677
0.68525 0.67614 0.31458 0.12426 0.13229 0.18402 0.20529 0.17653 0.14424 0.20277 0.29139 0.39247 0.50739 0.59565 0.67429 0.7484 0.81214 0.86199 0.89703 0.91818 0.92712 0.92526 0.91333 0.89167 0.86054 0.8202 0.7709 0.71305 0.64762 0.57613 0.50066 0.42365 0.34814 0.27853 0.22228 0.19093 0.19342 0.22325 0.26521 0.30808 0.3458 0.37547 0.39603 0.40771 0.41156 0.40921 0.40263 0.39397 0.38546
0.44499 0.71249 0.6393 0.40162 0.29165 0.24071 0.20448 0.15969 0.14546 0.24501 0.35996 0.47628 0.59593 0.67437 0.73867 0.79891 0.85076 0.89134 0.91977 0.93677 0.94366 0.94145 0.93048 0.91071 0.88216 0.84485 0.79887 0.74458 0.68293 0.61558 0.54481 0.47344 0.40487 0.34362 0.2957 0.26791 0.26399 0.28041 0.30839 0.33927 0.367 0.38814 0.40117 0.40598 0.40347 0.39519 0.38314 0.36965 0.3572
0.38768 0.38689 0.55149 0.54759 0.45947 0.37817 0.33919 0.34907 0.38741 0.46698 0.52371 0.60998 0.71505 0.77477 0.81989 0.86231 0.89866 0.92686 0.94633 0.95758 0.96146 0.95841 0.94825 0.93051 0.90486 0.87108 0.82908 0.77911 0.72205 0.6596 0.59412 0.52853 0.46619 0.4111 0.36778 0.34044 0.33089 0.33686 0.35267 0.37184 0.38905 0.40083 0.40542 0.40249 0.39273 0.37763 0.3592 0.33995 0.32276
0.12635 0.099378 0.22273 0.36963 0.36794 0.2915 0.29413 0.38222 0.48567 0.60296 0.65642 0.73334 0.82915 0.87159 0.89835 0.9236 0.9448 0.96078 0.97137 0.97696 0.97795 0.97423 0.96509 0.94964 0.92719 0.89731 0.85969 0.81446 0.7624 0.70513 0.64497 0.58476 0.52759 0.47685 0.43596 0.40768 0.393 0.39028 0.39554 0.40385 0.41074 0.41298 0.40879 0.39765 0.38012 0.35753 0.33192 0.30596 0.28307
0.13279 0.11047 0.11586 0.23505 0.20886 0.0384 0.15066 0.30971 0.45623 0.62508 0.71951 0.81552 0.91484 0.94675 0.95943 0.97096 0.98005 0.9864 0.99016 0.99163 0.99083 0.9872 0.97959 0.96678 0.94784 0.92209 0.88911 0.84882 0.80189 0.7498 0.69476 0.63939 0.58649 0.53889 0.49921 0.4694 0.45005 0.43988 0.43595 0.43442 0.43159 0.4246 0.41171 0.39234 0.36684 0.3364 0.30293 0.26923 0.23935
0.25281 0.20373 0.28763 0.38753 0.35314 0.24676 0.19457 0.24272 0.38472 0.60167 0.74148 0.85915 0.96434 0.99046 0.994 0.99663 0.99827 0.9991 0.99938 0.99924 0.99839 0.99599 0.99064 0.98092 0.96575 0.94434 0.91609 0.88082 0.83902 0.79201 0.74181 0.69083 0.64155 0.59634 0.55728 0.5258 0.50226 0.48568 0.47376 0.46349 0.4518 0.43621 0.4151 0.38784 0.35459 0.31629 0.27457 0.2321 0.19339
0.52365 0.50426 0.52074 0.45815 0.33588 0.19094 0.090211 0.19263 0.38563 0.61924 0.75899 0.87454 0.97705 0.99865 0.99763 0.99679 0.99641 0.99663 0.99741 0.9986 0.99973 0.99984 0.99754 0.99136 0.98022 0.96325 0.93981 0.90955 0.87282 0.83076 0.78518 0.73827 0.6922 0.649 0.61035 0.57732 0.55019 0.52813 0.50938 0.49149 0.47197 0.44868 0.42017 0.38577 0.34547 0.29989 0.25017 0.19834 0.14848
0.20752 0.17636 0.47896 0.42367 0.32591 0.22284 0.20549 0.33332 0.49484 0.67543 0.76837 0.86076 0.95247 0.97058 0.96966 0.97109 0.97445 0.97907 0.98431 0.98969 0.99471 0.99855 0.99999 0.99775 0.99082 0.97838 0.95974 0.93447 0.90274 0.86551 0.82441 0.78137 0.73834 0.69703 0.65882 0.62459 0.5945 0.56793 0.54345 0.51913 0.49293 0.46305 0.42824 0.38784 0.34173 0.29023 0.23398 0.17396 0.11202
0.54576 0.43274 0.34197 0.32791 0.4515 0.47859 0.46944 0.50478 0.57341 0.68505 0.73677 0.80892 0.88995 0.90802 0.91266 0.92234 0.935 0.94857 0.96164 0.97351 0.9839 0.99237 0.99805 1 0.99739 0.98951 0.97566 0.95533 0.92854 0.89607 0.85935 0.82012 0.78009 0.74073 0.70321 0.66821 0.6359 0.60576 0.57668 0.54714 0.51549 0.48028 0.44048 0.39554 0.34533 0.2901 0.2303 0.16653 0.099635
0.44594 0.43657 0.24875 0.30738 0.53834 0.59971 0.55176 0.50509 0.5078 0.59414 0.64751 0.71624 0.79188 0.81569 0.83231 0.85619 0.88292 0.90887 0.932 0.95176 0.96833 0.98185 0.992 0.99822 0.99995 0.99661 0.98751 0.97206 0.95016 0.92241 0.89005 0.85465 0.8177 0.78048 0.74398 0.70877 0.67498 0.64224 0.60968 0.57611 0.54028 0.50108 0.45771 0.40982 0.35747 0.30107 0.24149 0.18036 0.12193
0.31033 0.39205 0.50527 0.56641 0.62226 0.58649 0.45273 0.31674 0.30217 0.43056 0.5184 0.59145 0.66556 0.70207 0.73765 0.78087 0.8248 0.86472 0.89862 0.92647 0.94923 0.96774 0.98228 0.99268 0.99867 0.99979 0.99536 0.98473 0.96767 0.94462 0.91665 0.88514 0.85141 0.8166 0.78154 0.74669 0.71221 0.6778 0.64284 0.60643 0.56766 0.52575 0.48019 0.43092 0.37824 0.32298 0.26667 0.21234 0.16645
0.048484 0.10548 0.49954 0.70057 0.70626 0.58792 0.38439 0.14408 0.092347 0.28621 0.38242 0.44825 0.52302 0.58051 0.64138 0.70669 0.7681 0.82115 0.86469 0.89966 0.92784 0.95079 0.96933 0.98368 0.99376 0.99921 0.99936 0.99349 0.98122 0.96286 0.9393 0.91178 0.88147 0.84935 0.81615 0.78227 0.74784 0.71267 0.67632 0.63818 0.59762 0.55419 0.50769 0.45833 0.40676 0.35417 0.30268 0.25592 0.2201
0.42895 0.49203 0.61434 0.7893 0.8164 0.68372 0.48704 0.29093 0.18227 0.21883 0.25255 0.2989 0.38381 0.47164 0.55984 0.64479 0.71989 0.78252 0.8329 0.87293 0.90515 0.93164 0.95361 0.97154 0.98547 0.9951 0.99972 0.99851 0.99098 0.97728 0.95816 0.93473 0.90801 0.87889 0.84798 0.81562 0.78195 0.74686 0.71007 0.67118 0.62986 0.58594 0.53951 0.49107 0.44151 0.39235 0.34593 0.30582 0.27709
0.35998 0.24461 0.48043 0.80063 0.84977 0.7375 0.56004 0.37409 0.22353 0.14567 0.11362 0.16995 0.2882 0.40482 0.50996 0.60439 0.68522 0.75167 0.80489 0.84731 0.88182 0.91075 0.93548 0.95656 0.97409 0.98771 0.99665 0.99999 0.99712 0.98804 0.97338 0.9541 0.93116 0.9053 0.87706 0.84674 0.81447 0.78021 0.7438 0.70504 0.66384 0.62028 0.5747 0.52783 0.48079 0.43522 0.39346 0.3587 0.33488
0.36766 0.39636 0.57102 0.7419 0.77037 0.70809 0.5552 0.3665 0.18535 0.059316 0.07914 0.17566 0.29496 0.40342 0.50063 0.58898 0.66556 0.72931 0.78107 0.82311 0.85813 0.88839 0.91519 0.93902 0.95987 0.97729 0.9904 0.99816 0.99983 0.99529 0.98507 0.97 0.95094 0.92857 0.90334 0.87552 0.84522 0.81243 0.77712 0.73924 0.69888 0.65635 0.61219 0.56731 0.52296 0.48082 0.44309 0.4125 0.39213
0.47229 0.6987 0.68072 0.5672 0.65552 0.6821 0.57565 0.42253 0.28635 0.24775 0.26192 0.31102 0.38684 0.45552 0.52469 0.59434 0.65845 0.71403 0.76072 0.79998 0.834 0.86465 0.89294 0.91915 0.94307 0.9641 0.9812 0.99321 0.99929 0.99919 0.99333 0.98248 0.96738 0.94867 0.92673 0.90177 0.87391 0.84316 0.80955 0.77316 0.73424 0.69325 0.65091 0.60825 0.5666 0.52761 0.49328 0.46593 0.448
0.62052 0.67434 0.41453 0.24373 0.58557 0.68974 0.64191 0.55846 0.48208 0.46431 0.44014 0.45397 0.49613 0.52659 0.56447 0.61106 0.65872 0.70296 0.74225 0.77714 0.80912 0.83949 0.86887 0.89718 0.92397 0.94841 0.96931 0.98539 0.99569 0.99988 0.99828 0.99158 0.98048 0.96553 0.94708 0.92529 0.90025 0.87198 0.84057 0.80618 0.76917 0.73012 0.68988 0.64956 0.61052 0.57436 0.54289 0.51809 0.50193
0.51017 0.70374 0.5725 0.42143 0.60127 0.66718 0.66087 0.6501 0.62753 0.62523 0.57421 0.56456 0.58624 0.59036 0.6034 0.62918 0.6605 0.6927 0.72376 0.75359 0.78303 0.81282 0.84308 0.87334 0.90283 0.93049 0.95499 0.97491 0.98922 0.99749 1 0.99736 0.99022 0.97909 0.96426 0.94586 0.92394 0.89853 0.86972 0.83773 0.80299 0.76619 0.72824 0.69032 0.65378 0.62017 0.59113 0.56836 0.55349
0.51583 0.68707 0.86467 0.68845 0.5841 0.55064 0.57826 0.63923 0.67183 0.69497 0.64215 0.62759 0.64303 0.63384 0.63103 0.64121 0.65879 0.68011 0.7034 0.72834 0.75532 0.78457 0.8157 0.84785 0.87993 0.91064 0.93851 0.96203 0.98008 0.9922 0.99861 0.99987 0.99661 0.98929 0.97815 0.96329 0.94471 0.92244 0.89654 0.86728 0.83511 0.80079 0.76527 0.72977 0.69564 0.66434 0.63739 0.61628 0.6024
0.072879 0.48373 0.81161 0.65265 0.42393 0.33662 0.41856 0.54077 0.61621 0.66855 0.64004 0.64109 0.66395 0.65292 0.64256 0.64274 0.65019 0.66284 0.6797 0.70061 0.72569 0.75474 0.78693 0.821 0.85557 0.88916 0.92014 0.94697 0.96848 0.98417 0.99423 0.99921 0.99969 0.9961 0.98867 0.97742 0.96235 0.94342 0.92069 0.8944 0.86504 0.83337 0.80039 0.76733 0.73551 0.70635 0.68125 0.66154 0.64843
0.41292 0.51958 0.691 0.54538 0.25829 0.096538 0.25616 0.40156 0.48826 0.56459 0.58088 0.61375 0.65364 0.64878 0.63707 0.63199 0.63289 0.63947 0.65176 0.66994 0.69401 0.72344 0.75699 0.79309 0.83008 0.86633 0.90016 0.92998 0.95462 0.97357 0.987 0.99545 0.9995 0.99954 0.99576 0.98817 0.97669 0.96124 0.94186 0.91874 0.89237 0.8635 0.83315 0.80254 0.77298 0.74583 0.7224 0.70392 0.69144
0.34406 0.46175 0.57007 0.51625 0.27667 0.077984 0.16141 0.26144 0.32102 0.41619 0.49006 0.5612 0.62076 0.62545 0.61596 0.609 0.60637 0.60943 0.61919 0.6362 0.66039 0.69091 0.72621 0.76444 0.80377 0.84248 0.87885 0.91132 0.93873 0.96059 0.97707 0.98873 0.99612 0.99964 0.99943 0.99546 0.98762 0.97576 0.95985 0.94005 0.91681 0.89087 0.86322 0.83508 0.80774 0.78252 0.76065 0.74327 0.73135
0.29638 0.13101 0.41008 0.45968 0.30221 0.15224 0.12765 0.14097 0.1418 0.26828 0.39981 0.50104 0.57482 0.58794 0.58176 0.57491 0.57105 0.57287 0.58214 0.59963 0.62515 0.65753 0.69498 0.73543 0.77699 0.8179 0.85648 0.89122 0.92101 0.94542 0.96462 0.97919 0.98968 0.99648 0.99972 0.99932 0.9951 0.98688 0.97453 0.95816 0.93817 0.91525 0.89037 0.86473 0.8396 0.81625 0.79587 0.77953 0.76813
0.40986 0.24934 0.35488 0.37728 0.28872 0.18443 0.13777 0.10699 0.033179 0.19241 0.33988 0.44693 0.52355 0.54084 0.53727 0.53138 0.52795 0.53048 0.54117 0.56078 0.58881 0.6238 0.66372 0.70644 0.75006 0.79287 0.8333 0.86991 0.9017 0.92826 0.94982 0.96698 0.98031 0.99018 0.99671 0.99978 0.99916 0.99458 0.98585 0.97299 0.95633 0.93651 0.91446 0.89135 0.86842 0.84692 0.82799 0.81266 0.80177
0.54048 0.43748 0.3244 0.29816 0.28551 0.24471 0.21483 0.20093 0.1774 0.2304 0.31936 0.40399 0.47135 0.4877 0.4851 0.48029 0.47839 0.48331 0.49721 0.52046 0.55209 0.5903 0.63293 0.67786 0.72329 0.76767 0.80955 0.84763 0.88098 0.9093 0.93287 0.95229 0.96817 0.98088 0.99052 0.99695 0.99986 0.99891 0.99382 0.98452 0.97125 0.9546 0.93543 0.91488 0.89417 0.87451 0.85702 0.84269 0.83233
0.42865 0.36148 0.15803 0.19669 0.28067 0.3195 0.31392 0.30425 0.28443 0.29472 0.31889 0.3688 0.41946 0.43079 0.42742 0.42342 0.42389 0.43268 0.45144 0.47971 0.51583 0.55768 0.60307 0.65004 0.69698 0.74254 0.78545 0.82456 0.85907 0.88875 0.91394 0.9353 0.95344 0.96874 0.98132 0.99096 0.99731 0.99995 0.9985 0.99279 0.98296 0.96951 0.95327 0.93532 0.91684 0.89903 0.883 0.86968 0.85986
0.3162 0.32302 0.086607 0.11367 0.27987 0.38384 0.39389 0.37554 0.34359 0.32994 0.3141 0.33457 0.36737 0.37155 0.36596 0.36242 0.366 0.38013 0.40528 0.43973 0.48096 0.52661 0.57462 0.62332 0.67138 0.71769 0.76119 0.8009 0.83615 0.86679 0.89325 0.9162 0.93631 0.95397 0.96926 0.98197 0.99167 0.99784 1 0.99788 0.99152 0.98132 0.96804 0.95271 0.93649 0.92056 0.90598 0.8937 0.88446
0.32544 0.32086 0.11963 0.15049 0.32698 0.43585 0.43966 0.40388 0.35486 0.32679 0.29383 0.29676 0.31459 0.31104 0.30212 0.29873 0.30631 0.32739 0.36042 0.40186 0.44842 0.4977 0.54799 0.59797 0.64668 0.69328 0.73693 0.77681 0.81239 0.84361 0.87097 0.8952 0.91699 0.93675 0.95457 0.97018 0.9831 0.99273 0.99848 0.99994 0.99705 0.99012 0.97982 0.96715 0.95321 0.93917 0.92608 0.91486 0.90625
0.36029 0.26916 0.084237 0.28565 0.42031 0.47694 0.4532 0.39414 0.32771 0.29274 0.25929 0.25534 0.26192 0.25052 0.23713 0.23363 0.24657 0.27658 0.31876 0.36752 0.41914 0.47153 0.52349 0.5742 0.62304 0.66945 0.7128 0.75244 0.78794 0.81938 0.8473 0.8725 0.89568 0.91731 0.93744 0.95579 0.97182 0.98482 0.9941 0.99912 0.9997 0.99605 0.98876 0.97875 0.96712 0.95499 0.9434 0.93328 0.92535
0.34902 0.37216 0.39624 0.47689 0.52075 0.50612 0.44609 0.36136 0.278 0.24183 0.21842 0.21427 0.21207 0.19209 0.17228 0.1683 0.18904 0.23044 0.2825 0.33812 0.3939 0.44851 0.50137 0.55213 0.60055 0.64629 0.68891 0.7279 0.76297 0.79427 0.82242 0.84828 0.8726 0.89585 0.9181 0.93904 0.95804 0.97432 0.98706 0.99561 0.99964 0.99927 0.99498 0.98766 0.97835 0.96815 0.9581 0.9491 0.9419
0.15557 0.47096 0.67741 0.65659 0.59811 0.52296 0.43118 0.32216 0.22174 0.18843 0.18122 0.18006 0.17044 0.14017 0.10954 0.10399 0.13754 0.19278 0.25401 0.31487 0.3733 0.42889 0.48172 0.53183 0.57926 0.62386 0.66533 0.7033 0.73758 0.76842 0.79651 0.82275 0.84795 0.8726 0.89678 0.92013 0.94199 0.96146 0.97759 0.98961 0.99707 0.99995 0.99867 0.99403 0.98705 0.9788 0.9703 0.96247 0.95603
0.34218 0.60691 0.84962 0.75852 0.63221 0.52571 0.41479 0.2858 0.16782 0.14204 0.15596 0.15994 0.14563 0.10528 0.055967 0.043735 0.10064 0.16848 0.23538 0.29858 0.35758 0.41274 0.46453 0.51327 0.55915 0.60217 0.64212 0.67873 0.71191 0.74199 0.76972 0.79609 0.82193 0.84777 0.8737 0.89932 0.92391 0.94645 0.96591 0.98134 0.99217 0.99828 0.99999 0.99804 0.99338 0.98709 0.98017 0.97353 0.9679
0.53955 0.69851 0.86431 0.74225 0.61138 0.51196 0.39681 0.25305 0.11528 0.10615 0.14659 0.15848 0.14574 0.1044 0.051323 0.0327 0.09357 0.16166 0.22765 0.28942 0.34668 0.39991 0.44967 0.49636 0.54019 0.58122 0.61931 0.65426 0.68605 0.71509 0.74222 0.76847 0.79474 0.82158 0.84908 0.87683 0.90402 0.92955 0.95223 0.97101 0.98517 0.99447 0.99914 0.99985 0.99752 0.99319 0.98787 0.98244 0.97766
0.43066 0.61295 0.71856 0.61089 0.54106 0.48513 0.37874 0.22618 0.063366 0.087514 0.15301 0.17426 0.169 0.13585 0.098729 0.086115 0.11781 0.17179 0.23014 0.2868 0.34014 0.39008 0.43693 0.48094 0.52228 0.56099 0.59693 0.62994 0.66009 0.68786 0.71415 0.74007 0.76656 0.79422 0.82315 0.85289 0.88256 0.91097 0.93679 0.95884 0.97627 0.98871 0.9963 0.99965 0.99963 0.99727 0.99354 0.98935 0.98545
0.25844 0.43268 0.48291 0.40808 0.44616 0.45706 0.36893 0.21879 0.059757 0.10392 0.17364 0.20213 0.20601 0.18135 0.1532 0.14089 0.15612 0.19352 0.24056 0.28952 0.33724 0.3828 0.42601 0.46685 0.50534 0.54143 0.57497 0.60582 0.63411 0.6604 0.68565 0.71104 0.73758 0.76591 0.79611 0.82771 0.85976 0.89095 0.91982 0.94506 0.96568 0.9812 0.99166 0.99762 0.99989 0.99947 0.99735 0.99442 0.99141
0.16157 0.29619 0.2673 0.18835 0.36268 0.44155 0.37709 0.24504 0.1282 0.15289 0.20605 0.23739 0.24923 0.23058 0.20647 0.19266 0.19749 0.22093 0.25605 0.29605 0.33711 0.37753 0.41658 0.45389 0.48925 0.5225 0.55344 0.58195 0.6082 0.63281 0.65685 0.68154 0.70797 0.73681 0.76816 0.80152 0.83584 0.8697 0.90154 0.92987 0.9536 0.97212 0.98541 0.99392 0.99845 0.99997 0.99945 0.99778 0.99571
0.12801 0.2519 0.19015 0.057299 0.32888 0.44545 0.40318 0.29658 0.20761 0.21473 0.24631 0.27681 0.29461 0.2796 0.25679 0.24058 0.23765 0.24991 0.27398 0.30489 0.33886 0.37374 0.40831 0.44184 0.47389 0.50415 0.53235 0.55837 0.58242 0.6052 0.62785 0.6517 0.67788 0.70711 0.7395 0.7745 0.811 0.84745 0.88214 0.91348 0.94023 0.96168 0.97772 0.98874 0.99549 0.99892 0.99999 0.99959 0.99846
0.23505 0.24233 0.21669 0.21282 0.36165 0.46502 0.43528 0.35059 0.27766 0.27511 0.28955 0.31802 0.34 0.32668 0.30343 0.28425 0.27489 0.27801 0.2924 0.31471 0.34166 0.3709 0.40088 0.43053 0.45917 0.48633 0.51169 0.5351 0.55683 0.57765 0.59878 0.62164 0.64745 0.67697 0.71031 0.74687 0.78545 0.82438 0.86184 0.89608 0.92575 0.95005 0.96876 0.98222 0.99115 0.99646 0.99911 0.99998 0.99981
0.30931 0.14503 0.23687 0.35788 0.43191 0.4882 0.45766 0.38745 0.32688 0.32482 0.33135 0.35914 0.38408 0.37086 0.34592 0.32337 0.30837 0.3039 0.30997 0.3245 0.34481 0.36858 0.39401 0.41978 0.44499 0.46901 0.49146 0.51218 0.53149 0.55024 0.56974 0.5915 0.61683 0.64655 0.68075 0.71879 0.75937 0.8007 0.84082 0.87786 0.91036 0.9374 0.9587 0.97454 0.98559 0.99274 0.99695 0.99908 0.99988
0.35737 0.16834 0.3259 0.4709 0.49682 0.49981 0.45784 0.39501 0.34816 0.35874 0.3688 0.39879 0.42596 0.41153 0.38397 0.35778 0.33771 0.32682 0.32583 0.33353 0.34779 0.36642 0.38748 0.40946 0.43127 0.45216 0.47167 0.48965 0.50647 0.52304 0.54081 0.56138 0.58615 0.61598 0.65098 0.69044 0.73294 0.77658 0.81926 0.85899 0.8942 0.92389 0.94768 0.96582 0.97894 0.9879 0.99364 0.99702 0.9988
0.54962 0.43154 0.4624 0.54223 0.52865 0.48821 0.4296 0.368 0.33918 0.37609 0.40096 0.43614 0.46495 0.44821 0.41733 0.38737 0.36272 0.34639 0.33947 0.3413 0.35021 0.36413 0.38111 0.39946 0.41796 0.43576 0.45233 0.46755 0.48181 0.49614 0.51208 0.53137 0.55551 0.58541 0.62116 0.66197 0.70633 0.75219 0.79733 0.83964 0.87745 0.90967 0.93586 0.95622 0.97134 0.98206 0.9893 0.99392 0.99668
0.59576 0.51817 0.53072 0.56203 0.51927 0.45102 0.37414 0.30701 0.30313 0.38066 0.42867 0.47081 0.50051 0.48054 0.44583 0.41209 0.38337 0.36248 0.35064 0.34755 0.35181 0.36155 0.37475 0.38969 0.40501 0.4198 0.43347 0.44591 0.45757 0.46959 0.48364 0.50157 0.52502 0.55494 0.5914 0.63353 0.67969 0.72769 0.77518 0.81995 0.86024 0.89488 0.92337 0.94586 0.96291 0.97533 0.98404 0.98989 0.99362
0.45647 0.36746 0.50511 0.53373 0.47814 0.39756 0.30121 0.21739 0.25009 0.38036 0.45399 0.50273 0.53219 0.50819 0.46937 0.43199 0.39971 0.37507 0.35926 0.35211 0.35247 0.35854 0.36835 0.38011 0.39242 0.40428 0.4151 0.42477 0.43381 0.44347 0.45555 0.47207 0.49477 0.52468 0.56184 0.60526 0.65315 0.70321 0.75295 0.80006 0.8427 0.87964 0.91033 0.93486 0.95376 0.96784 0.97798 0.98503 0.98973
0.31877 0.1076 0.43935 0.47523 0.42531 0.34699 0.2322 0.10825 0.2017 0.38534 0.4792 0.53192 0.55961 0.53094 0.4879 0.44716 0.41188 0.38426 0.36534 0.35498 0.35212 0.35505 0.36185 0.37071 0.38018 0.38923 0.39727 0.40418 0.41059 0.41783 0.42788 0.44293 0.46486 0.49475 0.53259 0.57727 0.62686 0.67889 0.73077 0.7801 0.82497 0.86408 0.89685 0.92332 0.94401 0.95968 0.97121 0.97944 0.9851
0.41501 0.20075 0.38097 0.40407 0.379 0.31983 0.20331 0.029753 0.1945 0.404 0.50587 0.55827 0.58241 0.5486 0.50145 0.45774 0.42007 0.39022 0.369 0.3562 0.35078 0.35109 0.35526 0.36148 0.3683 0.37468 0.38 0.3842 0.38795 0.39274 0.4007 0.41423 0.43536 0.46523 0.50376 0.54969 0.60092 0.65485 0.70876 0.76018 0.80714 0.8483 0.88303 0.91135 0.93374 0.95095 0.96383 0.97321 0.97982
0.57847 0.34193 0.32067 0.32443 0.34471 0.32268 0.23536 0.14077 0.24433 0.43877 0.53425 0.58142 0.60027 0.56105 0.51009 0.46391 0.42451 0.39318 0.37042 0.35588 0.3485 0.34669 0.34859 0.35244 0.3568 0.36064 0.36333 0.36486 0.36596 0.36825 0.37406 0.38602 0.40633 0.43619 0.47543 0.52262 0.57546 0.63119 0.68702 0.7404 0.78931 0.83239 0.86897 0.89904 0.92304 0.94172 0.95591 0.96643 0.97396
0.57143 0.33129 0.2286 0.23293 0.3181 0.34383 0.2998 0.25474 0.32409 0.4856 0.5632 0.60079 0.61288 0.56825 0.51395 0.46592 0.42546 0.39336 0.36977 0.35416 0.3454 0.3419 0.34188 0.34362 0.34573 0.34716 0.34733 0.34623 0.34468 0.34442 0.34802 0.35835 0.37784 0.40772 0.44771 0.49616 0.55056 0.60802 0.66564 0.72085 0.77158 0.81644 0.85475 0.88646 0.91201 0.9321 0.94755 0.95915 0.96761
0.44222 0.23811 0.1147 0.14038 0.29758 0.36817 0.36611 0.3553 0.4084 0.53721 0.59069 0.61566 0.62 0.57023 0.51322 0.46402 0.42321 0.39104 0.3673 0.35122 0.34157 0.33681 0.33519 0.33507 0.33511 0.33429 0.33203 0.32836 0.32416 0.32132 0.32264 0.33129 0.34994 0.37989 0.42067 0.47039 0.52632 0.58541 0.64472 0.70161 0.75401 0.80053 0.84044 0.8737 0.9007 0.92213 0.93879 0.95147 0.96083
0.33198 0.17849 0.090001 0.11089 0.28796 0.38733 0.4207 0.43767 0.48449 0.58649 0.61439 0.62526 0.62145 0.56711 0.50814 0.45851 0.41805 0.38649 0.36322 0.34721 0.33715 0.33149 0.32857 0.32683 0.32499 0.32206 0.31749 0.31132 0.30448 0.299 0.29795 0.30486 0.32268 0.35275 0.39439 0.4454 0.50282 0.56346 0.62432 0.68275 0.73669 0.78472 0.82612 0.86081 0.88918 0.91189 0.92972 0.94343 0.95368
0.19548 0.11237 0.16255 0.17236 0.29092 0.39861 0.45901 0.4996 0.54614 0.62804 0.63216 0.62895 0.61717 0.55905 0.499 0.44969 0.41029 0.37999 0.35777 0.34233 0.33227 0.32604 0.32209 0.31895 0.31541 0.31053 0.30376 0.29515 0.28569 0.27753 0.27402 0.2791 0.29609 0.32636 0.36894 0.42127 0.48013 0.54222 0.6045 0.66433 0.71966 0.76907 0.81183 0.84787 0.87752 0.90145 0.92039 0.9351 0.94623
0.11426 0.050113 0.21791 0.23265 0.29835 0.40161 0.48047 0.5408 0.59062 0.65838 0.64239 0.62629 0.60723 0.54634 0.48609 0.43789 0.40023 0.37181 0.35117 0.33675 0.32704 0.32055 0.31581 0.31147 0.30641 0.29973 0.29089 0.27994 0.26787 0.25698 0.25089 0.25405 0.27022 0.30078 0.3444 0.39807 0.45832 0.52176 0.58532 0.64641 0.70297 0.75362 0.79764 0.8349 0.86576 0.89084 0.91086 0.92654 0.93851
0.14575 0.14928 0.24833 0.25489 0.29909 0.39635 0.48641 0.56246 0.61736 0.67581 0.64414 0.61708 0.59182 0.52927 0.46976 0.42342 0.38817 0.36221 0.34364 0.33064 0.3216 0.31509 0.30978 0.30444 0.29802 0.2897 0.27892 0.26573 0.2511 0.23741 0.22861 0.22974 0.2451 0.27607 0.32082 0.37586 0.43745 0.50212 0.56683 0.62901 0.68667 0.73843 0.78357 0.82198 0.85396 0.88012 0.90116 0.91778 0.93058
0.16074 0.21039 0.24545 0.23232 0.28791 0.38309 0.479 0.56678 0.62724 0.67999 0.63713 0.60145 0.57128 0.50824 0.45037 0.40661 0.3744 0.35145 0.3354 0.32415 0.31605 0.30975 0.30405 0.29788 0.29029 0.28048 0.26791 0.25259 0.23546 0.21893 0.20726 0.2062 0.22074 0.25226 0.29828 0.35471 0.41757 0.48334 0.54905 0.61219 0.67079 0.72353 0.76968 0.80912 0.84215 0.86933 0.89135 0.90887 0.92249
0.18201 0.20954 0.20075 0.17379 0.26727 0.3625 0.46079 0.55653 0.62209 0.67164 0.62166 0.57976 0.54606 0.48366 0.42828 0.38778 0.35922 0.33977 0.32663 0.31743 0.31049 0.30458 0.29867 0.29184 0.28322 0.27208 0.25789 0.24058 0.22103 0.20162 0.1869 0.18344 0.19718 0.22943 0.27685 0.33469 0.39872 0.46547 0.53202 0.59595 0.65536 0.70895 0.756 0.79638 0.83036 0.85851 0.88145 0.89985 0.91426
0.15305 0.18199 0.13467 0.10759 0.24351 0.33578 0.43446 0.53476 0.60435 0.65222 0.5985 0.55261 0.51672 0.456 0.40385 0.36724 0.34288 0.32741 0.31752 0.31061 0.30501 0.29964 0.29367 0.28631 0.27683 0.26454 0.24889 0.22975 0.20788 0.18559 0.16763 0.1615 0.17443 0.20764 0.2566 0.31583 0.38095 0.44853 0.51576 0.58033 0.6404 0.6947 0.74254 0.78377 0.81864 0.84768 0.87152 0.89076 0.90594
0.10272 0.17943 0.13348 0.099201 0.22083 0.30458 0.40268 0.50451 0.5767 0.62363 0.56878 0.5208 0.48389 0.42575 0.37746 0.3453 0.32567 0.3146 0.30825 0.30381 0.29968 0.29498 0.28907 0.28133 0.27113 0.25785 0.24092 0.22013 0.19611 0.17098 0.14955 0.14041 0.15252 0.18695 0.2376 0.29821 0.36428 0.43253 0.50029 0.56534 0.62593 0.68082 0.72933 0.77131 0.807 0.83689 0.86157 0.88162 0.89756
0.070953 0.21982 0.21956 0.14736 0.19782 0.27091 0.36795 0.4686 0.5419 0.58802 0.53384 0.48525 0.44828 0.39338 0.34946 0.32225 0.30785 0.30156 0.29897 0.29714 0.29457 0.29063 0.28488 0.27688 0.26612 0.25201 0.23399 0.21177 0.18579 0.1579 0.13282 0.12021 0.13148 0.16746 0.21995 0.28186 0.34874 0.41748 0.4856 0.55098 0.61194 0.6673 0.71639 0.75904 0.79548 0.82615 0.85163 0.87246 0.88913
0.15868 0.28948 0.31133 0.18343 0.16975 0.23714 0.33242 0.42954 0.5026 0.5476 0.49513 0.44701 0.41063 0.35939 0.32019 0.29838 0.28967 0.28849 0.28984 0.29069 0.28974 0.28662 0.28112 0.27297 0.26177 0.247 0.22809 0.20467 0.17698 0.14653 0.11765 0.10096 0.11132 0.1493 0.20374 0.26683 0.33434 0.4034 0.4717 0.53725 0.59846 0.65417 0.70373 0.74697 0.78408 0.81549 0.84172 0.86331 0.8807
0.24284 0.37511 0.37949 0.18674 0.13388 0.20596 0.29779 0.38943 0.46119 0.50449 0.45416 0.40713 0.37169 0.32424 0.28996 0.27398 0.27142 0.27562 0.281 0.28454 0.28523 0.28295 0.27777 0.26957 0.25807 0.2428 0.22319 0.19882 0.16972 0.13699 0.10431 0.082755 0.092116 0.13261 0.18905 0.25317 0.3211 0.39027 0.45858 0.52415 0.58547 0.64143 0.69137 0.73511 0.77283 0.80492 0.83187 0.85418 0.87227
0.28431 0.47008 0.4247 0.16224 0.093118 0.1799 0.26512 0.34999 0.41978 0.46067 0.4124 0.36672 0.33224 0.28841 0.25909 0.24935 0.25337 0.26314 0.27258 0.27878 0.28106 0.27965 0.27483 0.26667 0.25498 0.23937 0.21927 0.19419 0.16402 0.12941 0.093135 0.0658 0.073949 0.11761 0.17599 0.24089 0.309 0.37809 0.44623 0.51168 0.57299 0.62907 0.6793 0.72347 0.76174 0.79446 0.8221 0.8451 0.86388
0.35355 0.57651 0.4636 0.13549 0.060829 0.16047 0.2349 0.31254 0.38012 0.41786 0.37127 0.32688 0.29303 0.2523 0.22786 0.22479 0.23581 0.25128 0.26469 0.27345 0.27727 0.27671 0.27229 0.26423 0.25248 0.23667 0.21626 0.19074 0.15984 0.12387 0.084537 0.050503 0.057018 0.10456 0.16465 0.23001 0.29804 0.36683 0.43463 0.49982 0.56099 0.6171 0.66753 0.71206 0.75082 0.78412 0.81241 0.83609 0.85553
0.52369 0.6966 0.51415 0.14604 0.064224 0.14729 0.20707 0.27808 0.34355 0.37751 0.33205 0.2887 0.25488 0.21633 0.19652 0.20066 0.21907 0.24023 0.25746 0.26861 0.27386 0.27412 0.27012 0.26224 0.25051 0.23463 0.21411 0.18839 0.15713 0.12037 0.078882 0.037815 0.04179 0.093807 0.15511 0.22054 0.2882 0.35647 0.42377 0.48855 0.54947 0.60552 0.65606 0.70089 0.74008 0.77393 0.80282 0.82715 0.84723
0.74258 0.82088 0.57865 0.19477 0.09406 0.13801 0.18122 0.24732 0.31104 0.34074 0.29589 0.25326 0.2186 0.1809 0.16533 0.17735 0.2035 0.2302 0.25097 0.26429 0.27085 0.27187 0.2683 0.26065 0.24903 0.23322 0.21273 0.18705 0.15578 0.11882 0.076361 0.029848 0.029537 0.085708 0.14743 0.21245 0.27944 0.34699 0.41362 0.47786 0.53842 0.59431 0.6449 0.68995 0.72952 0.76387 0.79335 0.8183 0.83902
0.91659 0.92705 0.64241 0.24991 0.12379 0.12946 0.15682 0.22075 0.28316 0.30831 0.26377 0.22166 0.18516 0.1464 0.13457 0.15542 0.1895 0.22138 0.24531 0.26053 0.26824 0.26996 0.26682 0.25943 0.248 0.23235 0.21205 0.18661 0.15565 0.11904 0.076851 0.029347 0.023496 0.080565 0.14162 0.20571 0.27172 0.33834 0.40415 0.46773 0.52783 0.58348 0.63404 0.67926 0.71916 0.75397 0.784 0.80955 0.83088
0.9959 0.99012 0.68625 0.29205 0.14464 0.11884 0.13342 0.19874 0.26006 0.28058 0.23637 0.19491 0.15575 0.11337 0.10456 0.13558 0.17747 0.21394 0.24053 0.25734 0.26603 0.26836 0.26563 0.25854 0.24736 0.23197 0.21199 0.18697 0.15659 0.1208 0.079907 0.035683 0.026703 0.078476 0.13763 0.20027 0.265 0.33048 0.39532 0.45812 0.51767 0.573 0.62347 0.6688 0.70899 0.74423 0.77478 0.80091 0.82285
0.97706 0.99395 0.69672 0.31388 0.15487 0.10431 0.11098 0.18157 0.24155 0.25747 0.21403 0.17393 0.13192 0.082728 0.07586 0.11882 0.16784 0.20802 0.23668 0.25473 0.26419 0.26706 0.26471 0.25794 0.24707 0.23201 0.21246 0.188 0.15842 0.12381 0.084914 0.045433 0.03589 0.079238 0.13535 0.19604 0.25921 0.32338 0.3871 0.44903 0.50794 0.56288 0.61319 0.65859 0.69903 0.73465 0.76569 0.79238 0.81491
0.87801 0.93735 0.6695 0.31489 0.15583 0.085152 0.090355 0.16943 0.22711 0.23846 0.19664 0.15927 0.11559 0.056786 0.049946 0.10641 0.16094 0.20372 0.23378 0.25268 0.26273 0.26602 0.26403 0.2576 0.24707 0.23242 0.21337 0.18961 0.16099 0.1278 0.091259 0.056352 0.047065 0.082376 0.13463 0.19293 0.25429 0.31697 0.37947 0.44042 0.49861 0.55309 0.6032 0.64862 0.68926 0.72524 0.75675 0.78398 0.80708
0.73314 0.83326 0.60898 0.29884 0.15101 0.062112 0.074346 0.16236 0.21595 0.22266 0.18358 0.15092 0.10839 0.04231 0.03233 0.099698 0.15705 0.20106 0.23183 0.2512 0.26161 0.26524 0.26357 0.25747 0.24732 0.23313 0.21466 0.19167 0.16413 0.1325 0.098432 0.067482 0.058622 0.087291 0.13525 0.19084 0.25017 0.3112 0.37237 0.43226 0.48967 0.54364 0.59349 0.63888 0.67969 0.716 0.74795 0.7757 0.79937
0.58952 0.70274 0.52526 0.27178 0.14574 0.040293 0.068427 0.1601 0.2071 0.20888 0.17389 0.14816 0.11044 0.048242 0.035823 0.099446 0.1562 0.20004 0.23079 0.25024 0.26082 0.26467 0.26329 0.25753 0.24778 0.23408 0.21625 0.19409 0.1677 0.1377 0.10605 0.07842 0.07 0.093408 0.13699 0.18963 0.24676 0.30604 0.36577 0.42453 0.48109 0.53449 0.58404 0.62937 0.67032 0.70693 0.7393 0.76755 0.79177
0.47403 0.56706 0.42985 0.23998 0.14612 0.039939 0.076868 0.1619 0.19946 0.19585 0.16646 0.14983 0.11991 0.068027 0.055451 0.10527 0.15825 0.20057 0.23061 0.24978 0.26032 0.26431 0.26317 0.25774 0.24841 0.23523 0.21806 0.19679 0.17157 0.14321 0.11385 0.088986 0.080977 0.10026 0.13962 0.18919 0.24399 0.30141 0.35964 0.4172 0.47286 0.52565 0.57486 0.62008 0.66114 0.69803 0.7308 0.75954 0.7843
0.37394 0.44231 0.33191 0.20836 0.15657 0.068849 0.096836 0.16659 0.1919 0.1823 0.1603 0.15468 0.13423 0.092172 0.079244 0.11582 0.16287 0.20251 0.23123 0.24976 0.26009 0.26411 0.26318 0.25807 0.24916 0.23652 0.22005 0.19967 0.17564 0.14888 0.12163 0.099092 0.091461 0.10748 0.14293 0.1894 0.24179 0.29727 0.35392 0.41024 0.46496 0.51709 0.56593 0.61102 0.65216 0.6893 0.72246 0.75167 0.77696
0.26682 0.33923 0.238 0.18117 0.17779 0.10836 0.12266 0.17274 0.18334 0.16712 0.15476 0.16176 0.15136 0.11728 0.1037 0.12952 0.16962 0.2057 0.23256 0.25016 0.2601 0.26406 0.26329 0.25849 0.25001 0.23792 0.22215 0.20267 0.17981 0.15459 0.12928 0.1087 0.10141 0.11483 0.14672 0.19013 0.24007 0.29356 0.3486 0.40362 0.45736 0.50881 0.55724 0.60218 0.64338 0.68075 0.71426 0.74393 0.76974
0.14786 0.26608 0.15912 0.16554 0.20779 0.15115 0.15035 0.17891 0.17281 0.14944 0.14973 0.17052 0.17001 0.14228 0.12789 0.14509 0.178 0.20992 0.2345 0.25091 0.2603 0.26414 0.26349 0.25898 0.25093 0.23939 0.22432 0.20573 0.18402 0.16025 0.13669 0.11779 0.11081 0.12214 0.15082 0.19127 0.23876 0.29024 0.34362 0.39732 0.45004 0.50078 0.54878 0.59354 0.63478 0.67236 0.70622 0.73634 0.76265
0.026229 0.22953 0.13035 0.17272 0.24417 0.19445 0.17751 0.18394 0.15958 0.1287 0.14567 0.18078 0.18952 0.16682 0.15146 0.16161 0.18756 0.21498 0.23695 0.25195 0.26068 0.26431 0.26374 0.25952 0.25188 0.24089 0.22651 0.2088 0.18819 0.16579 0.14382 0.12636 0.11966 0.12927 0.15511 0.19274 0.2378 0.28724 0.33895 0.3913 0.443 0.493 0.54055 0.58511 0.62636 0.66414 0.69834 0.72888 0.75569
0.087382 0.23139 0.1783 0.2083 0.28504 0.23659 0.20273 0.18712 0.14332 0.10477 0.14365 0.1926 0.20956 0.19074 0.17427 0.17847 0.19789 0.22067 0.23982 0.25324 0.26119 0.26455 0.26404 0.26008 0.25285 0.2424 0.2287 0.21184 0.19229 0.17116 0.15062 0.13441 0.12796 0.13615 0.15946 0.19442 0.23711 0.28454 0.33457 0.38555 0.4362 0.48546 0.53253 0.57688 0.61813 0.65609 0.6906 0.72157 0.74887
0.18854 0.26467 0.25888 0.26529 0.32896 0.27647 0.22532 0.18839 0.12442 0.078481 0.14518 0.20618 0.22999 0.21399 0.19621 0.19527 0.20864 0.2268 0.24299 0.25471 0.26181 0.26485 0.26436 0.26064 0.25381 0.24389 0.23086 0.21482 0.19626 0.17632 0.15707 0.14195 0.13573 0.14272 0.16378 0.19626 0.23664 0.28207 0.33042 0.38005 0.42963 0.47813 0.52472 0.56883 0.61008 0.6482 0.68302 0.71439 0.74217
0.26594 0.31356 0.33984 0.33276 0.37458 0.31352 0.24533 0.18859 0.10469 0.053775 0.15184 0.22172 0.25075 0.23654 0.21724 0.21172 0.21954 0.23318 0.24637 0.25631 0.26249 0.26517 0.26468 0.26119 0.25475 0.24534 0.23295 0.2177 0.20008 0.18124 0.16316 0.149 0.14298 0.14896 0.16802 0.19817 0.23634 0.27981 0.32649 0.37476 0.42328 0.47101 0.51711 0.56098 0.6022 0.64047 0.67558 0.70736 0.7356
0.30517 0.35868 0.40767 0.40237 0.42064 0.34771 0.26353 0.18956 0.088973 0.045689 0.16465 0.23934 0.27178 0.25836 0.23731 0.22763 0.23036 0.23967 0.24986 0.25799 0.26321 0.26551 0.265 0.26171 0.25565 0.24674 0.23496 0.22046 0.20373 0.1859 0.16887 0.15555 0.14971 0.15482 0.17211 0.2001 0.23614 0.27771 0.32275 0.36966 0.41713 0.46408 0.50968 0.5533 0.59449 0.6329 0.6683 0.70046 0.72917
0.30269 0.38375 0.45547 0.46903 0.46612 0.37957 0.28129 0.19403 0.086478 0.068699 0.18378 0.25903 0.29302 0.27943 0.25637 0.24285 0.24092 0.24612 0.25339 0.2597 0.26394 0.26583 0.26528 0.2622 0.25649 0.24806 0.23688 0.22308 0.20719 0.19029 0.17421 0.16164 0.15596 0.16032 0.17601 0.20201 0.23603 0.27573 0.31917 0.36474 0.41115 0.45734 0.50244 0.5458 0.58694 0.62549 0.66116 0.6937 0.72286
0.26563 0.3795 0.48119 0.53041 0.51034 0.41 0.3004 0.20498 0.10421 0.10832 0.20862 0.28065 0.31441 0.29971 0.2744 0.25729 0.25107 0.25243 0.25687 0.26139 0.26466 0.26613 0.26554 0.26264 0.25727 0.2493 0.23868 0.22556 0.21044 0.19441 0.17918 0.16727 0.16173 0.16542 0.17969 0.20384 0.23594 0.27386 0.31572 0.35998 0.40535 0.45077 0.49536 0.53847 0.57955 0.61823 0.65416 0.68707 0.71668
0.21814 0.34304 0.48821 0.58623 0.55295 0.44006 0.32255 0.22458 0.13869 0.15475 0.23813 0.30394 0.3358 0.31914 0.29135 0.27086 0.26071 0.25849 0.26023 0.26303 0.26533 0.26639 0.26575 0.26303 0.25798 0.25045 0.24037 0.22787 0.21349 0.19824 0.18378 0.17245 0.16704 0.17014 0.18313 0.20558 0.23587 0.27206 0.31238 0.35535 0.39969 0.44435 0.48845 0.53129 0.57233 0.61112 0.6473 0.68058 0.71063
0.19462 0.27495 0.48599 0.6374 0.59375 0.47065 0.34894 0.25334 0.18327 0.2049 0.27118 0.32855 0.35706 0.33767 0.3072 0.2835 0.26976 0.26421 0.26343 0.26457 0.26594 0.2666 0.2659 0.26335 0.25862 0.2515 0.24193 0.23002 0.21631 0.20178 0.18803 0.17721 0.1719 0.17449 0.18632 0.20719 0.23576 0.2703 0.30914 0.35085 0.39418 0.4381 0.4817 0.52428 0.56525 0.60415 0.64059 0.67421 0.7047
0.18162 0.17805 0.48924 0.68502 0.63239 0.50213 0.37989 0.29015 0.23367 0.25723 0.30667 0.35406 0.37799 0.35522 0.3219 0.29517 0.27813 0.26955 0.2664 0.26598 0.26647 0.26674 0.26599 0.2636 0.25916 0.25245 0.24335 0.232 0.21891 0.20504 0.19192 0.18157 0.17634 0.17845 0.18923 0.20865 0.23561 0.26856 0.30597 0.34645 0.3888 0.43198 0.47509 0.51741 0.55832 0.59733 0.63401 0.66798 0.69889
0.14699 0.070649 0.51327 0.72952 0.66815 0.53422 0.41478 0.33302 0.28733 0.31067 0.34361 0.38002 0.39842 0.37173 0.33544 0.30582 0.28578 0.27442 0.26911 0.26723 0.2669 0.26681 0.26601 0.26378 0.25963 0.25329 0.24464 0.23381 0.22129 0.20803 0.19547 0.18552 0.18037 0.18205 0.19187 0.20995 0.23539 0.26683 0.30285 0.34214 0.38353 0.42599 0.46863 0.51069 0.55154 0.59065 0.62756 0.66188 0.69321
0.14133 0.12794 0.56545 0.77001 0.69975 0.56593 0.45227 0.37971 0.34245 0.36425 0.38112 0.40599 0.41812 0.38711 0.34778 0.31544 0.29267 0.27881 0.27152 0.26831 0.26721 0.2668 0.26596 0.26388 0.26 0.25401 0.24579 0.23544 0.22345 0.21074 0.19869 0.1891 0.184 0.18529 0.19424 0.21107 0.23508 0.26508 0.29978 0.33791 0.37837 0.42013 0.4623 0.50411 0.5449 0.5841 0.62125 0.6559 0.68764
0.23043 0.28357 0.64043 0.80418 0.72541 0.59572 0.49059 0.42807 0.39761 0.41711 0.41842 0.43153 0.43691 0.40129 0.35889 0.324 0.29877 0.28267 0.27361 0.26919 0.2674 0.26669 0.26583 0.2639 0.26028 0.25463 0.2468 0.2369 0.2254 0.21319 0.2016 0.19232 0.18726 0.18818 0.19633 0.212 0.23467 0.26331 0.29673 0.33376 0.37331 0.41439 0.45611 0.49767 0.53839 0.57769 0.61507 0.65004 0.68219
0.35029 0.44363 0.72406 0.82848 0.7431 0.6218 0.5279 0.47622 0.45161 0.46845 0.45482 0.45621 0.45458 0.41421 0.36877 0.3315 0.30406 0.28598 0.27534 0.26985 0.26746 0.2665 0.26563 0.26384 0.26047 0.25513 0.24767 0.23819 0.22713 0.21537 0.20419 0.19519 0.19015 0.19074 0.19814 0.21274 0.23416 0.2615 0.2937 0.32965 0.36833 0.40876 0.45003 0.49135 0.53202 0.57142 0.60901 0.64431 0.67685
0.45814 0.58753 0.80001 0.83882 0.75084 0.64241 0.56243 0.52256 0.50342 0.51752 0.48971 0.47967 0.47094 0.42579 0.37739 0.33793 0.30854 0.28872 0.27672 0.27029 0.26737 0.2662 0.26534 0.2637 0.26057 0.25553 0.24841 0.23931 0.22866 0.21731 0.20649 0.19773 0.1927 0.19297 0.19969 0.21329 0.23353 0.25964 0.29067 0.3256 0.36344 0.40323 0.44407 0.48516 0.52577 0.56526 0.60307 0.63869 0.67163
0.54396 0.70007 0.85381 0.83132 0.747 0.65601 0.59272 0.56579 0.55216 0.56369 0.52256 0.50157 0.48584 0.43598 0.38475 0.34329 0.3122 0.29089 0.27771 0.27049 0.26713 0.2658 0.26497 0.26349 0.26058 0.25582 0.24902 0.24026 0.22998 0.219 0.20851 0.19996 0.19492 0.19489 0.20097 0.21365 0.23277 0.25772 0.28764 0.32159 0.35862 0.3978 0.43823 0.4791 0.51965 0.55924 0.59726 0.63319 0.66651
0.60456 0.771 0.87487 0.80323 0.73064 0.66153 0.61767 0.60489 0.5971 0.60637 0.55292 0.52161 0.49913 0.44473 0.39084 0.3476 0.31504 0.29249 0.27833 0.27046 0.26675 0.26531 0.26453 0.26319 0.2605 0.256 0.24949 0.24106 0.23111 0.22047 0.21026 0.20188 0.19682 0.1965 0.20199 0.2138 0.23189 0.25574 0.28461 0.31761 0.35387 0.39246 0.4325 0.47315 0.51366 0.55334 0.59157 0.6278 0.66151
0.62865 0.79687 0.8576 0.75354 0.70163 0.6584 0.63656 0.63913 0.63765 0.6451 0.58044 0.53956 0.51068 0.45202 0.39568 0.35086 0.31707 0.29351 0.27857 0.27018 0.26622 0.26471 0.264 0.26282 0.26034 0.25608 0.24984 0.2417 0.23206 0.2217 0.21174 0.20351 0.19843 0.19783 0.20276 0.21376 0.23088 0.25369 0.28155 0.31366 0.34918 0.3872 0.42686 0.46732 0.50778 0.54755 0.58599 0.62252 0.65661
0.60196 0.78176 0.80187 0.68341 0.66071 0.64661 0.64907 0.66806 0.67338 0.67951 0.6048 0.55521 0.52041 0.45781 0.39926 0.3531 0.31832 0.29396 0.27843 0.26967 0.26553 0.26401 0.26339 0.26237 0.26009 0.25606 0.25007 0.24219 0.23282 0.22273 0.21298 0.20487 0.19974 0.19888 0.20328 0.21353 0.22973 0.25157 0.27847 0.30973 0.34454 0.38203 0.42133 0.46159 0.50202 0.54188 0.58053 0.61736 0.65181
0.52694 0.73633 0.7131 0.5962 0.60943 0.6267 0.65526 0.69144 0.70401 0.70931 0.6258 0.56843 0.52825 0.4621 0.40161 0.35434 0.31879 0.29385 0.27791 0.26892 0.2647 0.26322 0.26271 0.26185 0.25976 0.25594 0.25018 0.24254 0.23341 0.22355 0.21399 0.20597 0.20079 0.19966 0.20357 0.21311 0.22845 0.24936 0.27537 0.30582 0.33996 0.37694 0.4159 0.45598 0.49637 0.53633 0.57518 0.6123 0.64712
0.43395 0.67549 0.60173 0.49712 0.54998 0.59968 0.65549 0.70925 0.72938 0.73433 0.64328 0.57911 0.53416 0.46489 0.40275 0.35459 0.3185 0.2932 0.27703 0.26794 0.26373 0.26233 0.26196 0.26127 0.25936 0.25573 0.25018 0.24275 0.23384 0.22417 0.21477 0.20682 0.20157 0.20019 0.20364 0.21251 0.22704 0.24708 0.27224 0.30192 0.33542 0.37192 0.41055 0.45047 0.49083 0.53089 0.56994 0.60734 0.64252
0.37078 0.61545 0.48264 0.39274 0.48493 0.56697 0.65042 0.72166 0.74946 0.75448 0.65716 0.5872 0.53812 0.46621 0.40272 0.3539 0.31748 0.29202 0.2758 0.26674 0.26262 0.26135 0.26114 0.26061 0.25888 0.25544 0.25007 0.24283 0.23411 0.22462 0.21534 0.20744 0.20212 0.20049 0.20348 0.21173 0.2255 0.24472 0.26907 0.29803 0.33092 0.36697 0.4053 0.44506 0.4854 0.52555 0.5648 0.60249 0.63802
0.36853 0.57004 0.37483 0.29018 0.41702 0.53031 0.64085 0.72897 0.7643 0.76974 0.6674 0.59269 0.54015 0.46607 0.40153 0.3523 0.31577 0.29034 0.27423 0.26532 0.26138 0.26029 0.26025 0.2599 0.25834 0.25506 0.24986 0.24279 0.23423 0.22488 0.21571 0.20784 0.20242 0.20055 0.20312 0.21077 0.22382 0.24227 0.26587 0.29414 0.32647 0.36209 0.40013 0.43975 0.48008 0.52033 0.55977 0.59774 0.63361
0.41396 0.54625 0.29966 0.1965 0.34897 0.49164 0.62774 0.73157 0.77407 0.78018 0.67405 0.59561 0.54027 0.46451 0.39925 0.34982 0.31338 0.28817 0.27234 0.2637 0.26001 0.25914 0.25931 0.25913 0.25773 0.2546 0.24955 0.24263 0.23421 0.22498 0.21589 0.20803 0.20251 0.20039 0.20256 0.20965 0.22203 0.23975 0.26263 0.29026 0.32205 0.35727 0.39505 0.43453 0.47485 0.51521 0.55484 0.59308 0.6293
0.474 0.54097 0.27015 0.11816 0.28337 0.45305 0.61208 0.72993 0.77899 0.78592 0.67718 0.596 0.53854 0.46159 0.3959 0.3465 0.31034 0.28554 0.27013 0.26189 0.25853 0.25793 0.2583 0.2583 0.25706 0.25407 0.24915 0.24235 0.23405 0.22492 0.21589 0.20802 0.20239 0.20003 0.20181 0.20837 0.22011 0.23715 0.25936 0.28638 0.31767 0.35251 0.39005 0.42941 0.46973 0.51018 0.55001 0.58852 0.62508
0.52268 0.5433 0.27385 0.061584 0.22289 0.41664 0.59483 0.72455 0.77936 0.78717 0.67691 0.59396 0.53503 0.45736 0.39154 0.34239 0.3067 0.28248 0.26764 0.2599 0.25693 0.25664 0.25725 0.25743 0.25633 0.25347 0.24866 0.24198 0.23377 0.22472 0.21572 0.20782 0.20208 0.19947 0.20087 0.20693 0.21807 0.23446 0.25604 0.2825 0.31333 0.34781 0.38513 0.42439 0.46471 0.50526 0.54528 0.58406 0.62094
0.54657 0.54128 0.28416 0.035117 0.1709 0.3844 0.57687 0.71595 0.77551 0.78416 0.67342 0.58961 0.52982 0.45189 0.38623 0.33752 0.30249 0.279 0.26488 0.25774 0.25524 0.25529 0.25615 0.25651 0.25555 0.25281 0.2481 0.2415 0.23337 0.22437 0.21539 0.20745 0.20158 0.19873 0.19976 0.20534 0.21591 0.2317 0.25269 0.27863 0.30901 0.34318 0.38028 0.41945 0.45978 0.50044 0.54065 0.57968 0.6169
0.54385 0.52771 0.28395 0.033025 0.13276 0.35797 0.55894 0.70462 0.76777 0.77715 0.66689 0.58309 0.52302 0.44525 0.38 0.33194 0.29773 0.27514 0.26187 0.25543 0.25346 0.25389 0.25501 0.25555 0.25472 0.25208 0.24746 0.24093 0.23286 0.2239 0.21492 0.20692 0.2009 0.19782 0.19849 0.20361 0.21365 0.22887 0.24931 0.27475 0.30473 0.33859 0.37551 0.41459 0.45495 0.49571 0.53611 0.5754 0.61293
0.51921 0.50218 0.26954 0.030123 0.11616 0.33843 0.54159 0.69102 0.75654 0.76646 0.65754 0.57455 0.51474 0.43751 0.37294 0.32569 0.29247 0.27093 0.25863 0.25298 0.25161 0.25244 0.25383 0.25455 0.25385 0.2513 0.24675 0.24028 0.23225 0.2233 0.2143 0.20623 0.20007 0.19674 0.19707 0.20174 0.21127 0.22596 0.24589 0.27087 0.30048 0.33407 0.37081 0.40983 0.4502 0.49108 0.53166 0.57121 0.60905
0.47899 0.47001 0.24719 0.029048 0.12396 0.32601 0.52521 0.67559 0.74217 0.75241 0.64562 0.56416 0.5051 0.42877 0.36508 0.31881 0.28674 0.2664 0.25518 0.25042 0.24968 0.25094 0.25261 0.25352 0.25294 0.25047 0.24597 0.23954 0.23154 0.22259 0.21356 0.2054 0.19908 0.1955 0.1955 0.19975 0.2088 0.22298 0.24243 0.26699 0.29625 0.32959 0.36619 0.40514 0.44555 0.48654 0.5273 0.5671 0.60525
0.42928 0.43917 0.23059 0.052199 0.1479 0.32007 0.50998 0.65867 0.72506 0.73534 0.63138 0.55212 0.49422 0.41909 0.35649 0.31136 0.28057 0.26156 0.25155 0.24774 0.24769 0.24942 0.25138 0.25246 0.25199 0.24959 0.24514 0.23873 0.23073 0.22177 0.21269 0.20443 0.19794 0.19412 0.19378 0.19763 0.20622 0.21994 0.23894 0.2631 0.29206 0.32517 0.36163 0.40054 0.44099 0.48209 0.52303 0.56307 0.60153
0.37451 0.41628 0.23509 0.093554 0.17812 0.31927 0.49595 0.64061 0.70556 0.71559 0.61509 0.5386 0.48224 0.40858 0.34723 0.30338 0.27401 0.25646 0.24776 0.24498 0.24565 0.24786 0.25011 0.25138 0.25101 0.24867 0.24425 0.23786 0.22985 0.22086 0.21171 0.20334 0.19668 0.19261 0.19194 0.1954 0.20356 0.21683 0.23542 0.25922 0.28789 0.32081 0.35715 0.39603 0.43651 0.47773 0.51885 0.55913 0.59788
0.31646 0.40354 0.26563 0.14272 0.20894 0.3219 0.48301 0.62167 0.68402 0.69352 0.59702 0.52381 0.4693 0.39731 0.33737 0.29491 0.26709 0.25112 0.24382 0.24214 0.24358 0.24628 0.24884 0.25027 0.25 0.24771 0.24331 0.23692 0.22889 0.21986 0.21063 0.20213 0.19529 0.19096 0.18998 0.19306 0.2008 0.21366 0.23186 0.25534 0.28376 0.31649 0.35273 0.39159 0.43212 0.47345 0.51475 0.55527 0.59431
0.25732 0.39894 0.31347 0.19393 0.23756 0.32631 0.471 0.60208 0.66078 0.66947 0.57744 0.50794 0.45552 0.38538 0.32695 0.286 0.25984 0.24557 0.23977 0.23924 0.24148 0.24468 0.24754 0.24915 0.24896 0.24671 0.24232 0.23592 0.22786 0.21877 0.20945 0.20082 0.19378 0.1892 0.1879 0.19061 0.19796 0.21044 0.22828 0.25146 0.27965 0.31223 0.34839 0.38723 0.42781 0.46926 0.51074 0.55149 0.59082
0.20615 0.39904 0.36656 0.24292 0.26244 0.3311 0.45971 0.58205 0.63615 0.64378 0.55662 0.49119 0.44104 0.37288 0.31604 0.27668 0.2523 0.23984 0.23562 0.23629 0.23936 0.24308 0.24624 0.24802 0.24791 0.24569 0.2413 0.23487 0.22677 0.2176 0.20819 0.19941 0.19217 0.18733 0.18572 0.18807 0.19505 0.20716 0.22468 0.24759 0.27557 0.30801 0.34411 0.38294 0.42359 0.46516 0.50681 0.54779 0.58739
0.18003 0.4014 0.41615 0.28638 0.28265 0.33523 0.44893 0.56172 0.61043 0.61676 0.53483 0.47374 0.426 0.35988 0.30469 0.267 0.24451 0.23396 0.23139 0.23332 0.23723 0.24147 0.24494 0.24687 0.24684 0.24464 0.24023 0.23377 0.22561 0.21637 0.20684 0.19791 0.19046 0.18536 0.18343 0.18544 0.19206 0.20383 0.22104 0.24371 0.27152 0.30385 0.33989 0.37874 0.41945 0.46113 0.50296 0.54416 0.58404
0.18618 0.40506 0.45709 0.32183 0.29766 0.33801 0.43848 0.54126 0.5839 0.58874 0.51233 0.4558 0.41052 0.34648 0.29297 0.25701 0.2365 0.22796 0.22712 0.23033 0.2351 0.23987 0.24363 0.24572 0.24575 0.24356 0.23914 0.23263 0.22441 0.21508 0.20542 0.19632 0.18866 0.18329 0.18105 0.18272 0.189 0.20045 0.21739 0.23985 0.2675 0.29974 0.33574 0.3746 0.41538 0.45719 0.49918 0.5406 0.58075
0.20825 0.40961 0.48675 0.34766 0.30719 0.3391 0.42823 0.52078 0.55679 0.56 0.48935 0.43753 0.39474 0.33275 0.28092 0.24673 0.2283 0.22186 0.22282 0.22734 0.23298 0.23828 0.24233 0.24456 0.24465 0.24246 0.23801 0.23145 0.22316 0.21372 0.20393 0.19466 0.18678 0.18114 0.17859 0.17992 0.18587 0.19702 0.21372 0.23599 0.26351 0.29567 0.33166 0.37055 0.4114 0.45332 0.49549 0.53712 0.57753
0.22915 0.41436 0.50417 0.36301 0.31124 0.33836 0.41809 0.5004 0.52934 0.53081 0.46613 0.41911 0.37877 0.31878 0.2686 0.23622 0.21994 0.2157 0.2185 0.22437 0.23087 0.2367 0.24104 0.24341 0.24354 0.24135 0.23686 0.23024 0.22186 0.21232 0.20239 0.19293 0.18482 0.17891 0.17605 0.17705 0.18268 0.19356 0.21003 0.23214 0.25955 0.29166 0.32764 0.36656 0.40749 0.44954 0.49187 0.53371 0.57438
0.24447 0.41813 0.50948 0.36772 0.31001 0.33586 0.40801 0.48021 0.50176 0.50143 0.44289 0.4007 0.36273 0.30464 0.25605 0.2255 0.21147 0.20951 0.21421 0.22142 0.2288 0.23513 0.23975 0.24225 0.24243 0.24023 0.23569 0.229 0.22053 0.21087 0.20079 0.19114 0.18279 0.17661 0.17343 0.17411 0.17944 0.19005 0.20633 0.22829 0.25563 0.2877 0.32369 0.36265 0.40366 0.44583 0.48832 0.53037 0.57129
0.25658 0.41954 0.50353 0.36217 0.30391 0.33181 0.39802 0.46033 0.47422 0.47208 0.41982 0.38246 0.34673 0.29041 0.24333 0.21461 0.20291 0.20332 0.20994 0.21851 0.22676 0.2336 0.23848 0.2411 0.24131 0.23909 0.23451 0.22774 0.21917 0.20938 0.19914 0.1893 0.18071 0.17424 0.17075 0.17111 0.17615 0.18652 0.20261 0.22446 0.25174 0.2838 0.3198 0.35881 0.39991 0.4422 0.48485 0.5271 0.56826
0.26669 0.41749 0.48768 0.34719 0.2935 0.32648 0.38814 0.44083 0.44691 0.44296 0.39711 0.36451 0.33088 0.27616 0.23048 0.20358 0.19429 0.19715 0.20573 0.21566 0.22475 0.23209 0.23723 0.23996 0.24019 0.23795 0.2333 0.22646 0.21778 0.20786 0.19746 0.18741 0.17857 0.17181 0.16801 0.16806 0.17281 0.18295 0.19889 0.22065 0.24788 0.27994 0.31597 0.35505 0.39623 0.43864 0.48144 0.5239 0.5653
0.27239 0.41147 0.46368 0.32391 0.2795 0.32023 0.37846 0.42181 0.41995 0.41426 0.37493 0.347 0.31528 0.26197 0.21754 0.19245 0.18566 0.19103 0.2016 0.21287 0.2228 0.23061 0.236 0.23883 0.23908 0.2368 0.23209 0.22516 0.21637 0.20631 0.19574 0.18548 0.17638 0.16933 0.16521 0.16495 0.16942 0.17935 0.19515 0.21685 0.24406 0.27614 0.31221 0.35135 0.39262 0.43515 0.47811 0.52076 0.56239
0.27077 0.40157 0.43353 0.29363 0.26274 0.31341 0.36904 0.40334 0.39347 0.38613 0.35341 0.33003 0.30003 0.24789 0.20455 0.18125 0.17703 0.18499 0.19756 0.21016 0.2209 0.22917 0.23478 0.23771 0.23797 0.23565 0.23087 0.22384 0.21494 0.20474 0.19399 0.18351 0.17416 0.1668 0.16237 0.16179 0.166 0.17573 0.19142 0.21306 0.24028 0.27238 0.30851 0.34772 0.38909 0.43174 0.47485 0.51768 0.55954
0.26227 0.38835 0.3995 0.2578 0.24416 0.30637 0.35998 0.3855 0.36757 0.3587 0.33269 0.31371 0.2852 0.23401 0.19156 0.17 0.16846 0.17907 0.19363 0.20754 0.21906 0.22776 0.2336 0.2366 0.23686 0.2345 0.22964 0.22252 0.21349 0.20315 0.19221 0.18151 0.17189 0.16424 0.15948 0.15859 0.16254 0.17209 0.18768 0.2093 0.23653 0.26869 0.30487 0.34416 0.38563 0.42839 0.47165 0.51467 0.55675
0.25191 0.37274 0.36406 0.21791 0.22481 0.29947 0.35137 0.36835 0.34233 0.33207 0.31288 0.29813 0.27089 0.22038 0.1786 0.15873 0.15996 0.17328 0.18983 0.20501 0.21729 0.2264 0.23244 0.23551 0.23577 0.23335 0.22842 0.22119 0.21204 0.20154 0.19042 0.17949 0.1696 0.16164 0.15655 0.15535 0.15904 0.16843 0.18394 0.20555 0.23283 0.26504 0.3013 0.34068 0.38224 0.42512 0.46853 0.51172 0.55402
0.24692 0.35576 0.3298 0.17547 0.20587 0.293 0.34328 0.35194 0.31782 0.30633 0.29408 0.28338 0.25719 0.20708 0.16572 0.14747 0.15159 0.16767 0.18618 0.20259 0.21558 0.22509 0.2313 0.23444 0.23468 0.2322 0.22719 0.21985 0.21058 0.19992 0.18861 0.17746 0.16729 0.15901 0.15359 0.15208 0.15552 0.16475 0.18021 0.20183 0.22916 0.26145 0.2978 0.33726 0.37892 0.42191 0.46546 0.50883 0.55134
0.25174 0.33837 0.29934 0.13216 0.18862 0.28722 0.33577 0.33634 0.29409 0.28155 0.27635 0.26952 0.24415 0.19417 0.15294 0.13624 0.14338 0.16226 0.18269 0.20028 0.21395 0.22382 0.2302 0.23338 0.2336 0.23107 0.22596 0.21852 0.20911 0.1983 0.1868 0.1754 0.16496 0.15636 0.1506 0.14878 0.15198 0.16106 0.17648 0.19814 0.22554 0.25792 0.29435 0.33391 0.37566 0.41878 0.46246 0.506 0.54872
0.26459 0.32122 0.27497 0.090294 0.17443 0.28234 0.32892 0.32159 0.27117 0.25775 0.25977 0.2566 0.23187 0.18174 0.1403 0.12508 0.13537 0.15709 0.17938 0.19809 0.2124 0.22259 0.22913 0.23234 0.23254 0.22994 0.22474 0.21718 0.20764 0.19667 0.18498 0.17334 0.16261 0.15369 0.14759 0.14546 0.14841 0.15737 0.17275 0.19447 0.22196 0.25444 0.29097 0.33062 0.37248 0.41571 0.45953 0.50323 0.54614
0.27922 0.30448 0.25815 0.055341 0.16459 0.27851 0.32275 0.30772 0.24908 0.23498 0.24437 0.24468 0.2204 0.16986 0.12786 0.11401 0.12761 0.15217 0.17626 0.19602 0.21092 0.22142 0.22808 0.23133 0.23149 0.22882 0.22352 0.21585 0.20618 0.19505 0.18315 0.17128 0.16026 0.15101 0.14456 0.14211 0.14483 0.15366 0.16904 0.19082 0.21843 0.25102 0.28766 0.3274 0.36936 0.4127 0.45665 0.50051 0.54362
0.28874 0.28781 0.24906 0.04526 0.16001 0.27582 0.31731 0.29477 0.22783 0.21325 0.23018 0.23378 0.20982 0.15862 0.11565 0.10304 0.12016 0.14755 0.17335 0.19409 0.20953 0.2203 0.22708 0.23034 0.23045 0.22771 0.22232 0.21453 0.20472 0.19343 0.18134 0.16922 0.1579 0.14832 0.14152 0.13874 0.14123 0.14995 0.16534 0.18722 0.21494 0.24765 0.2844 0.32425 0.36631 0.40976 0.45384 0.49785 0.54115
0.28777 0.27047 0.24648 0.068241 0.16091 0.27431 0.31262 0.28278 0.20745 0.19256 0.21724 0.22393 0.20018 0.14812 0.10373 0.092229 0.11307 0.14325 0.17065 0.1923 0.20822 0.21924 0.2261 0.22937 0.22943 0.22661 0.22112 0.21322 0.20328 0.19182 0.17952 0.16716 0.15555 0.14562 0.13847 0.13536 0.13761 0.14624 0.16166 0.18364 0.2115 0.24435 0.28121 0.32117 0.36333 0.40688 0.45109 0.49525 0.53873
0.27286 0.25168 0.24824 0.10133 0.16671 0.27397 0.30869 0.27179 0.18795 0.17292 0.20555 0.21513 0.19154 0.13847 0.09216 0.081596 0.10641 0.13929 0.16819 0.19064 0.207 0.21823 0.22516 0.22842 0.22843 0.22553 0.21994 0.21192 0.20184 0.19022 0.17772 0.16511 0.1532 0.14293 0.13541 0.13197 0.13399 0.14253 0.15799 0.1801 0.20811 0.2411 0.27809 0.31815 0.36041 0.40407 0.44839 0.4927 0.53635
0.24261 0.23099 0.25205 0.13463 0.17629 0.27476 0.30552 0.26184 0.16938 0.15436 0.19512 0.2074 0.18395 0.12977 0.081047 0.071194 0.10025 0.13572 0.16595 0.18913 0.20586 0.21727 0.22426 0.2275 0.22745 0.22446 0.21877 0.21063 0.20042 0.18863 0.17594 0.16308 0.15087 0.14025 0.13236 0.12858 0.13036 0.13882 0.15434 0.17659 0.20477 0.23791 0.27503 0.3152 0.35756 0.40132 0.44575 0.4902 0.53402
0.19792 0.20859 0.25605 0.16567 0.18837 0.27661 0.30314 0.25298 0.15181 0.13692 0.18595 0.20071 0.17743 0.12216 0.070523 0.061091 0.094671 0.13254 0.16396 0.18776 0.20482 0.21636 0.22339 0.2266 0.22649 0.22341 0.21761 0.20936 0.19901 0.18706 0.17417 0.16106 0.14855 0.13757 0.1293 0.12518 0.12673 0.13512 0.15072 0.17312 0.20148 0.23478 0.27203 0.31231 0.35476 0.39862 0.44317 0.48775 0.53174
0.14235 0.18544 0.25906 0.19358 0.20178 0.27942 0.30154 0.24526 0.13537 0.12069 0.17802 0.19505 0.17201 0.11576 0.060794 0.051398 0.089764 0.12977 0.16221 0.18653 0.20386 0.21551 0.22256 0.22573 0.22554 0.22237 0.21647 0.20811 0.19762 0.18551 0.17242 0.15907 0.14625 0.13491 0.12626 0.12178 0.1231 0.13142 0.14712 0.1697 0.19824 0.23171 0.2691 0.30948 0.35204 0.39599 0.44065 0.48536 0.52951
0.083654 0.16306 0.26054 0.21798 0.2156 0.28312 0.30073 0.23874 0.12028 0.10584 0.17133 0.19039 0.1677 0.11068 0.052182 0.042303 0.085614 0.12745 0.16071 0.18545 0.20298 0.21472 0.22176 0.22488 0.22462 0.22135 0.21535 0.20687 0.19625 0.18398 0.17069 0.15709 0.14397 0.13227 0.12322 0.11838 0.11946 0.12774 0.14354 0.16631 0.19506 0.2287 0.26622 0.30672 0.34937 0.39342 0.43818 0.48301 0.52731
0.047876 0.14306 0.26052 0.23871 0.22918 0.28761 0.30072 0.23351 0.10688 0.092663 0.16586 0.18669 0.16448 0.10701 0.045175 0.034161 0.082304 0.12556 0.15946 0.18452 0.20219 0.21397 0.221 0.22406 0.22372 0.22036 0.21425 0.20565 0.1949 0.18248 0.169 0.15515 0.14172 0.12965 0.1202 0.11499 0.11583 0.12407 0.14 0.16298 0.19193 0.22575 0.26342 0.30403 0.34677 0.3909 0.43576 0.48071 0.52516
0.075271 0.12642 0.25942 0.25572 0.24206 0.29283 0.30153 0.22962 0.095699 0.08161 0.16158 0.1839 0.16232 0.10479 0.040439 0.027657 0.079903 0.12413 0.15845 0.18372 0.20149 0.21328 0.22027 0.22326 0.22283 0.21938 0.21317 0.20446 0.19358 0.181 0.16733 0.15324 0.1395 0.12707 0.1172 0.11161 0.11221 0.12041 0.13648 0.15968 0.18886 0.22287 0.26068 0.30139 0.34422 0.38844 0.4334 0.47846 0.52306
0.11679 0.11292 0.25789 0.26903 0.25397 0.2987 0.30316 0.22715 0.087407 0.073328 0.15848 0.18199 0.16119 0.10401 0.038626 0.023957 0.078454 0.12315 0.15769 0.18307 0.20087 0.21265 0.21958 0.22249 0.22197 0.21842 0.21211 0.20328 0.19228 0.17955 0.16569 0.15136 0.13732 0.12451 0.11422 0.10824 0.10859 0.11677 0.133 0.15644 0.18585 0.22005 0.258 0.29882 0.34174 0.38604 0.43108 0.47626 0.52099
0.14565 0.10136 0.2566 0.27869 0.26477 0.3052 0.30565 0.22615 0.082743 0.068547 0.1565 0.18089 0.161 0.10461 0.039953 0.024169 0.077968 0.12262 0.15717 0.18255 0.20034 0.21206 0.21892 0.22175 0.22113 0.21748 0.21107 0.20213 0.191 0.17813 0.16408 0.14952 0.13517 0.12198 0.11127 0.10489 0.10499 0.11314 0.12956 0.15325 0.1829 0.21729 0.25538 0.29631 0.33931 0.38369 0.42882 0.4741 0.51897
0.1563 0.090652 0.25614 0.28476 0.27443 0.31228 0.30899 0.22665 0.082221 0.067785 0.15562 0.18055 0.1617 0.10646 0.043971 0.028023 0.078422 0.12252 0.15688 0.18217 0.19988 0.21152 0.21829 0.22103 0.22032 0.21656 0.21005 0.20101 0.18976 0.17674 0.16251 0.14771 0.13307 0.1195 0.10835 0.10155 0.10139 0.10954 0.12615 0.15011 0.18001 0.21459 0.25283 0.29386 0.33694 0.3814 0.42661 0.47199 0.51698
0.14867 0.081402 0.2568 0.28731 0.28301 0.31995 0.31319 0.22866 0.08583 0.070995 0.15578 0.1809 0.16319 0.10942 0.049892 0.03417 0.079755 0.12283 0.15681 0.18191 0.1995 0.21103 0.2177 0.22033 0.21952 0.21567 0.20905 0.19991 0.18854 0.17538 0.16098 0.14595 0.13101 0.11706 0.10547 0.098239 0.09781 0.10596 0.12278 0.14703 0.17718 0.21196 0.25034 0.29148 0.33463 0.37916 0.42445 0.46992 0.51503
