0.27744 0.32603 0.27502 0.13704 0.096602 0.097246 0.19948 0.37005 0.45601 0.41628 0.35922 0.30844 0.26806 0.23498 0.20578 0.17998 0.16074 0.15176 0.15251 0.15791 0.16278 0.16444 0.16241 0.15726 0.1499 0.14126 0.13226 0.12381 0.1168 0.11198 0.10979 0.11027 0.11305 0.11754 0.12311 0.12921 0.13546 0.14164 0.14766 0.15355 0.15945 0.16557 0.17218 0.1796 0.18813 0.19804 0.20955 0.22272 0.23751
0.2398 0.50627 0.62354 0.35779 0.17162 0.16287 0.19034 0.20084 0.22393 0.23656 0.23351 0.21184 0.17677 0.13383 0.090342 0.06524 0.083772 0.1242 0.16454 0.19833 0.22437 0.24338 0.25659 0.26506 0.26946 0.27013 0.26727 0.26117 0.25219 0.24084 0.22769 0.21327 0.19805 0.18241 0.16657 0.15067 0.13473 0.11867 0.10237 0.085649 0.068325 0.050216 0.031209 0.011696 0.01226 0.034256 0.058028 0.082891 0.1085
0.26953 0.331 0.44196 0.41497 0.56001 0.68598 0.75947 0.85177 0.78788 0.58041 0.38777 0.21961 0.078336 0.041094 0.13726 0.21696 0.28015 0.32645 0.3562 0.37127 0.37466 0.36971 0.35934 0.34565 0.32994 0.31299 0.2953 0.27735 0.25962 0.24261 0.22681 0.21261 0.20027 0.18992 0.18152 0.17494 0.16997 0.16639 0.16398 0.16262 0.16224 0.16284 0.16451 0.1674 0.17165 0.17741 0.18474 0.19364 0.20397
0.40346 0.28566 0.26204 0.041049 0.27794 0.42389 0.4278 0.39642 0.32606 0.26233 0.23252 0.21238 0.19559 0.17992 0.16651 0.1607 0.1666 0.18144 0.19819 0.21106 0.21723 0.21624 0.20887 0.19631 0.17968 0.15993 0.13788 0.11427 0.089768 0.064972 0.04041 0.016589 0.0073939 0.028813 0.049361 0.068579 0.086413 0.10288 0.11803 0.13196 0.14478 0.15663 0.16767 0.17804 0.18792 0.19745 0.20678 0.21601 0.22523
0.16525 0.065671 0.30907 0.38466 0.53072 0.62029 0.61123 0.5986 0.51146 0.38464 0.30755 0.2719 0.25935 0.25194 0.24181 0.22823 0.2132 0.19896 0.18699 0.17765 0.17043 0.16452 0.15925 0.15419 0.14916 0.14411 0.13906 0.13404 0.12909 0.12426 0.11969 0.11553 0.112 0.1093 0.10757 0.10684 0.10704 0.10796 0.10937 0.11102 0.11268 0.11418 0.11544 0.11645 0.11731 0.11818 0.11932 0.12106 0.12374
0.37849 0.28998 0.11152 0.06891 0.30547 0.50736 0.59832 0.63681 0.54714 0.40379 0.31731 0.26356 0.22022 0.17925 0.14019 0.10474 0.075909 0.056848 0.047059 0.040866 0.033012 0.022072 0.010869 0.014928 0.030112 0.046145 0.061167 0.074405 0.085447 0.094122 0.10046 0.10464 0.10692 0.10761 0.10703 0.10546 0.10312 0.10016 0.09668 0.092708 0.08823 0.083201 0.077562 0.071253 0.064228 0.056461 0.047949 0.038712 0.028784
0.39096 0.48125 0.37205 0.36148 0.69611 0.87745 0.91157 0.90316 0.73527 0.52098 0.4105 0.36668 0.34839 0.33408 0.31727 0.29731 0.27517 0.25209 0.22926 0.20767 0.18804 0.17081 0.15608 0.14376 0.13362 0.12535 0.11859 0.11304 0.10842 0.10453 0.10122 0.098416 0.096059 0.094079 0.092375 0.090809 0.089213 0.087409 0.085227 0.08252 0.07918 0.075148 0.070422 0.065069 0.059244 0.053214 0.047402 0.042432 0.039134
0.44717 0.35067 0.51096 0.45858 0.38611 0.32188 0.28958 0.34622 0.37319 0.30803 0.22399 0.14424 0.082399 0.052049 0.065421 0.09491 0.12297 0.14515 0.16001 0.16737 0.16779 0.16239 0.15252 0.13953 0.1246 0.10879 0.09304 0.078289 0.065539 0.055901 0.050403 0.049375 0.051991 0.056754 0.062306 0.067711 0.072383 0.075958 0.07821 0.079007 0.078298 0.076111 0.072575 0.067964 0.062781 0.05788 0.054595 0.054603 0.059213
0.40661 0.44608 0.68722 0.72505 0.64017 0.43109 0.3097 0.32043 0.28758 0.2045 0.14314 0.097293 0.053641 0.0077713 0.038726 0.081869 0.11888 0.14768 0.16722 0.17751 0.17936 0.17422 0.1638 0.14977 0.13361 0.11663 0.10001 0.084939 0.072708 0.064701 0.061932 0.064275 0.070433 0.078812 0.08817 0.097709 0.10696 0.11565 0.12367 0.13098 0.13764 0.14377 0.14955 0.15522 0.16108 0.16745 0.17465 0.18299 0.19272
0.063512 0.12257 0.18124 0.12627 0.15077 0.27131 0.37183 0.43591 0.44777 0.40961 0.3849 0.37117 0.36477 0.36164 0.35839 0.3524 0.34207 0.32678 0.30701 0.28416 0.2601 0.23682 0.2159 0.19834 0.18447 0.17411 0.16675 0.16179 0.15868 0.15701 0.15655 0.15718 0.15885 0.16148 0.16498 0.16923 0.17408 0.17941 0.1851 0.19109 0.19732 0.20382 0.21063 0.21783 0.22552 0.23382 0.24285 0.25273 0.26355
0.48879 0.37294 0.15178 0.3199 0.33731 0.37987 0.38357 0.36013 0.31005 0.2754 0.27787 0.291 0.30256 0.30738 0.30339 0.28935 0.26495 0.23113 0.19024 0.14546 0.10013 0.057736 0.027026 0.037289 0.066001 0.0934 0.11714 0.1369 0.15283 0.16527 0.17465 0.18149 0.18628 0.18949 0.19154 0.19277 0.19348 0.1939 0.19422 0.1946 0.1952 0.19615 0.19761 0.19975 0.20276 0.20683 0.21216 0.21895 0.22737
0.4071 0.59527 0.49842 0.099179 0.32105 0.33032 0.2383 0.15848 0.073738 0.048755 0.10083 0.14417 0.17439 0.19667 0.21619 0.23462 0.24987 0.25833 0.25779 0.2487 0.23375 0.21662 0.20071 0.18829 0.18032 0.17652 0.17586 0.17705 0.17893 0.18061 0.18154 0.18142 0.18016 0.17778 0.17439 0.17012 0.16512 0.15953 0.15349 0.14711 0.14051 0.13383 0.12725 0.12102 0.1155 0.1112 0.10881 0.10913 0.11294
0.24731 0.10756 0.15508 0.37143 0.50982 0.39967 0.2143 0.092525 0.089688 0.12922 0.15354 0.17149 0.19052 0.21138 0.23256 0.25176 0.26637 0.27442 0.27547 0.27056 0.26152 0.25032 0.23854 0.22726 0.21701 0.20796 0.20001 0.19299 0.18663 0.18067 0.1749 0.16913 0.16321 0.15706 0.15063 0.14389 0.13685 0.1295 0.12185 0.11386 0.10549 0.096655 0.087242 0.077103 0.066062 0.053929 0.040548 0.025986 0.012321
0.17964 0.43128 0.66597 0.58015 0.60479 0.66626 0.73847 0.83258 0.8032 0.672 0.56934 0.48023 0.39748 0.32202 0.25673 0.20378 0.16488 0.14059 0.12909 0.12638 0.12844 0.13259 0.13732 0.14176 0.14534 0.14767 0.14859 0.1481 0.14633 0.14349 0.13981 0.1355 0.13077 0.12576 0.12063 0.11551 0.11051 0.10576 0.10134 0.097345 0.093833 0.090841 0.088388 0.086486 0.085161 0.084488 0.084632 0.085902 0.088773
0.23938 0.34357 0.50049 0.29759 0.20997 0.30426 0.36173 0.41692 0.44717 0.43228 0.40688 0.35832 0.29162 0.21955 0.15374 0.10151 0.065859 0.045148 0.035026 0.033768 0.040865 0.052421 0.06456 0.075249 0.083706 0.0898 0.093698 0.095682 0.09605 0.095064 0.092952 0.089906 0.086104 0.081728 0.076977 0.072077 0.067288 0.062906 0.059269 0.056738 0.055664 0.056326 0.058871 0.063305 0.069531 0.077424 0.086887 0.097881 0.11043
0.042035 0.070608 0.20851 0.41679 0.53946 0.38498 0.22838 0.26239 0.35531 0.3766 0.36523 0.32811 0.2724 0.20835 0.14768 0.10206 0.080776 0.079444 0.083106 0.08402 0.081633 0.077585 0.073412 0.069987 0.067613 0.066251 0.065659 0.065483 0.065317 0.064776 0.063558 0.061472 0.058438 0.054468 0.049635 0.044031 0.037746 0.030834 0.023299 0.01509 0.0061283 0.0039846 0.01495 0.027272 0.041064 0.056473 0.073617 0.092583 0.11342
0.44711 0.30926 0.15551 0.08809 0.13187 0.10985 0.13404 0.25539 0.39291 0.45124 0.46749 0.45113 0.41272 0.36288 0.30984 0.25852 0.21174 0.1708 0.13585 0.10643 0.082018 0.062471 0.048058 0.039311 0.036267 0.037525 0.040895 0.044696 0.048001 0.050369 0.051651 0.051871 0.051179 0.049802 0.048009 0.046069 0.044231 0.042709 0.041705 0.041468 0.042353 0.044856 0.049549 0.056945 0.067386 0.08102 0.097861 0.11784 0.14082
0.38476 0.29342 0.27804 0.51773 0.69187 0.62857 0.52544 0.50916 0.478 0.41541 0.38224 0.36325 0.34589 0.32373 0.29522 0.26092 0.22255 0.18258 0.14371 0.10825 0.077686 0.052846 0.034492 0.024351 0.023643 0.028211 0.033425 0.037534 0.040092 0.041095 0.040744 0.039378 0.03748 0.035675 0.034684 0.035173 0.037508 0.041657 0.047341 0.054279 0.062322 0.071488 0.081944 0.093961 0.10787 0.12399 0.14261 0.16394 0.18808
0.44633 0.28833 0.32562 0.37796 0.28423 0.1415 0.090847 0.13867 0.16338 0.15079 0.15722 0.1766 0.19457 0.20643 0.21139 0.20893 0.19902 0.18274 0.16228 0.1402 0.11881 0.099735 0.083843 0.071375 0.06206 0.055243 0.050039 0.045537 0.040973 0.035809 0.029735 0.022621 0.014477 0.0055512 0.0054329 0.016004 0.027485 0.039589 0.05225 0.065467 0.079297 0.093855 0.10931 0.12589 0.14382 0.16339 0.18483 0.20837 0.23414
0.27792 0.29474 0.19704 0.14976 0.31069 0.3556 0.32843 0.28668 0.19083 0.09072 0.042374 0.059362 0.085488 0.10449 0.11778 0.12703 0.133 0.1358 0.13548 0.13226 0.12663 0.11933 0.11117 0.10282 0.094782 0.08732 0.080528 0.074388 0.068844 0.063884 0.059602 0.056247 0.05421 0.053954 0.055856 0.06007 0.066494 0.074875 0.084939 0.09647 0.10934 0.12349 0.13897 0.15586 0.17431 0.19447 0.21652 0.24059 0.26679
0.22152 0.048783 0.33878 0.31454 0.37271 0.33761 0.2273 0.20685 0.20396 0.1528 0.1025 0.066209 0.04389 0.032267 0.031506 0.041369 0.057563 0.076228 0.094561 0.1104 0.12235 0.12997 0.13356 0.13391 0.1319 0.12839 0.12404 0.11941 0.1149 0.1108 0.10734 0.10469 0.10302 0.10245 0.10311 0.1051 0.10848 0.11331 0.1196 0.12739 0.1367 0.1476 0.16017 0.17456 0.1909 0.20937 0.23011 0.25325 0.27885
0.054562 0.2235 0.40676 0.57513 0.68003 0.58479 0.43204 0.33152 0.23661 0.15508 0.11096 0.087676 0.07553 0.070669 0.071816 0.078234 0.08908 0.10301 0.11814 0.13241 0.14419 0.15258 0.15745 0.15922 0.15853 0.15605 0.15244 0.14822 0.14383 0.13961 0.13579 0.13253 0.12993 0.12808 0.12703 0.12684 0.1276 0.12939 0.13234 0.13657 0.14228 0.14966 0.15895 0.17042 0.18432 0.20088 0.22029 0.24265 0.26798
0.25776 0.60887 0.92239 0.82797 0.81394 0.66391 0.44014 0.26377 0.13346 0.064835 0.044511 0.052776 0.074855 0.099791 0.12265 0.14181 0.15688 0.16778 0.1746 0.17774 0.17782 0.1756 0.17183 0.16716 0.16208 0.15693 0.15194 0.14725 0.14293 0.13896 0.13533 0.13198 0.12885 0.12593 0.12324 0.12086 0.11889 0.11752 0.117 0.11765 0.11986 0.12408 0.13076 0.14033 0.15313 0.16937 0.18914 0.21241 0.23901
0.30261 0.10969 0.39772 0.43005 0.49849 0.43573 0.22162 0.10457 0.13189 0.14405 0.15923 0.17067 0.17684 0.18218 0.18896 0.19596 0.20063 0.20098 0.19649 0.18797 0.17698 0.16518 0.15389 0.14401 0.13598 0.12991 0.12559 0.12263 0.12053 0.11876 0.11687 0.11452 0.1115 0.10774 0.10323 0.098095 0.092523 0.086827 0.081493 0.077241 0.075073 0.076165 0.081533 0.09167 0.10649 0.12561 0.14855 0.17489 0.20423
0.28129 0.54288 0.81186 0.80988 0.89049 0.84528 0.71651 0.61226 0.46728 0.31319 0.21953 0.18015 0.17884 0.19031 0.19991 0.20283 0.19838 0.18744 0.17179 0.15359 0.13494 0.11767 0.10327 0.092861 0.087033 0.085548 0.087311 0.090809 0.094627 0.097708 0.099388 0.099309 0.097329 0.093444 0.087723 0.080267 0.071186 0.060591 0.048636 0.035668 0.02301 0.017218 0.027545 0.046175 0.068296 0.092911 0.11973 0.1486 0.17936
0.36683 0.17193 0.13008 0.38307 0.70557 0.85356 0.81988 0.74648 0.53768 0.30251 0.17799 0.16062 0.18191 0.19601 0.19709 0.18818 0.17257 0.15276 0.13052 0.10709 0.083351 0.060224 0.039323 0.025428 0.027949 0.041576 0.056696 0.07031 0.081474 0.089843 0.09535 0.098088 0.098245 0.096064 0.091803 0.085733 0.078138 0.069358 0.059892 0.050631 0.043336 0.04101 0.046273 0.058648 0.076004 0.096774 0.12011 0.14552 0.17268
0.048718 0.12134 0.44684 0.45742 0.26519 0.23884 0.51624 0.74131 0.75524 0.59868 0.45855 0.35338 0.28011 0.22992 0.19472 0.16912 0.14991 0.13456 0.12051 0.10574 0.089523 0.072751 0.057919 0.049076 0.049675 0.058119 0.069848 0.08168 0.092063 0.10034 0.1063 0.11001 0.11163 0.11143 0.1097 0.10674 0.10293 0.098672 0.094486 0.091005 0.08899 0.089249 0.092483 0.099096 0.10912 0.12229 0.13822 0.15648 0.17667
0.22221 0.23181 0.13709 0.18652 0.32564 0.41378 0.45585 0.52053 0.52032 0.43533 0.34703 0.26327 0.19223 0.13757 0.10173 0.089508 0.098474 0.1151 0.12883 0.13566 0.1356 0.13075 0.12388 0.1175 0.11332 0.11195 0.11306 0.11579 0.11921 0.12259 0.12544 0.12751 0.12874 0.12914 0.12879 0.12784 0.12646 0.12488 0.1234 0.12233 0.12203 0.12289 0.12524 0.12935 0.13537 0.14333 0.15319 0.16478 0.17795
0.29447 0.31936 0.27977 0.14 0.056651 0.013646 0.054511 0.17246 0.25794 0.25018 0.21475 0.17784 0.14274 0.10788 0.082738 0.086306 0.11395 0.14511 0.16925 0.18334 0.18802 0.1857 0.17921 0.17102 0.16288 0.15583 0.15032 0.14638 0.14383 0.14237 0.1417 0.14154 0.14166 0.14187 0.14203 0.14204 0.14188 0.14158 0.14124 0.14098 0.14099 0.14145 0.14255 0.14445 0.14728 0.1511 0.15596 0.16185 0.16876
0.27447 0.37679 0.47282 0.31683 0.23762 0.28899 0.28815 0.24487 0.14017 0.046525 0.11271 0.18692 0.23167 0.2503 0.25368 0.25205 0.25105 0.25118 0.25019 0.24594 0.23778 0.22644 0.21332 0.19979 0.18693 0.17547 0.16582 0.15817 0.15254 0.14878 0.14665 0.14581 0.14589 0.14653 0.14739 0.14822 0.14885 0.14918 0.14919 0.14891 0.14842 0.14783 0.14723 0.14673 0.14641 0.14636 0.14663 0.14728 0.14842
0.43774 0.23542 0.42237 0.65848 0.85884 0.80224 0.68452 0.62905 0.53996 0.44155 0.40172 0.39114 0.3887 0.38415 0.37483 0.36095 0.34358 0.32377 0.3024 0.28022 0.25786 0.23601 0.21532 0.19637 0.17964 0.16553 0.15433 0.14618 0.14103 0.13854 0.13821 0.13942 0.14155 0.14405 0.14649 0.14856 0.15005 0.15084 0.15091 0.15026 0.14894 0.14702 0.14456 0.14164 0.1383 0.13459 0.13054 0.12622 0.12174
0.38117 0.37564 0.3723 0.19059 0.24902 0.30995 0.38911 0.5722 0.66561 0.61374 0.55011 0.49477 0.45233 0.4209 0.39583 0.37236 0.34764 0.32089 0.29275 0.26428 0.23637 0.20973 0.18495 0.16265 0.14354 0.12845 0.11813 0.1129 0.11231 0.11526 0.12039 0.12648 0.13263 0.13826 0.143 0.14664 0.14911 0.15037 0.15047 0.14946 0.14741 0.14439 0.14047 0.13567 0.13002 0.1235 0.11607 0.10767 0.098262
0.38529 0.49393 0.64544 0.42328 0.37489 0.35675 0.34065 0.39733 0.42731 0.38473 0.35094 0.33606 0.33154 0.32661 0.31689 0.30231 0.28429 0.26405 0.24212 0.21852 0.19326 0.16678 0.13992 0.11392 0.090623 0.072797 0.064078 0.066132 0.075908 0.088906 0.10224 0.11452 0.12513 0.13386 0.14068 0.14565 0.1489 0.15054 0.15072 0.14955 0.14718 0.14369 0.13917 0.13366 0.12719 0.1197 0.11113 0.10133 0.090127
0.5177 0.44635 0.33645 0.099407 0.23469 0.29141 0.30106 0.28313 0.18663 0.060757 0.064153 0.14146 0.18822 0.20673 0.20793 0.20291 0.19839 0.19518 0.19022 0.18024 0.16382 0.14142 0.11458 0.085047 0.054438 0.024069 0.0050313 0.032036 0.056434 0.077905 0.096338 0.11177 0.12435 0.13429 0.14181 0.14715 0.15055 0.15222 0.15238 0.15121 0.14888 0.14555 0.14133 0.13633 0.1306 0.12417 0.11701 0.1091 0.10042
0.291 0.064491 0.33017 0.22873 0.14404 0.23845 0.31632 0.36709 0.33311 0.24402 0.18394 0.155 0.13702 0.1158 0.096543 0.095689 0.11635 0.14304 0.16324 0.1718 0.16827 0.15483 0.13481 0.1118 0.089565 0.072465 0.065244 0.069393 0.080918 0.095016 0.1089 0.12131 0.13175 0.14009 0.14638 0.15076 0.15342 0.15454 0.15435 0.15305 0.15084 0.14791 0.14444 0.14058 0.13645 0.13213 0.12768 0.12316 0.11862
0.45166 0.37008 0.13675 0.31619 0.28623 0.20952 0.28209 0.40887 0.44479 0.36724 0.27888 0.20021 0.13556 0.082525 0.049484 0.067319 0.11029 0.15127 0.1818 0.19882 0.20261 0.19576 0.18191 0.16485 0.14793 0.13389 0.12463 0.1208 0.12177 0.12601 0.13192 0.1382 0.144 0.14882 0.15242 0.15472 0.15578 0.15571 0.15466 0.15285 0.15048 0.14778 0.14498 0.14227 0.13984 0.1378 0.13625 0.13523 0.13478
0.036049 0.30233 0.54961 0.44477 0.38248 0.35567 0.42858 0.57188 0.61505 0.52625 0.42931 0.34392 0.27886 0.23607 0.21402 0.20995 0.21927 0.23484 0.24908 0.25674 0.25584 0.24723 0.23326 0.21667 0.19987 0.18474 0.17246 0.16359 0.15806 0.15535 0.15465 0.15513 0.15606 0.15688 0.15722 0.15687 0.15576 0.15392 0.15148 0.14863 0.1456 0.14268 0.14014 0.13827 0.1373 0.13738 0.13859 0.14094 0.14438
0.17773 0.23918 0.38639 0.25718 0.31179 0.49541 0.60098 0.71025 0.7049 0.59017 0.49524 0.42467 0.3783 0.35196 0.33934 0.33469 0.33384 0.33342 0.33058 0.32336 0.31115 0.29473 0.27572 0.25592 0.23682 0.21953 0.20468 0.19257 0.18315 0.17613 0.17102 0.16725 0.16427 0.16158 0.1588 0.15569 0.15214 0.14813 0.14379 0.13933 0.13505 0.1313 0.12851 0.12705 0.12725 0.12932 0.13329 0.13907 0.14642
0.61942 0.5107 0.531 0.37615 0.20274 0.29039 0.40053 0.4628 0.42889 0.33838 0.29016 0.29628 0.33233 0.36891 0.3948 0.40874 0.41199 0.40598 0.39229 0.37278 0.34945 0.32436 0.29932 0.2757 0.25435 0.23566 0.21973 0.20643 0.1955 0.18656 0.1792 0.17294 0.16735 0.16201 0.15662 0.15094 0.14488 0.13843 0.13175 0.12509 0.11885 0.11358 0.10989 0.10843 0.10969 0.11391 0.12097 0.13054 0.14211
0.25405 0.40056 0.56275 0.49458 0.39954 0.3193 0.27631 0.26788 0.23344 0.1379 0.11068 0.20828 0.30677 0.37768 0.42191 0.44428 0.44873 0.43856 0.4174 0.38927 0.35804 0.3269 0.29806 0.2727 0.25118 0.23333 0.21867 0.2066 0.19652 0.18789 0.18023 0.1731 0.16617 0.15912 0.15173 0.14383 0.13535 0.12632 0.11691 0.10742 0.098383 0.090613 0.085187 0.083295 0.085815 0.092883 0.1039 0.11794 0.1341
0.35327 0.27442 0.095576 0.40348 0.47233 0.22885 0.070881 0.34439 0.49648 0.48318 0.44137 0.41731 0.41832 0.43241 0.44706 0.45401 0.44895 0.4312 0.40318 0.36917 0.33364 0.30023 0.27123 0.24757 0.22917 0.21525 0.2047 0.19643 0.18945 0.18305 0.1767 0.17005 0.16288 0.15501 0.1463 0.13669 0.12614 0.11466 0.10238 0.089563 0.07675 0.064982 0.056183 0.053182 0.058 0.069798 0.086223 0.10538 0.12608
0.059449 0.12851 0.51681 0.69026 0.8505 0.81532 0.76086 0.82498 0.81347 0.68593 0.58185 0.5099 0.46896 0.45042 0.44234 0.4336 0.41711 0.39067 0.35627 0.31817 0.28097 0.24838 0.2226 0.20425 0.19258 0.18594 0.18239 0.18022 0.17816 0.17542 0.17157 0.16643 0.15992 0.15206 0.14285 0.1323 0.12041 0.10721 0.092725 0.077022 0.060285 0.042991 0.026889 0.020118 0.032078 0.052088 0.074486 0.097939 0.12191
0.29218 0.28792 0.32471 0.36756 0.71153 0.96758 0.99014 0.95465 0.78159 0.56578 0.44959 0.40691 0.40088 0.40318 0.40065 0.3882 0.36444 0.33068 0.29051 0.24875 0.21028 0.17928 0.15853 0.14855 0.14729 0.15124 0.1571 0.16259 0.16644 0.16805 0.1673 0.16426 0.1591 0.152 0.14315 0.13266 0.12064 0.10714 0.092242 0.076016 0.0586 0.040326 0.022537 0.0151 0.030398 0.0521 0.075433 0.099541 0.12404
0.12266 0.19285 0.38059 0.48024 0.68994 0.81315 0.78206 0.68753 0.45249 0.2033 0.13785 0.23025 0.30598 0.34439 0.35282 0.3396 0.31097 0.27184 0.22677 0.18035 0.13742 0.10371 0.086198 0.087864 0.10175 0.11908 0.1352 0.14821 0.15754 0.16319 0.16541 0.16459 0.16112 0.15536 0.14762 0.13814 0.12714 0.11484 0.10148 0.087402 0.073235 0.06019 0.050684 0.04844 0.055564 0.070022 0.088755 0.10982 0.13215
0.11626 0.20133 0.54463 0.5954 0.60399 0.59573 0.60198 0.61022 0.4866 0.30022 0.22059 0.25313 0.30182 0.32622 0.32565 0.30672 0.27529 0.2354 0.18998 0.14164 0.092913 0.046502 0.01258 0.040105 0.073001 0.10101 0.12369 0.14119 0.15383 0.16209 0.16647 0.16752 0.16573 0.16154 0.15533 0.14745 0.13819 0.1279 0.11694 0.10583 0.0953 0.086446 0.080722 0.07967 0.084182 0.093981 0.10796 0.12488 0.14372
0.4241 0.50433 0.535 0.2734 0.027811 0.18505 0.36224 0.56592 0.63121 0.53568 0.44401 0.3874 0.35772 0.33657 0.31423 0.28852 0.25943 0.22669 0.1901 0.15058 0.11081 0.075985 0.056465 0.062392 0.083205 0.10615 0.12666 0.14339 0.15609 0.16493 0.17025 0.17248 0.17204 0.16935 0.16476 0.15863 0.1513 0.14313 0.13453 0.12601 0.1182 0.1119 0.10798 0.1073 0.11037 0.11725 0.12755 0.1406 0.15572
0.33078 0.26797 0.25868 0.1547 0.018579 0.21085 0.37801 0.58974 0.68929 0.62191 0.53095 0.44575 0.37724 0.32625 0.29011 0.26519 0.24667 0.22888 0.20776 0.18254 0.15573 0.1319 0.11613 0.11156 0.11696 0.12809 0.14093 0.15302 0.16313 0.17077 0.17586 0.17853 0.179 0.17753 0.1744 0.16991 0.16435 0.15807 0.15144 0.1449 0.13896 0.13418 0.13117 0.13044 0.13237 0.13709 0.14445 0.15414 0.16573
0.29582 0.057448 0.1433 0.36797 0.51493 0.5427 0.56699 0.65059 0.66912 0.58457 0.49322 0.40087 0.3193 0.25928 0.2264 0.21777 0.22188 0.22616 0.22341 0.21243 0.19592 0.17824 0.16353 0.15445 0.15163 0.15389 0.15926 0.16586 0.17235 0.17789 0.18204 0.18462 0.1856 0.18506 0.18315 0.18004 0.17598 0.17124 0.16614 0.16102 0.1563 0.1524 0.14973 0.14867 0.14949 0.15233 0.15716 0.16384 0.17215
0.44357 0.5612 0.68764 0.61036 0.58259 0.48566 0.45329 0.51932 0.54551 0.47922 0.39408 0.29639 0.20187 0.13353 0.12065 0.15318 0.19222 0.22048 0.23389 0.23394 0.22471 0.21106 0.1972 0.18599 0.17875 0.17553 0.17554 0.1777 0.18093 0.18439 0.18746 0.18976 0.19105 0.19123 0.19029 0.18833 0.18547 0.18193 0.17794 0.17381 0.16982 0.16631 0.16359 0.16193 0.16155 0.16258 0.16504 0.16892 0.17415
0.19526 0.30149 0.46671 0.38583 0.26126 0.096142 0.15691 0.32985 0.4357 0.41402 0.34525 0.24967 0.14468 0.050254 0.063072 0.13286 0.18824 0.22511 0.24408 0.24821 0.24198 0.23018 0.21682 0.2047 0.19534 0.18924 0.18619 0.18559 0.18668 0.18872 0.19107 0.19323 0.19484 0.19564 0.19553 0.19449 0.19259 0.18995 0.18676 0.18324 0.17962 0.17614 0.17305 0.17055 0.16881 0.16796 0.16808 0.16922 0.17146
0.33974 0.16227 0.095602 0.2132 0.17918 0.18075 0.21176 0.33644 0.44058 0.43686 0.39262 0.32404 0.25009 0.19468 0.17767 0.19435 0.22176 0.24398 0.25528 0.25573 0.24811 0.23604 0.22273 0.21048 0.20063 0.19368 0.18961 0.18803 0.18837 0.18998 0.19226 0.19466 0.19675 0.19822 0.19886 0.19861 0.19746 0.1955 0.19284 0.18965 0.18611 0.18239 0.17867 0.1751 0.17184 0.169 0.16669 0.16505 0.16429
0.32661 0.38813 0.32731 0.20332 0.16895 0.26969 0.35262 0.44646 0.50173 0.4879 0.46117 0.41596 0.36098 0.31165 0.27934 0.26561 0.26359 0.26426 0.26174 0.25422 0.24263 0.22911 0.21575 0.20413 0.19511 0.18899 0.18567 0.18475 0.18572 0.18798 0.19094 0.19405 0.19689 0.19911 0.20051 0.20096 0.20043 0.19898 0.19667 0.19362 0.18994 0.18578 0.18123 0.17643 0.17148 0.16649 0.16161 0.15706 0.15316
0.14282 0.17224 0.45692 0.33051 0.27018 0.30472 0.34807 0.4289 0.49611 0.50324 0.49469 0.46451 0.4204 0.37462 0.33604 0.30748 0.28715 0.27117 0.25621 0.2408 0.2251 0.2102 0.19726 0.18711 0.18014 0.17629 0.17521 0.1764 0.17923 0.1831 0.18743 0.19171 0.19556 0.19866 0.20082 0.20194 0.20196 0.20091 0.19884 0.19581 0.19189 0.18715 0.18167 0.17552 0.16876 0.16149 0.15389 0.14622 0.13895
0.53611 0.48781 0.47551 0.19782 0.098951 0.15758 0.14967 0.28201 0.43519 0.48278 0.48504 0.46127 0.42473 0.38476 0.3469 0.31333 0.28421 0.25864 0.23563 0.21478 0.19635 0.18095 0.1692 0.16147 0.15767 0.15736 0.15983 0.16428 0.16995 0.17616 0.18238 0.18818 0.19322 0.19729 0.20024 0.202 0.20253 0.20185 0.19997 0.19693 0.19274 0.18742 0.18099 0.17346 0.16486 0.15528 0.14484 0.13385 0.12289
0.0254 0.33828 0.59991 0.39336 0.24822 0.19365 0.19467 0.3229 0.44017 0.45428 0.44007 0.41587 0.38763 0.35666 0.32409 0.29126 0.25947 0.22969 0.20263 0.1789 0.15913 0.14402 0.13413 0.12965 0.13012 0.13452 0.1416 0.15016 0.15928 0.16826 0.17663 0.18408 0.19039 0.19544 0.19918 0.20157 0.20262 0.20231 0.20066 0.19766 0.19326 0.18744 0.18016 0.17138 0.16107 0.14926 0.13604 0.12166 0.10668
0.32015 0.44023 0.63316 0.52767 0.51916 0.4941 0.46323 0.47891 0.46011 0.39776 0.36174 0.34355 0.32928 0.31022 0.28495 0.25536 0.22401 0.19313 0.16439 0.13903 0.11814 0.10298 0.094892 0.094377 0.10034 0.11061 0.12305 0.13611 0.14881 0.16055 0.17101 0.18002 0.18753 0.19351 0.198 0.20103 0.20261 0.20275 0.20143 0.19858 0.19413 0.188 0.18009 0.17032 0.15861 0.14492 0.12926 0.11177 0.092813
0.27323 0.29848 0.21293 0.18282 0.50611 0.60174 0.54183 0.48337 0.37792 0.28005 0.2551 0.26334 0.26959 0.2628 0.24449 0.21883 0.18958 0.15953 0.13053 0.10372 0.080243 0.062394 0.054347 0.05878 0.072138 0.089258 0.10713 0.1243 0.14007 0.15409 0.16624 0.17653 0.18501 0.1918 0.19698 0.20065 0.20283 0.20351 0.20265 0.20014 0.19587 0.1897 0.1815 0.17114 0.15851 0.14356 0.12622 0.10653 0.084592
0.36177 0.22376 0.31043 0.39497 0.54807 0.56419 0.48097 0.38186 0.21698 0.10884 0.14876 0.19942 0.22294 0.22387 0.21042 0.18884 0.16336 0.13655 0.10968 0.083075 0.056798 0.031644 0.015052 0.029107 0.052255 0.075291 0.096928 0.11668 0.13429 0.14967 0.16284 0.17392 0.18308 0.19048 0.19629 0.2006 0.20345 0.20481 0.20459 0.20265 0.19882 0.19294 0.18484 0.17439 0.16148 0.14605 0.12811 0.10771 0.085024
0.48085 0.51899 0.66849 0.61495 0.53126 0.45947 0.43233 0.36634 0.19835 0.075891 0.12525 0.17413 0.19401 0.19393 0.18233 0.1648 0.14486 0.1243 0.10338 0.081686 0.059101 0.036873 0.021569 0.029771 0.050646 0.07301 0.094499 0.11431 0.13207 0.14763 0.16101 0.17233 0.18181 0.18963 0.19599 0.20096 0.20458 0.20676 0.20738 0.20625 0.20316 0.19791 0.19033 0.18028 0.16772 0.15264 0.13518 0.11561 0.094477
0.41861 0.75177 0.85634 0.4966 0.19176 0.301 0.44302 0.46372 0.34759 0.22334 0.18221 0.17777 0.17537 0.16736 0.15507 0.14127 0.12822 0.11641 0.10454 0.091221 0.076502 0.062544 0.05372 0.054782 0.065552 0.081625 0.099399 0.11693 0.13322 0.14783 0.16062 0.17166 0.18112 0.1892 0.19605 0.20174 0.20623 0.20941 0.21107 0.21098 0.20889 0.20458 0.19788 0.18869 0.177 0.16293 0.14675 0.12898 0.11053
0.42843 0.56509 0.74399 0.5203 0.3436 0.38954 0.50947 0.55208 0.4474 0.29998 0.2171 0.17639 0.15396 0.1374 0.1233 0.11292 0.108 0.10707 0.1061 0.10219 0.095178 0.087156 0.081287 0.080459 0.085738 0.09597 0.10904 0.12309 0.13688 0.14971 0.16131 0.17164 0.18084 0.18906 0.1964 0.20288 0.20838 0.21271 0.21561 0.21677 0.21591 0.2128 0.20727 0.19925 0.18881 0.17614 0.16165 0.14602 0.13028
0.18023 0.19977 0.36115 0.48873 0.59531 0.5838 0.58388 0.58126 0.45988 0.30232 0.20774 0.15513 0.12377 0.10127 0.084408 0.077389 0.083285 0.09576 0.10647 0.11157 0.11126 0.10785 0.10427 0.10301 0.10545 0.1116 0.12053 0.13097 0.14185 0.15247 0.1625 0.17188 0.18068 0.18902 0.19691 0.20429 0.21095 0.21661 0.22091 0.22351 0.22407 0.22234 0.21817 0.21153 0.20251 0.19141 0.17869 0.16508 0.15162
0.046817 0.14531 0.16442 0.33466 0.53766 0.61285 0.59469 0.54839 0.40839 0.25791 0.1723 0.12452 0.092858 0.065066 0.040073 0.036884 0.061087 0.088045 0.1084 0.12023 0.12479 0.12475 0.12297 0.1218 0.12267 0.12608 0.13172 0.13892 0.14693 0.15523 0.16358 0.17193 0.18034 0.18887 0.19745 0.2059 0.2139 0.22105 0.22691 0.23107 0.23317 0.23294 0.23023 0.22504 0.2175 0.20794 0.19686 0.18497 0.17323
0.32696 0.31492 0.29022 0.19523 0.37865 0.55464 0.55105 0.47427 0.32706 0.19849 0.13583 0.10488 0.081218 0.054002 0.023694 0.026717 0.060871 0.092166 0.11541 0.12974 0.13656 0.13839 0.13778 0.13677 0.13669 0.13816 0.14125 0.14566 0.15106 0.15717 0.16392 0.17135 0.17952 0.18844 0.19793 0.20766 0.21719 0.22599 0.23354 0.23936 0.24306 0.24436 0.24313 0.23938 0.23325 0.2251 0.21541 0.20486 0.19431
0.14375 0.2631 0.26914 0.16098 0.37672 0.52289 0.48348 0.3733 0.22718 0.12919 0.10289 0.10217 0.097033 0.08356 0.070387 0.070988 0.08776 0.10961 0.12814 0.14046 0.14689 0.14913 0.14901 0.14805 0.14728 0.14727 0.14827 0.15032 0.15341 0.15758 0.16297 0.16974 0.17798 0.1876 0.1983 0.20958 0.22083 0.23143 0.24075 0.24828 0.2536 0.25643 0.25662 0.25421 0.24936 0.2424 0.23381 0.22422 0.21437
0.13581 0.26519 0.46758 0.44304 0.52014 0.52774 0.41709 0.27464 0.12758 0.040877 0.074024 0.11236 0.12774 0.12674 0.12036 0.11798 0.12328 0.13341 0.14363 0.15115 0.15542 0.15704 0.15691 0.15584 0.15442 0.15313 0.15232 0.15228 0.15335 0.15589 0.16029 0.16682 0.17557 0.18633 0.1986 0.21171 0.2249 0.23741 0.24856 0.25781 0.26471 0.26898 0.2705 0.2693 0.26553 0.25952 0.25172 0.24271 0.23313
0.13147 0.26083 0.41239 0.48117 0.59697 0.54208 0.38022 0.23429 0.12123 0.06077 0.096999 0.14403 0.16787 0.17203 0.16652 0.15969 0.15598 0.15582 0.15763 0.15977 0.16136 0.16205 0.16171 0.16037 0.15823 0.15565 0.15308 0.15111 0.15041 0.15169 0.15556 0.16243 0.17228 0.1847 0.19898 0.21421 0.22951 0.24401 0.25701 0.26792 0.27632 0.28194 0.28464 0.28446 0.28156 0.27625 0.26894 0.26014 0.25045
0.17022 0.090927 0.11976 0.39351 0.59924 0.53251 0.32992 0.19713 0.174 0.16205 0.17421 0.20038 0.21589 0.21563 0.20545 0.19212 0.18015 0.17153 0.16651 0.1644 0.16404 0.16416 0.16367 0.16195 0.15889 0.15483 0.15041 0.14653 0.14426 0.14468 0.14865 0.15658 0.16826 0.18296 0.19968 0.21731 0.23484 0.25137 0.26617 0.27866 0.28844 0.29524 0.29895 0.29959 0.29734 0.29246 0.28534 0.27645 0.26629
0.10067 0.22492 0.30896 0.39671 0.58456 0.48777 0.21604 0.080752 0.2285 0.26263 0.26652 0.26905 0.26604 0.2534 0.23386 0.21218 0.19247 0.17738 0.16804 0.16395 0.16326 0.16366 0.16324 0.16098 0.15668 0.15079 0.14424 0.13835 0.13467 0.13472 0.1396 0.14953 0.16389 0.18151 0.20106 0.22129 0.24111 0.25962 0.27612 0.29006 0.30106 0.30887 0.3134 0.31466 0.31282 0.30812 0.30092 0.29164 0.28073
0.605 0.41603 0.27828 0.43647 0.64801 0.54181 0.28908 0.2317 0.34605 0.36982 0.35704 0.33529 0.31004 0.28077 0.24899 0.21792 0.19122 0.17198 0.16151 0.15846 0.15953 0.1612 0.16104 0.15796 0.15193 0.1437 0.13458 0.12645 0.1215 0.12186 0.12872 0.14181 0.15977 0.18089 0.20357 0.22647 0.24854 0.26892 0.28697 0.30218 0.31421 0.32284 0.32798 0.32965 0.328 0.32325 0.31573 0.3058 0.29388
0.67558 0.41384 0.29159 0.59026 0.82824 0.74245 0.55626 0.5033 0.51249 0.47746 0.43533 0.38872 0.34143 0.29467 0.24968 0.2089 0.17618 0.15542 0.14762 0.14913 0.15407 0.15779 0.15783 0.15348 0.14512 0.13388 0.12158 0.11078 0.10472 0.10637 0.11673 0.13435 0.15679 0.18181 0.2077 0.23321 0.25737 0.27943 0.29881 0.31508 0.32794 0.33717 0.34272 0.3446 0.34293 0.33792 0.32985 0.31907 0.30593
0.37128 0.52921 0.74828 0.81878 0.96812 0.87976 0.73974 0.70352 0.65788 0.56697 0.49399 0.42482 0.35823 0.29534 0.23734 0.18662 0.1484 0.12898 0.12855 0.13827 0.14868 0.15468 0.15455 0.14832 0.13692 0.1219 0.10555 0.091381 0.084404 0.089015 0.10501 0.12856 0.15602 0.185 0.21395 0.24181 0.26779 0.29125 0.31172 0.32881 0.34227 0.35191 0.35766 0.35955 0.35768 0.35223 0.34345 0.33163 0.31712
0.1707 0.346 0.74247 0.80144 0.86484 0.79964 0.74898 0.77922 0.74031 0.62438 0.53078 0.44503 0.36357 0.28713 0.21674 0.15499 0.10996 0.095071 0.10829 0.12924 0.14547 0.15322 0.15224 0.1435 0.12844 0.10886 0.087327 0.068447 0.060859 0.071664 0.095961 0.12626 0.15863 0.19117 0.22273 0.25253 0.27995 0.3045 0.32576 0.34342 0.35725 0.36708 0.37286 0.37459 0.37236 0.36632 0.35668 0.34372 0.32772
0.24965 0.26638 0.50972 0.5321 0.51594 0.51953 0.61285 0.74562 0.7573 0.64858 0.54921 0.45513 0.3644 0.27797 0.1966 0.12212 0.064266 0.058685 0.093703 0.12592 0.14644 0.15472 0.15211 0.14041 0.12141 0.096891 0.069069 0.042744 0.035397 0.058932 0.093012 0.12931 0.1656 0.20084 0.23433 0.26553 0.29395 0.31921 0.34096 0.35893 0.37291 0.38274 0.38837 0.38979 0.38706 0.38032 0.36974 0.35556 0.33804
0.22279 0.20356 0.31873 0.31914 0.16531 0.19804 0.43986 0.65973 0.72984 0.64748 0.55566 0.4621 0.36859 0.2772 0.18894 0.10467 0.026896 0.040588 0.094059 0.13157 0.15315 0.1604 0.15556 0.14091 0.11844 0.089826 0.056552 0.020068 0.019376 0.059146 0.099312 0.13898 0.17749 0.21429 0.24889 0.28087 0.30982 0.33542 0.35734 0.37536 0.38927 0.39893 0.40426 0.40524 0.40193 0.39441 0.38284 0.36742 0.34837
0.42536 0.15188 0.21181 0.29894 0.22678 0.17447 0.35172 0.57862 0.68226 0.63067 0.55562 0.47083 0.38153 0.2915 0.20354 0.1219 0.062714 0.071518 0.1137 0.14753 0.16661 0.17141 0.1641 0.14709 0.12259 0.092691 0.060084 0.033031 0.041324 0.076093 0.11557 0.15544 0.19435 0.23152 0.2664 0.29853 0.32754 0.35308 0.37489 0.39271 0.40635 0.41567 0.42057 0.42103 0.41706 0.40873 0.39616 0.37953 0.35904
0.54609 0.34356 0.28279 0.23983 0.24621 0.27373 0.35267 0.52268 0.62952 0.60487 0.55177 0.48272 0.4043 0.32179 0.24053 0.16893 0.12411 0.12313 0.14849 0.1734 0.18738 0.18879 0.17913 0.16074 0.13615 0.10834 0.082206 0.067786 0.076746 0.10448 0.14007 0.17799 0.21582 0.25232 0.2867 0.3184 0.34701 0.37216 0.39355 0.41096 0.42416 0.433 0.43738 0.43724 0.43257 0.42343 0.4099 0.39214 0.37032
0.53994 0.49099 0.29145 0.074614 0.15739 0.28263 0.34773 0.47446 0.57561 0.57343 0.54458 0.49668 0.4348 0.36457 0.29328 0.23107 0.19138 0.18219 0.19361 0.20823 0.21579 0.21333 0.20159 0.18272 0.15948 0.13543 0.11579 0.10774 0.11634 0.13931 0.1706 0.20552 0.24129 0.2763 0.30954 0.34031 0.36811 0.39255 0.41329 0.43007 0.44268 0.45093 0.45471 0.45393 0.44857 0.43864 0.42423 0.40545 0.38248
0.37712 0.45491 0.33098 0.16787 0.17205 0.24167 0.29496 0.41468 0.51996 0.53771 0.53397 0.51127 0.47031 0.41559 0.35561 0.30103 0.26292 0.24666 0.2466 0.25122 0.25194 0.24539 0.23175 0.21287 0.19145 0.17098 0.15588 0.15091 0.15873 0.17813 0.20542 0.23696 0.2701 0.30305 0.33464 0.36406 0.39071 0.41415 0.43402 0.45001 0.4619 0.46948 0.4726 0.47117 0.46513 0.45448 0.43928 0.41964 0.39572
0.32665 0.22057 0.26379 0.22288 0.18106 0.15208 0.20588 0.34823 0.46351 0.4987 0.52092 0.5264 0.50919 0.4719 0.42375 0.37587 0.33829 0.31601 0.30629 0.3017 0.2956 0.28484 0.26925 0.25032 0.23043 0.21258 0.20023 0.19659 0.20331 0.21969 0.24332 0.27141 0.30159 0.33209 0.36167 0.3894 0.41462 0.43684 0.45565 0.47072 0.48179 0.48863 0.49107 0.48899 0.48232 0.47103 0.45517 0.43484 0.41021
0.34983 0.10992 0.16389 0.1941 0.13201 0.0071575 0.14492 0.29772 0.40825 0.4585 0.50877 0.54406 0.55141 0.53195 0.49563 0.45401 0.4169 0.38963 0.37175 0.35881 0.34611 0.33104 0.31326 0.2939 0.27487 0.25859 0.24765 0.24428 0.24961 0.26321 0.28343 0.3081 0.33518 0.363 0.39029 0.41609 0.43967 0.46049 0.47809 0.49213 0.5023 0.50836 0.51012 0.50742 0.50017 0.48835 0.47197 0.45114 0.42604
0.3966 0.18952 0.14672 0.21711 0.20554 0.1492 0.17766 0.26712 0.35345 0.42288 0.50421 0.56818 0.59808 0.59506 0.56979 0.5341 0.49772 0.4665 0.44174 0.42136 0.40239 0.38294 0.36266 0.34235 0.32346 0.3078 0.29727 0.29346 0.29717 0.30811 0.32509 0.34642 0.37035 0.39536 0.4202 0.44389 0.46567 0.48494 0.50124 0.51417 0.52339 0.52865 0.52973 0.52645 0.51871 0.50646 0.48971 0.46858 0.44325
0.27059 0.10084 0.17196 0.27633 0.30686 0.2482 0.20338 0.22277 0.30206 0.40552 0.5169 0.60336 0.65052 0.66067 0.6448 0.61451 0.57922 0.54506 0.51465 0.48779 0.46301 0.43921 0.41617 0.39443 0.37503 0.35924 0.34841 0.34366 0.34555 0.35389 0.36777 0.38585 0.40666 0.4288 0.45108 0.47255 0.49242 0.51006 0.52498 0.53674 0.545 0.54945 0.54987 0.54607 0.53792 0.52535 0.50839 0.48715 0.46184
0.19435 0.2847 0.29017 0.29706 0.33037 0.2497 0.14476 0.14435 0.2852 0.42726 0.55564 0.65275 0.70913 0.72774 0.71893 0.69327 0.65939 0.62333 0.58856 0.55627 0.52632 0.49837 0.47244 0.44892 0.42851 0.41203 0.4004 0.39437 0.39432 0.4001 0.41101 0.42595 0.44368 0.46295 0.48266 0.50185 0.51974 0.5357 0.54918 0.55975 0.56703 0.5707 0.5705 0.56624 0.55776 0.54501 0.52799 0.50682 0.48173
0.28757 0.34107 0.27697 0.25841 0.30724 0.20691 0.047845 0.15924 0.35622 0.49988 0.62236 0.71587 0.77254 0.79436 0.78992 0.76804 0.73594 0.69911 0.66135 0.62485 0.59055 0.55887 0.53011 0.50465 0.48291 0.46539 0.45263 0.4451 0.44305 0.44633 0.45439 0.46632 0.48106 0.49752 0.51465 0.53155 0.54745 0.5617 0.57374 0.58312 0.58943 0.59234 0.59156 0.5869 0.57819 0.56536 0.54842 0.52749 0.50283
0.333 0.28782 0.11683 0.2259 0.34211 0.29082 0.23931 0.34599 0.5059 0.61193 0.70964 0.78798 0.8373 0.85759 0.8551 0.83627 0.80647 0.7701 0.73087 0.69156 0.65396 0.61917 0.58788 0.56051 0.53733 0.51857 0.5045 0.49539 0.49133 0.4922 0.49754 0.5066 0.51848 0.5322 0.54681 0.56146 0.57538 0.58792 0.59853 0.60672 0.61208 0.61427 0.61298 0.60799 0.59914 0.58634 0.56961 0.54907 0.52499
0.28882 0.27636 0.12129 0.27163 0.45048 0.46117 0.45416 0.56057 0.68086 0.73853 0.804 0.86111 0.89823 0.9137 0.91146 0.89538 0.86863 0.83414 0.7951 0.75456 0.7149 0.67786 0.64453 0.61548 0.59091 0.5709 0.55548 0.54477 0.53877 0.53735 0.54012 0.54647 0.55563 0.56673 0.57891 0.59135 0.60333 0.61421 0.62341 0.63045 0.63491 0.63641 0.63466 0.62942 0.62051 0.60784 0.59144 0.57142 0.54807
0.29911 0.3267 0.2854 0.38112 0.53975 0.57972 0.61242 0.73779 0.83704 0.85506 0.89069 0.92601 0.94936 0.95862 0.956 0.94295 0.92032 0.88933 0.8523 0.81222 0.77191 0.73365 0.69896 0.66864 0.6429 0.62174 0.60505 0.59282 0.585 0.58144 0.58182 0.58565 0.59225 0.60087 0.61073 0.62106 0.63117 0.64042 0.64827 0.6542 0.6578 0.65868 0.65652 0.65109 0.6422 0.62976 0.61378 0.5944 0.57188
0.27075 0.13842 0.30413 0.43639 0.51387 0.58578 0.68039 0.84383 0.94626 0.94292 0.95701 0.97396 0.98481 0.98842 0.98601 0.97696 0.95988 0.93416 0.90105 0.86324 0.82378 0.78546 0.75024 0.71918 0.69262 0.67054 0.65275 0.63917 0.62969 0.62417 0.62238 0.62387 0.6281 0.6344 0.64207 0.65039 0.65872 0.66643 0.67297 0.67786 0.68065 0.68096 0.67846 0.6729 0.66411 0.65197 0.63651 0.61784 0.59625
0.45477 0.37642 0.40454 0.35239 0.33274 0.49239 0.66084 0.86965 0.99635 0.99138 0.99401 0.99809 0.99978 0.99994 0.99943 0.99599 0.9862 0.96765 0.94038 0.90663 0.86957 0.83242 0.79757 0.76643 0.73951 0.71682 0.69818 0.68345 0.67253 0.66528 0.66152 0.66091 0.66296 0.66712 0.67274 0.67919 0.68583 0.69208 0.69741 0.70131 0.70335 0.70314 0.70036 0.69474 0.68611 0.67435 0.65947 0.64159 0.62098
0.68522 0.62698 0.49868 0.22884 0.093947 0.37729 0.58286 0.82816 0.99003 0.99744 0.99697 0.99405 0.99106 0.99114 0.99509 0.99936 0.99879 0.9893 0.96974 0.94179 0.90865 0.8739 0.84038 0.80985 0.78307 0.76017 0.74098 0.72538 0.71326 0.70453 0.69904 0.69654 0.69664 0.69884 0.70259 0.70729 0.71237 0.71727 0.72145 0.72444 0.72579 0.72513 0.72213 0.71651 0.70809 0.69676 0.68251 0.66548 0.6459
0.67344 0.73743 0.65755 0.35283 0.21108 0.30672 0.48073 0.74669 0.94058 0.96412 0.96509 0.96028 0.95744 0.96143 0.97288 0.98722 0.99785 0.99921 0.98905 0.96847 0.94066 0.90948 0.87822 0.84904 0.82296 0.80026 0.78087 0.76469 0.75165 0.74169 0.73474 0.7306 0.72896 0.72941 0.73145 0.73457 0.73821 0.74185 0.74498 0.74713 0.74787 0.74682 0.74364 0.73807 0.72992 0.71907 0.70551 0.68935 0.67083
0.42363 0.63708 0.72463 0.43358 0.26976 0.24133 0.38288 0.65713 0.86479 0.89763 0.90063 0.89781 0.89973 0.9117 0.93382 0.96059 0.98422 0.99798 0.99863 0.98677 0.9655 0.93897 0.91086 0.88373 0.8589 0.83685 0.81762 0.80118 0.78752 0.77661 0.76846 0.76292 0.75977 0.75868 0.7592 0.76089 0.76322 0.76572 0.7679 0.76929 0.76949 0.7681 0.7648 0.75933 0.75148 0.74115 0.7283 0.71305 0.6956
0.082119 0.44083 0.62245 0.36776 0.16285 0.14373 0.32029 0.58405 0.77571 0.8048 0.808 0.80989 0.82058 0.84432 0.88004 0.92129 0.95938 0.98668 0.99919 0.99707 0.98334 0.96235 0.93818 0.91375 0.89071 0.86975 0.85106 0.8347 0.82071 0.80914 0.80005 0.79337 0.78895 0.78652 0.78572 0.78613 0.7873 0.78877 0.79009 0.79081 0.79053 0.78886 0.78549 0.78016 0.77266 0.76287 0.75077 0.73643 0.72005
0.25635 0.37978 0.52089 0.33521 0.13044 0.14315 0.316 0.53255 0.67871 0.69174 0.69293 0.70148 0.72423 0.7629 0.8146 0.87185 0.92529 0.96675 0.99172 1 0.99452 0.9798 0.96022 0.93907 0.91831 0.89886 0.88107 0.86512 0.85111 0.83917 0.82941 0.82185 0.81639 0.81284 0.81089 0.8102 0.81035 0.81091 0.81147 0.8116 0.8109 0.80902 0.80563 0.80047 0.79334 0.78412 0.77276 0.75935 0.74404
0.23327 0.32924 0.41828 0.36922 0.28093 0.25662 0.34484 0.48858 0.57354 0.56412 0.56211 0.57874 0.61611 0.67214 0.7414 0.81533 0.88429 0.93991 0.97743 0.99637 0.99957 0.99161 0.97713 0.95974 0.94169 0.92414 0.9076 0.89237 0.87864 0.86661 0.85646 0.84827 0.842 0.83754 0.83464 0.833 0.83227 0.83205 0.83195 0.83156 0.83053 0.82847 0.8251 0.82015 0.81342 0.80478 0.79418 0.78168 0.76742
0.15295 0.17772 0.2564 0.34806 0.36042 0.34 0.36487 0.43702 0.46118 0.42871 0.42286 0.44855 0.50259 0.57758 0.66489 0.75515 0.83891 0.90802 0.95766 0.98713 0.9991 0.99818 0.98915 0.97589 0.9609 0.94559 0.93063 0.91642 0.90327 0.89142 0.88114 0.87256 0.86572 0.86055 0.85688 0.85447 0.85299 0.8521 0.85144 0.85063 0.84931 0.84714 0.84383 0.83911 0.83279 0.82474 0.8149 0.8033 0.79008
0.21382 0.14085 0.1611 0.27047 0.3625 0.37612 0.36483 0.37951 0.35159 0.29565 0.28293 0.31815 0.39095 0.48553 0.58994 0.69489 0.79176 0.87298 0.93378 0.97326 0.99383 0.99998 0.99659 0.98771 0.97607 0.96329 0.95018 0.93728 0.92497 0.91358 0.90341 0.89468 0.88748 0.88182 0.87757 0.87453 0.87245 0.87101 0.86988 0.86872 0.86718 0.86494 0.86172 0.85726 0.85137 0.84391 0.83482 0.82412 0.8119
0.34645 0.26286 0.15854 0.17646 0.33846 0.39166 0.36171 0.33732 0.26944 0.18379 0.15053 0.19555 0.29015 0.40306 0.52148 0.63794 0.74526 0.83656 0.90713 0.95575 0.98446 0.99754 0.9998 0.99544 0.98735 0.97732 0.96632 0.95498 0.94377 0.93307 0.92327 0.91461 0.90728 0.9013 0.89664 0.89314 0.89058 0.8887 0.8872 0.88577 0.88407 0.88181 0.87871 0.87453 0.86907 0.86221 0.85385 0.84402 0.83279
0.4583 0.32224 0.11108 0.10592 0.33479 0.41195 0.37325 0.33095 0.245 0.13533 0.042571 0.095461 0.21312 0.33785 0.4641 0.58727 0.7015 0.80034 0.87893 0.93555 0.97173 0.99138 0.99918 0.99936 0.99494 0.98784 0.97914 0.96959 0.9597 0.94993 0.94071 0.93235 0.92508 0.91898 0.91408 0.91026 0.90735 0.90514 0.90336 0.90172 0.89992 0.89768 0.89473 0.89084 0.88582 0.87954 0.87191 0.86293 0.85265
0.50115 0.34243 0.14679 0.16139 0.36673 0.43632 0.39232 0.34919 0.26938 0.16931 0.085485 0.079052 0.17758 0.29671 0.42117 0.54501 0.66207 0.7656 0.85023 0.91352 0.95631 0.98203 0.99512 0.99977 0.99905 0.99499 0.98877 0.98119 0.97283 0.9642 0.95578 0.94791 0.94088 0.93485 0.92985 0.92586 0.92273 0.92029 0.91832 0.91654 0.91469 0.9125 0.90972 0.90613 0.90156 0.89585 0.88893 0.88077 0.87141
0.50494 0.33913 0.26905 0.27946 0.4122 0.44445 0.39435 0.35942 0.29971 0.22255 0.16441 0.14182 0.18826 0.28164 0.39387 0.51214 0.62789 0.73324 0.82186 0.89038 0.93882 0.96999 0.98802 0.99697 0.99993 0.99897 0.99535 0.98989 0.98325 0.97595 0.96851 0.96132 0.95472 0.9489 0.94397 0.93992 0.93669 0.93412 0.93203 0.93018 0.92832 0.92622 0.92363 0.92036 0.91622 0.91108 0.90484 0.89748 0.88901
0.35011 0.16896 0.31992 0.36595 0.43186 0.41676 0.36029 0.33833 0.30923 0.26128 0.22419 0.20368 0.22272 0.28691 0.38051 0.48833 0.59922 0.70377 0.79444 0.86675 0.91979 0.95571 0.97825 0.99126 0.99781 0.99997 0.99902 0.99583 0.99105 0.98525 0.97896 0.97262 0.9666 0.96115 0.95642 0.95246 0.94922 0.94662 0.94448 0.94261 0.9408 0.93881 0.93643 0.93347 0.92976 0.92517 0.9196 0.91301 0.90539
0.29427 0.096041 0.3379 0.39218 0.40407 0.34956 0.28678 0.28021 0.29255 0.28009 0.26406 0.2511 0.25952 0.30249 0.37712 0.47208 0.57571 0.67737 0.76836 0.84309 0.89969 0.93962 0.96616 0.98295 0.99295 0.9982 0.99998 0.99914 0.99635 0.99219 0.9872 0.98186 0.97658 0.97164 0.96723 0.96346 0.96032 0.95776 0.95565 0.95382 0.95208 0.95023 0.94808 0.94544 0.94216 0.9381 0.93316 0.92731 0.92051
0.27598 0.26069 0.37444 0.37204 0.34432 0.2627 0.18614 0.19396 0.25791 0.28258 0.28641 0.28292 0.28921 0.31974 0.37898 0.46125 0.55651 0.65388 0.74381 0.81972 0.87889 0.92206 0.95208 0.97231 0.98559 0.99387 0.99839 0.99998 0.99928 0.99687 0.99332 0.98912 0.98469 0.98039 0.97642 0.97295 0.97 0.96756 0.96553 0.96379 0.96217 0.96048 0.95856 0.95623 0.95336 0.94982 0.9455 0.94035 0.93434
0.13748 0.31732 0.40485 0.3382 0.29277 0.19973 0.089933 0.10286 0.22206 0.27526 0.29454 0.30033 0.30873 0.33341 0.38202 0.45353 0.54058 0.63297 0.72081 0.79687 0.85766 0.90333 0.93629 0.95962 0.97597 0.98719 0.99443 0.99849 0.99997 0.99942 0.99741 0.99446 0.99101 0.98745 0.98403 0.98094 0.97827 0.97601 0.97413 0.97252 0.97104 0.96953 0.96785 0.96584 0.96337 0.96031 0.95658 0.95211 0.94685
0.15514 0.34971 0.39611 0.29834 0.2661 0.19501 0.091205 0.078988 0.20297 0.26403 0.29172 0.30522 0.31776 0.34101 0.38344 0.44695 0.52683 0.61417 0.69929 0.77463 0.83621 0.88368 0.91905 0.94512 0.96431 0.97837 0.98831 0.99486 0.99856 0.99995 0.99958 0.99797 0.9956 0.99288 0.9901 0.98748 0.98515 0.98315 0.98146 0.98001 0.9787 0.97739 0.97594 0.97424 0.97215 0.96957 0.9664 0.96257 0.95803
0.34465 0.34925 0.31941 0.23072 0.23747 0.21688 0.15913 0.14108 0.20529 0.25178 0.28059 0.29971 0.31717 0.34184 0.3817 0.44008 0.51432 0.59699 0.67906 0.75304 0.81468 0.86331 0.90058 0.92903 0.95085 0.96761 0.9802 0.98923 0.9952 0.99858 0.99992 0.99974 0.99853 0.99673 0.99467 0.9926 0.99067 0.98898 0.98753 0.98628 0.98516 0.98405 0.98285 0.98144 0.97972 0.97758 0.97494 0.97172 0.96787
0.39809 0.29134 0.20207 0.13186 0.18709 0.22595 0.20921 0.19703 0.21563 0.2378 0.26295 0.28592 0.30841 0.33625 0.37626 0.43208 0.50234 0.58099 0.65993 0.73205 0.79314 0.84235 0.88107 0.91156 0.93579 0.95511 0.97028 0.98179 0.99004 0.99545 0.99855 0.99986 0.99988 0.99907 0.9978 0.99633 0.99488 0.99354 0.99236 0.99134 0.99042 0.98952 0.98856 0.98744 0.98607 0.98435 0.98221 0.97957 0.97637
0.33844 0.22924 0.13101 0.033598 0.12839 0.21595 0.23081 0.22538 0.21798 0.2195 0.24006 0.26585 0.29317 0.32521 0.36728 0.42262 0.49044 0.56581 0.64167 0.71158 0.77163 0.82092 0.86067 0.89289 0.91931 0.94107 0.95875 0.9727 0.98322 0.99068 0.99558 0.99843 0.99974 0.99998 0.99955 0.99875 0.9978 0.99685 0.99598 0.99521 0.99451 0.99382 0.99309 0.99225 0.9912 0.98989 0.98821 0.98612 0.98353
0.20365 0.1463 0.10883 0.047419 0.09428 0.19651 0.2272 0.22394 0.20374 0.19466 0.213 0.24139 0.27328 0.31002 0.35543 0.41182 0.47843 0.55118 0.62407 0.69154 0.75014 0.7991 0.83952 0.8732 0.90161 0.92568 0.94578 0.96212 0.97489 0.98442 0.99114 0.99555 0.99819 0.99953 0.99998 0.99989 0.99949 0.99897 0.99843 0.99792 0.99744 0.99697 0.99647 0.99588 0.99514 0.99419 0.99296 0.99138 0.98938
0.15071 0.07264 0.079146 0.074509 0.096224 0.17734 0.20561 0.19681 0.17151 0.16296 0.18313 0.21444 0.25058 0.2922 0.34165 0.40003 0.46628 0.53691 0.60695 0.6718 0.72864 0.77693 0.81774 0.85263 0.88286 0.9091 0.93153 0.95021 0.96521 0.97678 0.98532 0.99133 0.99532 0.99779 0.99917 0.99981 1 0.99993 0.99974 0.99951 0.99926 0.999 0.99871 0.99836 0.99791 0.9973 0.99647 0.99537 0.99392
0.17881 0.097319 0.055661 0.069995 0.10756 0.16294 0.17535 0.15239 0.12459 0.1264 0.15238 0.18688 0.22696 0.27335 0.32702 0.38778 0.45409 0.52287 0.59013 0.65224 0.70709 0.75446 0.79541 0.83133 0.86322 0.89151 0.91619 0.93713 0.95431 0.96789 0.97826 0.98586 0.99122 0.99484 0.99717 0.99858 0.99937 0.99978 0.99995 1 0.99999 0.99993 0.99984 0.99971 0.99952 0.99922 0.99877 0.99812 0.99719
0.17118 0.11261 0.034772 0.055161 0.1182 0.15666 0.14911 0.10486 0.069035 0.089409 0.1233 0.16074 0.2043 0.25508 0.31266 0.37565 0.44202 0.50901 0.57346 0.63274 0.68544 0.73171 0.77262 0.80941 0.84283 0.87307 0.89989 0.92303 0.94233 0.9579 0.97005 0.97924 0.98598 0.99077 0.99407 0.99626 0.99768 0.99856 0.99911 0.99945 0.99966 0.9998 0.9999 0.99996 1 0.99998 0.99988 0.99964 0.9992
0.18252 0.12363 0.021739 0.054838 0.13554 0.16451 0.14225 0.081669 0.012243 0.059996 0.099114 0.13817 0.18451 0.23891 0.29959 0.36416 0.43023 0.49524 0.55681 0.61317 0.66363 0.70868 0.74945 0.787 0.82185 0.85393 0.88281 0.90805 0.92941 0.94691 0.96083 0.97159 0.97969 0.98565 0.98992 0.99291 0.99496 0.99634 0.99726 0.99789 0.99832 0.99864 0.99891 0.99915 0.99939 0.99963 0.99983 0.99997 0.99999
0.21916 0.13349 0.048813 0.081957 0.1665 0.18887 0.15933 0.10226 0.03944 0.050577 0.083279 0.12147 0.16942 0.22612 0.28859 0.35372 0.41881 0.48152 0.54006 0.59344 0.64161 0.6854 0.72597 0.76421 0.8004 0.83424 0.86507 0.89233 0.91568 0.93504 0.95068 0.96298 0.97244 0.97956 0.98481 0.9886 0.99129 0.99316 0.99446 0.99536 0.99601 0.9965 0.99691 0.99731 0.99773 0.99819 0.99867 0.99916 0.99959
0.23575 0.13906 0.087172 0.12967 0.20898 0.22232 0.18711 0.13664 0.079242 0.060482 0.077804 0.11257 0.16042 0.21759 0.28015 0.34453 0.40781 0.46777 0.52309 0.57344 0.61934 0.66189 0.70225 0.74115 0.77862 0.81412 0.84682 0.87601 0.90125 0.92242 0.93972 0.95353 0.96432 0.97259 0.97881 0.98339 0.98671 0.98908 0.99075 0.99192 0.99277 0.99341 0.99395 0.99448 0.99505 0.99569 0.99642 0.99722 0.99804
0.20536 0.11138 0.12355 0.18619 0.25287 0.25295 0.21019 0.161 0.1032 0.073371 0.081183 0.11212 0.15804 0.21359 0.2744 0.33663 0.39717 0.45387 0.50578 0.5531 0.59678 0.63816 0.67836 0.71792 0.75662 0.79371 0.82818 0.8592 0.88625 0.90914 0.92805 0.94332 0.95541 0.96481 0.97198 0.97735 0.9813 0.98415 0.98618 0.98762 0.98865 0.98943 0.99007 0.9907 0.99139 0.99219 0.99313 0.99421 0.99539
0.14531 0.06328 0.17556 0.23728 0.28601 0.27122 0.21963 0.16703 0.10922 0.081427 0.089908 0.11892 0.16166 0.21373 0.27109 0.32984 0.38674 0.4397 0.48803 0.53233 0.57392 0.61425 0.65437 0.69462 0.73453 0.77313 0.80928 0.84203 0.87078 0.89531 0.91575 0.93244 0.94579 0.95629 0.9644 0.97055 0.97511 0.97844 0.98082 0.9825 0.9837 0.98458 0.98532 0.98602 0.9868 0.98772 0.98884 0.99016 0.99167
0.17342 0.18339 0.24929 0.26951 0.30032 0.27327 0.213 0.15315 0.097526 0.084514 0.10156 0.13071 0.1698 0.21712 0.26968 0.32383 0.37633 0.42512 0.46973 0.5111 0.55074 0.5902 0.63037 0.67135 0.71245 0.7525 0.79022 0.82459 0.85494 0.88102 0.90293 0.92097 0.93554 0.94712 0.95614 0.96304 0.9682 0.97199 0.9747 0.97661 0.97796 0.97894 0.97972 0.98047 0.98131 0.98233 0.98359 0.98512 0.98692
0.31548 0.32569 0.30865 0.27601 0.29554 0.26192 0.19404 0.12243 0.071083 0.086661 0.11534 0.14533 0.18068 0.22258 0.26946 0.31818 0.36567 0.40997 0.45081 0.48935 0.52727 0.56606 0.60642 0.64821 0.69048 0.73191 0.77111 0.80698 0.83883 0.86637 0.88967 0.909 0.92474 0.93735 0.94726 0.95489 0.96064 0.96486 0.96789 0.97001 0.97148 0.97253 0.97335 0.97411 0.97498 0.97605 0.97742 0.97914 0.9812
0.46853 0.41034 0.32275 0.25926 0.27875 0.24574 0.17278 0.084968 0.039654 0.093822 0.13107 0.16114 0.19266 0.22891 0.26964 0.31243 0.3545 0.3941 0.43119 0.46708 0.50354 0.5419 0.58263 0.6253 0.66874 0.71147 0.75204 0.7893 0.82254 0.85144 0.87604 0.89659 0.91346 0.92707 0.93783 0.94616 0.95247 0.95711 0.96043 0.96274 0.96432 0.96541 0.96623 0.96699 0.96785 0.96895 0.97039 0.97225 0.97454
0.53651 0.42039 0.28762 0.22746 0.25955 0.23544 0.1641 0.070549 0.045643 0.10971 0.14842 0.17697 0.20448 0.23507 0.2695 0.30611 0.34255 0.37738 0.4108 0.44429 0.47958 0.5178 0.55909 0.60271 0.6473 0.69127 0.7331 0.77163 0.80614 0.8363 0.86212 0.88384 0.90177 0.91633 0.92791 0.93692 0.94375 0.94879 0.95238 0.95486 0.95652 0.95762 0.95842 0.95914 0.95996 0.96106 0.96254 0.96451 0.967
0.51454 0.36516 0.21315 0.18758 0.24354 0.23723 0.178 0.10576 0.091397 0.13311 0.16663 0.19194 0.21518 0.24021 0.26842 0.29881 0.32958 0.35968 0.38962 0.42101 0.45548 0.49385 0.53589 0.58055 0.62627 0.67139 0.71436 0.75404 0.78971 0.82102 0.84799 0.87079 0.88973 0.9052 0.91755 0.92721 0.93454 0.93995 0.94379 0.94641 0.94812 0.94922 0.94996 0.95061 0.95137 0.95242 0.95392 0.95596 0.95861
0.44782 0.27844 0.11616 0.14443 0.23014 0.24897 0.20939 0.16067 0.14236 0.16008 0.1846 0.20536 0.22408 0.24372 0.26591 0.29021 0.31541 0.34092 0.36764 0.39729 0.43132 0.47016 0.51314 0.55891 0.60573 0.6519 0.6959 0.73661 0.77331 0.80568 0.83369 0.85751 0.87741 0.89373 0.90683 0.91709 0.9249 0.93065 0.93471 0.93744 0.93918 0.94024 0.94091 0.94146 0.94212 0.9431 0.94457 0.94666 0.94944
0.38597 0.21394 0.03985 0.10661 0.21664 0.26405 0.24616 0.21465 0.18956 0.18675 0.20119 0.21667 0.23076 0.24519 0.26163 0.28008 0.29989 0.32106 0.34488 0.3732 0.40721 0.44685 0.49096 0.53787 0.58575 0.63288 0.67777 0.71937 0.757 0.79032 0.8193 0.84407 0.86486 0.88199 0.89578 0.90661 0.91487 0.92093 0.92518 0.928 0.92975 0.93074 0.9313 0.93172 0.93225 0.93313 0.93454 0.93664 0.93952
0.3122 0.16927 0.069704 0.086663 0.20252 0.27735 0.2793 0.25985 0.22888 0.21023 0.2154 0.22549 0.23495 0.24441 0.25539 0.26828 0.28295 0.30006 0.32138 0.34885 0.3833 0.42405 0.46945 0.51755 0.56641 0.61437 0.66004 0.7024 0.74083 0.775 0.80486 0.8305 0.85213 0.87002 0.88447 0.89583 0.90449 0.91084 0.91526 0.91814 0.91986 0.92076 0.92119 0.92145 0.92182 0.92256 0.92388 0.92595 0.9289
0.21192 0.10646 0.088305 0.083699 0.19011 0.28709 0.30397 0.29245 0.25795 0.22873 0.22654 0.23161 0.2366 0.24131 0.24715 0.25475 0.26457 0.27795 0.29721 0.32437 0.35972 0.40191 0.44874 0.498 0.54777 0.59644 0.64273 0.68573 0.72484 0.75977 0.79042 0.81687 0.83928 0.85787 0.87293 0.8848 0.89383 0.90042 0.90498 0.9079 0.90957 0.91035 0.91062 0.91068 0.91087 0.91143 0.91263 0.91464 0.91763
0.17446 0.046388 0.069995 0.0816 0.18313 0.29366 0.3181 0.31073 0.27572 0.24141 0.23428 0.23501 0.23577 0.23599 0.23697 0.23957 0.2448 0.25479 0.2725 0.29991 0.33667 0.38058 0.42893 0.47932 0.52987 0.57911 0.62589 0.66939 0.70909 0.74466 0.77603 0.80322 0.82634 0.84559 0.86122 0.87354 0.88291 0.88973 0.89439 0.89732 0.89891 0.89955 0.89962 0.89947 0.89944 0.8998 0.90083 0.90276 0.90575
0.19318 0.025734 0.036417 0.073452 0.18491 0.29797 0.32117 0.31441 0.2823 0.24824 0.23866 0.23584 0.23268 0.22867 0.22505 0.22286 0.22371 0.23066 0.24737 0.27568 0.31435 0.36023 0.41014 0.46158 0.51277 0.56243 0.60955 0.65343 0.69358 0.72972 0.76173 0.78959 0.81337 0.83323 0.84938 0.86212 0.87179 0.87879 0.88354 0.88644 0.88793 0.8884 0.88825 0.88786 0.88757 0.8877 0.88855 0.89035 0.89331
0.22834 0.047677 0.019307 0.068133 0.19686 0.30028 0.31356 0.30434 0.2788 0.24984 0.24002 0.23442 0.2277 0.21971 0.21169 0.20485 0.20146 0.20567 0.222 0.25193 0.29299 0.34103 0.39247 0.44483 0.4965 0.54641 0.59373 0.63786 0.67837 0.71498 0.74755 0.77601 0.80039 0.82081 0.83744 0.85056 0.86051 0.86766 0.87245 0.87531 0.87667 0.87694 0.87655 0.87589 0.87531 0.87518 0.8758 0.87745 0.88035
0.30597 0.077663 0.018172 0.082623 0.21742 0.30014 0.29623 0.28217 0.26707 0.24728 0.23892 0.23123 0.22128 0.20957 0.19731 0.18586 0.17823 0.17996 0.1966 0.22894 0.27285 0.32316 0.37602 0.42912 0.48108 0.53107 0.57844 0.62269 0.66346 0.70046 0.73352 0.76252 0.78746 0.80838 0.82545 0.83891 0.84909 0.85637 0.86118 0.86396 0.86516 0.86522 0.86456 0.86359 0.86271 0.86228 0.86265 0.86411 0.86692
0.36634 0.084257 0.029368 0.11877 0.2431 0.29703 0.2706 0.25001 0.2495 0.24191 0.23611 0.22683 0.21401 0.19882 0.18245 0.16632 0.15426 0.15369 0.17148 0.20709 0.25422 0.30677 0.36088 0.41448 0.46653 0.51642 0.56369 0.60795 0.64888 0.68619 0.71967 0.74916 0.77459 0.79597 0.81343 0.8272 0.83757 0.84495 0.84975 0.85243 0.85346 0.85326 0.85231 0.85101 0.8498 0.84905 0.84913 0.85037 0.85305
0.40805 0.098911 0.080443 0.16672 0.27035 0.29105 0.23857 0.21021 0.22886 0.23519 0.23237 0.22188 0.20653 0.18815 0.16778 0.14681 0.12989 0.12703 0.14702 0.18682 0.2374 0.29204 0.3471 0.40095 0.45285 0.50246 0.54948 0.59364 0.63464 0.67218 0.70602 0.73594 0.76181 0.78361 0.80143 0.81545 0.826 0.83343 0.8382 0.84076 0.84158 0.84112 0.83984 0.83819 0.83661 0.83551 0.83527 0.83627 0.83879
0.44927 0.14035 0.1523 0.2192 0.29692 0.28346 0.20268 0.16516 0.20811 0.22849 0.22849 0.21702 0.19952 0.17831 0.15416 0.12815 0.10555 0.10016 0.1238 0.1687 0.22272 0.27908 0.33474 0.38851 0.44003 0.48917 0.53582 0.57977 0.62075 0.65846 0.69259 0.72289 0.74916 0.77133 0.78946 0.80371 0.81439 0.82186 0.82657 0.82897 0.82956 0.82881 0.82719 0.82517 0.8232 0.82172 0.82113 0.82184 0.82418
0.44695 0.15963 0.23312 0.27128 0.32203 0.27668 0.16671 0.11741 0.19039 0.22298 0.22514 0.21288 0.19368 0.17011 0.14256 0.11148 0.081992 0.073316 0.10273 0.1534 0.21044 0.268 0.3238 0.37716 0.42804 0.47654 0.52268 0.56632 0.60722 0.64503 0.67941 0.71003 0.73665 0.75915 0.77755 0.792 0.80277 0.81025 0.81487 0.8171 0.81744 0.81638 0.81439 0.81197 0.80959 0.8077 0.80674 0.80713 0.80925
0.37359 0.14769 0.31448 0.31877 0.34586 0.2739 0.13699 0.071209 0.17868 0.21953 0.22285 0.20997 0.18958 0.1643 0.13405 0.098407 0.060768 0.046861 0.085327 0.14162 0.20083 0.25886 0.31428 0.36687 0.41686 0.46455 0.51006 0.55331 0.59405 0.63191 0.66649 0.69739 0.72431 0.7471 0.76573 0.78033 0.79118 0.79863 0.80314 0.80518 0.80525 0.80385 0.80148 0.79864 0.79582 0.79349 0.79213 0.79218 0.79405
0.34278 0.19471 0.38783 0.35773 0.36898 0.27829 0.12368 0.043774 0.1752 0.21862 0.22196 0.20863 0.18766 0.16147 0.1296 0.090857 0.045626 0.022052 0.073911 0.13402 0.19401 0.25164 0.30614 0.35759 0.40646 0.45317 0.49794 0.54072 0.58125 0.61911 0.65383 0.68497 0.71216 0.73519 0.75402 0.76874 0.77963 0.78704 0.79141 0.79323 0.79301 0.79126 0.78849 0.78521 0.78192 0.77914 0.77734 0.77702 0.77861
0.47948 0.32597 0.44235 0.38485 0.39193 0.29194 0.13507 0.068088 0.18062 0.22036 0.22257 0.20902 0.18812 0.1619 0.12974 0.090317 0.043351 0.014269 0.070892 0.13094 0.18999 0.2463 0.29929 0.34926 0.39677 0.44237 0.4863 0.52855 0.56881 0.60663 0.64146 0.67279 0.7002 0.72345 0.74243 0.75725 0.76815 0.77548 0.7797 0.78129 0.78076 0.77864 0.77545 0.7717 0.76794 0.76466 0.76241 0.76168 0.76295
0.63521 0.45277 0.46578 0.39812 0.415 0.31506 0.16725 0.11459 0.19372 0.2245 0.2246 0.21106 0.19088 0.16554 0.1344 0.096756 0.0551 0.035687 0.076622 0.13227 0.18863 0.24269 0.29366 0.3418 0.38776 0.43211 0.47513 0.51678 0.55674 0.59447 0.62937 0.66086 0.68847 0.71188 0.731 0.74587 0.75675 0.76399 0.76803 0.76936 0.76852 0.76601 0.76238 0.75816 0.75388 0.7501 0.74736 0.7462 0.74713
0.69683 0.51752 0.44798 0.39745 0.4381 0.34591 0.2103 0.16385 0.21212 0.23049 0.22775 0.21453 0.19568 0.17201 0.14293 0.10863 0.073949 0.05995 0.088769 0.13741 0.18965 0.24065 0.2891 0.33513 0.37935 0.42234 0.46438 0.5054 0.54502 0.58264 0.61758 0.6492 0.67696 0.70051 0.71972 0.73463 0.74546 0.75258 0.75642 0.75749 0.7563 0.7534 0.74931 0.74459 0.7398 0.73549 0.73223 0.7306 0.73116
0.65098 0.50423 0.38469 0.3851 0.46057 0.38131 0.25676 0.21141 0.23313 0.23757 0.23161 0.21904 0.2021 0.18071 0.15438 0.12398 0.095206 0.083902 0.10448 0.14548 0.19266 0.23996 0.28549 0.32916 0.3715 0.41304 0.45405 0.4944 0.53366 0.57113 0.60609 0.6378 0.66568 0.68935 0.70861 0.72353 0.73429 0.74127 0.7449 0.74568 0.74414 0.74082 0.73627 0.73104 0.72571 0.72084 0.71704 0.71493 0.71508
0.53662 0.43163 0.27964 0.36611 0.48123 0.41748 0.30184 0.25497 0.25426 0.24482 0.23568 0.22418 0.20964 0.19101 0.16777 0.14123 0.117 0.10708 0.12179 0.15556 0.19721 0.24037 0.28267 0.32379 0.36412 0.40416 0.4441 0.48377 0.52264 0.55996 0.59491 0.62668 0.65466 0.67839 0.6977 0.71258 0.72326 0.73008 0.73347 0.73396 0.73206 0.72832 0.72329 0.71753 0.71164 0.7062 0.70184 0.6992 0.69892
0.41253 0.34449 0.14542 0.34809 0.49856 0.4506 0.34205 0.2926 0.27338 0.25129 0.23944 0.22951 0.21785 0.20231 0.18229 0.15931 0.13853 0.12931 0.13955 0.16684 0.20288 0.24163 0.2805 0.31891 0.35716 0.39566 0.43452 0.47349 0.51197 0.54912 0.58403 0.61585 0.64388 0.66767 0.68697 0.70181 0.71238 0.71901 0.72217 0.72234 0.72007 0.71589 0.71037 0.70409 0.69762 0.69159 0.68664 0.68345 0.6827
0.32708 0.29689 0.033948 0.33893 0.51093 0.47728 0.37465 0.32259 0.28866 0.25609 0.24242 0.23467 0.22631 0.2141 0.19731 0.17753 0.15939 0.15045 0.15711 0.17869 0.20925 0.24351 0.2788 0.31443 0.35056 0.38749 0.42526 0.46354 0.50163 0.5386 0.57346 0.6053 0.63337 0.65717 0.67646 0.69122 0.70165 0.7081 0.71099 0.71085 0.70819 0.70357 0.69756 0.69072 0.68367 0.67702 0.67147 0.66771 0.66646
0.29364 0.30169 0.14875 0.34182 0.51674 0.49488 0.39759 0.3435 0.29866 0.2584 0.24419 0.23935 0.23471 0.22599 0.21237 0.19544 0.17936 0.17043 0.17405 0.1906 0.21597 0.24576 0.27745 0.31026 0.34425 0.37962 0.41632 0.45392 0.49162 0.52841 0.56321 0.59504 0.62311 0.64691 0.66615 0.68082 0.6911 0.69733 0.69996 0.69948 0.69644 0.69138 0.68486 0.67747 0.66981 0.66254 0.65635 0.65199 0.65022
0.28795 0.31446 0.25825 0.35214 0.51467 0.50174 0.40951 0.35432 0.30228 0.2576 0.24446 0.24335 0.24279 0.23767 0.22712 0.21273 0.19828 0.18918 0.19015 0.20224 0.22274 0.24818 0.27629 0.3063 0.33817 0.37201 0.40767 0.44461 0.48194 0.51853 0.55326 0.58507 0.61313 0.63689 0.65606 0.67061 0.68073 0.68674 0.68908 0.68827 0.68484 0.67932 0.67229 0.66434 0.65607 0.64816 0.64132 0.63633 0.634
0.26125 0.30036 0.32887 0.36054 0.50392 0.49726 0.4099 0.35451 0.29885 0.25325 0.24308 0.24657 0.25043 0.24896 0.24134 0.22921 0.21607 0.20665 0.20524 0.21333 0.22932 0.25058 0.27521 0.30246 0.33226 0.36462 0.39928 0.4356 0.47256 0.50898 0.54362 0.57538 0.60341 0.62712 0.6462 0.66061 0.67054 0.67631 0.67837 0.67722 0.67339 0.66742 0.65988 0.65135 0.64247 0.6339 0.62638 0.62074 0.61783
0.17812 0.25935 0.35679 0.3587 0.48448 0.48193 0.39905 0.34416 0.28807 0.24519 0.24004 0.249 0.25753 0.2597 0.25487 0.24475 0.23264 0.2228 0.2192 0.22368 0.23551 0.25281 0.27408 0.29868 0.32648 0.35743 0.39114 0.42687 0.4635 0.49973 0.53428 0.56599 0.59397 0.61759 0.63656 0.65082 0.66055 0.66608 0.66784 0.66634 0.66211 0.65568 0.64763 0.63853 0.62902 0.61978 0.61157 0.60526 0.60173
0.056495 0.21463 0.34643 0.34273 0.45738 0.45724 0.37811 0.32391 0.27006 0.23351 0.23549 0.25074 0.26409 0.26982 0.26759 0.25926 0.24795 0.23761 0.23198 0.23317 0.24115 0.25473 0.27281 0.29487 0.32079 0.3504 0.38324 0.41842 0.45474 0.4908 0.52525 0.55689 0.58479 0.60831 0.62715 0.64124 0.65075 0.65603 0.65749 0.65565 0.65101 0.64413 0.63556 0.62589 0.61574 0.60582 0.59691 0.58989 0.58572
0.086408 0.18941 0.30671 0.3135 0.42469 0.42551 0.34901 0.29499 0.24528 0.21858 0.22976 0.25193 0.27016 0.27929 0.27946 0.27269 0.26199 0.25106 0.24352 0.24169 0.24613 0.25625 0.27132 0.29099 0.31513 0.34351 0.37554 0.41024 0.44628 0.48218 0.51653 0.54808 0.57588 0.59929 0.61797 0.63187 0.64116 0.64617 0.64733 0.64514 0.64011 0.63277 0.62369 0.61344 0.60265 0.59204 0.58241 0.57467 0.56982
0.16775 0.1818 0.24768 0.27546 0.38931 0.38972 0.31435 0.25913 0.21453 0.20108 0.22334 0.25282 0.27578 0.2881 0.29043 0.285 0.27474 0.26316 0.25379 0.24918 0.25036 0.25726 0.26954 0.28698 0.30948 0.33673 0.36805 0.40231 0.4381 0.47386 0.5081 0.53955 0.56724 0.59051 0.60902 0.62272 0.63178 0.63652 0.63737 0.63483 0.6294 0.62162 0.61202 0.6012 0.58977 0.57846 0.56809 0.5596 0.55405
0.20639 0.1757 0.1784 0.23479 0.35441 0.35313 0.27735 0.21857 0.17885 0.18207 0.21684 0.25366 0.28107 0.29626 0.3005 0.29619 0.28621 0.27391 0.26279 0.2556 0.25377 0.25771 0.2674 0.2828 0.30381 0.33006 0.36074 0.39464 0.43021 0.46583 0.49996 0.53131 0.55886 0.58197 0.6003 0.61379 0.6226 0.62707 0.62761 0.62472 0.6189 0.61067 0.60058 0.58918 0.57711 0.56509 0.55396 0.54471 0.53843
0.21588 0.16639 0.10616 0.19779 0.32289 0.31899 0.24171 0.17617 0.13952 0.16304 0.21099 0.25473 0.28612 0.3038 0.30967 0.30626 0.2964 0.28332 0.27052 0.26092 0.25632 0.25753 0.26486 0.27841 0.29809 0.32347 0.35362 0.38721 0.42261 0.4581 0.49212 0.52334 0.55075 0.57369 0.59181 0.60507 0.61363 0.61782 0.61806 0.61482 0.60862 0.59995 0.58936 0.57739 0.56468 0.55195 0.54006 0.53002 0.52298
0.21086 0.16014 0.037986 0.16958 0.29681 0.28996 0.21137 0.13596 0.098096 0.146 0.20655 0.25629 0.29101 0.31076 0.31795 0.31523 0.30534 0.29143 0.27699 0.26513 0.25797 0.2567 0.26189 0.27378 0.29231 0.31695 0.34668 0.38003 0.41527 0.45066 0.48457 0.51565 0.54289 0.56564 0.58355 0.59658 0.60488 0.60878 0.60871 0.60514 0.59855 0.58946 0.57837 0.56585 0.5525 0.53906 0.52639 0.51553 0.50771
0.20044 0.16341 0.037969 0.15298 0.27696 0.2675 0.18978 0.10443 0.057104 0.1335 0.20422 0.25856 0.29583 0.31718 0.32537 0.32311 0.31305 0.29825 0.28222 0.26824 0.25873 0.2552 0.25846 0.26891 0.28645 0.3105 0.3399 0.37308 0.40822 0.4435 0.47729 0.50823 0.5353 0.55784 0.57552 0.5883 0.59633 0.59996 0.59958 0.59567 0.58871 0.5792 0.56763 0.55455 0.54057 0.52642 0.51296 0.50128 0.49264
0.18804 0.17599 0.092062 0.14744 0.26284 0.25137 0.17866 0.091339 0.027755 0.12811 0.20451 0.2617 0.30064 0.32307 0.33196 0.32995 0.31958 0.30383 0.28624 0.27025 0.25857 0.25299 0.25456 0.26377 0.28051 0.30412 0.3333 0.36636 0.40143 0.43662 0.47029 0.50107 0.52795 0.55027 0.56771 0.58023 0.588 0.59134 0.59066 0.58642 0.5791 0.56918 0.55714 0.54352 0.52892 0.51404 0.49979 0.48727 0.47779
0.16765 0.19254 0.13507 0.14936 0.25285 0.23969 0.17675 0.10115 0.046125 0.13122 0.20767 0.26578 0.30548 0.32848 0.33774 0.33578 0.32497 0.30821 0.28908 0.2712 0.25751 0.25009 0.25018 0.25835 0.27449 0.2978 0.32686 0.35988 0.39491 0.43002 0.46357 0.49418 0.52085 0.54294 0.56013 0.57238 0.57988 0.58293 0.58195 0.57739 0.56972 0.5594 0.54691 0.53276 0.51753 0.50195 0.4869 0.47351 0.46316
0.1286 0.20854 0.15939 0.15446 0.24473 0.22963 0.18054 0.12484 0.083503 0.14213 0.21364 0.2708 0.31034 0.33342 0.34274 0.34064 0.32926 0.31144 0.29078 0.2711 0.25556 0.24649 0.24532 0.25267 0.26838 0.29154 0.32059 0.35364 0.38865 0.4237 0.45711 0.48754 0.51399 0.53583 0.55276 0.56474 0.57196 0.57473 0.57346 0.56859 0.56058 0.54987 0.53694 0.52227 0.50644 0.49014 0.47429 0.46003 0.44878
0.072281 0.22306 0.1597 0.1599 0.23599 0.21831 0.1862 0.15244 0.12119 0.15868 0.22208 0.27668 0.31524 0.3379 0.34702 0.34457 0.33251 0.31356 0.2914 0.26999 0.25274 0.24221 0.23997 0.24671 0.2622 0.28536 0.3145 0.34762 0.38265 0.41764 0.45092 0.48115 0.50737 0.52895 0.5456 0.55731 0.56425 0.56673 0.56518 0.56001 0.55167 0.54059 0.52723 0.51206 0.49563 0.47864 0.46198 0.44683 0.43466
0.075201 0.23662 0.13324 0.16479 0.22426 0.20349 0.19094 0.17894 0.15654 0.17848 0.23251 0.28328 0.32012 0.34195 0.35059 0.34763 0.33478 0.31465 0.29098 0.26791 0.24908 0.23725 0.23415 0.2405 0.25594 0.27925 0.30858 0.34184 0.37691 0.41184 0.44498 0.47501 0.50097 0.52228 0.53866 0.55008 0.55673 0.55895 0.55711 0.55164 0.54299 0.53156 0.51779 0.50213 0.48512 0.46744 0.44998 0.43392 0.4208
0.17183 0.25074 0.081058 0.16954 0.20769 0.18395 0.19338 0.20233 0.18873 0.19964 0.24432 0.29043 0.32494 0.34557 0.35349 0.34987 0.33611 0.31475 0.28958 0.26491 0.2446 0.23164 0.22788 0.23404 0.24963 0.27323 0.30285 0.33629 0.37143 0.4063 0.43929 0.4691 0.49481 0.51583 0.53192 0.54305 0.54942 0.55136 0.54925 0.54351 0.53455 0.52279 0.50862 0.4925 0.47492 0.45656 0.43829 0.42133 0.40724
0.28896 0.27327 0.0074718 0.17466 0.18522 0.15952 0.19332 0.22187 0.2174 0.22087 0.25696 0.29793 0.32964 0.34876 0.35578 0.35134 0.33659 0.31393 0.28726 0.26103 0.23935 0.22539 0.22117 0.22735 0.24328 0.26732 0.29731 0.33099 0.3662 0.40102 0.43385 0.46343 0.48886 0.50959 0.52538 0.53622 0.54231 0.54397 0.5416 0.53559 0.52635 0.51426 0.49973 0.48315 0.46503 0.44599 0.42693 0.40905 0.39396
0.41817 0.31941 0.077101 0.1802 0.15712 0.13136 0.19131 0.23747 0.24242 0.24131 0.26989 0.30557 0.33416 0.35154 0.35748 0.35211 0.33627 0.31227 0.28408 0.25633 0.23334 0.21854 0.21404 0.22046 0.23691 0.26152 0.29196 0.32592 0.36122 0.39599 0.42865 0.45798 0.48313 0.50355 0.51903 0.52957 0.53539 0.53679 0.53415 0.52788 0.51837 0.50599 0.4911 0.4741 0.45545 0.43576 0.41591 0.3971 0.381
0.5625 0.39746 0.16703 0.1864 0.12592 0.10235 0.18839 0.24937 0.26385 0.26044 0.28271 0.31316 0.33844 0.35391 0.35864 0.35224 0.33522 0.30984 0.2801 0.25085 0.22664 0.21112 0.20653 0.21338 0.23055 0.25585 0.28683 0.32109 0.3565 0.3912 0.42368 0.45275 0.4776 0.49771 0.51287 0.52312 0.52865 0.52979 0.52691 0.5204 0.51063 0.49797 0.48275 0.46534 0.44618 0.42586 0.40523 0.38549 0.36835
0.7122 0.49933 0.25609 0.195 0.098692 0.078797 0.18562 0.25794 0.28187 0.27796 0.29505 0.32051 0.34243 0.35587 0.3593 0.35178 0.33353 0.3067 0.27541 0.24466 0.21927 0.20314 0.19864 0.20616 0.22421 0.25034 0.28191 0.3165 0.35202 0.38665 0.41893 0.44774 0.47227 0.49206 0.5069 0.51685 0.5221 0.52298 0.51986 0.51312 0.50312 0.4902 0.47467 0.45688 0.43723 0.4163 0.39489 0.37423 0.35604
0.84437 0.61038 0.34286 0.20941 0.089797 0.071539 0.1838 0.26364 0.29674 0.29371 0.30667 0.32748 0.34606 0.35745 0.35951 0.35081 0.33126 0.30295 0.27007 0.23782 0.21129 0.19465 0.19042 0.19881 0.21794 0.245 0.27722 0.31217 0.34778 0.38233 0.41441 0.44293 0.46714 0.48659 0.50111 0.51075 0.51573 0.51636 0.51302 0.50606 0.49584 0.48267 0.46685 0.4487 0.4286 0.40708 0.38492 0.36333 0.34406
0.93938 0.71935 0.4287 0.23258 0.10838 0.085079 0.18318 0.2669 0.3088 0.30765 0.31737 0.33394 0.34931 0.35865 0.35933 0.3494 0.3285 0.29866 0.26416 0.23039 0.20273 0.18567 0.18191 0.19139 0.21176 0.23986 0.27277 0.30808 0.34379 0.37825 0.4101 0.43832 0.46219 0.4813 0.49549 0.50483 0.50953 0.50992 0.50636 0.4992 0.48877 0.47538 0.45931 0.44083 0.42029 0.3982 0.37531 0.3528 0.33245
0.99011 0.81912 0.5142 0.2641 0.14311 0.10926 0.18339 0.26817 0.31842 0.31982 0.32703 0.33979 0.35214 0.35951 0.3588 0.34761 0.32532 0.29391 0.25776 0.22245 0.19365 0.17625 0.17312 0.18392 0.2057 0.23492 0.26856 0.30424 0.34004 0.37439 0.406 0.43391 0.45743 0.47618 0.49004 0.49907 0.50351 0.50366 0.49989 0.49254 0.48193 0.46834 0.45202 0.43324 0.4123 0.38967 0.36606 0.34264 0.32119
0.99871 0.9033 0.59603 0.2996 0.18081 0.13433 0.18362 0.26785 0.32602 0.33029 0.33556 0.34496 0.35454 0.36005 0.35799 0.34552 0.32181 0.28881 0.25096 0.21406 0.18409 0.16641 0.16411 0.17646 0.19981 0.23023 0.26461 0.30065 0.33653 0.37075 0.4021 0.42968 0.45284 0.47123 0.48475 0.49348 0.49764 0.49757 0.4936 0.48607 0.4753 0.46153 0.445 0.42594 0.40462 0.38148 0.35719 0.33287 0.31031
0.97071 0.96454 0.66684 0.33273 0.21424 0.15524 0.18287 0.26634 0.33198 0.33917 0.34294 0.34941 0.35651 0.36031 0.35694 0.34319 0.31805 0.28343 0.24386 0.2053 0.17411 0.15619 0.15492 0.16905 0.19412 0.22579 0.26093 0.29732 0.33325 0.36732 0.3984 0.42563 0.44842 0.46644 0.47962 0.48804 0.49194 0.49164 0.48749 0.4798 0.46887 0.45495 0.43823 0.41892 0.39726 0.37364 0.34868 0.32349 0.29982
0.91228 0.99642 0.71786 0.35746 0.23953 0.16939 0.18023 0.26406 0.33669 0.34659 0.34914 0.35311 0.35805 0.36031 0.35572 0.34072 0.31413 0.27787 0.23654 0.19625 0.16376 0.14561 0.1456 0.16176 0.18868 0.22164 0.25752 0.29424 0.3302 0.36409 0.39488 0.42175 0.44416 0.46181 0.47464 0.48275 0.48639 0.48588 0.48155 0.47371 0.46266 0.4486 0.43171 0.41218 0.39021 0.36614 0.34056 0.3145 0.28972
0.8296 0.99671 0.74212 0.36954 0.25478 0.17538 0.1751 0.26147 0.34052 0.35266 0.35418 0.35606 0.35919 0.36012 0.35438 0.33815 0.31014 0.27224 0.2291 0.18701 0.1531 0.13473 0.13619 0.15463 0.18353 0.21779 0.2544 0.29141 0.32737 0.36107 0.39154 0.41804 0.44005 0.45732 0.4698 0.47761 0.48099 0.48027 0.47577 0.46781 0.45664 0.44246 0.42544 0.40572 0.38347 0.35899 0.33281 0.30592 0.28003
0.7303 0.96877 0.73671 0.36714 0.25953 0.17259 0.16734 0.25908 0.34375 0.35749 0.35809 0.35827 0.35994 0.35976 0.35299 0.33558 0.30616 0.26662 0.22167 0.17768 0.14219 0.12357 0.12677 0.14776 0.1787 0.21427 0.25157 0.28884 0.32476 0.35824 0.38838 0.41448 0.43609 0.45298 0.4651 0.4726 0.47574 0.47481 0.47016 0.46208 0.45081 0.43654 0.41941 0.39953 0.37703 0.35217 0.32543 0.29774 0.27076
0.62764 0.92046 0.70336 0.35093 0.25458 0.161 0.15735 0.2574 0.34663 0.3612 0.3609 0.35977 0.36035 0.3593 0.35161 0.33307 0.30228 0.26113 0.21434 0.16836 0.1311 0.11216 0.1174 0.1412 0.17426 0.21109 0.24903 0.28651 0.32237 0.3556 0.38538 0.41108 0.43228 0.44877 0.46054 0.46774 0.47062 0.4695 0.46471 0.45652 0.44517 0.43083 0.41362 0.3936 0.3709 0.3457 0.31844 0.28998 0.26192
0.54335 0.86125 0.64766 0.3236 0.24185 0.1411 0.14621 0.25694 0.34932 0.36384 0.36265 0.36058 0.36046 0.35877 0.35028 0.3307 0.29858 0.25586 0.20725 0.15919 0.11992 0.10053 0.10818 0.13504 0.17023 0.20827 0.24679 0.28444 0.32019 0.35314 0.38255 0.40783 0.4286 0.44469 0.4561 0.463 0.46564 0.46434 0.4594 0.45113 0.43972 0.42533 0.40805 0.38793 0.36505 0.33955 0.31182 0.28262 0.25351
