0.50428 0.51557 0.51264 0.60049 0.77083 0.81453 0.79479 0.57871 0.38466 0.26503 0.19566 0.15181 0.11983 0.095604 0.078059 0.066586 0.061895 0.065084 0.075421 0.090377 0.10721 0.12364 0.13801 0.14933 0.15748 0.16324 0.16805 0.17333 0.17974 0.1869 0.19398 0.20061 0.19748 0.19609 0.2028 0.21877 0.24349 0.27552 0.3132 0.35505 0.39981 0.44646 0.49415 0.54221 0.59008 0.63734 0.6837 0.72893 0.74682
0.29832 0.23926 0.094973 0.046714 0.12436 0.21113 0.2716 0.24288 0.19464 0.16349 0.15213 0.14646 0.13443 0.11679 0.10045 0.092093 0.09609 0.11223 0.13732 0.16832 0.20311 0.24003 0.27773 0.31512 0.35142 0.38612 0.41908 0.4505 0.48065 0.5094 0.53587 0.55808 0.54529 0.52332 0.50513 0.49241 0.48553 0.48399 0.48707 0.49413 0.50458 0.51795 0.53382 0.5519 0.57202 0.59414 0.6183 0.64464 0.65057
0.1295 0.16201 0.29543 0.28737 0.41734 0.49317 0.5439 0.48914 0.42874 0.38388 0.3451 0.30969 0.27767 0.25196 0.23511 0.22689 0.22637 0.23266 0.24483 0.26184 0.28253 0.3058 0.33098 0.35803 0.38756 0.42042 0.45727 0.49792 0.54114 0.58439 0.6241 0.65567 0.64136 0.61119 0.58101 0.5533 0.52885 0.5073 0.48815 0.47104 0.45584 0.44267 0.43193 0.42427 0.42062 0.42206 0.42972 0.44457 0.45141
0.79589 0.56505 0.45038 0.39788 0.32454 0.16558 0.080585 0.1014 0.10845 0.1048 0.099718 0.096119 0.097661 0.10755 0.12435 0.14392 0.16291 0.17915 0.19103 0.19709 0.19613 0.18782 0.1742 0.16212 0.16497 0.19503 0.25097 0.32244 0.3993 0.47341 0.53803 0.58711 0.58541 0.56029 0.5283 0.49346 0.45751 0.42072 0.38286 0.34367 0.30302 0.26108 0.2185 0.17713 0.14155 0.12188 0.13062 0.16721 0.21351
0.46474 0.62724 0.64454 0.37794 0.1763 0.054415 0.032089 0.032875 0.056377 0.083561 0.098482 0.10269 0.10364 0.10911 0.12166 0.13885 0.15731 0.17416 0.18683 0.19294 0.19053 0.17887 0.16012 0.14261 0.14399 0.17909 0.24239 0.32048 0.403 0.48228 0.55192 0.60595 0.60781 0.58531 0.55551 0.52264 0.48863 0.4539 0.41849 0.38251 0.34636 0.31097 0.27805 0.25047 0.23246 0.22887 0.24286 0.27395 0.30822
0.32507 0.20437 0.16514 0.40016 0.52267 0.5598 0.57856 0.48239 0.3883 0.32146 0.27323 0.23902 0.21597 0.20363 0.20178 0.20858 0.2219 0.23971 0.26006 0.28113 0.30158 0.32091 0.33987 0.3604 0.38524 0.41697 0.45716 0.50565 0.56055 0.61835 0.67429 0.72246 0.71957 0.69704 0.67237 0.64865 0.62707 0.60756 0.58986 0.57389 0.55986 0.54827 0.53982 0.53543 0.53608 0.54271 0.55611 0.57675 0.58434
0.4399 0.45707 0.50846 0.37301 0.18325 0.019064 0.13398 0.19356 0.16572 0.10659 0.052838 0.06213 0.10661 0.1461 0.17837 0.20575 0.23025 0.25323 0.27547 0.29743 0.31954 0.34247 0.36728 0.39521 0.42749 0.4649 0.50781 0.55611 0.60919 0.66544 0.72198 0.77414 0.77606 0.76051 0.74531 0.73305 0.72451 0.71926 0.71667 0.71632 0.71803 0.72185 0.72798 0.73674 0.74852 0.7637 0.78266 0.80571 0.80488
0.10634 0.28661 0.51673 0.53571 0.44139 0.34003 0.30284 0.2861 0.27584 0.25347 0.22408 0.19965 0.18584 0.18235 0.18587 0.1923 0.1988 0.20381 0.2067 0.20769 0.20807 0.21028 0.21774 0.23386 0.26092 0.2994 0.34848 0.40663 0.47207 0.54239 0.61427 0.68286 0.70578 0.71 0.71201 0.71501 0.72047 0.72855 0.73903 0.75171 0.7665 0.78342 0.80253 0.82395 0.84781 0.87421 0.90327 0.93504 0.93678
0.35291 0.19795 0.29192 0.57343 0.72891 0.63767 0.53579 0.3882 0.28954 0.24591 0.23266 0.2261 0.21611 0.20381 0.19269 0.1832 0.17405 0.16355 0.1503 0.1335 0.11297 0.089141 0.063225 0.04081 0.045348 0.083431 0.13784 0.20334 0.27756 0.35763 0.4397 0.51867 0.55977 0.58152 0.5978 0.61256 0.62824 0.6459 0.66602 0.6889 0.71469 0.74348 0.77529 0.81005 0.84763 0.88784 0.93049 0.97531 0.9875
0.33136 0.23589 0.80002 0.97799 0.97842 0.80853 0.58945 0.2978 0.15773 0.15498 0.17556 0.18567 0.1866 0.1827 0.1767 0.16868 0.15821 0.14519 0.13013 0.11419 0.099183 0.087005 0.07865 0.073813 0.072846 0.079924 0.10159 0.1399 0.19174 0.25228 0.31649 0.37912 0.41372 0.43348 0.4492 0.46458 0.4822 0.50346 0.52914 0.55964 0.5951 0.6354 0.68023 0.72918 0.78172 0.83729 0.89533 0.95526 0.98219
0.26636 0.30936 0.39375 0.39396 0.46258 0.49973 0.52413 0.39577 0.25798 0.17071 0.13555 0.13603 0.14714 0.1546 0.15484 0.14765 0.13384 0.11456 0.091132 0.065364 0.041167 0.031259 0.046548 0.070459 0.094342 0.11673 0.13854 0.16157 0.18716 0.21517 0.24393 0.27093 0.27945 0.28135 0.2849 0.29324 0.30854 0.33191 0.3636 0.40329 0.45026 0.50366 0.56258 0.62612 0.69342 0.7637 0.83619 0.91018 0.95172
0.64657 0.55443 0.49277 0.34561 0.22924 0.23706 0.30639 0.27731 0.19269 0.12492 0.12208 0.15055 0.17034 0.17575 0.17093 0.1592 0.14254 0.12237 0.099943 0.077064 0.057581 0.050017 0.060716 0.082219 0.1061 0.12814 0.14628 0.15963 0.16791 0.1709 0.16812 0.15909 0.13742 0.11567 0.1038 0.1094 0.13382 0.1724 0.2207 0.27621 0.33756 0.40389 0.47451 0.54885 0.62631 0.70631 0.78824 0.87147 0.9231
0.10617 0.33435 0.39323 0.25964 0.16493 0.31875 0.4987 0.52947 0.47835 0.40995 0.34793 0.30039 0.26352 0.23334 0.20818 0.18633 0.16675 0.14916 0.13374 0.12112 0.11256 0.10982 0.11424 0.12537 0.14066 0.15663 0.17008 0.17873 0.1814 0.17759 0.16729 0.1509 0.1237 0.098964 0.087128 0.095512 0.12253 0.16183 0.20939 0.26343 0.32306 0.38778 0.45715 0.53073 0.60807 0.68865 0.77189 0.85717 0.91191
0.4876 0.49236 0.35033 0.040109 0.33076 0.54686 0.70267 0.67007 0.58326 0.50107 0.42673 0.36096 0.30325 0.25524 0.21796 0.18979 0.16913 0.1551 0.14718 0.14492 0.14783 0.15556 0.16792 0.1845 0.20421 0.22518 0.24529 0.2628 0.27683 0.28721 0.29425 0.29832 0.28518 0.27066 0.26259 0.26259 0.27147 0.28939 0.31617 0.35141 0.39458 0.44508 0.50234 0.56574 0.63469 0.70852 0.78657 0.86807 0.92007
0.20111 0.23227 0.32635 0.42782 0.40143 0.34174 0.38745 0.40423 0.39431 0.37482 0.34468 0.30453 0.25828 0.21339 0.17563 0.14675 0.12784 0.12036 0.1248 0.13941 0.16107 0.18709 0.21575 0.24598 0.27684 0.30723 0.33597 0.36217 0.38544 0.40578 0.42319 0.43723 0.42518 0.40821 0.39673 0.39224 0.39527 0.40576 0.42361 0.44876 0.48117 0.52077 0.56742 0.62086 0.68072 0.74654 0.81771 0.89351 0.94024
0.5717 0.52353 0.50967 0.39401 0.25363 0.12588 0.09698 0.13975 0.19643 0.23388 0.24103 0.2228 0.1886 0.1485 0.10899 0.072416 0.043941 0.04478 0.076175 0.11699 0.16059 0.20456 0.24742 0.28816 0.32606 0.36059 0.39159 0.41939 0.44474 0.46835 0.49045 0.51017 0.50003 0.48352 0.47225 0.4676 0.46993 0.47899 0.49452 0.51642 0.54472 0.57952 0.62087 0.66878 0.72311 0.78359 0.84979 0.9211 0.96312
0.24643 0.17768 0.13503 0.18101 0.18186 0.13152 0.17559 0.21462 0.22185 0.22004 0.2105 0.19247 0.16717 0.13839 0.10933 0.081826 0.061759 0.063868 0.091616 0.13204 0.17687 0.22184 0.26419 0.3021 0.33474 0.36216 0.38552 0.40678 0.42829 0.45173 0.47738 0.50361 0.50154 0.49249 0.4874 0.48761 0.49364 0.50543 0.52286 0.54596 0.57481 0.60959 0.65041 0.69733 0.75029 0.80909 0.87341 0.94272 0.98205
0.10551 0.10596 0.15895 0.27686 0.41046 0.43098 0.41003 0.31702 0.24679 0.20772 0.18571 0.17253 0.16314 0.1552 0.14795 0.14155 0.1383 0.14214 0.15601 0.17932 0.20838 0.23855 0.26574 0.2872 0.30193 0.31087 0.3171 0.32525 0.33993 0.36361 0.39548 0.4317 0.44415 0.44839 0.45378 0.46211 0.47456 0.49166 0.51371 0.54096 0.57363 0.61186 0.65572 0.70521 0.7602 0.82046 0.88567 0.95535 0.99416
0.48953 0.43599 0.55146 0.54271 0.46594 0.34144 0.24231 0.14628 0.10743 0.097944 0.10234 0.11903 0.14034 0.15898 0.17294 0.18278 0.19039 0.19827 0.20848 0.22154 0.23595 0.24865 0.25612 0.25556 0.24588 0.22872 0.20962 0.19839 0.20555 0.23412 0.27767 0.32692 0.35584 0.37399 0.38984 0.40634 0.42568 0.44911 0.47731 0.51069 0.54941 0.59349 0.64282 0.69722 0.75643 0.82016 0.88804 0.95962 0.99945
0.35381 0.40142 0.44584 0.32995 0.27017 0.19991 0.12407 0.056311 0.040588 0.037516 0.063692 0.10649 0.14648 0.17779 0.2012 0.21852 0.23148 0.2417 0.25032 0.25759 0.26247 0.26277 0.25567 0.23851 0.20964 0.16907 0.11961 0.071084 0.062263 0.10977 0.16996 0.22821 0.26619 0.29168 0.31342 0.33555 0.36089 0.39092 0.4263 0.46716 0.51337 0.56462 0.62055 0.68082 0.74506 0.81291 0.88402 0.958 0.99947
0.19057 0.14183 0.147 0.057201 0.10947 0.12061 0.10564 0.11137 0.15055 0.1726 0.18397 0.19711 0.21331 0.22994 0.24593 0.26039 0.2728 0.283 0.29084 0.2958 0.29682 0.29219 0.27996 0.2584 0.22662 0.18521 0.13692 0.088365 0.058916 0.077783 0.12008 0.16348 0.19304 0.21509 0.23708 0.26264 0.29382 0.33125 0.37475 0.42379 0.47775 0.53604 0.59816 0.66369 0.73226 0.80357 0.87733 0.95322 0.99609
0.18823 0.24281 0.25998 0.11894 0.10199 0.2641 0.38942 0.38369 0.34676 0.32174 0.30601 0.29694 0.29224 0.29177 0.29607 0.30364 0.31259 0.32138 0.32871 0.33328 0.33367 0.32836 0.31592 0.29544 0.26688 0.23162 0.19289 0.15591 0.12735 0.11306 0.11353 0.12393 0.13381 0.14795 0.17027 0.20131 0.24038 0.28624 0.33769 0.39377 0.4537 0.51693 0.58303 0.65168 0.72264 0.7957 0.87066 0.94731 0.99076
0.53936 0.50148 0.59927 0.59172 0.60383 0.60625 0.62706 0.52591 0.43631 0.38978 0.36709 0.354 0.34344 0.33575 0.33347 0.33616 0.34214 0.34955 0.3565 0.36115 0.36163 0.35623 0.34356 0.32281 0.29404 0.25839 0.2184 0.17761 0.13992 0.10858 0.086018 0.075775 0.079655 0.10035 0.13323 0.17407 0.22079 0.27225 0.32765 0.3864 0.44806 0.51229 0.57884 0.64753 0.71824 0.79084 0.86522 0.94121 0.98421
0.10424 0.22175 0.56917 0.75007 0.69959 0.53888 0.42133 0.32016 0.31356 0.33619 0.35212 0.35788 0.35555 0.35052 0.34838 0.35042 0.35588 0.36324 0.37062 0.37591 0.37692 0.3716 0.3583 0.33597 0.30435 0.26417 0.2173 0.16648 0.11463 0.064077 0.017165 0.03441 0.077468 0.11755 0.15779 0.20013 0.24564 0.29462 0.34695 0.40238 0.46066 0.52156 0.58491 0.65059 0.71852 0.78861 0.86077 0.93484 0.97647
0.26905 0.41965 0.59498 0.54321 0.48873 0.37489 0.2061 0.10309 0.19925 0.27046 0.31024 0.33057 0.33815 0.33979 0.34197 0.34692 0.35459 0.36401 0.37354 0.38111 0.38438 0.38106 0.36926 0.3477 0.31596 0.27466 0.22581 0.17316 0.1231 0.08899 0.091782 0.12633 0.16303 0.19651 0.22946 0.26379 0.30099 0.34171 0.38607 0.43399 0.48528 0.53976 0.59729 0.65778 0.72114 0.78728 0.8561 0.92742 0.96716
0.12308 0.28193 0.27635 0.081897 0.36656 0.43487 0.41286 0.31259 0.26062 0.25895 0.27542 0.29296 0.30498 0.31272 0.32052 0.33025 0.34217 0.35569 0.36952 0.38177 0.39014 0.39236 0.38653 0.37147 0.34697 0.31423 0.27647 0.23965 0.2126 0.20467 0.21912 0.25 0.27398 0.29457 0.31601 0.33957 0.36641 0.39712 0.43187 0.47069 0.51349 0.5602 0.61073 0.66503 0.72303 0.78463 0.84968 0.91795 0.95571
0.58226 0.62707 0.66743 0.45741 0.32078 0.28059 0.29658 0.25449 0.22356 0.22097 0.2329 0.24928 0.26405 0.27663 0.28969 0.30456 0.32159 0.34048 0.36024 0.37919 0.39524 0.40628 0.41062 0.40729 0.39634 0.37915 0.35894 0.34086 0.33099 0.33388 0.35023 0.37634 0.38632 0.39202 0.4003 0.4121 0.42814 0.4487 0.47384 0.50357 0.53791 0.57686 0.62043 0.66862 0.72138 0.77859 0.84009 0.90556 0.9417
0.27338 0.454 0.60141 0.36739 0.12498 0.080962 0.08543 0.064678 0.11404 0.15397 0.18048 0.20167 0.21979 0.23613 0.2532 0.27236 0.29418 0.31858 0.3447 0.37104 0.39574 0.41696 0.4333 0.44391 0.44871 0.44854 0.44557 0.44316 0.4451 0.45404 0.47024 0.49112 0.48714 0.47775 0.47259 0.47255 0.47804 0.48895 0.50515 0.52659 0.55331 0.58538 0.62286 0.66579 0.71413 0.76776 0.82643 0.88977 0.92497
0.55542 0.41715 0.42055 0.32258 0.13207 0.1263 0.1436 0.09822 0.092478 0.11273 0.1351 0.15683 0.17654 0.19464 0.21371 0.2356 0.26112 0.29016 0.3218 0.35462 0.38706 0.41771 0.44547 0.46955 0.48949 0.50525 0.51763 0.52836 0.53965 0.55306 0.56868 0.58448 0.5678 0.54449 0.52675 0.51564 0.51136 0.51354 0.52188 0.53626 0.55668 0.58323 0.61601 0.65504 0.70026 0.75148 0.80841 0.87057 0.90571
0.21125 0.13758 0.33052 0.47294 0.39362 0.28209 0.21864 0.1359 0.092824 0.087555 0.10094 0.1198 0.13776 0.15465 0.17357 0.1967 0.22465 0.25686 0.29214 0.32925 0.36713 0.40497 0.44213 0.47783 0.51109 0.54087 0.56662 0.58861 0.60778 0.62489 0.63983 0.65093 0.62344 0.58818 0.55945 0.53858 0.52575 0.52045 0.52227 0.53105 0.54675 0.56946 0.59922 0.63601 0.67967 0.72993 0.78636 0.8484 0.88445
0.34857 0.45278 0.57885 0.56788 0.49175 0.32368 0.18551 0.0685 0.035181 0.056714 0.07613 0.091352 0.10398 0.11723 0.13497 0.15877 0.18812 0.22164 0.258 0.29642 0.33669 0.3789 0.42292 0.46795 0.51237 0.55406 0.59115 0.62261 0.64832 0.66834 0.68235 0.68897 0.65262 0.60761 0.56972 0.54066 0.52068 0.5093 0.5061 0.5109 0.52365 0.54437 0.57299 0.60934 0.65314 0.70392 0.76116 0.82415 0.86198
0.25407 0.28941 0.38239 0.5164 0.5225 0.35012 0.20292 0.08538 0.043582 0.05255 0.062562 0.067704 0.072519 0.082463 0.10043 0.12546 0.15519 0.18772 0.22213 0.25862 0.29822 0.34213 0.39074 0.44302 0.49653 0.54798 0.5943 0.63332 0.66401 0.68588 0.69839 0.7004 0.6568 0.60396 0.5586 0.52283 0.49708 0.481 0.4743 0.47683 0.48852 0.50923 0.53869 0.57649 0.6221 0.67486 0.73408 0.79894 0.83928
0.062279 0.21 0.3207 0.53736 0.50506 0.32428 0.2176 0.13222 0.083084 0.061767 0.050622 0.041836 0.040238 0.052235 0.074113 0.10053 0.12865 0.15727 0.18656 0.21816 0.25466 0.29845 0.35018 0.40819 0.46896 0.52809 0.58147 0.62603 0.66 0.68239 0.69251 0.68944 0.63961 0.58032 0.52874 0.48735 0.4569 0.43735 0.42862 0.43065 0.44328 0.46609 0.49844 0.53954 0.58852 0.64451 0.70666 0.77411 0.81739
0.88818 0.84977 0.86826 0.65269 0.39533 0.18408 0.15977 0.13763 0.097778 0.06474 0.038684 0.014647 0.011892 0.036727 0.061815 0.086189 0.10917 0.13068 0.15205 0.17657 0.20872 0.25189 0.30634 0.3692 0.4357 0.50052 0.55884 0.60695 0.64252 0.66411 0.67083 0.66197 0.60632 0.54126 0.48401 0.43749 0.40292 0.38074 0.37131 0.3747 0.39048 0.41767 0.45498 0.50107 0.55472 0.61486 0.68057 0.75097 0.79733
0.75763 0.92584 0.98698 0.67061 0.31017 0.033468 0.11847 0.14783 0.11998 0.084685 0.055869 0.03731 0.035213 0.047577 0.064369 0.080843 0.095123 0.10691 0.1183 0.13462 0.16272 0.20641 0.26421 0.33141 0.40221 0.47084 0.53218 0.58216 0.61795 0.63768 0.6402 0.62492 0.56338 0.49255 0.42943 0.37743 0.33846 0.31391 0.30495 0.31181 0.33334 0.36738 0.41161 0.46406 0.52322 0.58796 0.65741 0.73076 0.77999
0.30202 0.44899 0.78008 0.65579 0.37282 0.18441 0.1793 0.189 0.16325 0.12765 0.097602 0.077983 0.069092 0.069145 0.074301 0.080342 0.084219 0.084801 0.084674 0.092568 0.11914 0.16623 0.22842 0.29924 0.37277 0.44345 0.50626 0.55691 0.59213 0.60953 0.60761 0.58574 0.51817 0.44115 0.37128 0.31243 0.26751 0.23977 0.23228 0.24544 0.27604 0.31954 0.37223 0.43171 0.49651 0.56569 0.63854 0.71446 0.76604
0.3761 0.32932 0.55301 0.52766 0.32947 0.23717 0.26178 0.25273 0.21838 0.17874 0.14394 0.11814 0.10102 0.091183 0.086203 0.082411 0.076218 0.065293 0.051542 0.050842 0.082395 0.13655 0.20294 0.27573 0.35009 0.42125 0.48446 0.53525 0.56985 0.58527 0.57956 0.55186 0.47861 0.39525 0.31772 0.24987 0.19551 0.16138 0.15627 0.1806 0.22461 0.27958 0.34107 0.40711 0.47677 0.54953 0.625 0.70275 0.7559
0.025583 0.21451 0.41825 0.3401 0.073733 0.20909 0.32841 0.31842 0.27312 0.2279 0.18801 0.15591 0.13124 0.1132 0.10006 0.088425 0.074509 0.054795 0.026686 0.014914 0.063572 0.12311 0.19031 0.2622 0.33533 0.4057 0.46879 0.51985 0.55453 0.56917 0.56129 0.52976 0.45232 0.36377 0.27923 0.20154 0.13304 0.082986 0.08162 0.12744 0.18819 0.25377 0.3221 0.3927 0.46549 0.54039 0.61729 0.69591 0.74968
0.26117 0.32613 0.45379 0.42846 0.28553 0.30388 0.39113 0.36864 0.31737 0.26997 0.22769 0.19161 0.16144 0.13726 0.11821 0.10149 0.083957 0.063276 0.041017 0.038362 0.07435 0.12789 0.19032 0.25811 0.32822 0.39703 0.46 0.51199 0.54796 0.56361 0.55596 0.52364 0.44474 0.35403 0.26642 0.18402 0.10664 0.033383 0.038848 0.10828 0.17752 0.24713 0.31768 0.38961 0.46317 0.53846 0.61543 0.69385 0.74724
0.36798 0.25374 0.50877 0.6089 0.50575 0.40689 0.42037 0.38955 0.34474 0.30234 0.2624 0.22595 0.19314 0.16516 0.14243 0.12315 0.10534 0.088487 0.076127 0.078387 0.10305 0.14573 0.19987 0.26145 0.32751 0.39454 0.45784 0.5117 0.5504 0.569 0.56414 0.53431 0.45708 0.36797 0.28284 0.20511 0.13791 0.091607 0.092409 0.13628 0.19545 0.26 0.3275 0.39733 0.46929 0.54323 0.61895 0.69614 0.74821
0.46705 0.37076 0.6175 0.63017 0.48022 0.35509 0.3748 0.37681 0.35398 0.32423 0.29198 0.25926 0.22682 0.19726 0.17261 0.15224 0.13513 0.12148 0.11385 0.11722 0.13571 0.16909 0.21453 0.2694 0.33134 0.39701 0.46138 0.51814 0.56086 0.58407 0.58409 0.55935 0.48608 0.40108 0.32159 0.25234 0.19779 0.16508 0.16229 0.18823 0.2328 0.28768 0.34871 0.41395 0.48246 0.55365 0.62704 0.70212 0.75207
0.57957 0.67064 0.68554 0.50416 0.2763 0.15716 0.2795 0.3442 0.34887 0.33655 0.31668 0.29138 0.26197 0.23263 0.20716 0.18611 0.16921 0.15679 0.15042 0.15279 0.16645 0.19236 0.23017 0.2791 0.33776 0.40299 0.46938 0.52995 0.57764 0.60651 0.61266 0.59447 0.52612 0.44584 0.3721 0.30996 0.26315 0.23544 0.22982 0.24571 0.27877 0.32394 0.37744 0.43691 0.5009 0.56841 0.63867 0.71099 0.75819
0.59454 0.63365 0.60453 0.44214 0.23771 0.097177 0.23685 0.31416 0.33539 0.34189 0.33747 0.32215 0.29763 0.26968 0.24388 0.22197 0.20426 0.19116 0.18365 0.18339 0.19227 0.21188 0.24354 0.28808 0.34498 0.41112 0.48057 0.54566 0.59879 0.63372 0.64638 0.63508 0.57153 0.49541 0.4262 0.36885 0.32627 0.3004 0.29242 0.30192 0.3267 0.36371 0.4101 0.46365 0.52272 0.5861 0.6528 0.72193 0.76592
0.54199 0.29731 0.36383 0.40331 0.34075 0.24703 0.26233 0.29085 0.319 0.34457 0.35635 0.35172 0.33284 0.30674 0.28063 0.25731 0.23765 0.22218 0.21166 0.20736 0.21109 0.22519 0.2523 0.2945 0.35169 0.42035 0.49384 0.56389 0.6225 0.66327 0.6821 0.67721 0.61773 0.54481 0.47879 0.42449 0.38421 0.35894 0.34909 0.35423 0.37308 0.40367 0.44395 0.49201 0.54629 0.60546 0.6684 0.73413 0.77465
0.41827 0.11522 0.1242 0.28308 0.31868 0.26142 0.24499 0.26081 0.30638 0.3504 0.37595 0.38069 0.36696 0.34247 0.31564 0.29015 0.26738 0.24803 0.23288 0.22323 0.22132 0.23055 0.25493 0.29729 0.35715 0.43003 0.50842 0.58352 0.64721 0.69313 0.71726 0.7178 0.66144 0.59075 0.52688 0.47451 0.43557 0.41052 0.3993 0.40146 0.41606 0.44179 0.47708 0.52038 0.57025 0.62538 0.68461 0.74688 0.78382
0.22747 0.030192 0.10568 0.17844 0.21298 0.15525 0.15255 0.23351 0.30891 0.36496 0.39863 0.40974 0.3997 0.37597 0.34767 0.31911 0.29207 0.26746 0.24619 0.22991 0.22179 0.2269 0.25077 0.29623 0.36133 0.44 0.52379 0.60369 0.67169 0.72169 0.74991 0.75463 0.7004 0.63114 0.56871 0.51768 0.47969 0.45486 0.44283 0.44304 0.45473 0.47687 0.50826 0.54759 0.59358 0.645 0.70069 0.75957 0.79293
0.2011 0.091805 0.11228 0.13793 0.15414 0.069134 0.12432 0.25657 0.33621 0.39056 0.42546 0.43938 0.43103 0.40681 0.37606 0.34349 0.31109 0.27994 0.25112 0.22686 0.21187 0.21382 0.24005 0.29204 0.36486 0.45045 0.53973 0.62377 0.69497 0.74772 0.77861 0.78613 0.73311 0.6647 0.6033 0.55335 0.51629 0.49192 0.47965 0.47881 0.48865 0.50829 0.53674 0.57288 0.61558 0.66367 0.71607 0.77171 0.80159
0.066394 0.12238 0.11808 0.16633 0.23766 0.23784 0.2801 0.33692 0.38332 0.42462 0.45599 0.46981 0.46112 0.43501 0.40082 0.36333 0.32463 0.28579 0.24802 0.21424 0.19143 0.19162 0.22416 0.28641 0.36891 0.46187 0.55613 0.64324 0.71628 0.77026 0.80232 0.81126 0.75866 0.69069 0.63014 0.58129 0.54533 0.52182 0.50991 0.5088 0.51769 0.53576 0.56211 0.59578 0.63574 0.68094 0.73033 0.78292 0.80946
0.18562 0.092787 0.062913 0.24059 0.3616 0.39297 0.42744 0.42298 0.43376 0.46188 0.489 0.50107 0.49034 0.46106 0.42251 0.37942 0.33372 0.28633 0.23833 0.19313 0.1609 0.16154 0.20589 0.28185 0.37491 0.47479 0.57293 0.6617 0.73501 0.78864 0.82034 0.82934 0.77651 0.70878 0.6491 0.60153 0.56702 0.54483 0.5339 0.53324 0.54195 0.55922 0.58421 0.61604 0.65378 0.69647 0.74317 0.79292 0.8163
0.34286 0.24237 0.26459 0.35502 0.45619 0.4749 0.50157 0.47492 0.47354 0.49814 0.52351 0.53328 0.51924 0.48575 0.44222 0.39318 0.34024 0.28392 0.2248 0.16602 0.12123 0.1264 0.18986 0.2814 0.38429 0.48964 0.59002 0.67876 0.75066 0.80232 0.83219 0.84 0.78643 0.71887 0.66024 0.6143 0.58167 0.56134 0.55199 0.55242 0.56165 0.57879 0.60303 0.63356 0.66954 0.71011 0.75439 0.80151 0.82194
0.44711 0.38351 0.37138 0.4203 0.47195 0.4547 0.48248 0.48073 0.49895 0.53254 0.55939 0.56672 0.54849 0.51014 0.4614 0.40652 0.34668 0.28188 0.21187 0.13798 0.074135 0.093272 0.1824 0.28782 0.39804 0.50659 0.6072 0.69406 0.76284 0.81095 0.8376 0.8431 0.78841 0.72112 0.66384 0.61996 0.58974 0.57183 0.56464 0.56677 0.57709 0.59466 0.61868 0.64837 0.68299 0.72174 0.76386 0.80857 0.82624
0.24008 0.21186 0.26376 0.39421 0.38637 0.32907 0.38308 0.45477 0.51716 0.56749 0.59729 0.60183 0.57882 0.53537 0.48162 0.42152 0.35584 0.28415 0.20552 0.11916 0.026559 0.080386 0.18937 0.30279 0.41653 0.52552 0.62414 0.70724 0.77123 0.81432 0.83648 0.83868 0.78264 0.71581 0.66029 0.61898 0.59174 0.57683 0.57237 0.57673 0.58865 0.60712 0.63133 0.66057 0.69414 0.73136 0.77154 0.81402 0.82914
0.27846 0.15995 0.22222 0.33918 0.24628 0.12624 0.2636 0.43496 0.54177 0.60678 0.63807 0.63896 0.61085 0.56243 0.50427 0.44004 0.37021 0.29429 0.21175 0.12361 0.049131 0.10511 0.21252 0.32634 0.43942 0.54599 0.64043 0.71795 0.77561 0.81235 0.82889 0.82693 0.76942 0.70335 0.65007 0.61193 0.58827 0.57695 0.57574 0.58281 0.59674 0.61648 0.64122 0.67029 0.70308 0.73899 0.77743 0.81783 0.83059
0.37781 0.36036 0.37676 0.36016 0.23323 0.10316 0.26687 0.46378 0.58446 0.65322 0.68216 0.67824 0.64494 0.59201 0.53032 0.46334 0.39142 0.31445 0.23349 0.15498 0.1102 0.15375 0.24882 0.35714 0.46586 0.56739 0.65562 0.72594 0.77588 0.80508 0.81502 0.80817 0.74917 0.68424 0.63376 0.59942 0.57996 0.57279 0.57533 0.58551 0.60179 0.62309 0.64861 0.67774 0.70994 0.7447 0.78155 0.82001 0.83059
0.43075 0.55988 0.57119 0.44974 0.35174 0.30521 0.41184 0.54881 0.64769 0.70701 0.72916 0.71936 0.68104 0.62432 0.56018 0.4919 0.41988 0.34468 0.26922 0.2037 0.17528 0.21148 0.2936 0.39312 0.49469 0.58901 0.66931 0.731 0.77204 0.79269 0.79519 0.78283 0.72239 0.65904 0.61197 0.5821 0.56749 0.56502 0.57173 0.58534 0.60423 0.62729 0.65376 0.6831 0.71484 0.74859 0.78397 0.8206 0.82915
0.59028 0.66154 0.63047 0.44604 0.40695 0.44847 0.57626 0.66257 0.72464 0.76567 0.77777 0.76154 0.71872 0.65909 0.5936 0.52537 0.45489 0.38337 0.31504 0.26087 0.24141 0.27228 0.34288 0.43217 0.52473 0.61015 0.68115 0.73308 0.76425 0.7755 0.76984 0.75145 0.68965 0.62834 0.58534 0.56066 0.55155 0.55427 0.56552 0.58282 0.60448 0.62942 0.65694 0.68657 0.71795 0.75077 0.78477 0.81966 0.8263
0.65586 0.55189 0.47312 0.26044 0.37332 0.53444 0.71402 0.77651 0.80456 0.82501 0.82602 0.80362 0.75718 0.69567 0.62989 0.56281 0.49502 0.42816 0.36696 0.32156 0.3071 0.33342 0.39385 0.47247 0.55489 0.63026 0.69093 0.73225 0.7528 0.75397 0.73952 0.71462 0.65156 0.59279 0.55455 0.5358 0.53282 0.54121 0.55728 0.57842 0.60294 0.62981 0.65841 0.68836 0.71941 0.75135 0.78402 0.81723 0.8221
0.43283 0.39524 0.34831 0.047741 0.35156 0.58807 0.81609 0.8733 0.87752 0.8804 0.8716 0.84423 0.79537 0.73309 0.668 0.60295 0.53856 0.47664 0.42188 0.38299 0.37125 0.39332 0.44459 0.51262 0.58433 0.64894 0.6986 0.72871 0.73811 0.72866 0.70488 0.67301 0.60877 0.55301 0.5203 0.50825 0.51202 0.52646 0.54755 0.57261 0.6 0.62876 0.65841 0.68867 0.71938 0.75046 0.78182 0.8134 0.8166
0.093769 0.34711 0.4747 0.32422 0.41757 0.62978 0.88372 0.9444 0.93627 0.92777 0.91229 0.88194 0.83217 0.77029 0.70679 0.64444 0.58383 0.52677 0.47755 0.44347 0.43304 0.45101 0.49389 0.55162 0.61247 0.66595 0.70426 0.72285 0.72077 0.7003 0.6667 0.62737 0.56192 0.50967 0.48326 0.47875 0.48986 0.51066 0.53687 0.56582 0.59598 0.62656 0.65717 0.68767 0.71801 0.7482 0.77827 0.80825 0.80987
0.33335 0.39501 0.53974 0.44412 0.48526 0.6585 0.91923 0.98662 0.97661 0.96418 0.94624 0.91545 0.86652 0.80626 0.74517 0.68601 0.62937 0.57691 0.53242 0.50189 0.49188 0.50585 0.54096 0.58884 0.63895 0.68129 0.70819 0.71518 0.70148 0.66973 0.62584 0.5785 0.51168 0.46338 0.44417 0.44805 0.46703 0.4944 0.52571 0.55843 0.59121 0.62343 0.65488 0.68553 0.71543 0.7447 0.77347 0.80185 0.80196
0.42093 0.39176 0.41864 0.3735 0.48766 0.6633 0.9238 1 0.99707 0.98803 0.97219 0.94378 0.89753 0.8401 0.78217 0.72661 0.674 0.62585 0.5854 0.55755 0.5474 0.55748 0.58538 0.62394 0.66367 0.6951 0.71077 0.70633 0.6811 0.63792 0.58331 0.52727 0.45872 0.41479 0.40376 0.41693 0.44425 0.47825 0.51452 0.55078 0.58594 0.61962 0.65174 0.6824 0.71177 0.74007 0.7675 0.79429 0.79295
0.26147 0.28767 0.18909 0.20221 0.44139 0.64008 0.89878 0.98694 0.99845 0.99904 0.98957 0.96633 0.92457 0.87112 0.81702 0.76538 0.71684 0.67272 0.63577 0.60998 0.59936 0.60574 0.62696 0.65681 0.68667 0.70764 0.71252 0.69704 0.66055 0.60599 0.54026 0.47465 0.40371 0.3645 0.36282 0.38622 0.4222 0.46273 0.50368 0.54316 0.58043 0.6153 0.64789 0.67842 0.70715 0.7344 0.76046 0.78565 0.78292
0.22635 0.3127 0.24286 0.18143 0.3943 0.59336 0.84748 0.95193 0.98333 0.99807 0.99847 0.98288 0.94727 0.89884 0.84916 0.80171 0.75724 0.71693 0.68308 0.65895 0.64768 0.65059 0.66571 0.6875 0.70815 0.71929 0.71399 0.68807 0.64084 0.57514 0.498 0.42179 0.34731 0.31311 0.32222 0.3568 0.40156 0.44832 0.49353 0.53583 0.57484 0.61064 0.64348 0.6737 0.70168 0.72779 0.75244 0.776 0.77192
0.23836 0.40413 0.37703 0.26538 0.36055 0.52941 0.7761 0.90135 0.95549 0.98681 0.99955 0.99361 0.96554 0.92299 0.87822 0.83517 0.79476 0.75808 0.72706 0.70434 0.69239 0.69213 0.70171 0.71617 0.72837 0.73045 0.71578 0.68024 0.62302 0.54671 0.45807 0.37006 0.29023 0.26126 0.283 0.32961 0.38296 0.43541 0.48433 0.52897 0.56935 0.60576 0.63861 0.66835 0.69544 0.72034 0.74351 0.76543 0.76003
0.43619 0.41696 0.33027 0.24882 0.31621 0.45271 0.69432 0.84298 0.91923 0.96745 0.9939 0.99901 0.9795 0.94349 0.90401 0.86551 0.82914 0.79595 0.76757 0.74614 0.73358 0.73049 0.73513 0.74302 0.74762 0.74154 0.71844 0.67427 0.60808 0.52203 0.42223 0.3213 0.23329 0.20966 0.2465 0.30565 0.36698 0.42435 0.47629 0.52274 0.56406 0.60077 0.63339 0.66246 0.68853 0.71211 0.73376 0.75401 0.74731
0.51682 0.35557 0.16541 0.15098 0.24706 0.37011 0.61538 0.78488 0.87873 0.94235 0.9829 0.9998 0.98947 0.96043 0.92646 0.8926 0.86025 0.83045 0.80458 0.78438 0.77135 0.76583 0.76617 0.7683 0.76619 0.75293 0.72245 0.67082 0.59692 0.50241 0.39243 0.278 0.17763 0.15929 0.21447 0.28593 0.3541 0.41537 0.46957 0.51724 0.55907 0.59574 0.62788 0.65611 0.68102 0.7032 0.72326 0.74181 0.73384
0.56192 0.37046 0.15309 0.073947 0.16411 0.29901 0.55443 0.73361 0.83737 0.91382 0.96805 0.99685 0.99588 0.97396 0.94561 0.91641 0.88804 0.86153 0.83811 0.81918 0.80587 0.79834 0.79502 0.79219 0.78432 0.76491 0.7282 0.67039 0.59023 0.48896 0.37063 0.24364 0.12553 0.1121 0.18925 0.27138 0.34467 0.40863 0.46422 0.51252 0.55443 0.59074 0.62216 0.64936 0.67299 0.69367 0.71208 0.72889 0.71967
0.51186 0.36326 0.20908 0.06792 0.10741 0.27021 0.52226 0.69229 0.79741 0.88396 0.95088 0.99106 0.99921 0.98434 0.96157 0.93699 0.91251 0.88924 0.86823 0.85061 0.83726 0.82817 0.82184 0.81488 0.80219 0.77768 0.73593 0.67326 0.58845 0.48244 0.35846 0.22242 0.08347 0.07369 0.17351 0.26268 0.33888 0.40416 0.46029 0.50861 0.55016 0.5858 0.61627 0.64228 0.66449 0.68358 0.70028 0.71533 0.70486
0.35304 0.24746 0.15895 0.037917 0.15025 0.29822 0.51669 0.65963 0.76003 0.85461 0.93281 0.98333 0.99997 0.99185 0.97449 0.95441 0.93375 0.91363 0.895 0.8788 0.86565 0.85544 0.84676 0.83648 0.8199 0.79135 0.74572 0.67956 0.59172 0.48312 0.35675 0.21771 0.070297 0.061093 0.16931 0.26008 0.3367 0.40193 0.45773 0.5055 0.54628 0.58095 0.61026 0.6349 0.65558 0.673 0.68793 0.70117 0.68947
0.27305 0.15364 0.14556 0.12861 0.24598 0.35301 0.5221 0.63116 0.72578 0.82734 0.91507 0.97443 0.99864 0.99678 0.98456 0.96881 0.95182 0.93477 0.91853 0.90384 0.89116 0.88028 0.86986 0.85705 0.8375 0.80592 0.75754 0.68918 0.59988 0.49077 0.36522 0.22971 0.096429 0.084468 0.17665 0.26333 0.33794 0.40181 0.45647 0.50314 0.54279 0.57621 0.60415 0.62727 0.64631 0.66197 0.67509 0.68649 0.67357
0.18509 0.13889 0.27387 0.2637 0.334 0.3968 0.51956 0.60198 0.69523 0.8035 0.89866 0.965 0.99565 0.99939 0.99196 0.9803 0.96683 0.95277 0.9389 0.92582 0.91386 0.90273 0.89119 0.87659 0.85493 0.82129 0.77122 0.70185 0.6125 0.50469 0.38259 0.25504 0.13982 0.12338 0.19337 0.27173 0.34227 0.40361 0.4564 0.50149 0.53965 0.57159 0.59796 0.61944 0.63672 0.65056 0.6618 0.67134 0.65719
0.25861 0.26183 0.3912 0.36406 0.38485 0.40668 0.49575 0.56972 0.66949 0.78413 0.88426 0.95553 0.99133 0.99996 0.99687 0.98903 0.9789 0.96772 0.95619 0.94482 0.93382 0.92285 0.91074 0.89506 0.87211 0.83728 0.78649 0.71716 0.62896 0.52387 0.40698 0.28914 0.18742 0.1659 0.21642 0.2843 0.34923 0.40709 0.45739 0.50047 0.53685 0.56707 0.59173 0.61143 0.62688 0.63882 0.64813 0.65577 0.6404
0.56626 0.40459 0.43289 0.39673 0.38265 0.3727 0.44662 0.5364 0.65032 0.76991 0.87218 0.9463 0.98594 0.99869 0.99948 0.99513 0.98814 0.9797 0.97048 0.96091 0.95108 0.94065 0.9285 0.91239 0.88888 0.85368 0.80302 0.73464 0.64855 0.54719 0.43643 0.32821 0.23539 0.20865 0.24321 0.29998 0.35835 0.412 0.4593 0.50002 0.53435 0.56267 0.58546 0.60328 0.6168 0.62678 0.63412 0.63983 0.62323
0.67133 0.4131 0.38655 0.36149 0.32647 0.2948 0.37913 0.50887 0.63967 0.76101 0.86244 0.93743 0.97969 0.99577 0.99993 0.99875 0.99466 0.98882 0.98187 0.97414 0.96569 0.95613 0.94442 0.92847 0.90507 0.87023 0.82044 0.75375 0.6705 0.57352 0.4692 0.36968 0.28241 0.25049 0.2719 0.31784 0.36913 0.41807 0.46198 0.50004 0.53211 0.55836 0.57916 0.59501 0.60653 0.6145 0.61983 0.62358 0.60575
0.57304 0.30485 0.28843 0.28732 0.23188 0.18089 0.3154 0.49679 0.63876 0.75698 0.85473 0.9289 0.97268 0.99136 0.99838 1 0.99857 0.99518 0.99042 0.98459 0.97767 0.96928 0.95844 0.94318 0.9205 0.88664 0.83837 0.77398 0.69409 0.60185 0.50387 0.41189 0.3279 0.29093 0.30127 0.33707 0.38114 0.42505 0.46529 0.50046 0.53009 0.55415 0.57286 0.58665 0.59612 0.60202 0.60531 0.60706 0.588
0.4571 0.18818 0.20111 0.22436 0.14234 0.05487 0.29571 0.50761 0.64722 0.75678 0.84851 0.92059 0.96498 0.98558 0.99495 0.99904 0.99999 0.99888 0.99622 0.99229 0.98705 0.9801 0.9705 0.9564 0.93497 0.90265 0.85642 0.79481 0.71866 0.6313 0.53935 0.45381 0.37158 0.32972 0.33057 0.35704 0.39397 0.43272 0.46909 0.50122 0.52827 0.55002 0.56656 0.57823 0.58559 0.58939 0.59059 0.59033 0.57001
0.30675 0.090809 0.1612 0.21919 0.15937 0.12764 0.34686 0.5413 0.66276 0.75891 0.84312 0.91231 0.9566 0.97851 0.98979 0.99596 0.99904 1 0.99936 0.99733 0.99386 0.98857 0.98055 0.96803 0.94831 0.91801 0.87427 0.81581 0.74363 0.66115 0.57483 0.49476 0.41327 0.36676 0.35931 0.37726 0.40731 0.44086 0.47327 0.50223 0.52661 0.54598 0.56028 0.56978 0.57499 0.57665 0.57572 0.57342 0.55184
0.20919 0.050318 0.17011 0.25833 0.26188 0.27655 0.44491 0.58996 0.68171 0.76163 0.83788 0.90385 0.94755 0.97026 0.98299 0.99091 0.99584 0.99869 0.99992 0.99975 0.99814 0.9947 0.98854 0.97796 0.96036 0.93247 0.89159 0.83656 0.7685 0.69083 0.60972 0.53432 0.45291 0.40197 0.38719 0.39739 0.42088 0.44929 0.47771 0.50344 0.52509 0.54201 0.55403 0.56133 0.56435 0.56383 0.56076 0.55639 0.53353
0.16633 0.12983 0.21732 0.29915 0.36908 0.41648 0.55433 0.64236 0.69983 0.7633 0.83217 0.89502 0.9378 0.96088 0.97466 0.98399 0.9905 0.99503 0.998 0.99966 0.99994 0.99849 0.99443 0.98611 0.97097 0.94584 0.90811 0.85674 0.79287 0.71988 0.64358 0.57222 0.49046 0.43534 0.414 0.41717 0.43447 0.45789 0.48232 0.5048 0.52368 0.53813 0.54783 0.55289 0.55371 0.55099 0.54575 0.53927 0.51511
0.019142 0.19927 0.25731 0.32244 0.46176 0.53648 0.65274 0.68811 0.71321 0.76251 0.8255 0.88567 0.92736 0.95044 0.96491 0.97532 0.98315 0.98914 0.99371 0.99711 0.99932 0.99998 0.99822 0.99241 0.98003 0.95794 0.92362 0.87605 0.81642 0.74795 0.67613 0.60829 0.52591 0.46687 0.43965 0.4364 0.44791 0.46651 0.48703 0.50627 0.52237 0.53432 0.5417 0.54451 0.5431 0.53817 0.53073 0.52212 0.49662
0.23414 0.25469 0.23979 0.33274 0.5381 0.62996 0.72735 0.7194 0.71889 0.75835 0.81759 0.87568 0.9162 0.93899 0.95382 0.96503 0.97391 0.98114 0.98715 0.99222 0.99635 0.9992 0.99991 0.99683 0.98745 0.96865 0.93792 0.89428 0.83888 0.7748 0.70713 0.64243 0.55929 0.49661 0.46407 0.45498 0.46108 0.47507 0.49177 0.50781 0.52114 0.53061 0.53566 0.53621 0.53257 0.5254 0.51574 0.50497 0.47811
0.38342 0.25896 0.142 0.35353 0.59933 0.69264 0.77081 0.73128 0.7151 0.75042 0.80832 0.86502 0.90434 0.92658 0.9415 0.95322 0.96291 0.97117 0.97845 0.98508 0.9911 0.9962 0.99952 0.99935 0.99318 0.97786 0.95088 0.91125 0.86006 0.80024 0.73647 0.6746 0.59064 0.52459 0.48723 0.47282 0.47388 0.4835 0.4965 0.5094 0.52 0.52699 0.52972 0.52802 0.52214 0.51274 0.50084 0.48788 0.45962
0.39915 0.22384 0.072448 0.40672 0.64452 0.72202 0.77957 0.72143 0.7014 0.73885 0.79779 0.85368 0.89177 0.91328 0.92804 0.94002 0.95027 0.95935 0.96773 0.9758 0.98368 0.99107 0.99708 0.99998 0.99718 0.9855 0.9624 0.92683 0.87983 0.82414 0.76405 0.70479 0.62002 0.55086 0.50913 0.48988 0.48627 0.49174 0.50118 0.51102 0.51893 0.52348 0.52391 0.51997 0.51187 0.50022 0.48607 0.47089 0.44118
0.43617 0.30543 0.27136 0.48462 0.66969 0.71739 0.75298 0.68984 0.67862 0.72427 0.7862 0.8417 0.87853 0.89915 0.91353 0.92554 0.93612 0.9458 0.95511 0.96451 0.97419 0.98387 0.99266 0.99874 0.99944 0.99153 0.9724 0.94094 0.8981 0.84641 0.78984 0.73302 0.64749 0.57549 0.52981 0.50613 0.4982 0.49976 0.50579 0.51266 0.51794 0.52009 0.51825 0.5121 0.50179 0.4879 0.47148 0.45405 0.42284
0.58603 0.49343 0.47529 0.5586 0.67025 0.68012 0.6928 0.63862 0.64874 0.70767 0.77387 0.82914 0.86466 0.88424 0.89807 0.9099 0.92059 0.93067 0.94073 0.95133 0.96274 0.97471 0.98632 0.99567 0.99999 0.99594 0.98084 0.95352 0.91479 0.86702 0.81382 0.75932 0.67312 0.59855 0.54929 0.52157 0.50964 0.50754 0.51031 0.51432 0.51705 0.51685 0.51278 0.50444 0.49194 0.47582 0.45712 0.4374 0.40464
0.72458 0.65027 0.62492 0.60414 0.64448 0.614 0.60274 0.57178 0.61476 0.69029 0.76113 0.8161 0.85019 0.86863 0.88175 0.89322 0.90381 0.9141 0.92473 0.93639 0.94944 0.96369 0.97815 0.99083 0.99884 0.99874 0.98772 0.96454 0.92989 0.88596 0.83602 0.78375 0.69699 0.62012 0.56762 0.53622 0.5206 0.51506 0.51474 0.516 0.51625 0.51376 0.50751 0.49703 0.48236 0.46402 0.44303 0.42099 0.38661
0.74981 0.71889 0.69805 0.61205 0.59625 0.52578 0.48793 0.49542 0.58041 0.67338 0.74832 0.80263 0.83517 0.85239 0.86468 0.8756 0.88592 0.8962 0.90724 0.91982 0.93444 0.95092 0.96824 0.9843 0.99606 0.99994 0.99304 0.974 0.9434 0.90322 0.85647 0.80638 0.71919 0.64026 0.58484 0.5501 0.53108 0.52232 0.51907 0.5177 0.51555 0.51084 0.50246 0.48989 0.47309 0.45255 0.42927 0.40488 0.36882
0.64822 0.70462 0.69997 0.58861 0.53615 0.42619 0.35446 0.41838 0.54979 0.65811 0.73569 0.7888 0.81966 0.83558 0.84693 0.85717 0.86702 0.87713 0.8884 0.90177 0.91785 0.93652 0.9567 0.97616 0.9917 0.9996 0.99684 0.98193 0.95533 0.91885 0.87522 0.82728 0.7398 0.65906 0.60102 0.56324 0.54109 0.52933 0.52332 0.51943 0.51498 0.50812 0.49768 0.48306 0.46417 0.44146 0.4159 0.38913 0.3513
0.49594 0.64246 0.65322 0.54984 0.48053 0.33284 0.20888 0.3535 0.52675 0.64532 0.72342 0.77468 0.8037 0.81828 0.82862 0.83804 0.84726 0.85701 0.86834 0.88236 0.8998 0.92061 0.94363 0.9665 0.98584 0.99777 0.99914 0.98834 0.96572 0.93289 0.89232 0.84652 0.75891 0.67659 0.61622 0.57568 0.55065 0.5361 0.52748 0.5212 0.51455 0.50562 0.49318 0.47657 0.45565 0.4308 0.40297 0.37379 0.3341
0.39646 0.5634 0.58069 0.51217 0.44708 0.27546 0.057745 0.31745 0.51401 0.63543 0.71156 0.76028 0.78735 0.80058 0.80984 0.81831 0.82675 0.83597 0.8472 0.86173 0.88044 0.90332 0.92916 0.95542 0.97856 0.99452 1 0.99329 0.9746 0.94538 0.90785 0.86419 0.77659 0.69293 0.63048 0.58745 0.55979 0.54264 0.53157 0.52303 0.51427 0.50335 0.48899 0.47046 0.44756 0.42062 0.39053 0.35893 0.31729
0.38398 0.47633 0.49346 0.48359 0.44553 0.28458 0.094308 0.32252 0.51245 0.62843 0.70008 0.74562 0.77068 0.78255 0.79067 0.7981 0.8056 0.81414 0.82511 0.84001 0.85988 0.88477 0.91339 0.94303 0.96995 0.98992 0.9995 0.99684 0.98204 0.95638 0.92187 0.88038 0.79294 0.70816 0.64387 0.5986 0.56853 0.54897 0.53561 0.52492 0.51416 0.50134 0.48513 0.46475 0.43994 0.41096 0.37865 0.34461 0.30093
0.38459 0.37414 0.39276 0.46208 0.47103 0.35032 0.23863 0.36392 0.52083 0.62388 0.68883 0.73072 0.75373 0.76427 0.77122 0.7775 0.78394 0.79164 0.8022 0.81734 0.83827 0.8651 0.89645 0.92944 0.96011 0.98406 0.99769 0.99904 0.98809 0.96597 0.93445 0.89515 0.80803 0.72234 0.65646 0.60917 0.5769 0.55512 0.53961 0.5269 0.51423 0.49961 0.48163 0.45948 0.43283 0.40187 0.36738 0.3309 0.2851
0.34764 0.25546 0.28296 0.44224 0.51024 0.4386 0.37299 0.42522 0.53635 0.62099 0.67763 0.71557 0.73657 0.74581 0.75156 0.75661 0.76186 0.76859 0.7786 0.79385 0.81573 0.84442 0.87845 0.91475 0.94913 0.97701 0.99464 0.99997 0.99282 0.9742 0.94568 0.9086 0.82195 0.73555 0.66828 0.6192 0.58493 0.5611 0.54359 0.52897 0.5145 0.49816 0.47851 0.45467 0.42626 0.3934 0.35679 0.31788 0.26986
0.31126 0.15915 0.18611 0.42226 0.55151 0.52776 0.49334 0.49195 0.55556 0.61885 0.66625 0.70017 0.71927 0.72727 0.7318 0.73553 0.73948 0.7451 0.75442 0.76965 0.79239 0.82287 0.85952 0.89907 0.93711 0.96886 0.99044 0.99968 0.99631 0.98116 0.95562 0.9208 0.83477 0.74785 0.67941 0.62873 0.59264 0.56693 0.54756 0.53115 0.51499 0.49703 0.47579 0.45035 0.42027 0.3856 0.34693 0.30563 0.25532
0.35021 0.18049 0.15076 0.40534 0.58866 0.60798 0.59706 0.55514 0.57513 0.6165 0.65447 0.68453 0.70189 0.70871 0.712 0.71435 0.7169 0.72127 0.72977 0.74486 0.76836 0.80055 0.83977 0.88251 0.92415 0.9597 0.98517 0.99827 0.99861 0.98691 0.96436 0.93183 0.84656 0.75931 0.68988 0.6378 0.60008 0.57263 0.55154 0.53346 0.51571 0.49622 0.47349 0.44654 0.41489 0.3785 0.33787 0.29424 0.24158
0.44764 0.25506 0.18176 0.39662 0.61976 0.67502 0.68249 0.60972 0.59233 0.61304 0.6421 0.66866 0.6845 0.69021 0.69225 0.69316 0.6942 0.69722 0.70476 0.7196 0.74375 0.77759 0.81931 0.86518 0.91034 0.94962 0.9789 0.99578 0.9998 0.99152 0.97196 0.94177 0.8574 0.76999 0.69976 0.64645 0.60726 0.57823 0.55554 0.53591 0.51667 0.49574 0.47161 0.44326 0.41014 0.37214 0.32967 0.28379 0.22875
0.51168 0.28219 0.21591 0.39915 0.64505 0.72725 0.74883 0.65291 0.60513 0.60777 0.62898 0.65261 0.66716 0.67185 0.67263 0.67203 0.67148 0.67303 0.6795 0.69396 0.71869 0.7541 0.79825 0.84718 0.89578 0.9387 0.9717 0.99231 0.99995 0.99506 0.9785 0.95068 0.86734 0.77995 0.70909 0.65472 0.61421 0.58374 0.55958 0.53851 0.51787 0.49561 0.47018 0.44053 0.40605 0.36656 0.32236 0.27436 0.21696
0.4852 0.23569 0.22835 0.41216 0.66526 0.76437 0.79598 0.68336 0.61221 0.60015 0.61504 0.63641 0.64995 0.65369 0.6532 0.65105 0.64882 0.6488 0.65408 0.66807 0.69327 0.73017 0.7767 0.82861 0.88056 0.92703 0.96367 0.98792 0.99912 0.9976 0.98403 0.95864 0.87646 0.78923 0.7179 0.66263 0.62095 0.58918 0.56367 0.54126 0.51934 0.49583 0.4692 0.43834 0.40262 0.36179 0.31602 0.26605 0.20635
0.39463 0.12901 0.22921 0.43222 0.6807 0.78673 0.82448 0.70067 0.6128 0.58987 0.60025 0.62013 0.63295 0.6358 0.63403 0.63028 0.6263 0.62461 0.6286 0.64199 0.66759 0.70593 0.75475 0.80957 0.86476 0.91468 0.95486 0.98268 0.99739 0.9992 0.98864 0.96571 0.88481 0.7979 0.72625 0.67022 0.62752 0.59457 0.56782 0.54418 0.52106 0.49641 0.46867 0.43673 0.39989 0.35784 0.31066 0.25892 0.19708
0.35077 0.060046 0.24047 0.45528 0.69099 0.79508 0.83534 0.70506 0.60665 0.57681 0.58464 0.60386 0.61621 0.61824 0.61517 0.60979 0.604 0.60054 0.60313 0.61584 0.64175 0.68145 0.73251 0.79014 0.84849 0.90173 0.94535 0.97665 0.99481 0.99994 0.99238 0.97195 0.89245 0.80599 0.73417 0.67752 0.63392 0.59991 0.57204 0.54727 0.52306 0.49736 0.46861 0.43568 0.39784 0.35473 0.30634 0.25305 0.18928
0.40373 0.17165 0.27097 0.47783 0.69527 0.79038 0.82996 0.6972 0.59384 0.561 0.56832 0.58767 0.5998 0.60106 0.5967 0.58964 0.58198 0.57668 0.57775 0.58968 0.61582 0.65683 0.71006 0.77042 0.8318 0.88826 0.93521 0.9699 0.99146 0.99986 0.99531 0.97741 0.89942 0.81355 0.74169 0.68456 0.64018 0.60524 0.57635 0.55055 0.52532 0.49867 0.46901 0.4352 0.39649 0.35247 0.30306 0.2485 0.1831
0.45761 0.2637 0.30849 0.4971 0.69257 0.7738 0.81004 0.67808 0.57474 0.54266 0.55143 0.57167 0.5838 0.58432 0.57865 0.56989 0.56031 0.55308 0.55255 0.5636 0.5899 0.63215 0.68749 0.75048 0.81479 0.87434 0.9245 0.9625 0.98738 0.99903 0.99748 0.98216 0.90578 0.82063 0.74885 0.69136 0.64632 0.61054 0.58073 0.554 0.52786 0.50034 0.46986 0.43529 0.39584 0.35107 0.30084 0.24529 0.17864
0.4483 0.29901 0.33742 0.51116 0.68216 0.74669 0.77747 0.64893 0.54993 0.52211 0.53417 0.55597 0.56826 0.56806 0.56107 0.55059 0.53904 0.52982 0.52759 0.53766 0.56405 0.6075 0.66487 0.7304 0.79752 0.86004 0.91329 0.95449 0.98263 0.99749 0.99896 0.98624 0.91156 0.82725 0.75567 0.69794 0.65236 0.61585 0.58521 0.55763 0.53067 0.50236 0.47117 0.43593 0.39586 0.3505 0.29967 0.24345 0.17597
0.37158 0.27632 0.35087 0.51882 0.66379 0.7106 0.7343 0.61106 0.52011 0.49976 0.51676 0.54067 0.55323 0.55232 0.54401 0.53178 0.51824 0.50695 0.50293 0.51193 0.53835 0.58294 0.64228 0.71026 0.78006 0.84541 0.90164 0.94594 0.97727 0.99531 0.99978 0.98971 0.91682 0.83345 0.76219 0.70432 0.65829 0.62115 0.58979 0.56144 0.53374 0.50474 0.47291 0.43711 0.39655 0.35076 0.29954 0.24295 0.17513
0.25319 0.20953 0.35136 0.51964 0.63787 0.66733 0.68265 0.56585 0.48611 0.4761 0.49945 0.52586 0.53877 0.53714 0.52749 0.51352 0.49795 0.48454 0.47863 0.48647 0.51285 0.55855 0.6198 0.69012 0.76247 0.83052 0.88959 0.9369 0.97135 0.99253 1 0.9926 0.92159 0.83926 0.76842 0.71051 0.66415 0.62646 0.59446 0.56544 0.53707 0.50746 0.47509 0.43883 0.3979 0.35182 0.30042 0.24378 0.17606
0.14217 0.12086 0.34718 0.51378 0.6054 0.61885 0.62469 0.51469 0.4488 0.45171 0.48248 0.51165 0.5249 0.52254 0.51156 0.49584 0.47823 0.46263 0.45475 0.46134 0.48762 0.53438 0.59749 0.67005 0.74481 0.81541 0.87721 0.92742 0.96492 0.98919 0.99966 0.99495 0.92591 0.84472 0.7744 0.71655 0.66993 0.63179 0.59923 0.56961 0.54066 0.51052 0.47769 0.44107 0.39987 0.35365 0.30227 0.24586 0.17869
0.11478 0.052778 0.3472 0.50186 0.56795 0.56734 0.5626 0.45891 0.40913 0.42717 0.46611 0.49812 0.51168 0.50855 0.49623 0.47877 0.45911 0.44128 0.43134 0.43658 0.46271 0.5105 0.5754 0.65009 0.72714 0.80015 0.86453 0.91753 0.95801 0.98535 0.99881 0.99681 0.9298 0.84984 0.78013 0.72243 0.67564 0.63714 0.60409 0.57395 0.54449 0.5139 0.48069 0.44379 0.40244 0.35622 0.30503 0.24913 0.18287
0.14349 0.10111 0.35604 0.48478 0.52748 0.5151 0.49859 0.39978 0.36808 0.40312 0.45058 0.48535 0.49912 0.49518 0.48153 0.46235 0.44063 0.42054 0.40844 0.41224 0.43817 0.48696 0.55359 0.63031 0.7095 0.78478 0.85161 0.9073 0.95068 0.98104 0.99747 0.99821 0.9333 0.85466 0.78564 0.72818 0.6813 0.64251 0.60905 0.57846 0.54857 0.51758 0.48408 0.44699 0.40559 0.35949 0.30867 0.25349 0.18845
0.15193 0.17765 0.37241 0.46357 0.4861 0.46448 0.43495 0.33844 0.32675 0.38021 0.43612 0.47339 0.48723 0.48245 0.46748 0.44661 0.42284 0.40044 0.3861 0.38836 0.41403 0.4638 0.53211 0.61076 0.69194 0.76933 0.83848 0.89675 0.94295 0.97629 0.9957 0.99919 0.93644 0.85919 0.79095 0.73379 0.68691 0.6479 0.61411 0.58313 0.55286 0.52157 0.48784 0.45064 0.40928 0.36342 0.3131 0.25885 0.19524
0.15418 0.24655 0.39159 0.43923 0.44588 0.4178 0.37414 0.27595 0.28636 0.35909 0.42291 0.4623 0.47603 0.47036 0.45408 0.43155 0.40576 0.38103 0.36436 0.36498 0.39034 0.44108 0.51102 0.59147 0.67451 0.75385 0.82518 0.88592 0.93488 0.97115 0.99351 0.99978 0.93924 0.86346 0.79606 0.73929 0.69247 0.65331 0.61925 0.58795 0.55738 0.52583 0.49194 0.45471 0.41348 0.36795 0.31827 0.26511 0.20306
0.19533 0.30633 0.40849 0.41251 0.40851 0.37718 0.31902 0.21326 0.24842 0.34039 0.4111 0.45209 0.46553 0.45892 0.44135 0.41721 0.38943 0.36235 0.34325 0.34212 0.36714 0.41884 0.49035 0.57249 0.65723 0.73838 0.81175 0.87486 0.92649 0.96565 0.99096 1 0.94173 0.86748 0.80099 0.74468 0.69799 0.65874 0.62448 0.59292 0.5621 0.53036 0.49637 0.45918 0.41815 0.37305 0.32411 0.27216 0.21176
0.27156 0.3578 0.41914 0.38377 0.3751 0.34434 0.27301 0.15124 0.21486 0.32467 0.40082 0.44277 0.45571 0.44812 0.4293 0.40359 0.37387 0.34443 0.32283 0.31982 0.34445 0.39711 0.47014 0.55386 0.64014 0.72295 0.79822 0.86358 0.91781 0.95982 0.98805 0.99988 0.94393 0.87127 0.80576 0.74996 0.70347 0.6642 0.62978 0.59803 0.56701 0.53514 0.50111 0.46401 0.42326 0.37867 0.33055 0.2799 0.22117
0.34882 0.40076 0.42073 0.35287 0.34601 0.32029 0.24012 0.090952 0.18822 0.31238 0.39212 0.43436 0.44656 0.43796 0.41791 0.39072 0.35911 0.32731 0.30311 0.29811 0.3223 0.37593 0.45043 0.5356 0.62328 0.70758 0.78463 0.85213 0.90888 0.9537 0.98483 0.99946 0.94587 0.87484 0.81037 0.75515 0.7089 0.66967 0.63516 0.60326 0.57211 0.54015 0.50614 0.46919 0.42877 0.38475 0.33754 0.28823 0.23116
0.40576 0.43388 0.41133 0.31927 0.32096 0.30507 0.22387 0.035737 0.17136 0.3038 0.38501 0.42681 0.43807 0.42842 0.4072 0.37858 0.34515 0.31103 0.28414 0.277 0.30072 0.35533 0.43124 0.51774 0.60666 0.6923 0.77098 0.84053 0.89973 0.9473 0.98132 0.99874 0.94755 0.87822 0.81484 0.76025 0.71431 0.67516 0.64061 0.60861 0.57737 0.54537 0.51143 0.47469 0.43465 0.39127 0.345 0.29708 0.24162
0.43757 0.45562 0.38996 0.28232 0.29919 0.29773 0.22507 0.036041 0.16649 0.29903 0.37947 0.42011 0.43021 0.41949 0.39714 0.36719 0.33203 0.2956 0.26596 0.25653 0.27972 0.33534 0.41262 0.50032 0.59032 0.67714 0.75732 0.8288 0.89037 0.94065 0.97754 0.99776 0.94899 0.88141 0.81917 0.76526 0.71967 0.68066 0.64612 0.61407 0.58278 0.5508 0.51697 0.48047 0.44087 0.39816 0.35288 0.30636 0.25244
0.45234 0.46539 0.357 0.24163 0.27986 0.29664 0.24068 0.087108 0.17351 0.29789 0.37541 0.41421 0.42296 0.41115 0.38774 0.35654 0.31975 0.28107 0.24859 0.2367 0.25933 0.31598 0.39457 0.48334 0.57427 0.66212 0.74367 0.81697 0.88084 0.93379 0.97352 0.99654 0.95023 0.88442 0.82337 0.77018 0.725 0.68617 0.65168 0.61963 0.58834 0.55641 0.52272 0.48652 0.44739 0.40538 0.36112 0.316 0.26353
0.46325 0.46458 0.31483 0.19736 0.2624 0.30002 0.26574 0.13875 0.18994 0.30004 0.37271 0.40906 0.41629 0.40339 0.37897 0.34662 0.30831 0.26746 0.23208 0.21754 0.23955 0.29729 0.37714 0.46684 0.55852 0.64726 0.73003 0.80507 0.87116 0.92672 0.96928 0.99509 0.95126 0.88727 0.82744 0.77503 0.73028 0.69168 0.65729 0.62528 0.59403 0.56218 0.52869 0.4928 0.45418 0.41291 0.36967 0.32593 0.27484
0.4789 0.45696 0.26859 0.15061 0.24669 0.30631 0.29586 0.1882 0.21243 0.30499 0.37123 0.40459 0.41017 0.39617 0.37082 0.33743 0.29772 0.25479 0.21647 0.19906 0.22041 0.27929 0.36033 0.45082 0.5431 0.63256 0.71644 0.7931 0.86135 0.91949 0.96484 0.99344 0.95211 0.88997 0.8314 0.77979 0.73554 0.6972 0.66294 0.631 0.59983 0.56811 0.53483 0.4993 0.46121 0.4207 0.37848 0.3361 0.28629
0.50019 0.44811 0.22679 0.10379 0.23314 0.31444 0.32808 0.23499 0.23815 0.31215 0.3708 0.40075 0.40456 0.38949 0.36327 0.32894 0.28796 0.24308 0.2018 0.18129 0.20191 0.26199 0.34416 0.43529 0.52802 0.61805 0.70291 0.7811 0.85144 0.9121 0.96022 0.9916 0.95278 0.89252 0.83525 0.78448 0.74075 0.70272 0.66863 0.6368 0.60573 0.57417 0.54114 0.506 0.46846 0.42871 0.38752 0.34646 0.29783
0.52477 0.44349 0.20041 0.062906 0.22257 0.3238 0.36066 0.27893 0.26516 0.32095 0.37125 0.39746 0.39943 0.3833 0.35629 0.32115 0.27904 0.23234 0.18811 0.16424 0.18407 0.24543 0.32865 0.42027 0.51327 0.60373 0.68945 0.76907 0.84143 0.90457 0.95544 0.98959 0.9533 0.89494 0.83899 0.7891 0.74592 0.70823 0.67434 0.64266 0.61173 0.58035 0.5476 0.51285 0.47589 0.43691 0.39674 0.35696 0.30943
0.55053 0.44567 0.19642 0.047251 0.2159 0.33415 0.39263 0.31998 0.2922 0.33083 0.3724 0.39465 0.39474 0.37758 0.34986 0.31401 0.27094 0.22259 0.17546 0.14794 0.1669 0.22962 0.3138 0.40577 0.49888 0.58962 0.67607 0.75704 0.83135 0.89693 0.95051 0.98743 0.95367 0.89723 0.84263 0.79364 0.75105 0.71372 0.68008 0.64857 0.6178 0.58664 0.55418 0.51986 0.48348 0.44528 0.40611 0.36757 0.32105
0.57497 0.45245 0.20958 0.069159 0.21383 0.3455 0.42351 0.35811 0.31845 0.3413 0.37409 0.39227 0.39044 0.37231 0.34395 0.30751 0.26363 0.21382 0.16389 0.13242 0.15039 0.21459 0.29964 0.39177 0.48484 0.57572 0.6628 0.74502 0.82122 0.88919 0.94546 0.98512 0.9539 0.8994 0.84617 0.79812 0.75613 0.71921 0.68583 0.65451 0.62394 0.59301 0.56088 0.52699 0.4912 0.45378 0.41559 0.37824 0.33266
0.5945 0.4578 0.22685 0.10085 0.21654 0.35797 0.45308 0.39332 0.3434 0.35195 0.37614 0.39024 0.38652 0.36745 0.33853 0.30162 0.25709 0.20604 0.15345 0.11772 0.13458 0.20036 0.28616 0.37829 0.47115 0.56204 0.64963 0.73302 0.81105 0.88137 0.9403 0.98268 0.95401 0.90146 0.84961 0.80252 0.76117 0.72467 0.69158 0.6605 0.63014 0.59947 0.56767 0.53423 0.49904 0.46239 0.42517 0.38896 0.34423
0.60543 0.45478 0.2372 0.12917 0.22362 0.37171 0.48123 0.42563 0.3667 0.36245 0.37841 0.3885 0.38292 0.36297 0.33357 0.2963 0.25129 0.19921 0.1442 0.10389 0.11946 0.18695 0.27337 0.36533 0.45782 0.54858 0.63658 0.72106 0.80085 0.87348 0.93504 0.98013 0.954 0.90341 0.85297 0.80685 0.76617 0.73012 0.69734 0.6665 0.63639 0.60599 0.57454 0.54156 0.50697 0.47108 0.4348 0.39969 0.35575
0.60501 0.43832 0.23451 0.1508 0.23431 0.38683 0.50793 0.45506 0.38814 0.3725 0.38077 0.38699 0.37962 0.35884 0.32904 0.29152 0.24618 0.19333 0.13617 0.091017 0.10506 0.17439 0.26127 0.35288 0.44485 0.53535 0.62365 0.70915 0.79065 0.86554 0.92971 0.97748 0.95389 0.90526 0.85624 0.81111 0.77111 0.73553 0.7031 0.67253 0.64267 0.61256 0.58147 0.54897 0.51497 0.47984 0.44447 0.41041 0.36719
0.59184 0.40699 0.21678 0.16498 0.24777 0.40332 0.53315 0.48163 0.40757 0.38191 0.3831 0.38566 0.37658 0.35504 0.32491 0.28724 0.24173 0.18834 0.1294 0.079216 0.091409 0.1627 0.24985 0.34093 0.43223 0.52235 0.61085 0.69729 0.78045 0.85757 0.9243 0.97474 0.95368 0.90702 0.85943 0.81531 0.77601 0.74092 0.70884 0.67856 0.64898 0.61917 0.58846 0.55643 0.52303 0.48864 0.45416 0.42111 0.37854
0.56706 0.36374 0.18504 0.17214 0.26329 0.42112 0.55687 0.50538 0.42488 0.39051 0.3853 0.38445 0.37377 0.35153 0.32114 0.28342 0.23788 0.18421 0.12389 0.068658 0.07855 0.15191 0.23912 0.32948 0.41996 0.50958 0.59819 0.6855 0.77026 0.84957 0.91884 0.97193 0.95338 0.90869 0.86254 0.81943 0.78085 0.74627 0.71457 0.6846 0.6553 0.62582 0.59549 0.56393 0.53113 0.49747 0.46384 0.43176 0.38979
0.53601 0.31621 0.14255 0.17362 0.28046 0.44003 0.579 0.5263 0.44003 0.39817 0.3873 0.38333 0.37115 0.34828 0.3177 0.28002 0.2346 0.18088 0.11962 0.059592 0.066555 0.14204 0.22907 0.31852 0.40803 0.49704 0.58568 0.67379 0.76011 0.84156 0.91334 0.96904 0.953 0.91028 0.86557 0.82349 0.78564 0.75158 0.72027 0.69063 0.66164 0.63248 0.60254 0.57147 0.53926 0.50631 0.47351 0.44235 0.40093
0.50782 0.27614 0.094363 0.17155 0.29909 0.4598 0.59947 0.54442 0.45298 0.4048 0.38903 0.38225 0.3687 0.34527 0.31457 0.27701 0.23184 0.17829 0.11656 0.052353 0.055551 0.13312 0.21968 0.30803 0.39643 0.48472 0.57331 0.66216 0.74999 0.83356 0.90781 0.9661 0.95255 0.91179 0.86853 0.82749 0.79038 0.75686 0.72595 0.69664 0.66797 0.63916 0.60961 0.57902 0.5474 0.51514 0.48315 0.45287 0.41195
0.49099 0.2556 0.04826 0.16874 0.31917 0.48009 0.61816 0.55975 0.46373 0.41034 0.39042 0.38118 0.3664 0.34247 0.3117 0.27434 0.22953 0.17636 0.11462 0.047326 0.045756 0.12516 0.21095 0.298 0.38517 0.47264 0.56109 0.65063 0.73993 0.82557 0.90226 0.96311 0.95204 0.91323 0.87141 0.83141 0.79505 0.76208 0.7316 0.70264 0.6743 0.64583 0.61669 0.58658 0.55553 0.52396 0.49275 0.46331 0.42284
0.48719 0.25808 0.030392 0.16845 0.34073 0.50053 0.63492 0.57229 0.4723 0.41477 0.39145 0.38008 0.36421 0.33986 0.30907 0.27198 0.22764 0.17503 0.1137 0.044807 0.037551 0.11819 0.20284 0.28842 0.37422 0.46077 0.54903 0.63921 0.72993 0.81761 0.89671 0.96008 0.95146 0.9146 0.87422 0.83527 0.79967 0.76727 0.73722 0.70862 0.68062 0.65251 0.62377 0.59414 0.56366 0.53275 0.50229 0.47366 0.4336
0.49028 0.27413 0.056105 0.17375 0.36376 0.52074 0.6496 0.58207 0.4787 0.41806 0.39208 0.37894 0.36211 0.33741 0.30666 0.2699 0.2261 0.17422 0.11368 0.044804 0.031557 0.11219 0.19535 0.27926 0.36358 0.44913 0.53712 0.62789 0.72 0.80968 0.89115 0.95703 0.95084 0.91591 0.87697 0.83907 0.80424 0.7724 0.74279 0.71457 0.68691 0.65916 0.63083 0.60168 0.57176 0.5415 0.51177 0.48391 0.44422
0.49166 0.28988 0.081301 0.18659 0.38814 0.54031 0.66204 0.58909 0.48298 0.42022 0.3923 0.37773 0.36009 0.33509 0.30443 0.26805 0.22488 0.17386 0.11441 0.046956 0.028536 0.10716 0.18845 0.27052 0.35324 0.43771 0.52537 0.61669 0.71015 0.8018 0.88561 0.95396 0.95017 0.91716 0.87965 0.8428 0.80874 0.77748 0.74832 0.72048 0.69318 0.6658 0.63788 0.60919 0.57982 0.5502 0.52117 0.49405 0.4547
0.48572 0.29523 0.095942 0.20728 0.41359 0.55883 0.67209 0.59337 0.48519 0.42126 0.3921 0.37643 0.35812 0.33289 0.30237 0.26641 0.22393 0.17388 0.11577 0.050681 0.028838 0.10308 0.18211 0.26217 0.34319 0.4265 0.51378 0.60561 0.7004 0.79398 0.8801 0.95087 0.94946 0.91835 0.88226 0.84646 0.81318 0.7825 0.75381 0.72635 0.69942 0.6724 0.64489 0.61668 0.58785 0.55884 0.53049 0.50407 0.46503
0.47153 0.28589 0.1008 0.23478 0.4397 0.57595 0.67959 0.59494 0.48539 0.42122 0.39147 0.37503 0.35619 0.33079 0.30044 0.26495 0.22321 0.17422 0.11762 0.055407 0.031889 0.099889 0.1763 0.2542 0.33341 0.41549 0.50236 0.59466 0.69074 0.78622 0.87461 0.94778 0.94872 0.91949 0.88482 0.85006 0.81756 0.78747 0.75925 0.73218 0.70561 0.67898 0.65187 0.62412 0.59583 0.56742 0.53972 0.51398 0.47522
0.452 0.26322 0.10243 0.26742 0.46595 0.5913 0.68444 0.59384 0.48365 0.42014 0.39042 0.37353 0.35428 0.32877 0.29863 0.26363 0.22268 0.1748 0.11984 0.060686 0.03663 0.097532 0.17099 0.24658 0.3239 0.4047 0.4911 0.58385 0.68119 0.77855 0.86916 0.94469 0.94795 0.92058 0.88731 0.8536 0.82188 0.79238 0.76463 0.73797 0.71177 0.68551 0.65881 0.63153 0.60375 0.57593 0.54886 0.52376 0.48525
0.43289 0.23495 0.11286 0.30351 0.49174 0.60458 0.68652 0.59011 0.48005 0.41806 0.38897 0.37191 0.35238 0.32682 0.29691 0.26244 0.2223 0.17558 0.12233 0.06621 0.042196 0.095924 0.16613 0.23928 0.31464 0.3941 0.48 0.57317 0.67175 0.77095 0.86377 0.94162 0.94716 0.92163 0.88975 0.85708 0.82613 0.79723 0.76996 0.7437 0.71788 0.692 0.66571 0.63887 0.61161 0.58435 0.5579 0.53342 0.49513
0.4223 0.21674 0.14192 0.34145 0.51644 0.61552 0.68577 0.58381 0.47469 0.41505 0.38713 0.37018 0.35047 0.32491 0.29527 0.26134 0.22204 0.1765 0.12498 0.071776 0.04806 0.094974 0.16171 0.2323 0.30562 0.38369 0.46907 0.56264 0.66244 0.76345 0.85842 0.93856 0.94635 0.92263 0.89213 0.86049 0.83032 0.80202 0.77522 0.74938 0.72393 0.69843 0.67255 0.64617 0.61941 0.5927 0.56683 0.54294 0.50486
0.42942 0.22751 0.18861 0.37984 0.53943 0.6239 0.68214 0.57501 0.46765 0.41118 0.38493 0.36833 0.34856 0.32304 0.29369 0.26032 0.22187 0.17753 0.12774 0.077252 0.053933 0.094581 0.15766 0.22561 0.29683 0.37348 0.45831 0.55227 0.65326 0.75605 0.85315 0.93553 0.94553 0.9236 0.89446 0.86384 0.83444 0.80675 0.78043 0.755 0.72994 0.70481 0.67934 0.6534 0.62713 0.60096 0.57566 0.55233 0.51444
0.46076 0.27208 0.24609 0.41741 0.56016 0.62959 0.67563 0.56379 0.45905 0.40651 0.38239 0.36636 0.34663 0.3212 0.29216 0.25937 0.22176 0.17861 0.13053 0.082555 0.059655 0.094646 0.15397 0.21918 0.28825 0.36345 0.44772 0.54205 0.64422 0.74876 0.84794 0.93252 0.9447 0.92453 0.89674 0.86713 0.8385 0.81141 0.78558 0.76056 0.73588 0.71114 0.68606 0.66056 0.63477 0.60912 0.58437 0.56159 0.52386
0.51564 0.33756 0.30779 0.45301 0.57816 0.63247 0.66627 0.55024 0.44899 0.40112 0.37955 0.36427 0.34467 0.31937 0.29066 0.25845 0.2217 0.17973 0.1333 0.087633 0.065138 0.09507 0.15059 0.213 0.27988 0.3536 0.43729 0.53199 0.63532 0.74159 0.84281 0.92955 0.94386 0.92543 0.89896 0.87036 0.8425 0.816 0.79066 0.76606 0.74176 0.7174 0.69272 0.66765 0.64233 0.61719 0.59297 0.57072 0.53313
0.58608 0.40863 0.36851 0.48564 0.59306 0.63253 0.65412 0.53446 0.4376 0.39509 0.37642 0.36208 0.34268 0.31754 0.28919 0.25756 0.22166 0.18086 0.13602 0.092453 0.070335 0.095765 0.14747 0.20705 0.2717 0.34392 0.42704 0.5221 0.62658 0.73454 0.83776 0.92662 0.94303 0.9263 0.90114 0.87353 0.84643 0.82053 0.79567 0.77149 0.74758 0.7236 0.69931 0.67466 0.64981 0.62516 0.60146 0.5797 0.54225
0.66039 0.4741 0.4243 0.51448 0.60459 0.62979 0.63928 0.51658 0.425 0.38851 0.37305 0.35978 0.34065 0.31572 0.28773 0.25669 0.22163 0.18196 0.13865 0.096996 0.07522 0.096648 0.14459 0.2013 0.26369 0.33442 0.41695 0.51238 0.61799 0.72761 0.83281 0.92374 0.9422 0.92715 0.90327 0.87664 0.8503 0.82499 0.80062 0.77686 0.75333 0.72972 0.70583 0.6816 0.6572 0.63303 0.60982 0.58855 0.55121
0.72695 0.5264 0.47226 0.53886 0.61262 0.62435 0.62189 0.49672 0.41133 0.38146 0.36947 0.35739 0.33859 0.31388 0.28627 0.25583 0.22159 0.18303 0.14117 0.10125 0.079781 0.097652 0.14191 0.19573 0.25586 0.32508 0.40704 0.50283 0.60957 0.72083 0.82795 0.9209 0.94138 0.92797 0.90535 0.87969 0.8541 0.82938 0.8055 0.78215 0.75901 0.73578 0.71228 0.68846 0.6645 0.6408 0.61807 0.59726 0.56002
0.77631 0.56063 0.51055 0.55832 0.61712 0.61637 0.60212 0.47502 0.39672 0.37404 0.36571 0.3549 0.33649 0.31203 0.28481 0.25495 0.22153 0.18403 0.14356 0.10522 0.084014 0.098714 0.13939 0.19033 0.24819 0.3159 0.3973 0.49347 0.60132 0.71419 0.82319 0.91812 0.94057 0.92876 0.9074 0.88269 0.85783 0.83371 0.81031 0.78738 0.76462 0.74176 0.71864 0.69523 0.6717 0.64846 0.62619 0.60583 0.56868
0.80214 0.57405 0.53825 0.57261 0.61821 0.60608 0.58017 0.45161 0.38133 0.36633 0.36182 0.35234 0.33434 0.31017 0.28334 0.25407 0.22144 0.18498 0.1458 0.1089 0.087921 0.099787 0.137 0.18507 0.24066 0.30687 0.38774 0.4843 0.59325 0.70769 0.81853 0.9154 0.93977 0.92954 0.90939 0.88562 0.8615 0.83796 0.81504 0.79253 0.77015 0.74767 0.72493 0.70192 0.67881 0.65601 0.6342 0.61427 0.57719
0.8015 0.56586 0.55533 0.58167 0.61606 0.59372 0.55627 0.42666 0.3653 0.35843 0.35781 0.3497 0.33216 0.30828 0.28186 0.25317 0.22131 0.18584 0.1479 0.11229 0.091507 0.10083 0.13472 0.17995 0.23327 0.29801 0.37836 0.47531 0.58536 0.70135 0.81399 0.91275 0.93899 0.9303 0.91135 0.88851 0.86511 0.84215 0.81971 0.79761 0.77561 0.7535 0.73114 0.70852 0.68582 0.66346 0.64207 0.62256 0.58555
0.77456 0.53692 0.56246 0.58563 0.61098 0.57963 0.53068 0.40031 0.3488 0.35042 0.35372 0.347 0.32993 0.30637 0.28036 0.25224 0.22114 0.18663 0.14984 0.11541 0.094781 0.10181 0.13252 0.17493 0.22601 0.28929 0.36916 0.46653 0.57767 0.69517 0.80956 0.91015 0.93823 0.93105 0.91327 0.89133 0.86865 0.84626 0.8243 0.80262 0.781 0.75925 0.73726 0.71502 0.69274 0.67079 0.64983 0.63072 0.59377
0.72432 0.48953 0.56087 0.58476 0.60333 0.56416 0.5037 0.37273 0.33199 0.34239 0.34959 0.34424 0.32766 0.30443 0.27884 0.25129 0.22092 0.18732 0.15161 0.11826 0.097751 0.1027 0.13037 0.17002 0.21887 0.28072 0.36013 0.45794 0.57016 0.68915 0.80525 0.90763 0.9375 0.93178 0.91515 0.89411 0.87213 0.85031 0.82882 0.80755 0.78631 0.76492 0.7433 0.72144 0.69955 0.67802 0.65746 0.63874 0.60184
0.65634 0.42709 0.55216 0.57947 0.59354 0.5477 0.47566 0.34408 0.31506 0.33443 0.34545 0.34144 0.32535 0.30247 0.27729 0.2503 0.22066 0.18793 0.15323 0.12084 0.10043 0.10348 0.12825 0.16519 0.21184 0.2723 0.3513 0.44956 0.56285 0.6833 0.80106 0.90518 0.93678 0.9325 0.91699 0.89683 0.87554 0.85428 0.83326 0.8124 0.79153 0.77051 0.74925 0.72777 0.70627 0.68513 0.66497 0.64662 0.60976
0.57871 0.35386 0.53805 0.57025 0.58206 0.53069 0.44694 0.31452 0.2982 0.32662 0.34131 0.3386 0.323 0.30047 0.27573 0.24929 0.22033 0.18844 0.15469 0.12318 0.10283 0.10413 0.12615 0.16043 0.20491 0.26402 0.34265 0.44139 0.55575 0.67762 0.797 0.90281 0.9361 0.93321 0.9188 0.89949 0.87889 0.85819 0.83763 0.81718 0.79668 0.77602 0.75511 0.734 0.71288 0.69213 0.67236 0.65436 0.61754
0.50214 0.27486 0.52024 0.55762 0.56939 0.51357 0.41795 0.28421 0.2816 0.31904 0.33721 0.33572 0.32062 0.29845 0.27413 0.24824 0.21996 0.18886 0.156 0.12528 0.10495 0.10466 0.12405 0.15572 0.19808 0.25588 0.33419 0.43344 0.54886 0.67212 0.79306 0.90051 0.93544 0.93391 0.92057 0.90211 0.88218 0.86202 0.84193 0.82188 0.80175 0.78144 0.76089 0.74014 0.71939 0.69902 0.67962 0.66197 0.62518
0.43976 0.19656 0.50022 0.54215 0.55601 0.49679 0.38916 0.25331 0.26549 0.31176 0.33317 0.33282 0.31821 0.2964 0.27251 0.24716 0.21953 0.18919 0.15716 0.12715 0.10683 0.10504 0.12193 0.15106 0.19133 0.24788 0.32593 0.42571 0.54218 0.66679 0.78926 0.8983 0.93481 0.9346 0.92231 0.90467 0.8854 0.86579 0.84615 0.8265 0.80674 0.78678 0.76658 0.74618 0.7258 0.7058 0.68676 0.66945 0.63268
0.40469 0.13027 0.47913 0.52439 0.54238 0.48083 0.36114 0.22199 0.2501 0.30485 0.32921 0.32991 0.31576 0.29433 0.27087 0.24604 0.21904 0.18943 0.15817 0.1288 0.10845 0.10528 0.11979 0.14644 0.18467 0.24003 0.31786 0.41821 0.53572 0.66165 0.78558 0.89616 0.93421 0.93529 0.92402 0.90718 0.88856 0.86948 0.8503 0.83104 0.81165 0.79204 0.77218 0.75213 0.7321 0.71246 0.69378 0.6768 0.64004
0.40347 0.10261 0.45774 0.50485 0.52895 0.46612 0.33451 0.1904 0.23566 0.29837 0.32534 0.32699 0.31328 0.29223 0.2692 0.24489 0.2185 0.18958 0.15904 0.13025 0.10985 0.10537 0.11761 0.14185 0.17808 0.23231 0.31 0.41094 0.52947 0.65669 0.78205 0.89411 0.93365 0.93597 0.92569 0.90965 0.89166 0.87311 0.85437 0.83551 0.81647 0.7972 0.77768 0.75798 0.73831 0.71902 0.70068 0.68401 0.64726
0.43089 0.13071 0.43638 0.48398 0.5161 0.4531 0.31001 0.1587 0.22245 0.29236 0.32158 0.32406 0.31078 0.2901 0.26751 0.24372 0.21792 0.18965 0.15978 0.1315 0.11103 0.10531 0.11539 0.13727 0.17156 0.22474 0.30235 0.40391 0.52346 0.65191 0.77865 0.89214 0.93313 0.93665 0.92734 0.91206 0.89471 0.87667 0.85837 0.8399 0.82122 0.80229 0.7831 0.76374 0.74441 0.72546 0.70745 0.69109 0.65435
0.47456 0.18229 0.41503 0.4622 0.50416 0.44213 0.28846 0.12703 0.21072 0.28687 0.31794 0.32113 0.30826 0.28796 0.26579 0.24251 0.21728 0.18964 0.16039 0.13258 0.112 0.10511 0.11311 0.13271 0.16511 0.21731 0.29492 0.39712 0.51767 0.64733 0.77539 0.89026 0.93264 0.93733 0.92895 0.91443 0.89769 0.88016 0.8623 0.84421 0.82588 0.80729 0.78843 0.7694 0.75041 0.73179 0.71411 0.69804 0.66131
0.52298 0.23422 0.39338 0.43985 0.49342 0.43352 0.27077 0.095574 0.20072 0.28192 0.31442 0.3182 0.30571 0.28579 0.26406 0.24127 0.2166 0.18955 0.16089 0.13349 0.11278 0.10477 0.11078 0.12815 0.15873 0.21004 0.28771 0.39057 0.51211 0.64293 0.77227 0.88847 0.93218 0.93801 0.93054 0.91675 0.90061 0.88358 0.86615 0.84844 0.83046 0.8122 0.79367 0.77497 0.7563 0.73802 0.72065 0.70487 0.66814
0.56847 0.2793 0.37092 0.41725 0.48408 0.42751 0.2578 0.064557 0.19269 0.27753 0.31104 0.31528 0.30314 0.2836 0.2623 0.24001 0.21588 0.1894 0.16127 0.13424 0.11338 0.1043 0.1084 0.12359 0.1524 0.20291 0.28072 0.38428 0.50679 0.63873 0.76928 0.88676 0.93177 0.93868 0.9321 0.91903 0.90347 0.88694 0.86993 0.85259 0.83496 0.81703 0.79882 0.78044 0.7621 0.74413 0.72707 0.71157 0.67483
0.60657 0.31502 0.3471 0.39467 0.47628 0.42421 0.25026 0.034121 0.1868 0.27371 0.3078 0.31237 0.30056 0.2814 0.26053 0.23872 0.21511 0.18917 0.16155 0.13484 0.11381 0.1037 0.10595 0.11903 0.14614 0.19594 0.27397 0.37825 0.5017 0.63472 0.76644 0.88514 0.93139 0.93936 0.93363 0.92126 0.90627 0.89023 0.87363 0.85667 0.83938 0.82177 0.80388 0.78582 0.76779 0.75014 0.73338 0.71815 0.68141
0.63489 0.34061 0.32137 0.37239 0.47013 0.42365 0.24851 0.012142 0.18313 0.27046 0.30469 0.30948 0.29796 0.27918 0.25875 0.23741 0.21432 0.18889 0.16174 0.13531 0.1141 0.10298 0.10345 0.11446 0.13993 0.18912 0.26746 0.37247 0.49685 0.6309 0.76374 0.88361 0.93105 0.94003 0.93514 0.92344 0.90902 0.89345 0.87726 0.86067 0.84371 0.82643 0.80885 0.7911 0.77338 0.75604 0.73957 0.7246 0.68785
0.65232 0.35614 0.29327 0.35071 0.46566 0.42574 0.25243 0.029193 0.18168 0.26776 0.30171 0.3066 0.29536 0.27695 0.25695 0.23609 0.21349 0.18856 0.16184 0.13566 0.11424 0.10215 0.10089 0.10987 0.13377 0.18248 0.26119 0.36697 0.49224 0.62728 0.76119 0.88217 0.93075 0.94071 0.93662 0.92558 0.91171 0.8966 0.88083 0.86459 0.84797 0.831 0.81373 0.79629 0.77887 0.76183 0.74564 0.73093 0.69417
0.65871 0.36232 0.26251 0.32998 0.4629 0.43033 0.26146 0.057549 0.18232 0.26558 0.29886 0.30374 0.29274 0.27471 0.25514 0.23475 0.21263 0.18817 0.16186 0.13589 0.11425 0.10121 0.098269 0.10527 0.12767 0.17601 0.25519 0.36173 0.48788 0.62385 0.75877 0.88082 0.93049 0.94139 0.93807 0.92768 0.91434 0.89969 0.88432 0.86844 0.85215 0.83549 0.81853 0.80138 0.78427 0.76751 0.7516 0.73715 0.70037
0.65469 0.36041 0.22895 0.31063 0.46183 0.43718 0.27476 0.085586 0.18486 0.2639 0.29614 0.30089 0.29012 0.27246 0.25333 0.23339 0.21174 0.18774 0.16181 0.13603 0.11415 0.10018 0.095599 0.10065 0.12163 0.16973 0.24945 0.35677 0.48375 0.62062 0.75649 0.87956 0.93027 0.94208 0.93951 0.92973 0.91692 0.90272 0.88774 0.87221 0.85624 0.83989 0.82323 0.80638 0.78956 0.77309 0.75746 0.74324 0.70645
0.64161 0.35215 0.19269 0.29321 0.46242 0.44602 0.29135 0.1128 0.18904 0.26267 0.29354 0.29806 0.28749 0.2702 0.25151 0.23203 0.21084 0.18727 0.1617 0.13608 0.11394 0.099058 0.092882 0.096019 0.11564 0.16364 0.24399 0.35209 0.47987 0.61758 0.75435 0.87839 0.93009 0.94276 0.94092 0.93175 0.91945 0.90569 0.89109 0.87591 0.86026 0.84422 0.82785 0.81129 0.79476 0.77857 0.7632 0.74922 0.71241
0.62146 0.33976 0.15405 0.27835 0.46463 0.45655 0.31033 0.13917 0.19454 0.26185 0.29104 0.29525 0.28486 0.26794 0.24968 0.23066 0.20992 0.18677 0.16153 0.13604 0.11364 0.097867 0.090122 0.091363 0.10971 0.15776 0.23881 0.34768 0.47623 0.61473 0.75235 0.8773 0.92995 0.94345 0.9423 0.93372 0.92192 0.90859 0.89437 0.87953 0.8642 0.84846 0.83238 0.81611 0.79986 0.78394 0.76883 0.75508 0.71826
0.59671 0.32583 0.1136 0.26674 0.46841 0.46846 0.33089 0.16454 0.20106 0.26138 0.28864 0.29246 0.28223 0.26568 0.24786 0.22928 0.20898 0.18624 0.16132 0.13594 0.11327 0.096612 0.087326 0.086688 0.10385 0.1521 0.23391 0.34356 0.47283 0.61207 0.75049 0.8763 0.92986 0.94415 0.94367 0.93565 0.92433 0.91142 0.89758 0.88308 0.86806 0.85261 0.83683 0.82084 0.80486 0.78922 0.77436 0.76083 0.72399
0.56996 0.31308 0.072946 0.25907 0.47371 0.48146 0.35237 0.18886 0.20833 0.26122 0.28633 0.28968 0.2796 0.26342 0.24603 0.2279 0.20804 0.18569 0.16106 0.13578 0.11283 0.095305 0.084502 0.081994 0.098058 0.14668 0.22932 0.33972 0.46967 0.6096 0.74877 0.87539 0.9298 0.94485 0.94501 0.93754 0.9267 0.9142 0.90072 0.88655 0.87184 0.85669 0.84118 0.82547 0.80977 0.79439 0.77978 0.76647 0.72962
0.54357 0.30401 0.037717 0.25591 0.48046 0.49528 0.37424 0.21208 0.21608 0.26132 0.2841 0.28693 0.27697 0.26117 0.24421 0.22653 0.20708 0.18511 0.16077 0.13557 0.11233 0.093958 0.081659 0.07728 0.092344 0.14151 0.22504 0.33617 0.46676 0.60732 0.74718 0.87456 0.92978 0.94555 0.94633 0.9394 0.92901 0.91692 0.9038 0.88996 0.87555 0.86068 0.84546 0.83002 0.81459 0.79946 0.78509 0.772 0.73513
0.51918 0.30032 0.037273 0.25754 0.4886 0.50968 0.39609 0.23413 0.2241 0.26162 0.28194 0.28418 0.27435 0.25892 0.2424 0.22515 0.20613 0.18453 0.16045 0.13533 0.11179 0.092583 0.078806 0.072549 0.086717 0.13661 0.22107 0.33291 0.46408 0.60522 0.74573 0.87382 0.9298 0.94625 0.94763 0.94121 0.93127 0.91957 0.90681 0.89329 0.87918 0.8646 0.84965 0.83448 0.81931 0.80444 0.7903 0.77742 0.74053
0.49745 0.3025 0.0736 0.26391 0.49804 0.52442 0.41759 0.255 0.23221 0.26207 0.27983 0.28146 0.27173 0.25667 0.24059 0.22378 0.20517 0.18393 0.16011 0.13505 0.11122 0.091194 0.075957 0.067803 0.081191 0.13201 0.21743 0.32994 0.46164 0.60331 0.7444 0.87316 0.92986 0.94697 0.94891 0.94299 0.93348 0.92217 0.90975 0.89655 0.88274 0.86844 0.85376 0.83885 0.82394 0.80932 0.79542 0.78274 0.74582
0.47803 0.30971 0.11383 0.27465 0.50868 0.53931 0.43849 0.27465 0.24024 0.26262 0.27777 0.27874 0.26912 0.25443 0.2388 0.22242 0.20422 0.18333 0.15976 0.13475 0.11064 0.089803 0.073123 0.063044 0.075783 0.12771 0.21412 0.32725 0.45943 0.60158 0.74321 0.87259 0.92995 0.94768 0.95018 0.94473 0.93564 0.92471 0.91263 0.89974 0.88622 0.87219 0.85778 0.84314 0.82848 0.8141 0.80043 0.78795 0.75101
0.45991 0.32015 0.15377 0.28911 0.52042 0.55418 0.45859 0.29307 0.24808 0.26324 0.27574 0.27604 0.26652 0.25221 0.23701 0.22107 0.20327 0.18273 0.1594 0.13443 0.11004 0.088425 0.07032 0.058276 0.070513 0.12376 0.21114 0.32485 0.45746 0.60002 0.74214 0.87209 0.93009 0.9484 0.95142 0.94643 0.93776 0.92719 0.91544 0.90286 0.88963 0.87588 0.86173 0.84734 0.83293 0.81879 0.80534 0.79306 0.7561
0.4418 0.33168 0.19141 0.30657 0.53314 0.56886 0.47773 0.31023 0.25562 0.26388 0.27373 0.27335 0.26392 0.24999 0.23524 0.21973 0.20233 0.18213 0.15903 0.13411 0.10944 0.087072 0.067566 0.053503 0.06541 0.12016 0.2085 0.32273 0.45571 0.59864 0.74119 0.87167 0.93026 0.94913 0.95264 0.9481 0.93982 0.92961 0.91819 0.90591 0.89296 0.87948 0.86559 0.85146 0.83729 0.82339 0.81015 0.79806 0.76109
0.42264 0.34226 0.22598 0.32627 0.5467 0.58323 0.49579 0.32614 0.26279 0.2645 0.27174 0.27066 0.26134 0.24779 0.23348 0.21841 0.2014 0.18154 0.15867 0.1338 0.10886 0.085759 0.06488 0.048733 0.060509 0.11694 0.2062 0.3209 0.45419 0.59743 0.74037 0.87133 0.93047 0.94985 0.95384 0.94973 0.94184 0.93198 0.92088 0.9089 0.89623 0.88301 0.86938 0.85549 0.84157 0.8279 0.81487 0.80297 0.76597
0.40186 0.35026 0.25686 0.34755 0.56096 0.59715 0.51268 0.34079 0.26952 0.26507 0.26976 0.26799 0.25876 0.2456 0.23174 0.2171 0.20049 0.18095 0.15832 0.13349 0.1083 0.084501 0.062283 0.043972 0.05586 0.11412 0.20425 0.31934 0.45288 0.59639 0.73967 0.87107 0.93071 0.95059 0.95503 0.95133 0.94381 0.9343 0.92351 0.91182 0.89942 0.88646 0.87309 0.85945 0.84576 0.83231 0.8195 0.80778 0.77076
