0.4664 0.4914 0.22829 0.059924 0.033287 0.030124 0.046743 0.050976 0.099127 0.16139 0.18546 0.18229 0.16522 0.15362 0.15546 0.16627 0.18034 0.19364 0.20461 0.21276 0.21798 0.22022 0.21952 0.21597 0.20981 0.2014 0.19125 0.17998 0.16826 0.15679 0.14619 0.13695 0.1294 0.12361 0.11945 0.11663 0.11483 0.11373 0.11313 0.113 0.11354 0.11516 0.11847 0.12413 0.13272 0.1446 0.15989 0.17852 0.20035
0.65575 0.45842 0.14043 0.18489 0.20247 0.19751 0.23475 0.28842 0.32609 0.32164 0.28208 0.24754 0.21971 0.20396 0.2 0.2048 0.21475 0.2252 0.23324 0.23738 0.23697 0.23194 0.22268 0.20983 0.19422 0.17676 0.15838 0.14002 0.12259 0.10696 0.09387 0.083825 0.076884 0.072553 0.069881 0.067732 0.065049 0.060972 0.05486 0.046291 0.035098 0.021642 0.010077 0.020228 0.040919 0.06465 0.090631 0.11867 0.1487
0.38523 0.48286 0.51744 0.49605 0.46601 0.44575 0.45566 0.48461 0.51234 0.49421 0.43284 0.38857 0.35764 0.33418 0.31192 0.29377 0.2824 0.27465 0.26759 0.25912 0.24794 0.23345 0.21567 0.19507 0.17239 0.1485 0.1243 0.10074 0.078867 0.060052 0.046429 0.040708 0.043275 0.050625 0.059208 0.067155 0.073645 0.078368 0.081307 0.08271 0.083146 0.083584 0.085372 0.089988 0.098583 0.11165 0.12909 0.15051 0.17544
0.28122 0.15965 0.17267 0.28263 0.24747 0.11138 0.069403 0.18042 0.20702 0.14561 0.05239 0.095148 0.18549 0.25036 0.28231 0.29201 0.29233 0.28737 0.27847 0.26613 0.25053 0.23189 0.21059 0.18714 0.16222 0.1365 0.11066 0.085395 0.061465 0.040242 0.025899 0.027399 0.040807 0.056778 0.07246 0.087129 0.10059 0.1128 0.12383 0.13376 0.14274 0.15107 0.15919 0.16771 0.17733 0.18872 0.20246 0.21892 0.23836
0.034588 0.14577 0.46103 0.64903 0.6123 0.48609 0.3908 0.36868 0.40446 0.4249 0.39925 0.3743 0.3533 0.33668 0.32032 0.30647 0.29704 0.28884 0.27963 0.26837 0.25476 0.2389 0.22119 0.20222 0.18266 0.16323 0.14464 0.1277 0.11324 0.10224 0.095565 0.093734 0.096566 0.10324 0.11268 0.12393 0.13626 0.14916 0.16223 0.17515 0.18768 0.19967 0.21117 0.22246 0.23401 0.24638 0.26012 0.27571 0.29351
0.18577 0.20504 0.24759 0.37565 0.42345 0.36631 0.2858 0.27744 0.31855 0.32024 0.28401 0.26954 0.27496 0.28254 0.28027 0.27247 0.26553 0.25937 0.25295 0.24548 0.23657 0.22621 0.21474 0.20265 0.19049 0.17875 0.16785 0.15815 0.14999 0.1437 0.13959 0.13791 0.13878 0.14219 0.14799 0.15592 0.16566 0.17686 0.18911 0.20201 0.21513 0.22814 0.2409 0.25351 0.2663 0.27975 0.29433 0.31049 0.32861
0.25633 0.19713 0.27223 0.34725 0.35517 0.37843 0.41058 0.38867 0.31011 0.19477 0.10108 0.10509 0.15097 0.18268 0.1946 0.1961 0.19543 0.19398 0.19151 0.18772 0.18267 0.17674 0.17054 0.16464 0.15944 0.15514 0.15174 0.14919 0.14746 0.14659 0.1467 0.14793 0.15048 0.15449 0.16006 0.16723 0.17595 0.1861 0.19744 0.20968 0.22244 0.23543 0.24847 0.26166 0.2753 0.28981 0.30565 0.32323 0.34288
0.35053 0.35643 0.44404 0.41327 0.38698 0.45499 0.5318 0.549 0.50067 0.39455 0.27819 0.20343 0.15973 0.13779 0.12839 0.12575 0.12605 0.12587 0.12373 0.11957 0.11418 0.10881 0.10471 0.10272 0.103 0.10512 0.10845 0.11242 0.11666 0.12105 0.12562 0.13049 0.13584 0.14186 0.1487 0.1565 0.16534 0.17523 0.18608 0.19774 0.21001 0.22272 0.23584 0.24952 0.26413 0.2801 0.29786 0.31779 0.34014
0.40713 0.18932 0.2776 0.50837 0.51638 0.45792 0.44553 0.44716 0.41573 0.32287 0.20355 0.11098 0.055026 0.054585 0.072281 0.083023 0.087217 0.086234 0.080961 0.072398 0.062014 0.051932 0.044866 0.043146 0.046766 0.053588 0.061593 0.069719 0.077579 0.08512 0.092431 0.099649 0.10693 0.1144 0.12222 0.13049 0.13931 0.14878 0.15894 0.1698 0.18138 0.19373 0.20703 0.22157 0.23778 0.25609 0.27687 0.30037 0.32671
0.49014 0.61251 0.57611 0.36331 0.1451 0.066658 0.19099 0.2928 0.33173 0.2962 0.21342 0.13847 0.089699 0.077935 0.082185 0.084882 0.083862 0.079134 0.07091 0.0597 0.04639 0.032118 0.018083 0.0061499 0.0092289 0.019256 0.028582 0.03713 0.045143 0.052842 0.060376 0.067829 0.075244 0.082643 0.090057 0.097539 0.10519 0.11316 0.12168 0.13101 0.1415 0.15353 0.16753 0.18391 0.20304 0.2252 0.25052 0.279 0.31054
0.59111 0.48416 0.40084 0.15907 0.11491 0.21098 0.22277 0.24329 0.29758 0.32455 0.28863 0.23605 0.18501 0.14684 0.12153 0.10566 0.094814 0.084809 0.073746 0.061356 0.048275 0.035521 0.024118 0.015023 0.0097177 0.010104 0.014056 0.019032 0.024429 0.030145 0.036089 0.042122 0.048076 0.053784 0.059133 0.064101 0.068819 0.073625 0.079106 0.086091 0.09552 0.10823 0.12473 0.14519 0.1695 0.19743 0.22872 0.26307 0.30018
0.97389 0.93382 0.8299 0.62345 0.36876 0.17889 0.061841 0.1899 0.31481 0.3496 0.29945 0.23736 0.18695 0.15518 0.13431 0.1184 0.10484 0.091321 0.077088 0.062438 0.048209 0.035376 0.024744 0.016783 0.011635 0.0091888 0.009068 0.010675 0.01349 0.017121 0.0212 0.025335 0.029117 0.032148 0.03409 0.034751 0.034253 0.033387 0.034124 0.039419 0.051188 0.069224 0.092477 0.12 0.15107 0.18522 0.22207 0.26133 0.30272
0.29434 0.40169 0.59736 0.67013 0.65568 0.59819 0.54782 0.51167 0.46619 0.36324 0.22597 0.12677 0.10403 0.12583 0.13589 0.13046 0.11759 0.1012 0.083455 0.065846 0.049576 0.035559 0.024345 0.016083 0.010601 0.0075641 0.0066477 0.007501 0.0096643 0.012691 0.016153 0.019592 0.022501 0.024346 0.0246 0.022797 0.018697 0.013136 0.012639 0.024445 0.04348 0.067338 0.095216 0.12654 0.16084 0.19772 0.23689 0.27806 0.32098
0.24352 0.27096 0.2642 0.43979 0.71878 0.86735 0.86744 0.77177 0.62178 0.4198 0.22085 0.10321 0.11328 0.15334 0.16529 0.15591 0.13744 0.1154 0.092757 0.071363 0.052436 0.036685 0.024339 0.015226 0.0089797 0.0055556 0.0055704 0.0080349 0.011581 0.015835 0.020617 0.025681 0.030728 0.035476 0.039762 0.043663 0.047648 0.0527 0.060231 0.071664 0.087882 0.10903 0.1347 0.1643 0.1972 0.23289 0.27096 0.31104 0.35279
0.46019 0.38931 0.65411 0.91976 0.997 0.99513 0.99963 0.96787 0.86472 0.67617 0.47542 0.35335 0.29051 0.25697 0.22628 0.19345 0.16117 0.12999 0.10091 0.07499 0.053006 0.035271 0.021603 0.011386 0.0037304 0.0024128 0.007772 0.013098 0.018819 0.025178 0.03225 0.039981 0.048246 0.056914 0.065925 0.07535 0.085453 0.096698 0.1097 0.12512 0.14349 0.16509 0.18993 0.21783 0.2485 0.28168 0.31706 0.35435 0.39321
0.73645 0.83642 0.86082 0.73727 0.54634 0.59343 0.817 0.97665 0.99913 0.87332 0.68143 0.54262 0.44074 0.36115 0.29246 0.23434 0.18637 0.14518 0.10958 0.079573 0.055335 0.036806 0.023607 0.015338 0.012159 0.01383 0.018457 0.024698 0.032126 0.040628 0.050166 0.060702 0.072182 0.084544 0.097759 0.11186 0.12695 0.14325 0.161 0.18044 0.20174 0.22493 0.25001 0.27692 0.30565 0.33614 0.36834 0.4021 0.43718
0.43903 0.48423 0.65814 0.63853 0.43619 0.45615 0.67243 0.84086 0.90579 0.85011 0.72148 0.62017 0.52844 0.43866 0.35111 0.27536 0.21435 0.16419 0.12276 0.089351 0.063675 0.045351 0.0337 0.027779 0.026562 0.02908 0.034471 0.042038 0.051305 0.062004 0.074005 0.087259 0.10174 0.11743 0.13431 0.15238 0.17165 0.19214 0.21385 0.23672 0.2606 0.28529 0.31067 0.3367 0.3635 0.39123 0.42002 0.44986 0.48068
0.34965 0.5579 0.66786 0.70303 0.67417 0.60605 0.57884 0.5835 0.60929 0.63012 0.61966 0.60648 0.56382 0.49035 0.39935 0.31323 0.24189 0.18333 0.13564 0.097896 0.069669 0.050669 0.040424 0.037626 0.040074 0.045877 0.054018 0.064009 0.075585 0.088611 0.10304 0.11886 0.1361 0.15476 0.17482 0.19623 0.21893 0.24279 0.26762 0.29311 0.31887 0.34449 0.36972 0.39454 0.41915 0.44387 0.46898 0.49464 0.52088
0.68477 0.38748 0.053726 0.32817 0.42263 0.39558 0.30576 0.19238 0.19151 0.35434 0.48945 0.56847 0.577 0.52429 0.43478 0.3416 0.26124 0.19405 0.13876 0.094647 0.061766 0.041741 0.036914 0.043205 0.053478 0.064894 0.077025 0.090029 0.10412 0.11947 0.13622 0.15444 0.1742 0.1955 0.21829 0.24249 0.26793 0.29438 0.32147 0.34872 0.37552 0.40131 0.42574 0.4488 0.47079 0.49214 0.51328 0.5345 0.55595
0.81584 0.52691 0.29799 0.24834 0.3106 0.33626 0.31041 0.25829 0.25138 0.36472 0.49172 0.58051 0.60002 0.55208 0.46001 0.36004 0.27149 0.19585 0.13218 0.079547 0.037652 0.014788 0.032181 0.05341 0.071866 0.088354 0.10397 0.11963 0.13598 0.15346 0.17237 0.19283 0.2149 0.23855 0.26368 0.29014 0.31768 0.34597 0.37451 0.40266 0.42965 0.45481 0.47773 0.49843 0.51729 0.53488 0.55174 0.56829 0.58477
0.16499 0.19907 0.16824 0.16707 0.21771 0.24942 0.33353 0.43873 0.5269 0.58739 0.61994 0.65284 0.64566 0.58535 0.48562 0.37925 0.28481 0.20363 0.13501 0.078876 0.038561 0.033292 0.055516 0.078648 0.099036 0.11731 0.1346 0.15191 0.17 0.18937 0.2103 0.23289 0.25711 0.28286 0.30997 0.33821 0.36725 0.39668 0.42589 0.45412 0.4805 0.50425 0.52497 0.54272 0.55798 0.57144 0.58375 0.59543 0.6068
0.52632 0.39131 0.28412 0.15901 0.042356 0.13909 0.3401 0.5447 0.70272 0.77025 0.75736 0.74523 0.70773 0.6312 0.5235 0.4133 0.31729 0.23624 0.17033 0.12159 0.094167 0.089715 0.10036 0.11639 0.13334 0.15023 0.1674 0.18545 0.20489 0.22604 0.24898 0.27366 0.29994 0.32757 0.35632 0.38587 0.41584 0.44574 0.4749 0.50246 0.52748 0.54914 0.56704 0.58132 0.59256 0.60157 0.60909 0.61574 0.62191
0.21308 0.31113 0.39496 0.36761 0.35446 0.39793 0.51218 0.66551 0.81022 0.87705 0.85309 0.82528 0.77278 0.68689 0.57522 0.46468 0.37062 0.29285 0.23117 0.18658 0.1598 0.14918 0.15026 0.15815 0.16976 0.18382 0.20006 0.21857 0.23941 0.2625 0.28761 0.31445 0.3427 0.372 0.40204 0.43244 0.46278 0.49254 0.52099 0.54721 0.57022 0.58919 0.60376 0.61413 0.62101 0.62531 0.62788 0.62938 0.63031
0.34112 0.22329 0.15918 0.31915 0.45606 0.52857 0.60247 0.69833 0.81815 0.89776 0.89234 0.87368 0.82322 0.73831 0.62869 0.52121 0.43071 0.35599 0.29603 0.25086 0.22018 0.20254 0.19543 0.1962 0.20293 0.2145 0.2303 0.24986 0.27267 0.29814 0.32571 0.35479 0.38493 0.41566 0.44662 0.47741 0.50761 0.53666 0.5638 0.5881 0.60856 0.62435 0.63515 0.64129 0.64356 0.64297 0.64047 0.63678 0.63245
0.39011 0.27453 0.2598 0.31337 0.38335 0.42704 0.46973 0.55395 0.70784 0.84161 0.87615 0.87896 0.84198 0.76801 0.66748 0.56688 0.48121 0.40901 0.34911 0.30148 0.26605 0.24223 0.22887 0.22471 0.22862 0.23958 0.25659 0.27854 0.30429 0.33279 0.36311 0.3945 0.42637 0.45824 0.48973 0.52046 0.55001 0.57783 0.60316 0.62506 0.64251 0.65473 0.66147 0.66314 0.66063 0.65506 0.64742 0.63852 0.62896
0.37759 0.28963 0.3199 0.25737 0.21962 0.19334 0.16127 0.31254 0.56572 0.75599 0.81833 0.83849 0.82009 0.7655 0.68114 0.5914 0.51189 0.44208 0.38157 0.33106 0.29136 0.26297 0.24599 0.24008 0.24449 0.2579 0.27859 0.3047 0.33452 0.36664 0.39992 0.43355 0.46691 0.49956 0.53116 0.56137 0.58981 0.61594 0.63903 0.65814 0.67226 0.68064 0.68312 0.68017 0.67281 0.66222 0.64946 0.63537 0.62061
0.61372 0.57282 0.32969 0.15541 0.19862 0.21426 0.19255 0.31686 0.53032 0.6828 0.73021 0.75671 0.76022 0.73189 0.66903 0.59268 0.51978 0.45186 0.39007 0.33644 0.29311 0.26203 0.24461 0.24114 0.25045 0.2701 0.29724 0.32925 0.36408 0.40016 0.43639 0.47201 0.50651 0.53952 0.57079 0.60004 0.62695 0.65103 0.67154 0.68756 0.69812 0.7025 0.70061 0.69301 0.6808 0.66522 0.64739 0.62818 0.60828
0.60923 0.56079 0.29788 0.19324 0.35568 0.4417 0.46357 0.48885 0.55138 0.59847 0.60959 0.64362 0.67589 0.67846 0.63862 0.57528 0.50768 0.4401 0.37564 0.31795 0.27103 0.239 0.22502 0.22938 0.24886 0.27868 0.31464 0.35374 0.39395 0.43394 0.47282 0.51002 0.54518 0.57808 0.60856 0.63646 0.66148 0.6832 0.70089 0.71364 0.72051 0.72083 0.71456 0.70235 0.68536 0.6649 0.64211 0.61787 0.5929
0.49931 0.63212 0.58627 0.56459 0.58691 0.60383 0.584 0.53408 0.48757 0.45338 0.45485 0.51839 0.58891 0.62206 0.60152 0.54752 0.48223 0.41246 0.34296 0.27901 0.22713 0.19538 0.19018 0.20957 0.24472 0.28763 0.33354 0.37987 0.42515 0.46853 0.50946 0.54763 0.5829 0.6152 0.64449 0.67066 0.69352 0.71265 0.72736 0.73676 0.73991 0.7362 0.72563 0.70894 0.68733 0.66214 0.63454 0.60541 0.57548
0.22498 0.18288 0.51809 0.69854 0.70875 0.65837 0.57845 0.45764 0.32319 0.23849 0.29083 0.4157 0.52486 0.57929 0.56941 0.51908 0.45257 0.37795 0.30062 0.22668 0.16551 0.13427 0.14742 0.19095 0.24526 0.30157 0.35663 0.40913 0.45845 0.50426 0.54642 0.58487 0.61967 0.65088 0.67858 0.70275 0.72322 0.73962 0.75129 0.75733 0.75683 0.7492 0.73451 0.71352 0.68751 0.65782 0.62562 0.59179 0.55702
0.62472 0.49506 0.55481 0.69253 0.71901 0.66108 0.55967 0.40487 0.20798 0.021177 0.21465 0.38204 0.50384 0.5614 0.55148 0.49946 0.42942 0.34894 0.26262 0.17524 0.095102 0.061833 0.11553 0.18744 0.25798 0.3243 0.38581 0.44243 0.49422 0.54126 0.58369 0.62167 0.65541 0.68509 0.71088 0.73281 0.75076 0.76439 0.77302 0.77578 0.77178 0.76043 0.74184 0.71683 0.6867 0.65279 0.61626 0.57796 0.53857
0.12684 0.39243 0.50026 0.60265 0.6685 0.6574 0.59269 0.47875 0.3465 0.2668 0.31816 0.43348 0.5297 0.5722 0.5536 0.49677 0.42346 0.3396 0.24877 0.15467 0.062838 0.045385 0.12834 0.21053 0.28713 0.35753 0.42174 0.47996 0.53241 0.57938 0.62111 0.65789 0.69004 0.71781 0.74143 0.76097 0.77634 0.7872 0.7929 0.79254 0.78523 0.77042 0.74824 0.71954 0.68562 0.64784 0.60731 0.56486 0.5211
0.23307 0.1672 0.25979 0.42955 0.56463 0.61815 0.61879 0.58087 0.53074 0.48637 0.48141 0.5359 0.59145 0.60955 0.57797 0.5158 0.44169 0.35982 0.27402 0.19186 0.13219 0.13223 0.18732 0.2592 0.3319 0.40065 0.4639 0.52124 0.57263 0.61827 0.6584 0.69335 0.72345 0.749 0.77026 0.78733 0.80014 0.80832 0.81123 0.80797 0.79763 0.77967 0.75425 0.72223 0.68492 0.64367 0.59955 0.55334 0.50557
0.24573 0.12755 0.13134 0.28745 0.43181 0.51897 0.57817 0.62478 0.66313 0.66326 0.63939 0.65483 0.67428 0.66772 0.6228 0.55625 0.48403 0.40856 0.33379 0.26871 0.22875 0.22917 0.26688 0.32444 0.38827 0.45148 0.51095 0.56536 0.61422 0.65746 0.69523 0.7278 0.75549 0.77861 0.79742 0.81201 0.82232 0.82797 0.8283 0.8224 0.80934 0.7886 0.76032 0.72539 0.68513 0.64086 0.59362 0.54413 0.49283
0.15728 0.052669 0.16999 0.22349 0.29086 0.3678 0.46458 0.60237 0.74026 0.79809 0.77639 0.77108 0.76497 0.73866 0.68261 0.61312 0.54433 0.4767 0.41302 0.36051 0.32937 0.32742 0.35338 0.39806 0.45163 0.5073 0.56116 0.61117 0.65637 0.69639 0.73121 0.761 0.78603 0.80659 0.82291 0.83509 0.84302 0.84634 0.84434 0.83609 0.82066 0.79751 0.7668 0.72942 0.68668 0.63988 0.59004 0.5378 0.48356
0.33627 0.23615 0.17025 0.12463 0.14098 0.18393 0.31852 0.55718 0.78598 0.89685 0.88562 0.87216 0.85168 0.81298 0.74973 0.67909 0.61439 0.55422 0.49959 0.45545 0.4285 0.42368 0.44078 0.47455 0.51809 0.56551 0.61278 0.65749 0.69828 0.73451 0.76596 0.7927 0.81493 0.83288 0.84675 0.85662 0.86235 0.86356 0.85951 0.84925 0.83182 0.80667 0.77396 0.73457 0.68983 0.64102 0.58913 0.53477 0.47826
0.41322 0.33232 0.1751 0.056399 0.038448 0.05305 0.2663 0.5586 0.82685 0.96405 0.96124 0.94809 0.92401 0.88156 0.81635 0.74693 0.68689 0.63348 0.5861 0.54779 0.5231 0.51559 0.52568 0.55031 0.58464 0.62387 0.66424 0.7032 0.73916 0.77126 0.79912 0.82268 0.84206 0.85742 0.86894 0.87665 0.8804 0.87975 0.87395 0.86201 0.84295 0.81621 0.78193 0.74101 0.69475 0.64445 0.59109 0.53524 0.47719
0.45437 0.3855 0.19601 0.041057 0.16422 0.25126 0.39758 0.63044 0.86846 0.99765 0.99752 0.99136 0.97413 0.93716 0.87604 0.81085 0.75637 0.70933 0.66807 0.63427 0.61111 0.60139 0.60589 0.6229 0.64907 0.68061 0.71419 0.74732 0.77831 0.80617 0.83036 0.85072 0.86728 0.88016 0.88947 0.89521 0.8972 0.89497 0.88773 0.87446 0.85415 0.82621 0.79079 0.74878 0.70148 0.65021 0.59592 0.53921 0.48038
0.21541 0.33875 0.22655 0.21693 0.35703 0.45575 0.564 0.71718 0.88957 0.9892 0.99007 0.99817 0.99796 0.97551 0.92466 0.86693 0.81917 0.77848 0.74277 0.71287 0.6911 0.67977 0.6799 0.69065 0.70978 0.73435 0.76154 0.78904 0.81516 0.83882 0.8594 0.87663 0.89049 0.90102 0.90831 0.91231 0.91279 0.90926 0.90089 0.88662 0.86543 0.83668 0.80053 0.75785 0.70996 0.65818 0.6035 0.54653 0.4876
0.41143 0.51956 0.53456 0.51644 0.5562 0.6037 0.66624 0.75246 0.8602 0.92953 0.93806 0.96948 0.99577 0.99567 0.96042 0.91304 0.87312 0.83896 0.80857 0.78237 0.76214 0.74987 0.74671 0.75245 0.76565 0.78411 0.80549 0.82774 0.84923 0.86888 0.88599 0.90025 0.91158 0.91996 0.92544 0.92793 0.92716 0.92262 0.91342 0.89849 0.87676 0.84757 0.81106 0.76811 0.72005 0.66821 0.6136 0.55689 0.49847
0.5109 0.67434 0.72649 0.69538 0.66147 0.65055 0.66777 0.70237 0.76198 0.81587 0.84645 0.91156 0.97203 0.9997 0.98361 0.94853 0.91725 0.88976 0.86461 0.84211 0.8237 0.81115 0.80571 0.80757 0.81592 0.82916 0.84542 0.86292 0.88016 0.89607 0.90997 0.92148 0.93049 0.93694 0.94084 0.94206 0.94031 0.93503 0.92531 0.91002 0.88808 0.85879 0.82228 0.77941 0.73154 0.68002 0.6259 0.5699 0.51249
0.52878 0.62467 0.66913 0.67439 0.63256 0.59217 0.57472 0.56856 0.5964 0.65643 0.72759 0.8358 0.93452 0.99178 0.99597 0.97383 0.95139 0.93055 0.91056 0.89183 0.87558 0.8634 0.85658 0.8556 0.86013 0.86907 0.88094 0.89426 0.90768 0.92022 0.93119 0.94022 0.94715 0.95191 0.95447 0.95468 0.95221 0.94646 0.9365 0.92116 0.8993 0.87023 0.83402 0.79157 0.74421 0.69334 0.64006 0.58512 0.52909
0.3944 0.3853 0.46693 0.53546 0.52153 0.47722 0.43214 0.38198 0.38245 0.47252 0.60243 0.75776 0.89286 0.97714 0.99996 0.98998 0.97594 0.96146 0.94651 0.93161 0.91784 0.90663 0.89926 0.8964 0.89806 0.90356 0.91179 0.92154 0.93163 0.94119 0.94957 0.9564 0.96153 0.96485 0.96633 0.96577 0.96283 0.95688 0.94694 0.93181 0.91033 0.88175 0.84614 0.80437 0.75781 0.70787 0.65569 0.6021 0.54772
0.076831 0.13796 0.28075 0.39953 0.4144 0.38293 0.319 0.20768 0.14925 0.3062 0.50116 0.69466 0.85642 0.96071 0.99812 0.99825 0.99157 0.98292 0.9728 0.96176 0.95077 0.94107 0.93388 0.93 0.92968 0.93257 0.93788 0.94466 0.95193 0.95892 0.96506 0.97 0.9736 0.97575 0.97639 0.97531 0.97215 0.96624 0.95657 0.94191 0.92105 0.89322 0.85845 0.81761 0.77208 0.7233 0.67244 0.62039 0.56784
0.14306 0.068159 0.18359 0.30452 0.34408 0.35193 0.30829 0.19462 0.078145 0.24657 0.45647 0.66021 0.83192 0.94613 0.99245 0.99982 0.99906 0.99554 0.98994 0.98278 0.97482 0.96709 0.96074 0.95658 0.95507 0.95611 0.95919 0.9636 0.96855 0.9734 0.97765 0.98102 0.98336 0.9846 0.98465 0.98329 0.98014 0.9745 0.96534 0.95138 0.93137 0.9045 0.87079 0.83109 0.78679 0.73934 0.68997 0.63961 0.589
0.045592 0.12921 0.16885 0.21755 0.28339 0.35314 0.36 0.30972 0.26691 0.32999 0.47763 0.65808 0.82161 0.93504 0.9842 0.99564 0.99919 0.99999 0.99859 0.99528 0.99054 0.98519 0.98022 0.97646 0.97447 0.97435 0.97583 0.97843 0.98154 0.98466 0.98738 0.98947 0.99084 0.99142 0.99111 0.98971 0.98679 0.98164 0.97319 0.96013 0.94117 0.91547 0.88301 0.84462 0.80171 0.75574 0.70798 0.65939 0.61077
0.30339 0.18932 0.12414 0.1062 0.22691 0.34929 0.39796 0.40348 0.40986 0.44999 0.53841 0.68042 0.82314 0.9271 0.97375 0.98633 0.99266 0.99702 0.99947 0.99993 0.99857 0.99593 0.99282 0.99002 0.98815 0.98749 0.98796 0.98926 0.99099 0.99276 0.99428 0.9954 0.99607 0.99623 0.9958 0.99456 0.99208 0.98762 0.98007 0.96811 0.95038 0.92602 0.89496 0.85804 0.81664 0.77227 0.7262 0.67944 0.63281
0.24633 0.16704 0.073689 0.068351 0.2147 0.33027 0.3945 0.44715 0.5027 0.55138 0.60685 0.71379 0.83122 0.92053 0.96083 0.97226 0.9801 0.98733 0.99332 0.99749 0.99962 0.99994 0.99907 0.9977 0.99649 0.99582 0.99578 0.99626 0.99701 0.9978 0.99846 0.99889 0.9991 0.99907 0.99873 0.99786 0.99601 0.99242 0.98596 0.97525 0.95892 0.93604 0.90652 0.87118 0.83141 0.78871 0.7444 0.6995 0.65485
0.33221 0.24199 0.19425 0.2003 0.2412 0.28925 0.34917 0.44619 0.55129 0.62172 0.66414 0.74605 0.83989 0.91289 0.94481 0.95362 0.96205 0.97165 0.98092 0.98872 0.9944 0.99788 0.99955 1 0.99988 0.99966 0.99955 0.99962 0.99977 0.99992 0.99999 1 1 1 0.99996 0.99964 0.9986 0.99605 0.99082 0.98152 0.96672 0.94545 0.91759 0.88394 0.84587 0.80491 0.76238 0.71935 0.67665
0.29651 0.20567 0.29692 0.29358 0.24315 0.21492 0.27503 0.41846 0.56688 0.6614 0.70256 0.76929 0.84415 0.90179 0.9249 0.93049 0.93903 0.95066 0.96302 0.97438 0.98364 0.99041 0.99486 0.99742 0.99875 0.99934 0.99955 0.99956 0.99945 0.99925 0.99902 0.99884 0.99884 0.99908 0.99952 0.99993 0.99986 0.99849 0.99465 0.98688 0.97373 0.95419 0.92809 0.8962 0.8599 0.82072 0.78 0.73882 0.69803
0.17805 0.20386 0.36572 0.32624 0.19763 0.10392 0.20162 0.38627 0.56182 0.6751 0.72058 0.77955 0.84065 0.88539 0.9005 0.90298 0.91153 0.92505 0.94039 0.95523 0.96808 0.97821 0.98557 0.99048 0.99352 0.99524 0.99607 0.99633 0.99624 0.99595 0.99565 0.99551 0.99572 0.99638 0.99747 0.99878 0.99982 0.99978 0.99744 0.99133 0.97993 0.9622 0.93794 0.90788 0.87339 0.83602 0.79712 0.75778 0.71885
0.47125 0.40491 0.43784 0.34775 0.17086 0.030272 0.18023 0.36675 0.54566 0.66842 0.71974 0.77578 0.82771 0.86253 0.87122 0.8713 0.88007 0.89549 0.91374 0.932 0.94839 0.96192 0.97229 0.97969 0.98464 0.98771 0.98941 0.99018 0.99034 0.9902 0.99004 0.99013 0.99074 0.99198 0.99388 0.99622 0.99852 0.99993 0.99921 0.99484 0.98529 0.96945 0.94709 0.91891 0.88628 0.85074 0.81365 0.77612 0.739
0.58571 0.60338 0.55714 0.43184 0.25545 0.16414 0.22216 0.36206 0.5232 0.64641 0.70295 0.75869 0.80496 0.8328 0.83701 0.83574 0.84519 0.86264 0.88378 0.90539 0.92527 0.94216 0.95556 0.96554 0.97254 0.97713 0.97989 0.98136 0.98197 0.98217 0.98233 0.98283 0.98398 0.98597 0.98882 0.99233 0.996 0.99897 0.99997 0.99744 0.9898 0.97592 0.95551 0.92925 0.8985 0.86479 0.82951 0.79375 0.75839
0.73696 0.77041 0.70896 0.55479 0.3722 0.26869 0.27312 0.36078 0.49518 0.61316 0.67355 0.72999 0.77294 0.79636 0.79813 0.79673 0.80745 0.82715 0.85118 0.87606 0.89934 0.91951 0.93593 0.9485 0.95762 0.96385 0.9678 0.97012 0.97135 0.97204 0.97268 0.97373 0.97558 0.97844 0.98238 0.98717 0.99232 0.99694 0.99974 0.99912 0.99347 0.98159 0.96317 0.93886 0.91 0.87813 0.84465 0.81064 0.77698
0.70227 0.84131 0.81341 0.64047 0.44771 0.32557 0.29818 0.34979 0.46068 0.57194 0.6348 0.69179 0.73277 0.75384 0.75508 0.75483 0.76745 0.78963 0.81658 0.84463 0.87118 0.89453 0.91389 0.92903 0.94029 0.9482 0.95344 0.95672 0.95868 0.95999 0.96123 0.96297 0.96563 0.96949 0.97462 0.98081 0.98754 0.9939 0.99857 0.99992 0.9963 0.98647 0.97007 0.94773 0.92077 0.89073 0.85902 0.82672 0.79472
0.46618 0.83522 0.81754 0.65052 0.46066 0.32958 0.2877 0.32239 0.41951 0.52559 0.58963 0.64629 0.68587 0.70618 0.70857 0.71065 0.7258 0.75069 0.78055 0.81168 0.84134 0.86773 0.8899 0.90754 0.9209 0.93052 0.93709 0.94139 0.94417 0.94619 0.94815 0.95067 0.95426 0.95923 0.96565 0.97333 0.98171 0.98988 0.99649 0.99986 0.99831 0.99056 0.9762 0.95584 0.93078 0.90257 0.8726 0.84198 0.81159
0.63995 0.80358 0.72985 0.59564 0.42137 0.28951 0.2451 0.27911 0.37331 0.47674 0.54056 0.5955 0.63374 0.65446 0.65944 0.66489 0.68312 0.71091 0.74365 0.77771 0.8103 0.83955 0.8644 0.88442 0.89982 0.91111 0.91901 0.92437 0.92801 0.93082 0.93357 0.93696 0.94158 0.94774 0.95555 0.96479 0.97491 0.98496 0.99355 0.99899 0.99954 0.99388 0.98158 0.9632 0.94004 0.91363 0.88538 0.85641 0.82758
0.91642 0.71596 0.59511 0.51426 0.35863 0.22473 0.18056 0.22574 0.32548 0.42776 0.48956 0.54119 0.57786 0.59987 0.60859 0.61826 0.64 0.67081 0.70638 0.74319 0.77852 0.81043 0.83776 0.86003 0.87737 0.89026 0.89946 0.90587 0.91042 0.91405 0.91765 0.92199 0.9277 0.93513 0.94441 0.95529 0.9672 0.97918 0.98979 0.99733 1 0.99645 0.98621 0.96981 0.94853 0.92391 0.89736 0.87 0.84268
0.93559 0.53343 0.4543 0.44178 0.30446 0.16166 0.10663 0.17113 0.28027 0.38064 0.43813 0.48482 0.51961 0.54357 0.55692 0.57145 0.597 0.63088 0.66916 0.70855 0.74639 0.78072 0.81034 0.83468 0.85382 0.86823 0.87868 0.88611 0.89155 0.89603 0.90052 0.90586 0.91273 0.92151 0.93231 0.94489 0.95866 0.9726 0.98528 0.99493 0.99973 0.9983 0.99012 0.97569 0.95628 0.93343 0.90854 0.88275 0.85691
0.71408 0.26575 0.3303 0.38978 0.27531 0.12939 0.035085 0.12606 0.24158 0.33677 0.38728 0.42755 0.46023 0.4867 0.50535 0.52515 0.55465 0.59156 0.63239 0.67413 0.71423 0.75075 0.78243 0.80866 0.82945 0.84525 0.85686 0.86528 0.8716 0.87693 0.88233 0.88872 0.89679 0.90697 0.91935 0.93369 0.94935 0.9653 0.98006 0.99184 0.99878 0.99947 0.99333 0.98086 0.9633 0.94219 0.91894 0.89469 0.87028
0.59232 0.087763 0.24941 0.35066 0.26277 0.13455 0.027834 0.10171 0.21172 0.29678 0.33767 0.37033 0.40082 0.43029 0.4547 0.47997 0.51342 0.55323 0.59642 0.64026 0.68236 0.72081 0.75432 0.78223 0.80449 0.82156 0.83423 0.84356 0.85071 0.85688 0.86321 0.87066 0.87999 0.89161 0.90562 0.92176 0.93935 0.95733 0.97419 0.9881 0.99719 0.99997 0.99587 0.98534 0.96961 0.95021 0.92857 0.90582 0.88281
0.6225 0.24144 0.23105 0.31457 0.2495 0.15043 0.07398 0.10073 0.19066 0.26072 0.28973 0.31393 0.34235 0.37532 0.40576 0.43648 0.47374 0.51623 0.56151 0.60719 0.65102 0.69114 0.72624 0.7556 0.77916 0.79734 0.81095 0.82111 0.82904 0.83603 0.84327 0.85181 0.86241 0.87552 0.89121 0.90917 0.92872 0.94875 0.96772 0.98377 0.99499 0.99986 0.99778 0.98916 0.97523 0.95752 0.93745 0.91617 0.89452
0.50456 0.28363 0.24145 0.27632 0.22627 0.15824 0.10511 0.11165 0.17649 0.22835 0.24387 0.259 0.28566 0.32266 0.35922 0.39518 0.43595 0.48083 0.52792 0.57515 0.62043 0.66195 0.69839 0.72899 0.75364 0.77277 0.7872 0.79808 0.80673 0.81449 0.82264 0.83226 0.84417 0.85879 0.87618 0.89601 0.91754 0.93964 0.96072 0.9789 0.99223 0.99917 0.99908 0.99235 0.98019 0.96414 0.94561 0.92575 0.90543
0.25968 0.2307 0.24381 0.23456 0.19314 0.15474 0.12315 0.12375 0.16693 0.19971 0.20071 0.20615 0.23151 0.27311 0.3157 0.35647 0.40033 0.44724 0.49582 0.5443 0.59075 0.6334 0.67093 0.70254 0.7281 0.74801 0.76311 0.77462 0.7839 0.79239 0.80142 0.81214 0.82536 0.84151 0.86064 0.88235 0.90588 0.93004 0.95323 0.97352 0.98895 0.99794 0.9998 0.99493 0.98452 0.97009 0.95307 0.93461 0.91556
0.12981 0.18396 0.23398 0.19069 0.15455 0.14311 0.13204 0.13375 0.16083 0.17556 0.16141 0.15602 0.18058 0.22746 0.27575 0.3207 0.36711 0.41563 0.46536 0.51478 0.56211 0.60564 0.64401 0.67642 0.70268 0.72319 0.73883 0.75084 0.76067 0.76983 0.77972 0.79151 0.80606 0.82377 0.84464 0.86826 0.89379 0.92002 0.94531 0.9677 0.98519 0.9962 1 0.99695 0.98825 0.97541 0.95986 0.94275 0.92496
0.26032 0.20545 0.22009 0.14765 0.11542 0.12795 0.13618 0.14261 0.15863 0.15768 0.12822 0.10944 0.13356 0.18647 0.23984 0.28813 0.33646 0.38612 0.43663 0.48669 0.53463 0.57877 0.61775 0.65073 0.6775 0.69844 0.71446 0.72686 0.73715 0.74691 0.75762 0.77049 0.78636 0.80564 0.82828 0.85381 0.88135 0.90964 0.93701 0.96147 0.98101 0.99399 0.99969 0.99843 0.9914 0.98011 0.966 0.95022 0.93365
0.35979 0.24949 0.20776 0.1087 0.079317 0.11314 0.13949 0.15261 0.16172 0.1485 0.10505 0.068011 0.091342 0.15105 0.20837 0.25893 0.30845 0.35878 0.4097 0.4601 0.50838 0.55289 0.59225 0.62558 0.65266 0.67386 0.69012 0.70278 0.71343 0.72374 0.73522 0.74914 0.76635 0.7872 0.81161 0.83906 0.86861 0.89895 0.92838 0.95489 0.97643 0.99136 0.99891 0.99941 0.99401 0.98424 0.97153 0.95704 0.94165
0.37285 0.27236 0.19933 0.078828 0.049053 0.10142 0.14477 0.16569 0.17121 0.1496 0.096563 0.037549 0.055884 0.12228 0.18167 0.2332 0.28315 0.33363 0.3846 0.43505 0.48341 0.52805 0.56756 0.60105 0.62825 0.64954 0.66588 0.67869 0.6896 0.70038 0.7126 0.72755 0.74608 0.76852 0.79472 0.82408 0.85563 0.88801 0.91947 0.94799 0.9715 0.98833 0.9977 0.99991 0.99611 0.98782 0.97647 0.96324 0.949
0.32083 0.269 0.19819 0.068469 0.030787 0.094922 0.15365 0.18269 0.18695 0.16018 0.10325 0.037423 0.034275 0.10146 0.15994 0.21097 0.26052 0.31065 0.36133 0.41154 0.45975 0.50429 0.54376 0.5772 0.60434 0.62556 0.64184 0.65466 0.66574 0.67691 0.68983 0.70579 0.72564 0.74966 0.77765 0.80893 0.84247 0.87686 0.91033 0.94082 0.96626 0.98495 0.99609 0.99997 0.99773 0.99088 0.98086 0.96885 0.95573
0.23961 0.25365 0.2079 0.080467 0.033683 0.095659 0.16685 0.20334 0.2075 0.17733 0.11954 0.060519 0.039421 0.089522 0.1432 0.19214 0.2405 0.28981 0.33986 0.38958 0.4374 0.48165 0.52088 0.55409 0.581 0.60198 0.61806 0.63077 0.64192 0.65341 0.66697 0.68392 0.70508 0.73069 0.76047 0.79366 0.82918 0.86555 0.90099 0.93342 0.96074 0.98125 0.99412 0.99962 0.99889 0.99344 0.98472 0.9739 0.96186
0.13982 0.24348 0.22643 0.097767 0.046405 0.10509 0.18448 0.22666 0.2308 0.19766 0.13923 0.085489 0.058449 0.085981 0.13118 0.17655 0.22298 0.27102 0.32014 0.36913 0.41637 0.46013 0.49894 0.53175 0.55827 0.57886 0.5946 0.60707 0.61819 0.62994 0.64409 0.662 0.68448 0.71167 0.74323 0.77833 0.8158 0.85414 0.89151 0.92583 0.95498 0.97725 0.9918 0.99889 0.99963 0.99554 0.98807 0.97841 0.96743
0.078668 0.25407 0.24587 0.10457 0.058498 0.12329 0.20614 0.25138 0.25478 0.21835 0.15847 0.10744 0.077751 0.088448 0.1233 0.16393 0.2078 0.2542 0.3021 0.35015 0.39662 0.43973 0.47795 0.51021 0.53618 0.55624 0.5715 0.58363 0.59461 0.60654 0.62124 0.6401 0.66387 0.69265 0.72599 0.76299 0.80239 0.84265 0.88191 0.91808 0.94902 0.973 0.98918 0.9978 0.99997 0.9972 0.99096 0.98241 0.97245
0.18163 0.29196 0.25843 0.092583 0.071731 0.14904 0.23099 0.27626 0.27771 0.23737 0.17522 0.12531 0.094178 0.093923 0.1187 0.15393 0.19478 0.23921 0.28568 0.33259 0.37813 0.42044 0.45793 0.4895 0.51477 0.53417 0.54882 0.56048 0.57124 0.58327 0.59848 0.61826 0.64332 0.67369 0.7088 0.74767 0.78898 0.83113 0.87224 0.9102 0.94287 0.96852 0.98628 0.99638 0.99994 0.99846 0.99339 0.98594 0.97697
0.28822 0.34628 0.2628 0.061947 0.093443 0.18061 0.25786 0.30015 0.29823 0.25336 0.18843 0.13884 0.10708 0.10011 0.11642 0.14616 0.1837 0.22592 0.27077 0.3164 0.36087 0.40224 0.43887 0.4696 0.49406 0.51266 0.52658 0.53767 0.54811 0.56018 0.57585 0.59652 0.62287 0.65482 0.69171 0.73244 0.77562 0.81962 0.86253 0.90223 0.93658 0.96383 0.98312 0.99467 0.99956 0.99933 0.99541 0.98901 0.98101
0.37296 0.40427 0.26895 0.048133 0.12877 0.2161 0.28539 0.32205 0.31541 0.26552 0.19759 0.14807 0.11641 0.10569 0.11557 0.14019 0.17434 0.2142 0.25729 0.3015 0.34478 0.38511 0.42076 0.45055 0.47407 0.49175 0.50483 0.51522 0.52525 0.53729 0.55338 0.57494 0.60257 0.6361 0.67475 0.71731 0.76234 0.80815 0.8528 0.89419 0.93017 0.95897 0.97974 0.99267 0.99887 0.99983 0.99703 0.99165 0.98458
0.47139 0.46629 0.29605 0.10917 0.17658 0.25351 0.31222 0.34121 0.32866 0.27339 0.20254 0.15315 0.12235 0.11001 0.11545 0.13563 0.16646 0.2039 0.24512 0.28783 0.32982 0.369 0.40358 0.43232 0.4548 0.47145 0.48357 0.49318 0.50271 0.51465 0.53112 0.55354 0.58246 0.61757 0.65796 0.70234 0.74918 0.79674 0.8431 0.88612 0.92366 0.95396 0.97615 0.99043 0.99787 1 0.99827 0.99388 0.98772
0.60312 0.53869 0.35538 0.19778 0.23218 0.29084 0.33714 0.3571 0.33774 0.2769 0.20333 0.15435 0.12519 0.11283 0.11554 0.13212 0.15986 0.19487 0.23417 0.2753 0.31594 0.35389 0.38731 0.41492 0.43625 0.45178 0.46284 0.47156 0.4805 0.49228 0.5091 0.53237 0.56257 0.59925 0.64139 0.68756 0.73616 0.78544 0.83344 0.87803 0.91707 0.94882 0.97238 0.98795 0.9966 0.99985 0.99916 0.99573 0.99045
0.74184 0.6162 0.43797 0.29244 0.29019 0.32621 0.35922 0.36947 0.34268 0.27618 0.20021 0.15203 0.12525 0.11415 0.11555 0.12936 0.15431 0.18697 0.22434 0.26385 0.30307 0.33974 0.37194 0.39833 0.41844 0.43275 0.44266 0.45039 0.45865 0.47021 0.48734 0.51146 0.54294 0.5812 0.62506 0.67299 0.72332 0.77426 0.82384 0.86995 0.91044 0.94357 0.96845 0.98526 0.99508 0.99941 0.99973 0.99722 0.99279
0.82047 0.67929 0.5253 0.38288 0.3457 0.35802 0.37787 0.37831 0.34379 0.27161 0.19352 0.14654 0.12291 0.1141 0.11529 0.12712 0.14964 0.18006 0.21553 0.2534 0.29117 0.32651 0.35743 0.38254 0.40136 0.41437 0.42303 0.42968 0.43719 0.44845 0.46587 0.49083 0.5236 0.56344 0.60901 0.65867 0.71069 0.76323 0.81434 0.8619 0.90377 0.93823 0.96437 0.98238 0.99332 0.9987 0.99998 0.99837 0.99476
0.77436 0.70958 0.60144 0.46162 0.39472 0.38507 0.39283 0.38386 0.34155 0.26372 0.18372 0.13832 0.11856 0.11286 0.11471 0.12524 0.14568 0.17403 0.20764 0.24388 0.28019 0.31417 0.34376 0.36755 0.38501 0.39664 0.40397 0.40945 0.41612 0.42704 0.44471 0.47052 0.50458 0.546 0.59326 0.64462 0.69827 0.75237 0.80495 0.85389 0.8971 0.93282 0.96017 0.97932 0.99134 0.99773 0.99995 0.9992 0.99639
0.59896 0.70382 0.65667 0.52352 0.43445 0.40665 0.40415 0.38656 0.33664 0.2532 0.17131 0.12777 0.11259 0.11068 0.11381 0.12358 0.14231 0.16877 0.20059 0.23522 0.27007 0.30267 0.33091 0.35334 0.36939 0.37957 0.38549 0.38971 0.39546 0.40598 0.42389 0.45054 0.48591 0.52891 0.57785 0.63087 0.68611 0.7417 0.79568 0.84595 0.89042 0.92736 0.95586 0.97611 0.98917 0.99652 0.99964 0.99973 0.99769
0.38157 0.67496 0.68703 0.56576 0.46325 0.42249 0.41213 0.38698 0.32982 0.24082 0.15689 0.11531 0.10541 0.1078 0.11264 0.12207 0.13942 0.16416 0.19429 0.22735 0.26075 0.29197 0.31885 0.33988 0.35448 0.36317 0.36759 0.37048 0.37522 0.38529 0.40341 0.43091 0.46762 0.51219 0.5628 0.61744 0.67421 0.73123 0.78655 0.83809 0.88377 0.92185 0.95146 0.97276 0.98681 0.99509 0.99908 0.99998 0.99869
0.31726 0.64102 0.69277 0.58754 0.48049 0.43274 0.41725 0.38578 0.32193 0.22747 0.14107 0.10137 0.097426 0.10447 0.11126 0.12067 0.13692 0.16014 0.18868 0.22023 0.2522 0.28204 0.30756 0.32718 0.3403 0.34743 0.3503 0.35176 0.35541 0.36497 0.38329 0.41167 0.44972 0.49588 0.54812 0.60434 0.66259 0.72099 0.77758 0.83032 0.87714 0.91633 0.94699 0.96929 0.98429 0.99346 0.99829 0.99996 0.99939
0.42949 0.61073 0.67648 0.58961 0.48637 0.43782 0.42004 0.38361 0.31382 0.21407 0.12456 0.086336 0.089074 0.10093 0.10975 0.11935 0.13474 0.15662 0.18368 0.21378 0.24436 0.27285 0.297 0.3152 0.32682 0.33236 0.33361 0.33356 0.33605 0.34504 0.36355 0.39282 0.43224 0.47999 0.53384 0.5916 0.65127 0.71098 0.76878 0.82266 0.87056 0.91078 0.94244 0.9657 0.98161 0.99164 0.99727 0.9997 0.99982
0.51884 0.5794 0.64176 0.57382 0.48167 0.43833 0.42106 0.38106 0.30625 0.20157 0.10817 0.070576 0.080792 0.097416 0.10819 0.11811 0.13283 0.15354 0.17925 0.20796 0.23719 0.26435 0.28715 0.30394 0.31404 0.31796 0.31753 0.31589 0.31713 0.3255 0.3442 0.37439 0.4152 0.46454 0.51997 0.57923 0.64026 0.70121 0.76016 0.81511 0.86403 0.90524 0.93785 0.96202 0.97879 0.98965 0.99605 0.9992 0.99999
0.52042 0.53767 0.59235 0.54265 0.46755 0.43499 0.42081 0.37863 0.29987 0.1909 0.092891 0.05445 0.073052 0.094114 0.10666 0.11695 0.13116 0.15084 0.17531 0.20272 0.23065 0.25652 0.278 0.29339 0.30197 0.30424 0.30208 0.29877 0.29866 0.30636 0.32524 0.35639 0.39862 0.44955 0.50654 0.56723 0.62957 0.69169 0.75172 0.80768 0.85757 0.8997 0.93321 0.95825 0.97585 0.98749 0.99463 0.99848 0.99993
0.44175 0.4816 0.53186 0.49887 0.44544 0.42856 0.41967 0.37665 0.29515 0.18283 0.080012 0.038322 0.066357 0.091194 0.10521 0.11587 0.12969 0.1485 0.17183 0.19802 0.22471 0.24932 0.26951 0.28352 0.29059 0.2912 0.28726 0.28219 0.28065 0.28761 0.30669 0.33884 0.38253 0.43504 0.49356 0.55563 0.61921 0.68244 0.74348 0.80039 0.85117 0.89419 0.92854 0.9544 0.9728 0.98519 0.99304 0.99756 0.99963
0.31904 0.41544 0.46379 0.44537 0.4169 0.4198 0.41795 0.37531 0.29235 0.17792 0.071107 0.022704 0.061202 0.088782 0.1039 0.11488 0.12841 0.14646 0.16877 0.19382 0.21933 0.24273 0.26166 0.27432 0.2799 0.27885 0.27309 0.26618 0.26311 0.26927 0.28855 0.32175 0.36694 0.42103 0.48104 0.54444 0.60918 0.67345 0.73544 0.79323 0.84486 0.88869 0.92385 0.95049 0.96964 0.98275 0.99129 0.99645 0.99912
0.19596 0.34816 0.39159 0.38497 0.38367 0.40948 0.41582 0.37463 0.29149 0.17634 0.067608 0.0097167 0.057999 0.086957 0.10275 0.11399 0.1273 0.1447 0.16609 0.19009 0.21447 0.23672 0.25444 0.26578 0.2699 0.26719 0.25957 0.25075 0.24604 0.25133 0.27083 0.30514 0.35186 0.40754 0.46899 0.53365 0.59949 0.66473 0.7276 0.78621 0.83863 0.88323 0.91915 0.94653 0.96639 0.98019 0.98938 0.99516 0.99842
0.11196 0.28818 0.31876 0.3203 0.34765 0.39831 0.41339 0.37452 0.29241 0.17791 0.069847 0.012892 0.05694 0.08575 0.1018 0.11321 0.12634 0.1432 0.16377 0.18678 0.21012 0.23127 0.24782 0.25789 0.26058 0.25622 0.24673 0.23591 0.22944 0.23379 0.25353 0.28903 0.33733 0.39457 0.45741 0.52328 0.59015 0.65629 0.71998 0.77934 0.83249 0.87781 0.91444 0.94251 0.96305 0.9775 0.98732 0.9937 0.99752
0.10925 0.23965 0.24901 0.25374 0.31095 0.38702 0.41067 0.37482 0.29479 0.18213 0.076671 0.025932 0.057908 0.085145 0.10105 0.11255 0.12554 0.14193 0.16176 0.18388 0.20623 0.22634 0.24178 0.25064 0.25194 0.24596 0.23458 0.22168 0.21332 0.21665 0.23667 0.27344 0.32336 0.38215 0.44633 0.51332 0.58115 0.64813 0.71256 0.77263 0.82645 0.87244 0.90972 0.93846 0.95964 0.97472 0.98514 0.99208 0.99645
0.15698 0.20293 0.18643 0.18728 0.27605 0.37621 0.40765 0.37528 0.29824 0.18833 0.086294 0.039226 0.060516 0.085089 0.10051 0.112 0.12488 0.14087 0.16006 0.18135 0.20279 0.22191 0.2363 0.244 0.24398 0.23641 0.22314 0.20809 0.1977 0.19991 0.22025 0.25838 0.30996 0.37028 0.43575 0.5038 0.57251 0.64024 0.70535 0.76606 0.82051 0.86711 0.90502 0.93437 0.95616 0.97184 0.98283 0.99033 0.99521
0.2098 0.17792 0.13589 0.12249 0.24579 0.36643 0.40427 0.37568 0.30235 0.19578 0.097195 0.051805 0.064255 0.0855 0.10016 0.11158 0.12436 0.14002 0.15863 0.17918 0.19976 0.21797 0.23137 0.23797 0.23668 0.22759 0.21243 0.19516 0.18258 0.18357 0.20429 0.24389 0.29716 0.35898 0.42566 0.49469 0.56421 0.63263 0.69836 0.75965 0.81467 0.86184 0.90033 0.93026 0.95263 0.96887 0.98041 0.98843 0.99382
0.26351 0.16432 0.10322 0.060449 0.22325 0.35805 0.40046 0.37577 0.3067 0.20385 0.10835 0.063432 0.068636 0.086282 0.099985 0.11127 0.12398 0.13937 0.15747 0.17734 0.19714 0.21449 0.22696 0.23254 0.23005 0.21949 0.20247 0.18292 0.168 0.16761 0.18878 0.22998 0.28498 0.34825 0.41608 0.48601 0.55626 0.6253 0.69159 0.7534 0.80893 0.85663 0.89565 0.92613 0.94904 0.96582 0.97788 0.98641 0.99228
0.31623 0.15745 0.091913 0.0063885 0.21106 0.35123 0.39612 0.37536 0.31095 0.21198 0.11911 0.073998 0.073261 0.087334 0.099973 0.11109 0.12374 0.13889 0.15655 0.17581 0.19488 0.21144 0.22306 0.22768 0.22407 0.21212 0.1933 0.17142 0.15396 0.15205 0.17375 0.21668 0.27344 0.33811 0.407 0.47775 0.54865 0.61824 0.68502 0.7473 0.8033 0.85148 0.891 0.92198 0.94541 0.9627 0.97526 0.98428 0.99061
0.35564 0.14754 0.096752 0.053917 0.21023 0.34594 0.39117 0.37427 0.3148 0.21977 0.1291 0.08344 0.077833 0.088559 0.1001 0.11102 0.12362 0.13858 0.15585 0.17457 0.19299 0.20882 0.21964 0.22339 0.21874 0.20549 0.18493 0.1607 0.1405 0.13686 0.15922 0.20403 0.26255 0.32856 0.39843 0.46991 0.54139 0.61146 0.67866 0.74136 0.79778 0.84639 0.88637 0.91783 0.94174 0.95951 0.97256 0.98203 0.98882
0.36818 0.12512 0.10905 0.10538 0.21934 0.34194 0.38551 0.37238 0.31804 0.22689 0.13806 0.091723 0.082143 0.089869 0.10035 0.11107 0.12362 0.13844 0.15538 0.17361 0.19143 0.20659 0.21669 0.21963 0.21405 0.1996 0.17739 0.15083 0.12767 0.12206 0.1452 0.19206 0.25234 0.31961 0.39037 0.46249 0.53446 0.60494 0.67252 0.73557 0.79236 0.84137 0.88177 0.91367 0.93804 0.95627 0.96977 0.97969 0.9869
0.35134 0.085707 0.1256 0.15356 0.23532 0.33881 0.37906 0.36962 0.32049 0.23311 0.14585 0.098828 0.086046 0.09119 0.1007 0.11123 0.12375 0.13845 0.15511 0.17291 0.19019 0.20475 0.21419 0.21641 0.20998 0.19444 0.17071 0.14185 0.11554 0.10763 0.13175 0.18081 0.24283 0.31126 0.3828 0.45547 0.52786 0.59869 0.66658 0.72994 0.78705 0.83642 0.8772 0.90951 0.9343 0.95297 0.9669 0.97725 0.98488
0.3212 0.033177 0.14767 0.19863 0.25483 0.33602 0.37173 0.36595 0.32205 0.2383 0.15238 0.10475 0.089447 0.092463 0.10113 0.11149 0.124 0.13861 0.15503 0.17245 0.18925 0.20326 0.21211 0.21369 0.20651 0.19002 0.1649 0.13384 0.10418 0.09357 0.1189 0.17034 0.23404 0.30352 0.37573 0.44887 0.52159 0.59269 0.66084 0.72445 0.78185 0.83153 0.87266 0.90535 0.93055 0.94963 0.96397 0.97473 0.98275
0.30959 0.048131 0.17702 0.24067 0.27509 0.33303 0.36347 0.36136 0.32267 0.24236 0.15761 0.1095 0.092287 0.093643 0.10163 0.11186 0.12437 0.13891 0.15514 0.17222 0.1886 0.20212 0.21044 0.21145 0.20363 0.18632 0.15997 0.12686 0.093723 0.079878 0.10672 0.1607 0.22598 0.29638 0.36916 0.44265 0.51564 0.58695 0.65529 0.71912 0.77676 0.82672 0.86816 0.90121 0.92678 0.94624 0.96098 0.97212 0.98053
0.33333 0.11877 0.21368 0.27961 0.29408 0.32926 0.35422 0.35588 0.32233 0.24523 0.16153 0.11308 0.094534 0.094696 0.10218 0.11232 0.12484 0.13934 0.15541 0.17221 0.18821 0.20129 0.20916 0.20968 0.20132 0.18332 0.15593 0.12099 0.084325 0.066553 0.095318 0.15194 0.21867 0.28985 0.36306 0.43683 0.51 0.58146 0.64995 0.71394 0.77177 0.82197 0.8637 0.89707 0.92299 0.94282 0.95793 0.96945 0.97822
0.3676 0.18923 0.25588 0.31522 0.31042 0.32424 0.34398 0.34958 0.32104 0.24692 0.16414 0.11553 0.096173 0.095604 0.10278 0.11287 0.12543 0.13991 0.15585 0.17241 0.18807 0.20077 0.20823 0.20835 0.19955 0.181 0.15278 0.11628 0.076198 0.053596 0.084823 0.14413 0.21212 0.28391 0.35744 0.43138 0.50466 0.57621 0.64479 0.7089 0.76689 0.8173 0.85929 0.89294 0.91919 0.93936 0.95482 0.9667 0.97583
0.37491 0.2526 0.30103 0.34715 0.3232 0.31757 0.33276 0.34254 0.31886 0.24742 0.16547 0.11687 0.097209 0.096355 0.10342 0.11352 0.12612 0.14059 0.15644 0.1728 0.18817 0.20054 0.20766 0.20744 0.19829 0.17933 0.15049 0.11276 0.069596 0.041019 0.07543 0.13732 0.20634 0.27857 0.35229 0.42631 0.49962 0.57119 0.63981 0.704 0.76212 0.8127 0.85491 0.88884 0.91538 0.93588 0.95168 0.9639 0.97336
0.33474 0.30656 0.34654 0.37498 0.33187 0.30895 0.32058 0.33486 0.31583 0.24679 0.16554 0.11713 0.097657 0.096951 0.10409 0.11425 0.1269 0.1414 0.15717 0.17336 0.18849 0.20057 0.2074 0.20691 0.19752 0.17828 0.14904 0.11045 0.064794 0.028866 0.067401 0.13157 0.20132 0.2738 0.34758 0.42159 0.49486 0.56641 0.63502 0.69925 0.75745 0.80817 0.85058 0.88475 0.91157 0.93237 0.94849 0.96103 0.97082
0.25195 0.35189 0.39016 0.39833 0.33614 0.29821 0.30755 0.32666 0.31206 0.24507 0.16441 0.11637 0.097543 0.097399 0.10479 0.11506 0.12778 0.14231 0.15804 0.1741 0.18902 0.20085 0.20745 0.20675 0.1972 0.17782 0.14838 0.10932 0.062019 0.017306 0.061067 0.12693 0.19707 0.2696 0.34331 0.41721 0.49038 0.56184 0.6304 0.69462 0.75288 0.80371 0.84629 0.88068 0.90776 0.92884 0.94526 0.95812 0.96822
0.17275 0.39108 0.43021 0.4169 0.33596 0.28528 0.29376 0.31807 0.30762 0.24233 0.16212 0.11462 0.096903 0.097714 0.10553 0.11595 0.12876 0.14333 0.15904 0.17499 0.18974 0.20137 0.20777 0.20694 0.1973 0.1779 0.14846 0.10931 0.061365 0.0075484 0.056782 0.12341 0.19357 0.26595 0.33947 0.41318 0.48617 0.55749 0.62596 0.69013 0.74841 0.79932 0.84204 0.87663 0.90395 0.9253 0.942 0.95515 0.96555
0.20203 0.42663 0.46558 0.43057 0.33144 0.27017 0.27937 0.30924 0.30262 0.23865 0.15874 0.11192 0.095783 0.097916 0.10631 0.11691 0.12981 0.14444 0.16016 0.17603 0.19064 0.2021 0.20836 0.20743 0.19779 0.17849 0.14922 0.11034 0.062729 0.0092024 0.054815 0.12102 0.19081 0.26284 0.33604 0.40946 0.48221 0.55334 0.62167 0.68577 0.74403 0.795 0.83784 0.8726 0.90014 0.92174 0.93872 0.95215 0.96283
0.31408 0.45972 0.49568 0.43941 0.32289 0.253 0.26455 0.30031 0.29716 0.23412 0.15433 0.10834 0.094235 0.09803 0.10712 0.11795 0.13096 0.14565 0.16138 0.1772 0.1917 0.20303 0.20918 0.20822 0.19865 0.17953 0.15061 0.1123 0.065835 0.019026 0.055217 0.11975 0.18875 0.26023 0.33299 0.40605 0.47851 0.54939 0.61755 0.68154 0.73976 0.79076 0.83369 0.8686 0.89634 0.91817 0.9354 0.9491 0.96006
0.42088 0.49001 0.52036 0.44373 0.31076 0.23396 0.2495 0.29143 0.29136 0.22884 0.14897 0.10393 0.092321 0.098085 0.10799 0.11906 0.13218 0.14695 0.16272 0.17851 0.19292 0.20415 0.21023 0.20927 0.19982 0.18098 0.15255 0.11506 0.070318 0.029442 0.057758 0.11952 0.18737 0.25812 0.33032 0.40294 0.47503 0.54564 0.61358 0.67743 0.73557 0.78657 0.82958 0.86463 0.89254 0.9146 0.93207 0.94602 0.95725
0.49052 0.51637 0.53986 0.44402 0.29561 0.21327 0.23446 0.28275 0.28533 0.22293 0.14273 0.098753 0.090111 0.098113 0.1089 0.12024 0.13347 0.14833 0.16415 0.17993 0.19428 0.20544 0.21147 0.21057 0.2013 0.18281 0.15497 0.1185 0.075819 0.039761 0.06202 0.12027 0.18663 0.25646 0.32801 0.40011 0.47179 0.54207 0.60976 0.67343 0.73148 0.78246 0.82552 0.86068 0.88876 0.91101 0.92871 0.94291 0.95439
0.51528 0.5379 0.55471 0.441 0.27817 0.1912 0.21968 0.2744 0.27918 0.21651 0.13571 0.092863 0.087685 0.098148 0.10987 0.12148 0.13483 0.14979 0.16567 0.18146 0.19577 0.20688 0.21291 0.21208 0.20303 0.18496 0.15781 0.1225 0.082031 0.049866 0.06754 0.12191 0.18649 0.25525 0.32603 0.39755 0.46876 0.53867 0.60608 0.66955 0.72748 0.77842 0.8215 0.85676 0.88499 0.90743 0.92534 0.93977 0.95149
0.50034 0.55449 0.56561 0.4355 0.25925 0.16807 0.20545 0.26652 0.27304 0.2097 0.128 0.086332 0.085131 0.098223 0.11089 0.12278 0.13626 0.15133 0.16728 0.18309 0.19738 0.20846 0.2145 0.21379 0.20501 0.18741 0.16102 0.12695 0.088717 0.059724 0.073919 0.12432 0.18691 0.25445 0.32438 0.39524 0.46594 0.53544 0.60253 0.66578 0.72356 0.77444 0.81754 0.85287 0.88123 0.90384 0.92195 0.9366 0.94856
0.45899 0.567 0.57335 0.42847 0.23979 0.14416 0.19206 0.25922 0.26703 0.20266 0.11972 0.079234 0.082547 0.098372 0.11199 0.12415 0.13776 0.15293 0.16896 0.18481 0.1991 0.21017 0.21625 0.21568 0.20719 0.1901 0.16452 0.13176 0.0957 0.069328 0.080852 0.1274 0.18783 0.25403 0.32302 0.39318 0.46332 0.53238 0.59912 0.66211 0.71973 0.77052 0.81361 0.84901 0.87749 0.90026 0.91856 0.93342 0.94559
0.40931 0.57688 0.57872 0.42082 0.22083 0.11978 0.17982 0.25263 0.26125 0.19555 0.11098 0.07165 0.080042 0.098626 0.11315 0.12557 0.13931 0.15459 0.17072 0.18662 0.20092 0.212 0.21814 0.21773 0.20956 0.193 0.16828 0.13684 0.10285 0.078675 0.088122 0.13104 0.1892 0.25397 0.32195 0.39134 0.46089 0.52947 0.59584 0.65855 0.71598 0.76667 0.80974 0.84518 0.87376 0.89667 0.91515 0.93021 0.9426
0.3716 0.58568 0.58239 0.4134 0.20349 0.095242 0.16904 0.24682 0.25582 0.18853 0.10194 0.063676 0.077729 0.099016 0.11439 0.12705 0.14091 0.15631 0.17254 0.1885 0.20283 0.21393 0.22015 0.21991 0.21208 0.19609 0.17224 0.14212 0.11008 0.087768 0.095573 0.13514 0.19098 0.25424 0.32114 0.38972 0.45863 0.5267 0.59268 0.65509 0.71231 0.76287 0.8059 0.84138 0.87005 0.8931 0.91174 0.92699 0.93958
0.36358 0.59457 0.5849 0.40689 0.18889 0.070817 0.16003 0.24189 0.25087 0.1818 0.092787 0.055432 0.075729 0.099566 0.1157 0.12858 0.14257 0.15809 0.17442 0.19045 0.20482 0.21596 0.22226 0.22222 0.21474 0.19933 0.17636 0.14754 0.11732 0.096611 0.1031 0.13961 0.19312 0.2548 0.32058 0.3883 0.45654 0.52408 0.58963 0.65172 0.70872 0.75914 0.80212 0.83761 0.86635 0.88953 0.90832 0.92375 0.93653
0.39053 0.60398 0.58656 0.40173 0.17805 0.046828 0.15304 0.23789 0.24651 0.17556 0.083768 0.047081 0.074158 0.1003 0.11709 0.13016 0.14427 0.15992 0.17636 0.19247 0.20688 0.21807 0.22447 0.22463 0.21752 0.2027 0.18061 0.15305 0.12453 0.10521 0.11063 0.14436 0.19557 0.25564 0.32024 0.38707 0.45461 0.52159 0.5867 0.64845 0.7052 0.75547 0.79838 0.83387 0.86268 0.88596 0.90491 0.9205 0.93347
0.44214 0.61363 0.58747 0.39809 0.17167 0.023939 0.14828 0.23487 0.24284 0.17002 0.075206 0.038882 0.073126 0.10122 0.11855 0.13179 0.14602 0.1618 0.17836 0.19454 0.20901 0.22025 0.22676 0.22714 0.2204 0.20617 0.18495 0.15862 0.13166 0.11356 0.11811 0.14934 0.1983 0.25672 0.32011 0.38601 0.45282 0.51922 0.58387 0.64526 0.70175 0.75186 0.79468 0.83016 0.85903 0.88241 0.90149 0.91724 0.93039
0.50189 0.62261 0.58754 0.39591 0.16992 0.008899 0.14584 0.23287 0.23996 0.16539 0.067542 0.031302 0.072722 0.10236 0.12009 0.13346 0.1478 0.16372 0.18039 0.19667 0.21119 0.2225 0.22912 0.22972 0.22336 0.20972 0.18935 0.16421 0.13869 0.12169 0.12551 0.15447 0.20125 0.25802 0.32017 0.38513 0.45118 0.51698 0.58115 0.64216 0.69838 0.7483 0.79103 0.82649 0.85539 0.87886 0.89807 0.91397 0.92729
0.55525 0.62973 0.58654 0.39489 0.17239 0.024986 0.14571 0.23192 0.23796 0.16188 0.061359 0.025252 0.073008 0.1037 0.12171 0.13518 0.14963 0.16567 0.18247 0.19884 0.21343 0.2248 0.23154 0.23236 0.22639 0.21333 0.1938 0.16979 0.14561 0.12958 0.1328 0.15972 0.2044 0.25951 0.32041 0.38439 0.44967 0.51485 0.57852 0.63915 0.69507 0.7448 0.78742 0.82285 0.85178 0.87533 0.89465 0.9107 0.92418
0.59192 0.63379 0.58412 0.39461 0.17823 0.045762 0.14777 0.23201 0.23691 0.15966 0.05734 0.022322 0.074012 0.10525 0.12339 0.13693 0.15149 0.16767 0.18459 0.20105 0.21571 0.22715 0.23401 0.23506 0.22946 0.21698 0.19827 0.17534 0.15241 0.13724 0.13995 0.16503 0.20771 0.26118 0.32081 0.3838 0.44829 0.51282 0.57598 0.63621 0.69183 0.74135 0.78385 0.81924 0.84819 0.87181 0.89124 0.90743 0.92106
0.60612 0.63385 0.57995 0.39457 0.18638 0.066143 0.1518 0.23314 0.23688 0.15886 0.056101 0.023874 0.075725 0.107 0.12514 0.13871 0.15338 0.16969 0.18674 0.2033 0.21802 0.22955 0.23653 0.2378 0.23258 0.22066 0.20275 0.18084 0.15906 0.14469 0.14697 0.17038 0.21115 0.26301 0.32136 0.38333 0.44702 0.5109 0.57353 0.63335 0.68866 0.73796 0.78033 0.81566 0.84462 0.86831 0.88783 0.90415 0.91793
0.59664 0.62942 0.57368 0.39428 0.19586 0.085736 0.15756 0.23531 0.2379 0.15955 0.057903 0.029268 0.078104 0.10894 0.12695 0.14053 0.1553 0.17175 0.18893 0.20557 0.22037 0.23197 0.23908 0.24058 0.23572 0.22436 0.20721 0.18628 0.16558 0.15193 0.15383 0.17574 0.21469 0.26496 0.32204 0.38299 0.44585 0.50907 0.57117 0.63055 0.68554 0.73462 0.77684 0.81211 0.84108 0.86482 0.88444 0.90087 0.91479
0.5666 0.62044 0.56505 0.39328 0.20581 0.10446 0.16478 0.23849 0.23997 0.16176 0.062507 0.036847 0.081081 0.11105 0.12881 0.14238 0.15725 0.17383 0.19113 0.20788 0.22275 0.23442 0.24166 0.24338 0.23888 0.22806 0.21165 0.19165 0.17194 0.15895 0.16054 0.18108 0.21831 0.26703 0.32283 0.38276 0.44479 0.50734 0.56889 0.62783 0.68249 0.73132 0.7734 0.8086 0.83756 0.86134 0.88104 0.89759 0.91165
0.52256 0.6073 0.55384 0.39121 0.21562 0.12231 0.17322 0.24266 0.24308 0.16541 0.069331 0.045483 0.084571 0.11332 0.13072 0.14425 0.15922 0.17594 0.19336 0.2102 0.22514 0.2369 0.24426 0.24619 0.24205 0.23175 0.21605 0.19693 0.17815 0.16577 0.16709 0.18639 0.22199 0.26919 0.32373 0.38263 0.44382 0.50568 0.56668 0.62518 0.67949 0.72808 0.77 0.80512 0.83406 0.85788 0.87766 0.89431 0.9085
0.47295 0.59066 0.53995 0.38775 0.2248 0.1393 0.18266 0.24776 0.24721 0.17039 0.07773 0.054599 0.088484 0.11571 0.13266 0.14614 0.16121 0.17807 0.19562 0.21254 0.22755 0.23938 0.24687 0.24902 0.24522 0.23543 0.22041 0.20213 0.18422 0.1724 0.17347 0.19164 0.22571 0.27143 0.32472 0.38259 0.44294 0.50411 0.56454 0.62259 0.67655 0.72488 0.76664 0.80167 0.83059 0.85444 0.87429 0.89104 0.90535
0.42605 0.57134 0.52335 0.38271 0.23306 0.15546 0.19294 0.25375 0.25229 0.17656 0.087159 0.063895 0.092726 0.11822 0.13465 0.14805 0.16322 0.18022 0.19788 0.2149 0.22998 0.24188 0.24949 0.25184 0.24838 0.23908 0.22472 0.20723 0.19013 0.17883 0.1797 0.19682 0.22944 0.27374 0.32579 0.38264 0.44214 0.50262 0.56247 0.62006 0.67366 0.72173 0.76331 0.79825 0.82714 0.85101 0.87093 0.88777 0.9022
0.38804 0.55011 0.50408 0.37595 0.24017 0.17086 0.2039 0.26058 0.25826 0.18374 0.097213 0.0732 0.097211 0.12081 0.13666 0.14998 0.16525 0.18238 0.20016 0.21727 0.23241 0.24439 0.25211 0.25467 0.25153 0.24269 0.22896 0.21223 0.19589 0.18507 0.18576 0.20194 0.23319 0.2761 0.32694 0.38276 0.44142 0.50119 0.56047 0.61759 0.67082 0.71863 0.76003 0.79486 0.82372 0.84761 0.86758 0.88451 0.89904
0.36166 0.52757 0.48227 0.36739 0.24602 0.18553 0.21543 0.26818 0.26501 0.19174 0.1076 0.0824 0.10186 0.12346 0.13869 0.15192 0.16729 0.18456 0.20246 0.21964 0.23485 0.2469 0.25473 0.25748 0.25465 0.24628 0.23315 0.21713 0.20149 0.19112 0.19166 0.20696 0.23692 0.2785 0.32814 0.38295 0.44076 0.49983 0.55852 0.61517 0.66804 0.71557 0.75678 0.79151 0.82032 0.84422 0.86424 0.88126 0.8959
0.34645 0.50408 0.45807 0.357 0.25054 0.19952 0.22742 0.27648 0.27246 0.20037 0.1181 0.091417 0.10659 0.12616 0.14073 0.15388 0.16935 0.18675 0.20476 0.22202 0.23729 0.2494 0.25734 0.26028 0.25776 0.24981 0.23726 0.22192 0.20695 0.197 0.1974 0.2119 0.24064 0.28093 0.3294 0.38321 0.44017 0.49853 0.55664 0.61281 0.6653 0.71255 0.75357 0.78818 0.81695 0.84085 0.86092 0.87801 0.89275
0.34034 0.4797 0.43172 0.3448 0.25373 0.21291 0.2398 0.2854 0.28051 0.20947 0.12856 0.10019 0.11134 0.12887 0.14277 0.15584 0.17141 0.18895 0.20706 0.22441 0.23972 0.2519 0.25994 0.26306 0.26083 0.25331 0.2413 0.2266 0.21226 0.20271 0.20299 0.21674 0.24434 0.28338 0.33071 0.38352 0.43964 0.49729 0.55481 0.6105 0.66261 0.70958 0.7504 0.78489 0.8136 0.8375 0.85761 0.87477 0.88961
0.34107 0.45425 0.40349 0.33084 0.2556 0.22573 0.25248 0.29487 0.28903 0.21887 0.13886 0.10867 0.11607 0.13157 0.14482 0.15781 0.17349 0.19115 0.20937 0.22678 0.24216 0.25439 0.26253 0.26582 0.26386 0.25675 0.24527 0.23118 0.21743 0.20824 0.20842 0.22148 0.248 0.28585 0.33205 0.38387 0.43915 0.4961 0.55303 0.60824 0.65997 0.70664 0.74726 0.78162 0.81028 0.83417 0.85432 0.87155 0.88647
0.34677 0.42742 0.37371 0.31516 0.25623 0.23806 0.2654 0.3048 0.29794 0.22843 0.1489 0.11681 0.12071 0.13426 0.14686 0.15978 0.17558 0.19337 0.21168 0.22916 0.24458 0.25686 0.26509 0.26855 0.26686 0.26013 0.24915 0.23564 0.22245 0.21361 0.21369 0.22612 0.25161 0.28831 0.33342 0.38427 0.43872 0.49496 0.55131 0.60603 0.65737 0.70375 0.74416 0.77839 0.80698 0.83086 0.85104 0.86833 0.88334
0.35552 0.39888 0.34273 0.29787 0.25573 0.24994 0.2785 0.3151 0.30711 0.23803 0.15861 0.12458 0.12523 0.1369 0.14889 0.16176 0.17767 0.19558 0.21399 0.23153 0.24699 0.25932 0.26764 0.27126 0.26982 0.26346 0.25296 0.24 0.22733 0.21882 0.21882 0.23066 0.25518 0.29077 0.33481 0.38471 0.43833 0.49387 0.54963 0.60386 0.65481 0.70089 0.74109 0.77519 0.80371 0.82757 0.84777 0.86512 0.88021
0.36518 0.36842 0.31099 0.27904 0.25423 0.26144 0.29172 0.32569 0.31646 0.24755 0.16793 0.13195 0.12958 0.13949 0.15091 0.16374 0.17976 0.1978 0.2163 0.23389 0.24939 0.26176 0.27016 0.27393 0.27274 0.26673 0.25669 0.24425 0.23207 0.22387 0.22379 0.23509 0.25869 0.29322 0.33622 0.38518 0.43799 0.49282 0.54799 0.60174 0.65229 0.69807 0.73805 0.77201 0.80046 0.82431 0.84453 0.86193 0.8771
0.37355 0.33608 0.27896 0.25879 0.25191 0.2726 0.30498 0.33648 0.32587 0.25689 0.1768 0.1389 0.13375 0.14201 0.1529 0.16571 0.18187 0.20003 0.21861 0.23624 0.25177 0.26418 0.27266 0.27657 0.27561 0.26994 0.26033 0.24839 0.23668 0.22877 0.22863 0.23941 0.26215 0.29566 0.33764 0.38568 0.43767 0.49182 0.54639 0.59965 0.64982 0.69529 0.73505 0.76887 0.79724 0.82106 0.8413 0.85875 0.87399
0.37893 0.3022 0.24713 0.23722 0.249 0.2835 0.31825 0.34738 0.33526 0.26596 0.18519 0.1454 0.1377 0.14445 0.15487 0.16769 0.18397 0.20225 0.2209 0.23858 0.25413 0.26658 0.27512 0.27917 0.27843 0.27309 0.26389 0.25242 0.24116 0.23352 0.23332 0.24363 0.26554 0.29807 0.33907 0.3862 0.43739 0.49085 0.54484 0.59761 0.64738 0.69254 0.73209 0.76576 0.79404 0.81784 0.83809 0.85558 0.87089
0.38069 0.26759 0.21605 0.21446 0.24577 0.29417 0.33147 0.35831 0.34455 0.2747 0.19305 0.15144 0.14142 0.1468 0.15682 0.16966 0.18608 0.20447 0.22319 0.24091 0.25648 0.26895 0.27756 0.28173 0.28121 0.27617 0.26737 0.25634 0.2455 0.23812 0.23787 0.24773 0.26887 0.30046 0.3405 0.38674 0.43714 0.48991 0.54332 0.5956 0.64497 0.68983 0.72915 0.76267 0.79087 0.81463 0.83489 0.85243 0.8678
0.37955 0.2335 0.18627 0.19064 0.24252 0.30468 0.34457 0.3692 0.35366 0.28303 0.20036 0.157 0.14488 0.14904 0.15873 0.17163 0.18818 0.20668 0.22547 0.24322 0.2588 0.2713 0.27996 0.28425 0.28393 0.27918 0.27076 0.26016 0.24972 0.24259 0.24229 0.25173 0.27214 0.30282 0.34192 0.38729 0.43692 0.48901 0.54183 0.59363 0.6426 0.68716 0.72625 0.75961 0.78773 0.81145 0.83171 0.84929 0.86472
0.37749 0.20169 0.15835 0.1659 0.2396 0.31508 0.35752 0.37997 0.3625 0.29089 0.20709 0.16207 0.14807 0.15118 0.16062 0.1736 0.19029 0.2089 0.22774 0.24551 0.2611 0.27361 0.28233 0.28673 0.2866 0.28214 0.27407 0.26388 0.25381 0.24691 0.24658 0.25563 0.27533 0.30515 0.34335 0.38786 0.43672 0.48814 0.54038 0.59169 0.64027 0.68451 0.72337 0.75659 0.78461 0.80829 0.82856 0.84616 0.86166
0.37713 0.17442 0.1328 0.14041 0.23737 0.3254 0.37025 0.39053 0.37102 0.29825 0.21322 0.16664 0.15099 0.15321 0.16247 0.17556 0.1924 0.2111 0.23 0.24778 0.26338 0.2759 0.28466 0.28917 0.28922 0.28502 0.2773 0.26749 0.25778 0.25111 0.25074 0.25942 0.27846 0.30744 0.34476 0.38844 0.43654 0.48729 0.53896 0.58979 0.63797 0.6819 0.72053 0.75359 0.78151 0.80515 0.82542 0.84305 0.8586
0.38085 0.15403 0.11012 0.11444 0.2362 0.33568 0.38273 0.40084 0.37916 0.30505 0.21874 0.17069 0.15361 0.15512 0.1643 0.17752 0.1945 0.2133 0.23225 0.25004 0.26563 0.27816 0.28696 0.29156 0.29179 0.28784 0.28045 0.271 0.26163 0.25517 0.25477 0.2631 0.28152 0.30969 0.34616 0.38902 0.43638 0.48647 0.53757 0.58792 0.6357 0.67932 0.71772 0.75061 0.77844 0.80204 0.8223 0.83996 0.85556
0.38975 0.1421 0.090788 0.088418 0.23646 0.34596 0.3949 0.41082 0.38686 0.31127 0.22363 0.17424 0.15595 0.15692 0.16609 0.17947 0.1966 0.2155 0.23447 0.25227 0.26785 0.28038 0.28922 0.29391 0.2943 0.29059 0.28351 0.27441 0.26536 0.25911 0.25868 0.26669 0.2845 0.3119 0.34755 0.38961 0.43623 0.48567 0.53621 0.58608 0.63346 0.67677 0.71493 0.74767 0.7754 0.79894 0.8192 0.83688 0.85253
0.4032 0.13827 0.07531 0.063432 0.23844 0.35624 0.40673 0.42042 0.39408 0.31688 0.22789 0.17728 0.15799 0.15859 0.16785 0.18142 0.1987 0.21768 0.23669 0.25448 0.27004 0.28257 0.29144 0.29621 0.29675 0.29328 0.28649 0.27773 0.26898 0.26292 0.26246 0.27017 0.28741 0.31407 0.34892 0.39019 0.43609 0.48489 0.53487 0.58426 0.63126 0.67425 0.71218 0.74475 0.77238 0.79587 0.81611 0.83382 0.84952
0.41916 0.14008 0.064336 0.042796 0.24237 0.36655 0.41818 0.42959 0.40078 0.32185 0.23151 0.17979 0.15973 0.16015 0.16958 0.18336 0.2008 0.21986 0.23888 0.25666 0.27221 0.28472 0.29361 0.29847 0.29915 0.2959 0.28939 0.28094 0.27249 0.26661 0.26613 0.27355 0.29025 0.3162 0.35027 0.39078 0.43597 0.48414 0.53356 0.58248 0.62908 0.67176 0.70945 0.74186 0.76938 0.79282 0.81305 0.83078 0.84652
0.43495 0.14432 0.058717 0.036744 0.24836 0.37688 0.4292 0.43829 0.40692 0.32618 0.23449 0.1818 0.16118 0.1616 0.17128 0.1853 0.20289 0.22202 0.24106 0.25882 0.27434 0.28684 0.29575 0.30067 0.3015 0.29845 0.29222 0.28407 0.2759 0.27019 0.26969 0.27683 0.29301 0.31828 0.3516 0.39136 0.43586 0.4834 0.53227 0.58072 0.62693 0.6693 0.70675 0.73899 0.76641 0.7898 0.81001 0.82775 0.84353
0.44812 0.14847 0.059217 0.051655 0.25643 0.38721 0.43977 0.44647 0.41249 0.32984 0.23682 0.1833 0.16234 0.16293 0.17295 0.18723 0.20498 0.22417 0.24322 0.26096 0.27645 0.28893 0.29785 0.30284 0.30379 0.30094 0.29496 0.2871 0.27919 0.27365 0.27314 0.28002 0.29571 0.32032 0.3529 0.39194 0.43575 0.48267 0.531 0.57898 0.6248 0.66686 0.70408 0.73615 0.76346 0.78679 0.80699 0.82474 0.84056
0.45703 0.15142 0.065935 0.076482 0.26647 0.39754 0.44986 0.45412 0.41745 0.33283 0.23852 0.1843 0.16322 0.16415 0.17459 0.18916 0.20706 0.22631 0.24536 0.26307 0.27852 0.29098 0.29991 0.30495 0.30602 0.30336 0.29763 0.29004 0.28239 0.277 0.27647 0.28311 0.29833 0.32231 0.35418 0.39251 0.43565 0.48196 0.52976 0.57727 0.62271 0.66445 0.70144 0.73334 0.76054 0.78381 0.80398 0.82175 0.8376
0.4611 0.15355 0.078247 0.10456 0.27832 0.40784 0.45944 0.46119 0.4218 0.33516 0.23958 0.1848 0.16382 0.16528 0.17622 0.19109 0.20914 0.22844 0.24748 0.26515 0.28056 0.29299 0.30192 0.30702 0.3082 0.30572 0.30022 0.29289 0.28548 0.28025 0.2797 0.28611 0.30088 0.32425 0.35544 0.39307 0.43555 0.48127 0.52853 0.57559 0.62064 0.66207 0.69882 0.73055 0.75764 0.78085 0.801 0.81878 0.83466
0.46095 0.15662 0.095329 0.13393 0.29172 0.41806 0.46849 0.46768 0.42553 0.33681 0.24001 0.18481 0.16415 0.1663 0.17782 0.19301 0.21121 0.23055 0.24957 0.2672 0.28256 0.29496 0.30389 0.30903 0.31033 0.30801 0.30273 0.29565 0.28847 0.28339 0.28283 0.28902 0.30336 0.32614 0.35667 0.39362 0.43546 0.48058 0.52732 0.57392 0.61859 0.65972 0.69623 0.72779 0.75477 0.77792 0.79804 0.81582 0.83174
0.45825 0.16341 0.11649 0.16383 0.30641 0.42817 0.47699 0.47356 0.42863 0.3378 0.23983 0.18435 0.16422 0.16724 0.1794 0.19493 0.21327 0.23265 0.25165 0.26923 0.28453 0.29689 0.30582 0.311 0.31239 0.31024 0.30517 0.29833 0.29137 0.28643 0.28586 0.29184 0.30577 0.32799 0.35787 0.39416 0.43537 0.47991 0.52613 0.57228 0.61657 0.65739 0.69366 0.72506 0.75192 0.775 0.7951 0.81288 0.82883
0.45548 0.17676 0.14115 0.1939 0.3221 0.43813 0.48492 0.47884 0.43109 0.33815 0.23905 0.18342 0.16405 0.16809 0.18097 0.19684 0.21532 0.23473 0.2537 0.27122 0.28647 0.29879 0.3077 0.31292 0.31441 0.3124 0.30754 0.30093 0.29418 0.28936 0.28879 0.29457 0.30811 0.32979 0.35904 0.39469 0.43528 0.47924 0.52495 0.57065 0.61457 0.65508 0.69112 0.72234 0.74909 0.77211 0.79218 0.80996 0.82593
0.45539 0.19837 0.16879 0.22386 0.33852 0.44789 0.49228 0.4835 0.43294 0.33785 0.23767 0.18204 0.16364 0.16888 0.18253 0.19876 0.21737 0.23679 0.25573 0.27319 0.28838 0.30065 0.30955 0.3148 0.31637 0.31451 0.30984 0.30344 0.29689 0.29221 0.29163 0.29721 0.31038 0.33154 0.36019 0.39521 0.43519 0.47859 0.52379 0.56905 0.61259 0.6528 0.6886 0.71966 0.74629 0.76924 0.78928 0.80706 0.82305
0.46039 0.2282 0.19884 0.25351 0.35539 0.4574 0.49905 0.48754 0.43418 0.33692 0.23572 0.18022 0.16302 0.1696 0.18407 0.20067 0.21941 0.23884 0.25773 0.27513 0.29024 0.30246 0.31135 0.31663 0.31828 0.31655 0.31207 0.30588 0.29952 0.29496 0.29437 0.29978 0.31258 0.33324 0.3613 0.39571 0.43509 0.47794 0.52264 0.56747 0.61063 0.65054 0.68611 0.71699 0.74351 0.76639 0.78639 0.80418 0.82019
0.47185 0.26486 0.23074 0.28267 0.37248 0.46662 0.50524 0.49099 0.43482 0.3354 0.23321 0.17798 0.16219 0.17026 0.18562 0.20258 0.22144 0.24087 0.25971 0.27703 0.29208 0.30424 0.3131 0.3184 0.32013 0.31854 0.31423 0.30824 0.30206 0.29761 0.29702 0.30226 0.31472 0.33489 0.36239 0.3962 0.43499 0.4773 0.52151 0.5659 0.6087 0.64831 0.68364 0.71435 0.74076 0.76356 0.78353 0.80132 0.81735
0.48978 0.30638 0.26387 0.31115 0.38956 0.47549 0.51084 0.49384 0.43488 0.33329 0.23016 0.17533 0.16118 0.17088 0.18715 0.20449 0.22346 0.24289 0.26166 0.27891 0.29388 0.30598 0.31482 0.32014 0.32193 0.32046 0.31632 0.31052 0.30452 0.30018 0.29958 0.30466 0.31679 0.33649 0.36344 0.39667 0.43489 0.47666 0.52038 0.56435 0.60679 0.6461 0.6812 0.71174 0.73802 0.76075 0.78069 0.79847 0.81452
0.51297 0.35072 0.29762 0.33879 0.40644 0.48398 0.51586 0.49611 0.43439 0.33062 0.22658 0.17229 0.15999 0.17146 0.18869 0.2064 0.22547 0.24488 0.26359 0.28075 0.29564 0.30769 0.31649 0.32182 0.32368 0.32233 0.31834 0.31272 0.30689 0.30267 0.30206 0.30698 0.3188 0.33805 0.36446 0.39713 0.43479 0.47603 0.51927 0.56282 0.60489 0.64391 0.67878 0.70914 0.73531 0.75797 0.77788 0.79565 0.81171
0.53947 0.39601 0.33138 0.36544 0.42295 0.49205 0.5203 0.49783 0.43337 0.32743 0.2225 0.16888 0.15866 0.17202 0.19024 0.20831 0.22747 0.24685 0.26549 0.28256 0.29737 0.30935 0.31812 0.32346 0.32538 0.32414 0.3203 0.31486 0.30919 0.30506 0.30446 0.30923 0.32074 0.33956 0.36546 0.39756 0.43468 0.4754 0.51818 0.5613 0.60302 0.64174 0.67638 0.70657 0.73262 0.75521 0.77508 0.79284 0.80892
0.56722 0.44062 0.36458 0.39095 0.43894 0.49966 0.52419 0.49901 0.43185 0.32374 0.21794 0.16511 0.1572 0.17256 0.19178 0.21021 0.22945 0.24881 0.26736 0.28434 0.29906 0.31097 0.31971 0.32505 0.32703 0.32589 0.3222 0.31692 0.3114 0.30738 0.30677 0.3114 0.32263 0.34103 0.36642 0.39799 0.43457 0.47478 0.51709 0.5598 0.60116 0.63959 0.674 0.70402 0.72996 0.75247 0.7723 0.79005 0.80615
0.59438 0.48316 0.39666 0.4152 0.45429 0.50679 0.52752 0.49969 0.42987 0.31957 0.21292 0.161 0.15564 0.1731 0.19334 0.21212 0.23143 0.25074 0.26921 0.28609 0.30071 0.31256 0.32125 0.3266 0.32863 0.32758 0.32403 0.31891 0.31354 0.30962 0.30901 0.3135 0.32445 0.34244 0.36735 0.39839 0.43445 0.47416 0.51601 0.55831 0.59933 0.63746 0.67165 0.7015 0.72731 0.74975 0.76954 0.78728 0.80339
0.61952 0.52248 0.42715 0.43807 0.4689 0.51341 0.53033 0.49989 0.42745 0.31498 0.20746 0.15659 0.15398 0.17364 0.19491 0.21403 0.2334 0.25266 0.27103 0.2878 0.30233 0.3141 0.32276 0.32811 0.33018 0.32922 0.32581 0.32084 0.31561 0.31178 0.31117 0.31553 0.32621 0.34382 0.36825 0.39878 0.43432 0.47354 0.51494 0.55684 0.59751 0.63536 0.66931 0.699 0.72469 0.74705 0.7668 0.78453 0.80065
0.64162 0.55767 0.4556 0.45945 0.48269 0.51949 0.53262 0.49965 0.42465 0.31 0.20159 0.15187 0.15227 0.17419 0.19649 0.21594 0.23535 0.25455 0.27282 0.28949 0.30392 0.31561 0.32422 0.32956 0.33168 0.33081 0.32752 0.3227 0.31761 0.31386 0.31325 0.3175 0.32791 0.34514 0.36911 0.39915 0.43419 0.47293 0.51388 0.55539 0.59571 0.63327 0.667 0.69652 0.72209 0.74438 0.76408 0.7818 0.79793
0.65994 0.58804 0.48165 0.47928 0.49559 0.52504 0.53443 0.499 0.42149 0.30465 0.19533 0.14689 0.15052 0.17477 0.19809 0.21785 0.23729 0.25642 0.27459 0.29114 0.30546 0.31708 0.32564 0.33098 0.33313 0.33235 0.32917 0.32449 0.31953 0.31588 0.31527 0.31939 0.32956 0.34643 0.36995 0.3995 0.43405 0.47232 0.51283 0.55394 0.59392 0.63121 0.66471 0.69406 0.71951 0.74172 0.76139 0.77909 0.79522
0.67393 0.61308 0.505 0.49748 0.50755 0.53004 0.53578 0.49797 0.41802 0.299 0.18871 0.14166 0.14876 0.17539 0.1997 0.21975 0.23922 0.25827 0.27632 0.29275 0.30698 0.31851 0.32702 0.33235 0.33453 0.33383 0.33077 0.32622 0.32139 0.31782 0.31721 0.32122 0.33115 0.34766 0.37076 0.39983 0.4339 0.4717 0.51178 0.55251 0.59216 0.62916 0.66244 0.69162 0.71696 0.73909 0.75871 0.77639 0.79253
0.68309 0.63251 0.52544 0.51403 0.51855 0.53449 0.5367 0.49662 0.41429 0.29307 0.18175 0.13621 0.14701 0.17604 0.20134 0.22166 0.24114 0.2601 0.27803 0.29434 0.30845 0.3199 0.32836 0.33368 0.33589 0.33526 0.33231 0.32789 0.32318 0.31969 0.31908 0.32298 0.33268 0.34886 0.37154 0.40015 0.43374 0.47109 0.51075 0.55109 0.5904 0.62713 0.66019 0.6892 0.71442 0.73647 0.75605 0.77372 0.78986
0.68692 0.64621 0.54279 0.52889 0.52855 0.53839 0.53721 0.49496 0.41034 0.28693 0.17449 0.13057 0.14529 0.17675 0.203 0.22357 0.24304 0.2619 0.27971 0.29589 0.3099 0.32126 0.32966 0.33496 0.33721 0.33665 0.3338 0.3295 0.32491 0.32149 0.32089 0.32469 0.33417 0.35001 0.37228 0.40045 0.43358 0.47048 0.50972 0.54968 0.58867 0.62512 0.65796 0.68681 0.71191 0.73388 0.75341 0.77106 0.78721
0.68495 0.6542 0.55699 0.54205 0.53756 0.54175 0.53735 0.49306 0.40622 0.2806 0.16694 0.12476 0.14365 0.17752 0.20468 0.22548 0.24493 0.26368 0.28135 0.29741 0.3113 0.32257 0.33093 0.33621 0.33848 0.33798 0.33524 0.33106 0.32658 0.32323 0.32263 0.32633 0.33559 0.35113 0.373 0.40073 0.43341 0.46987 0.5087 0.54829 0.58695 0.62313 0.65575 0.68443 0.70941 0.73131 0.7508 0.76843 0.78458
0.67673 0.65667 0.568 0.55354 0.54557 0.54458 0.53714 0.49094 0.40197 0.27416 0.15915 0.11882 0.14209 0.17835 0.20638 0.22739 0.2468 0.26544 0.28297 0.2989 0.31267 0.32386 0.33215 0.33741 0.3397 0.33927 0.33662 0.33255 0.32818 0.32491 0.3243 0.32791 0.33697 0.3522 0.37369 0.40099 0.43323 0.46926 0.50768 0.5469 0.58524 0.62115 0.65356 0.68207 0.70694 0.72876 0.7482 0.76581 0.78196
0.66191 0.65388 0.57585 0.56338 0.5526 0.5469 0.53662 0.48864 0.39765 0.26764 0.15114 0.11278 0.14066 0.17925 0.20811 0.22929 0.24865 0.26717 0.28457 0.30035 0.31401 0.3251 0.33333 0.33857 0.34088 0.34051 0.33795 0.33399 0.32972 0.32652 0.32592 0.32944 0.3383 0.35323 0.37435 0.40123 0.43304 0.46864 0.50667 0.54553 0.58355 0.6192 0.65139 0.67974 0.70449 0.72622 0.74562 0.76321 0.77936
0.64032 0.64621 0.58064 0.57161 0.55866 0.54872 0.53583 0.48621 0.39329 0.26111 0.14295 0.10668 0.13936 0.18023 0.20987 0.2312 0.25049 0.26888 0.28613 0.30178 0.31531 0.32631 0.33448 0.3397 0.34202 0.3417 0.33923 0.33538 0.33121 0.32807 0.32748 0.3309 0.33958 0.35422 0.37498 0.40146 0.43284 0.46803 0.50566 0.54417 0.58188 0.61726 0.64924 0.67743 0.70205 0.72371 0.74306 0.76063 0.77678
0.61208 0.63409 0.58249 0.57828 0.56378 0.55006 0.53478 0.48369 0.38896 0.25463 0.13462 0.10057 0.13824 0.1813 0.21165 0.2331 0.25232 0.27056 0.28766 0.30317 0.31658 0.32748 0.33559 0.34078 0.34312 0.34285 0.34046 0.33671 0.33264 0.32957 0.32897 0.33232 0.34081 0.35518 0.37558 0.40166 0.43264 0.46742 0.50466 0.54282 0.58022 0.61533 0.6471 0.67513 0.69964 0.72122 0.74052 0.75807 0.77422
0.57756 0.618 0.58159 0.58346 0.56799 0.55095 0.53352 0.48112 0.3847 0.24825 0.12618 0.09451 0.13731 0.18245 0.21346 0.235 0.25413 0.27222 0.28916 0.30453 0.31782 0.32862 0.33666 0.34183 0.34418 0.34396 0.34165 0.33799 0.33401 0.331 0.33041 0.33368 0.342 0.35609 0.37616 0.40185 0.43242 0.4668 0.50367 0.54148 0.57857 0.61343 0.64499 0.67285 0.69725 0.71875 0.738 0.75553 0.77168
0.5375 0.59843 0.57813 0.58722 0.57132 0.55141 0.53208 0.47853 0.38055 0.24204 0.1177 0.088554 0.1366 0.18369 0.21529 0.2369 0.25592 0.27386 0.29064 0.30585 0.31902 0.32972 0.3377 0.34283 0.34519 0.34502 0.34278 0.33922 0.33533 0.33239 0.3318 0.33499 0.34314 0.35697 0.37671 0.40202 0.4322 0.46618 0.50268 0.54014 0.57694 0.61154 0.64289 0.6706 0.69488 0.7163 0.7355 0.753 0.76915
0.49295 0.57589 0.57234 0.58965 0.57382 0.55146 0.53048 0.47595 0.37656 0.23607 0.10922 0.082784 0.13611 0.18502 0.21715 0.23879 0.25769 0.27547 0.29208 0.30715 0.32018 0.33079 0.3387 0.3438 0.34617 0.34604 0.34388 0.3404 0.3366 0.33371 0.33313 0.33625 0.34423 0.35781 0.37723 0.40218 0.43196 0.46557 0.50169 0.53882 0.57532 0.60966 0.64081 0.66836 0.69252 0.71387 0.73302 0.7505 0.76664
0.4454 0.55083 0.56448 0.59082 0.57552 0.55113 0.52875 0.47343 0.37277 0.23039 0.10082 0.077296 0.13589 0.18645 0.21904 0.24068 0.25944 0.27705 0.2935 0.30841 0.32132 0.33182 0.33967 0.34474 0.34711 0.34702 0.34493 0.34154 0.33782 0.33499 0.33441 0.33746 0.34528 0.35862 0.37772 0.40231 0.43172 0.46495 0.50071 0.53751 0.57371 0.60781 0.63875 0.66614 0.69019 0.71145 0.73056 0.74801 0.76415
0.39651 0.52371 0.55482 0.59082 0.57645 0.55044 0.52692 0.47098 0.36923 0.22508 0.092578 0.0722 0.13592 0.18797 0.22095 0.24257 0.26118 0.27861 0.29488 0.30964 0.32242 0.33282 0.3406 0.34564 0.34801 0.34796 0.34593 0.34263 0.33899 0.33621 0.33564 0.33862 0.34629 0.35939 0.37819 0.40243 0.43147 0.46432 0.49973 0.5362 0.57211 0.60596 0.63671 0.66394 0.68787 0.70906 0.72811 0.74554 0.76167
