0.1619 0.14545 0.21571 0.28253 0.22491 0.16491 0.2335 0.41479 0.56738 0.57033 0.52161 0.47071 0.40753 0.34556 0.29609 0.25837 0.22941 0.20674 0.18853 0.17365 0.16149 0.15173 0.14412 0.13838 0.13413 0.13096 0.12841 0.12604 0.12344 0.12023 0.11613 0.11091 0.10446 0.096749 0.087859 0.077967 0.067324 0.054966 0.043731 0.034105 0.026138 0.019745 0.014849 0.011421 0.0094167 0.0086248 0.0086382 0.0090771 0.0097584
0.1006 0.16126 0.18713 0.20516 0.26331 0.31594 0.31834 0.27501 0.26547 0.27356 0.29007 0.31319 0.31915 0.30602 0.28318 0.25586 0.22782 0.20255 0.1827 0.1696 0.16301 0.16138 0.16261 0.16482 0.16666 0.1674 0.1667 0.16451 0.16086 0.15581 0.14939 0.14162 0.13255 0.12223 0.1108 0.098454 0.085441 0.070415 0.056845 0.045247 0.035595 0.027672 0.021231 0.01605 0.011925 0.0086893 0.0062694 0.0048337 0.0048008
0.048207 0.058402 0.030913 0.019666 0.10484 0.23852 0.35184 0.38646 0.35528 0.31416 0.29768 0.28597 0.25924 0.22092 0.17756 0.13057 0.081734 0.035925 0.028523 0.065684 0.10188 0.13244 0.15671 0.17482 0.18726 0.1947 0.19792 0.19765 0.19451 0.189 0.18147 0.17213 0.16116 0.1487 0.13495 0.12011 0.10445 0.086258 0.069728 0.055466 0.043426 0.033346 0.024954 0.018045 0.012533 0.0085804 0.006815 0.0075558 0.0097174
0.20443 0.23948 0.18012 0.10656 0.0096902 0.13472 0.28804 0.44073 0.52772 0.5059 0.4717 0.44577 0.40498 0.35625 0.31074 0.27049 0.23655 0.21117 0.19629 0.19191 0.19556 0.20358 0.21279 0.22107 0.22727 0.23092 0.23196 0.23051 0.22679 0.22095 0.21315 0.20346 0.19198 0.17881 0.16409 0.14803 0.13087 0.11034 0.091596 0.075472 0.062017 0.051021 0.042265 0.035595 0.030891 0.027997 0.026657 0.026518 0.027202
0.091044 0.073537 0.13626 0.1227 0.028336 0.16011 0.28685 0.41484 0.52232 0.55197 0.55873 0.56147 0.53777 0.49803 0.45777 0.41982 0.38444 0.35254 0.32519 0.30319 0.28675 0.27546 0.26842 0.26446 0.26239 0.26111 0.25976 0.25772 0.25452 0.24986 0.24353 0.23537 0.22532 0.21334 0.19951 0.18395 0.16683 0.14496 0.12471 0.10722 0.092627 0.0807 0.071137 0.063659 0.058002 0.053902 0.051088 0.049289 0.048254
0.19172 0.40883 0.39332 0.16745 0.1057 0.20103 0.30295 0.396 0.44621 0.44809 0.46409 0.48654 0.48281 0.45754 0.42552 0.39161 0.35804 0.32719 0.30109 0.2811 0.26767 0.26029 0.2578 0.2587 0.26153 0.26503 0.26825 0.27054 0.27147 0.27072 0.26807 0.26336 0.25646 0.24729 0.23582 0.22207 0.20607 0.18355 0.16219 0.14341 0.12751 0.11425 0.10331 0.094359 0.087117 0.081324 0.076737 0.073132 0.070302
0.22983 0.13177 0.12621 0.16559 0.03954 0.10217 0.25692 0.38289 0.42418 0.39507 0.3859 0.38727 0.36648 0.32825 0.28568 0.24339 0.20436 0.17273 0.15332 0.1491 0.15815 0.17504 0.19481 0.21433 0.23199 0.2471 0.25946 0.26913 0.27622 0.28085 0.28305 0.28279 0.27999 0.27454 0.26632 0.25523 0.24115 0.21877 0.19689 0.17728 0.16036 0.14597 0.13377 0.12346 0.11476 0.10742 0.10125 0.09603 0.091597
0.31078 0.26951 0.24309 0.38452 0.31748 0.27703 0.34849 0.47922 0.57063 0.52558 0.45077 0.39082 0.33039 0.27199 0.21879 0.16794 0.11778 0.069438 0.031781 0.044327 0.082387 0.11984 0.15354 0.18291 0.20801 0.22911 0.2466 0.26093 0.27243 0.28135 0.2878 0.29174 0.29305 0.29152 0.28692 0.27898 0.26741 0.24605 0.22452 0.20484 0.18757 0.17262 0.1597 0.14851 0.13881 0.13038 0.12303 0.1166 0.11093
0.21749 0.53357 0.5681 0.3781 0.15933 0.030021 0.061262 0.16721 0.30213 0.35393 0.35843 0.3536 0.33291 0.30287 0.27175 0.24077 0.21081 0.18413 0.1638 0.15255 0.15136 0.15871 0.17169 0.18753 0.20425 0.22064 0.23607 0.25021 0.26289 0.27396 0.28325 0.29049 0.29536 0.29749 0.29646 0.29184 0.28314 0.26361 0.24328 0.22433 0.20747 0.19268 0.17968 0.16823 0.15811 0.14912 0.14111 0.13393 0.12746
0.27941 0.41258 0.39143 0.43006 0.26672 0.13647 0.078763 0.053811 0.099838 0.16349 0.21924 0.26731 0.29136 0.29253 0.28176 0.26486 0.24523 0.22573 0.20855 0.1953 0.18692 0.18367 0.18522 0.1908 0.19944 0.21016 0.22213 0.23469 0.24728 0.25941 0.27062 0.2804 0.28822 0.29353 0.29577 0.29435 0.28862 0.27148 0.25301 0.2355 0.21972 0.20571 0.19325 0.18212 0.17213 0.16311 0.15492 0.14746 0.14062
0.31286 0.59688 0.69539 0.45681 0.14276 0.046967 0.12138 0.17986 0.24173 0.26557 0.27429 0.28146 0.2753 0.25902 0.24021 0.22117 0.20307 0.18723 0.17472 0.16612 0.16156 0.16083 0.16353 0.16921 0.17738 0.18755 0.19925 0.21201 0.22533 0.23872 0.25164 0.26353 0.27376 0.28172 0.28674 0.28816 0.28524 0.27076 0.25458 0.23897 0.22476 0.21203 0.2006 0.19026 0.18085 0.17224 0.16431 0.15697 0.15014
0.16881 0.21821 0.4343 0.43679 0.19735 0.055961 0.10926 0.24827 0.372 0.374 0.32874 0.28555 0.2414 0.20131 0.16878 0.14248 0.12167 0.10688 0.098789 0.097264 0.10105 0.1085 0.11829 0.12962 0.14209 0.1555 0.16966 0.18439 0.19942 0.21442 0.22894 0.2425 0.25453 0.26444 0.27159 0.27532 0.27482 0.26304 0.24932 0.23589 0.22355 0.21243 0.20235 0.19313 0.18465 0.17676 0.1694 0.16248 0.15596
0.21772 0.44271 0.48854 0.33033 0.18787 0.22993 0.34045 0.44397 0.46985 0.3851 0.30337 0.2478 0.19885 0.15551 0.11932 0.088367 0.061279 0.038268 0.023196 0.025919 0.040382 0.05704 0.07384 0.090533 0.10719 0.12387 0.14059 0.1573 0.17384 0.19 0.20548 0.21993 0.2329 0.24392 0.25242 0.25779 0.25925 0.25 0.23876 0.22759 0.21729 0.20794 0.19939 0.1915 0.18412 0.17717 0.17057 0.16428 0.15828
0.049505 0.049667 0.16387 0.27344 0.22268 0.25842 0.34703 0.36812 0.30398 0.23424 0.21127 0.19681 0.17136 0.14135 0.11364 0.089173 0.067676 0.04918 0.034511 0.026479 0.028788 0.039055 0.052889 0.068387 0.084804 0.1017 0.11875 0.13569 0.15227 0.16829 0.18353 0.19774 0.21062 0.22181 0.23087 0.23724 0.24018 0.23325 0.22441 0.21551 0.20726 0.19972 0.19277 0.18625 0.18005 0.1741 0.16836 0.16281 0.15745
0.42143 0.5124 0.36856 0.23149 0.22107 0.28365 0.32396 0.26232 0.10873 0.078235 0.12611 0.13949 0.13158 0.11535 0.098517 0.08319 0.070014 0.059387 0.051564 0.046816 0.045568 0.048264 0.054931 0.064976 0.077473 0.09149 0.10626 0.12122 0.13598 0.15026 0.1639 0.17671 0.18853 0.19909 0.20807 0.21495 0.21901 0.21424 0.20769 0.20099 0.19472 0.18895 0.18353 0.17832 0.17325 0.16827 0.16338 0.15858 0.15392
0.39567 0.42842 0.21071 0.16315 0.20054 0.30699 0.38895 0.37989 0.27657 0.16245 0.11195 0.095757 0.085737 0.074829 0.063847 0.054097 0.046883 0.043152 0.042878 0.045161 0.049076 0.054252 0.060784 0.068832 0.078344 0.089005 0.10037 0.11203 0.12365 0.13501 0.14602 0.15661 0.1667 0.17616 0.18471 0.19189 0.19693 0.19421 0.18986 0.18525 0.18085 0.17668 0.17261 0.16856 0.16447 0.16034 0.15622 0.15214 0.14817
0.10977 0.29787 0.3275 0.29494 0.25817 0.29325 0.36656 0.3612 0.24544 0.11775 0.069009 0.060681 0.054637 0.044653 0.032638 0.020248 0.011364 0.015765 0.02686 0.038081 0.04825 0.057284 0.065485 0.073274 0.080997 0.088828 0.096781 0.10478 0.11276 0.1207 0.12864 0.13666 0.14484 0.15314 0.16132 0.16887 0.17494 0.17427 0.17206 0.16937 0.16661 0.1638 0.16084 0.15769 0.15436 0.15091 0.14742 0.14397 0.14066
0.27232 0.40292 0.3281 0.14249 0.046089 0.21228 0.32814 0.3213 0.18541 0.037864 0.032339 0.054977 0.05591 0.048661 0.039459 0.030508 0.02465 0.025938 0.033718 0.043861 0.053896 0.062866 0.07055 0.077082 0.082732 0.087763 0.092396 0.096799 0.10114 0.10563 0.11053 0.11614 0.12268 0.13019 0.1384 0.14669 0.15404 0.15545 0.15523 0.15424 0.15281 0.15102 0.14883 0.14627 0.14343 0.14043 0.1374 0.13449 0.13179
0.137 0.18823 0.069102 0.24613 0.24894 0.28713 0.36259 0.36691 0.26126 0.13658 0.08838 0.077626 0.071326 0.065599 0.060921 0.056923 0.054008 0.053276 0.055382 0.059839 0.065436 0.071028 0.075906 0.079773 0.082616 0.084571 0.085858 0.08675 0.087589 0.088822 0.090993 0.094657 0.10021 0.1077 0.11668 0.12627 0.13519 0.13865 0.14018 0.14051 0.14001 0.13881 0.13699 0.13467 0.13202 0.12923 0.1265 0.12402 0.12191
0.20208 0.40027 0.40731 0.32187 0.26106 0.29837 0.37907 0.40311 0.32186 0.19021 0.11386 0.085437 0.07804 0.077342 0.077778 0.077529 0.076534 0.075505 0.075174 0.075849 0.077299 0.078979 0.080326 0.080932 0.080599 0.079308 0.077207 0.074595 0.071963 0.070049 0.069819 0.072242 0.077874 0.086514 0.097248 0.10872 0.11938 0.12464 0.12748 0.12863 0.12854 0.12746 0.12558 0.12312 0.12035 0.11753 0.11495 0.11282 0.11129
0.20862 0.33736 0.33407 0.15621 0.054586 0.20876 0.31075 0.33564 0.25625 0.12391 0.051536 0.057853 0.07684 0.087322 0.092426 0.094349 0.09412 0.092606 0.090587 0.088622 0.086907 0.085297 0.083451 0.080989 0.077618 0.073189 0.067737 0.061525 0.055151 0.049768 0.047213 0.049402 0.056836 0.068237 0.081673 0.095314 0.10749 0.11397 0.11746 0.11879 0.11853 0.11707 0.11469 0.11172 0.10853 0.10547 0.1029 0.10109 0.10018
0.057693 0.10679 0.22718 0.26997 0.18999 0.19274 0.2494 0.28876 0.24081 0.12526 0.065014 0.078324 0.09661 0.10534 0.10907 0.10999 0.10878 0.10602 0.10237 0.098397 0.094427 0.090459 0.086248 0.081421 0.07561 0.068546 0.060111 0.050383 0.039769 0.029553 0.023587 0.027691 0.040077 0.05571 0.071947 0.087197 0.10011 0.10686 0.11016 0.11096 0.10996 0.10761 0.10431 0.10049 0.096598 0.093111 0.090462 0.08897 0.088774
0.16577 0.2597 0.32439 0.28871 0.15685 0.10884 0.18285 0.28457 0.31504 0.2392 0.17204 0.14408 0.13407 0.1297 0.12735 0.1249 0.12139 0.11682 0.11163 0.10627 0.10099 0.095747 0.090258 0.084108 0.076885 0.06826 0.05804 0.046146 0.032599 0.017507 0.0012851 0.016466 0.034515 0.052499 0.069603 0.08487 0.097227 0.10314 0.10537 0.10498 0.10269 0.09902 0.094434 0.089431 0.084578 0.080478 0.077686 0.07659 0.077293
0.43609 0.50178 0.38872 0.27799 0.12237 0.051334 0.13806 0.28157 0.35683 0.29595 0.2231 0.1837 0.16305 0.15127 0.14392 0.13781 0.1316 0.1252 0.1189 0.11297 0.10747 0.10214 0.096575 0.0903 0.082913 0.074162 0.064001 0.052636 0.040704 0.029968 0.025097 0.03095 0.043932 0.059197 0.074313 0.087769 0.098297 0.10234 0.10277 0.10062 0.096611 0.091267 0.085068 0.078582 0.072496 0.06759 0.06462 0.064078 0.065978
0.27101 0.12926 0.2011 0.26148 0.11306 0.080301 0.18273 0.30229 0.33922 0.26199 0.20202 0.18376 0.17512 0.16543 0.15587 0.14675 0.13815 0.13043 0.12386 0.11849 0.114 0.10982 0.10535 0.10005 0.093584 0.085845 0.077026 0.067652 0.058719 0.051906 0.049444 0.052792 0.061163 0.072326 0.084073 0.09461 0.10246 0.10393 0.10202 0.097727 0.091709 0.084431 0.076358 0.068093 0.06045 0.054477 0.051297 0.051602 0.055168
0.17624 0.26659 0.34055 0.31036 0.15306 0.15476 0.2575 0.31009 0.24959 0.13392 0.12977 0.16612 0.17868 0.17284 0.1614 0.14958 0.13923 0.13122 0.12575 0.12239 0.12029 0.11847 0.11611 0.11262 0.10777 0.10162 0.094519 0.087124 0.080375 0.075469 0.073626 0.075544 0.080927 0.088571 0.096853 0.10414 0.10894 0.10745 0.10293 0.096297 0.088119 0.078773 0.068652 0.05833 0.048709 0.041222 0.037756 0.039463 0.045425
0.21603 0.35585 0.50862 0.48123 0.35125 0.31279 0.35049 0.34196 0.21422 0.066687 0.12143 0.17333 0.18481 0.17441 0.15869 0.14409 0.13303 0.12642 0.12396 0.12442 0.12617 0.12779 0.12828 0.12715 0.12429 0.11991 0.11449 0.10871 0.1034 0.099452 0.09765 0.098412 0.10156 0.10631 0.11143 0.11554 0.11726 0.11271 0.10549 0.096484 0.086156 0.074765 0.062582 0.05004 0.03795 0.028081 0.024069 0.028384 0.037731
0.15043 0.24939 0.47761 0.5025 0.42214 0.42546 0.48697 0.50393 0.41123 0.27453 0.22045 0.20844 0.19137 0.16762 0.1454 0.12837 0.11836 0.11574 0.11892 0.12519 0.13207 0.13786 0.14164 0.14311 0.14235 0.13974 0.13585 0.13137 0.12706 0.12362 0.12163 0.12136 0.12267 0.12498 0.1273 0.12847 0.12724 0.1197 0.10984 0.098568 0.086251 0.073038 0.059055 0.044521 0.029842 0.016168 0.010538 0.020475 0.03361
0.1754 0.25356 0.3197 0.28162 0.31121 0.45167 0.61161 0.69413 0.62089 0.43135 0.30225 0.23465 0.18699 0.14859 0.11965 0.10131 0.095419 0.10084 0.11277 0.1265 0.13912 0.14921 0.15626 0.16025 0.16152 0.16057 0.15806 0.15468 0.15112 0.14798 0.14572 0.14453 0.14428 0.14448 0.14433 0.14284 0.13891 0.12852 0.1162 0.10286 0.088835 0.074204 0.059012 0.043382 0.027536 0.011944 0.0060434 0.020149 0.034391
0.28143 0.31893 0.19805 0.065893 0.18303 0.42542 0.66375 0.80044 0.73389 0.50463 0.33305 0.23454 0.16757 0.11778 0.081835 0.063185 0.067728 0.087107 0.10991 0.13107 0.1488 0.16256 0.17236 0.17854 0.18159 0.18214 0.18087 0.17846 0.17554 0.17264 0.17011 0.16812 0.16652 0.16491 0.1626 0.15874 0.15237 0.13934 0.12474 0.10958 0.094185 0.078613 0.062941 0.047438 0.032821 0.021329 0.019198 0.027759 0.039766
0.28693 0.15836 0.1519 0.2337 0.26147 0.42019 0.65827 0.81298 0.74827 0.50771 0.32611 0.21991 0.14579 0.087828 0.04025 0.017764 0.050314 0.085062 0.11571 0.1415 0.16233 0.17841 0.19011 0.19793 0.20245 0.20431 0.20417 0.20266 0.20035 0.19769 0.19498 0.19232 0.18958 0.18641 0.18222 0.17627 0.16773 0.15224 0.13557 0.11881 0.10233 0.086215 0.070605 0.055963 0.043344 0.034897 0.033424 0.038928 0.048186
0.33999 0.3012 0.21051 0.23854 0.27395 0.4059 0.62269 0.76582 0.69969 0.47306 0.30922 0.2157 0.1472 0.091642 0.050624 0.043052 0.070055 0.10274 0.13291 0.15882 0.1801 0.19686 0.20944 0.2183 0.22396 0.22697 0.22789 0.22728 0.22561 0.22325 0.22045 0.21727 0.2136 0.2091 0.20328 0.19549 0.18502 0.16725 0.14865 0.13047 0.11309 0.096638 0.081295 0.06758 0.056482 0.049474 0.047852 0.051391 0.05831
0.18412 0.19943 0.1111 0.11571 0.19151 0.36784 0.56751 0.6792 0.60547 0.41178 0.29273 0.23187 0.18096 0.13701 0.10862 0.10167 0.11392 0.13576 0.15968 0.18208 0.20149 0.21748 0.23005 0.23943 0.24596 0.25 0.25197 0.25229 0.25133 0.24937 0.24661 0.24307 0.23864 0.23303 0.2258 0.2164 0.20421 0.18429 0.16386 0.14433 0.12613 0.10938 0.094249 0.081187 0.070955 0.064481 0.062384 0.064397 0.069364
0.050029 0.11853 0.023167 0.054333 0.16953 0.3405 0.49391 0.55543 0.45587 0.30832 0.26917 0.25954 0.23176 0.19748 0.17232 0.16142 0.16397 0.17574 0.19192 0.20907 0.22523 0.23947 0.25141 0.26098 0.26822 0.27327 0.27634 0.27768 0.27753 0.27609 0.27349 0.26975 0.26473 0.2582 0.24976 0.23894 0.22519 0.2032 0.18099 0.16013 0.14109 0.12396 0.10885 0.096089 0.086199 0.079736 0.076985 0.077667 0.080942
0.12088 0.17658 0.17541 0.23342 0.2544 0.32411 0.4132 0.42136 0.25715 0.16068 0.25124 0.29563 0.2878 0.25947 0.23401 0.2185 0.21346 0.21686 0.2257 0.23729 0.24972 0.26182 0.2729 0.28255 0.29052 0.29665 0.30093 0.3034 0.30419 0.3034 0.3011 0.29729 0.29184 0.28454 0.27506 0.26297 0.2478 0.22378 0.1998 0.17757 0.15762 0.13997 0.12465 0.11187 0.10193 0.095157 0.091634 0.09108 0.092832
0.20338 0.36632 0.43292 0.38599 0.30399 0.29477 0.36432 0.37365 0.18715 0.14551 0.28652 0.34663 0.34508 0.31758 0.28992 0.26991 0.2587 0.25533 0.25792 0.2645 0.27343 0.2835 0.29384 0.30373 0.3126 0.32 0.32565 0.32942 0.33128 0.33126 0.32938 0.32563 0.31989 0.31196 0.30157 0.28834 0.27183 0.24581 0.22003 0.19638 0.1754 0.15707 0.14134 0.12827 0.11801 0.1107 0.10632 0.10458 0.10492
0.17532 0.48635 0.58545 0.44147 0.27284 0.23669 0.37446 0.48077 0.42339 0.35597 0.38578 0.41247 0.40048 0.36839 0.33721 0.31316 0.29712 0.28855 0.28625 0.28883 0.295 0.30361 0.31365 0.32417 0.33428 0.34322 0.35046 0.35569 0.35875 0.35961 0.35827 0.35468 0.34875 0.34031 0.32912 0.31485 0.29708 0.26905 0.24143 0.21628 0.19416 0.17501 0.15868 0.1451 0.13431 0.12632 0.12102 0.11813 0.11714
0.30488 0.55664 0.55679 0.39506 0.15815 0.15368 0.43637 0.65984 0.68744 0.56849 0.50283 0.48023 0.44859 0.40873 0.37361 0.34634 0.32688 0.31472 0.30904 0.30892 0.31339 0.32142 0.3319 0.34362 0.35541 0.36623 0.3753 0.38216 0.38655 0.3884 0.38767 0.38433 0.3783 0.36944 0.35753 0.34229 0.32332 0.29327 0.26376 0.23704 0.21369 0.19359 0.1765 0.16225 0.15078 0.142 0.13574 0.13171 0.12946
0.36521 0.4834 0.39429 0.38168 0.19428 0.24086 0.55603 0.83528 0.89146 0.72422 0.59444 0.53276 0.48296 0.43572 0.39745 0.3682 0.34682 0.33266 0.32517 0.32382 0.3279 0.33647 0.3483 0.36195 0.37595 0.38901 0.40015 0.40879 0.41462 0.41752 0.41747 0.41444 0.40838 0.39917 0.38662 0.37047 0.35033 0.31826 0.28683 0.25847 0.2338 0.21264 0.19466 0.17962 0.16736 0.15771 0.15047 0.14533 0.14186
0.33411 0.29338 0.21806 0.461 0.3941 0.44573 0.70303 0.9585 0.9933 0.79332 0.63642 0.55763 0.49859 0.44741 0.40785 0.37815 0.35638 0.34179 0.33408 0.33303 0.33817 0.34855 0.36278 0.37915 0.39592 0.41158 0.42502 0.43557 0.4429 0.4469 0.44756 0.44489 0.43884 0.42933 0.41619 0.39918 0.3779 0.34381 0.31043 0.28038 0.25432 0.23201 0.21306 0.19714 0.18401 0.17345 0.1652 0.15896 0.15433
0.41538 0.51716 0.43794 0.52211 0.50793 0.59504 0.80683 0.98888 0.97087 0.76619 0.62229 0.55073 0.49363 0.44327 0.40478 0.37626 0.35555 0.34199 0.3356 0.33647 0.34421 0.35777 0.37549 0.39537 0.41544 0.43401 0.44992 0.46246 0.47133 0.47644 0.47783 0.47552 0.46951 0.45974 0.44606 0.42823 0.40585 0.36973 0.33438 0.30262 0.27511 0.2516 0.23161 0.21474 0.20069 0.18918 0.17993 0.17262 0.16686
0.48877 0.71715 0.57025 0.4503 0.49615 0.6488 0.82584 0.91081 0.82735 0.65396 0.56071 0.5158 0.46953 0.42424 0.38909 0.36322 0.34481 0.3336 0.33003 0.33443 0.34637 0.36448 0.38675 0.41087 0.43468 0.45641 0.47489 0.48946 0.49985 0.50605 0.50815 0.5062 0.50025 0.49024 0.47605 0.45744 0.43399 0.39585 0.35854 0.32505 0.29607 0.27131 0.25023 0.23238 0.21737 0.2049 0.19465 0.1863 0.17945
0.4149 0.64328 0.43579 0.2203 0.42588 0.63994 0.77625 0.75235 0.59351 0.48584 0.47124 0.46166 0.43013 0.39252 0.36234 0.34018 0.325 0.31728 0.318 0.32761 0.34533 0.36931 0.39706 0.426 0.45387 0.4789 0.49997 0.51652 0.52839 0.53563 0.53839 0.53679 0.53089 0.52067 0.50599 0.48663 0.46215 0.42203 0.38277 0.34754 0.31708 0.29106 0.26887 0.25 0.23403 0.22059 0.20936 0.19999 0.1921
0.34572 0.51897 0.36078 0.10216 0.40488 0.62328 0.71638 0.59099 0.32512 0.3051 0.37824 0.39857 0.38026 0.35101 0.32654 0.30857 0.29721 0.29402 0.30055 0.31707 0.34213 0.3731 0.40705 0.4412 0.47327 0.5016 0.5252 0.54364 0.55688 0.56507 0.56844 0.56715 0.56129 0.55086 0.53574 0.51567 0.4902 0.44813 0.40694 0.36999 0.33806 0.31077 0.28747 0.26758 0.25064 0.23625 0.22405 0.21369 0.2048
0.26371 0.3593 0.44404 0.35758 0.46375 0.63074 0.70162 0.53077 0.14758 0.17652 0.30279 0.33479 0.32464 0.30292 0.28394 0.26998 0.26271 0.26509 0.27912 0.30432 0.33808 0.37689 0.41744 0.4569 0.49313 0.52463 0.5506 0.57078 0.58525 0.59429 0.59818 0.59715 0.59132 0.58069 0.56514 0.5444 0.51798 0.47402 0.43095 0.39232 0.35893 0.33039 0.30597 0.28507 0.26717 0.25185 0.23871 0.22741 0.21756
0.12147 0.15875 0.4965 0.52994 0.53903 0.65604 0.73524 0.59039 0.26331 0.17734 0.25285 0.27477 0.26724 0.25137 0.23674 0.22595 0.22285 0.23215 0.25569 0.2913 0.33474 0.38177 0.42893 0.47354 0.51368 0.54809 0.57619 0.59788 0.61342 0.62316 0.62749 0.62667 0.62084 0.61001 0.59407 0.57271 0.54539 0.49961 0.45471 0.41444 0.37963 0.34985 0.32436 0.30246 0.28362 0.26738 0.25334 0.24113 0.23037
0.27462 0.31109 0.50471 0.58652 0.56832 0.67295 0.78083 0.68317 0.40564 0.23298 0.22007 0.21984 0.21139 0.19931 0.18697 0.17786 0.17918 0.19755 0.23301 0.28037 0.33382 0.38883 0.44217 0.49146 0.53508 0.57203 0.60193 0.6249 0.64129 0.65159 0.65626 0.65558 0.64972 0.63872 0.6224 0.60047 0.57232 0.52478 0.47813 0.43627 0.40009 0.36913 0.34257 0.31972 0.29997 0.28285 0.26794 0.25485 0.24323
0.32261 0.3239 0.45744 0.52887 0.52648 0.66537 0.81213 0.75328 0.49298 0.2672 0.1922 0.17069 0.16031 0.14965 0.13649 0.12685 0.13383 0.16502 0.21475 0.27414 0.33692 0.39901 0.45767 0.51092 0.55744 0.59646 0.6278 0.65174 0.66878 0.67948 0.68437 0.68377 0.67787 0.66669 0.65004 0.62758 0.59867 0.54947 0.50114 0.45777 0.42028 0.38817 0.3606 0.33681 0.31619 0.29822 0.28248 0.26858 0.25614
0.20666 0.11027 0.37392 0.38014 0.42885 0.63975 0.8281 0.79679 0.53892 0.27831 0.16626 0.13004 0.11813 0.10617 0.087619 0.073789 0.091301 0.14089 0.20528 0.27505 0.34532 0.41297 0.47578 0.53208 0.5808 0.62135 0.65372 0.67833 0.69578 0.70672 0.71172 0.71114 0.70518 0.69382 0.67688 0.65397 0.62436 0.57359 0.52368 0.47888 0.44013 0.40694 0.3784 0.35373 0.33227 0.3135 0.29697 0.28229 0.26908
0.2454 0.18571 0.31393 0.1755 0.32645 0.61599 0.84032 0.82971 0.5695 0.28346 0.14798 0.10301 0.091038 0.076602 0.047885 0.019754 0.066086 0.1341 0.20843 0.28472 0.35976 0.43105 0.49661 0.55496 0.60511 0.64662 0.6796 0.70455 0.72218 0.7332 0.73821 0.7376 0.73155 0.72004 0.70285 0.67954 0.64933 0.59709 0.5457 0.49955 0.45963 0.42541 0.39596 0.37045 0.34821 0.32868 0.31141 0.29599 0.28206
0.33573 0.37406 0.33166 0.09211 0.2971 0.61089 0.85764 0.86329 0.59973 0.2926 0.14018 0.092399 0.085292 0.074451 0.050119 0.037501 0.082113 0.14989 0.2255 0.30352 0.38034 0.45323 0.52011 0.57944 0.63027 0.67216 0.70532 0.7303 0.74788 0.75882 0.76374 0.76304 0.7569 0.74526 0.72787 0.70424 0.6735 0.61991 0.56715 0.51974 0.47873 0.44355 0.41325 0.38696 0.36398 0.34374 0.32577 0.30966 0.29506
0.37026 0.51215 0.44574 0.28931 0.35905 0.62689 0.87965 0.89487 0.62541 0.29901 0.13403 0.092604 0.098766 0.099484 0.091782 0.09422 0.12646 0.18408 0.25479 0.33062 0.40657 0.47919 0.54604 0.60536 0.6561 0.69783 0.73075 0.75547 0.77278 0.78349 0.78823 0.7874 0.78115 0.76942 0.75188 0.728 0.69683 0.64202 0.58799 0.53944 0.49742 0.46136 0.43026 0.40324 0.37958 0.35867 0.34006 0.32331 0.30808
0.34531 0.56376 0.54783 0.4292 0.43819 0.65323 0.89977 0.91428 0.63354 0.28893 0.11572 0.096764 0.12403 0.13795 0.14247 0.1521 0.18017 0.22926 0.29313 0.36447 0.43759 0.50841 0.57402 0.63242 0.6824 0.72345 0.75575 0.77992 0.79677 0.80711 0.8116 0.8106 0.80425 0.79246 0.77484 0.75079 0.71929 0.66337 0.6082 0.5586 0.51566 0.4788 0.44698 0.41929 0.39499 0.37348 0.35426 0.33692 0.32111
0.25633 0.49427 0.53755 0.46671 0.48306 0.67672 0.91237 0.91537 0.61808 0.25573 0.07611 0.10757 0.15812 0.18336 0.19647 0.21086 0.2373 0.28031 0.33748 0.40332 0.47236 0.54021 0.60362 0.66033 0.70893 0.74883 0.78017 0.80353 0.81975 0.82961 0.83377 0.83258 0.82615 0.81433 0.79669 0.77256 0.74083 0.68395 0.62776 0.57722 0.53345 0.49586 0.46339 0.4351 0.41022 0.38814 0.36837 0.35049 0.33414
0.13387 0.36041 0.40633 0.40571 0.48383 0.69167 0.91769 0.90312 0.58951 0.21163 0.020666 0.13573 0.20151 0.23415 0.2528 0.27031 0.29583 0.33431 0.38547 0.44556 0.50981 0.57389 0.63435 0.68872 0.73544 0.77379 0.80386 0.8262 0.84162 0.8509 0.85468 0.85328 0.84679 0.83499 0.81741 0.79329 0.76144 0.70372 0.64664 0.59527 0.55077 0.51254 0.47948 0.45064 0.42524 0.40265 0.38238 0.364 0.34717
0.08211 0.25453 0.21581 0.28699 0.457 0.70214 0.92235 0.89293 0.57516 0.20225 0.082899 0.18719 0.2548 0.2898 0.31106 0.33015 0.35473 0.38953 0.43535 0.48981 0.54896 0.60874 0.66571 0.71724 0.76166 0.79813 0.82667 0.8478 0.86229 0.87092 0.87428 0.87267 0.86614 0.85442 0.83697 0.81296 0.78109 0.72267 0.66483 0.61274 0.56762 0.52882 0.49525 0.46592 0.44005 0.41701 0.39628 0.37745 0.36017
0.13873 0.22674 0.073838 0.17177 0.43214 0.71712 0.93481 0.90154 0.60372 0.27094 0.18829 0.25871 0.3173 0.34969 0.37077 0.38998 0.41332 0.44486 0.48588 0.53494 0.58892 0.64413 0.69723 0.74556 0.78734 0.82166 0.84846 0.86823 0.8817 0.8896 0.89251 0.89071 0.88417 0.87259 0.85536 0.83155 0.79978 0.74081 0.68233 0.62964 0.58397 0.54469 0.51068 0.48094 0.45466 0.4312 0.41007 0.39083 0.37315
0.19575 0.25827 0.1119 0.1433 0.4375 0.74349 0.95815 0.93338 0.67831 0.39043 0.30521 0.34381 0.38707 0.41277 0.43131 0.44934 0.47098 0.49945 0.53609 0.58006 0.62892 0.67944 0.72846 0.77333 0.81224 0.84421 0.86912 0.8874 0.89975 0.90689 0.90935 0.90737 0.90087 0.8895 0.87256 0.84906 0.81749 0.75811 0.69912 0.64595 0.59984 0.56016 0.52578 0.49567 0.46904 0.44523 0.42373 0.40413 0.38609
0.22362 0.2775 0.10178 0.21815 0.48367 0.78086 0.98519 0.9744 0.77397 0.523 0.42543 0.43618 0.46144 0.47769 0.49186 0.50765 0.5272 0.55268 0.58524 0.62444 0.66834 0.71417 0.759 0.80027 0.83615 0.86561 0.8885 0.90521 0.91641 0.92276 0.92477 0.92263 0.91622 0.90513 0.88858 0.86549 0.83425 0.77458 0.71522 0.66167 0.61521 0.57522 0.54053 0.51013 0.4832 0.45908 0.43727 0.41735 0.39899
0.23992 0.27338 0.060919 0.33296 0.55875 0.82066 0.99992 0.99937 0.86004 0.64781 0.54199 0.53031 0.53749 0.54291 0.55154 0.56436 0.58148 0.60402 0.63276 0.66747 0.70664 0.74787 0.78851 0.8261 0.85885 0.88573 0.90653 0.92161 0.93161 0.93716 0.93873 0.93648 0.93023 0.91949 0.90343 0.88084 0.85003 0.79023 0.73063 0.67681 0.6301 0.58987 0.55495 0.52431 0.49713 0.47275 0.45066 0.43047 0.41183
0.28694 0.35666 0.2582 0.46343 0.64063 0.84934 0.98359 0.98384 0.91494 0.75394 0.64943 0.62161 0.61243 0.60686 0.60947 0.61889 0.63339 0.65303 0.67819 0.7087 0.74338 0.78017 0.81667 0.85059 0.88019 0.90443 0.9231 0.93653 0.94532 0.95008 0.95125 0.94892 0.94289 0.93259 0.9171 0.89513 0.86487 0.80507 0.74534 0.69136 0.6445 0.60411 0.56902 0.5382 0.51082 0.48623 0.46392 0.44348 0.4246
0.3934 0.54669 0.48042 0.58431 0.70929 0.85403 0.92143 0.91189 0.92966 0.83693 0.74402 0.70649 0.68381 0.66812 0.66481 0.67071 0.68253 0.69936 0.72116 0.74776 0.77821 0.81075 0.84325 0.87356 0.90001 0.92161 0.93814 0.94991 0.95751 0.9615 0.9623 0.95996 0.95421 0.94443 0.92961 0.90837 0.87877 0.8191 0.75938 0.70535 0.65841 0.61794 0.58275 0.55181 0.52428 0.49952 0.47702 0.45639 0.4373
0.5096 0.70422 0.62944 0.66848 0.75338 0.82869 0.80788 0.77925 0.90754 0.89715 0.82371 0.7823 0.74964 0.72545 0.71681 0.71937 0.72858 0.74272 0.76139 0.78436 0.81085 0.83938 0.86803 0.89482 0.9182 0.93719 0.9516 0.96173 0.96815 0.97141 0.97189 0.9696 0.96421 0.95504 0.94099 0.92058 0.89174 0.83235 0.77275 0.71877 0.67185 0.63137 0.59614 0.56513 0.53751 0.51262 0.48997 0.46917 0.44991
0.55239 0.7262 0.65362 0.70441 0.77337 0.7793 0.65096 0.59448 0.86309 0.93832 0.88782 0.84731 0.80846 0.7779 0.76488 0.76448 0.77125 0.78289 0.79865 0.81827 0.84109 0.86585 0.89085 0.91427 0.93466 0.9511 0.96344 0.97197 0.97725 0.97983 0.98004 0.97786 0.97292 0.96444 0.95125 0.93177 0.90382 0.84482 0.78546 0.73164 0.68482 0.64439 0.60919 0.57816 0.55049 0.52552 0.50276 0.48183 0.46242
0.49807 0.602 0.55541 0.70378 0.78107 0.72655 0.48062 0.38376 0.819 0.96559 0.93661 0.90057 0.85932 0.8248 0.80859 0.80575 0.81035 0.81969 0.83279 0.84933 0.86878 0.89004 0.91159 0.9318 0.94931 0.9633 0.97361 0.9806 0.9848 0.98675 0.98675 0.98476 0.98034 0.97266 0.96043 0.94198 0.91501 0.85655 0.79753 0.74396 0.69732 0.65703 0.6219 0.59091 0.56323 0.53821 0.51538 0.49436 0.47484
0.39733 0.40184 0.37899 0.69475 0.79392 0.70149 0.3724 0.23173 0.79865 0.98361 0.97088 0.94185 0.90176 0.86574 0.84764 0.84298 0.84573 0.85301 0.8637 0.87746 0.89382 0.91184 0.93018 0.94735 0.96212 0.97374 0.98213 0.98763 0.99081 0.99219 0.99206 0.99034 0.98653 0.97972 0.96855 0.95124 0.92535 0.86754 0.80899 0.75575 0.70938 0.66927 0.63428 0.60337 0.57572 0.5507 0.52783 0.50674 0.48714
0.3144 0.24414 0.21058 0.70699 0.82514 0.72696 0.42289 0.31545 0.81377 0.99502 0.9916 0.97145 0.93577 0.90061 0.8819 0.87606 0.87731 0.88279 0.89133 0.90258 0.91614 0.93118 0.94654 0.96087 0.97305 0.98242 0.98896 0.99306 0.9953 0.99618 0.99599 0.99461 0.99149 0.98566 0.97565 0.95957 0.93487 0.87782 0.81983 0.76703 0.72098 0.68113 0.64633 0.61555 0.58797 0.56298 0.5401 0.51898 0.49932
0.26294 0.23452 0.26428 0.75645 0.87526 0.79689 0.58065 0.51388 0.8569 0.99993 0.9998 0.9901 0.96169 0.9295 0.91136 0.90496 0.90507 0.90902 0.91566 0.92468 0.93571 0.94806 0.96067 0.97235 0.98209 0.98935 0.99414 0.99692 0.99828 0.99874 0.99858 0.99762 0.99529 0.99051 0.98176 0.967 0.94359 0.88741 0.83009 0.7778 0.73216 0.69262 0.65806 0.62744 0.59997 0.57505 0.5522 0.53106 0.51138
0.18905 0.29138 0.47992 0.83655 0.93218 0.8827 0.74766 0.69908 0.90782 0.9964 0.99652 0.99891 0.98016 0.9527 0.93613 0.92973 0.92904 0.93171 0.93672 0.94377 0.95256 0.96246 0.97257 0.98179 0.98926 0.99452 0.99768 0.99922 0.99979 0.99991 0.99985 0.99941 0.99794 0.99432 0.98691 0.97358 0.95154 0.89635 0.83979 0.78809 0.74291 0.70374 0.66946 0.63905 0.61173 0.5869 0.5641 0.54299 0.5233
0.058243 0.38805 0.70189 0.92232 0.97861 0.95504 0.87845 0.83634 0.94543 0.98164 0.98292 0.99928 0.99204 0.97061 0.95639 0.95045 0.94927 0.95094 0.95457 0.9599 0.96671 0.97443 0.98225 0.98922 0.99458 0.99797 0.9996 1 0.99987 0.99973 0.99985 1 0.9995 0.99712 0.99114 0.97933 0.95875 0.90464 0.84893 0.7979 0.75326 0.71451 0.68055 0.65039 0.62325 0.59854 0.57582 0.55475 0.53509
0.22679 0.57533 0.88086 0.98373 0.99977 0.99493 0.9548 0.91257 0.95454 0.95331 0.96044 0.9928 0.99831 0.98374 0.9724 0.96727 0.96588 0.96678 0.96927 0.97315 0.97823 0.98401 0.98977 0.99466 0.99807 0.99973 0.99994 0.9993 0.99855 0.99823 0.99862 0.99946 1 0.99896 0.9945 0.98428 0.96526 0.91233 0.85755 0.80726 0.7632 0.72492 0.69132 0.66145 0.63452 0.60996 0.58735 0.56635 0.54672
0.48162 0.79684 0.98385 0.9987 0.98808 0.99508 0.97212 0.92433 0.92715 0.91048 0.93092 0.98122 1 0.99264 0.98446 0.98038 0.979 0.97936 0.98094 0.98361 0.9872 0.99126 0.99517 0.99819 0.9998 0.99986 0.99875 0.99716 0.99587 0.99547 0.99621 0.99782 0.99949 0.99988 0.99703 0.98849 0.97109 0.91943 0.86567 0.81618 0.77276 0.73498 0.70179 0.67223 0.64554 0.62117 0.59868 0.57777 0.55821
0.67585 0.95581 0.99106 0.96011 0.94447 0.95801 0.93506 0.87506 0.86164 0.85424 0.89673 0.96636 0.99824 0.99786 0.99285 0.98997 0.98879 0.98882 0.98971 0.99139 0.99371 0.99628 0.99854 0.99984 0.99981 0.99838 0.99607 0.99363 0.99189 0.99148 0.99266 0.99513 0.99802 0.99991 0.99876 0.99198 0.97627 0.92598 0.8733 0.82467 0.78194 0.74472 0.71197 0.68275 0.65633 0.63216 0.60982 0.58902 0.56953
0.76669 0.99954 0.9036 0.87582 0.87702 0.89349 0.85536 0.77353 0.7615 0.78792 0.86067 0.94998 0.99392 0.99993 0.99791 0.99627 0.99543 0.9953 0.9957 0.99661 0.99788 0.99916 0.99995 0.99971 0.99816 0.99538 0.99196 0.98875 0.98665 0.98632 0.98802 0.99143 0.99564 0.99912 0.99973 0.99478 0.98085 0.93199 0.88046 0.83275 0.79076 0.75413 0.72185 0.693 0.66687 0.64293 0.62076 0.60009 0.5807
0.76683 0.93342 0.74296 0.76318 0.7979 0.81575 0.75036 0.63254 0.63426 0.71722 0.82589 0.93371 0.98791 0.99932 0.99994 0.99948 0.99908 0.99897 0.99908 0.99941 0.99982 1 0.99949 0.99786 0.99493 0.9909 0.98647 0.98259 0.98021 0.98004 0.98235 0.98678 0.99238 0.99754 1 0.99695 0.98485 0.9375 0.88719 0.84045 0.79923 0.76322 0.73144 0.70299 0.67718 0.65348 0.6315 0.61098 0.5917
0.71679 0.80063 0.54118 0.64148 0.71943 0.74024 0.64203 0.4684 0.49135 0.65004 0.79559 0.91891 0.98091 0.99644 0.9992 0.99984 0.99997 1 1 0.99993 0.99967 0.99891 0.99727 0.99438 0.99019 0.98502 0.97967 0.9752 0.97262 0.97269 0.97569 0.98123 0.98831 0.99521 0.99959 0.99851 0.98831 0.94253 0.89349 0.84776 0.80736 0.77201 0.74075 0.71272 0.68724 0.66381 0.64204 0.62168 0.60253
0.65381 0.65708 0.32985 0.52614 0.65059 0.67984 0.5553 0.30418 0.35095 0.59595 0.77257 0.90659 0.97342 0.99163 0.99598 0.99758 0.99826 0.9986 0.99862 0.99832 0.99755 0.99601 0.99337 0.98936 0.98402 0.9778 0.97162 0.96663 0.96393 0.96432 0.96809 0.97483 0.98346 0.99219 0.99855 0.9995 0.99125 0.9471 0.89939 0.85472 0.81517 0.78049 0.74979 0.7222 0.69708 0.67392 0.65238 0.6322 0.61318
0.60219 0.55531 0.1354 0.4269 0.59528 0.64088 0.51133 0.19229 0.25067 0.56429 0.75876 0.89728 0.96574 0.98515 0.9905 0.99289 0.99418 0.99492 0.99512 0.99474 0.9936 0.99142 0.98792 0.98289 0.9765 0.96931 0.96238 0.95695 0.95421 0.955 0.95961 0.96763 0.97788 0.98851 0.99692 0.99996 0.9937 0.95125 0.90491 0.86133 0.82266 0.78869 0.75856 0.73143 0.70668 0.68382 0.66252 0.64252 0.62366
0.57165 0.51785 0.025417 0.34897 0.55292 0.62124 0.51385 0.22606 0.25284 0.56064 0.75482 0.89111 0.95801 0.97719 0.98297 0.986 0.98791 0.98915 0.98966 0.98933 0.98796 0.98527 0.981 0.97505 0.9677 0.95963 0.95201 0.94622 0.9435 0.94476 0.9503 0.95967 0.97163 0.98422 0.99475 0.99992 0.99571 0.955 0.91006 0.86762 0.82985 0.79661 0.76707 0.74042 0.71605 0.6935 0.67245 0.65266 0.63396
0.55258 0.51195 0.12539 0.29474 0.52058 0.61264 0.54542 0.34464 0.34588 0.58371 0.76007 0.88774 0.95021 0.96786 0.97358 0.9771 0.97965 0.98148 0.98241 0.98225 0.98077 0.97767 0.97274 0.96596 0.95772 0.94883 0.94059 0.93449 0.93187 0.93367 0.94021 0.95101 0.96475 0.97937 0.99207 0.99943 0.9973 0.95836 0.91488 0.87359 0.83674 0.80426 0.77532 0.74916 0.72519 0.70297 0.68218 0.6626 0.64408
0.52595 0.48849 0.16361 0.26388 0.49494 0.60528 0.5826 0.46504 0.46492 0.62637 0.77268 0.88652 0.94217 0.95726 0.96248 0.96637 0.96959 0.97209 0.97354 0.97366 0.97216 0.96874 0.96323 0.95569 0.94663 0.93698 0.92818 0.92183 0.91936 0.92177 0.92939 0.94169 0.95729 0.974 0.98892 0.9985 0.99849 0.96138 0.91937 0.87926 0.84336 0.81164 0.78332 0.75767 0.73411 0.71222 0.69171 0.67236 0.65402
0.48467 0.43152 0.14129 0.25337 0.47309 0.59135 0.60856 0.56503 0.58015 0.67956 0.79015 0.88661 0.93369 0.94542 0.94983 0.954 0.95791 0.96115 0.96321 0.9637 0.96227 0.9586 0.95259 0.94435 0.93451 0.92415 0.91484 0.90829 0.90604 0.90913 0.9179 0.93177 0.94929 0.96816 0.98534 0.99719 0.99932 0.96406 0.92355 0.88465 0.84971 0.81877 0.79109 0.76595 0.74281 0.72127 0.70104 0.68192 0.66378
0.44111 0.36565 0.074961 0.25841 0.4524 0.56608 0.61452 0.63893 0.68142 0.73549 0.80983 0.88704 0.9245 0.93236 0.93576 0.94016 0.94478 0.94883 0.95158 0.95251 0.95122 0.94738 0.9409 0.93202 0.92145 0.91042 0.90064 0.89394 0.89196 0.89579 0.90578 0.9213 0.9408 0.96187 0.98137 0.99551 0.99981 0.96643 0.92745 0.88977 0.85581 0.82566 0.79861 0.774 0.75129 0.7301 0.71016 0.69129 0.67335
0.41157 0.33268 0.045629 0.27341 0.43049 0.52747 0.59754 0.6865 0.76528 0.78854 0.82928 0.88688 0.91431 0.9181 0.92039 0.92502 0.93038 0.9353 0.9388 0.94024 0.93914 0.93517 0.92829 0.91879 0.90753 0.89586 0.88564 0.87883 0.87717 0.88181 0.89308 0.91031 0.93186 0.9552 0.97704 0.99351 1 0.96852 0.93108 0.89463 0.86166 0.8323 0.80591 0.78182 0.75955 0.73873 0.71909 0.70046 0.68273
0.39223 0.34029 0.13485 0.29246 0.40558 0.47559 0.55843 0.71036 0.83117 0.83508 0.84644 0.88529 0.90288 0.90264 0.90384 0.90871 0.91488 0.92072 0.92503 0.92702 0.92616 0.9221 0.91483 0.90475 0.89281 0.88053 0.8699 0.86302 0.86173 0.86723 0.87985 0.89887 0.92252 0.94817 0.9724 0.99121 0.9999 0.97034 0.93446 0.89924 0.86727 0.83872 0.81298 0.78943 0.76761 0.74715 0.72782 0.70945 0.69193
0.36196 0.35268 0.22027 0.31031 0.37706 0.41213 0.50052 0.71492 0.87998 0.87298 0.85977 0.88157 0.89001 0.88601 0.88623 0.89141 0.89842 0.90523 0.91039 0.91298 0.9124 0.90827 0.90064 0.88998 0.87739 0.8645 0.85348 0.84656 0.84568 0.8521 0.86615 0.887 0.91282 0.94082 0.96747 0.98865 0.99955 0.97192 0.93759 0.90363 0.87265 0.84491 0.81983 0.79683 0.77545 0.75537 0.73635 0.71824 0.70094
0.30712 0.34155 0.28538 0.32384 0.34613 0.34015 0.42896 0.70566 0.91341 0.90116 0.86816 0.8752 0.87553 0.86824 0.86766 0.87324 0.88116 0.88898 0.89503 0.89825 0.89795 0.89378 0.88579 0.87457 0.86132 0.84784 0.83644 0.82951 0.82908 0.83648 0.852 0.87477 0.9028 0.9332 0.96229 0.98585 0.99896 0.97327 0.94051 0.90779 0.87782 0.85089 0.82647 0.80402 0.78309 0.76339 0.74468 0.72684 0.70977
0.23108 0.30447 0.32907 0.33276 0.31608 0.26426 0.35066 0.68848 0.93351 0.91927 0.87096 0.86582 0.85936 0.84936 0.84825 0.85434 0.86323 0.87211 0.87907 0.88293 0.88294 0.87872 0.87038 0.85859 0.84468 0.8306 0.81884 0.81191 0.81197 0.8204 0.83747 0.8622 0.89251 0.92534 0.9569 0.98284 0.99817 0.97441 0.94322 0.91175 0.88278 0.85666 0.83291 0.811 0.79053 0.77121 0.75282 0.73525 0.71842
0.14717 0.25622 0.35589 0.33912 0.29202 0.1921 0.27531 0.66897 0.94229 0.92741 0.86784 0.85324 0.84147 0.82946 0.82811 0.83485 0.84477 0.85473 0.86263 0.86714 0.86746 0.86319 0.85449 0.84212 0.82754 0.81286 0.80072 0.79381 0.79441 0.80391 0.82259 0.84936 0.88198 0.91727 0.95131 0.97964 0.99719 0.97537 0.94574 0.91552 0.88754 0.86223 0.83914 0.81778 0.79777 0.77883 0.76077 0.74348 0.72688
0.077501 0.22005 0.37168 0.34572 0.27937 0.13942 0.21804 0.65168 0.9416 0.926 0.85877 0.83743 0.82189 0.80861 0.80735 0.81488 0.8259 0.83698 0.84582 0.85099 0.8516 0.84727 0.8382 0.82522 0.80995 0.79466 0.78215 0.77527 0.77643 0.78707 0.8074 0.83626 0.87125 0.90904 0.94557 0.97629 0.99604 0.97615 0.94808 0.91909 0.89211 0.86761 0.84518 0.82437 0.80482 0.78626 0.76853 0.75152 0.73515
0.084136 0.21669 0.38039 0.35413 0.28102 0.13277 0.19897 0.63947 0.93291 0.91565 0.84393 0.81846 0.8007 0.78691 0.78608 0.79455 0.80673 0.81895 0.82875 0.83456 0.83546 0.83105 0.82158 0.80798 0.79199 0.77606 0.76317 0.75633 0.75808 0.7699 0.79196 0.82296 0.86037 0.90067 0.9397 0.97281 0.99475 0.97677 0.95025 0.9225 0.8965 0.8728 0.85103 0.83077 0.81168 0.79351 0.77611 0.75937 0.74325
0.1486 0.2439 0.3829 0.3637 0.29534 0.17195 0.22392 0.63316 0.91732 0.89708 0.82368 0.79653 0.77802 0.76448 0.76442 0.77398 0.78738 0.80076 0.8115 0.81795 0.81911 0.8146 0.80471 0.79045 0.77372 0.75712 0.74382 0.73703 0.7394 0.75245 0.7763 0.8095 0.84935 0.8922 0.93374 0.96922 0.99334 0.97726 0.95227 0.92574 0.90072 0.87781 0.8567 0.83698 0.81835 0.80057 0.78349 0.76704 0.75116
0.21093 0.27941 0.37757 0.37209 0.3173 0.22768 0.27407 0.63178 0.89558 0.87106 0.7985 0.7719 0.75402 0.74142 0.74247 0.75327 0.76794 0.7825 0.79418 0.80124 0.80264 0.798 0.78765 0.7727 0.75518 0.73788 0.72416 0.71742 0.72043 0.73476 0.76045 0.79591 0.83825 0.88366 0.9277 0.96554 0.99181 0.97762 0.95414 0.92882 0.90477 0.88265 0.86219 0.84302 0.82483 0.80744 0.7907 0.77453 0.75889
0.25392 0.30304 0.36187 0.37659 0.34137 0.28334 0.3305 0.6331 0.86817 0.83841 0.76894 0.7449 0.72888 0.71787 0.72034 0.73251 0.74852 0.76425 0.77685 0.7845 0.78612 0.78131 0.77046 0.75478 0.73644 0.71839 0.70423 0.69753 0.70121 0.71687 0.74447 0.78224 0.82709 0.87507 0.92161 0.9618 0.9902 0.97786 0.95588 0.93175 0.90866 0.88733 0.86751 0.84887 0.83114 0.81413 0.79772 0.78184 0.76645
0.27094 0.30384 0.33396 0.37538 0.3633 0.3328 0.38342 0.63451 0.83539 0.79993 0.73564 0.7159 0.7028 0.69397 0.69814 0.71181 0.72918 0.74609 0.7596 0.76782 0.76961 0.7646 0.75322 0.73676 0.71754 0.69871 0.68407 0.6774 0.68177 0.69882 0.72838 0.76851 0.81592 0.86647 0.9155 0.958 0.98851 0.97801 0.95751 0.93455 0.91241 0.89184 0.87265 0.85455 0.83727 0.82065 0.80457 0.78897 0.77383
0.26284 0.27958 0.29377 0.36804 0.38053 0.37379 0.42853 0.6336 0.79747 0.75647 0.69925 0.68528 0.676 0.66983 0.67596 0.69125 0.71002 0.72811 0.7425 0.75124 0.75318 0.74793 0.73596 0.71868 0.69854 0.67887 0.66371 0.65707 0.66216 0.68064 0.71222 0.75476 0.80475 0.85788 0.90938 0.95419 0.98676 0.97807 0.95902 0.93722 0.916 0.89619 0.87764 0.86006 0.84323 0.82699 0.81124 0.79593 0.78104
0.23717 0.23539 0.24339 0.35551 0.39194 0.40573 0.46421 0.62857 0.75467 0.70883 0.66043 0.65344 0.6487 0.64561 0.6539 0.6709 0.6911 0.71035 0.7256 0.73484 0.73688 0.73135 0.71876 0.7006 0.67948 0.65892 0.6432 0.63657 0.6424 0.66236 0.69603 0.74103 0.79362 0.84934 0.90329 0.95036 0.98497 0.97805 0.96043 0.93976 0.91946 0.9004 0.88246 0.86541 0.84902 0.83316 0.81774 0.80272 0.78807
0.20547 0.18197 0.18696 0.33964 0.39742 0.42898 0.49022 0.61837 0.70733 0.65782 0.61984 0.62078 0.62111 0.62141 0.63206 0.65084 0.67249 0.69289 0.70896 0.71866 0.72077 0.71492 0.70165 0.68257 0.6604 0.6389 0.62258 0.61594 0.62253 0.64403 0.67985 0.72734 0.78256 0.84085 0.89724 0.94653 0.98314 0.97796 0.96174 0.94219 0.92279 0.90446 0.88713 0.87059 0.85465 0.83917 0.82407 0.80933 0.79494
0.17837 0.13382 0.13109 0.3226 0.3975 0.44444 0.50724 0.60267 0.65593 0.60424 0.57812 0.58767 0.59344 0.59737 0.6105 0.63113 0.65424 0.67576 0.69263 0.70275 0.70489 0.69867 0.68469 0.66462 0.64135 0.61884 0.60186 0.5952 0.60257 0.62567 0.6637 0.71375 0.7716 0.83246 0.89124 0.94273 0.9813 0.97783 0.96297 0.94451 0.92599 0.90838 0.89166 0.87562 0.86011 0.84501 0.83024 0.81578 0.80164
0.15952 0.10629 0.088048 0.30626 0.39311 0.45336 0.51646 0.58184 0.60109 0.54888 0.53591 0.55447 0.56587 0.5736 0.58933 0.61184 0.6364 0.65903 0.67666 0.68716 0.68929 0.68266 0.66792 0.64682 0.62238 0.59879 0.5811 0.57438 0.58257 0.60732 0.64762 0.70026 0.76077 0.82417 0.88533 0.93896 0.97945 0.97764 0.96412 0.94673 0.92907 0.91217 0.89603 0.8805 0.86542 0.85068 0.83624 0.82206 0.80817
0.14407 0.1036 0.080219 0.29174 0.38531 0.45715 0.51944 0.55678 0.54359 0.4925 0.49378 0.52152 0.53859 0.55021 0.56859 0.59302 0.61902 0.64272 0.66107 0.67193 0.67401 0.66693 0.65138 0.62919 0.60352 0.57877 0.5603 0.55351 0.56254 0.58901 0.63165 0.68692 0.75008 0.81602 0.8795 0.93525 0.9776 0.97742 0.96521 0.94885 0.93203 0.91582 0.90027 0.88523 0.87057 0.8562 0.84208 0.82819 0.81454
0.1248 0.11224 0.10718 0.2792 0.37517 0.45729 0.51792 0.52885 0.48439 0.43584 0.4523 0.48911 0.51176 0.52728 0.54836 0.57471 0.60214 0.62688 0.64592 0.65708 0.65907 0.65151 0.63511 0.61177 0.58481 0.55883 0.53952 0.53262 0.54251 0.57077 0.61582 0.67375 0.73957 0.80802 0.87379 0.93159 0.97576 0.97716 0.96622 0.95089 0.93488 0.91935 0.90437 0.88981 0.87557 0.86156 0.84776 0.83415 0.82075
0.097901 0.12131 0.14291 0.26795 0.36365 0.45513 0.51368 0.49977 0.4246 0.37962 0.41198 0.45752 0.48553 0.50492 0.5287 0.55696 0.58578 0.61153 0.63121 0.64265 0.64452 0.63645 0.61915 0.59462 0.56628 0.53899 0.51876 0.51173 0.52251 0.55262 0.60015 0.66078 0.72926 0.80018 0.8682 0.92801 0.97395 0.97689 0.96718 0.95283 0.93763 0.92276 0.90833 0.89425 0.88042 0.86678 0.85329 0.83995 0.8268
0.064595 0.13078 0.17509 0.25685 0.35159 0.45191 0.50844 0.47147 0.36555 0.32453 0.37329 0.42697 0.46003 0.4832 0.50966 0.5398 0.56998 0.5967 0.61699 0.62867 0.63039 0.62176 0.60353 0.57775 0.54798 0.51929 0.49807 0.49086 0.50257 0.53461 0.58468 0.64805 0.71918 0.79253 0.86274 0.9245 0.97216 0.9766 0.96809 0.9547 0.94028 0.92605 0.91217 0.89856 0.88513 0.87184 0.85866 0.8456 0.8327
0.037956 0.14576 0.1998 0.24462 0.33969 0.44861 0.50367 0.44602 0.30892 0.27126 0.33666 0.39767 0.43536 0.46219 0.49127 0.52327 0.55477 0.58241 0.60327 0.61515 0.61669 0.60749 0.5883 0.56122 0.52994 0.49976 0.47745 0.47003 0.4827 0.51675 0.56944 0.63557 0.70933 0.78508 0.85743 0.92109 0.97042 0.97629 0.96895 0.95649 0.94282 0.92923 0.91588 0.90273 0.8897 0.87675 0.86389 0.8511 0.83844
0.057218 0.16948 0.21555 0.23021 0.32851 0.44599 0.50056 0.42537 0.25687 0.22051 0.3025 0.36976 0.41163 0.44195 0.47359 0.50737 0.54015 0.56867 0.59007 0.60212 0.60346 0.59365 0.57347 0.54505 0.51219 0.48043 0.45694 0.44926 0.46293 0.49909 0.55446 0.62337 0.69975 0.77785 0.85228 0.91778 0.96871 0.97599 0.96977 0.95821 0.94528 0.9323 0.91947 0.90676 0.89413 0.88153 0.86896 0.85645 0.84403
0.104 0.20024 0.22173 0.21296 0.3185 0.44453 0.49992 0.41109 0.21247 0.17308 0.27113 0.34338 0.38891 0.42253 0.45663 0.49214 0.52614 0.5555 0.57739 0.5896 0.5907 0.58027 0.55907 0.52927 0.49477 0.46133 0.43656 0.42858 0.44329 0.48165 0.53977 0.61148 0.69045 0.77085 0.8473 0.91457 0.96706 0.97568 0.97055 0.95986 0.94765 0.93526 0.92294 0.91067 0.89842 0.88616 0.8739 0.86166 0.84948
0.15503 0.23346 0.21831 0.19276 0.31005 0.44449 0.5021 0.40407 0.17996 0.13006 0.24286 0.31861 0.36727 0.40397 0.44043 0.47759 0.51275 0.54291 0.56526 0.57759 0.57845 0.56738 0.54514 0.51393 0.47771 0.4425 0.41633 0.40799 0.4238 0.46445 0.5254 0.59993 0.68144 0.76408 0.8425 0.91148 0.96546 0.97538 0.97129 0.96145 0.94993 0.93812 0.9263 0.91446 0.90258 0.89066 0.8787 0.86672 0.85478
0.20428 0.26471 0.20596 0.17022 0.30348 0.44595 0.50712 0.40435 0.16384 0.093434 0.21791 0.29553 0.34675 0.38632 0.425 0.46373 0.49999 0.5309 0.55368 0.5661 0.5667 0.55499 0.53171 0.49905 0.46106 0.42395 0.39627 0.38751 0.40448 0.44754 0.51139 0.58873 0.67275 0.75757 0.83788 0.9085 0.96392 0.97509 0.97201 0.96298 0.95213 0.94089 0.92954 0.91812 0.90662 0.89502 0.88335 0.87164 0.85994
0.24891 0.29132 0.18647 0.14692 0.29906 0.44882 0.51465 0.41111 0.16559 0.067555 0.19644 0.27415 0.32741 0.3696 0.41036 0.45057 0.48786 0.51947 0.54265 0.55515 0.55549 0.54313 0.51879 0.48466 0.44484 0.40574 0.3764 0.36716 0.38535 0.43094 0.49776 0.57791 0.66439 0.75132 0.83344 0.90565 0.96245 0.97481 0.9727 0.96446 0.95425 0.94355 0.93268 0.92167 0.91053 0.89925 0.88788 0.87643 0.86496
0.28766 0.31285 0.16341 0.12588 0.29697 0.45294 0.52417 0.42295 0.18128 0.05967 0.17848 0.2545 0.30927 0.35384 0.39652 0.4381 0.47636 0.50862 0.53217 0.54474 0.5448 0.5318 0.5064 0.4708 0.42909 0.38788 0.35675 0.34695 0.36643 0.4147 0.48454 0.56748 0.65637 0.74534 0.82921 0.90292 0.96104 0.97455 0.97336 0.96588 0.95629 0.94613 0.93571 0.9251 0.91431 0.90336 0.89227 0.88107 0.86984
0.3207 0.33082 0.14322 0.11205 0.2973 0.45808 0.53504 0.4382 0.2046 0.06991 0.16392 0.23655 0.29236 0.33905 0.3835 0.42634 0.46549 0.49836 0.52225 0.53487 0.53466 0.52102 0.49458 0.45748 0.41384 0.37042 0.33733 0.32689 0.34777 0.39883 0.47176 0.55748 0.6487 0.73964 0.82517 0.90033 0.9597 0.9743 0.97401 0.96725 0.95827 0.94861 0.93864 0.92842 0.91798 0.90734 0.89653 0.88559 0.87459
0.34909 0.3478 0.13521 0.11081 0.29997 0.46399 0.54665 0.45526 0.23047 0.088144 0.15248 0.22027 0.27669 0.32525 0.37128 0.41526 0.45524 0.48867 0.51288 0.52554 0.52506 0.5108 0.48334 0.44475 0.39915 0.35339 0.31818 0.30699 0.32936 0.38339 0.45945 0.54791 0.6414 0.73422 0.82134 0.89787 0.95843 0.97408 0.97464 0.96857 0.96017 0.95101 0.94147 0.93163 0.92153 0.9112 0.90066 0.88998 0.8792
0.374 0.36589 0.14617 0.12349 0.30479 0.47042 0.55838 0.47273 0.25575 0.10729 0.14375 0.20563 0.26228 0.31244 0.35986 0.40488 0.4456 0.47955 0.50405 0.51675 0.51602 0.50115 0.47269 0.43263 0.38503 0.33684 0.29931 0.28727 0.31126 0.3684 0.44765 0.5388 0.63447 0.72908 0.81771 0.89554 0.95724 0.97388 0.97525 0.96985 0.962 0.95332 0.9442 0.93473 0.92497 0.91493 0.90467 0.89424 0.88369
0.39573 0.38546 0.17329 0.14593 0.31143 0.47715 0.56975 0.48949 0.27868 0.12458 0.13717 0.19256 0.24913 0.30062 0.34925 0.39517 0.43657 0.471 0.49577 0.50851 0.50753 0.49208 0.46265 0.42115 0.37154 0.32082 0.28075 0.26773 0.29348 0.35391 0.43637 0.53015 0.62793 0.72424 0.8143 0.89335 0.95612 0.9737 0.97584 0.97108 0.96377 0.95555 0.94683 0.93773 0.92829 0.91856 0.90856 0.89837 0.88805
0.41327 0.40469 0.2082 0.17279 0.31946 0.48394 0.58036 0.50472 0.29829 0.13895 0.13218 0.181 0.23725 0.2898 0.33943 0.38614 0.42813 0.463 0.48802 0.50079 0.49958 0.4836 0.45324 0.41033 0.35871 0.30535 0.26253 0.24839 0.27607 0.33997 0.42566 0.522 0.62177 0.71969 0.81109 0.8913 0.95508 0.97356 0.97643 0.97227 0.96548 0.95771 0.94938 0.94063 0.93151 0.92206 0.91234 0.90239 0.89229
0.42457 0.42027 0.24376 0.20017 0.32841 0.49064 0.58992 0.51786 0.31405 0.15002 0.1282 0.17091 0.22664 0.27996 0.3304 0.37776 0.42028 0.45553 0.48079 0.4936 0.49219 0.4757 0.44446 0.40019 0.34659 0.29052 0.24469 0.22924 0.25906 0.32662 0.41553 0.51433 0.616 0.71543 0.80809 0.88938 0.95412 0.97343 0.977 0.97343 0.96713 0.95978 0.95184 0.94343 0.93462 0.92546 0.91599 0.90629 0.8964
0.42726 0.4286 0.27527 0.22561 0.33785 0.49707 0.59824 0.52857 0.32576 0.15766 0.12477 0.16221 0.21728 0.2711 0.32213 0.37001 0.41299 0.4486 0.47408 0.48693 0.48534 0.46839 0.43633 0.39076 0.33521 0.27636 0.22727 0.2103 0.24251 0.3139 0.40601 0.50718 0.61063 0.71147 0.8053 0.8876 0.95324 0.97334 0.97757 0.97454 0.96872 0.96179 0.95421 0.94614 0.93763 0.92875 0.91954 0.91006 0.9004
0.4195 0.42679 0.29989 0.24756 0.34735 0.50313 0.60521 0.53667 0.33338 0.16188 0.12152 0.15486 0.20916 0.26319 0.3146 0.3629 0.40625 0.44218 0.46787 0.48077 0.47903 0.46166 0.42884 0.38206 0.32462 0.26296 0.21031 0.19158 0.22645 0.30188 0.39713 0.50054 0.60565 0.7078 0.80272 0.88596 0.95243 0.97328 0.97813 0.97563 0.97025 0.96372 0.9565 0.94875 0.94054 0.93193 0.92297 0.91373 0.90428
0.40056 0.4133 0.316 0.26512 0.35658 0.50872 0.61082 0.54217 0.33702 0.16278 0.11822 0.14881 0.20227 0.25622 0.30781 0.35639 0.40006 0.43627 0.46215 0.47511 0.47324 0.45552 0.42202 0.3741 0.31485 0.25037 0.1939 0.17308 0.21098 0.2906 0.38891 0.49443 0.60107 0.70442 0.80034 0.88446 0.9517 0.97324 0.97868 0.97667 0.97173 0.96558 0.9587 0.95127 0.94335 0.935 0.9263 0.91729 0.90805
0.37099 0.38813 0.32287 0.2779 0.36529 0.5138 0.61512 0.54517 0.3369 0.16049 0.11475 0.14401 0.19657 0.25016 0.30172 0.35046 0.39438 0.43084 0.45691 0.46994 0.46798 0.44995 0.41584 0.36689 0.30595 0.23868 0.17809 0.1548 0.19616 0.28012 0.38137 0.48885 0.59689 0.70134 0.79817 0.88309 0.95105 0.97323 0.97922 0.97769 0.97315 0.96737 0.96083 0.9537 0.94606 0.93798 0.92952 0.92073 0.9117
0.33264 0.3528 0.32048 0.28585 0.3733 0.51832 0.61821 0.54588 0.33332 0.1552 0.11108 0.14044 0.19201 0.24497 0.29632 0.34511 0.38921 0.42589 0.45213 0.46525 0.46323 0.44495 0.41033 0.36045 0.29794 0.22798 0.163 0.13676 0.1821 0.2705 0.37453 0.48379 0.59311 0.69854 0.7962 0.88185 0.95047 0.97326 0.97976 0.97867 0.97453 0.96909 0.96288 0.95604 0.94868 0.94086 0.93263 0.92407 0.91525
0.28841 0.31002 0.30924 0.28932 0.38052 0.52229 0.62023 0.54461 0.32666 0.1471 0.1073 0.13804 0.18856 0.24062 0.29157 0.3403 0.38453 0.42139 0.4478 0.46101 0.45898 0.44051 0.40545 0.35479 0.29086 0.21834 0.14877 0.11896 0.16892 0.26179 0.3684 0.47927 0.58971 0.69603 0.79443 0.88074 0.94997 0.97331 0.98029 0.97962 0.97585 0.97076 0.96485 0.9583 0.95121 0.94364 0.93565 0.92731 0.91869
0.24221 0.26349 0.28992 0.28892 0.38691 0.52574 0.62138 0.54171 0.31738 0.1364 0.10359 0.13678 0.18615 0.23707 0.28745 0.33603 0.38031 0.41733 0.4439 0.45723 0.45521 0.43662 0.40122 0.34989 0.28473 0.20985 0.13557 0.1014 0.15677 0.25405 0.36299 0.47527 0.5867 0.69379 0.79285 0.87975 0.94954 0.97339 0.98082 0.98055 0.97713 0.97236 0.96675 0.96048 0.95365 0.94633 0.93857 0.93044 0.92203
0.19899 0.21755 0.26341 0.28552 0.39249 0.52871 0.62186 0.5376 0.30603 0.12332 0.10021 0.13661 0.18471 0.23427 0.28393 0.33225 0.37655 0.41369 0.44042 0.45388 0.45192 0.43326 0.39762 0.34576 0.27957 0.20259 0.12362 0.084096 0.14583 0.24732 0.35831 0.4718 0.58408 0.69183 0.79147 0.8789 0.94918 0.9735 0.98135 0.98144 0.97836 0.9739 0.96858 0.96258 0.95601 0.94892 0.94139 0.93348 0.92526
0.16486 0.17703 0.2307 0.28022 0.3973 0.53125 0.62189 0.53275 0.29325 0.1081 0.097456 0.13746 0.18417 0.23217 0.28097 0.32896 0.37322 0.41047 0.43735 0.45095 0.44908 0.43041 0.39463 0.34238 0.27538 0.19664 0.11322 0.067066 0.13631 0.24164 0.35436 0.46885 0.58182 0.69013 0.79027 0.87816 0.94889 0.97364 0.98187 0.98231 0.97954 0.97538 0.97033 0.9646 0.95828 0.95143 0.94412 0.93641 0.92839
0.14623 0.14686 0.19281 0.27425 0.40141 0.53344 0.62172 0.52764 0.27977 0.090963 0.095699 0.13927 0.18444 0.23074 0.27856 0.32614 0.37031 0.40764 0.43466 0.44842 0.44668 0.42808 0.39224 0.33976 0.27217 0.19205 0.1047 0.050344 0.12844 0.23705 0.35113 0.4664 0.57993 0.6887 0.78925 0.87755 0.94867 0.97381 0.98239 0.98315 0.98069 0.9768 0.97202 0.96655 0.96046 0.95384 0.94675 0.93926 0.93143
0.14579 0.13083 0.15081 0.26889 0.40489 0.53535 0.62156 0.52276 0.26647 0.072145 0.095283 0.14196 0.18544 0.22991 0.27665 0.32375 0.3678 0.40518 0.43235 0.44628 0.4447 0.42622 0.39043 0.33785 0.26991 0.18886 0.098424 0.034009 0.12242 0.23356 0.34863 0.46446 0.57839 0.68752 0.7884 0.87705 0.94852 0.974 0.9829 0.98397 0.98178 0.97817 0.97365 0.96842 0.96257 0.95618 0.9493 0.94201 0.93438
0.1595 0.12933 0.10608 0.2653 0.40781 0.53706 0.62165 0.51861 0.25432 0.051862 0.096488 0.14543 0.18709 0.22963 0.27522 0.32178 0.36566 0.40308 0.43039 0.44451 0.44313 0.42483 0.38918 0.33665 0.2686 0.18706 0.094716 0.018431 0.11847 0.23118 0.34683 0.463 0.57721 0.68658 0.78773 0.87666 0.94844 0.97422 0.98342 0.98476 0.98284 0.97948 0.97521 0.97022 0.9646 0.95843 0.95176 0.94467 0.93723
0.18084 0.13936 0.061803 0.26441 0.41021 0.53866 0.62218 0.51565 0.2444 0.030649 0.099474 0.14961 0.1893 0.22986 0.27424 0.32021 0.36389 0.40133 0.42878 0.4431 0.44195 0.42389 0.38846 0.33612 0.2682 0.18663 0.093743 0.0084326 0.11667 0.22988 0.34571 0.46201 0.57635 0.68588 0.78723 0.87638 0.94841 0.97447 0.98393 0.98552 0.98386 0.98074 0.97671 0.97195 0.96655 0.9606 0.95414 0.94724 0.93998
0.20574 0.15792 0.036393 0.26668 0.41215 0.54022 0.62334 0.51429 0.23778 0.0083056 0.10425 0.15439 0.19199 0.23055 0.27367 0.31902 0.36247 0.39991 0.42749 0.44202 0.44113 0.42337 0.38825 0.33624 0.26866 0.18752 0.095463 0.017443 0.11704 0.22965 0.34527 0.46149 0.57582 0.68542 0.78688 0.8762 0.94845 0.97474 0.98443 0.98627 0.98484 0.98195 0.97815 0.97361 0.96843 0.96269 0.95643 0.94973 0.94266
0.23302 0.18408 0.065468 0.2721 0.41363 0.54182 0.62527 0.51487 0.2354 0.014229 0.1107 0.15968 0.19509 0.23164 0.27349 0.31818 0.36138 0.3988 0.42651 0.44127 0.44067 0.42325 0.38853 0.33697 0.26994 0.18964 0.099616 0.032111 0.11946 0.23045 0.34547 0.4614 0.5756 0.68517 0.78669 0.87612 0.94854 0.97503 0.98494 0.98699 0.98577 0.98311 0.97952 0.9752 0.97024 0.9647 0.95864 0.95213 0.94524
0.2631 0.2181 0.11378 0.28017 0.41466 0.5435 0.62809 0.51762 0.23788 0.039263 0.11861 0.1654 0.19854 0.23309 0.27366 0.31768 0.36059 0.39799 0.42582 0.44082 0.44054 0.42352 0.38926 0.33827 0.27199 0.19289 0.10581 0.047216 0.12372 0.23221 0.34628 0.46173 0.57569 0.68514 0.78664 0.87614 0.94869 0.97534 0.98543 0.98768 0.98668 0.98422 0.98085 0.97673 0.97198 0.96664 0.96077 0.95445 0.94774
0.29674 0.25998 0.16447 0.2901 0.41523 0.54533 0.63188 0.52268 0.24539 0.06333 0.12771 0.17144 0.20226 0.23487 0.27417 0.31749 0.36011 0.39746 0.42542 0.44066 0.44073 0.42414 0.39043 0.34011 0.27475 0.19717 0.1136 0.062222 0.12956 0.23487 0.34767 0.46247 0.57605 0.68531 0.78674 0.87626 0.94889 0.97568 0.98593 0.98836 0.98754 0.98528 0.98211 0.9782 0.97364 0.9685 0.96283 0.95669 0.95016
0.33422 0.30879 0.2144 0.30089 0.41533 0.54733 0.63666 0.53008 0.25763 0.087634 0.13772 0.17774 0.2062 0.23692 0.27497 0.3176 0.35991 0.3972 0.42528 0.44077 0.44121 0.42511 0.39199 0.34244 0.27816 0.20234 0.1226 0.077051 0.1367 0.23837 0.34961 0.46359 0.5767 0.68568 0.78697 0.87646 0.94914 0.97603 0.98642 0.98901 0.98837 0.9863 0.98332 0.97961 0.97524 0.97029 0.96481 0.95885 0.95249
0.3751 0.36268 0.262 0.31155 0.41494 0.54954 0.64243 0.53974 0.27398 0.11194 0.14841 0.18421 0.2103 0.23922 0.27606 0.31799 0.35997 0.3972 0.42539 0.44115 0.44198 0.42639 0.39393 0.34524 0.28216 0.2083 0.13248 0.091672 0.14487 0.24261 0.35207 0.46507 0.5776 0.68624 0.78734 0.87675 0.94945 0.9764 0.98691 0.98964 0.98917 0.98727 0.98448 0.98095 0.97678 0.97201 0.96672 0.96094 0.95475
0.4182 0.41933 0.30603 0.32117 0.41402 0.55197 0.64916 0.55148 0.29359 0.13604 0.15953 0.19078 0.21453 0.24173 0.2774 0.31864 0.36029 0.39743 0.42574 0.44176 0.443 0.42796 0.39621 0.34846 0.28669 0.21492 0.14298 0.10607 0.15384 0.24753 0.355 0.46689 0.57875 0.68697 0.78783 0.87712 0.94979 0.97679 0.98739 0.99025 0.98993 0.9882 0.98558 0.98224 0.97825 0.97367 0.96855 0.96295 0.95693
0.46191 0.47621 0.34546 0.32894 0.41257 0.55462 0.65675 0.56505 0.31565 0.15977 0.17089 0.19739 0.21885 0.24442 0.27897 0.31953 0.36085 0.3979 0.42631 0.44261 0.44427 0.4298 0.39882 0.35206 0.29169 0.2221 0.15391 0.12024 0.16341 0.25305 0.35837 0.46904 0.58013 0.68787 0.78843 0.87757 0.95019 0.9772 0.98787 0.99084 0.99066 0.98908 0.98663 0.98347 0.97966 0.97526 0.97032 0.96489 0.95904
0.50449 0.53089 0.37938 0.33423 0.41058 0.55749 0.66512 0.58017 0.33936 0.18297 0.18232 0.20398 0.22321 0.24726 0.28075 0.32065 0.36162 0.39858 0.4271 0.44367 0.44577 0.4319 0.40171 0.35601 0.29711 0.22975 0.16512 0.13418 0.17344 0.25909 0.36215 0.47148 0.58174 0.68893 0.78915 0.87809 0.95062 0.97762 0.98835 0.99141 0.99135 0.98993 0.98764 0.98464 0.98101 0.97678 0.97202 0.96676 0.96108
0.54429 0.58122 0.40706 0.33653 0.40805 0.56055 0.67414 0.59648 0.36403 0.2055 0.19367 0.2105 0.22758 0.25023 0.28273 0.32198 0.36261 0.39947 0.42808 0.44493 0.44747 0.43424 0.40487 0.36026 0.30289 0.23777 0.1765 0.14788 0.1838 0.26559 0.3663 0.47421 0.58355 0.69015 0.78997 0.87868 0.95109 0.97806 0.98881 0.99196 0.99201 0.99073 0.98859 0.98576 0.98229 0.97824 0.97365 0.96856 0.96304
0.57991 0.6254 0.42796 0.33549 0.40502 0.5638 0.68367 0.61365 0.38909 0.22722 0.2048 0.2169 0.23195 0.25331 0.28487 0.32351 0.3638 0.40054 0.42925 0.44637 0.44938 0.43679 0.40828 0.3648 0.30898 0.2461 0.18796 0.16135 0.19437 0.27247 0.37078 0.47719 0.58556 0.6915 0.7909 0.87933 0.9516 0.97851 0.98928 0.99249 0.99265 0.99149 0.9895 0.98683 0.98353 0.97964 0.97522 0.97029 0.96493
0.61027 0.66208 0.44176 0.33089 0.40155 0.5672 0.69355 0.63133 0.41405 0.24801 0.21561 0.22313 0.23628 0.25647 0.28718 0.32523 0.36517 0.4018 0.43059 0.44799 0.45146 0.43953 0.4119 0.36959 0.31533 0.25467 0.19946 0.17459 0.2051 0.27968 0.37557 0.48042 0.58775 0.69299 0.79192 0.88005 0.95215 0.97897 0.98973 0.993 0.99325 0.99221 0.99037 0.98784 0.9847 0.98098 0.97672 0.97196 0.96676
0.63463 0.69041 0.44835 0.32264 0.39769 0.57073 0.70363 0.64919 0.43851 0.26776 0.226 0.22917 0.24056 0.2597 0.28963 0.32711 0.36672 0.40322 0.4321 0.44978 0.45372 0.44245 0.41572 0.37459 0.32192 0.26343 0.21094 0.18761 0.21591 0.28717 0.38063 0.48386 0.59011 0.69461 0.79302 0.88082 0.95273 0.97944 0.99018 0.99349 0.99382 0.9929 0.99118 0.98881 0.98583 0.98227 0.97816 0.97356 0.96852
0.6526 0.70998 0.4479 0.31075 0.39356 0.57435 0.71375 0.66691 0.46212 0.28635 0.23589 0.23497 0.24476 0.26298 0.2922 0.32915 0.36842 0.40481 0.43376 0.45171 0.45612 0.44554 0.41971 0.37977 0.32869 0.27231 0.22236 0.20039 0.22675 0.29489 0.38592 0.48751 0.59263 0.69634 0.79422 0.88166 0.95333 0.97992 0.99063 0.99396 0.99436 0.99355 0.99196 0.98973 0.98689 0.98349 0.97955 0.9751 0.97021
0.66412 0.72086 0.4408 0.29537 0.38928 0.57803 0.72376 0.68421 0.4846 0.30372 0.24521 0.24052 0.24889 0.26631 0.29489 0.33134 0.37028 0.40653 0.43556 0.45378 0.45867 0.44876 0.42386 0.38512 0.33561 0.28129 0.2337 0.21294 0.23759 0.30279 0.39143 0.49134 0.59529 0.69818 0.79549 0.88254 0.95397 0.98041 0.99106 0.99441 0.99488 0.99416 0.99269 0.9906 0.98791 0.98466 0.98087 0.97658 0.97184
0.66937 0.72355 0.42772 0.27673 0.38499 0.58174 0.73352 0.70083 0.50573 0.31976 0.2539 0.24578 0.25292 0.26967 0.29768 0.33366 0.37228 0.4084 0.43749 0.45598 0.46134 0.45213 0.42814 0.39061 0.34266 0.29033 0.24493 0.22527 0.2484 0.31083 0.39713 0.49533 0.59808 0.70013 0.79683 0.88347 0.95463 0.98091 0.99149 0.99484 0.99537 0.99474 0.99338 0.99142 0.98888 0.98578 0.98214 0.978 0.97341
0.6688 0.7189 0.40958 0.25519 0.38084 0.58545 0.74288 0.71654 0.52531 0.33442 0.26192 0.25074 0.25685 0.27305 0.30056 0.3361 0.37441 0.41039 0.43954 0.45829 0.46412 0.4556 0.43254 0.39622 0.34981 0.29939 0.25604 0.23738 0.25914 0.31899 0.40298 0.49948 0.601 0.70217 0.79824 0.88444 0.95531 0.98141 0.99191 0.99526 0.99582 0.99528 0.99404 0.9922 0.98979 0.98684 0.98335 0.97937 0.97492
0.66304 0.70804 0.38756 0.23124 0.37701 0.58912 0.75172 0.73114 0.54317 0.34764 0.26922 0.25538 0.26067 0.27644 0.30353 0.33866 0.37667 0.41251 0.44171 0.46072 0.46702 0.45918 0.43705 0.40192 0.35702 0.30846 0.26702 0.24927 0.2698 0.32723 0.40897 0.50376 0.60404 0.70429 0.79972 0.88545 0.95602 0.98192 0.99232 0.99565 0.99626 0.99579 0.99465 0.99293 0.99066 0.98785 0.98451 0.98067 0.97637
0.65286 0.69227 0.36309 0.20551 0.37368 0.59272 0.75992 0.74445 0.55918 0.35937 0.27577 0.2597 0.26438 0.27984 0.30657 0.34132 0.37903 0.41473 0.44397 0.46324 0.47 0.46285 0.44164 0.40769 0.36429 0.3175 0.27786 0.26094 0.28037 0.33552 0.41507 0.50816 0.60717 0.7065 0.80125 0.88651 0.95675 0.98243 0.99273 0.99603 0.99666 0.99626 0.99522 0.99363 0.99149 0.98881 0.98562 0.98192 0.97777
0.63907 0.67297 0.33789 0.17886 0.371 0.59622 0.76738 0.75633 0.57326 0.36958 0.28155 0.26369 0.26797 0.28324 0.30967 0.34407 0.3815 0.41705 0.44634 0.46585 0.47307 0.4666 0.44631 0.41353 0.37158 0.3265 0.28854 0.27239 0.29082 0.34385 0.42128 0.51266 0.6104 0.70878 0.80283 0.88759 0.95749 0.98295 0.99313 0.99639 0.99704 0.99671 0.99576 0.99428 0.99227 0.98973 0.98667 0.98312 0.97911
0.62247 0.65145 0.31388 0.15252 0.36913 0.59959 0.77402 0.76666 0.5853 0.37823 0.28655 0.26734 0.27144 0.28663 0.31283 0.34691 0.38406 0.41947 0.44879 0.46853 0.47621 0.47042 0.45103 0.41941 0.37888 0.33545 0.29907 0.28363 0.30116 0.35218 0.42756 0.51726 0.61371 0.71113 0.80447 0.88871 0.95825 0.98347 0.99351 0.99673 0.9974 0.99712 0.99626 0.99489 0.993 0.99059 0.98768 0.98427 0.98039
0.60377 0.62882 0.29315 0.12838 0.36819 0.60279 0.77976 0.77535 0.59526 0.38531 0.29075 0.27066 0.2748 0.29002 0.31604 0.34983 0.38671 0.42197 0.45132 0.4713 0.47942 0.4743 0.4558 0.42532 0.38618 0.34433 0.30943 0.29466 0.31136 0.36051 0.4339 0.52193 0.61709 0.71354 0.80615 0.88986 0.95903 0.98398 0.99389 0.99705 0.99773 0.9975 0.99672 0.99546 0.99369 0.99142 0.98863 0.98536 0.98162
0.58352 0.60593 0.27765 0.10938 0.36825 0.6058 0.78454 0.78233 0.60309 0.39081 0.29414 0.27364 0.27805 0.2934 0.3193 0.35283 0.38944 0.42455 0.45392 0.47412 0.48268 0.47822 0.46061 0.43125 0.39346 0.35313 0.31963 0.30548 0.32143 0.36882 0.44028 0.52667 0.62054 0.716 0.80787 0.89104 0.95982 0.9845 0.99426 0.99736 0.99803 0.99785 0.99715 0.99599 0.99434 0.99219 0.98954 0.9864 0.98281
0.56205 0.58323 0.2689 0.099503 0.36938 0.60859 0.78831 0.78754 0.60878 0.39473 0.29674 0.2763 0.28119 0.29677 0.32259 0.35588 0.39225 0.4272 0.45659 0.477 0.48599 0.48218 0.46545 0.43719 0.40071 0.36184 0.32967 0.3161 0.33136 0.37709 0.4467 0.53147 0.62405 0.71851 0.80963 0.89224 0.96062 0.98502 0.99462 0.99764 0.99832 0.99818 0.99755 0.99648 0.99495 0.99292 0.99041 0.9874 0.98394
0.5395 0.56081 0.26747 0.10175 0.37156 0.61113 0.79105 0.79098 0.61232 0.39709 0.29855 0.27865 0.28422 0.30012 0.32592 0.35899 0.39512 0.42992 0.45931 0.47994 0.48935 0.48617 0.4703 0.44312 0.40792 0.37045 0.33953 0.32652 0.34114 0.38532 0.45314 0.53632 0.62761 0.72107 0.81142 0.89346 0.96143 0.98554 0.99497 0.99791 0.99857 0.99847 0.99791 0.99694 0.99551 0.99361 0.99122 0.98835 0.98502
0.5158 0.53843 0.27283 0.11512 0.37475 0.61339 0.79274 0.79262 0.61373 0.39788 0.29959 0.28069 0.28716 0.30347 0.32928 0.36216 0.39805 0.4327 0.46209 0.48291 0.49273 0.49019 0.47516 0.44903 0.41508 0.37896 0.34922 0.33673 0.35077 0.39349 0.45958 0.5412 0.63121 0.72366 0.81324 0.89469 0.96224 0.98606 0.9953 0.99817 0.99881 0.99874 0.99825 0.99736 0.99604 0.99426 0.992 0.98925 0.98605
0.49077 0.51561 0.28354 0.13574 0.37888 0.61535 0.79336 0.79249 0.61303 0.39715 0.29988 0.28245 0.29 0.3068 0.33266 0.36537 0.40103 0.43552 0.46491 0.48592 0.49615 0.49422 0.48002 0.45493 0.42219 0.38735 0.35875 0.34675 0.36026 0.40159 0.46602 0.54611 0.63485 0.72629 0.81508 0.89595 0.96307 0.98657 0.99563 0.9984 0.99902 0.99898 0.99855 0.99775 0.99653 0.99487 0.99273 0.99011 0.98704
0.46417 0.49176 0.29774 0.15996 0.38383 0.61698 0.79293 0.7906 0.61026 0.39491 0.29945 0.28393 0.29276 0.31011 0.33607 0.36862 0.40406 0.43839 0.46778 0.48897 0.49958 0.49826 0.48487 0.46079 0.42923 0.39564 0.3681 0.35657 0.36959 0.40961 0.47245 0.55104 0.63851 0.72895 0.81695 0.89722 0.9639 0.98708 0.99595 0.99862 0.99921 0.99919 0.99882 0.9981 0.99699 0.99544 0.99342 0.99093 0.98798
0.43579 0.46632 0.31362 0.18546 0.38946 0.61827 0.79147 0.78702 0.60547 0.39121 0.29831 0.28517 0.29544 0.31341 0.3395 0.37191 0.40713 0.44131 0.47068 0.49204 0.50304 0.5023 0.48971 0.46662 0.43619 0.4038 0.37728 0.3662 0.37876 0.41756 0.47886 0.55598 0.6422 0.73163 0.81884 0.8985 0.96473 0.98759 0.99625 0.99882 0.99938 0.99937 0.99906 0.99842 0.99741 0.99597 0.99407 0.9917 0.98888
0.40555 0.43887 0.32967 0.21082 0.39563 0.6192 0.78901 0.7818 0.59872 0.38609 0.29652 0.28617 0.29805 0.31671 0.34294 0.37523 0.41023 0.44426 0.4736 0.49513 0.5065 0.50634 0.49453 0.4724 0.44308 0.41184 0.3863 0.37565 0.38779 0.42542 0.48524 0.56092 0.64591 0.73433 0.82074 0.89979 0.96556 0.98809 0.99655 0.99901 0.99953 0.99954 0.99927 0.99871 0.99779 0.99646 0.99468 0.99243 0.98973
0.37351 0.40924 0.3447 0.23521 0.40217 0.61975 0.78558 0.77503 0.5901 0.37959 0.2941 0.28697 0.3006 0.31999 0.34639 0.37857 0.41337 0.44723 0.47656 0.49824 0.50997 0.51037 0.49932 0.47813 0.44989 0.41976 0.39515 0.3849 0.39665 0.43319 0.49159 0.56587 0.64963 0.73704 0.82266 0.90109 0.9664 0.98858 0.99683 0.99918 0.99966 0.99967 0.99945 0.99897 0.99814 0.99691 0.99525 0.99312 0.99055
0.33997 0.37754 0.35788 0.25809 0.40895 0.61992 0.78125 0.76678 0.57968 0.37177 0.29111 0.28759 0.30311 0.32326 0.34985 0.38193 0.41654 0.45024 0.47953 0.50136 0.51343 0.51439 0.50409 0.48381 0.45661 0.42755 0.40383 0.39398 0.40537 0.44086 0.49789 0.5708 0.65336 0.73977 0.82459 0.90239 0.96723 0.98907 0.9971 0.99933 0.99976 0.99978 0.99961 0.99919 0.99846 0.99734 0.99578 0.99377 0.99132
0.30549 0.34424 0.36866 0.27912 0.41581 0.61972 0.77606 0.75717 0.56756 0.36268 0.28759 0.28805 0.30557 0.32652 0.35332 0.38531 0.41972 0.45326 0.48252 0.50449 0.5169 0.51839 0.50882 0.48943 0.46325 0.43521 0.41234 0.40287 0.41393 0.44843 0.50415 0.57572 0.65709 0.74251 0.82652 0.9037 0.96807 0.98956 0.99736 0.99947 0.99985 0.99987 0.99974 0.99939 0.99874 0.99772 0.99628 0.99439 0.99205
0.27095 0.31019 0.37669 0.29811 0.42263 0.61913 0.7701 0.74632 0.55385 0.35239 0.2836 0.28839 0.30799 0.32978 0.3568 0.38871 0.42293 0.4563 0.48552 0.50762 0.52036 0.52237 0.51351 0.49499 0.46979 0.44275 0.42069 0.41159 0.42234 0.45591 0.51035 0.58062 0.66082 0.74525 0.82846 0.90501 0.9689 0.99003 0.99761 0.99959 0.99992 0.99994 0.99984 0.99956 0.999 0.99808 0.99674 0.99496 0.99275
0.23765 0.27666 0.38177 0.31494 0.42928 0.61818 0.76345 0.73434 0.53864 0.34095 0.27919 0.28863 0.3104 0.33304 0.36028 0.39212 0.42615 0.45936 0.48853 0.51075 0.5238 0.52633 0.51815 0.50049 0.47624 0.45016 0.42888 0.42013 0.43059 0.46327 0.5165 0.5855 0.66455 0.74799 0.83041 0.90632 0.96973 0.9905 0.99785 0.99969 0.99996 0.99998 0.99992 0.9997 0.99922 0.9984 0.99717 0.9955 0.9934
0.20747 0.24542 0.38383 0.32961 0.43568 0.61687 0.75617 0.72139 0.52208 0.32845 0.27443 0.28879 0.31279 0.33629 0.36376 0.39553 0.42937 0.46242 0.49154 0.51388 0.52723 0.53025 0.52275 0.50592 0.48259 0.45743 0.43691 0.4285 0.43869 0.47053 0.52259 0.59036 0.66826 0.75074 0.83235 0.90763 0.97056 0.99096 0.99807 0.99978 0.99999 1 0.99997 0.99981 0.99941 0.99868 0.99756 0.99601 0.99402
0.18298 0.21874 0.38286 0.34213 0.44175 0.61523 0.74838 0.7076 0.50428 0.31494 0.26938 0.28892 0.31518 0.33953 0.36725 0.39895 0.43261 0.46549 0.49455 0.517 0.53065 0.53415 0.52731 0.51127 0.48884 0.46458 0.44478 0.4367 0.44665 0.47768 0.52861 0.59517 0.67196 0.75348 0.8343 0.90894 0.97138 0.99141 0.99829 0.99986 1 1 1 0.9999 0.99958 0.99894 0.99792 0.99648 0.9946
0.16722 0.19921 0.37892 0.3526 0.44742 0.61329 0.74017 0.69314 0.48538 0.3005 0.26411 0.28903 0.31757 0.34278 0.37073 0.40236 0.43584 0.46856 0.49756 0.52011 0.53404 0.53801 0.53181 0.51656 0.495 0.4716 0.4525 0.44473 0.45445 0.48473 0.53457 0.59996 0.67565 0.75621 0.83624 0.91025 0.97219 0.99186 0.99849 0.99991 0.99999 0.99998 1 0.99996 0.99971 0.99917 0.99825 0.99692 0.99515
0.16271 0.18907 0.37207 0.36115 0.45265 0.61106 0.73163 0.67818 0.46554 0.28521 0.25871 0.28915 0.31997 0.34603 0.3742 0.40578 0.43908 0.47163 0.50056 0.52321 0.53741 0.54184 0.53626 0.52176 0.50105 0.47848 0.46006 0.4526 0.46211 0.49166 0.54045 0.6047 0.67932 0.75893 0.83817 0.91155 0.973 0.99229 0.99867 0.99996 0.99996 0.99993 0.99998 0.99999 0.99982 0.99937 0.99855 0.99732 0.99566
0.1697 0.18906 0.36243 0.36794 0.45743 0.6086 0.72287 0.66288 0.44491 0.26915 0.25325 0.28932 0.32239 0.34928 0.37768 0.40919 0.44231 0.47469 0.50356 0.52629 0.54075 0.54562 0.54065 0.5269 0.507 0.48524 0.46747 0.46031 0.46962 0.49848 0.54627 0.60941 0.68296 0.76164 0.8401 0.91284 0.9738 0.99271 0.99885 0.99999 0.99992 0.99987 0.99994 1 0.99991 0.99954 0.99882 0.99769 0.99614
0.18594 0.19783 0.35008 0.37316 0.46172 0.60593 0.714 0.64743 0.42368 0.2524 0.24781 0.28956 0.32484 0.35253 0.38114 0.41259 0.44554 0.47775 0.50654 0.52935 0.54407 0.54936 0.54498 0.53195 0.51285 0.49188 0.47473 0.46786 0.47699 0.50519 0.55201 0.61407 0.68658 0.76434 0.84202 0.91413 0.97459 0.99313 0.99901 1 0.99986 0.99979 0.99988 0.99999 0.99996 0.99968 0.99906 0.99803 0.99659
0.20814 0.21267 0.33515 0.37701 0.46553 0.60309 0.70512 0.63202 0.40203 0.23505 0.24248 0.2899 0.32732 0.35578 0.3846 0.41599 0.44875 0.48079 0.50951 0.53239 0.54735 0.55306 0.54925 0.53693 0.5186 0.49838 0.48184 0.47526 0.48421 0.51179 0.55767 0.61868 0.69018 0.76702 0.84393 0.91541 0.97537 0.99353 0.99916 1 0.99978 0.99969 0.9998 0.99995 0.99999 0.9998 0.99926 0.99835 0.99701
0.23344 0.23067 0.31775 0.37971 0.46887 0.60012 0.69634 0.61684 0.38017 0.2172 0.23736 0.29036 0.32985 0.35904 0.38806 0.41937 0.45196 0.48382 0.51246 0.53541 0.5506 0.55672 0.55347 0.54182 0.52425 0.50476 0.4888 0.4825 0.4913 0.51828 0.56326 0.62324 0.69374 0.76969 0.84583 0.91668 0.97615 0.99392 0.9993 0.99998 0.99968 0.99957 0.99969 0.99989 1 0.99988 0.99945 0.99863 0.9974
0.25987 0.24952 0.29799 0.38148 0.47175 0.59708 0.68775 0.60207 0.35834 0.19895 0.23252 0.29095 0.33241 0.36231 0.3915 0.42274 0.45515 0.48684 0.5154 0.5384 0.55382 0.56033 0.55762 0.54663 0.52979 0.51101 0.49562 0.48959 0.49824 0.52465 0.56876 0.62776 0.69727 0.77234 0.84771 0.91794 0.97691 0.9943 0.99943 0.99995 0.99957 0.99943 0.99957 0.99981 0.99998 0.99995 0.9996 0.99888 0.99775
0.2862 0.26765 0.27602 0.38255 0.47418 0.59399 0.67946 0.58791 0.33682 0.18041 0.22808 0.29171 0.33503 0.36558 0.39493 0.42609 0.45832 0.48984 0.51831 0.54136 0.557 0.56389 0.56171 0.55137 0.53523 0.51714 0.5023 0.49653 0.50505 0.53092 0.57419 0.63222 0.70077 0.77496 0.84958 0.91918 0.97766 0.99467 0.99954 0.99991 0.99944 0.99927 0.99942 0.99971 0.99994 0.99999 0.99973 0.99911 0.99808
0.31172 0.28412 0.25199 0.38313 0.4762 0.5909 0.67155 0.57455 0.31589 0.16173 0.2241 0.29265 0.3377 0.36885 0.39834 0.42942 0.46147 0.49282 0.5212 0.5443 0.56014 0.5674 0.56573 0.55602 0.54057 0.52315 0.50884 0.50333 0.51172 0.53707 0.57954 0.63663 0.70424 0.77756 0.85144 0.92042 0.9784 0.99503 0.99964 0.99985 0.9993 0.9991 0.99926 0.99958 0.99988 1 0.99983 0.9993 0.99838
