0.29327 0.40428 0.29534 0.075085 0.1252 0.24616 0.40918 0.56229 0.67483 0.69433 0.67182 0.63689 0.56041 0.4995 0.44833 0.40203 0.35738 0.31259 0.26736 0.22284 0.18137 0.14585 0.11866 0.10059 0.09021 0.08472 0.08142 0.078516 0.07514 0.071054 0.066365 0.06133 0.056235 0.051335 0.046823 0.042826 0.039407 0.036592 0.034376 0.032746 0.031695 0.031231 0.031398 0.032292 0.034077 0.036995 0.041373 0.047611 0.056179
0.49767 0.54739 0.57755 0.69088 0.66268 0.52874 0.30765 0.12066 0.20082 0.29036 0.31763 0.32213 0.30633 0.30171 0.30304 0.30456 0.30178 0.29164 0.27298 0.24672 0.21559 0.1833 0.15339 0.12819 0.10821 0.092728 0.08065 0.070961 0.062904 0.05601 0.050072 0.045083 0.041174 0.03853 0.037308 0.037559 0.0392 0.042065 0.045978 0.050806 0.056486 0.063017 0.070457 0.078914 0.088544 0.099549 0.11218 0.12673 0.14357
0.41009 0.39235 0.12433 0.070163 0.13073 0.18076 0.25761 0.33051 0.36643 0.367 0.37902 0.39928 0.38274 0.35667 0.3223 0.28299 0.24158 0.20032 0.16154 0.12799 0.10228 0.08564 0.076832 0.07285 0.070836 0.069045 0.066727 0.063732 0.06021 0.056435 0.052714 0.049348 0.046604 0.044712 0.043855 0.044149 0.04564 0.048307 0.052085 0.056891 0.062653 0.06932 0.076881 0.085363 0.09484 0.10544 0.11733 0.13076 0.14603
0.25752 0.42892 0.45274 0.4408 0.34783 0.3251 0.35201 0.38425 0.42746 0.44945 0.46017 0.45431 0.39831 0.33624 0.27385 0.21709 0.17052 0.13632 0.11349 0.098182 0.086235 0.075381 0.065285 0.056405 0.049017 0.043124 0.038768 0.03617 0.035556 0.036843 0.039547 0.043018 0.046691 0.050195 0.053333 0.056032 0.058294 0.060153 0.061655 0.062845 0.063757 0.064413 0.064822 0.064988 0.064913 0.06462 0.064177 0.063757 0.063718
0.25419 0.46752 0.41793 0.18506 0.11202 0.19193 0.12698 0.11288 0.31511 0.47951 0.56819 0.59206 0.53084 0.45714 0.38437 0.32019 0.26822 0.22905 0.20075 0.17962 0.16182 0.14499 0.12876 0.11396 0.10142 0.091537 0.084404 0.079852 0.077464 0.076658 0.076827 0.077458 0.078178 0.078768 0.079121 0.079211 0.07906 0.078714 0.078233 0.077689 0.077157 0.076714 0.07644 0.076421 0.076748 0.07754 0.078959 0.081246 0.084771
0.040575 0.10494 0.37376 0.54716 0.4465 0.34579 0.28877 0.26073 0.23345 0.16642 0.079409 0.056566 0.12394 0.1794 0.21857 0.24614 0.26569 0.27883 0.28603 0.2873 0.28273 0.27302 0.25977 0.24509 0.23031 0.2158 0.20151 0.18745 0.1737 0.16038 0.14765 0.13565 0.12448 0.11422 0.10492 0.096633 0.089399 0.0833 0.078469 0.075106 0.073468 0.073828 0.07643 0.081443 0.088972 0.09909 0.1119 0.12759 0.14643
0.21873 0.30702 0.51482 0.57301 0.41859 0.26694 0.16269 0.17284 0.20732 0.18068 0.11913 0.061386 0.044244 0.066107 0.092321 0.11937 0.14738 0.17536 0.20138 0.22292 0.23756 0.24414 0.2434 0.23755 0.22863 0.21767 0.20518 0.19152 0.17698 0.16188 0.14651 0.13115 0.11603 0.10133 0.08715 0.073558 0.060603 0.048432 0.037526 0.029285 0.026709 0.031958 0.043117 0.057837 0.075175 0.094986 0.11748 0.14309 0.17235
0.46193 0.55515 0.41137 0.24716 0.29653 0.31478 0.1749 0.079951 0.35054 0.54489 0.65047 0.69185 0.64216 0.57929 0.51448 0.45322 0.39732 0.34699 0.30254 0.26482 0.23473 0.21249 0.19734 0.18788 0.18228 0.17864 0.17554 0.17211 0.16794 0.16294 0.15721 0.15099 0.14455 0.1382 0.13221 0.12683 0.12229 0.11879 0.11651 0.11566 0.11644 0.1191 0.12389 0.1311 0.14105 0.15414 0.17083 0.19172 0.21751
0.8032 0.95291 0.97932 0.85098 0.68214 0.73582 0.74595 0.6818 0.62585 0.57372 0.55711 0.56028 0.52103 0.47461 0.41888 0.35705 0.29324 0.23128 0.17508 0.12903 0.097633 0.082998 0.081184 0.08516 0.090491 0.095535 0.099872 0.10344 0.10623 0.10821 0.10937 0.10972 0.10932 0.10829 0.10679 0.10501 0.10311 0.10131 0.099802 0.098845 0.098743 0.099871 0.10269 0.10773 0.11562 0.12702 0.14266 0.16331 0.18982
0.22459 0.11731 0.33972 0.53775 0.44527 0.38716 0.39777 0.44952 0.50808 0.49945 0.45964 0.42264 0.3723 0.33914 0.31159 0.28261 0.24946 0.21216 0.17254 0.13348 0.098187 0.069536 0.04978 0.040224 0.039562 0.043829 0.049751 0.055759 0.061168 0.065633 0.068951 0.071007 0.071756 0.071198 0.069362 0.066272 0.061927 0.056293 0.049299 0.040835 0.030752 0.018867 0.0051615 0.011841 0.030953 0.053444 0.079854 0.1109 0.14745
0.76796 0.83428 0.54932 0.25808 0.35565 0.55399 0.64291 0.63999 0.58315 0.46953 0.37306 0.31754 0.27668 0.25882 0.24771 0.23543 0.21897 0.19789 0.17331 0.14735 0.12251 0.10111 0.084807 0.074252 0.068964 0.067687 0.069 0.071731 0.075063 0.078495 0.081741 0.084661 0.087207 0.089392 0.091269 0.092914 0.094426 0.095936 0.09763 0.099773 0.10274 0.107 0.11318 0.12197 0.13412 0.15038 0.17153 0.19833 0.23162
0.56946 0.40209 0.4028 0.41044 0.26773 0.30709 0.43273 0.48777 0.44501 0.31738 0.21749 0.19422 0.19333 0.18864 0.17316 0.15042 0.12458 0.099396 0.079255 0.068725 0.068451 0.073498 0.078975 0.083073 0.085828 0.087751 0.089354 0.091044 0.093095 0.095651 0.098757 0.1024 0.10653 0.11113 0.11619 0.12171 0.12775 0.13437 0.14168 0.14984 0.15904 0.16956 0.18174 0.19597 0.21277 0.2327 0.25644 0.28477 0.31855
0.40725 0.46943 0.70898 0.75072 0.52682 0.32606 0.21054 0.11872 0.11041 0.20067 0.25833 0.27783 0.25672 0.23147 0.2061 0.18082 0.15531 0.13006 0.10654 0.086587 0.0714 0.060873 0.054029 0.050111 0.048977 0.050713 0.055107 0.061529 0.069187 0.0774 0.085694 0.093805 0.10164 0.10923 0.1167 0.12422 0.13199 0.1402 0.14906 0.15878 0.1696 0.18177 0.1956 0.21141 0.22963 0.25072 0.27524 0.30385 0.33732
0.48798 0.25756 0.19826 0.51845 0.54062 0.47589 0.36205 0.24575 0.15545 0.10843 0.1392 0.19471 0.22575 0.24011 0.23902 0.22556 0.20318 0.1751 0.14436 0.11393 0.086638 0.064974 0.050878 0.045058 0.045988 0.050837 0.057407 0.064503 0.07151 0.078108 0.084147 0.08961 0.094588 0.099256 0.10384 0.1086 0.11376 0.11956 0.1262 0.13388 0.14279 0.15312 0.1651 0.17899 0.19509 0.2138 0.23559 0.26104 0.29085
0.15151 0.29915 0.27565 0.14775 0.11822 0.2368 0.37746 0.47598 0.54378 0.55208 0.53848 0.51958 0.46408 0.41686 0.37603 0.34042 0.30873 0.2795 0.25165 0.22475 0.19903 0.17527 0.15447 0.13741 0.12405 0.11373 0.10567 0.099198 0.093861 0.089348 0.085496 0.082256 0.079673 0.077852 0.076929 0.077036 0.078272 0.080696 0.084325 0.089154 0.095178 0.10242 0.11094 0.12089 0.1325 0.14613 0.16224 0.18146 0.20455
0.32338 0.42472 0.35635 0.31233 0.37485 0.46116 0.45492 0.35646 0.24182 0.19633 0.21985 0.24002 0.22801 0.21212 0.19817 0.18875 0.18439 0.18386 0.18469 0.18413 0.18017 0.17222 0.16111 0.14847 0.1355 0.12271 0.11026 0.098275 0.086851 0.076131 0.066282 0.057511 0.050065 0.044231 0.040277 0.03835 0.038346 0.03991 0.042568 0.045884 0.049539 0.053351 0.057281 0.061453 0.066181 0.072014 0.079764 0.090477 0.10536
0.44978 0.57905 0.49415 0.41461 0.35188 0.31011 0.30172 0.30369 0.26315 0.18004 0.11882 0.09565 0.082253 0.069062 0.055489 0.05104 0.063488 0.086269 0.11047 0.13068 0.1439 0.14919 0.14746 0.14075 0.13093 0.11912 0.10605 0.0923 0.078339 0.064591 0.05141 0.039095 0.027928 0.018316 0.01137 0.0099586 0.013765 0.018747 0.023286 0.026898 0.029343 0.030419 0.029911 0.02756 0.023059 0.016048 0.0063025 0.0083293 0.025973
0.35484 0.32221 0.14612 0.12201 0.26441 0.29467 0.27863 0.27926 0.2867 0.25787 0.22121 0.19854 0.17915 0.17283 0.17241 0.17387 0.17555 0.17696 0.17785 0.17755 0.17507 0.1697 0.16151 0.15132 0.13979 0.12719 0.11368 0.099518 0.085092 0.070841 0.057223 0.044719 0.033898 0.025613 0.021147 0.021282 0.024746 0.029588 0.034667 0.039489 0.04386 0.047731 0.051146 0.054258 0.057365 0.060977 0.065883 0.073164 0.084106
0.93971 0.73901 0.49125 0.3623 0.28366 0.24967 0.22101 0.21493 0.19464 0.1236 0.064659 0.11121 0.16186 0.19025 0.20242 0.20644 0.20767 0.20834 0.20846 0.207 0.20289 0.19577 0.18621 0.17538 0.16406 0.15236 0.14028 0.12791 0.11551 0.10349 0.092298 0.082406 0.074225 0.06807 0.064102 0.062285 0.062397 0.064107 0.067067 0.07099 0.075678 0.081033 0.087051 0.093819 0.10152 0.11045 0.121 0.13372 0.14928
0.025436 0.18987 0.26265 0.32863 0.24776 0.1306 0.22835 0.41124 0.52291 0.50625 0.42445 0.32631 0.2212 0.15085 0.11733 0.11743 0.13557 0.15784 0.17775 0.19251 0.20093 0.20309 0.20022 0.19428 0.18673 0.17821 0.16896 0.15918 0.14917 0.13927 0.12984 0.12123 0.11375 0.10761 0.10296 0.09985 0.098282 0.098189 0.099489 0.1021 0.10597 0.11106 0.11743 0.12514 0.13435 0.14529 0.15827 0.17368 0.19204
0.41523 0.21871 0.15558 0.28593 0.36839 0.46702 0.56792 0.65234 0.71333 0.67356 0.57158 0.4462 0.30825 0.21666 0.16715 0.14887 0.14932 0.15896 0.17182 0.18398 0.19275 0.19683 0.19648 0.19308 0.18792 0.18161 0.17446 0.16673 0.1587 0.15069 0.14298 0.13585 0.12952 0.12416 0.1199 0.11684 0.11501 0.11443 0.1151 0.11704 0.12028 0.12487 0.13089 0.13848 0.14781 0.1591 0.17266 0.18884 0.20811
0.42341 0.47232 0.29105 0.098503 0.02612 0.081289 0.26388 0.48944 0.66862 0.67633 0.56896 0.42289 0.27002 0.17426 0.13311 0.12893 0.13907 0.15187 0.16341 0.17208 0.17687 0.17746 0.17451 0.16944 0.16342 0.157 0.15046 0.14398 0.13776 0.13191 0.12656 0.12178 0.11763 0.11416 0.11144 0.10953 0.10848 0.10834 0.10917 0.11104 0.11405 0.11829 0.12391 0.13107 0.13997 0.15086 0.16405 0.17988 0.19879
0.54589 0.56055 0.69622 0.8015 0.79722 0.85369 0.88379 0.87203 0.82624 0.69058 0.53522 0.39046 0.25184 0.16284 0.12033 0.11369 0.12287 0.1345 0.14358 0.14841 0.14849 0.14428 0.13711 0.12873 0.12049 0.11307 0.10677 0.10169 0.097739 0.094744 0.092454 0.090644 0.089158 0.087927 0.08696 0.08632 0.086102 0.086419 0.087397 0.089169 0.09188 0.095686 0.10075 0.10727 0.11545 0.12553 0.1378 0.15261 0.17037
0.53803 0.40259 0.21951 0.18899 0.20333 0.18181 0.19938 0.28191 0.32428 0.32048 0.30834 0.28512 0.23466 0.19229 0.16276 0.14565 0.13754 0.13414 0.13162 0.12714 0.11935 0.10845 0.095862 0.083433 0.072625 0.064322 0.058938 0.05635 0.055904 0.056692 0.057902 0.058992 0.059697 0.059962 0.059872 0.059588 0.059311 0.059253 0.059634 0.060669 0.062563 0.065507 0.06968 0.075255 0.082417 0.091371 0.10237 0.11572 0.1318
0.19867 0.1429 0.33711 0.38256 0.34319 0.27052 0.19052 0.1357 0.081105 0.061553 0.080498 0.072785 0.039681 0.037089 0.06963 0.097848 0.1158 0.12379 0.12314 0.11529 0.10193 0.085116 0.0671 0.04983 0.03468 0.023105 0.017838 0.020088 0.025604 0.031063 0.035387 0.038327 0.039937 0.040398 0.039956 0.038884 0.037469 0.036006 0.034809 0.034201 0.0345 0.035976 0.038826 0.043172 0.049104 0.056735 0.066234 0.077853 0.091925
0.3141 0.40441 0.35271 0.33785 0.316 0.32297 0.31299 0.29189 0.27041 0.23948 0.21792 0.20248 0.17569 0.15782 0.15083 0.15114 0.15235 0.14971 0.14121 0.12702 0.10862 0.088181 0.067903 0.049449 0.033712 0.021473 0.014772 0.015696 0.020453 0.025244 0.028899 0.03117 0.032093 0.031824 0.030566 0.028533 0.02594 0.022991 0.019905 0.016953 0.014547 0.013335 0.01403 0.016872 0.021599 0.027971 0.035982 0.045812 0.057767
0.79954 0.58729 0.30218 0.1359 0.075693 0.04252 0.035896 0.10764 0.24694 0.3471 0.38543 0.38388 0.34021 0.3008 0.26835 0.24203 0.21969 0.19879 0.17745 0.15496 0.13182 0.10929 0.088819 0.071478 0.05764 0.047241 0.040109 0.035908 0.033964 0.033347 0.033178 0.03285 0.032038 0.030638 0.028676 0.026247 0.023472 0.020466 0.017324 0.014106 0.010829 0.0074566 0.0039254 0.0011341 0.0049033 0.010229 0.016715 0.024646 0.034364
0.60322 0.52817 0.48361 0.54695 0.47166 0.43781 0.44654 0.46299 0.46638 0.42895 0.39871 0.3898 0.36398 0.34046 0.31376 0.28448 0.25443 0.2248 0.19623 0.1692 0.14421 0.12187 0.1027 0.087 0.074496 0.064634 0.0569 0.050885 0.04623 0.042563 0.039513 0.036755 0.034055 0.031289 0.028427 0.02551 0.022622 0.019863 0.017335 0.01512 0.013263 0.011769 0.010633 0.0099225 0.0098935 0.011019 0.013762 0.018359 0.02493
0.24687 0.2368 0.10564 0.057206 0.18736 0.40021 0.47436 0.40193 0.23068 0.022461 0.15634 0.27161 0.31181 0.31361 0.29366 0.26346 0.23023 0.19808 0.16927 0.14482 0.12491 0.10907 0.096526 0.086535 0.078346 0.071289 0.064935 0.059075 0.053624 0.048536 0.043755 0.039218 0.034867 0.03067 0.026632 0.022796 0.019247 0.016114 0.013568 0.0118 0.010933 0.010912 0.011516 0.012519 0.013824 0.015498 0.017752 0.020891 0.025266
0.38666 0.55819 0.52095 0.37696 0.36407 0.51459 0.64176 0.67391 0.62907 0.52227 0.44156 0.39667 0.34133 0.29369 0.24729 0.20257 0.16163 0.12666 0.099894 0.083208 0.07618 0.075137 0.075845 0.075974 0.074785 0.072192 0.068369 0.063609 0.058226 0.052504 0.046662 0.040853 0.035175 0.029687 0.024428 0.019429 0.014735 0.010429 0.0067408 0.0044534 0.0049567 0.0072509 0.0098846 0.012469 0.014964 0.017447 0.020069 0.023044 0.026643
0.67663 0.33916 0.26077 0.46828 0.41229 0.41407 0.44549 0.47258 0.50374 0.49915 0.47117 0.42466 0.34266 0.27068 0.2088 0.15559 0.10913 0.067795 0.030943 0.0045843 0.028761 0.048957 0.062761 0.070974 0.074789 0.07523 0.073106 0.069098 0.063794 0.057689 0.051176 0.044557 0.038041 0.03177 0.025831 0.020277 0.015161 0.010572 0.0067793 0.0047123 0.0055691 0.0079905 0.01065 0.013198 0.01558 0.017847 0.020111 0.022541 0.025375
0.14816 0.11682 0.34718 0.25228 0.072948 0.12324 0.11717 0.069515 0.19056 0.32071 0.3786 0.37406 0.31268 0.25223 0.20175 0.16181 0.12977 0.1034 0.082938 0.070996 0.069037 0.073592 0.079473 0.083796 0.085716 0.085204 0.082527 0.078091 0.072355 0.065771 0.058747 0.051626 0.044671 0.038081 0.031996 0.026521 0.021758 0.017826 0.014883 0.013079 0.012425 0.012687 0.013485 0.014494 0.015524 0.016515 0.017526 0.018739 0.020475
0.23312 0.48437 0.38865 0.21728 0.11675 0.2055 0.31183 0.37079 0.38467 0.35596 0.3178 0.27441 0.21707 0.17989 0.16186 0.15493 0.15093 0.14563 0.13836 0.13032 0.12303 0.11721 0.11267 0.10889 0.10522 0.10106 0.096035 0.090065 0.083276 0.075914 0.068267 0.060623 0.053228 0.046278 0.039915 0.034233 0.029293 0.025134 0.02177 0.019185 0.017302 0.015976 0.015006 0.014181 0.013332 0.012385 0.011459 0.011038 0.012088
0.45383 0.29832 0.2146 0.33169 0.36877 0.40121 0.40904 0.3836 0.34651 0.27827 0.19911 0.1158 0.034245 0.04566 0.097193 0.13522 0.15986 0.17285 0.17641 0.17301 0.16514 0.15505 0.14457 0.1349 0.12631 0.11842 0.11072 0.10287 0.094761 0.086427 0.078021 0.069737 0.061769 0.05428 0.047392 0.041173 0.035654 0.030829 0.026665 0.0231 0.020037 0.01734 0.014834 0.01231 0.0095411 0.006288 0.0023013 0.0026947 0.0089808
0.26355 0.25903 0.26898 0.37903 0.39624 0.32734 0.20999 0.18754 0.26544 0.29406 0.2738 0.23601 0.1899 0.16906 0.17069 0.18312 0.19609 0.20436 0.20625 0.20199 0.19286 0.18069 0.16746 0.15485 0.14354 0.13336 0.12384 0.11461 0.10544 0.09629 0.087219 0.078355 0.069845 0.061826 0.054402 0.047631 0.041531 0.036088 0.031267 0.027016 0.02327 0.019965 0.01706 0.014595 0.012814 0.012324 0.013931 0.018018 0.024522
0.30833 0.24091 0.19059 0.31943 0.34156 0.33745 0.28005 0.24391 0.27469 0.30497 0.32561 0.33411 0.30747 0.28077 0.25937 0.24489 0.23575 0.22909 0.22242 0.2142 0.20383 0.19162 0.17859 0.16602 0.15452 0.14398 0.13404 0.1244 0.11486 0.10539 0.096026 0.086882 0.078097 0.069803 0.062107 0.055077 0.048746 0.043124 0.038213 0.034017 0.030561 0.027903 0.026153 0.025481 0.026106 0.028259 0.032154 0.037993 0.046006
0.50228 0.52075 0.30331 0.12948 0.22983 0.31405 0.26459 0.15122 0.12638 0.21363 0.29132 0.33642 0.32738 0.30419 0.27742 0.25328 0.23434 0.22069 0.21106 0.20353 0.19615 0.18776 0.1783 0.16857 0.15916 0.15007 0.14112 0.13214 0.12306 0.11391 0.10477 0.095791 0.087136 0.078958 0.071388 0.064518 0.058413 0.053115 0.048663 0.045105 0.042503 0.040944 0.040531 0.041383 0.043635 0.04744 0.052982 0.060494 0.070271
0.71942 0.75328 0.544 0.4956 0.43597 0.41083 0.36663 0.30221 0.27649 0.28773 0.30763 0.31562 0.28776 0.25552 0.22374 0.19707 0.1789 0.17016 0.16884 0.17106 0.17307 0.17267 0.16953 0.16457 0.1587 0.15225 0.14528 0.13781 0.12989 0.12164 0.11322 0.10485 0.096712 0.089012 0.081911 0.075531 0.069962 0.065272 0.061518 0.05876 0.057068 0.056521 0.057216 0.059261 0.062792 0.067973 0.075014 0.084182 0.095806
0.2764 0.28927 0.20529 0.12178 0.18307 0.30209 0.36924 0.38707 0.37455 0.33016 0.29217 0.2622 0.21537 0.17064 0.12868 0.096149 0.083534 0.09305 0.11255 0.1316 0.14577 0.15404 0.15722 0.15702 0.15484 0.15134 0.14675 0.1412 0.13484 0.12787 0.12052 0.11305 0.10571 0.098731 0.092309 0.086597 0.081707 0.077724 0.074717 0.072757 0.07192 0.072291 0.073978 0.077106 0.081831 0.088347 0.096894 0.10777 0.12133
0.47761 0.47963 0.33462 0.17437 0.092808 0.12221 0.1977 0.24535 0.25515 0.24262 0.23729 0.22774 0.18903 0.14247 0.092642 0.046302 0.02762 0.055811 0.08663 0.11125 0.12885 0.13999 0.14601 0.14863 0.14914 0.14809 0.14567 0.14201 0.13728 0.1317 0.12555 0.11913 0.11271 0.10657 0.10092 0.095954 0.091796 0.08855 0.086304 0.085141 0.085154 0.086446 0.089142 0.093391 0.099374 0.10731 0.11747 0.13017 0.14578
0.49075 0.19591 0.12705 0.16423 0.089132 0.085978 0.10617 0.081497 0.042694 0.13984 0.22124 0.25916 0.24165 0.2065 0.16729 0.13374 0.11231 0.10501 0.10831 0.11642 0.12512 0.1323 0.13735 0.1406 0.14246 0.14301 0.14221 0.14007 0.13673 0.13242 0.1274 0.122 0.11651 0.11122 0.10636 0.10215 0.098738 0.096246 0.094785 0.094462 0.095388 0.09769 0.10151 0.10703 0.11443 0.12397 0.13592 0.15062 0.16844
0.064994 0.18611 0.26464 0.1832 0.11475 0.17643 0.2207 0.23799 0.2546 0.2801 0.31536 0.33529 0.30665 0.26527 0.22136 0.18255 0.15289 0.13348 0.12344 0.1206 0.12223 0.12577 0.12948 0.13267 0.13507 0.13644 0.13656 0.1354 0.13303 0.12968 0.12559 0.12106 0.1164 0.11187 0.10776 0.10426 0.10157 0.099844 0.099209 0.099805 0.10177 0.10524 0.11039 0.1174 0.12647 0.13785 0.15182 0.16871 0.18892
0.44268 0.56858 0.48216 0.36814 0.3102 0.3504 0.3807 0.40863 0.43897 0.4363 0.42333 0.40054 0.33856 0.27647 0.21951 0.1725 0.1382 0.11729 0.10828 0.10768 0.11145 0.11642 0.12091 0.12445 0.12703 0.12857 0.12895 0.12818 0.12633 0.12356 0.1201 0.11622 0.11218 0.10827 0.10476 0.10189 0.099868 0.098892 0.099138 0.10077 0.10395 0.10884 0.11559 0.12439 0.13542 0.14892 0.16515 0.18445 0.20717
0.38666 0.08997 0.41525 0.53907 0.35228 0.21312 0.23956 0.32939 0.42365 0.46709 0.46137 0.41891 0.33039 0.24743 0.17557 0.11817 0.07911 0.064188 0.070527 0.084229 0.096966 0.10638 0.1125 0.11625 0.11848 0.11958 0.11967 0.11879 0.11702 0.11448 0.11134 0.10781 0.10414 0.10061 0.097492 0.095072 0.093618 0.093381 0.094587 0.097436 0.1021 0.10872 0.11742 0.12836 0.14167 0.15756 0.17628 0.19813 0.22344
0.24301 0.4189 0.51684 0.51763 0.31596 0.12996 0.1013 0.21673 0.38725 0.48267 0.48738 0.434 0.32966 0.23432 0.15279 0.085321 0.031181 0.017098 0.048987 0.073454 0.090168 0.10041 0.10592 0.10853 0.10958 0.10969 0.10907 0.10776 0.10578 0.10318 0.10006 0.096564 0.092926 0.089426 0.086393 0.084179 0.083149 0.083645 0.085961 0.090314 0.09684 0.10561 0.11669 0.13012 0.14601 0.16452 0.18585 0.2103 0.23819
0.25301 0.077392 0.28726 0.44247 0.30685 0.095336 0.22134 0.38774 0.52554 0.56959 0.54135 0.47393 0.36448 0.27031 0.19355 0.13465 0.095147 0.077664 0.078634 0.086929 0.094666 0.09931 0.10105 0.10105 0.10028 0.099153 0.097713 0.095883 0.093568 0.090706 0.087311 0.083492 0.079459 0.075534 0.072138 0.069776 0.068993 0.070294 0.07404 0.080393 0.08934 0.10079 0.11464 0.13087 0.14953 0.17073 0.19468 0.22164 0.25193
0.44439 0.18962 0.40739 0.62277 0.65897 0.63854 0.64516 0.67316 0.68645 0.63244 0.56226 0.49092 0.39105 0.30828 0.24095 0.18842 0.15022 0.12545 0.11179 0.10526 0.10183 0.099006 0.096022 0.09313 0.090624 0.088467 0.086427 0.084224 0.081602 0.078379 0.074475 0.069945 0.064995 0.060009 0.05558 0.052523 0.051798 0.054222 0.060128 0.069331 0.081422 0.096033 0.11294 0.13207 0.15346 0.17724 0.2036 0.23282 0.2652
0.14757 0.20172 0.29216 0.61506 0.77337 0.83127 0.78371 0.69582 0.61803 0.53294 0.47876 0.43962 0.37187 0.31155 0.25863 0.21389 0.17767 0.14973 0.12918 0.11445 0.10372 0.095532 0.089155 0.084364 0.080931 0.078413 0.076294 0.074085 0.07137 0.067842 0.063324 0.057791 0.051396 0.044525 0.037953 0.033145 0.03232 0.037036 0.046711 0.059919 0.075695 0.093579 0.1134 0.13517 0.15896 0.18494 0.21334 0.24439 0.27841
0.43117 0.26405 0.2915 0.41164 0.56016 0.63093 0.56305 0.42762 0.31194 0.28156 0.31435 0.33722 0.31425 0.28221 0.24718 0.21261 0.18073 0.15298 0.13004 0.11187 0.09792 0.087474 0.079952 0.07491 0.071789 0.069866 0.068408 0.066763 0.064397 0.060911 0.056051 0.0497 0.041869 0.032694 0.022543 0.012954 0.012249 0.023744 0.039084 0.056332 0.075172 0.095567 0.11757 0.1413 0.16688 0.1945 0.22436 0.25672 0.29182
0.46518 0.22622 0.08478 0.26386 0.39874 0.42913 0.39232 0.27736 0.10102 0.079846 0.18502 0.24043 0.24784 0.23916 0.22009 0.19479 0.16732 0.14096 0.11789 0.099175 0.084997 0.075005 0.0686 0.065106 0.063698 0.063455 0.063514 0.063147 0.061789 0.059042 0.054671 0.048595 0.040871 0.031706 0.021656 0.01312 0.015212 0.027765 0.043875 0.061982 0.08177 0.10318 0.12623 0.15101 0.17761 0.20618 0.23689 0.26993 0.30552
0.67263 0.69736 0.50528 0.35705 0.21973 0.21864 0.31941 0.32382 0.24105 0.16399 0.15559 0.18098 0.19616 0.20051 0.1908 0.17054 0.14522 0.11955 0.096791 0.07875 0.066095 0.0586 0.055381 0.055246 0.056972 0.059469 0.061852 0.063446 0.063772 0.06254 0.059651 0.05521 0.049554 0.043364 0.037911 0.035345 0.038038 0.046569 0.059697 0.076122 0.095077 0.11618 0.13924 0.16421 0.19109 0.21994 0.25086 0.28397 0.31943
0.25484 0.35331 0.38012 0.33077 0.18032 0.18201 0.30543 0.31887 0.23354 0.13867 0.11834 0.14769 0.16963 0.17712 0.16817 0.14749 0.1213 0.094731 0.071312 0.053331 0.042373 0.038909 0.041136 0.046249 0.052321 0.058284 0.063471 0.067421 0.069832 0.070574 0.069706 0.067487 0.064409 0.061231 0.059005 0.058996 0.062363 0.069707 0.080947 0.095624 0.11324 0.13339 0.15581 0.18034 0.2069 0.23545 0.26601 0.29863 0.33339
0.37447 0.15141 0.1502 0.33374 0.38966 0.39575 0.3864 0.31352 0.17166 0.018738 0.090053 0.15239 0.17305 0.17247 0.15676 0.13178 0.10311 0.074892 0.049604 0.028687 0.015505 0.01866 0.02984 0.041222 0.051643 0.060862 0.068674 0.074881 0.079355 0.082094 0.083257 0.083181 0.082379 0.081537 0.081479 0.083089 0.087162 0.094243 0.10455 0.11801 0.13441 0.15347 0.17496 0.19867 0.22447 0.25226 0.28198 0.31362 0.34716
0.49535 0.29544 0.21602 0.35195 0.50108 0.56787 0.52658 0.41951 0.29333 0.1987 0.19013 0.20953 0.20295 0.18444 0.15783 0.12751 0.097333 0.0698 0.045977 0.026177 0.013568 0.018875 0.031994 0.045199 0.057437 0.068434 0.077964 0.08584 0.091965 0.096379 0.099271 0.10099 0.10202 0.10297 0.10451 0.10735 0.11211 0.11928 0.12915 0.14184 0.15727 0.1753 0.19576 0.21845 0.24321 0.2699 0.2984 0.32863 0.36051
0.35831 0.16628 0.14517 0.42395 0.5942 0.6813 0.64764 0.55241 0.45958 0.36851 0.31663 0.28931 0.24656 0.20604 0.16708 0.13158 0.10137 0.077339 0.059278 0.04677 0.040542 0.041737 0.048971 0.059269 0.070511 0.081511 0.091569 0.10027 0.10741 0.11298 0.11715 0.12023 0.12267 0.12499 0.12777 0.1316 0.137 0.1444 0.15411 0.16628 0.18096 0.19808 0.2175 0.23907 0.2626 0.28794 0.31492 0.34341 0.37325
0.10479 0.25551 0.38727 0.49267 0.58482 0.63795 0.59856 0.54606 0.5241 0.47331 0.4157 0.3607 0.28646 0.22445 0.17301 0.13235 0.10278 0.083626 0.072646 0.067042 0.065229 0.066983 0.072162 0.080036 0.089512 0.099502 0.10914 0.11785 0.12533 0.1315 0.13646 0.14048 0.14395 0.14731 0.15107 0.15571 0.16168 0.16937 0.17904 0.19088 0.20495 0.22124 0.23965 0.26004 0.28223 0.30604 0.33127 0.35774 0.38524
0.19663 0.24377 0.1288 0.31502 0.43831 0.41653 0.32613 0.36234 0.47789 0.5089 0.47103 0.40336 0.30584 0.2254 0.16245 0.11709 0.089813 0.079207 0.079253 0.083178 0.087707 0.092409 0.097862 0.10459 0.11255 0.12119 0.12984 0.13795 0.1452 0.15145 0.15678 0.16138 0.16556 0.16971 0.17424 0.17957 0.18606 0.19404 0.20375 0.21534 0.22891 0.24443 0.26185 0.28103 0.3018 0.32395 0.34727 0.37152 0.39644
0.59591 0.3491 0.23724 0.32867 0.37837 0.28455 0.076252 0.21993 0.43551 0.51548 0.49025 0.41388 0.29989 0.20462 0.13054 0.079194 0.057558 0.06548 0.08282 0.098398 0.11008 0.11849 0.12508 0.13131 0.13801 0.14522 0.15257 0.15969 0.16629 0.17227 0.17764 0.18256 0.18725 0.19201 0.19719 0.20311 0.21008 0.21834 0.22811 0.23952 0.25262 0.26744 0.28388 0.30184 0.32113 0.34155 0.36284 0.38472 0.4069
0.3334 0.098391 0.34981 0.46234 0.44423 0.40731 0.35394 0.3767 0.48789 0.53418 0.49775 0.41184 0.28729 0.18175 0.097016 0.030575 0.02281 0.063423 0.094998 0.11855 0.13514 0.14617 0.15349 0.15916 0.16459 0.17027 0.17616 0.18206 0.18781 0.19331 0.19857 0.20367 0.20876 0.21406 0.21982 0.22628 0.2337 0.24225 0.25209 0.26333 0.27602 0.29014 0.30563 0.32236 0.34016 0.35878 0.37797 0.39741 0.41675
0.29571 0.3207 0.32844 0.3696 0.35145 0.40633 0.46937 0.51687 0.57416 0.57362 0.51933 0.42898 0.30285 0.1983 0.11958 0.07324 0.07144 0.096227 0.12384 0.14715 0.16442 0.17578 0.18265 0.18718 0.19107 0.19508 0.19942 0.20406 0.20892 0.21395 0.2191 0.22439 0.22989 0.23573 0.24207 0.24908 0.25693 0.26577 0.2757 0.28679 0.29907 0.31252 0.32707 0.34258 0.35887 0.37569 0.39276 0.40973 0.42618
0.08434 0.054242 0.15457 0.12889 0.092809 0.29505 0.46177 0.56865 0.63449 0.61892 0.55896 0.47389 0.3541 0.25783 0.18936 0.15048 0.13943 0.14785 0.16489 0.18277 0.19721 0.20663 0.21166 0.21426 0.21622 0.21845 0.22126 0.22474 0.22888 0.2336 0.23882 0.24446 0.2505 0.25697 0.26394 0.27152 0.27983 0.28896 0.29897 0.30992 0.32181 0.33461 0.34822 0.36253 0.37733 0.39237 0.40733 0.42185 0.43547
0.11659 0.070227 0.19132 0.22023 0.18571 0.26768 0.4157 0.55036 0.64118 0.63799 0.58896 0.5177 0.40826 0.32016 0.25689 0.21831 0.20135 0.20059 0.20929 0.22103 0.23106 0.23703 0.23908 0.23906 0.23878 0.23918 0.24064 0.24327 0.24704 0.25183 0.25745 0.26373 0.27051 0.27775 0.28545 0.29366 0.30245 0.31187 0.32198 0.33279 0.3443 0.35645 0.36916 0.38229 0.39564 0.40894 0.42187 0.43402 0.44489
0.42292 0.30597 0.20112 0.19429 0.19025 0.23507 0.34823 0.47654 0.58 0.6013 0.5763 0.52544 0.43111 0.35395 0.29851 0.26448 0.2484 0.24539 0.25011 0.25734 0.26293 0.26479 0.26318 0.26012 0.25748 0.25622 0.2567 0.25898 0.26295 0.26834 0.27484 0.28212 0.28994 0.29814 0.30668 0.31558 0.32488 0.33461 0.34481 0.35548 0.36661 0.37814 0.38997 0.40197 0.41393 0.42558 0.43656 0.44647 0.45477
0.49688 0.33409 0.054633 0.074386 0.029163 0.14332 0.2579 0.36051 0.45986 0.50692 0.5103 0.48106 0.406 0.34532 0.30525 0.28426 0.27714 0.27842 0.28341 0.28822 0.29 0.28764 0.28214 0.27594 0.2711 0.26862 0.26875 0.27144 0.27636 0.28305 0.29099 0.29972 0.30887 0.31824 0.32774 0.33739 0.34722 0.35727 0.36755 0.37808 0.38884 0.39976 0.41076 0.42168 0.43233 0.44242 0.45161 0.45944 0.46538
0.35791 0.37571 0.17611 0.15418 0.11291 0.11971 0.16228 0.22242 0.31464 0.38287 0.40551 0.38886 0.33246 0.29406 0.27917 0.28076 0.28966 0.29981 0.30782 0.31157 0.31001 0.30353 0.29421 0.28513 0.27863 0.27568 0.27641 0.28048 0.28728 0.29606 0.30608 0.3167 0.32749 0.33821 0.34877 0.35921 0.36958 0.37993 0.39029 0.40067 0.41106 0.4214 0.43161 0.44153 0.45096 0.45962 0.46717 0.47315 0.47699
0.34607 0.38239 0.33582 0.24844 0.15478 0.095247 0.061475 0.094945 0.19454 0.26949 0.28867 0.26501 0.22021 0.21127 0.23357 0.26494 0.2926 0.31244 0.32362 0.32628 0.3213 0.31074 0.29789 0.28654 0.27928 0.27702 0.2796 0.28629 0.29603 0.30775 0.32044 0.33336 0.34604 0.35824 0.36993 0.38117 0.39206 0.40269 0.4131 0.42333 0.43336 0.44315 0.45261 0.4616 0.46992 0.47731 0.4834 0.48776 0.4898
0.10403 0.25926 0.32688 0.28419 0.17987 0.10613 0.050733 0.057257 0.14441 0.19984 0.19343 0.13718 0.083386 0.12588 0.19555 0.25323 0.29433 0.31987 0.33167 0.33174 0.32263 0.3079 0.29199 0.27933 0.27268 0.27269 0.27873 0.28944 0.30324 0.31867 0.33455 0.35009 0.36481 0.37856 0.39137 0.40338 0.41476 0.42562 0.43606 0.44611 0.45578 0.46505 0.47382 0.48197 0.4893 0.49556 0.50041 0.50339 0.50396
0.20238 0.15853 0.20204 0.23952 0.16991 0.12702 0.11038 0.11943 0.17089 0.20371 0.18505 0.12023 0.063936 0.12272 0.19896 0.25918 0.3006 0.32436 0.33246 0.32749 0.31308 0.29398 0.27567 0.2631 0.25896 0.26334 0.27473 0.29094 0.30981 0.32959 0.34901 0.3673 0.38411 0.39937 0.41324 0.42595 0.43774 0.44878 0.45919 0.46905 0.47837 0.48714 0.49528 0.50268 0.50915 0.51445 0.51824 0.52011 0.51953
0.10408 0.066417 0.11945 0.1624 0.10417 0.13078 0.17826 0.21506 0.26429 0.29002 0.28134 0.24705 0.20614 0.21013 0.24474 0.28302 0.31156 0.32594 0.32578 0.3131 0.292 0.26831 0.24852 0.23802 0.23903 0.25041 0.26922 0.29227 0.31694 0.34138 0.36442 0.38543 0.40421 0.42086 0.43566 0.44896 0.46106 0.4722 0.48254 0.49218 0.50115 0.50945 0.51701 0.52374 0.52947 0.53396 0.53692 0.53793 0.5365
0.23323 0.1861 0.10129 0.11671 0.030965 0.16732 0.26918 0.33631 0.39615 0.41773 0.41082 0.38412 0.33184 0.30534 0.30377 0.31406 0.32314 0.32318 0.31128 0.28848 0.25923 0.23059 0.21057 0.20512 0.215 0.23645 0.26452 0.29525 0.32594 0.35497 0.3814 0.40487 0.42537 0.44319 0.45873 0.47245 0.48474 0.49589 0.5061 0.51548 0.5241 0.53196 0.53901 0.54515 0.55026 0.5541 0.5564 0.55679 0.55482
0.55749 0.19521 0.13276 0.23224 0.21515 0.26942 0.36044 0.44542 0.52073 0.54152 0.53036 0.49988 0.43204 0.3837 0.35606 0.34201 0.33121 0.31516 0.28955 0.25469 0.21548 0.181 0.16258 0.16714 0.19097 0.22534 0.26359 0.30189 0.33813 0.37117 0.40047 0.42594 0.44779 0.46646 0.4825 0.49646 0.50879 0.51985 0.52986 0.53895 0.54721 0.55464 0.56123 0.56688 0.57146 0.5748 0.57663 0.57661 0.57435
0.91221 0.56807 0.3846 0.37949 0.32043 0.32803 0.40545 0.50654 0.60372 0.63243 0.61921 0.58352 0.50318 0.44027 0.39522 0.36289 0.33502 0.30364 0.26392 0.21558 0.16365 0.12039 0.10684 0.131 0.17414 0.22212 0.26949 0.314 0.35456 0.39061 0.42199 0.44884 0.47155 0.49071 0.50697 0.52095 0.53318 0.54404 0.55377 0.56254 0.57043 0.57746 0.58363 0.58885 0.59302 0.59597 0.59748 0.59726 0.59493
0.78402 0.61314 0.4242 0.34557 0.23677 0.26657 0.37951 0.50888 0.6355 0.68035 0.67012 0.63321 0.5476 0.47807 0.42347 0.37922 0.33861 0.29466 0.2426 0.18131 0.11398 0.051798 0.054855 0.1133 0.17404 0.23146 0.28455 0.33281 0.3759 0.41366 0.44614 0.47365 0.4967 0.51594 0.53211 0.5459 0.55786 0.5684 0.57779 0.58619 0.5937 0.60035 0.60614 0.611 0.61484 0.61752 0.61885 0.61858 0.61637
0.099525 0.27099 0.2581 0.24627 0.040461 0.15932 0.31202 0.47184 0.62856 0.68966 0.68546 0.65375 0.57233 0.50464 0.44786 0.39796 0.34991 0.2983 0.2393 0.17226 0.10078 0.041572 0.069572 0.13367 0.19663 0.25551 0.30966 0.3587 0.40231 0.44035 0.47292 0.50034 0.52315 0.54206 0.55785 0.57121 0.58275 0.59286 0.60183 0.60983 0.61695 0.62324 0.62868 0.63323 0.63682 0.63933 0.64059 0.64039 0.63846
0.2985 0.17479 0.24202 0.30575 0.15779 0.14064 0.25291 0.43178 0.60338 0.66935 0.67135 0.65271 0.58602 0.52861 0.47644 0.4269 0.37721 0.32427 0.26641 0.2058 0.15166 0.12455 0.14138 0.18613 0.23932 0.293 0.34412 0.39122 0.43347 0.47046 0.50213 0.52873 0.55077 0.56896 0.58406 0.5968 0.60775 0.61734 0.62583 0.63339 0.64011 0.64603 0.65116 0.65545 0.65885 0.66126 0.66254 0.66252 0.66097
0.66419 0.52625 0.40626 0.3394 0.16683 0.11101 0.23724 0.4174 0.57059 0.62317 0.63228 0.63696 0.59596 0.55649 0.51474 0.47069 0.42444 0.3754 0.32411 0.27438 0.23474 0.21642 0.22489 0.25445 0.29543 0.34076 0.38622 0.42937 0.46874 0.50352 0.53343 0.55856 0.57935 0.59646 0.61062 0.62253 0.63277 0.64173 0.64968 0.65677 0.66308 0.66865 0.67348 0.67755 0.68081 0.68318 0.68456 0.68479 0.6837
0.56427 0.56724 0.44899 0.32361 0.10962 0.12034 0.28495 0.42328 0.52044 0.54593 0.57023 0.61239 0.60725 0.59141 0.5641 0.52907 0.48942 0.4468 0.40299 0.36171 0.32901 0.31141 0.31219 0.32976 0.35925 0.39536 0.43388 0.47181 0.50722 0.53893 0.56638 0.58952 0.60865 0.62436 0.63735 0.64827 0.65768 0.66594 0.67329 0.67987 0.68576 0.69099 0.69555 0.69942 0.70258 0.70496 0.70648 0.70702 0.70644
0.21586 0.33293 0.39168 0.39743 0.2863 0.27986 0.35718 0.41084 0.42781 0.42865 0.49148 0.58794 0.62439 0.63405 0.62262 0.59813 0.56636 0.53052 0.49301 0.45696 0.42669 0.40673 0.40016 0.40758 0.42678 0.4539 0.48507 0.51718 0.54798 0.57601 0.6005 0.62122 0.63836 0.65244 0.66407 0.67387 0.68235 0.68984 0.69656 0.70262 0.70808 0.71296 0.71726 0.72097 0.72405 0.72647 0.72816 0.72904 0.72899
0.1125 0.11268 0.2482 0.47838 0.44985 0.40674 0.39114 0.34617 0.26975 0.27621 0.42202 0.57997 0.65282 0.68416 0.68704 0.67273 0.64871 0.61909 0.58647 0.55346 0.52337 0.49993 0.4865 0.48513 0.49526 0.51404 0.53803 0.56415 0.59003 0.61405 0.63525 0.65327 0.6682 0.68046 0.69059 0.69917 0.70665 0.71333 0.71939 0.72491 0.72993 0.73448 0.73853 0.74208 0.74511 0.74758 0.74946 0.75069 0.75118
0.14413 0.14996 0.29109 0.52206 0.51235 0.45774 0.38785 0.26461 0.066872 0.18568 0.41793 0.60782 0.69723 0.7409 0.75389 0.74788 0.73064 0.70641 0.67766 0.64658 0.61581 0.58878 0.56925 0.56036 0.56264 0.57396 0.59125 0.61155 0.63249 0.65236 0.67012 0.68529 0.69786 0.70818 0.71674 0.72403 0.73047 0.7363 0.74167 0.74665 0.75124 0.75545 0.75926 0.76266 0.76564 0.76818 0.77026 0.77183 0.77284
0.41966 0.46074 0.46868 0.53267 0.50804 0.49155 0.43946 0.33818 0.26005 0.33881 0.51066 0.67759 0.75771 0.80207 0.81962 0.81919 0.80732 0.78766 0.76225 0.73276 0.70139 0.67136 0.64679 0.63169 0.62736 0.63222 0.64348 0.65836 0.67454 0.69033 0.70462 0.71689 0.72705 0.73539 0.74232 0.7483 0.75367 0.75864 0.76333 0.76775 0.77191 0.77579 0.77936 0.78263 0.78557 0.78817 0.79044 0.79233 0.79383
0.50172 0.53219 0.47833 0.4597 0.46713 0.55425 0.58473 0.55689 0.54187 0.56607 0.65547 0.77387 0.82779 0.86353 0.88048 0.88279 0.87481 0.85906 0.83688 0.8093 0.77802 0.74605 0.71778 0.69787 0.68825 0.68771 0.69373 0.70372 0.71549 0.72738 0.73831 0.74772 0.7555 0.76185 0.76717 0.77183 0.77614 0.78026 0.78426 0.78814 0.79187 0.79542 0.79877 0.8019 0.80479 0.80746 0.80989 0.81209 0.81404
0.21293 0.33111 0.28986 0.24032 0.38194 0.61562 0.73881 0.76551 0.77068 0.75864 0.79407 0.87116 0.89658 0.91958 0.93248 0.93525 0.92993 0.91772 0.89904 0.87416 0.84415 0.81166 0.78123 0.75799 0.7444 0.73956 0.7412 0.74694 0.75473 0.76302 0.77078 0.77747 0.78294 0.78738 0.79112 0.7945 0.79777 0.80106 0.80439 0.80774 0.81105 0.81429 0.81741 0.8204 0.82324 0.82596 0.82854 0.83101 0.83336
0.26123 0.1597 0.17605 0.085078 0.35526 0.65364 0.82523 0.87925 0.89402 0.8722 0.88987 0.9476 0.95299 0.96415 0.97172 0.9736 0.9702 0.96152 0.94699 0.92598 0.89873 0.8674 0.83646 0.81143 0.79518 0.78715 0.78529 0.78745 0.79177 0.79684 0.80171 0.80586 0.80918 0.8118 0.81404 0.8162 0.81848 0.82096 0.82365 0.82649 0.8294 0.83233 0.83523 0.83807 0.84086 0.8436 0.84632 0.84901 0.8517
0.23009 0.066073 0.2797 0.36952 0.44966 0.65798 0.8096 0.85937 0.88455 0.88938 0.92805 0.99092 0.98881 0.99205 0.99482 0.99546 0.99383 0.9891 0.97973 0.96405 0.94129 0.9129 0.88315 0.85784 0.84022 0.83005 0.82556 0.82484 0.82623 0.8285 0.83079 0.83266 0.834 0.83496 0.83581 0.83682 0.83817 0.8399 0.84198 0.84433 0.84686 0.84949 0.85216 0.85487 0.85759 0.86034 0.86315 0.86603 0.869
0.26468 0.31169 0.41316 0.49157 0.49294 0.60311 0.69003 0.70429 0.74734 0.8204 0.91283 0.99888 0.99998 0.9998 0.99928 0.99918 0.99977 0.99984 0.99697 0.98828 0.97182 0.94818 0.92127 0.8971 0.8793 0.868 0.86171 0.85879 0.85782 0.85773 0.85781 0.85768 0.85727 0.85673 0.85632 0.85629 0.85679 0.85782 0.85934 0.86123 0.86338 0.86573 0.86819 0.87074 0.87339 0.87613 0.879 0.88202 0.88522
0.19569 0.37933 0.43874 0.4336 0.42797 0.49606 0.50139 0.44497 0.52279 0.70323 0.86271 0.97663 0.98613 0.9858 0.98375 0.98391 0.98771 0.99386 0.99907 0.99917 0.99085 0.97365 0.9511 0.92933 0.91243 0.90089 0.89356 0.8891 0.88632 0.88434 0.88259 0.88077 0.87885 0.87701 0.8755 0.87454 0.87427 0.87468 0.87567 0.87714 0.87895 0.88102 0.88327 0.88567 0.88822 0.89093 0.89383 0.89695 0.90031
0.33069 0.38138 0.36739 0.28475 0.3381 0.41236 0.34562 0.14677 0.30399 0.59706 0.80145 0.93241 0.94926 0.95011 0.94795 0.94969 0.95812 0.97199 0.9871 0.9978 0.9993 0.99004 0.97312 0.95484 0.93973 0.92873 0.92105 0.91565 0.9116 0.90819 0.905 0.90182 0.89866 0.89573 0.89327 0.89152 0.89058 0.89043 0.89096 0.89203 0.89353 0.89533 0.89738 0.89963 0.90207 0.90473 0.90763 0.91079 0.91425
0.22436 0.32398 0.2705 0.10212 0.30853 0.43218 0.38308 0.20913 0.2943 0.55319 0.74591 0.87335 0.89236 0.89397 0.89264 0.89741 0.91225 0.93579 0.96271 0.98574 0.99849 0.99836 0.98804 0.97407 0.96146 0.95163 0.9442 0.93842 0.93359 0.92922 0.92498 0.92076 0.91664 0.91283 0.90962 0.9072 0.90569 0.90506 0.90518 0.90591 0.90711 0.90867 0.91051 0.9126 0.91493 0.91751 0.92037 0.92354 0.92704
0.12375 0.27633 0.26478 0.15406 0.36059 0.52256 0.53544 0.45028 0.44839 0.56453 0.69756 0.80306 0.81833 0.81932 0.81937 0.82876 0.85211 0.88752 0.92815 0.96496 0.99002 0.99978 0.99667 0.98754 0.97794 0.96978 0.96309 0.95741 0.95229 0.94737 0.94248 0.93757 0.93276 0.92831 0.9245 0.92156 0.91959 0.91855 0.91832 0.91874 0.91968 0.92101 0.92266 0.92459 0.92679 0.92927 0.93206 0.9352 0.93869
0.20038 0.32478 0.39681 0.37399 0.457 0.60776 0.6549 0.60311 0.56374 0.57794 0.64585 0.72213 0.7297 0.72849 0.73032 0.74616 0.7805 0.83012 0.88619 0.9378 0.97568 0.9956 0.99992 0.99586 0.98955 0.98341 0.97786 0.97272 0.96773 0.96269 0.95751 0.95223 0.94701 0.94213 0.93792 0.9346 0.93227 0.93091 0.93038 0.93054 0.93124 0.93236 0.93383 0.9356 0.93766 0.94002 0.94272 0.94577 0.94919
0.18965 0.35208 0.43365 0.46365 0.51993 0.64587 0.6968 0.65103 0.59046 0.55403 0.57967 0.63036 0.62873 0.62398 0.62818 0.65278 0.70104 0.76722 0.84003 0.90681 0.95737 0.98716 0.99869 0.99963 0.9967 0.9928 0.9887 0.98446 0.98 0.97522 0.97011 0.96477 0.95941 0.95434 0.94989 0.94632 0.94375 0.94214 0.94138 0.94131 0.94181 0.94273 0.94402 0.94563 0.94754 0.94977 0.95234 0.95528 0.95858
0.20966 0.29557 0.30856 0.40484 0.51609 0.62971 0.66726 0.60946 0.53356 0.48472 0.49614 0.52912 0.51789 0.50841 0.51608 0.5527 0.61835 0.70316 0.79318 0.8746 0.93694 0.97573 0.99384 0.99945 0.9998 0.99824 0.99581 0.99279 0.9892 0.98504 0.98035 0.97525 0.97 0.96494 0.96043 0.95675 0.95403 0.95226 0.95132 0.95107 0.95138 0.95214 0.95326 0.9547 0.95646 0.95854 0.96096 0.96374 0.96688
0.21779 0.20626 0.1034 0.29444 0.4728 0.58161 0.60044 0.51638 0.42208 0.38435 0.40199 0.42265 0.40028 0.38448 0.39781 0.45145 0.53832 0.6429 0.7493 0.8437 0.91607 0.96244 0.98615 0.99586 0.99924 1 0.99942 0.99789 0.99549 0.99228 0.98831 0.98374 0.97884 0.974 0.96959 0.96592 0.96315 0.96128 0.96022 0.95984 0.96 0.96059 0.96156 0.96284 0.96444 0.96635 0.9686 0.9712 0.97413
0.27883 0.19543 0.088987 0.25733 0.4296 0.53459 0.53978 0.42129 0.29609 0.27847 0.31113 0.31915 0.28077 0.25501 0.27875 0.35738 0.46858 0.59178 0.71181 0.81627 0.89617 0.94822 0.97626 0.98931 0.99539 0.9984 0.99977 0.99994 0.99903 0.99706 0.9941 0.99032 0.98601 0.98156 0.9774 0.97387 0.97114 0.96925 0.96812 0.96764 0.96767 0.96813 0.96894 0.97007 0.9715 0.97324 0.9753 0.97769 0.98038
0.3123 0.15941 0.22267 0.29787 0.39603 0.50606 0.51079 0.36247 0.19275 0.19415 0.24239 0.2352 0.17141 0.12301 0.17065 0.28466 0.41822 0.55486 0.68352 0.79394 0.87824 0.93375 0.96466 0.98021 0.98855 0.9937 0.99709 0.99917 0.99999 0.99954 0.99786 0.99511 0.99158 0.9877 0.98393 0.98064 0.97804 0.97619 0.97505 0.97449 0.97443 0.97477 0.97544 0.97642 0.97768 0.97924 0.98109 0.98324 0.98566
0.26148 0.12655 0.30199 0.31018 0.35498 0.49223 0.50574 0.3375 0.12277 0.15088 0.21753 0.20419 0.1212 0.012707 0.11755 0.25411 0.39555 0.53563 0.66605 0.77757 0.86281 0.91942 0.95168 0.96884 0.97901 0.98615 0.99163 0.99578 0.99857 0.99989 0.99973 0.99822 0.99566 0.9925 0.98925 0.98629 0.9839 0.98215 0.98103 0.98044 0.98031 0.98054 0.98109 0.98192 0.98302 0.98438 0.98602 0.98791 0.99002
0.53648 0.3553 0.31127 0.2298 0.30119 0.48792 0.5056 0.3195 0.059719 0.15697 0.24714 0.24848 0.18663 0.13807 0.17319 0.27641 0.40305 0.53468 0.65952 0.76719 0.84996 0.90533 0.93748 0.95541 0.967 0.97601 0.98363 0.99001 0.99497 0.99828 0.99985 0.99977 0.99834 0.99604 0.9934 0.99088 0.98875 0.98716 0.98611 0.98552 0.98534 0.98549 0.98592 0.98661 0.98755 0.98872 0.99012 0.99174 0.99352
0.69733 0.45416 0.27252 0.062811 0.27685 0.49975 0.50969 0.31225 0.080277 0.21671 0.31942 0.33899 0.29482 0.26001 0.2704 0.33503 0.43494 0.54935 0.66252 0.76203 0.83928 0.89137 0.9221 0.94006 0.95271 0.9635 0.97332 0.98209 0.9894 0.9949 0.99838 0.99989 0.99973 0.99841 0.99648 0.99446 0.99267 0.99128 0.99032 0.98977 0.98956 0.98964 0.98998 0.99053 0.9913 0.99228 0.99345 0.99478 0.9962
0.62871 0.45361 0.30436 0.15786 0.33848 0.5423 0.54175 0.36346 0.22881 0.32507 0.41809 0.44551 0.40617 0.37274 0.36952 0.40761 0.48117 0.57484 0.67255 0.76074 0.83007 0.8772 0.90545 0.92285 0.93632 0.94884 0.96095 0.97224 0.98209 0.98994 0.99548 0.99872 0.99995 0.99969 0.99856 0.99709 0.99569 0.99454 0.99372 0.99322 0.99301 0.99304 0.99328 0.99371 0.99433 0.99511 0.99603 0.99707 0.99813
0.28309 0.36071 0.38842 0.37631 0.47459 0.62839 0.62582 0.49351 0.4152 0.46472 0.53 0.55298 0.50996 0.47356 0.46085 0.48089 0.53261 0.60585 0.68658 0.76158 0.82137 0.86234 0.88736 0.90382 0.91796 0.93224 0.94673 0.9607 0.97323 0.98358 0.99132 0.99639 0.9991 0.99998 0.9997 0.99885 0.99787 0.99699 0.99634 0.99592 0.99572 0.99571 0.99588 0.9962 0.99666 0.99725 0.99794 0.99867 0.99936
0.067777 0.23616 0.45808 0.59126 0.65046 0.75366 0.75273 0.66314 0.6092 0.61353 0.64225 0.65201 0.60082 0.56028 0.54078 0.54827 0.58285 0.63773 0.70164 0.76274 0.81213 0.84626 0.86764 0.88298 0.89778 0.9139 0.93092 0.94771 0.96306 0.97602 0.98605 0.99305 0.9973 0.99938 0.99999 0.99979 0.99926 0.99869 0.99822 0.9979 0.99773 0.99771 0.99781 0.99803 0.99835 0.99875 0.9992 0.99963 0.99994
0.1514 0.2001 0.53503 0.79134 0.82901 0.88654 0.88342 0.8246 0.78309 0.74967 0.74194 0.73513 0.6751 0.63134 0.60759 0.60644 0.6278 0.66692 0.71511 0.76251 0.80133 0.82842 0.84607 0.86032 0.87591 0.89403 0.91374 0.93349 0.95178 0.96745 0.97984 0.98881 0.99465 0.99796 0.9995 0.99998 0.99993 0.99968 0.99941 0.99921 0.99909 0.99906 0.99912 0.99924 0.99943 0.99965 0.99986 0.99999 0.99992
0.062633 0.27524 0.6477 0.94203 0.96016 0.98004 0.97511 0.94274 0.91388 0.85479 0.81764 0.79642 0.73037 0.68593 0.66056 0.65381 0.66505 0.69089 0.72493 0.75941 0.78803 0.80831 0.82245 0.83587 0.8525 0.87284 0.89543 0.91829 0.93961 0.95805 0.97284 0.98381 0.99125 0.99582 0.9983 0.99947 0.99991 1 0.99996 0.99988 0.99983 0.99981 0.99983 0.99988 0.99994 0.99999 0.99998 0.99981 0.99936
0.25272 0.47985 0.74874 0.99999 0.99889 0.99445 0.99851 0.99732 0.98672 0.91615 0.86095 0.83192 0.76554 0.7241 0.69976 0.68977 0.69328 0.70802 0.72956 0.75226 0.77145 0.7855 0.79665 0.80966 0.8277 0.85057 0.87623 0.90233 0.92675 0.94799 0.96521 0.97818 0.98722 0.99303 0.99647 0.99833 0.99927 0.99971 0.99989 0.99996 0.99999 0.99999 0.99999 0.99997 0.99993 0.99982 0.99959 0.99914 0.99831
0.53744 0.6223 0.74946 0.94552 0.92876 0.91424 0.94495 0.98324 0.99635 0.92754 0.86743 0.8401 0.78096 0.74673 0.72582 0.7144 0.71192 0.71732 0.72796 0.74019 0.751 0.75969 0.76857 0.7818 0.80172 0.82744 0.8564 0.88584 0.91341 0.93746 0.95707 0.97202 0.98265 0.98969 0.99405 0.99661 0.99805 0.99884 0.99926 0.99949 0.9996 0.99964 0.99963 0.99957 0.99943 0.99917 0.99874 0.99801 0.99681
0.56512 0.55359 0.62732 0.80516 0.7702 0.75271 0.82643 0.90883 0.94652 0.88906 0.83678 0.82202 0.77843 0.75547 0.73988 0.72821 0.72094 0.71836 0.71952 0.72261 0.72626 0.73067 0.73821 0.7524 0.77477 0.80371 0.83617 0.86905 0.89979 0.92662 0.94858 0.96546 0.97762 0.98586 0.99113 0.99436 0.99629 0.99743 0.9981 0.99849 0.9987 0.9988 0.99879 0.99869 0.99847 0.99809 0.99747 0.99647 0.99492
0.37991 0.33887 0.45016 0.64282 0.5718 0.54494 0.66989 0.79179 0.84781 0.80597 0.77248 0.78128 0.76106 0.75257 0.74339 0.73201 0.72064 0.71107 0.70395 0.69922 0.697 0.69837 0.70564 0.72167 0.7471 0.77965 0.81581 0.85219 0.88607 0.91562 0.93985 0.95858 0.97222 0.98161 0.98776 0.99164 0.99405 0.99554 0.99645 0.99701 0.99733 0.99749 0.99751 0.99738 0.9971 0.99661 0.99581 0.99457 0.99268
0.20995 0.11079 0.30722 0.52131 0.39347 0.33369 0.50808 0.65395 0.71481 0.68704 0.68119 0.72376 0.73299 0.74067 0.73801 0.72685 0.7116 0.69568 0.68127 0.66994 0.66318 0.66283 0.67105 0.68986 0.719 0.75554 0.79557 0.83547 0.87243 0.90459 0.931 0.95149 0.96653 0.977 0.98398 0.98849 0.99136 0.99319 0.99435 0.99508 0.99552 0.99575 0.9958 0.99568 0.99535 0.99476 0.99381 0.99234 0.99013
0.15773 0.095212 0.26093 0.46349 0.28668 0.15465 0.37006 0.51659 0.56363 0.54285 0.57209 0.65718 0.69899 0.72253 0.72545 0.71386 0.69459 0.67266 0.65172 0.63485 0.62488 0.62422 0.63469 0.65731 0.69082 0.73169 0.77569 0.81908 0.85902 0.89368 0.92213 0.94427 0.96061 0.9721 0.97985 0.98495 0.98827 0.99042 0.99182 0.99273 0.9933 0.99362 0.99372 0.99361 0.99325 0.99258 0.99149 0.98982 0.98732
0.10027 0.21027 0.30626 0.45037 0.25814 0.034521 0.27417 0.39819 0.41102 0.38415 0.45699 0.59068 0.6639 0.70077 0.70737 0.69425 0.67052 0.64264 0.61569 0.59423 0.58233 0.58284 0.59694 0.62439 0.66292 0.70841 0.75644 0.80323 0.84601 0.88299 0.91333 0.93699 0.95452 0.96695 0.97542 0.98107 0.9848 0.98726 0.98891 0.98999 0.9907 0.99111 0.99128 0.9912 0.99083 0.99011 0.98891 0.98705 0.98428
0.17127 0.2691 0.37408 0.45662 0.26578 0.077696 0.2254 0.31519 0.27793 0.22082 0.35199 0.53401 0.63204 0.67767 0.68532 0.66927 0.6404 0.60642 0.57375 0.54845 0.53587 0.53908 0.55825 0.5916 0.63571 0.68602 0.73804 0.7881 0.83352 0.87264 0.90469 0.92971 0.94833 0.9616 0.97073 0.97688 0.98099 0.98376 0.98563 0.9869 0.98774 0.98827 0.98851 0.98848 0.98812 0.98736 0.98607 0.98405 0.98104
0.24389 0.28312 0.43506 0.47188 0.2837 0.14252 0.21819 0.28108 0.20361 0.062164 0.28139 0.49582 0.60661 0.65501 0.66072 0.64019 0.60539 0.56495 0.52657 0.498 0.48594 0.49349 0.51924 0.55946 0.60962 0.66484 0.72074 0.77384 0.82167 0.8627 0.89627 0.9225 0.94207 0.95609 0.9658 0.97241 0.97688 0.97992 0.98202 0.98347 0.98446 0.98511 0.98545 0.98548 0.98515 0.98438 0.98302 0.98087 0.97764
0.13582 0.28749 0.49374 0.49044 0.304 0.19872 0.24143 0.29541 0.22892 0.092956 0.27162 0.48099 0.58933 0.63405 0.63485 0.60837 0.56678 0.51933 0.47496 0.44341 0.43307 0.44673 0.48062 0.52861 0.58511 0.64518 0.70473 0.7606 0.81056 0.85324 0.88813 0.9154 0.93579 0.95046 0.96068 0.96769 0.97248 0.97579 0.9781 0.97973 0.98088 0.98166 0.98211 0.98222 0.98194 0.98118 0.97978 0.97752 0.9741
0.13618 0.3547 0.54839 0.49427 0.31106 0.24425 0.28171 0.34024 0.3128 0.23018 0.31856 0.48852 0.58036 0.61565 0.60898 0.57526 0.52608 0.47086 0.41985 0.38529 0.37789 0.39967 0.44328 0.49974 0.56265 0.62734 0.6902 0.74849 0.80026 0.84434 0.88031 0.90844 0.92952 0.94473 0.95539 0.96275 0.96783 0.97138 0.9739 0.97571 0.97702 0.97794 0.97852 0.97873 0.97852 0.97779 0.97638 0.97404 0.97047
0.38906 0.46919 0.5815 0.4588 0.28617 0.27243 0.32664 0.397 0.4071 0.35318 0.3919 0.51275 0.57883 0.6004 0.58437 0.54251 0.48505 0.42117 0.36237 0.32428 0.32119 0.35347 0.40829 0.47359 0.54269 0.61157 0.6773 0.73761 0.79084 0.83602 0.87285 0.90166 0.92328 0.93893 0.94996 0.95762 0.96295 0.96672 0.96944 0.97143 0.97291 0.97398 0.97469 0.97502 0.97491 0.97424 0.97283 0.97045 0.96675
0.44443 0.54928 0.58112 0.3762 0.22252 0.28173 0.36795 0.45479 0.49594 0.46108 0.4705 0.54693 0.58345 0.58886 0.56239 0.51197 0.44582 0.37236 0.304 0.26101 0.26396 0.30966 0.37691 0.45093 0.52564 0.5981 0.66615 0.72801 0.78234 0.82832 0.86577 0.89507 0.9171 0.93309 0.9444 0.95231 0.95786 0.96183 0.96473 0.96691 0.96856 0.9698 0.97066 0.97113 0.97113 0.97053 0.96917 0.96676 0.96298
0.35759 0.58525 0.56428 0.27629 0.13263 0.27925 0.40211 0.50848 0.57544 0.55478 0.5456 0.58586 0.59311 0.58162 0.54452 0.48568 0.41095 0.32726 0.24694 0.1962 0.20777 0.27043 0.35057 0.4325 0.51187 0.5871 0.65682 0.71974 0.77476 0.82125 0.85908 0.88869 0.91099 0.92721 0.93873 0.94684 0.95258 0.95673 0.95981 0.96216 0.96399 0.9654 0.96643 0.96706 0.96719 0.9667 0.9654 0.96301 0.95917
0.31487 0.62559 0.56544 0.23347 0.071389 0.27712 0.42916 0.55631 0.64541 0.63597 0.61454 0.62655 0.60715 0.57941 0.53224 0.46579 0.38336 0.28973 0.19503 0.13064 0.15558 0.23878 0.33074 0.41891 0.50162 0.57865 0.64935 0.7128 0.76813 0.81481 0.85278 0.88253 0.90495 0.92131 0.93298 0.94123 0.94712 0.95143 0.95468 0.95721 0.95923 0.96082 0.96204 0.96283 0.96312 0.96276 0.96154 0.9592 0.95535
0.40564 0.69792 0.58701 0.27266 0.12594 0.28401 0.45087 0.59838 0.70698 0.70675 0.67723 0.66774 0.62534 0.5829 0.52685 0.45424 0.36599 0.26459 0.15575 0.065757 0.11441 0.21836 0.31867 0.4106 0.49503 0.57279 0.64372 0.70717 0.7624 0.80898 0.84688 0.87658 0.89901 0.9154 0.92714 0.93548 0.9415 0.94595 0.94937 0.95207 0.95428 0.95607 0.95748 0.95846 0.95892 0.95871 0.95762 0.95535 0.95152
0.56089 0.77819 0.5886 0.31167 0.19417 0.29893 0.46923 0.63572 0.76155 0.76904 0.73447 0.7091 0.64764 0.59258 0.52925 0.45238 0.36107 0.25634 0.1412 0.020941 0.099368 0.21235 0.3151 0.4077 0.49209 0.56946 0.63988 0.7028 0.75756 0.80375 0.84135 0.87085 0.89315 0.90949 0.92122 0.92962 0.93573 0.94031 0.94388 0.94676 0.94916 0.95116 0.95277 0.95396 0.95462 0.95459 0.95364 0.95148 0.9477
0.72115 0.82116 0.53443 0.2996 0.23339 0.31435 0.48581 0.66961 0.81026 0.82429 0.7871 0.75061 0.67392 0.60851 0.53967 0.46059 0.36925 0.26659 0.15813 0.07263 0.11988 0.22141 0.31994 0.41006 0.49263 0.56854 0.63773 0.69963 0.75355 0.79908 0.83618 0.86531 0.88737 0.90357 0.91524 0.92365 0.92982 0.93451 0.93823 0.94129 0.94389 0.9461 0.94794 0.94935 0.95023 0.95039 0.94962 0.94759 0.9439
0.84384 0.80595 0.42708 0.23365 0.23989 0.32337 0.50174 0.70099 0.85356 0.87321 0.83553 0.79203 0.7037 0.63026 0.55762 0.47818 0.38937 0.29282 0.19768 0.13574 0.16181 0.2431 0.33231 0.41723 0.4964 0.56985 0.63715 0.69756 0.75032 0.79493 0.83134 0.85997 0.88167 0.89765 0.90921 0.91758 0.92379 0.92857 0.93243 0.93567 0.93847 0.94091 0.94299 0.94464 0.94575 0.94614 0.94556 0.9437 0.94014
0.91178 0.7546 0.31565 0.13825 0.21978 0.32372 0.51809 0.73009 0.89115 0.91569 0.87958 0.83272 0.73615 0.65689 0.58199 0.50361 0.41896 0.33024 0.24794 0.19811 0.21146 0.2735 0.35079 0.42854 0.50302 0.57316 0.63799 0.69651 0.74779 0.79126 0.82681 0.85479 0.87605 0.89172 0.90311 0.91142 0.91764 0.9225 0.92649 0.92991 0.93293 0.9356 0.93793 0.93984 0.9412 0.94184 0.94149 0.93982 0.93641
0.91481 0.70057 0.27357 0.062405 0.18297 0.31864 0.53595 0.75628 0.92188 0.95095 0.9185 0.87166 0.77003 0.68705 0.61123 0.53488 0.45513 0.37424 0.30214 0.25865 0.26314 0.30907 0.37381 0.4432 0.51205 0.5782 0.64008 0.69634 0.74589 0.78802 0.82254 0.84977 0.87048 0.88579 0.89696 0.90516 0.91138 0.91631 0.92043 0.92403 0.92726 0.93019 0.93278 0.93496 0.9366 0.93749 0.93739 0.93595 0.93274
0.81081 0.6368 0.29039 0.069989 0.14102 0.31633 0.556 0.77796 0.94402 0.97769 0.95117 0.90754 0.80393 0.71924 0.64364 0.56995 0.49522 0.42139 0.35694 0.31686 0.31449 0.3472 0.39987 0.46041 0.52303 0.58468 0.64323 0.69695 0.74453 0.78515 0.81852 0.84488 0.86497 0.87985 0.89076 0.89882 0.90501 0.91 0.91425 0.91803 0.92149 0.92467 0.92754 0.93001 0.93193 0.93311 0.93329 0.9321 0.92912
0.55934 0.54004 0.28763 0.075116 0.11284 0.32674 0.57772 0.79269 0.95548 0.99448 0.97633 0.93896 0.83634 0.75189 0.67756 0.60692 0.53704 0.46933 0.41063 0.37235 0.36438 0.38617 0.42773 0.47942 0.53549 0.59233 0.64726 0.69821 0.74364 0.7826 0.81469 0.8401 0.85949 0.8739 0.8845 0.8924 0.89855 0.90359 0.90796 0.91193 0.91562 0.91906 0.92222 0.92499 0.92722 0.92871 0.92918 0.92828 0.92556
0.22894 0.43422 0.24872 0.031153 0.12907 0.35524 0.59866 0.79744 0.95421 1 0.99283 0.96461 0.86588 0.78355 0.71148 0.64419 0.57891 0.51645 0.46216 0.42483 0.41217 0.42482 0.45637 0.49953 0.54901 0.60086 0.65198 0.69999 0.74314 0.78032 0.81104 0.83541 0.85404 0.86792 0.87818 0.88591 0.89199 0.89708 0.90157 0.90573 0.90965 0.91337 0.91683 0.91991 0.92247 0.92429 0.92508 0.92449 0.92206
0.059925 0.37422 0.22234 0.055209 0.1897 0.39802 0.6144 0.78898 0.93854 0.99336 0.99981 0.98346 0.89137 0.81297 0.7441 0.68045 0.61953 0.56166 0.51089 0.47408 0.45744 0.46237 0.48502 0.52016 0.56317 0.60999 0.65721 0.70217 0.74293 0.77824 0.8075 0.83078 0.8486 0.86192 0.87181 0.87933 0.88535 0.89047 0.89509 0.89944 0.90361 0.9076 0.91137 0.91479 0.91769 0.91985 0.92098 0.92073 0.91862
0.29948 0.37697 0.24424 0.1599 0.26875 0.44455 0.61923 0.7644 0.90753 0.97422 0.99686 0.99481 0.91191 0.83914 0.77438 0.71467 0.65795 0.60418 0.55638 0.51989 0.4999 0.4983 0.5131 0.54083 0.57764 0.61949 0.66278 0.70464 0.74294 0.77631 0.80407 0.82619 0.84316 0.85588 0.86538 0.87268 0.87862 0.88378 0.88852 0.89306 0.89748 0.90177 0.90586 0.90962 0.91288 0.9154 0.9169 0.917 0.91524
0.48036 0.39282 0.26741 0.26026 0.3478 0.48292 0.60741 0.72171 0.86123 0.94298 0.98407 0.99836 0.92692 0.86133 0.80154 0.74607 0.69347 0.64349 0.59831 0.56214 0.53937 0.53223 0.54016 0.56114 0.59209 0.62914 0.66855 0.70729 0.74309 0.77448 0.80068 0.82161 0.8377 0.84979 0.85889 0.86596 0.87181 0.877 0.88187 0.88661 0.89129 0.89588 0.9003 0.90442 0.90804 0.91094 0.91282 0.91331 0.91193
0.54845 0.35236 0.24834 0.34186 0.41449 0.50347 0.5745 0.66025 0.80086 0.90078 0.96202 0.99422 0.93613 0.87903 0.82498 0.77408 0.72559 0.67921 0.63648 0.60073 0.57572 0.56393 0.56587 0.58078 0.60629 0.63874 0.67436 0.71001 0.74332 0.7727 0.79732 0.81703 0.83222 0.84366 0.85234 0.85917 0.86493 0.87014 0.87514 0.88009 0.88503 0.88993 0.89469 0.89918 0.90318 0.90648 0.90876 0.90965 0.90869
0.51143 0.24766 0.19997 0.40127 0.46105 0.50064 0.51846 0.58115 0.72889 0.84942 0.93178 0.98286 0.93954 0.89199 0.84434 0.7983 0.75396 0.7111 0.67076 0.63559 0.60886 0.59321 0.59 0.59949 0.62 0.64812 0.68009 0.71272 0.74355 0.77093 0.79396 0.81243 0.82669 0.83748 0.84572 0.8523 0.85797 0.86322 0.86835 0.8735 0.87871 0.88393 0.88904 0.89391 0.89831 0.90201 0.90472 0.90603 0.9055
0.49325 0.21029 0.19243 0.44269 0.48522 0.47421 0.44033 0.48745 0.64895 0.79129 0.89482 0.96509 0.93742 0.90016 0.85941 0.81848 0.77836 0.73899 0.70109 0.66672 0.63877 0.61997 0.61237 0.61709 0.63307 0.65714 0.68564 0.71534 0.74374 0.76912 0.79055 0.80778 0.82111 0.83123 0.83903 0.84537 0.85094 0.85622 0.86148 0.86685 0.87234 0.87788 0.88336 0.88861 0.89342 0.89755 0.90069 0.90245 0.90237
0.53551 0.31323 0.25666 0.47275 0.49116 0.43044 0.34478 0.3842 0.56576 0.72919 0.8529 0.94195 0.93023 0.90364 0.87012 0.8345 0.79868 0.76282 0.72744 0.69413 0.66543 0.64415 0.63288 0.63345 0.64534 0.66569 0.69091 0.71779 0.74381 0.76724 0.78709 0.80307 0.81546 0.82491 0.83227 0.83836 0.84384 0.84916 0.85456 0.86015 0.86592 0.8718 0.87764 0.88329 0.88852 0.89309 0.89667 0.8989 0.89931
0.53565 0.39679 0.33501 0.49813 0.48904 0.38305 0.2412 0.27878 0.48484 0.66612 0.80797 0.91466 0.91857 0.90268 0.87652 0.84634 0.81487 0.78259 0.74985 0.71786 0.68888 0.66574 0.65145 0.64846 0.65673 0.67367 0.69582 0.72002 0.74374 0.76524 0.78353 0.79828 0.80974 0.81852 0.82545 0.83129 0.83668 0.84204 0.84758 0.8534 0.85946 0.86567 0.8719 0.87795 0.88362 0.88863 0.89268 0.89539 0.89629
0.4612 0.40419 0.39564 0.52522 0.49194 0.35202 0.14987 0.18286 0.4121 0.60512 0.76205 0.8845 0.90313 0.8976 0.87877 0.85405 0.82698 0.79834 0.76837 0.73799 0.70916 0.68474 0.66805 0.66205 0.66714 0.681 0.7003 0.72196 0.74347 0.76311 0.77986 0.7934 0.80393 0.81206 0.81854 0.82415 0.82945 0.83486 0.84055 0.8466 0.85296 0.85952 0.86613 0.8726 0.8787 0.88417 0.8887 0.89191 0.89333
0.34714 0.3446 0.43661 0.55823 0.50938 0.35394 0.12313 0.12084 0.3531 0.54897 0.71712 0.85275 0.88464 0.8888 0.87706 0.85775 0.8351 0.81016 0.78312 0.75461 0.72637 0.7012 0.68267 0.67419 0.67654 0.68763 0.70431 0.72357 0.74297 0.7608 0.77606 0.78841 0.79803 0.8055 0.81157 0.81693 0.82217 0.82762 0.83347 0.83976 0.84642 0.85334 0.86034 0.86723 0.87378 0.87972 0.88474 0.88846 0.89042
0.21172 0.24896 0.46382 0.59593 0.54121 0.38671 0.17757 0.12594 0.3115 0.50007 0.67495 0.82061 0.8638 0.87671 0.87166 0.85762 0.83935 0.81818 0.79421 0.76785 0.74059 0.71517 0.69535 0.68487 0.68488 0.69352 0.7078 0.72482 0.74222 0.7583 0.77211 0.78329 0.79203 0.79887 0.80452 0.80966 0.81482 0.82034 0.82635 0.83288 0.83985 0.84713 0.85453 0.86185 0.86885 0.87527 0.88079 0.88504 0.88755
0.1057 0.19059 0.48108 0.63135 0.57836 0.432 0.24611 0.16893 0.28724 0.46013 0.63704 0.78907 0.84126 0.86175 0.86285 0.85386 0.83992 0.82255 0.80179 0.77784 0.75194 0.72673 0.7061 0.6941 0.69215 0.69863 0.71074 0.72568 0.74117 0.7556 0.768 0.77805 0.78592 0.79214 0.79739 0.80231 0.80742 0.813 0.81919 0.82597 0.83326 0.8409 0.84871 0.85646 0.86393 0.87083 0.87686 0.88164 0.88472
0.21128 0.24675 0.48787 0.65561 0.60917 0.47115 0.29832 0.20807 0.27619 0.43006 0.60441 0.75894 0.81759 0.84433 0.85093 0.8467 0.837 0.82345 0.80603 0.78473 0.76054 0.73597 0.715 0.70189 0.69834 0.70297 0.71311 0.72613 0.73983 0.75266 0.76371 0.77267 0.7797 0.78532 0.79018 0.7949 0.79996 0.80562 0.81199 0.81903 0.82664 0.83465 0.84287 0.85106 0.859 0.86639 0.87294 0.87827 0.88193
0.35243 0.32538 0.48033 0.66242 0.62484 0.49255 0.32505 0.22959 0.27252 0.40984 0.57759 0.73072 0.79323 0.82482 0.8362 0.8364 0.8308 0.82107 0.80712 0.78869 0.76654 0.74301 0.72211 0.70829 0.70348 0.70651 0.7149 0.72614 0.73816 0.74948 0.75924 0.76714 0.77336 0.7784 0.7829 0.78743 0.79245 0.7982 0.80475 0.81206 0.82 0.82839 0.83702 0.84566 0.85406 0.86196 0.86903 0.87492 0.87917
0.41693 0.34427 0.45522 0.65041 0.62176 0.49181 0.32392 0.23037 0.27182 0.39859 0.55649 0.70465 0.76853 0.80356 0.81896 0.8232 0.82155 0.81564 0.80524 0.78989 0.77007 0.74795 0.7275 0.71333 0.70758 0.70926 0.7161 0.72572 0.73617 0.74605 0.75457 0.76146 0.76691 0.77139 0.77554 0.7799 0.78489 0.79074 0.79749 0.80507 0.81334 0.82211 0.83116 0.84025 0.84913 0.85753 0.86514 0.87159 0.87644
0.37055 0.2877 0.41496 0.62315 0.60166 0.47051 0.29642 0.21168 0.27242 0.39477 0.54051 0.68068 0.7437 0.78082 0.79947 0.80737 0.80948 0.80735 0.8006 0.78852 0.77131 0.75092 0.73128 0.71708 0.71067 0.71125 0.71671 0.72485 0.73383 0.74236 0.7497 0.75562 0.76032 0.76428 0.7681 0.7723 0.77729 0.78325 0.7902 0.79806 0.80667 0.81582 0.82529 0.83484 0.8442 0.85311 0.86125 0.86827 0.87374
0.26364 0.1789 0.36895 0.58744 0.57051 0.43537 0.24738 0.17828 0.27509 0.39652 0.5286 0.65856 0.71885 0.75684 0.77801 0.78915 0.79485 0.79645 0.79341 0.78476 0.7704 0.75205 0.73352 0.7196 0.71278 0.71248 0.71674 0.72354 0.73116 0.73841 0.74462 0.74963 0.75362 0.75708 0.76058 0.76465 0.76964 0.77572 0.78288 0.79103 0.79998 0.80953 0.81942 0.82942 0.83927 0.84869 0.85737 0.86497 0.87106
0.20154 0.064509 0.32962 0.55101 0.53679 0.3974 0.18611 0.14021 0.28169 0.40186 0.51948 0.63785 0.694 0.73181 0.75482 0.7688 0.77788 0.78316 0.78387 0.7788 0.76751 0.75146 0.73433 0.72096 0.71397 0.71297 0.7162 0.72178 0.72813 0.73419 0.73934 0.74347 0.74678 0.74977 0.753 0.75695 0.76195 0.76816 0.77555 0.78399 0.79329 0.80323 0.81355 0.82401 0.83434 0.84427 0.8535 0.86168 0.8684
0.21973 0.085712 0.30577 0.51997 0.50879 0.37018 0.13303 0.11813 0.29364 0.40887 0.51177 0.61804 0.66911 0.70587 0.7301 0.74654 0.75881 0.7677 0.77221 0.77083 0.76281 0.74929 0.73382 0.72122 0.71428 0.71277 0.71511 0.71958 0.72477 0.7297 0.73385 0.73714 0.73983 0.74237 0.74534 0.74918 0.75423 0.76057 0.76819 0.77693 0.78659 0.79692 0.80768 0.81859 0.82941 0.83986 0.84963 0.8584 0.86575
0.25958 0.16135 0.29807 0.49692 0.49164 0.36502 0.13039 0.13576 0.31076 0.41577 0.5042 0.59858 0.64409 0.67914 0.70405 0.72262 0.73788 0.7503 0.75863 0.76105 0.75646 0.74568 0.73207 0.72046 0.71375 0.71188 0.71347 0.71695 0.72106 0.72494 0.72815 0.73066 0.73274 0.73488 0.73761 0.74137 0.74646 0.75297 0.76082 0.76987 0.77989 0.79062 0.8018 0.81318 0.82449 0.83545 0.84577 0.85513 0.86311
0.27194 0.20156 0.30016 0.48027 0.48531 0.38424 0.18666 0.18473 0.33113 0.42097 0.49568 0.57897 0.61883 0.65171 0.67686 0.69724 0.71531 0.73119 0.74335 0.74965 0.74863 0.74077 0.72921 0.71876 0.71244 0.71036 0.71131 0.71391 0.71702 0.71992 0.72224 0.72401 0.72553 0.72729 0.72981 0.73351 0.73867 0.74534 0.75344 0.7628 0.77318 0.78431 0.79593 0.80777 0.81956 0.83104 0.84191 0.85186 0.86047
0.22549 0.20095 0.30369 0.46517 0.48544 0.42044 0.26286 0.24338 0.35177 0.42314 0.48537 0.55879 0.59322 0.62365 0.6487 0.67062 0.69132 0.71058 0.72656 0.73682 0.73948 0.73468 0.72533 0.71619 0.7104 0.70823 0.70865 0.71046 0.71266 0.71463 0.71612 0.7172 0.7182 0.71961 0.72194 0.72561 0.73084 0.73769 0.74606 0.75573 0.76648 0.77801 0.79006 0.80236 0.81464 0.82663 0.83806 0.84859 0.85785
0.1248 0.17096 0.30235 0.44549 0.48637 0.4632 0.33808 0.29957 0.3695 0.42121 0.47269 0.53773 0.56716 0.59501 0.61969 0.64294 0.66612 0.68868 0.70848 0.72274 0.72918 0.72755 0.72053 0.71283 0.70768 0.70553 0.70552 0.70661 0.70797 0.70909 0.7098 0.71023 0.71075 0.71184 0.71401 0.71766 0.72299 0.73003 0.73866 0.74866 0.75978 0.77172 0.7842 0.79696 0.80972 0.82223 0.8342 0.84532 0.85522
0.039363 0.13954 0.29305 0.41571 0.48396 0.50441 0.40412 0.34716 0.38156 0.41444 0.45734 0.51558 0.5406 0.56586 0.59 0.61438 0.63992 0.6657 0.68931 0.7076 0.71788 0.71951 0.71491 0.70876 0.70434 0.70229 0.70193 0.70239 0.70297 0.7033 0.70328 0.70311 0.70318 0.70398 0.70602 0.70967 0.71511 0.72236 0.73127 0.7416 0.75308 0.76543 0.77835 0.79156 0.80481 0.81783 0.83035 0.84205 0.85259
0.11429 0.13211 0.27505 0.37225 0.47699 0.53951 0.45728 0.38282 0.3859 0.40246 0.43928 0.49227 0.51349 0.53623 0.55974 0.58513 0.6129 0.64184 0.66923 0.69157 0.70573 0.71068 0.70858 0.70403 0.70043 0.69856 0.69792 0.69781 0.69768 0.69726 0.69656 0.69584 0.69549 0.69604 0.69798 0.70164 0.70722 0.71468 0.72387 0.73454 0.7464 0.75915 0.7725 0.78617 0.7999 0.81343 0.82649 0.83878 0.84995
0.16726 0.13773 0.24839 0.31426 0.46724 0.56676 0.49614 0.40497 0.38133 0.38523 0.41866 0.46781 0.48583 0.50619 0.52903 0.55534 0.58526 0.61728 0.64844 0.67483 0.69289 0.70119 0.70163 0.69874 0.696 0.69436 0.6935 0.69288 0.69209 0.69099 0.68966 0.68842 0.6877 0.68803 0.68988 0.69358 0.6993 0.70699 0.71647 0.72748 0.73972 0.75288 0.76666 0.78079 0.79499 0.80903 0.82263 0.8355 0.84731
0.16229 0.13586 0.21351 0.24467 0.4586 0.58629 0.52086 0.41337 0.36743 0.36309 0.39583 0.4423 0.45764 0.47581 0.498 0.52516 0.55716 0.59223 0.62711 0.65754 0.67951 0.69116 0.69415 0.69294 0.6911 0.68974 0.68871 0.68763 0.68623 0.68449 0.68258 0.68085 0.6798 0.67993 0.68173 0.6855 0.69138 0.69931 0.70909 0.72044 0.73306 0.74662 0.76083 0.77541 0.79009 0.80463 0.81876 0.83222 0.84465
0.11427 0.12825 0.17386 0.17391 0.45567 0.59938 0.53283 0.4089 0.34455 0.33667 0.37125 0.41592 0.42898 0.44515 0.46675 0.49476 0.52878 0.56685 0.60543 0.63987 0.66571 0.68069 0.68622 0.68669 0.68577 0.68472 0.68356 0.68206 0.6801 0.67777 0.67531 0.67315 0.67179 0.67177 0.67353 0.67738 0.68344 0.69162 0.70171 0.71341 0.72641 0.74038 0.75502 0.77004 0.7852 0.80023 0.8149 0.82892 0.84199
0.070177 0.13104 0.14406 0.1345 0.46212 0.6079 0.53446 0.39345 0.31364 0.3069 0.3455 0.38887 0.39992 0.4143 0.43541 0.46426 0.50028 0.54131 0.58356 0.62197 0.65163 0.6699 0.67793 0.68008 0.68007 0.67935 0.67808 0.6762 0.67373 0.67084 0.66788 0.66532 0.66369 0.66353 0.66529 0.66925 0.6755 0.68394 0.69434 0.7064 0.71978 0.73415 0.74922 0.76469 0.78031 0.79583 0.81103 0.82562 0.83931
0.09218 0.15941 0.1567 0.17185 0.47946 0.61397 0.52885 0.36977 0.27611 0.27491 0.31918 0.36137 0.37056 0.38333 0.40407 0.43381 0.47182 0.51578 0.56166 0.60398 0.6374 0.65887 0.66936 0.67314 0.67404 0.67365 0.6723 0.67007 0.66711 0.66371 0.66029 0.65737 0.6555 0.65523 0.65701 0.66109 0.66755 0.67626 0.68699 0.6994 0.71317 0.72794 0.74343 0.75934 0.77542 0.79144 0.80715 0.82231 0.83661
0.16989 0.2212 0.22354 0.2601 0.50696 0.61968 0.51958 0.34134 0.23374 0.24201 0.29291 0.33367 0.34101 0.35234 0.37284 0.40353 0.44354 0.49044 0.5399 0.58606 0.62313 0.64772 0.66058 0.66594 0.66772 0.66765 0.66623 0.66368 0.66027 0.65639 0.65254 0.64929 0.64722 0.64688 0.64869 0.65292 0.6596 0.6686 0.67965 0.69243 0.70657 0.72176 0.73766 0.75401 0.77054 0.78704 0.80327 0.81898 0.8339
0.28798 0.3159 0.32245 0.36371 0.54248 0.62687 0.51023 0.31224 0.18852 0.20962 0.26726 0.306 0.3114 0.32142 0.34184 0.37355 0.41561 0.46543 0.51842 0.56833 0.60893 0.63652 0.65165 0.65852 0.66115 0.66139 0.6599 0.65704 0.65321 0.64888 0.64464 0.6411 0.63886 0.63847 0.64035 0.64473 0.65165 0.66095 0.67233 0.68547 0.70001 0.71559 0.73191 0.74869 0.76567 0.78265 0.79938 0.81565 0.83116
0.43492 0.43387 0.4355 0.46936 0.58344 0.63687 0.50386 0.28684 0.14262 0.17918 0.24273 0.2786 0.28185 0.29069 0.31115 0.344 0.38815 0.44091 0.49739 0.55093 0.59492 0.62536 0.64265 0.65094 0.65436 0.65489 0.65333 0.65018 0.64595 0.64121 0.6366 0.6328 0.63042 0.63001 0.63198 0.63654 0.64371 0.65331 0.66504 0.67855 0.69346 0.70945 0.72618 0.74338 0.76081 0.77825 0.79549 0.8123 0.82841
0.58633 0.55915 0.55129 0.57076 0.62722 0.65023 0.50252 0.26913 0.098475 0.15216 0.21972 0.25167 0.25251 0.26023 0.2809 0.31501 0.36134 0.41704 0.47693 0.53397 0.58118 0.61431 0.63361 0.64324 0.64739 0.64818 0.64655 0.64311 0.6385 0.63337 0.62844 0.6244 0.6219 0.6215 0.62358 0.62835 0.63578 0.6457 0.65777 0.67165 0.68695 0.70333 0.72046 0.73809 0.75596 0.77386 0.79159 0.80893 0.82563
0.7069 0.67375 0.66021 0.66329 0.67128 0.66671 0.50689 0.26155 0.05992 0.1299 0.19852 0.22546 0.22354 0.23016 0.25117 0.2867 0.33532 0.39398 0.4572 0.51757 0.56781 0.60344 0.62461 0.63546 0.64027 0.64128 0.63956 0.63585 0.63087 0.62538 0.62015 0.61591 0.61333 0.61295 0.61517 0.62015 0.62787 0.6381 0.65053 0.66478 0.68046 0.69723 0.71477 0.73281 0.75111 0.76947 0.78768 0.80555 0.82283
0.75776 0.76157 0.75306 0.74273 0.71307 0.68529 0.51636 0.26405 0.038139 0.11344 0.17938 0.20024 0.19513 0.20058 0.22209 0.25922 0.31025 0.37189 0.43833 0.50183 0.55487 0.5928 0.61567 0.62764 0.63303 0.63422 0.63239 0.62841 0.62308 0.61725 0.61174 0.60733 0.60469 0.60437 0.60675 0.61196 0.61997 0.63053 0.64332 0.65794 0.67401 0.69117 0.7091 0.72755 0.74627 0.76508 0.78377 0.80216 0.82001
0.71416 0.81233 0.82124 0.80517 0.75017 0.70452 0.52942 0.27436 0.049005 0.10316 0.16249 0.17633 0.16749 0.17159 0.19375 0.23273 0.28632 0.35093 0.42044 0.48685 0.54245 0.58245 0.60685 0.6198 0.62569 0.62701 0.62506 0.6208 0.61513 0.60898 0.60322 0.59866 0.596 0.59576 0.59831 0.60378 0.61209 0.62299 0.63614 0.65113 0.66758 0.68513 0.70346 0.72231 0.74145 0.76069 0.77985 0.79875 0.81716
0.58643 0.82421 0.8578 0.84752 0.78045 0.72283 0.54431 0.28933 0.073912 0.098602 0.14808 0.15422 0.1409 0.14329 0.16628 0.20741 0.26373 0.33126 0.40365 0.47272 0.53061 0.57244 0.59818 0.61197 0.61828 0.61968 0.61758 0.61303 0.60704 0.60059 0.59461 0.58993 0.58726 0.58712 0.58987 0.59561 0.60423 0.61549 0.629 0.64437 0.66119 0.67912 0.69784 0.71708 0.73663 0.7563 0.77593 0.79533 0.81429
0.42999 0.80341 0.85851 0.86803 0.80231 0.73886 0.55948 0.30624 0.099019 0.098687 0.1365 0.13455 0.11579 0.1158 0.13982 0.1835 0.24269 0.31306 0.38809 0.45951 0.51939 0.56281 0.58969 0.60419 0.61082 0.61224 0.60997 0.60513 0.59882 0.59209 0.5859 0.58112 0.57847 0.57847 0.58143 0.58745 0.5964 0.60801 0.62189 0.63764 0.65484 0.67315 0.69224 0.71187 0.73183 0.75192 0.772 0.79189 0.81139
0.33621 0.75956 0.82264 0.86674 0.81495 0.75169 0.57391 0.32343 0.12199 0.10235 0.12821 0.11827 0.092847 0.089196 0.11459 0.16131 0.22348 0.2965 0.37386 0.44728 0.50884 0.55358 0.5814 0.59646 0.60332 0.60472 0.60224 0.59711 0.59048 0.58348 0.5771 0.57226 0.56965 0.56979 0.57299 0.57931 0.5886 0.60057 0.61483 0.63095 0.64853 0.6672 0.68668 0.70669 0.72703 0.74754 0.76806 0.78843 0.80847
0.35557 0.69974 0.75308 0.84552 0.81832 0.76095 0.58717 0.34032 0.14322 0.10901 0.12375 0.10656 0.073324 0.06361 0.090918 0.14126 0.20636 0.28173 0.36104 0.4361 0.49899 0.54478 0.57334 0.58882 0.59581 0.59712 0.5944 0.58897 0.58203 0.57477 0.56823 0.56334 0.56079 0.56111 0.56456 0.57119 0.58083 0.59317 0.60781 0.6243 0.64225 0.6613 0.68114 0.70152 0.72225 0.74317 0.76412 0.78496 0.80552
0.42228 0.62585 0.65601 0.80787 0.81313 0.76674 0.59942 0.35717 0.1639 0.11862 0.12354 0.10055 0.059496 0.039238 0.069467 0.12393 0.19165 0.26892 0.34971 0.42599 0.48987 0.53643 0.56552 0.58127 0.5883 0.58946 0.58648 0.58072 0.57348 0.56597 0.55929 0.55436 0.55191 0.55242 0.55614 0.5631 0.5731 0.58582 0.60083 0.61769 0.63601 0.65543 0.67563 0.69638 0.71749 0.7388 0.76017 0.78147 0.80254
0.47668 0.53782 0.54025 0.7583 0.80062 0.76958 0.61118 0.37473 0.18542 0.13132 0.12764 0.10069 0.054402 0.01692 0.051726 0.11006 0.17967 0.25818 0.33992 0.41697 0.48149 0.52853 0.55795 0.57383 0.5808 0.58176 0.57847 0.57238 0.56484 0.55709 0.55028 0.54535 0.54301 0.54373 0.54774 0.55504 0.56541 0.57851 0.5939 0.61114 0.62982 0.64959 0.67015 0.69126 0.71274 0.73443 0.75622 0.77797 0.79954
0.50651 0.44028 0.41683 0.70171 0.78234 0.77016 0.62317 0.39392 0.20893 0.14715 0.13567 0.10633 0.05892 0.011522 0.041006 0.10053 0.17068 0.24961 0.33171 0.40907 0.47386 0.52111 0.55064 0.56651 0.57333 0.57401 0.5704 0.56396 0.55611 0.54815 0.54122 0.5363 0.53409 0.53504 0.53936 0.54701 0.55776 0.57124 0.58701 0.60463 0.62367 0.64379 0.6647 0.68616 0.708 0.73007 0.75226 0.77445 0.79651
0.52363 0.3499 0.29954 0.6427 0.75986 0.76921 0.63606 0.41548 0.23505 0.16587 0.14684 0.11598 0.070016 0.030483 0.041361 0.096014 0.16487 0.24326 0.32508 0.40228 0.46697 0.51415 0.54359 0.55931 0.56588 0.56625 0.56226 0.55547 0.54731 0.53913 0.53211 0.52722 0.52516 0.52636 0.531 0.53901 0.55015 0.56403 0.58018 0.59816 0.61757 0.63804 0.65929 0.68109 0.70328 0.72572 0.7483 0.77092 0.79345
0.54832 0.29925 0.2081 0.58507 0.73466 0.76732 0.65027 0.43976 0.26385 0.18694 0.16023 0.12802 0.084105 0.050181 0.051335 0.096635 0.16227 0.23912 0.32001 0.39657 0.4608 0.50765 0.53681 0.55224 0.55848 0.55846 0.55408 0.54692 0.53845 0.53006 0.52296 0.51812 0.51622 0.51769 0.52267 0.53106 0.5426 0.55686 0.5734 0.59175 0.61151 0.63232 0.6539 0.67604 0.69857 0.72137 0.74434 0.76738 0.79037
0.59378 0.31332 0.16961 0.53144 0.70791 0.76488 0.66591 0.46664 0.29483 0.20959 0.17488 0.14112 0.09903 0.068964 0.065831 0.10177 0.16272 0.2371 0.31644 0.39192 0.45535 0.5016 0.5303 0.54531 0.55112 0.55067 0.54586 0.53831 0.52953 0.52095 0.51378 0.509 0.50729 0.50904 0.51437 0.52315 0.53509 0.54975 0.56668 0.5854 0.6055 0.62665 0.64856 0.67102 0.69388 0.71703 0.74037 0.76382 0.78727
0.65594 0.36836 0.18519 0.48316 0.68053 0.76198 0.68272 0.4955 0.32712 0.23295 0.18991 0.1543 0.1137 0.08664 0.081804 0.11035 0.16591 0.23708 0.31431 0.38827 0.45058 0.496 0.52405 0.53851 0.54382 0.54287 0.5376 0.52965 0.52056 0.51179 0.50456 0.49986 0.49835 0.50041 0.5061 0.51529 0.52764 0.5427 0.56001 0.57909 0.59954 0.62102 0.64324 0.66602 0.68921 0.71269 0.7364 0.76025 0.78414
