0.49045 0.34798 0.12408 0.23939 0.35714 0.31691 0.28744 0.28447 0.29184 0.25209 0.22985 0.23345 0.24486 0.2654 0.29248 0.34306 0.40947 0.43565 0.44915 0.45582 0.45716 0.45445 0.44906 0.44258 0.43652 0.43197 0.42939 0.42857 0.42884 0.42929 0.4291 0.4277 0.42492 0.42098 0.41642 0.41199 0.40853 0.40681 0.40742 0.41067 0.41658 0.42494 0.43536 0.44745 0.46087 0.47545 0.49125 0.50854 0.52776
0.28133 0.057722 0.40321 0.63164 0.73588 0.7537 0.82902 0.86965 0.87641 0.73245 0.57814 0.41862 0.26726 0.14562 0.11146 0.15237 0.19007 0.18915 0.16803 0.13452 0.093412 0.052403 0.043217 0.08124 0.1269 0.16862 0.20275 0.22745 0.24191 0.24606 0.24051 0.22637 0.20523 0.17897 0.14978 0.1203 0.094158 0.076757 0.073618 0.083563 0.099401 0.11534 0.12831 0.13687 0.14049 0.13935 0.13433 0.12724 0.12119
0.52196 0.44557 0.29565 0.34613 0.43088 0.38005 0.25526 0.12832 0.24298 0.39424 0.50448 0.57236 0.60913 0.61845 0.57151 0.54108 0.54258 0.51388 0.49392 0.48152 0.47185 0.46197 0.45054 0.4374 0.42298 0.40773 0.39179 0.3749 0.35652 0.33612 0.31343 0.28856 0.26208 0.23499 0.20873 0.18511 0.16619 0.15392 0.14931 0.15176 0.1592 0.1691 0.17932 0.18836 0.19546 0.2004 0.20352 0.20558 0.20775
0.49597 0.53271 0.45081 0.44785 0.41538 0.28967 0.21874 0.2546 0.37507 0.45226 0.50467 0.53852 0.56573 0.58521 0.56116 0.55513 0.58021 0.56842 0.56086 0.55852 0.5577 0.55571 0.55089 0.54276 0.53176 0.51886 0.50509 0.49119 0.47747 0.46391 0.45035 0.43662 0.4227 0.40871 0.39497 0.38184 0.36974 0.35905 0.35007 0.34297 0.3378 0.33451 0.333 0.33315 0.33486 0.33811 0.34297 0.34959 0.35819
0.23764 0.13106 0.24069 0.20652 0.20131 0.29199 0.42281 0.51499 0.57079 0.52516 0.47089 0.40792 0.33881 0.26537 0.19215 0.16815 0.19173 0.21338 0.22859 0.23479 0.23255 0.22487 0.21649 0.21309 0.21903 0.23504 0.2583 0.28458 0.31008 0.3321 0.34903 0.36017 0.36552 0.3656 0.36122 0.35335 0.34295 0.33098 0.3183 0.30575 0.29412 0.28421 0.27677 0.27253 0.27209 0.27588 0.28409 0.29674 0.31363
0.37464 0.62685 0.60552 0.38088 0.22344 0.26834 0.39653 0.44351 0.36037 0.15172 0.1008 0.23589 0.3322 0.38162 0.36756 0.34451 0.33275 0.3006 0.27453 0.25275 0.23181 0.21111 0.19286 0.18121 0.17995 0.18964 0.20713 0.22785 0.24786 0.2644 0.2759 0.28161 0.28146 0.27579 0.26519 0.25028 0.23162 0.20969 0.18487 0.15748 0.12789 0.096806 0.066005 0.042448 0.046372 0.076046 0.11409 0.15528 0.19828
0.66047 0.42463 0.11736 0.38379 0.58756 0.56995 0.4646 0.28675 0.13143 0.24529 0.38565 0.47717 0.53888 0.57898 0.56202 0.54824 0.55271 0.51562 0.48244 0.4563 0.43475 0.41585 0.39829 0.38147 0.36534 0.35016 0.33619 0.32349 0.31197 0.30134 0.29138 0.28195 0.273 0.26455 0.25658 0.24898 0.24153 0.23398 0.22617 0.21812 0.21024 0.20334 0.19871 0.19795 0.20261 0.21374 0.23164 0.25588 0.28573
0.18647 0.30486 0.40695 0.45732 0.45046 0.3284 0.23435 0.17204 0.14697 0.12183 0.09901 0.067411 0.042744 0.085625 0.14491 0.19792 0.24795 0.26929 0.28313 0.2948 0.30469 0.3117 0.31438 0.31164 0.30313 0.28927 0.27109 0.25003 0.22787 0.20675 0.18913 0.17752 0.17375 0.17814 0.18934 0.20513 0.22332 0.2422 0.26065 0.27801 0.29404 0.30884 0.32274 0.33632 0.35027 0.36535 0.38233 0.40192 0.42476
0.20135 0.24177 0.22104 0.11652 0.13487 0.17126 0.19519 0.22856 0.28903 0.30078 0.28837 0.25645 0.2098 0.15001 0.080016 0.031811 0.053453 0.095086 0.13309 0.16767 0.19822 0.22301 0.23994 0.24735 0.24451 0.23173 0.21013 0.18137 0.14756 0.11145 0.07782 0.05816 0.067835 0.097412 0.13238 0.16741 0.20064 0.23133 0.25921 0.28428 0.30674 0.32701 0.34562 0.36331 0.38088 0.39922 0.41922 0.44173 0.46754
0.45252 0.31323 0.10621 0.40299 0.54446 0.50216 0.49691 0.54265 0.61594 0.58407 0.52875 0.46428 0.40662 0.36012 0.30862 0.28654 0.29306 0.28957 0.29394 0.30458 0.31787 0.33073 0.34061 0.3458 0.34546 0.33964 0.3291 0.31504 0.29894 0.28242 0.26711 0.25448 0.24556 0.24073 0.23965 0.24147 0.24508 0.24944 0.25384 0.25795 0.26194 0.26648 0.27259 0.2816 0.2948 0.31327 0.33767 0.36826 0.40501
0.30795 0.40769 0.25605 0.10001 0.1962 0.16461 0.13473 0.15337 0.22253 0.27376 0.29932 0.29072 0.2707 0.27825 0.30786 0.35705 0.41469 0.42901 0.43291 0.43379 0.43314 0.43119 0.42769 0.42238 0.41522 0.40636 0.39602 0.38434 0.3714 0.35723 0.34191 0.32559 0.30845 0.29061 0.27209 0.25273 0.2322 0.21012 0.18618 0.1604 0.13359 0.10844 0.091663 0.094038 0.11914 0.15982 0.20955 0.26509 0.32495
0.17004 0.2849 0.27892 0.2213 0.16746 0.11423 0.15976 0.29932 0.47891 0.57874 0.63649 0.65475 0.6474 0.61947 0.54396 0.49121 0.47107 0.4288 0.39948 0.38167 0.37106 0.36492 0.36179 0.36101 0.3622 0.3649 0.36835 0.37153 0.3733 0.37261 0.3687 0.36119 0.35002 0.33541 0.31775 0.29748 0.27507 0.25109 0.22632 0.20206 0.18051 0.16522 0.16076 0.17066 0.19498 0.23098 0.27553 0.32632 0.38193
0.31581 0.42581 0.48516 0.51525 0.51139 0.43826 0.48948 0.58597 0.66855 0.60212 0.48944 0.35945 0.24335 0.16346 0.12836 0.13344 0.15156 0.15457 0.15193 0.14673 0.14289 0.14616 0.16116 0.18796 0.22274 0.26095 0.29891 0.33406 0.3647 0.38978 0.40882 0.42179 0.42909 0.4314 0.42962 0.42475 0.41783 0.40988 0.40194 0.39506 0.39026 0.38857 0.39093 0.39811 0.41065 0.42881 0.45264 0.48204 0.51686
0.056475 0.23883 0.2642 0.29064 0.31033 0.28889 0.37239 0.4872 0.56802 0.49302 0.36885 0.24038 0.14281 0.089129 0.068923 0.076689 0.10041 0.11469 0.11965 0.11743 0.11396 0.11849 0.13804 0.17176 0.21411 0.25994 0.30569 0.34908 0.38864 0.42338 0.45274 0.47652 0.49487 0.5082 0.5172 0.52263 0.52533 0.52611 0.52573 0.5249 0.52428 0.52448 0.5261 0.52971 0.53584 0.54501 0.55771 0.57438 0.59545
0.31401 0.22734 0.40935 0.54311 0.63246 0.55029 0.47629 0.46202 0.51488 0.47965 0.39344 0.29264 0.24414 0.26822 0.29395 0.31474 0.33839 0.33253 0.3267 0.32431 0.32458 0.32713 0.33228 0.34073 0.35307 0.3694 0.38924 0.41162 0.43522 0.45861 0.48051 0.49988 0.51607 0.52881 0.53818 0.54446 0.54809 0.54958 0.54943 0.54815 0.54627 0.5443 0.5428 0.54236 0.5436 0.54712 0.55357 0.56354 0.5776
0.27747 0.32417 0.3605 0.52705 0.74043 0.71678 0.66477 0.68966 0.81658 0.842 0.82638 0.77315 0.70827 0.64292 0.54991 0.49514 0.48034 0.44391 0.41826 0.40167 0.39063 0.38357 0.3801 0.38042 0.38472 0.39293 0.40457 0.41872 0.43423 0.44984 0.46439 0.47695 0.48691 0.49399 0.49816 0.4996 0.4986 0.49551 0.49072 0.48468 0.47789 0.47094 0.4645 0.45934 0.45623 0.45598 0.45931 0.46686 0.47911
0.30973 0.15928 0.18599 0.17668 0.34708 0.2517 0.12446 0.33911 0.56723 0.62383 0.58076 0.46908 0.32905 0.21552 0.19773 0.25021 0.30438 0.31193 0.30136 0.28471 0.26941 0.26118 0.26326 0.27547 0.29495 0.31808 0.34185 0.36419 0.38386 0.40015 0.41274 0.42152 0.42662 0.42825 0.42669 0.42222 0.41511 0.40563 0.3941 0.3809 0.36661 0.352 0.33808 0.32609 0.31739 0.31331 0.31494 0.32295 0.3375
0.35093 0.30364 0.58065 0.67488 0.54515 0.35613 0.35621 0.45063 0.59188 0.6439 0.63863 0.56926 0.46454 0.36246 0.28458 0.26081 0.25587 0.21862 0.16828 0.111 0.055121 0.045293 0.095997 0.15144 0.20188 0.24517 0.28081 0.30904 0.3305 0.34594 0.35616 0.36186 0.36365 0.36199 0.35716 0.3493 0.33844 0.32454 0.3076 0.28774 0.26533 0.24106 0.21614 0.19246 0.17279 0.1607 0.15955 0.17062 0.19241
0.27321 0.030417 0.27854 0.32645 0.18375 0.16088 0.31606 0.50535 0.74332 0.85499 0.89666 0.87825 0.82497 0.74546 0.61231 0.51127 0.44678 0.36344 0.29621 0.2447 0.20929 0.1927 0.19472 0.20975 0.23036 0.25114 0.26929 0.28381 0.29472 0.30243 0.30749 0.3103 0.31109 0.30984 0.30635 0.30026 0.29112 0.27851 0.26205 0.2415 0.21679 0.18806 0.15568 0.12021 0.082494 0.0443 0.020079 0.04923 0.090368
0.36382 0.13251 0.038519 0.18265 0.32948 0.39147 0.48523 0.60986 0.75793 0.79624 0.82672 0.85478 0.88056 0.88258 0.79596 0.7144 0.65857 0.56142 0.48181 0.42086 0.37406 0.33835 0.31165 0.29226 0.27846 0.26872 0.2619 0.25741 0.25505 0.25479 0.25649 0.25971 0.26373 0.26763 0.27044 0.27119 0.26909 0.26348 0.25393 0.24025 0.22249 0.20106 0.17672 0.15071 0.12507 0.10322 0.090643 0.092799 0.1094
0.10622 0.21045 0.29678 0.29287 0.23213 0.18886 0.18727 0.16436 0.10727 0.12436 0.27383 0.4371 0.58279 0.68703 0.69071 0.6701 0.65523 0.58461 0.51904 0.46325 0.41445 0.37049 0.33025 0.29359 0.26087 0.23282 0.21036 0.19453 0.18618 0.18542 0.19129 0.2019 0.21507 0.22877 0.24135 0.2516 0.25865 0.26192 0.26114 0.25628 0.24762 0.23572 0.22148 0.20614 0.19124 0.17857 0.16999 0.16701 0.17041
0.325 0.55522 0.56419 0.34248 0.16025 0.052604 0.12514 0.21634 0.29798 0.32045 0.34117 0.37776 0.429 0.47807 0.48284 0.48944 0.50989 0.48513 0.45393 0.41931 0.38038 0.33738 0.29147 0.24447 0.19844 0.15567 0.11909 0.093592 0.085982 0.097388 0.12009 0.14681 0.17369 0.19877 0.22098 0.2396 0.2542 0.26454 0.27054 0.27232 0.27022 0.26479 0.25681 0.24724 0.23718 0.22777 0.22011 0.21513 0.2135
0.29692 0.28982 0.22715 0.099308 0.083094 0.12164 0.15766 0.19984 0.26807 0.29512 0.28862 0.25218 0.21219 0.20708 0.2415 0.30286 0.37248 0.39624 0.39825 0.38445 0.35749 0.32018 0.27561 0.2269 0.17687 0.12783 0.08174 0.042695 0.033264 0.062212 0.097386 0.1316 0.16346 0.19232 0.21773 0.23933 0.25683 0.27009 0.27904 0.28382 0.28469 0.28214 0.2768 0.26946 0.26099 0.25231 0.24427 0.23765 0.23306
0.29572 0.1858 0.17104 0.17721 0.12701 0.048778 0.057831 0.18172 0.30383 0.33726 0.31445 0.25874 0.2087 0.21005 0.25271 0.31459 0.38212 0.40416 0.40695 0.39626 0.37416 0.34313 0.30612 0.26642 0.22723 0.19154 0.16216 0.14196 0.13333 0.13668 0.14963 0.1685 0.19006 0.21196 0.23264 0.251 0.2663 0.27806 0.28603 0.29016 0.29061 0.28774 0.28206 0.27426 0.26509 0.25536 0.24585 0.23729 0.2303
0.50863 0.35355 0.27271 0.37771 0.51114 0.50206 0.51028 0.55064 0.61809 0.59579 0.56661 0.54006 0.52679 0.52328 0.49306 0.48295 0.4972 0.47417 0.44905 0.42315 0.39475 0.36384 0.33163 0.30003 0.27095 0.24598 0.22624 0.21242 0.20493 0.20371 0.20817 0.21719 0.22925 0.24277 0.25631 0.26866 0.27889 0.28634 0.29058 0.29144 0.28895 0.28338 0.27516 0.26488 0.25325 0.24104 0.229 0.21789 0.20837
0.058137 0.23941 0.37742 0.34958 0.31004 0.32086 0.40462 0.4511 0.46538 0.42712 0.43832 0.48747 0.54932 0.59804 0.58233 0.56277 0.55655 0.50514 0.45617 0.41304 0.37421 0.33931 0.30894 0.28407 0.26526 0.25237 0.24466 0.24117 0.24109 0.2438 0.24881 0.2556 0.26351 0.27179 0.27963 0.28623 0.2909 0.2931 0.29244 0.28874 0.282 0.27242 0.26036 0.24638 0.23111 0.2153 0.19972 0.18516 0.17241
0.12112 0.14785 0.15225 0.2467 0.27638 0.2561 0.27754 0.25424 0.18066 0.096569 0.19371 0.33127 0.45123 0.53909 0.54949 0.53864 0.52715 0.46455 0.40178 0.34547 0.29646 0.25639 0.2276 0.21191 0.20867 0.21465 0.22572 0.23862 0.25138 0.26308 0.27338 0.28221 0.28955 0.29532 0.29936 0.30142 0.30121 0.29848 0.29302 0.28471 0.27359 0.25982 0.24373 0.22577 0.2065 0.18657 0.16668 0.14762 0.13029
0.21123 0.089055 0.37394 0.51456 0.52369 0.33802 0.21373 0.2613 0.35739 0.36548 0.36349 0.38704 0.44054 0.49943 0.50286 0.48845 0.46858 0.39801 0.32452 0.25509 0.19138 0.13723 0.10258 0.10141 0.12772 0.16305 0.1978 0.22862 0.25445 0.27517 0.29109 0.30268 0.31045 0.31485 0.31625 0.31485 0.31078 0.30404 0.29465 0.2826 0.26797 0.25092 0.23172 0.21072 0.18836 0.16509 0.1414 0.11777 0.094773
0.21064 0.17588 0.52587 0.68595 0.67777 0.45841 0.31652 0.30526 0.31658 0.2698 0.27796 0.3435 0.42484 0.49156 0.4926 0.47319 0.44843 0.37567 0.30052 0.22854 0.1599 0.095966 0.047062 0.058881 0.10694 0.15562 0.19942 0.23696 0.26786 0.29214 0.31015 0.32244 0.32967 0.33253 0.33165 0.32753 0.32053 0.31089 0.29878 0.28431 0.26761 0.24885 0.22828 0.2062 0.18295 0.1589 0.13438 0.10966 0.084944
0.30639 0.13752 0.18488 0.4591 0.71582 0.71023 0.58355 0.41477 0.25433 0.14665 0.23423 0.35755 0.45928 0.52604 0.51815 0.49373 0.4717 0.40658 0.34366 0.28776 0.23935 0.20089 0.17722 0.17292 0.18692 0.21243 0.24222 0.2714 0.29714 0.31799 0.33339 0.34337 0.34833 0.34885 0.3456 0.33914 0.32995 0.31839 0.3047 0.28908 0.27169 0.25275 0.23249 0.21123 0.18933 0.16718 0.14519 0.12382 0.10362
0.39823 0.43364 0.35346 0.54072 0.79728 0.85501 0.82289 0.72866 0.65361 0.54717 0.50819 0.51223 0.53677 0.55663 0.52401 0.49382 0.47899 0.42865 0.38401 0.34768 0.31822 0.29545 0.28028 0.27392 0.27659 0.28689 0.30207 0.31906 0.33523 0.34868 0.35832 0.36373 0.36496 0.3624 0.35657 0.34799 0.33712 0.32432 0.30986 0.29396 0.27681 0.2586 0.23961 0.22015 0.2006 0.18137 0.16292 0.14577 0.13049
0.3271 0.18918 0.2711 0.37504 0.57295 0.62513 0.57319 0.50023 0.52358 0.52503 0.51723 0.4999 0.48721 0.47787 0.44003 0.41905 0.42088 0.39622 0.37706 0.3645 0.35617 0.35051 0.3469 0.34553 0.34683 0.35091 0.3572 0.36455 0.3716 0.37704 0.37997 0.37991 0.37679 0.37081 0.36235 0.35183 0.33961 0.32601 0.31124 0.29551 0.27896 0.26181 0.24429 0.22671 0.20945 0.19291 0.17754 0.1638 0.15215
0.20893 0.14942 0.21254 0.31213 0.46669 0.45083 0.28004 0.043808 0.21546 0.32339 0.34147 0.31866 0.29097 0.2754 0.26199 0.27146 0.30129 0.31269 0.3258 0.34162 0.35769 0.37174 0.3824 0.38954 0.39385 0.39636 0.39785 0.3986 0.39845 0.39696 0.39371 0.38845 0.38114 0.37192 0.36107 0.34888 0.33561 0.32148 0.30664 0.2912 0.27529 0.25907 0.24277 0.22667 0.21116 0.19666 0.18359 0.17242 0.16354
0.63706 0.4757 0.44784 0.59933 0.71102 0.60509 0.46965 0.3453 0.29596 0.26074 0.22714 0.17702 0.11417 0.056924 0.066829 0.11719 0.17539 0.22144 0.26561 0.30812 0.34612 0.37707 0.39962 0.41389 0.4211 0.42303 0.42141 0.41747 0.41191 0.405 0.39678 0.38726 0.37649 0.36464 0.35191 0.33848 0.32451 0.3101 0.2953 0.28015 0.2647 0.24907 0.23347 0.21822 0.20372 0.19045 0.17894 0.16968 0.16314
0.55431 0.45339 0.41815 0.5327 0.61549 0.54524 0.46529 0.36808 0.29663 0.23633 0.21007 0.18196 0.14332 0.10384 0.077998 0.089769 0.13676 0.19031 0.24654 0.30033 0.34724 0.38447 0.41078 0.42656 0.43334 0.43328 0.42855 0.42083 0.41124 0.40038 0.38859 0.37604 0.36288 0.34928 0.33538 0.32129 0.30706 0.29266 0.27803 0.2631 0.24784 0.23233 0.21678 0.20154 0.18713 0.17419 0.16343 0.15556 0.15121
0.2864 0.09268 0.15357 0.18664 0.20425 0.3036 0.29388 0.19151 0.09914 0.12644 0.15947 0.14963 0.11804 0.10413 0.1214 0.15633 0.20562 0.24685 0.29018 0.33312 0.37113 0.40096 0.42104 0.43149 0.43365 0.42956 0.42122 0.41025 0.39774 0.38433 0.37037 0.3561 0.3417 0.32735 0.31315 0.29912 0.28518 0.27118 0.25692 0.24218 0.22686 0.21096 0.19468 0.17846 0.16297 0.14914 0.13811 0.13108 0.12905
0.49934 0.60205 0.45952 0.31382 0.27311 0.28835 0.27603 0.19923 0.11465 0.11474 0.12889 0.091216 0.040814 0.11329 0.19498 0.25968 0.31985 0.34696 0.36862 0.38938 0.40755 0.42085 0.42778 0.4282 0.423 0.41368 0.40171 0.38821 0.37392 0.35922 0.34439 0.32963 0.31515 0.30109 0.28752 0.27438 0.26144 0.24838 0.23484 0.22045 0.20496 0.18827 0.17054 0.15223 0.13418 0.11772 0.10481 0.097888 0.098894
0.4447 0.56688 0.30435 0.27102 0.35008 0.32131 0.31703 0.31612 0.30946 0.28398 0.28415 0.28662 0.30378 0.34785 0.38091 0.41613 0.45782 0.45611 0.44965 0.44438 0.43948 0.43344 0.42511 0.41427 0.40136 0.38718 0.37242 0.3575 0.3426 0.32779 0.31321 0.29903 0.28549 0.27273 0.26078 0.24945 0.23837 0.22703 0.21485 0.20129 0.18592 0.16851 0.14906 0.1279 0.10578 0.084185 0.066252 0.057966 0.064732
0.87859 0.77819 0.39477 0.18547 0.15699 0.1862 0.33914 0.49605 0.61278 0.60941 0.60149 0.59984 0.60976 0.62498 0.59816 0.58374 0.58999 0.55001 0.51231 0.48102 0.45423 0.43035 0.40835 0.38792 0.36905 0.35176 0.33581 0.32084 0.30647 0.29249 0.27898 0.26619 0.25442 0.24389 0.23455 0.22607 0.21789 0.20927 0.19942 0.18763 0.17331 0.15609 0.13584 0.11265 0.086832 0.058924 0.030207 0.014249 0.039928
0.59248 0.59088 0.26678 0.13973 0.23202 0.33672 0.53601 0.73839 0.90821 0.90782 0.88901 0.87103 0.86232 0.84952 0.77265 0.71422 0.68594 0.61048 0.54468 0.49092 0.44601 0.408 0.37593 0.34929 0.3275 0.30962 0.29442 0.28072 0.26772 0.25511 0.24309 0.23215 0.22279 0.21529 0.20953 0.205 0.20086 0.19612 0.1898 0.18107 0.16928 0.15407 0.13537 0.11344 0.088906 0.063191 0.040556 0.035727 0.056545
0.28578 0.21127 0.38019 0.48367 0.68458 0.73973 0.79075 0.86567 0.99012 0.99623 0.99995 0.99561 0.98916 0.9675 0.86587 0.78214 0.7306 0.63043 0.54405 0.47345 0.41516 0.36741 0.32945 0.30056 0.27933 0.26359 0.25093 0.23945 0.22812 0.21684 0.20621 0.19719 0.1906 0.18684 0.18563 0.18614 0.18717 0.18746 0.18586 0.18148 0.17376 0.16246 0.14781 0.13053 0.11207 0.095106 0.084116 0.084473 0.097929
0.26826 0.43385 0.57739 0.72925 0.84923 0.73224 0.62649 0.61507 0.74883 0.84178 0.91654 0.95777 0.97851 0.97233 0.87563 0.78849 0.72759 0.61507 0.5162 0.43421 0.36671 0.31295 0.27284 0.24549 0.22824 0.2171 0.20827 0.19926 0.18919 0.17851 0.16857 0.16109 0.15745 0.15813 0.16251 0.16915 0.17637 0.1826 0.18661 0.18753 0.18491 0.17872 0.1694 0.15796 0.14607 0.1361 0.13096 0.13327 0.14409
0.35944 0.1929 0.22375 0.59765 0.70477 0.4818 0.22664 0.13135 0.399 0.60101 0.73235 0.81308 0.86882 0.89476 0.82597 0.75262 0.6935 0.57805 0.47261 0.38289 0.3086 0.25088 0.21116 0.18865 0.17855 0.17401 0.16958 0.16252 0.15253 0.14096 0.1303 0.12353 0.12299 0.12912 0.14033 0.15417 0.16832 0.18102 0.19106 0.19768 0.20056 0.19981 0.19599 0.19014 0.18377 0.17878 0.1772 0.18072 0.19026
0.72323 0.67652 0.63278 0.65193 0.6234 0.46193 0.32946 0.25071 0.32932 0.44041 0.53888 0.62723 0.71474 0.78036 0.75086 0.70001 0.6488 0.53548 0.42662 0.33075 0.24994 0.18787 0.1492 0.13444 0.1347 0.13821 0.13798 0.1318 0.12024 0.10563 0.09187 0.084333 0.08752 0.10105 0.12072 0.1425 0.16375 0.18283 0.19874 0.2109 0.21912 0.22356 0.22482 0.22383 0.22193 0.22063 0.2215 0.22586 0.23457
0.22867 0.2366 0.49551 0.39987 0.29851 0.29053 0.31328 0.31249 0.31421 0.30524 0.34767 0.4439 0.56722 0.67267 0.6809 0.65231 0.61035 0.5007 0.38983 0.28845 0.20017 0.13047 0.090036 0.086508 0.10096 0.11309 0.11633 0.11006 0.095754 0.075998 0.055245 0.04357 0.053547 0.078337 0.10747 0.13669 0.16413 0.18871 0.20973 0.22677 0.23972 0.24875 0.25438 0.25744 0.25907 0.26053 0.26311 0.26797 0.27591
0.45993 0.55405 0.44365 0.20399 0.025619 0.10411 0.20975 0.23562 0.18398 0.098085 0.16781 0.31817 0.47561 0.60571 0.63687 0.62296 0.58821 0.48187 0.37002 0.2646 0.16943 0.088513 0.034571 0.050672 0.082077 0.10107 0.10667 0.10048 0.084594 0.061171 0.032235 0.0016558 0.035284 0.070797 0.1059 0.1396 0.17102 0.19945 0.22432 0.24522 0.262 0.27477 0.28392 0.29017 0.29446 0.29788 0.30155 0.3065 0.31354
0.39719 0.45314 0.36905 0.10231 0.087829 0.15277 0.22623 0.25717 0.22091 0.15739 0.21042 0.33352 0.47305 0.59539 0.62741 0.61745 0.58645 0.48236 0.37083 0.26439 0.16736 0.083672 0.024305 0.048397 0.082907 0.10316 0.10974 0.1048 0.090908 0.071141 0.050484 0.0412 0.056324 0.085461 0.11873 0.15253 0.18515 0.21547 0.24268 0.26622 0.28577 0.3013 0.31306 0.32159 0.3277 0.33233 0.33647 0.34109 0.34698
0.30384 0.38825 0.38768 0.27514 0.26882 0.30042 0.34929 0.39325 0.41404 0.37581 0.38217 0.44112 0.53645 0.63248 0.64993 0.63547 0.60536 0.5025 0.39259 0.28838 0.19543 0.12111 0.079899 0.082823 0.1031 0.11864 0.12453 0.12139 0.11158 0.098507 0.087137 0.084039 0.09389 0.11518 0.14327 0.17438 0.20601 0.2365 0.26465 0.28961 0.31085 0.32812 0.34153 0.35147 0.35858 0.36367 0.36767 0.37147 0.37589
0.18085 0.17047 0.2419 0.35829 0.39603 0.39357 0.44472 0.4882 0.51746 0.48439 0.49191 0.54007 0.61742 0.69472 0.69527 0.67317 0.64292 0.54061 0.43305 0.33272 0.24549 0.17859 0.14003 0.13057 0.13699 0.14513 0.14865 0.14655 0.14024 0.13238 0.12645 0.12625 0.13447 0.15132 0.17491 0.20267 0.23225 0.26176 0.28972 0.31504 0.33694 0.355 0.36914 0.37961 0.38692 0.39177 0.39502 0.39751 0.40008
0.10082 0.15161 0.16836 0.22169 0.23557 0.34532 0.43522 0.44692 0.44816 0.45222 0.51751 0.60184 0.69027 0.76397 0.75312 0.7248 0.69515 0.59309 0.48783 0.39119 0.30814 0.24407 0.20302 0.18384 0.17888 0.1791 0.17893 0.17653 0.17228 0.1678 0.1653 0.16711 0.17502 0.18961 0.21012 0.23496 0.26225 0.29018 0.31718 0.34199 0.36368 0.38166 0.39569 0.40588 0.41263 0.41657 0.41847 0.41917 0.4195
0.059441 0.17206 0.24751 0.18337 0.17157 0.33022 0.36328 0.26746 0.20472 0.33997 0.50793 0.64223 0.75086 0.82988 0.81446 0.78358 0.75637 0.65456 0.55099 0.45684 0.37579 0.31148 0.26608 0.23844 0.22383 0.21642 0.21184 0.20804 0.20466 0.20235 0.20233 0.20595 0.21433 0.22801 0.24669 0.26934 0.29453 0.32066 0.34623 0.36991 0.39066 0.4078 0.42096 0.43014 0.43565 0.43804 0.43805 0.43649 0.43419
0.61531 0.39048 0.47908 0.53656 0.51705 0.45873 0.38533 0.23512 0.17335 0.35639 0.54052 0.68402 0.80046 0.88606 0.87178 0.84259 0.81988 0.71855 0.61589 0.52284 0.44194 0.37563 0.32524 0.29004 0.26715 0.25279 0.24377 0.23814 0.23507 0.23445 0.23664 0.24222 0.25173 0.26548 0.2833 0.30448 0.32792 0.35226 0.37612 0.39821 0.41748 0.43315 0.44478 0.45232 0.45598 0.45626 0.45387 0.4496 0.4443
0.58072 0.4691 0.81164 0.9056 0.85739 0.69038 0.58846 0.50458 0.49052 0.52095 0.61567 0.72437 0.83499 0.92733 0.91936 0.89574 0.87919 0.77864 0.67618 0.583 0.50094 0.43168 0.37621 0.33434 0.30444 0.2842 0.27138 0.26426 0.26169 0.26295 0.26762 0.27559 0.28687 0.30147 0.3192 0.33953 0.36157 0.38422 0.40623 0.42643 0.44376 0.45746 0.46704 0.47238 0.47366 0.47135 0.46612 0.45874 0.45009
0.89372 0.97487 0.97336 0.95437 0.94936 0.80783 0.71852 0.66228 0.65764 0.62495 0.65765 0.73715 0.84631 0.9505 0.95406 0.93885 0.92911 0.82943 0.72655 0.6323 0.54816 0.47543 0.41509 0.36745 0.3319 0.30719 0.29184 0.28432 0.2832 0.28712 0.29497 0.30597 0.31966 0.33576 0.354 0.37395 0.39491 0.41597 0.43607 0.45415 0.46923 0.48056 0.48765 0.49036 0.48884 0.48353 0.47506 0.46423 0.45191
0.13757 0.37404 0.49186 0.51035 0.68806 0.67004 0.62864 0.60455 0.61405 0.58209 0.6141 0.70417 0.8324 0.95722 0.97606 0.97006 0.96636 0.86722 0.76332 0.66723 0.58034 0.50385 0.4389 0.38639 0.34658 0.31912 0.30307 0.29694 0.29884 0.30672 0.31876 0.33356 0.35026 0.36836 0.38756 0.40747 0.42757 0.44714 0.4653 0.48111 0.4937 0.50237 0.50664 0.50638 0.50172 0.49307 0.48108 0.46651 0.45023
0.21775 0.21485 0.21911 0.12934 0.39762 0.41341 0.40293 0.39874 0.40293 0.40512 0.49431 0.63852 0.80509 0.955 0.98836 0.98953 0.98967 0.89024 0.78466 0.68607 0.59586 0.51529 0.44587 0.38922 0.34654 0.31829 0.30389 0.30156 0.30862 0.32209 0.33944 0.3588 0.37902 0.39949 0.4199 0.43999 0.45938 0.47751 0.4937 0.50715 0.51709 0.52289 0.52411 0.52064 0.51259 0.50039 0.48464 0.4661 0.44564
0.28487 0.40625 0.41882 0.29164 0.26459 0.21872 0.22397 0.21128 0.13403 0.17746 0.3758 0.58579 0.78682 0.95403 0.99493 0.9987 0.99946 0.89862 0.79073 0.68902 0.59485 0.50969 0.43563 0.37522 0.33086 0.30398 0.29413 0.2986 0.3133 0.33412 0.35787 0.38238 0.40643 0.42945 0.4512 0.47154 0.49026 0.50699 0.52119 0.53221 0.5394 0.54221 0.54025 0.53341 0.52184 0.50594 0.48629 0.46365 0.43885
0.55187 0.61051 0.53261 0.32722 0.16078 0.088636 0.17156 0.21697 0.17944 0.20034 0.38223 0.59313 0.79547 0.96114 0.99863 0.99935 0.99751 0.89424 0.78352 0.67813 0.5793 0.48873 0.40926 0.3448 0.29957 0.27648 0.27477 0.28959 0.31454 0.34426 0.37516 0.40512 0.43309 0.45862 0.48166 0.50222 0.52025 0.53556 0.54775 0.55632 0.56073 0.56049 0.5553 0.54505 0.52991 0.51027 0.48669 0.45989 0.43067
0.32367 0.4899 0.50205 0.2999 0.1341 0.083586 0.20574 0.31593 0.38044 0.40367 0.50302 0.6587 0.82989 0.97573 1 0.99323 0.98658 0.88043 0.76672 0.65727 0.55303 0.45588 0.36948 0.29957 0.25354 0.23713 0.24825 0.27736 0.3148 0.35433 0.39261 0.42792 0.45957 0.48739 0.51152 0.53217 0.54944 0.56328 0.57346 0.57959 0.58122 0.57797 0.56957 0.55596 0.53731 0.51398 0.48654 0.45564 0.42204
0.08859 0.30736 0.42268 0.22566 0.19387 0.22955 0.30276 0.40395 0.51349 0.55822 0.63112 0.74081 0.8731 0.99123 0.99792 0.98208 0.97019 0.86159 0.74528 0.63183 0.52172 0.41675 0.32109 0.24256 0.19428 0.18876 0.21916 0.26618 0.31714 0.36637 0.41151 0.4516 0.48641 0.5161 0.54102 0.56154 0.57792 0.59026 0.59842 0.60215 0.60109 0.59491 0.58342 0.56657 0.54455 0.51772 0.48659 0.45178 0.41397
0.4515 0.42918 0.37671 0.10213 0.23828 0.3293 0.36863 0.43879 0.57023 0.64423 0.71868 0.80429 0.90639 0.9997 0.99089 0.96776 0.9522 0.84262 0.72484 0.60823 0.49265 0.37943 0.27226 0.17952 0.12377 0.13768 0.19543 0.26148 0.32476 0.38222 0.43297 0.47684 0.51404 0.54502 0.57033 0.59047 0.60583 0.61661 0.62278 0.62419 0.62054 0.6116 0.59719 0.57732 0.55217 0.5221 0.48758 0.4492 0.40753
0.40475 0.60107 0.5383 0.38181 0.36533 0.34801 0.32888 0.39423 0.56334 0.67187 0.75687 0.83317 0.91788 0.99555 0.97817 0.95224 0.93624 0.82809 0.71085 0.593 0.47392 0.35433 0.23655 0.12506 0.044262 0.10176 0.18833 0.26855 0.34025 0.40325 0.45774 0.50407 0.54273 0.57435 0.59959 0.61907 0.63326 0.64244 0.64668 0.64587 0.63981 0.6283 0.61123 0.58862 0.56066 0.52771 0.49022 0.44872 0.40372
0.44391 0.50661 0.50233 0.45201 0.40758 0.26365 0.16893 0.30415 0.52839 0.65953 0.75022 0.82412 0.9031 0.97652 0.95999 0.93728 0.9251 0.8214 0.70738 0.59128 0.47244 0.35168 0.23155 0.11702 0.041899 0.1153 0.20659 0.29034 0.3649 0.4301 0.48618 0.5335 0.57261 0.60416 0.62887 0.64741 0.6603 0.66787 0.67024 0.66736 0.65909 0.64527 0.62583 0.60082 0.57044 0.53505 0.49511 0.45109 0.40346
0.067882 0.25031 0.23875 0.4094 0.43115 0.22315 0.076188 0.28068 0.50172 0.62051 0.70535 0.77972 0.8628 0.9433 0.93735 0.9241 0.9202 0.82411 0.71628 0.60537 0.49133 0.37609 0.26503 0.17154 0.13226 0.17378 0.24868 0.32634 0.39847 0.46265 0.51819 0.56507 0.60363 0.63444 0.65818 0.67553 0.687 0.69296 0.69356 0.68879 0.67854 0.66271 0.64123 0.6142 0.58184 0.54451 0.50268 0.45682 0.40741
0.23268 0.21584 0.18288 0.4772 0.572 0.39611 0.29277 0.34624 0.48012 0.55601 0.62718 0.7052 0.80123 0.89887 0.91186 0.91332 0.92152 0.83583 0.73685 0.63422 0.52878 0.42381 0.32696 0.25313 0.22461 0.24954 0.30656 0.37355 0.43962 0.50018 0.55337 0.59852 0.63563 0.66508 0.68748 0.7034 0.71338 0.71776 0.71671 0.71025 0.69828 0.68073 0.65758 0.62894 0.59506 0.55632 0.51321 0.46624 0.41593
0.45957 0.48424 0.54707 0.67766 0.73793 0.55316 0.4197 0.38193 0.42828 0.46046 0.52019 0.60819 0.72579 0.84829 0.88565 0.9051 0.92797 0.85467 0.76652 0.6743 0.57968 0.4867 0.40338 0.34227 0.31687 0.33084 0.373 0.42831 0.48641 0.54161 0.59105 0.63342 0.66834 0.69593 0.71663 0.73097 0.73941 0.74227 0.73972 0.73177 0.71835 0.69942 0.67496 0.64512 0.61018 0.57056 0.52677 0.4794 0.42904
0.21232 0.48153 0.74134 0.82151 0.81133 0.59594 0.42908 0.33705 0.32606 0.33307 0.39206 0.50062 0.64758 0.79855 0.86141 0.89945 0.93794 0.87802 0.80182 0.72114 0.63813 0.55697 0.48496 0.43201 0.40719 0.413 0.44314 0.48736 0.53683 0.58567 0.63043 0.66927 0.70141 0.72673 0.7455 0.75813 0.76502 0.76644 0.76255 0.75334 0.73876 0.71876 0.69336 0.66273 0.62718 0.58716 0.54325 0.49612 0.44646
0.40555 0.51545 0.7319 0.80572 0.77703 0.55404 0.36891 0.24354 0.19091 0.1838 0.25915 0.40258 0.5816 0.75769 0.84188 0.89628 0.94974 0.90323 0.83933 0.7705 0.69904 0.62885 0.5662 0.51898 0.49397 0.49344 0.51383 0.54808 0.58904 0.63113 0.67068 0.70548 0.73444 0.75721 0.77388 0.78474 0.79011 0.7902 0.78514 0.7749 0.75943 0.73868 0.71269 0.68164 0.6459 0.60594 0.5624 0.51604 0.46767
0.37511 0.42601 0.57121 0.6692 0.68637 0.49435 0.31734 0.18284 0.093183 0.032621 0.16622 0.3455 0.54375 0.7325 0.82906 0.89535 0.96185 0.92802 0.87615 0.81895 0.75857 0.69844 0.64381 0.60113 0.57589 0.57043 0.58291 0.60847 0.64144 0.67682 0.71096 0.74147 0.76702 0.78707 0.80155 0.81064 0.81454 0.81344 0.80738 0.79635 0.78025 0.75905 0.73279 0.70169 0.66611 0.6266 0.58385 0.53867 0.49202
0.14851 0.23379 0.29833 0.4868 0.56661 0.43069 0.28588 0.18156 0.13919 0.1159 0.19638 0.35498 0.54216 0.72538 0.82321 0.89604 0.97299 0.95061 0.9101 0.86395 0.81401 0.76314 0.71568 0.67701 0.65187 0.6427 0.64882 0.66697 0.69271 0.7217 0.7505 0.77666 0.79873 0.816 0.82828 0.83562 0.83816 0.836 0.82915 0.81754 0.80107 0.7797 0.75348 0.72263 0.68754 0.6488 0.60714 0.56347 0.51882
0.34715 0.1959 0.089885 0.34381 0.42483 0.34259 0.22269 0.16193 0.20804 0.24012 0.30094 0.4156 0.56961 0.73255 0.82246 0.89721 0.9821 0.96973 0.93964 0.90377 0.86355 0.82125 0.78043 0.74564 0.72107 0.70929 0.71043 0.72238 0.74176 0.76488 0.7886 0.81052 0.82915 0.84368 0.85381 0.8595 0.86079 0.85773 0.85027 0.83831 0.82172 0.80043 0.77451 0.74418 0.70985 0.67214 0.63183 0.58988 0.54736
0.59923 0.41916 0.26406 0.26138 0.29258 0.25276 0.1181 0.11121 0.26729 0.34633 0.40683 0.48969 0.60814 0.74553 0.82331 0.89738 0.98827 0.98455 0.96379 0.93729 0.90604 0.87173 0.83721 0.80635 0.7829 0.76951 0.76689 0.77381 0.78774 0.80562 0.82464 0.84257 0.85791 0.86981 0.8779 0.88206 0.88225 0.87846 0.87059 0.85848 0.84198 0.82102 0.79563 0.76605 0.73271 0.69624 0.65746 0.61734 0.57703
0.58072 0.52772 0.34571 0.17478 0.2121 0.23129 0.1218 0.15915 0.34234 0.43561 0.49068 0.54985 0.63961 0.75483 0.82183 0.89509 0.99084 0.99455 0.98197 0.96387 0.94081 0.91395 0.88551 0.85872 0.83697 0.82289 0.81762 0.8206 0.82999 0.84331 0.85811 0.87237 0.88466 0.89411 0.90032 0.9031 0.90236 0.89801 0.88991 0.87786 0.86167 0.84123 0.81659 0.78796 0.75579 0.72071 0.68357 0.64537 0.60727
0.30905 0.46658 0.35451 0.052343 0.21547 0.29507 0.26603 0.29632 0.4335 0.50325 0.54133 0.58076 0.6513 0.75305 0.81496 0.88924 0.9894 0.99948 0.99391 0.98318 0.96755 0.94766 0.92512 0.90259 0.88307 0.86915 0.86222 0.86225 0.868 0.87746 0.88859 0.89956 0.90908 0.91632 0.92084 0.92243 0.92094 0.91622 0.90807 0.89627 0.88057 0.86086 0.83714 0.80963 0.77877 0.74521 0.70979 0.67353 0.63759
0.18645 0.44008 0.44349 0.24396 0.32259 0.38606 0.39916 0.42492 0.51292 0.53855 0.55122 0.57486 0.63705 0.73672 0.8014 0.87949 0.98383 0.99925 0.99952 0.99517 0.9862 0.97283 0.95605 0.93797 0.92118 0.90815 0.90047 0.89848 0.90141 0.90772 0.91572 0.92384 0.93093 0.93621 0.93928 0.93987 0.93782 0.93291 0.92491 0.91353 0.89851 0.87968 0.85705 0.8308 0.80137 0.76941 0.73576 0.70144 0.6676
0.35059 0.57726 0.62436 0.47076 0.44609 0.45722 0.48757 0.50798 0.55271 0.53093 0.51627 0.53053 0.5969 0.70674 0.78192 0.86619 0.97428 0.99392 0.99887 0.99991 0.99692 0.98964 0.9785 0.96503 0.9514 0.93994 0.9323 0.9291 0.92999 0.93382 0.93925 0.94497 0.94998 0.95361 0.95546 0.95528 0.95286 0.94796 0.94028 0.9295 0.91531 0.89752 0.8761 0.85123 0.82333 0.79303 0.76118 0.72878 0.69696
0.52187 0.70285 0.695 0.55038 0.48114 0.4824 0.52509 0.53556 0.54098 0.47668 0.4372 0.4517 0.53696 0.66815 0.75901 0.85028 0.96103 0.9836 0.99209 0.99763 0.99997 0.99841 0.99279 0.98407 0.974 0.96466 0.95774 0.95408 0.95363 0.95562 0.95902 0.96278 0.96608 0.96835 0.96926 0.96853 0.96595 0.96124 0.95405 0.94403 0.93082 0.91421 0.89413 0.87074 0.84443 0.81584 0.78579 0.75528 0.72541
0.58425 0.61243 0.58656 0.4478 0.39936 0.46628 0.52314 0.51818 0.48631 0.38352 0.32011 0.34861 0.46965 0.62907 0.7361 0.83285 0.94434 0.9684 0.97937 0.98864 0.99577 0.9996 0.99939 0.99553 0.98932 0.98257 0.97696 0.97346 0.9723 0.97303 0.97491 0.97715 0.97911 0.98034 0.98056 0.97952 0.97699 0.97265 0.96612 0.95701 0.94493 0.92961 0.91097 0.88914 0.8645 0.83764 0.8094 0.78074 0.75274
0.46175 0.34019 0.42745 0.24956 0.2621 0.44096 0.50411 0.48183 0.41806 0.27589 0.17586 0.24248 0.41371 0.59863 0.71635 0.81474 0.92438 0.94843 0.96096 0.97332 0.9848 0.99374 0.99885 0.99992 0.99779 0.99403 0.99019 0.98739 0.98607 0.98605 0.98689 0.98802 0.98901 0.98951 0.98931 0.98819 0.9859 0.98211 0.97641 0.96835 0.95752 0.94361 0.9265 0.90631 0.88337 0.85828 0.83183 0.80498 0.77879
0.29336 0.12982 0.37225 0.19016 0.23405 0.43886 0.48922 0.45655 0.38009 0.21157 0.02572 0.18381 0.38985 0.58365 0.70151 0.79617 0.90107 0.92374 0.93711 0.95211 0.96761 0.98147 0.99178 0.99782 0.99994 0.99943 0.99775 0.99608 0.99506 0.99475 0.99497 0.99539 0.99574 0.99581 0.99546 0.99449 0.99265 0.98959 0.98486 0.97799 0.96853 0.95612 0.94063 0.92213 0.90093 0.87762 0.85296 0.82789 0.80343
0.46293 0.3351 0.44315 0.37588 0.37463 0.46467 0.48461 0.45599 0.3994 0.25523 0.14464 0.22869 0.40687 0.58536 0.69122 0.77663 0.87413 0.89436 0.90813 0.92551 0.94484 0.96344 0.97887 0.98986 0.99632 0.99924 1 0.99981 0.99946 0.99925 0.99923 0.99929 0.99933 0.99926 0.99901 0.99841 0.99721 0.99505 0.99145 0.98589 0.9779 0.96709 0.95328 0.93652 0.91711 0.89559 0.8727 0.84937 0.82659
0.40848 0.45494 0.55903 0.56237 0.52843 0.4926 0.47663 0.46733 0.45565 0.35844 0.29079 0.32773 0.45284 0.5988 0.68315 0.755 0.84311 0.86036 0.87439 0.89408 0.91715 0.94038 0.96083 0.9767 0.98752 0.99398 0.99734 0.99887 0.9995 0.99971 0.99979 0.99981 0.99984 0.9999 0.99998 0.99997 0.9996 0.99849 0.99615 0.99203 0.9856 0.97647 0.96441 0.94944 0.93183 0.91211 0.89098 0.86936 0.8482
0.12558 0.42762 0.62701 0.67739 0.61783 0.48553 0.44315 0.46855 0.51373 0.46166 0.41584 0.42787 0.50738 0.61563 0.67381 0.72981 0.80757 0.82184 0.83633 0.85844 0.88524 0.91304 0.93839 0.95904 0.97414 0.98415 0.99021 0.99362 0.99544 0.99634 0.99679 0.99705 0.99734 0.99778 0.99844 0.99921 0.99984 0.99994 0.99899 0.99641 0.99164 0.98425 0.97399 0.96085 0.94507 0.92714 0.90777 0.88782 0.86824
0.27573 0.39983 0.61164 0.70431 0.61707 0.4181 0.37014 0.44891 0.55521 0.54415 0.51359 0.50991 0.55456 0.62759 0.65959 0.69967 0.76717 0.77905 0.79446 0.81925 0.84987 0.88217 0.91228 0.93755 0.95681 0.97029 0.97905 0.98442 0.98758 0.98936 0.9904 0.99115 0.99194 0.993 0.99444 0.99619 0.99799 0.99944 1 0.99905 0.99602 0.99044 0.98203 0.97075 0.95681 0.94068 0.92304 0.90474 0.88669
0.26479 0.32047 0.54724 0.67156 0.54819 0.29354 0.26259 0.41488 0.57783 0.60096 0.58162 0.56682 0.58518 0.62855 0.63763 0.66352 0.72179 0.73235 0.74938 0.77722 0.81179 0.84853 0.88323 0.91291 0.93612 0.95291 0.96431 0.97164 0.97622 0.97902 0.98085 0.98228 0.9838 0.98568 0.9881 0.99099 0.99412 0.99705 0.99922 1 0.99878 0.99506 0.98854 0.97914 0.96706 0.95273 0.93681 0.92012 0.90356
0.076021 0.19327 0.50134 0.63479 0.48017 0.16192 0.15663 0.38555 0.58733 0.63336 0.62049 0.59677 0.59523 0.6151 0.60624 0.62088 0.67162 0.68227 0.70178 0.73311 0.77175 0.81286 0.85194 0.88576 0.91265 0.93254 0.94641 0.95566 0.96167 0.96558 0.96833 0.97063 0.97305 0.97594 0.97951 0.98372 0.98831 0.99283 0.99672 0.9993 0.99995 0.99814 0.99354 0.98605 0.97583 0.96329 0.94908 0.93398 0.91888
0.20371 0.26411 0.51348 0.63119 0.47911 0.17108 0.15146 0.37942 0.59063 0.64506 0.63295 0.60103 0.58423 0.58629 0.56496 0.57185 0.61719 0.62951 0.65241 0.68768 0.73052 0.77588 0.81908 0.85671 0.88694 0.90965 0.9258 0.93683 0.94425 0.94931 0.95308 0.95639 0.95986 0.96393 0.96882 0.97448 0.98066 0.98689 0.99257 0.99702 0.99959 0.99974 0.99708 0.99151 0.98316 0.97241 0.95989 0.94636 0.93268
0.28791 0.391 0.55574 0.64712 0.52236 0.28042 0.23932 0.39851 0.59167 0.64035 0.62328 0.58302 0.55419 0.54313 0.51446 0.51714 0.55929 0.57491 0.60209 0.64172 0.68883 0.73828 0.78528 0.82632 0.85952 0.8847 0.90286 0.91552 0.92427 0.93048 0.93534 0.93975 0.94443 0.94982 0.95615 0.9634 0.97127 0.9793 0.98686 0.99324 0.99778 0.9999 0.99921 0.99557 0.98909 0.98012 0.96927 0.95728 0.94501
0.2679 0.41065 0.57451 0.64166 0.54018 0.35842 0.32233 0.42942 0.59097 0.62345 0.5967 0.5476 0.5088 0.48805 0.45628 0.45792 0.49899 0.5194 0.55169 0.59601 0.6474 0.7007 0.75111 0.79512 0.83084 0.85811 0.87799 0.89206 0.90203 0.90936 0.91534 0.92095 0.92692 0.93375 0.94167 0.95061 0.96028 0.97018 0.97968 0.98804 0.99458 0.9987 0.99999 0.99829 0.99367 0.98648 0.97728 0.96682 0.9559
0.2346 0.32751 0.55228 0.58705 0.4951 0.38083 0.37572 0.45837 0.58754 0.59836 0.55897 0.50056 0.45284 0.42443 0.39254 0.39566 0.43752 0.46402 0.50209 0.55133 0.60689 0.6637 0.71708 0.76356 0.80131 0.83027 0.85153 0.86678 0.87782 0.88622 0.89332 0.90017 0.90754 0.91592 0.92551 0.93624 0.9478 0.95964 0.97113 0.98151 0.99008 0.99622 0.99949 0.99972 0.99696 0.99153 0.98398 0.975 0.96543
0.016552 0.2687 0.50977 0.48376 0.38678 0.35558 0.40072 0.47888 0.58081 0.56899 0.516 0.44817 0.39172 0.35623 0.32569 0.33202 0.37623 0.40986 0.45419 0.50841 0.5679 0.62782 0.68363 0.73203 0.77132 0.80151 0.8238 0.83997 0.85192 0.8613 0.86951 0.87764 0.88648 0.89648 0.90784 0.92045 0.93395 0.9478 0.96131 0.97374 0.98435 0.99252 0.99779 0.99994 0.99903 0.99535 0.98941 0.98191 0.97364
0.26596 0.35426 0.4695 0.36035 0.23577 0.30503 0.4069 0.49048 0.57128 0.53888 0.47327 0.39663 0.33126 0.28774 0.25824 0.2687 0.31653 0.35806 0.40888 0.46794 0.53098 0.59348 0.65115 0.70089 0.74118 0.77214 0.79509 0.81192 0.82459 0.83485 0.84414 0.85357 0.86392 0.87562 0.88882 0.90337 0.91887 0.93477 0.95034 0.96483 0.9775 0.98769 0.99494 0.99902 0.99995 0.99798 0.99364 0.98759 0.98061
0.43339 0.45981 0.44491 0.27284 0.070453 0.25954 0.40529 0.49532 0.55986 0.51067 0.43511 0.35143 0.27732 0.22365 0.19269 0.20732 0.25988 0.30979 0.36704 0.43056 0.49661 0.56104 0.61993 0.67041 0.71114 0.74242 0.76567 0.78286 0.79608 0.80709 0.81742 0.82815 0.84005 0.8535 0.8686 0.88514 0.9027 0.92066 0.93832 0.95488 0.9696 0.98182 0.99104 0.99703 0.99977 0.99951 0.99675 0.99212 0.98639
0.45276 0.51335 0.43514 0.26809 0.083623 0.24707 0.40415 0.49553 0.54696 0.48548 0.40385 0.31636 0.23534 0.16947 0.1315 0.14942 0.20794 0.26633 0.32953 0.39683 0.46514 0.53079 0.59021 0.6408 0.68144 0.71257 0.73575 0.75304 0.76659 0.77826 0.78956 0.80159 0.81506 0.8303 0.84734 0.86591 0.88555 0.90561 0.92535 0.94399 0.96075 0.97498 0.98616 0.99403 0.99857 1 0.99878 0.99555 0.99106
0.35648 0.50417 0.40654 0.30116 0.20432 0.27003 0.40677 0.49196 0.53192 0.46268 0.3794 0.2924 0.20883 0.13212 0.077842 0.09664 0.16279 0.22905 0.29714 0.3672 0.43685 0.50291 0.56214 0.61223 0.65225 0.68279 0.70554 0.72265 0.73635 0.74854 0.76076 0.77407 0.78913 0.80619 0.8252 0.84583 0.86756 0.88971 0.91154 0.93225 0.95104 0.96726 0.98038 0.99012 0.99643 0.99952 0.99983 0.99797 0.99467
0.33353 0.42996 0.3216 0.3104 0.28136 0.30649 0.41181 0.48409 0.51316 0.44027 0.35959 0.27748 0.19719 0.11755 0.041071 0.052122 0.12742 0.1994 0.27052 0.34197 0.41191 0.47751 0.53584 0.58481 0.62369 0.65324 0.67521 0.69189 0.70555 0.71813 0.7312 0.74576 0.76241 0.78131 0.80231 0.82502 0.84885 0.8731 0.89701 0.91975 0.94056 0.95874 0.97378 0.98535 0.99341 0.99813 0.99994 0.99942 0.9973
0.39793 0.31072 0.18741 0.28126 0.31439 0.33762 0.4155 0.47063 0.48879 0.41575 0.34125 0.2675 0.19543 0.12278 0.046662 0.031342 0.10602 0.17866 0.25013 0.32128 0.39033 0.4546 0.51132 0.5586 0.59588 0.62403 0.64492 0.66091 0.67434 0.68721 0.70105 0.71685 0.73509 0.75583 0.77884 0.80362 0.82954 0.85588 0.88184 0.9066 0.92939 0.94951 0.96643 0.97981 0.98959 0.99591 0.99919 0.99999 0.99902
0.49206 0.26159 0.083331 0.22484 0.31306 0.35601 0.41411 0.45033 0.45742 0.38712 0.32146 0.25823 0.19715 0.13669 0.07491 0.051798 0.10153 0.16745 0.23603 0.30508 0.37205 0.43412 0.48857 0.53364 0.56888 0.59528 0.61479 0.62986 0.6429 0.65593 0.67049 0.68748 0.7073 0.72989 0.7549 0.78175 0.80975 0.83815 0.86613 0.89289 0.91762 0.93964 0.9584 0.97357 0.98502 0.99292 0.99764 0.99973 0.99987
0.59889 0.33067 0.10622 0.15533 0.29433 0.36182 0.40553 0.42267 0.4186 0.35336 0.29831 0.24652 0.19737 0.15043 0.10186 0.080857 0.11102 0.16509 0.22787 0.2931 0.35687 0.41595 0.46754 0.50992 0.54274 0.56706 0.58493 0.59887 0.61136 0.62445 0.63965 0.65781 0.67921 0.70364 0.73064 0.75954 0.7896 0.82002 0.84999 0.87869 0.90533 0.92921 0.94978 0.96668 0.97979 0.98923 0.99535 0.9987 0.99994
0.61282 0.36971 0.10926 0.089925 0.27726 0.35852 0.38965 0.38827 0.37312 0.31467 0.27112 0.23065 0.19332 0.15995 0.12361 0.10735 0.12788 0.1697 0.22484 0.28489 0.34452 0.39991 0.44813 0.48742 0.51748 0.53945 0.55545 0.56807 0.57985 0.5929 0.60869 0.62799 0.65093 0.6772 0.70617 0.7371 0.76918 0.80158 0.83349 0.86409 0.89259 0.9183 0.94063 0.95923 0.97395 0.9849 0.9924 0.99697 0.99927
0.54004 0.36978 0.10344 0.092206 0.27427 0.35008 0.36809 0.34894 0.32285 0.27235 0.24029 0.21013 0.1839 0.16404 0.13998 0.13003 0.14709 0.17892 0.2259 0.27988 0.33464 0.38581 0.43022 0.46609 0.49312 0.5125 0.52641 0.53754 0.54849 0.56139 0.57772 0.59813 0.62262 0.6507 0.68162 0.71454 0.74859 0.78293 0.81673 0.84918 0.87949 0.90696 0.93101 0.95127 0.96757 0.97999 0.98883 0.9946 0.99793
0.44257 0.38621 0.18802 0.16426 0.28463 0.33957 0.34357 0.30747 0.27052 0.22847 0.20698 0.18529 0.16914 0.16289 0.15166 0.14911 0.16619 0.1907 0.22991 0.27745 0.32687 0.3734 0.4137 0.44588 0.46966 0.48625 0.49791 0.50738 0.51737 0.53006 0.54686 0.56836 0.59438 0.62425 0.65709 0.69196 0.72793 0.76415 0.79978 0.83402 0.86608 0.89527 0.921 0.94287 0.96071 0.97455 0.9847 0.99164 0.99597
0.30551 0.41143 0.29606 0.23597 0.29901 0.32892 0.31911 0.26713 0.21928 0.18554 0.17279 0.15695 0.14973 0.15753 0.1597 0.16517 0.18418 0.20358 0.23586 0.27698 0.32082 0.36247 0.39842 0.42673 0.44709 0.46074 0.46999 0.47768 0.4866 0.49898 0.51623 0.53879 0.56632 0.59796 0.63269 0.66946 0.7073 0.74532 0.78272 0.81868 0.85244 0.88329 0.91064 0.93409 0.95341 0.96865 0.98008 0.98815 0.99346
0.14794 0.43291 0.37036 0.28236 0.30859 0.31916 0.29725 0.23098 0.17218 0.14615 0.13956 0.12612 0.1268 0.14953 0.16535 0.17892 0.20078 0.21663 0.24294 0.27791 0.31614 0.35279 0.38428 0.4086 0.42543 0.43601 0.44273 0.44851 0.45625 0.46826 0.48592 0.50953 0.53855 0.57195 0.60852 0.64712 0.68675 0.72652 0.76561 0.80323 0.83862 0.87108 0.90001 0.92497 0.94574 0.96234 0.975 0.98417 0.99043
0.30632 0.45426 0.39043 0.29374 0.30883 0.31067 0.27944 0.20114 0.13159 0.11265 0.10923 0.093862 0.10197 0.14089 0.16989 0.19106 0.21603 0.22935 0.25055 0.27977 0.31252 0.34418 0.37116 0.39144 0.40466 0.41209 0.41617 0.41993 0.4264 0.43798 0.45601 0.48067 0.51118 0.54629 0.58465 0.62503 0.66639 0.70782 0.74853 0.78774 0.82469 0.8587 0.88914 0.91558 0.93776 0.95567 0.96953 0.97977 0.98694
0.47976 0.45048 0.35503 0.26898 0.29932 0.30343 0.26579 0.17806 0.098496 0.086861 0.084142 0.061279 0.077825 0.13401 0.17455 0.20223 0.23009 0.24148 0.25826 0.28221 0.30969 0.33645 0.35897 0.3752 0.3848 0.38902 0.39037 0.39201 0.39712 0.4082 0.4266 0.45229 0.48427 0.52107 0.56117 0.60326 0.64626 0.68927 0.73152 0.77224 0.8107 0.84619 0.87809 0.90595 0.92949 0.94868 0.96371 0.97498 0.98304
0.49732 0.39767 0.27809 0.2145 0.28299 0.29733 0.25555 0.16069 0.071881 0.069765 0.067541 0.030473 0.059599 0.13131 0.18036 0.21298 0.24318 0.2529 0.26582 0.28495 0.30746 0.32948 0.34762 0.35987 0.36585 0.36684 0.36539 0.3648 0.36846 0.379 0.39774 0.42447 0.45793 0.49638 0.53816 0.58188 0.62643 0.67094 0.71465 0.75681 0.79669 0.83361 0.86692 0.89615 0.921 0.94142 0.95758 0.96985 0.97877
0.41144 0.31421 0.18795 0.14383 0.26541 0.2925 0.24785 0.14748 0.048944 0.061248 0.06302 0.018708 0.056491 0.13459 0.188 0.2237 0.25551 0.2636 0.27307 0.2878 0.30565 0.32315 0.33707 0.34543 0.34784 0.34559 0.34128 0.33838 0.34049 0.35043 0.36951 0.3973 0.43222 0.47229 0.51569 0.56094 0.60696 0.65288 0.69795 0.74147 0.78272 0.82099 0.85565 0.8862 0.91232 0.93394 0.95119 0.96443 0.97418
0.30028 0.2378 0.12947 0.083658 0.25319 0.28943 0.24243 0.13789 0.026988 0.06058 0.070613 0.043987 0.07147 0.14433 0.19782 0.23467 0.26723 0.27361 0.27992 0.29064 0.30417 0.3174 0.32728 0.33187 0.3308 0.32532 0.3181 0.31279 0.31325 0.32254 0.34196 0.37083 0.40722 0.44887 0.49381 0.54052 0.5879 0.63513 0.68149 0.72628 0.76881 0.80838 0.84433 0.87615 0.9035 0.92627 0.94457 0.95875 0.9693
0.18155 0.17987 0.13746 0.08865 0.25124 0.28888 0.23988 0.13333 0.015014 0.067299 0.086179 0.074476 0.096398 0.15968 0.20978 0.24601 0.27848 0.28298 0.28634 0.2934 0.30294 0.31216 0.31821 0.31921 0.31475 0.30608 0.29592 0.28809 0.28678 0.29537 0.31514 0.34512 0.38299 0.42617 0.47258 0.52064 0.5693 0.61773 0.66528 0.71128 0.75502 0.79582 0.833 0.86604 0.89457 0.91844 0.93776 0.95285 0.96417
0.067751 0.1414 0.17114 0.13907 0.2605 0.29155 0.24135 0.13657 0.038388 0.081104 0.10607 0.10501 0.12501 0.17913 0.22362 0.25773 0.28934 0.29176 0.29234 0.29604 0.30191 0.30742 0.30987 0.30746 0.29975 0.28795 0.27481 0.26434 0.26115 0.26896 0.28911 0.32025 0.35959 0.40426 0.45204 0.50137 0.55118 0.60073 0.64938 0.69649 0.74137 0.78334 0.8217 0.8559 0.88556 0.9105 0.93081 0.94676 0.95883
0.12246 0.14265 0.1933 0.1869 0.27821 0.29779 0.24787 0.14951 0.072431 0.10111 0.12842 0.13494 0.15463 0.20116 0.23889 0.26977 0.29986 0.30001 0.29794 0.29856 0.30107 0.30315 0.30226 0.29663 0.28583 0.27099 0.25485 0.24162 0.23637 0.24333 0.2639 0.29626 0.33708 0.38319 0.43226 0.48272 0.53359 0.58415 0.6338 0.68194 0.7279 0.77096 0.81044 0.84576 0.87651 0.90248 0.92373 0.94053 0.95331
0.19683 0.16334 0.19503 0.22252 0.30028 0.30728 0.25953 0.17123 0.11014 0.1258 0.15229 0.16403 0.1841 0.22454 0.25514 0.282 0.31005 0.30778 0.30316 0.30096 0.30041 0.29934 0.29537 0.28677 0.27305 0.25527 0.23612 0.22 0.21251 0.21853 0.23956 0.2732 0.31551 0.363 0.41325 0.46475 0.51655 0.56801 0.61858 0.66767 0.71462 0.75873 0.79927 0.83566 0.86744 0.8944 0.91656 0.93417 0.94764
0.19202 0.16079 0.17579 0.24719 0.32284 0.31889 0.27523 0.19864 0.14915 0.15335 0.17697 0.19213 0.21278 0.24836 0.27187 0.29427 0.3199 0.3151 0.30806 0.30327 0.29993 0.29601 0.28922 0.27787 0.26144 0.24086 0.21874 0.19958 0.1896 0.19457 0.21612 0.25114 0.29495 0.34374 0.39506 0.44747 0.50009 0.55235 0.60374 0.6537 0.70157 0.74665 0.78821 0.82561 0.85838 0.88629 0.90933 0.92771 0.94185
0.12593 0.12349 0.1414 0.26545 0.34255 0.33079 0.29289 0.22805 0.18732 0.18198 0.20182 0.21907 0.24031 0.27193 0.28869 0.30642 0.32939 0.322 0.31265 0.30549 0.29965 0.29315 0.2838 0.26997 0.25106 0.22785 0.2028 0.18047 0.16771 0.17146 0.19363 0.23014 0.27543 0.32544 0.37771 0.4309 0.48422 0.53717 0.58929 0.64004 0.68877 0.73476 0.77727 0.81563 0.84937 0.87818 0.90206 0.92119 0.93596
0.053465 0.067442 0.11543 0.28166 0.35631 0.34082 0.31003 0.25617 0.22268 0.21003 0.22617 0.24468 0.26641 0.29476 0.30521 0.31827 0.33846 0.3285 0.31697 0.30766 0.29956 0.29076 0.27913 0.26307 0.24192 0.2163 0.18843 0.1628 0.14691 0.14922 0.17213 0.21025 0.25702 0.30814 0.36123 0.41506 0.46896 0.52249 0.57525 0.62671 0.67623 0.72308 0.76648 0.80577 0.8404 0.87009 0.89477 0.91462 0.93001
0.027014 0.065394 0.13956 0.29685 0.36132 0.34693 0.32431 0.28035 0.25344 0.2361 0.24943 0.26879 0.2909 0.31648 0.32113 0.32968 0.34708 0.33461 0.32103 0.30978 0.29968 0.28884 0.27519 0.25717 0.23405 0.20627 0.17575 0.14674 0.12728 0.12786 0.15166 0.19154 0.23976 0.29186 0.34562 0.39996 0.45431 0.50833 0.56164 0.61373 0.66397 0.71161 0.75586 0.79602 0.83152 0.86204 0.88749 0.90804 0.92401
0.080249 0.14456 0.20458 0.30737 0.35531 0.34766 0.33385 0.29859 0.27816 0.25907 0.27105 0.29122 0.31362 0.33682 0.3362 0.34049 0.3552 0.34032 0.32486 0.31187 0.30001 0.28737 0.27197 0.25225 0.22744 0.19778 0.16487 0.1325 0.10898 0.10738 0.1323 0.17409 0.2237 0.27664 0.33091 0.38561 0.4403 0.49469 0.54845 0.60111 0.65201 0.70038 0.74543 0.78641 0.82273 0.85405 0.88024 0.90145 0.91799
0.17888 0.23743 0.27348 0.30639 0.33718 0.34234 0.33734 0.30946 0.29578 0.27812 0.29062 0.31181 0.33443 0.35556 0.35021 0.35058 0.36276 0.34563 0.32846 0.31393 0.30052 0.28633 0.26942 0.24828 0.22207 0.19086 0.15588 0.1203 0.092207 0.087788 0.11414 0.158 0.20888 0.26248 0.3171 0.37201 0.4269 0.48157 0.53571 0.58885 0.64034 0.6894 0.73519 0.77695 0.81406 0.84613 0.87303 0.89487 0.91196
0.26319 0.32337 0.32515 0.28734 0.3076 0.33125 0.33406 0.31209 0.30567 0.29282 0.30787 0.33045 0.35323 0.37253 0.363 0.35985 0.36971 0.35054 0.33183 0.31595 0.30121 0.2857 0.26753 0.24521 0.21789 0.18548 0.14884 0.11041 0.077321 0.069083 0.097316 0.14338 0.19536 0.24941 0.30418 0.35915 0.41413 0.46898 0.52341 0.57697 0.62899 0.67868 0.72516 0.76766 0.80551 0.83831 0.86589 0.88834 0.90594
0.2994 0.39128 0.35101 0.24691 0.26953 0.31544 0.32385 0.30609 0.30763 0.30304 0.32267 0.34705 0.36993 0.38759 0.37442 0.36819 0.37601 0.35502 0.33496 0.31792 0.30205 0.28543 0.26622 0.24298 0.21483 0.18157 0.14374 0.10303 0.064868 0.051263 0.082044 0.13035 0.18318 0.23743 0.29215 0.34703 0.40199 0.45691 0.51155 0.56546 0.61796 0.66822 0.71536 0.75854 0.7971 0.83059 0.85881 0.88185 0.89996
0.30638 0.4398 0.35378 0.18685 0.22858 0.2964 0.30702 0.29153 0.30194 0.30902 0.33503 0.36153 0.38444 0.40065 0.38438 0.37553 0.38161 0.35905 0.33785 0.31983 0.30302 0.28549 0.26545 0.24152 0.2128 0.17904 0.14052 0.098291 0.055659 0.034326 0.068675 0.11905 0.17237 0.22654 0.28101 0.33565 0.39045 0.44535 0.50014 0.55433 0.60725 0.65804 0.70578 0.74962 0.78885 0.82299 0.85183 0.87542 0.89401
0.3417 0.4762 0.34723 0.11562 0.19278 0.27574 0.28423 0.26883 0.28931 0.3113 0.3451 0.37388 0.39671 0.41163 0.39279 0.38181 0.38648 0.36262 0.34047 0.32165 0.30408 0.28582 0.26515 0.24073 0.2117 0.17775 0.13904 0.096159 0.050616 0.018283 0.057759 0.10961 0.16294 0.21673 0.27074 0.32497 0.37951 0.43431 0.48916 0.54358 0.59687 0.64814 0.69644 0.74089 0.78075 0.81551 0.84494 0.86907 0.88812
0.41903 0.50965 0.35061 0.062469 0.1708 0.25486 0.2565 0.23873 0.27096 0.31071 0.35308 0.38407 0.40669 0.42046 0.3996 0.38698 0.39059 0.36571 0.34281 0.32336 0.30519 0.28638 0.26526 0.24054 0.21141 0.17756 0.13909 0.096405 0.050182 0.0033093 0.050072 0.10216 0.1549 0.20797 0.2613 0.315 0.36916 0.42377 0.47862 0.53322 0.58682 0.63852 0.68734 0.73237 0.77282 0.80817 0.83817 0.8628 0.88229
0.49412 0.54327 0.37506 0.094944 0.16671 0.23484 0.22521 0.20221 0.24864 0.30827 0.35925 0.39213 0.41433 0.42711 0.40478 0.39102 0.39391 0.36831 0.34485 0.32493 0.30632 0.28712 0.26569 0.24084 0.2118 0.1783 0.14044 0.098645 0.053765 0.011567 0.046382 0.096763 0.14824 0.20024 0.25269 0.30569 0.35938 0.41373 0.46852 0.52323 0.5771 0.62919 0.67849 0.72405 0.76507 0.80098 0.83151 0.85663 0.87655
0.52561 0.57179 0.41494 0.16011 0.17612 0.21663 0.19227 0.16044 0.22475 0.30511 0.36388 0.39805 0.41961 0.43156 0.4083 0.39392 0.39644 0.37039 0.34658 0.32633 0.30743 0.28797 0.26638 0.24155 0.21276 0.1798 0.14282 0.10242 0.060075 0.025039 0.046859 0.093386 0.1429 0.19349 0.24485 0.29704 0.35015 0.40417 0.45883 0.51361 0.56771 0.62015 0.6699 0.71595 0.7575 0.79394 0.82497 0.85056 0.87089
0.49645 0.58789 0.4562 0.21802 0.19122 0.20141 0.16052 0.11471 0.20249 0.30235 0.36721 0.40185 0.42252 0.43381 0.41018 0.39567 0.39816 0.37195 0.34797 0.32755 0.30847 0.28888 0.26727 0.24257 0.21416 0.18188 0.14599 0.10729 0.067884 0.037751 0.050733 0.0919 0.13881 0.18767 0.23776 0.289 0.34146 0.39508 0.44957 0.50437 0.55865 0.6114 0.66155 0.70807 0.75011 0.78706 0.81857 0.84461 0.86533
0.41727 0.59047 0.48734 0.26185 0.20691 0.19069 0.13438 0.066446 0.1858 0.30094 0.36943 0.40353 0.42306 0.43389 0.41044 0.39628 0.39908 0.37298 0.34901 0.32855 0.30942 0.28981 0.26828 0.24382 0.2159 0.18441 0.14973 0.11284 0.07635 0.049675 0.056784 0.092067 0.13588 0.18273 0.23137 0.28156 0.33328 0.38644 0.44071 0.49549 0.54991 0.60294 0.65346 0.70042 0.74292 0.78034 0.81231 0.83877 0.85986
0.32776 0.5859 0.50222 0.2908 0.22146 0.18607 0.12008 0.018351 0.17862 0.3015 0.37063 0.4031 0.42124 0.43184 0.40912 0.3958 0.39922 0.37348 0.34968 0.32931 0.31024 0.29072 0.26935 0.24523 0.21786 0.18724 0.15383 0.11878 0.08496 0.06082 0.063968 0.093586 0.13396 0.17858 0.22564 0.27468 0.3256 0.37824 0.43225 0.48697 0.5415 0.59477 0.64562 0.69298 0.73592 0.77378 0.80619 0.83305 0.85451
0.29771 0.58174 0.49811 0.30568 0.23459 0.18833 0.12255 0.035473 0.18311 0.30426 0.37083 0.40055 0.4171 0.42772 0.40629 0.39425 0.39858 0.37345 0.34998 0.32982 0.3109 0.29154 0.27043 0.24671 0.21995 0.19024 0.15812 0.12486 0.093417 0.071203 0.071595 0.096133 0.13293 0.17515 0.22051 0.26833 0.31839 0.37047 0.42417 0.4788 0.53341 0.58689 0.63804 0.68577 0.72911 0.76739 0.80021 0.82747 0.84927
0.35604 0.57885 0.47358 0.30729 0.24595 0.19676 0.1401 0.083932 0.19825 0.30898 0.36993 0.39586 0.41067 0.42161 0.40202 0.3917 0.39721 0.3729 0.34991 0.33004 0.31137 0.29226 0.27147 0.2482 0.22211 0.19332 0.16247 0.13091 0.10154 0.080842 0.079254 0.099402 0.13265 0.17237 0.21594 0.26246 0.31162 0.36311 0.41648 0.47098 0.52564 0.57929 0.63072 0.67878 0.72251 0.76118 0.79439 0.82201 0.84415
0.44604 0.56973 0.42789 0.29619 0.25445 0.2093 0.16639 0.13098 0.22075 0.31511 0.36778 0.38903 0.40204 0.41362 0.39642 0.3882 0.39514 0.37184 0.34945 0.32998 0.31163 0.29284 0.27243 0.24966 0.22425 0.19639 0.16676 0.13678 0.10924 0.089756 0.086704 0.10313 0.13295 0.17014 0.21187 0.25706 0.30527 0.35614 0.40914 0.4635 0.51817 0.57197 0.62364 0.67202 0.71609 0.75514 0.78872 0.81669 0.83914
0.52703 0.5448 0.36198 0.27335 0.25862 0.22339 0.19596 0.17539 0.24697 0.32186 0.3642 0.38004 0.39127 0.40388 0.38958 0.38384 0.39241 0.37029 0.34861 0.32962 0.31165 0.29325 0.27326 0.25103 0.22631 0.19937 0.17092 0.14239 0.11645 0.097966 0.093807 0.1071 0.13372 0.16839 0.20826 0.25208 0.29933 0.34955 0.40217 0.45634 0.51101 0.56493 0.61682 0.66548 0.70988 0.74927 0.7832 0.8115 0.83426
0.58593 0.50136 0.28009 0.24106 0.25717 0.23683 0.22559 0.21645 0.27403 0.32839 0.35898 0.36892 0.37848 0.39252 0.38164 0.3787 0.38907 0.36827 0.34739 0.32895 0.31144 0.29346 0.27394 0.25227 0.22826 0.2022 0.17487 0.14768 0.12313 0.10549 0.10048 0.11115 0.13481 0.16704 0.20505 0.2475 0.29376 0.34332 0.39553 0.44951 0.50415 0.55816 0.61025 0.65916 0.70386 0.74357 0.77783 0.80645 0.82951
0.61743 0.4486 0.19091 0.20333 0.24948 0.24816 0.25356 0.25372 0.29988 0.3339 0.35191 0.35568 0.36378 0.37971 0.37273 0.37287 0.38517 0.3658 0.34581 0.32798 0.31096 0.29346 0.27445 0.25335 0.23004 0.20485 0.17857 0.1526 0.12927 0.11235 0.10668 0.11514 0.13613 0.16602 0.20219 0.24327 0.28854 0.33743 0.38922 0.443 0.49758 0.55167 0.60391 0.65306 0.69804 0.73805 0.77262 0.80154 0.82488
0.62557 0.40322 0.10984 0.16558 0.23575 0.25681 0.27911 0.28691 0.32322 0.33772 0.34285 0.34037 0.34733 0.36562 0.36299 0.36644 0.38076 0.36291 0.34387 0.3267 0.31023 0.29324 0.27475 0.25424 0.23162 0.20726 0.18197 0.15711 0.13487 0.11858 0.11238 0.11899 0.13757 0.16525 0.19963 0.23936 0.28366 0.33187 0.38324 0.43678 0.49129 0.54543 0.59782 0.64718 0.69241 0.7327 0.76756 0.79677 0.82038
0.61687 0.37443 0.071694 0.13323 0.21695 0.26297 0.302 0.31593 0.34325 0.33936 0.33171 0.32309 0.32929 0.35047 0.35259 0.35952 0.37591 0.35963 0.34158 0.32511 0.30922 0.29278 0.27484 0.25493 0.23299 0.20943 0.18506 0.16121 0.13992 0.12418 0.11757 0.12262 0.13906 0.16467 0.19734 0.23575 0.27908 0.32662 0.37756 0.43087 0.48529 0.53946 0.59197 0.64151 0.68697 0.72752 0.76265 0.79214 0.81601
0.58727 0.35309 0.096146 0.1091 0.19477 0.26749 0.32232 0.34085 0.35957 0.33853 0.31847 0.30394 0.30984 0.33445 0.34169 0.3522 0.37067 0.35598 0.33896 0.32323 0.30795 0.29208 0.27471 0.2554 0.23413 0.21132 0.1878 0.16487 0.14444 0.12918 0.12225 0.12599 0.14052 0.16422 0.19527 0.23241 0.27479 0.32167 0.37218 0.42523 0.47956 0.53374 0.58634 0.63605 0.68172 0.72251 0.7579 0.78764 0.81177
0.52636 0.32256 0.12679 0.090877 0.1718 0.27164 0.34038 0.36185 0.37208 0.33512 0.3032 0.28305 0.28919 0.31781 0.33044 0.34458 0.3651 0.35201 0.33602 0.32106 0.30642 0.29113 0.27435 0.25564 0.23501 0.21292 0.1902 0.16811 0.14844 0.13361 0.12642 0.12905 0.14192 0.16387 0.19338 0.2293 0.27077 0.317 0.36708 0.41988 0.47409 0.52827 0.58095 0.63079 0.67666 0.71767 0.75329 0.78329 0.80765
0.43177 0.27557 0.14123 0.072425 0.1519 0.27682 0.35657 0.37926 0.38094 0.32925 0.28605 0.26061 0.26757 0.30078 0.31902 0.33677 0.35926 0.34774 0.33279 0.3186 0.30463 0.28995 0.27375 0.25564 0.23564 0.21423 0.19225 0.17091 0.15192 0.13748 0.13009 0.13179 0.1432 0.16356 0.19165 0.22641 0.267 0.3126 0.36225 0.4148 0.46888 0.52304 0.57578 0.62574 0.67178 0.71299 0.74884 0.77906 0.80366
0.31819 0.21802 0.14015 0.048097 0.14054 0.28428 0.3713 0.39347 0.38648 0.32118 0.26729 0.23681 0.24523 0.28362 0.3076 0.32885 0.3532 0.34319 0.32928 0.31589 0.30259 0.28853 0.27292 0.25539 0.236 0.21524 0.19394 0.17329 0.15491 0.14082 0.13328 0.13419 0.14432 0.16326 0.19003 0.2237 0.26346 0.30845 0.35769 0.40998 0.46393 0.51804 0.57083 0.62089 0.66707 0.70848 0.74453 0.77498 0.7998
0.21494 0.16357 0.13181 0.014389 0.14317 0.29485 0.38498 0.40495 0.38922 0.31134 0.24729 0.21187 0.22243 0.26661 0.29633 0.32091 0.34697 0.33841 0.32552 0.31292 0.3003 0.28687 0.27186 0.25491 0.23611 0.21595 0.19528 0.17526 0.15742 0.14364 0.13599 0.13624 0.14528 0.16293 0.1885 0.22117 0.26013 0.30455 0.35339 0.40541 0.45921 0.51328 0.56608 0.61624 0.66255 0.70412 0.74037 0.77102 0.79606
0.15532 0.12772 0.12838 0.026422 0.16128 0.30884 0.39793 0.41421 0.38978 0.30033 0.22651 0.18603 0.19948 0.25004 0.28538 0.31303 0.34062 0.33342 0.32152 0.30971 0.29779 0.28499 0.27057 0.2542 0.23596 0.21637 0.19627 0.17682 0.15947 0.14597 0.13824 0.13795 0.14603 0.16257 0.18705 0.21878 0.25701 0.30087 0.34932 0.40109 0.45474 0.50874 0.56155 0.61177 0.6582 0.69992 0.73634 0.76719 0.79244
0.15498 0.12272 0.14007 0.07417 0.19145 0.32602 0.41041 0.42177 0.38883 0.28884 0.20556 0.15957 0.17674 0.2342 0.27489 0.30529 0.3342 0.32825 0.3173 0.30628 0.29506 0.28289 0.26907 0.25325 0.23555 0.2165 0.19693 0.17799 0.16107 0.14783 0.14005 0.1393 0.14659 0.16214 0.18564 0.21652 0.25407 0.29742 0.34549 0.397 0.45049 0.50441 0.55722 0.60749 0.65401 0.69587 0.73246 0.76349 0.78893
0.18833 0.14698 0.16715 0.12566 0.22891 0.34582 0.42261 0.42812 0.3871 0.27763 0.18522 0.13276 0.15462 0.2194 0.26499 0.29775 0.32773 0.32292 0.31289 0.30264 0.29212 0.28059 0.26736 0.25209 0.23491 0.21634 0.19726 0.17877 0.16225 0.14924 0.14143 0.14032 0.14692 0.16162 0.18427 0.21439 0.25131 0.29417 0.34188 0.39314 0.44647 0.5003 0.55309 0.60339 0.64999 0.69197 0.72871 0.75992 0.78555
0.22471 0.18645 0.20246 0.17776 0.26982 0.36743 0.43462 0.43372 0.38526 0.26752 0.16642 0.10593 0.13366 0.20595 0.25578 0.29044 0.32125 0.31746 0.3083 0.29882 0.28899 0.2781 0.26544 0.25071 0.23402 0.21592 0.19728 0.1792 0.16301 0.15022 0.1424 0.14099 0.14704 0.16102 0.18291 0.21235 0.24871 0.29112 0.33849 0.3895 0.44266 0.4964 0.54914 0.59946 0.64613 0.68821 0.72509 0.75646 0.78228
0.24953 0.22739 0.23859 0.22761 0.3115 0.39004 0.44648 0.43893 0.38388 0.25926 0.15032 0.079463 0.11458 0.19413 0.24737 0.28343 0.31478 0.31189 0.30355 0.29483 0.28569 0.27543 0.26335 0.24913 0.23291 0.21524 0.19699 0.17927 0.16339 0.15078 0.14298 0.14134 0.14694 0.16031 0.18157 0.21041 0.24626 0.28826 0.3353 0.38607 0.43906 0.49269 0.54539 0.59571 0.64243 0.6846 0.7216 0.75313 0.77912
0.25943 0.25944 0.26996 0.2729 0.35206 0.41284 0.45815 0.44403 0.3834 0.25346 0.13819 0.054013 0.098385 0.18421 0.2398 0.27672 0.30836 0.30623 0.29867 0.29068 0.28223 0.2726 0.26108 0.24736 0.23158 0.21431 0.19642 0.17902 0.16339 0.15096 0.14317 0.14137 0.14661 0.1595 0.18022 0.20856 0.24395 0.28558 0.33232 0.38285 0.43566 0.48918 0.54181 0.59212 0.63887 0.68112 0.71824 0.74991 0.77606
0.25407 0.27596 0.29261 0.31194 0.39012 0.43512 0.46953 0.44914 0.38408 0.25049 0.13119 0.031472 0.086386 0.17637 0.23313 0.27034 0.30199 0.3005 0.29367 0.2864 0.27863 0.26961 0.25865 0.24541 0.23006 0.21315 0.19557 0.17844 0.16304 0.15075 0.14301 0.1411 0.14607 0.15858 0.17887 0.20678 0.24178 0.28307 0.32952 0.37983 0.43246 0.48585 0.53841 0.58869 0.63546 0.67778 0.715 0.7468 0.77312
0.23027 0.27453 0.30405 0.34375 0.42466 0.45624 0.48044 0.45429 0.38597 0.25043 0.1299 0.021151 0.079962 0.1707 0.22734 0.26428 0.29569 0.29471 0.28857 0.282 0.2749 0.2665 0.25607 0.2433 0.22834 0.21177 0.19447 0.17757 0.16235 0.1502 0.14249 0.14052 0.14531 0.15755 0.17751 0.20506 0.23974 0.28072 0.32691 0.37699 0.42945 0.4827 0.53518 0.58542 0.6322 0.67456 0.71187 0.7438 0.77027
0.18641 0.25658 0.30325 0.36804 0.45494 0.47566 0.49066 0.45935 0.38892 0.25305 0.13398 0.034103 0.07979 0.16719 0.22241 0.25855 0.28946 0.28889 0.28338 0.2775 0.27106 0.26326 0.25336 0.24104 0.22645 0.21018 0.19312 0.17641 0.16135 0.1493 0.14165 0.13966 0.14435 0.15641 0.17613 0.20342 0.23782 0.27853 0.32448 0.37434 0.42662 0.47973 0.53211 0.5823 0.62907 0.67147 0.70886 0.74091 0.76752
0.1297 0.22606 0.29087 0.38513 0.48044 0.49289 0.49991 0.46413 0.39265 0.25788 0.14235 0.054616 0.085174 0.1657 0.21829 0.25312 0.2833 0.28303 0.27812 0.27291 0.26712 0.25991 0.25053 0.23865 0.2244 0.2084 0.19154 0.17499 0.16004 0.14808 0.14049 0.13853 0.1432 0.15516 0.17473 0.20183 0.23601 0.27649 0.32222 0.37187 0.42396 0.47693 0.5292 0.57932 0.62608 0.66851 0.70596 0.73812 0.76487
0.077523 0.18735 0.26936 0.39582 0.50083 0.50753 0.50789 0.46834 0.39674 0.26428 0.15358 0.075704 0.094453 0.16598 0.2149 0.24797 0.27722 0.27715 0.27281 0.26825 0.2631 0.25648 0.2476 0.23613 0.22221 0.20644 0.18975 0.17331 0.15845 0.14656 0.13904 0.13714 0.14185 0.15381 0.17333 0.2003 0.23431 0.2746 0.32012 0.36957 0.42148 0.47429 0.52644 0.57649 0.62321 0.66566 0.70317 0.73542 0.76231
0.056551 0.14314 0.2432 0.40116 0.51594 0.51927 0.51432 0.47165 0.40072 0.27156 0.16637 0.096023 0.10594 0.16772 0.21215 0.24307 0.27122 0.27127 0.26746 0.26354 0.25902 0.25297 0.24458 0.2335 0.21988 0.20432 0.18777 0.17141 0.15659 0.14474 0.1373 0.1355 0.14032 0.15237 0.1719 0.19883 0.23273 0.27285 0.31818 0.36743 0.41915 0.4718 0.52383 0.57379 0.62047 0.66292 0.70048 0.73282 0.75984
0.067257 0.093548 0.21888 0.40225 0.52574 0.52786 0.5189 0.47371 0.40411 0.27908 0.17967 0.11516 0.11839 0.17057 0.20992 0.23838 0.26528 0.26539 0.26208 0.25879 0.2549 0.2494 0.24148 0.23078 0.21744 0.20206 0.18561 0.16928 0.15448 0.14266 0.13529 0.13363 0.13862 0.15084 0.17047 0.19741 0.23124 0.27123 0.31639 0.36545 0.41699 0.46947 0.52136 0.57122 0.61785 0.66029 0.6979 0.73032 0.75746
0.074827 0.037626 0.20383 0.40001 0.53033 0.53318 0.52139 0.47421 0.40646 0.28626 0.19274 0.13292 0.13099 0.17419 0.20811 0.23387 0.25939 0.25951 0.25669 0.25402 0.25073 0.24578 0.23833 0.22799 0.2149 0.19967 0.18328 0.16695 0.15213 0.14032 0.13302 0.13153 0.13677 0.14922 0.16904 0.19606 0.22986 0.26975 0.31474 0.36362 0.41498 0.46728 0.51902 0.56878 0.61535 0.65777 0.6954 0.7279 0.75515
0.074969 0.026361 0.20283 0.39502 0.52993 0.53517 0.5216 0.47286 0.40738 0.29262 0.20507 0.14921 0.14324 0.17826 0.2066 0.22949 0.25356 0.25365 0.2513 0.24923 0.24654 0.24213 0.23512 0.22512 0.21226 0.19716 0.1808 0.16444 0.14956 0.13773 0.13052 0.12923 0.13477 0.14754 0.1676 0.19475 0.22858 0.26839 0.31324 0.36194 0.41311 0.46523 0.51682 0.56646 0.61296 0.65535 0.693 0.72557 0.75293
0.10166 0.094778 0.21406 0.38748 0.52485 0.53391 0.51939 0.46941 0.40653 0.29779 0.21631 0.164 0.15483 0.18251 0.20529 0.2252 0.24777 0.2478 0.24591 0.24444 0.24235 0.23846 0.23188 0.22221 0.20956 0.19455 0.17819 0.16176 0.14679 0.13492 0.12778 0.12674 0.13263 0.14579 0.16616 0.19351 0.22739 0.26715 0.31188 0.36041 0.41138 0.46332 0.51475 0.56426 0.61067 0.65303 0.69069 0.72331 0.75078
0.17078 0.16125 0.23047 0.37726 0.51551 0.52953 0.5147 0.4637 0.40367 0.30151 0.22625 0.17727 0.16558 0.18671 0.20406 0.22097 0.24201 0.24199 0.24055 0.23967 0.23816 0.23478 0.22862 0.21926 0.2068 0.19186 0.17546 0.15893 0.14383 0.1319 0.12484 0.12406 0.13037 0.14399 0.16474 0.19233 0.2263 0.26603 0.31064 0.359 0.40978 0.46154 0.51279 0.56217 0.60849 0.6508 0.68847 0.72114 0.74871
0.25649 0.21895 0.24443 0.36411 0.50243 0.5223 0.50754 0.45562 0.39863 0.30361 0.23476 0.18904 0.17535 0.19069 0.20282 0.21676 0.23628 0.2362 0.23522 0.23493 0.23398 0.23111 0.22535 0.21628 0.20399 0.18909 0.17263 0.15596 0.1407 0.12867 0.12169 0.12121 0.128 0.14214 0.16333 0.19121 0.22531 0.26503 0.30954 0.35773 0.40832 0.45988 0.51095 0.56019 0.6064 0.64866 0.68632 0.71904 0.7467
0.33328 0.26069 0.2505 0.34777 0.4862 0.51254 0.498 0.44512 0.39132 0.30401 0.24181 0.19934 0.18411 0.1943 0.2015 0.21254 0.23057 0.23044 0.22993 0.23022 0.22984 0.22745 0.22209 0.21329 0.20114 0.18627 0.16971 0.15286 0.13741 0.12526 0.11835 0.1182 0.12554 0.14026 0.16195 0.19015 0.22441 0.26414 0.30855 0.35659 0.40698 0.45834 0.50923 0.55831 0.60441 0.6466 0.68426 0.71701 0.74476
0.38288 0.28165 0.2458 0.32823 0.46747 0.50063 0.48621 0.43225 0.38172 0.30269 0.2474 0.20822 0.1918 0.19744 0.20003 0.20827 0.22486 0.22473 0.22469 0.22555 0.22573 0.22382 0.21884 0.2103 0.19828 0.18341 0.16673 0.14966 0.13397 0.12167 0.11483 0.11506 0.12299 0.13837 0.1606 0.18917 0.22361 0.26337 0.30769 0.35556 0.40576 0.45691 0.50761 0.55653 0.60251 0.64463 0.68226 0.71505 0.74288
0.39603 0.28063 0.22969 0.30572 0.44698 0.48698 0.47237 0.41707 0.36989 0.29969 0.25157 0.21575 0.19845 0.20003 0.19833 0.20393 0.21916 0.21906 0.21951 0.22095 0.22166 0.22023 0.21561 0.20732 0.19542 0.18052 0.16368 0.14637 0.13041 0.11792 0.11115 0.11178 0.12038 0.13647 0.15929 0.18825 0.22289 0.26269 0.30694 0.35465 0.40465 0.45559 0.50609 0.55485 0.6007 0.64274 0.68034 0.71316 0.74106
0.37399 0.26035 0.2033 0.2808 0.42547 0.47206 0.45673 0.39974 0.35591 0.2951 0.25442 0.22202 0.20406 0.20201 0.19638 0.1995 0.21346 0.21344 0.21439 0.2164 0.21766 0.21668 0.21242 0.20437 0.19256 0.17761 0.1606 0.14301 0.12673 0.11402 0.10731 0.10839 0.11771 0.13457 0.15803 0.18742 0.22228 0.26213 0.30629 0.35385 0.40365 0.45438 0.50468 0.55325 0.59897 0.64092 0.67849 0.71132 0.7393
0.32733 0.22694 0.1691 0.25429 0.40374 0.4563 0.43957 0.38043 0.33993 0.28906 0.25603 0.22709 0.20866 0.20337 0.19413 0.19495 0.20775 0.20787 0.20934 0.21193 0.21371 0.21319 0.20927 0.20144 0.18972 0.17471 0.15749 0.13958 0.12294 0.10999 0.10332 0.10489 0.115 0.13269 0.15682 0.18666 0.22175 0.26166 0.30576 0.35316 0.40275 0.45326 0.50335 0.55174 0.59732 0.63918 0.67671 0.70955 0.73759
0.27092 0.18905 0.13046 0.22719 0.38255 0.44014 0.42122 0.35938 0.32215 0.28175 0.25655 0.23106 0.21229 0.20407 0.19156 0.19028 0.20204 0.20236 0.20438 0.20754 0.20985 0.20976 0.20618 0.19856 0.18691 0.17182 0.15437 0.13611 0.11907 0.10582 0.099209 0.10131 0.11228 0.13084 0.15567 0.18598 0.22132 0.26129 0.30532 0.35257 0.40196 0.45224 0.50212 0.55032 0.59574 0.6375 0.67498 0.70783 0.73593
0.21701 0.15671 0.091354 0.20066 0.36263 0.42401 0.40201 0.33684 0.30277 0.27334 0.25609 0.23403 0.21501 0.20413 0.18864 0.18548 0.19632 0.19692 0.1995 0.20324 0.20606 0.2064 0.20315 0.19574 0.18414 0.16895 0.15125 0.13261 0.11513 0.10154 0.094971 0.097648 0.10955 0.12904 0.1546 0.18538 0.22098 0.26102 0.30499 0.35208 0.40126 0.45131 0.50096 0.54897 0.59424 0.63589 0.67332 0.70617 0.73432
0.17083 0.13896 0.056603 0.17593 0.34464 0.40826 0.3823 0.31309 0.28203 0.26406 0.25482 0.2361 0.21686 0.20354 0.18537 0.18053 0.1906 0.19154 0.19471 0.19903 0.20235 0.20312 0.20019 0.19297 0.18143 0.16613 0.14816 0.12911 0.11114 0.097162 0.090619 0.093933 0.10683 0.12729 0.1536 0.18488 0.22073 0.26085 0.30475 0.35168 0.40065 0.45047 0.4999 0.5477 0.59281 0.63434 0.67171 0.70455 0.73276
0.13382 0.13835 0.034008 0.15437 0.32912 0.39323 0.36247 0.28845 0.26017 0.25413 0.25285 0.23735 0.21791 0.20232 0.18175 0.17544 0.18487 0.18624 0.19002 0.19492 0.19874 0.19992 0.19731 0.19028 0.17878 0.16335 0.1451 0.1256 0.1071 0.092687 0.086164 0.090176 0.10415 0.12562 0.15269 0.18446 0.22057 0.26076 0.3046 0.35137 0.40012 0.44971 0.4989 0.5465 0.59144 0.63285 0.67015 0.70299 0.73124
0.11385 0.14864 0.032645 0.13749 0.31647 0.3792 0.34291 0.26323 0.23746 0.2438 0.25036 0.23788 0.21821 0.2005 0.17777 0.1702 0.17914 0.18101 0.18544 0.19091 0.19523 0.19682 0.19451 0.18766 0.1762 0.16065 0.14209 0.12212 0.10303 0.08813 0.081616 0.086394 0.10151 0.12403 0.15188 0.18414 0.22051 0.26077 0.30453 0.35115 0.39968 0.44903 0.49798 0.54537 0.59013 0.63142 0.66865 0.70147 0.72976
0.12448 0.16154 0.040359 0.12685 0.30692 0.36642 0.32401 0.23781 0.21418 0.23332 0.24746 0.23779 0.21782 0.19811 0.17345 0.16481 0.17342 0.17587 0.18096 0.18701 0.19182 0.1938 0.1918 0.18513 0.1737 0.15801 0.13914 0.11868 0.098965 0.083503 0.076983 0.082607 0.098948 0.12254 0.15116 0.18391 0.22053 0.26086 0.30456 0.351 0.39932 0.44842 0.49714 0.5443 0.58888 0.63004 0.66719 0.69999 0.72832
0.16073 0.1718 0.043142 0.12357 0.30054 0.35507 0.30615 0.21258 0.1906 0.22293 0.24431 0.23716 0.2168 0.19516 0.16878 0.15929 0.16771 0.17082 0.1766 0.18322 0.18851 0.19089 0.18919 0.1827 0.17129 0.15547 0.13627 0.1153 0.094905 0.078816 0.072276 0.078836 0.096476 0.12117 0.15055 0.18378 0.22065 0.26104 0.30466 0.35094 0.39903 0.44789 0.49635 0.54329 0.58769 0.62871 0.66578 0.69855 0.72691
0.20517 0.17745 0.037779 0.12776 0.2972 0.34528 0.28974 0.188 0.16704 0.21288 0.24101 0.23608 0.21522 0.19171 0.16379 0.15363 0.16202 0.16587 0.17235 0.17955 0.18531 0.18809 0.18668 0.18036 0.16899 0.15302 0.1335 0.11199 0.090877 0.074083 0.067504 0.075104 0.094118 0.11991 0.15005 0.18374 0.22085 0.26129 0.30484 0.35095 0.39881 0.44742 0.49563 0.54235 0.58655 0.62743 0.66441 0.69715 0.72554
0.24747 0.17934 0.027064 0.13833 0.29665 0.33715 0.27513 0.1646 0.14385 0.20343 0.23769 0.23463 0.21313 0.18778 0.15849 0.14785 0.15636 0.16102 0.16822 0.17599 0.18222 0.18539 0.18427 0.17813 0.16679 0.15069 0.13083 0.10878 0.086901 0.069317 0.062677 0.071437 0.091895 0.11879 0.14967 0.18381 0.22114 0.26163 0.30509 0.35103 0.39866 0.44701 0.49497 0.54145 0.58546 0.62619 0.66308 0.69579 0.7242
0.28496 0.18125 0.028224 0.15357 0.29856 0.33073 0.26265 0.14309 0.12144 0.1948 0.23444 0.23287 0.21059 0.18342 0.15289 0.14196 0.15073 0.15628 0.16422 0.17256 0.17925 0.1828 0.18198 0.17601 0.1647 0.14847 0.12829 0.10568 0.083001 0.064532 0.057805 0.067865 0.08983 0.11782 0.14941 0.18397 0.22151 0.26204 0.30542 0.35117 0.39857 0.44666 0.49436 0.54061 0.58442 0.625 0.66179 0.69446 0.72289
0.31964 0.18962 0.054231 0.17176 0.30252 0.32602 0.25255 0.12436 0.10042 0.18722 0.23137 0.23088 0.20768 0.17867 0.14703 0.13596 0.14515 0.15166 0.16035 0.16925 0.17639 0.18032 0.17979 0.17401 0.16274 0.14639 0.12589 0.10272 0.079204 0.059745 0.052901 0.064422 0.087945 0.117 0.14927 0.18424 0.22197 0.26253 0.30581 0.35138 0.39854 0.44637 0.49381 0.53982 0.58342 0.62385 0.66053 0.69316 0.7216
