0.52968 0.4628 0.24806 0.33475 0.46899 0.58998 0.62312 0.57539 0.52554 0.47093 0.4159 0.39212 0.38462 0.34763 0.29881 0.25622 0.2229 0.20006 0.18703 0.18174 0.18155 0.18392 0.18686 0.18902 0.18965 0.18847 0.18548 0.18081 0.17456 0.16688 0.15791 0.14783 0.13686 0.12523 0.11317 0.1009 0.0886 0.076434 0.064524 0.052961 0.041813 0.031137 0.021018 0.011768 0.0059095 0.010446 0.018512 0.026851 0.035119
0.19102 0.13722 0.17397 0.25018 0.22265 0.11169 0.083814 0.23021 0.30978 0.29908 0.25925 0.25822 0.28726 0.29883 0.29414 0.28503 0.27384 0.26259 0.25269 0.24472 0.23858 0.23372 0.22937 0.22486 0.21969 0.21367 0.20675 0.19894 0.19022 0.18062 0.17016 0.15894 0.14708 0.13477 0.1222 0.10957 0.097082 0.084919 0.073259 0.062284 0.052203 0.043302 0.036015 0.030987 0.028931 0.030088 0.033905 0.039517 0.04627
0.18183 0.35621 0.60772 0.43724 0.27255 0.39643 0.4689 0.42865 0.32993 0.21362 0.14454 0.14805 0.17726 0.18947 0.18858 0.18615 0.18547 0.18803 0.19379 0.20161 0.20986 0.21699 0.22188 0.22398 0.22324 0.22 0.21474 0.20791 0.19984 0.19074 0.1808 0.17019 0.15907 0.14764 0.1361 0.12468 0.11356 0.10296 0.093072 0.084085 0.076183 0.069548 0.06435 0.060738 0.058818 0.05863 0.060144 0.063274 0.067906
0.10244 0.20811 0.32182 0.19835 0.29257 0.43495 0.45001 0.36525 0.26623 0.18038 0.11557 0.076099 0.053446 0.033649 0.022049 0.038721 0.066824 0.09598 0.12358 0.14842 0.16972 0.18687 0.1995 0.20759 0.2115 0.21184 0.20938 0.20477 0.19854 0.19104 0.18256 0.17333 0.16357 0.15347 0.14326 0.13313 0.12329 0.11394 0.10527 0.09747 0.090694 0.085095 0.080801 0.077916 0.076517 0.07666 0.078377 0.081682 0.086577
0.25066 0.24036 0.26472 0.21478 0.34436 0.3485 0.24847 0.10654 0.077904 0.17112 0.21336 0.22505 0.22455 0.2043 0.18147 0.1659 0.15743 0.15528 0.15815 0.16444 0.17247 0.1807 0.18784 0.19298 0.19572 0.19606 0.19429 0.19077 0.1858 0.17966 0.17253 0.1646 0.15602 0.14697 0.13762 0.12818 0.11885 0.10989 0.10153 0.094054 0.08774 0.082853 0.079624 0.078217 0.078712 0.081096 0.085294 0.091204 0.098729
0.1321 0.036936 0.22622 0.2564 0.12842 0.10903 0.21016 0.33297 0.43828 0.48063 0.46242 0.43405 0.39962 0.33449 0.27153 0.22673 0.19713 0.17922 0.16991 0.16657 0.16697 0.16927 0.172 0.17411 0.17501 0.17451 0.17268 0.16967 0.16559 0.16054 0.15455 0.14766 0.1399 0.13134 0.12209 0.11232 0.10225 0.092214 0.082613 0.073993 0.067032 0.062491 0.061022 0.062886 0.067826 0.075275 0.084647 0.095501 0.10757
0.30954 0.25095 0.067408 0.11763 0.18503 0.30691 0.42836 0.50981 0.55721 0.52838 0.44004 0.35725 0.28557 0.20869 0.15106 0.12005 0.10965 0.11151 0.11856 0.12681 0.13449 0.1408 0.14545 0.14837 0.14971 0.14974 0.14874 0.1469 0.14428 0.14082 0.13638 0.1308 0.12395 0.11575 0.10618 0.095314 0.083314 0.070438 0.057101 0.04404 0.032862 0.027201 0.030915 0.041775 0.055799 0.071141 0.087115 0.10347 0.12014
0.27785 0.30802 0.41275 0.36929 0.41103 0.50981 0.54745 0.52378 0.47856 0.40209 0.31428 0.24767 0.19042 0.12428 0.067103 0.032536 0.039052 0.06066 0.079411 0.093903 0.10471 0.11254 0.11799 0.12162 0.12398 0.12552 0.12659 0.12727 0.12747 0.12691 0.12526 0.12217 0.11737 0.11067 0.102 0.091419 0.079065 0.065201 0.050239 0.034967 0.021797 0.019414 0.031472 0.048454 0.066759 0.085498 0.10437 0.12325 0.14213
0.37365 0.32393 0.31125 0.38524 0.30979 0.23202 0.19406 0.17056 0.1357 0.11725 0.14206 0.17663 0.19434 0.17662 0.14479 0.11707 0.098156 0.088201 0.08481 0.085104 0.087026 0.089525 0.09227 0.095333 0.098919 0.10315 0.10793 0.11297 0.11776 0.12177 0.12447 0.12543 0.12435 0.12111 0.11576 0.10852 0.099847 0.090445 0.081358 0.074058 0.070339 0.071698 0.078444 0.089642 0.10393 0.12016 0.13755 0.15559 0.17398
0.09553 0.33795 0.74588 0.63781 0.29899 0.09418 0.090073 0.12909 0.15506 0.15424 0.15522 0.17526 0.19188 0.17828 0.14979 0.12234 0.10009 0.083817 0.072716 0.065555 0.061427 0.060058 0.061666 0.066452 0.074141 0.083964 0.094966 0.10623 0.11695 0.12648 0.13429 0.14002 0.14348 0.14465 0.1437 0.14097 0.13702 0.13255 0.12843 0.12561 0.12501 0.12729 0.13275 0.14127 0.15243 0.16566 0.18041 0.19622 0.21271
0.53167 0.66786 0.76035 0.65405 0.34184 0.10871 0.12151 0.21027 0.27028 0.28081 0.25231 0.22358 0.19741 0.15776 0.11923 0.089793 0.068273 0.052286 0.039373 0.028059 0.019125 0.018418 0.028672 0.043942 0.061115 0.07892 0.096578 0.11349 0.12917 0.14318 0.15517 0.16492 0.17231 0.17739 0.18036 0.18156 0.18147 0.18069 0.17988 0.17971 0.1808 0.18365 0.18854 0.19556 0.20458 0.21538 0.22762 0.24097 0.25511
0.49471 0.38607 0.20644 0.32099 0.3324 0.35557 0.36632 0.3552 0.34636 0.32077 0.2752 0.23239 0.19021 0.13894 0.09799 0.073274 0.059586 0.050949 0.043947 0.038418 0.036716 0.041519 0.05265 0.067934 0.085458 0.10396 0.12258 0.14071 0.15784 0.17355 0.18749 0.19941 0.20921 0.21686 0.22254 0.2265 0.22912 0.23087 0.23226 0.2338 0.23597 0.23918 0.2437 0.24969 0.25717 0.26604 0.27612 0.2872 0.29904
0.65225 0.6924 0.54456 0.3393 0.25797 0.2936 0.25708 0.21118 0.23504 0.25864 0.24029 0.20041 0.14784 0.089305 0.057657 0.059887 0.071604 0.080817 0.086903 0.091602 0.096739 0.10365 0.11299 0.12473 0.13843 0.15347 0.16927 0.18525 0.20093 0.21582 0.22953 0.24175 0.25228 0.26104 0.26809 0.2736 0.27784 0.28115 0.28391 0.28653 0.28939 0.29282 0.29707 0.30232 0.30864 0.31602 0.32436 0.33353 0.34334
0.28545 0.036602 0.5285 0.7186 0.5454 0.354 0.18314 0.097726 0.16436 0.2256 0.22421 0.18358 0.12291 0.065705 0.063449 0.089656 0.11199 0.12811 0.1402 0.1503 0.15976 0.16937 0.17952 0.19035 0.20186 0.21398 0.22662 0.2396 0.25265 0.26543 0.27758 0.28879 0.29881 0.30751 0.31486 0.32095 0.32594 0.33007 0.33362 0.33691 0.34022 0.34382 0.34792 0.3527 0.35823 0.36453 0.37157 0.37925 0.38745
0.13587 0.11701 0.38089 0.57886 0.57155 0.40404 0.27041 0.27105 0.33266 0.376 0.36676 0.33487 0.29479 0.24212 0.20525 0.18997 0.18759 0.19217 0.20058 0.2111 0.2226 0.23428 0.2456 0.25634 0.26654 0.27646 0.28638 0.29649 0.3068 0.31712 0.32721 0.33679 0.34564 0.35359 0.36057 0.36661 0.37181 0.37631 0.38033 0.38408 0.38777 0.39162 0.39578 0.40038 0.4055 0.41117 0.41737 0.42403 0.43108
0.28609 0.32336 0.36536 0.56948 0.50433 0.27167 0.23353 0.44255 0.58934 0.62096 0.56401 0.49904 0.43913 0.36105 0.29875 0.26396 0.24922 0.24793 0.25504 0.26681 0.28047 0.29411 0.30656 0.31735 0.32658 0.33476 0.34248 0.3502 0.35812 0.36621 0.37431 0.38222 0.38972 0.39669 0.40304 0.40877 0.41395 0.41867 0.42308 0.42731 0.43151 0.4358 0.44031 0.4451 0.45023 0.45571 0.46154 0.46768 0.47406
0.4138 0.51204 0.67093 0.79832 0.77166 0.74803 0.74832 0.77114 0.79051 0.72218 0.5895 0.47988 0.40112 0.32814 0.28353 0.26815 0.26959 0.28014 0.29542 0.31263 0.32976 0.34537 0.35859 0.3692 0.37756 0.3844 0.39051 0.3965 0.40268 0.40909 0.41564 0.42216 0.42852 0.4346 0.44039 0.44587 0.4511 0.45615 0.4611 0.46602 0.47099 0.47607 0.48129 0.48668 0.49225 0.49801 0.50394 0.51001 0.51617
0.19491 0.25601 0.21124 0.2354 0.37101 0.61278 0.77463 0.80269 0.74437 0.59548 0.41092 0.26435 0.1704 0.15326 0.19048 0.23336 0.26996 0.3006 0.32684 0.34964 0.36924 0.38557 0.39863 0.40866 0.41627 0.42229 0.42756 0.43267 0.43792 0.44336 0.44894 0.45456 0.46015 0.46569 0.4712 0.47672 0.4823 0.488 0.49384 0.49983 0.50597 0.51224 0.51861 0.52503 0.5315 0.53796 0.54442 0.55083 0.5572
0.21791 0.22996 0.32779 0.29751 0.32112 0.50015 0.67908 0.73375 0.68667 0.54901 0.37833 0.24024 0.14986 0.14704 0.20004 0.25335 0.29647 0.33041 0.35751 0.37954 0.39761 0.41233 0.42414 0.43343 0.44077 0.44682 0.4522 0.45737 0.46252 0.4677 0.47291 0.47814 0.48344 0.48887 0.49455 0.50057 0.50697 0.5138 0.52103 0.52858 0.53638 0.54431 0.55227 0.56017 0.56793 0.5755 0.58285 0.58998 0.59689
0.19694 0.16306 0.12923 0.19604 0.35285 0.47634 0.57412 0.613 0.6182 0.56931 0.48526 0.42323 0.38551 0.34823 0.332 0.33788 0.35275 0.36932 0.3849 0.39892 0.41152 0.42293 0.43325 0.44246 0.45061 0.45785 0.46441 0.47051 0.47626 0.48174 0.48706 0.49235 0.4978 0.50363 0.51001 0.51708 0.52491 0.53347 0.54266 0.55234 0.56232 0.5724 0.5824 0.59217 0.6016 0.6106 0.61916 0.62727 0.63498
0.36624 0.476 0.34768 0.15715 0.23945 0.3065 0.29849 0.29486 0.35004 0.41038 0.44497 0.47574 0.4979 0.47348 0.43739 0.41407 0.40175 0.39686 0.39681 0.40027 0.4066 0.41528 0.42553 0.43639 0.44696 0.45667 0.46533 0.47295 0.47969 0.48576 0.49146 0.49713 0.50316 0.50987 0.51755 0.52633 0.53625 0.54722 0.55903 0.57142 0.58411 0.5968 0.60924 0.62122 0.6326 0.64329 0.65327 0.66257 0.67126
0.72945 0.81593 0.52666 0.25616 0.28694 0.25691 0.16086 0.052008 0.073757 0.21631 0.34663 0.4508 0.52262 0.52034 0.4827 0.44563 0.41563 0.39429 0.38162 0.37722 0.38032 0.38955 0.40284 0.41784 0.43255 0.44572 0.45689 0.46615 0.47383 0.48043 0.48657 0.49282 0.49979 0.50792 0.51753 0.52874 0.5415 0.55558 0.57065 0.58633 0.60221 0.61791 0.63311 0.64756 0.6611 0.67365 0.68519 0.69578 0.70553
0.93668 0.89906 0.73429 0.50112 0.35912 0.23986 0.13354 0.15649 0.2183 0.28267 0.3613 0.44826 0.51865 0.51682 0.4745 0.42767 0.38589 0.35406 0.33466 0.32846 0.33438 0.3495 0.36978 0.39132 0.41123 0.42801 0.44136 0.45169 0.45979 0.46658 0.47301 0.47998 0.48825 0.49838 0.51064 0.52505 0.54141 0.55932 0.57828 0.59775 0.61722 0.63624 0.65442 0.6715 0.68731 0.70179 0.71493 0.72685 0.73768
0.50143 0.30954 0.10166 0.33496 0.35011 0.22623 0.14768 0.24948 0.35329 0.40573 0.42926 0.4674 0.50541 0.48365 0.42783 0.3691 0.31701 0.27857 0.25872 0.25892 0.27582 0.30288 0.33342 0.36247 0.38716 0.40648 0.42073 0.43098 0.43859 0.44497 0.45149 0.45932 0.46936 0.48215 0.49786 0.5163 0.53704 0.55943 0.58281 0.60648 0.62983 0.65234 0.67361 0.69337 0.71146 0.72784 0.74256 0.75576 0.76762
0.38148 0.11761 0.28066 0.41611 0.4748 0.44533 0.39913 0.39352 0.42921 0.45481 0.45898 0.47327 0.48388 0.43799 0.36356 0.28874 0.22294 0.17687 0.16236 0.18066 0.21807 0.26109 0.30196 0.33672 0.36379 0.38326 0.39638 0.40495 0.41094 0.41628 0.42273 0.43168 0.44409 0.46038 0.48045 0.50378 0.52962 0.55708 0.58528 0.6134 0.64076 0.66681 0.69115 0.71352 0.7338 0.75199 0.76817 0.78253 0.79532
0.54626 0.45897 0.3542 0.43524 0.46367 0.46566 0.42953 0.39146 0.40338 0.43895 0.46021 0.47671 0.47467 0.41007 0.31766 0.22465 0.13722 0.065642 0.062969 0.121 0.18198 0.23653 0.28208 0.31752 0.34288 0.35933 0.3689 0.37403 0.37727 0.38104 0.38744 0.39805 0.41371 0.43452 0.45994 0.48901 0.52059 0.55351 0.58674 0.61938 0.65071 0.68019 0.70745 0.73227 0.75456 0.77438 0.79186 0.80723 0.82079
0.52689 0.40829 0.13272 0.26046 0.31529 0.33638 0.2838 0.23593 0.30105 0.41138 0.47784 0.51104 0.50926 0.43549 0.33381 0.23505 0.14587 0.078657 0.077054 0.12884 0.18535 0.23531 0.27561 0.30517 0.32429 0.33449 0.33819 0.33827 0.33781 0.33971 0.34645 0.35962 0.37976 0.40633 0.43815 0.47369 0.51143 0.54999 0.58824 0.62525 0.66034 0.693 0.72291 0.74991 0.77396 0.79518 0.81374 0.82993 0.84408
0.63475 0.57617 0.24737 0.064951 0.20899 0.23687 0.1433 0.043022 0.25944 0.44579 0.54464 0.59135 0.59511 0.51802 0.41335 0.31817 0.24077 0.18981 0.17376 0.18898 0.21954 0.25193 0.2789 0.29731 0.30658 0.30793 0.30384 0.29755 0.29267 0.29278 0.30074 0.31798 0.34424 0.378 0.41716 0.45965 0.50366 0.54773 0.59071 0.63174 0.6702 0.70565 0.73784 0.76668 0.7922 0.81453 0.83393 0.85071 0.86524
0.65086 0.64695 0.37154 0.20819 0.24799 0.28511 0.29036 0.30878 0.43111 0.58024 0.66279 0.70556 0.71053 0.62847 0.51869 0.42244 0.34583 0.29221 0.26314 0.25597 0.26313 0.27558 0.28618 0.29084 0.28817 0.27897 0.26567 0.25187 0.24204 0.24086 0.25174 0.27536 0.30983 0.35211 0.39922 0.44869 0.49867 0.54776 0.59493 0.63942 0.68071 0.71846 0.7525 0.78279 0.80941 0.83257 0.85253 0.86967 0.88438
0.58409 0.49699 0.21895 0.30161 0.27638 0.33357 0.45418 0.55358 0.66499 0.76195 0.80271 0.82713 0.82676 0.73699 0.62006 0.51941 0.43875 0.37865 0.33834 0.31513 0.30404 0.29873 0.29335 0.28389 0.26864 0.24803 0.22434 0.2017 0.18622 0.18491 0.20181 0.2352 0.28007 0.33168 0.3866 0.44246 0.49762 0.5509 0.60146 0.64868 0.69217 0.73166 0.76705 0.79837 0.82573 0.84939 0.86965 0.8869 0.90159
0.52765 0.47927 0.2255 0.19752 0.10183 0.33353 0.55748 0.71252 0.84016 0.9145 0.9222 0.92789 0.92108 0.82511 0.70305 0.59898 0.51451 0.44862 0.39945 0.36425 0.33904 0.31906 0.29959 0.27708 0.24972 0.21752 0.18236 0.14871 0.12576 0.12678 0.15568 0.20294 0.25933 0.31971 0.38125 0.44218 0.50127 0.55763 0.61062 0.65976 0.70473 0.74536 0.78159 0.8135 0.84124 0.86508 0.88537 0.90252 0.91698
0.45981 0.49304 0.46886 0.34346 0.2907 0.43111 0.60866 0.76275 0.91175 0.99254 0.98985 0.98753 0.98014 0.88461 0.76315 0.65954 0.57399 0.50469 0.44942 0.40552 0.36969 0.33815 0.30715 0.27363 0.23579 0.1931 0.14632 0.098376 0.061607 0.072685 0.12381 0.18618 0.25198 0.31856 0.38443 0.44851 0.50997 0.56814 0.62251 0.67269 0.71842 0.75959 0.79616 0.82823 0.85598 0.87972 0.89978 0.91661 0.93066
0.15202 0.29383 0.64252 0.61427 0.49298 0.48053 0.55674 0.70287 0.88302 0.98753 0.99416 0.99794 1 0.91486 0.80173 0.70375 0.62077 0.55102 0.49251 0.44293 0.39962 0.35965 0.32008 0.27849 0.23332 0.18385 0.13002 0.072165 0.013161 0.055819 0.1227 0.19129 0.26041 0.32907 0.39636 0.46145 0.52363 0.58231 0.637 0.68737 0.73317 0.77429 0.81072 0.84256 0.87 0.89335 0.91296 0.92927 0.94276
0.16709 0.24229 0.53625 0.53325 0.41765 0.32474 0.37766 0.57417 0.78926 0.91446 0.93981 0.96189 0.98427 0.92016 0.82323 0.73606 0.65929 0.59202 0.53299 0.48053 0.43269 0.38733 0.34239 0.29623 0.24799 0.19774 0.14697 0.10099 0.078166 0.10217 0.15504 0.21766 0.28365 0.35038 0.41633 0.48041 0.54178 0.59975 0.65382 0.7036 0.74883 0.78938 0.82523 0.85648 0.88331 0.90603 0.92498 0.9406 0.95337
0.22144 0.32181 0.33244 0.34886 0.29297 0.077562 0.20413 0.46093 0.67021 0.79408 0.83982 0.88935 0.94147 0.90745 0.83316 0.76099 0.69345 0.6312 0.57408 0.52126 0.47154 0.42358 0.37618 0.32862 0.28094 0.23436 0.19194 0.16009 0.14921 0.16625 0.20602 0.25889 0.31827 0.38037 0.44293 0.50441 0.5637 0.61996 0.67258 0.72109 0.76519 0.80471 0.83961 0.86995 0.89591 0.91778 0.93589 0.95068 0.96261
0.24185 0.35642 0.11474 0.32587 0.3744 0.26954 0.27437 0.40458 0.53985 0.64204 0.71053 0.79464 0.88305 0.88475 0.83693 0.78228 0.72599 0.67066 0.61743 0.56635 0.51694 0.46861 0.42096 0.37406 0.32874 0.28685 0.25159 0.22774 0.22078 0.2337 0.26459 0.30846 0.36037 0.41659 0.47452 0.53229 0.58856 0.64232 0.69282 0.73951 0.78203 0.82014 0.85375 0.88292 0.9078 0.92863 0.94576 0.95959 0.97058
0.51701 0.58546 0.50506 0.45486 0.47245 0.41307 0.34838 0.33931 0.38521 0.47126 0.57202 0.69567 0.82231 0.86038 0.83928 0.8026 0.75838 0.71113 0.66319 0.61542 0.56796 0.52085 0.47432 0.42905 0.38635 0.34829 0.31763 0.29773 0.29175 0.30135 0.32571 0.36201 0.40675 0.45676 0.50947 0.56289 0.61552 0.66621 0.7141 0.75854 0.7991 0.83549 0.86757 0.89535 0.91895 0.93861 0.95463 0.96741 0.97739
0.70848 0.73538 0.59023 0.4714 0.49203 0.43013 0.31336 0.21099 0.19822 0.30776 0.45327 0.614 0.7733 0.84208 0.84404 0.82363 0.79107 0.75229 0.71046 0.66704 0.62266 0.57779 0.53312 0.48975 0.44931 0.41387 0.38581 0.36758 0.36123 0.36781 0.38693 0.41685 0.45509 0.49904 0.54638 0.59515 0.64378 0.69104 0.73597 0.77786 0.81618 0.85061 0.88095 0.90718 0.92937 0.94774 0.96257 0.97422 0.98313
0.59409 0.64066 0.26768 0.38349 0.48441 0.41757 0.27451 0.11165 0.056838 0.22599 0.39388 0.5712 0.74808 0.83584 0.85384 0.84622 0.82389 0.79324 0.75782 0.71934 0.67871 0.63669 0.59427 0.55283 0.51418 0.48042 0.45366 0.43585 0.42846 0.43221 0.44689 0.47135 0.50376 0.54203 0.58411 0.62817 0.67264 0.71627 0.75803 0.79715 0.83306 0.86536 0.89382 0.91836 0.93905 0.95604 0.9696 0.98009 0.98788
0.51058 0.62714 0.40239 0.44551 0.50525 0.46161 0.35383 0.24472 0.21831 0.29006 0.41517 0.57754 0.75219 0.84436 0.86975 0.87047 0.85626 0.83291 0.80372 0.77041 0.7339 0.69511 0.65517 0.61564 0.57848 0.54578 0.51958 0.50153 0.49279 0.49389 0.50472 0.52443 0.55165 0.58469 0.62177 0.66121 0.70152 0.74144 0.77993 0.81617 0.84954 0.8796 0.90608 0.92887 0.94797 0.96353 0.97579 0.98507 0.99174
0.44015 0.6708 0.74851 0.55277 0.50932 0.50884 0.44445 0.36717 0.35389 0.40075 0.48822 0.62345 0.78204 0.86628 0.89112 0.89579 0.88739 0.87019 0.84679 0.81857 0.78635 0.75102 0.71375 0.67618 0.64036 0.60846 0.58246 0.56388 0.55371 0.55239 0.55982 0.57538 0.59799 0.62625 0.65865 0.69368 0.72992 0.76617 0.80137 0.83469 0.86547 0.89324 0.91768 0.93866 0.95614 0.97024 0.98118 0.98923 0.99477
0.30487 0.60131 0.76189 0.43523 0.43761 0.48542 0.44088 0.38991 0.41984 0.49369 0.57383 0.68843 0.82733 0.89693 0.91585 0.92106 0.91636 0.9041 0.88585 0.86248 0.83457 0.80285 0.76844 0.73298 0.69855 0.66739 0.6415 0.62235 0.61083 0.60734 0.61181 0.62373 0.64224 0.66619 0.69427 0.72513 0.75748 0.79015 0.82211 0.85253 0.88071 0.90617 0.92856 0.94771 0.96356 0.97619 0.98579 0.99264 0.99705
0.26019 0.54078 0.63238 0.11213 0.33193 0.38731 0.32269 0.31064 0.43164 0.56224 0.65171 0.75417 0.87612 0.93018 0.9411 0.94482 0.94223 0.93378 0.91998 0.90114 0.87748 0.84949 0.81814 0.78499 0.75215 0.72186 0.69617 0.67655 0.66388 0.65851 0.6604 0.66915 0.68404 0.70411 0.72824 0.75523 0.7839 0.81314 0.84196 0.86953 0.89516 0.91834 0.93869 0.95601 0.97023 0.98141 0.98969 0.99533 0.99864
0.31356 0.61253 0.70418 0.19947 0.27819 0.27496 0.12832 0.19991 0.43911 0.61709 0.71398 0.80856 0.91858 0.9603 0.964 0.96563 0.96413 0.95853 0.94851 0.93383 0.91432 0.89017 0.86211 0.83156 0.80056 0.77139 0.74612 0.72626 0.71269 0.70576 0.70545 0.71144 0.72315 0.73976 0.76031 0.78374 0.80896 0.83495 0.86077 0.88559 0.90873 0.92967 0.94802 0.96355 0.97617 0.98591 0.9929 0.99737 0.9996
0.45963 0.74988 0.85177 0.40659 0.31022 0.27939 0.15953 0.24934 0.48758 0.66542 0.75653 0.84457 0.94831 0.98312 0.98221 0.9822 0.98128 0.97782 0.97099 0.96012 0.94467 0.92446 0.89994 0.8723 0.84347 0.81573 0.79117 0.77135 0.75717 0.749 0.74687 0.75051 0.75945 0.77299 0.79031 0.81048 0.83251 0.85546 0.87842 0.90062 0.92137 0.94015 0.95655 0.97034 0.9814 0.98974 0.99547 0.9988 0.99999
0.60922 0.87636 0.95006 0.54059 0.40506 0.40446 0.37451 0.41377 0.56567 0.70167 0.77545 0.85884 0.96233 0.99644 0.9943 0.99363 0.9931 0.99124 0.98712 0.97978 0.96831 0.95218 0.93145 0.90705 0.88076 0.85478 0.83127 0.81181 0.79733 0.78826 0.78465 0.78631 0.79286 0.8037 0.81814 0.83535 0.85445 0.87457 0.89486 0.91457 0.93304 0.94974 0.96427 0.97637 0.98592 0.99291 0.99743 0.99966 0.99985
0.66126 0.88861 0.8501 0.50525 0.47373 0.52028 0.53235 0.54668 0.62697 0.71179 0.76737 0.85115 0.96078 0.99993 0.99968 0.99935 0.99919 0.99857 0.99678 0.99276 0.98526 0.97334 0.95666 0.93583 0.91244 0.8886 0.86647 0.84768 0.83323 0.82358 0.81884 0.81887 0.82337 0.83187 0.84375 0.85829 0.87472 0.89222 0.91003 0.9274 0.94371 0.95843 0.97118 0.98167 0.98977 0.99546 0.99881 0.99999 0.99923
0.61564 0.78073 0.56278 0.27608 0.47423 0.56885 0.60132 0.60126 0.6353 0.68323 0.73166 0.82443 0.94628 0.99474 0.99851 0.99916 0.99932 0.99969 1 0.99919 0.99569 0.98813 0.97577 0.95884 0.93868 0.91733 0.89691 0.87912 0.865 0.85507 0.84951 0.84824 0.85103 0.85749 0.86712 0.87929 0.89329 0.90841 0.92391 0.9391 0.95338 0.96624 0.97728 0.98624 0.99296 0.99741 0.99966 0.99984 0.99818
0.59832 0.71057 0.48928 0.17274 0.436 0.54408 0.58045 0.56867 0.57665 0.61212 0.67263 0.78472 0.92321 0.9829 0.99137 0.99308 0.99345 0.99463 0.99694 0.9993 0.99988 0.99688 0.98908 0.97634 0.95974 0.94118 0.92279 0.90629 0.89279 0.88288 0.87679 0.87451 0.87589 0.88063 0.8883 0.89835 0.91018 0.92312 0.93649 0.94967 0.96205 0.97316 0.9826 0.99011 0.99552 0.9988 0.99999 0.99923 0.99672
0.56101 0.61173 0.5541 0.32653 0.38663 0.46757 0.49173 0.4622 0.4556 0.50614 0.60085 0.74062 0.89675 0.96668 0.97898 0.98127 0.9816 0.98351 0.98782 0.99344 0.99824 0.99998 0.99698 0.98871 0.97594 0.96046 0.94436 0.92941 0.9168 0.90716 0.90081 0.8978 0.89806 0.90134 0.90732 0.91551 0.9254 0.93637 0.94781 0.95912 0.96975 0.97922 0.98716 0.9933 0.99748 0.99965 0.99985 0.9982 0.9949
0.44401 0.39663 0.48866 0.37174 0.32968 0.37664 0.37589 0.31134 0.28942 0.38662 0.53329 0.70181 0.87169 0.948 0.96197 0.96391 0.96393 0.96657 0.973 0.98204 0.99125 0.99794 0.99995 0.99635 0.98765 0.97548 0.9619 0.94874 0.93723 0.92811 0.92174 0.91825 0.91764 0.91973 0.92425 0.93083 0.93899 0.94819 0.95787 0.96747 0.97648 0.98444 0.99097 0.99584 0.99886 0.99999 0.99926 0.99679 0.99274
0.33726 0.14284 0.38458 0.33295 0.27853 0.31408 0.29247 0.17307 0.10641 0.29611 0.49032 0.67647 0.85123 0.92797 0.94071 0.94119 0.94064 0.94413 0.95291 0.96562 0.97945 0.99128 0.99849 0.99974 0.99527 0.98658 0.97571 0.96452 0.95432 0.94592 0.93975 0.93601 0.93475 0.93587 0.93919 0.94436 0.951 0.95862 0.96672 0.97477 0.98228 0.98884 0.99407 0.99774 0.99969 0.99985 0.99826 0.99501 0.99027
0.32918 0.15283 0.32895 0.25052 0.2437 0.30211 0.29525 0.18493 0.11227 0.29301 0.48592 0.66816 0.83625 0.90677 0.91525 0.91323 0.912 0.91658 0.92804 0.94472 0.96343 0.98058 0.99311 0.99933 0.99921 0.99413 0.9861 0.97703 0.96831 0.9608 0.95502 0.95122 0.94953 0.9499 0.95221 0.95619 0.96151 0.96773 0.9744 0.98104 0.98719 0.99245 0.99649 0.99906 1 0.99926 0.99686 0.9929 0.98753
0.41816 0.3362 0.30075 0.11842 0.21822 0.32169 0.35804 0.30825 0.27918 0.37153 0.51665 0.67454 0.82525 0.88367 0.8854 0.88015 0.87834 0.88439 0.89896 0.91997 0.9438 0.96642 0.98437 0.99561 0.9999 0.99848 0.99338 0.98654 0.97942 0.97295 0.96772 0.96404 0.96211 0.96192 0.96342 0.9664 0.97057 0.97556 0.98096 0.98632 0.99124 0.99532 0.99825 0.9998 0.99981 0.99824 0.99509 0.99047 0.98452
0.50177 0.44919 0.31171 0.046682 0.20663 0.34561 0.42365 0.42183 0.4206 0.47254 0.56544 0.68881 0.81507 0.85737 0.85081 0.84209 0.84003 0.8481 0.86628 0.89201 0.9212 0.9494 0.97279 0.98904 0.99773 1 0.99787 0.99333 0.98789 0.98258 0.97804 0.97464 0.97263 0.97206 0.97292 0.97506 0.97826 0.98217 0.98644 0.99067 0.99447 0.99747 0.99939 1 0.99916 0.99682 0.99299 0.98776 0.98128
0.56963 0.5397 0.40465 0.17918 0.21547 0.36228 0.46506 0.49835 0.52454 0.56194 0.61476 0.70298 0.80197 0.82639 0.81112 0.79923 0.79754 0.80829 0.83066 0.8615 0.89625 0.93009 0.95889 0.98009 0.9931 0.99901 0.99985 0.99763 0.99396 0.9899 0.98616 0.98317 0.98122 0.98042 0.98081 0.98228 0.98465 0.98763 0.99092 0.99413 0.99691 0.99894 0.99994 0.99969 0.99807 0.99502 0.99056 0.98479 0.97783
0.56413 0.5681 0.45886 0.21698 0.22943 0.36777 0.4741 0.53362 0.58957 0.62732 0.65299 0.71029 0.78255 0.7894 0.76606 0.75183 0.75139 0.76562 0.79279 0.82911 0.86959 0.90906 0.94316 0.96916 0.98638 0.99585 0.9996 0.99972 0.99783 0.99509 0.99225 0.98979 0.98803 0.98714 0.9872 0.98814 0.98982 0.99201 0.99443 0.99674 0.99862 0.99977 0.99993 0.9989 0.99656 0.99287 0.98784 0.98156 0.97417
0.45644 0.50266 0.41292 0.14261 0.23789 0.35767 0.45009 0.53185 0.61962 0.66586 0.67429 0.70629 0.75434 0.74547 0.7156 0.70029 0.7022 0.7208 0.75339 0.79553 0.84181 0.88683 0.92606 0.95667 0.97791 0.99081 0.9974 0.99981 0.99973 0.99835 0.99648 0.99463 0.99318 0.99233 0.99218 0.99272 0.99384 0.99537 0.99704 0.99856 0.99964 1 0.9994 0.99766 0.99467 0.99039 0.98484 0.97811 0.97033
0.32702 0.41134 0.36786 0.037312 0.24477 0.32658 0.39651 0.50225 0.62198 0.67932 0.6769 0.68882 0.71602 0.69419 0.6599 0.64512 0.65065 0.67459 0.7132 0.76142 0.8135 0.8639 0.90801 0.94297 0.96802 0.98417 0.99349 0.99813 0.99984 0.99985 0.99901 0.99786 0.99681 0.99609 0.99585 0.99611 0.9968 0.99777 0.9988 0.99963 1 0.99965 0.99837 0.99599 0.99241 0.9876 0.98159 0.97445 0.96633
0.19842 0.34193 0.42388 0.17778 0.24897 0.27131 0.32059 0.45713 0.60528 0.67167 0.66167 0.6577 0.66741 0.63572 0.5994 0.58696 0.59753 0.62778 0.67296 0.72743 0.78521 0.84072 0.8894 0.9284 0.95698 0.97618 0.98809 0.99489 0.99836 0.99976 0.99998 0.99959 0.99903 0.99854 0.99832 0.9984 0.99876 0.99927 0.99976 1 0.99975 0.99877 0.99688 0.99393 0.98982 0.98453 0.97809 0.9706 0.96217
0.042599 0.30469 0.51627 0.30203 0.24348 0.19453 0.23452 0.41006 0.57785 0.64779 0.63115 0.61422 0.60931 0.57068 0.53477 0.5266 0.54371 0.58125 0.63344 0.69418 0.75743 0.8177 0.87055 0.91322 0.94504 0.96706 0.9814 0.99026 0.99544 0.99824 0.99955 0.99997 0.99996 0.99979 0.99967 0.99967 0.99979 0.99995 0.99999 0.99972 0.99892 0.9974 0.99496 0.99149 0.98691 0.98119 0.97438 0.96656 0.95787
0.13023 0.33183 0.59133 0.38672 0.2359 0.11084 0.16022 0.37315 0.54642 0.61275 0.58894 0.56078 0.5433 0.50009 0.46683 0.46495 0.49017 0.5359 0.59538 0.66226 0.73061 0.79518 0.85175 0.8977 0.93243 0.95703 0.97362 0.98442 0.99126 0.99543 0.99785 0.99912 0.99971 0.99993 0.99999 0.99999 0.99997 0.99985 0.99953 0.99883 0.99756 0.99555 0.99264 0.98871 0.9837 0.97761 0.97046 0.96236 0.95344
0.25508 0.40746 0.65157 0.45569 0.25215 0.084442 0.13834 0.35342 0.51566 0.5715 0.53934 0.5007 0.47164 0.42529 0.39658 0.40308 0.43801 0.4927 0.55953 0.63219 0.70514 0.77347 0.83325 0.88204 0.91933 0.94624 0.9649 0.97754 0.98596 0.99147 0.99499 0.99714 0.99839 0.99905 0.99936 0.99945 0.99935 0.99904 0.99843 0.99737 0.9957 0.99328 0.98994 0.98561 0.98023 0.9738 0.96636 0.95801 0.94889
0.33971 0.4818 0.69787 0.52431 0.30375 0.15727 0.18066 0.35078 0.4885 0.52887 0.48725 0.43806 0.39718 0.34782 0.3251 0.34226 0.38854 0.45266 0.52658 0.60445 0.68133 0.75279 0.81524 0.86642 0.90591 0.93487 0.9554 0.96973 0.97966 0.98648 0.99111 0.99416 0.9961 0.99725 0.99787 0.9981 0.99801 0.99757 0.99674 0.99539 0.99339 0.9906 0.9869 0.98222 0.9765 0.96977 0.96208 0.95352 0.94424
0.37112 0.51671 0.70982 0.58268 0.3722 0.24489 0.24432 0.36038 0.46694 0.48962 0.43806 0.37787 0.32366 0.26942 0.25358 0.28416 0.34328 0.41683 0.49716 0.57941 0.65942 0.73333 0.79786 0.85098 0.89231 0.92303 0.94525 0.96115 0.9725 0.98059 0.9863 0.99026 0.99292 0.99461 0.9956 0.99603 0.99599 0.9955 0.99451 0.99292 0.99064 0.98755 0.98353 0.97854 0.97254 0.96555 0.95764 0.9489 0.93948
0.3424 0.49401 0.66542 0.6151 0.43649 0.32367 0.30665 0.37725 0.45257 0.45818 0.39734 0.32625 0.25639 0.19225 0.18341 0.23112 0.30405 0.38624 0.47181 0.55735 0.63959 0.71521 0.78124 0.83581 0.87862 0.91085 0.93456 0.95188 0.96458 0.97388 0.98067 0.98554 0.98894 0.99121 0.9926 0.99328 0.99336 0.99286 0.99177 0.99001 0.98751 0.98415 0.97987 0.97462 0.96837 0.96116 0.95306 0.94417 0.93464
0.28361 0.42003 0.56154 0.61696 0.4865 0.3903 0.36277 0.39839 0.44649 0.43793 0.37009 0.2901 0.2039 0.12009 0.11687 0.18692 0.27291 0.36179 0.45091 0.53845 0.62193 0.69849 0.76543 0.821 0.86494 0.89841 0.92342 0.94205 0.956 0.96647 0.97431 0.98009 0.98425 0.98712 0.98895 0.98993 0.99017 0.98972 0.98857 0.98669 0.98401 0.98044 0.97594 0.97046 0.96399 0.9566 0.94834 0.93933 0.92971
0.23298 0.3169 0.41697 0.59432 0.5199 0.44528 0.41241 0.42199 0.44856 0.43014 0.35904 0.27507 0.17848 0.066735 0.061754 0.15734 0.25186 0.34413 0.43467 0.52275 0.60645 0.68319 0.75046 0.80659 0.85134 0.8858 0.91193 0.93173 0.94685 0.95844 0.9673 0.97399 0.97892 0.98241 0.98472 0.98603 0.98647 0.98611 0.98496 0.983 0.98018 0.97644 0.97175 0.96608 0.95944 0.95188 0.94349 0.93439 0.92471
0.20794 0.21911 0.27278 0.55633 0.53706 0.48902 0.45518 0.4459 0.45694 0.43345 0.36338 0.2818 0.18742 0.07655 0.056037 0.14857 0.24212 0.33347 0.42305 0.5102 0.5931 0.66929 0.73634 0.79262 0.83786 0.87308 0.90015 0.92101 0.93722 0.94987 0.95973 0.96731 0.97301 0.97714 0.97995 0.98162 0.9823 0.98207 0.98096 0.97896 0.97604 0.97218 0.96733 0.96151 0.95472 0.94704 0.93854 0.92936 0.91965
0.22169 0.19526 0.20833 0.50902 0.53855 0.52061 0.4892 0.46694 0.46829 0.44437 0.37908 0.30494 0.22182 0.1302 0.1019 0.16095 0.24341 0.32951 0.41581 0.5006 0.58175 0.65672 0.72305 0.7791 0.82453 0.8603 0.88816 0.90996 0.92717 0.94083 0.95166 0.96012 0.9666 0.97137 0.9747 0.97677 0.97772 0.97765 0.97661 0.9746 0.97163 0.96767 0.96271 0.95676 0.94985 0.94206 0.93349 0.92425 0.91452
0.28183 0.26673 0.25283 0.45336 0.52524 0.53832 0.51145 0.48128 0.47859 0.45859 0.40097 0.33694 0.2674 0.1891 0.15529 0.18754 0.25389 0.33144 0.41249 0.49368 0.57224 0.64538 0.71055 0.76602 0.81139 0.8475 0.87601 0.89863 0.91677 0.9314 0.94315 0.95248 0.95973 0.96517 0.96903 0.97151 0.97276 0.97288 0.97194 0.96996 0.96697 0.96294 0.95789 0.95184 0.94484 0.93698 0.92834 0.91907 0.90934
0.35865 0.34926 0.29872 0.38768 0.49925 0.54069 0.51888 0.48529 0.48418 0.47221 0.42442 0.37162 0.31516 0.24537 0.20697 0.22076 0.27087 0.3381 0.4125 0.4891 0.56436 0.63515 0.69876 0.75336 0.79844 0.83472 0.86373 0.88709 0.90609 0.92162 0.93428 0.94446 0.95247 0.95857 0.96298 0.96588 0.96745 0.96779 0.96698 0.96507 0.96207 0.95801 0.9529 0.94678 0.93971 0.93179 0.92311 0.91383 0.90411
0.40492 0.39552 0.28712 0.31327 0.46439 0.52741 0.50934 0.47629 0.48243 0.48238 0.4461 0.40497 0.36068 0.29712 0.25509 0.25592 0.29173 0.34823 0.41518 0.48647 0.55788 0.6259 0.68763 0.7411 0.78569 0.82198 0.85138 0.87538 0.89516 0.91156 0.92509 0.93609 0.94487 0.95162 0.95659 0.95994 0.96184 0.96242 0.96177 0.95994 0.95697 0.9529 0.94775 0.94159 0.93447 0.92651 0.91781 0.90853 0.89883
0.40697 0.40654 0.22105 0.24029 0.42546 0.49962 0.48218 0.45299 0.472 0.48741 0.46396 0.43469 0.40192 0.34371 0.29908 0.29051 0.3144 0.36064 0.41982 0.48539 0.55256 0.61749 0.67707 0.7292 0.77313 0.8093 0.83898 0.86353 0.88405 0.90126 0.91563 0.92744 0.93696 0.94438 0.9499 0.95371 0.95597 0.9568 0.95632 0.9546 0.95168 0.94762 0.94246 0.93627 0.92913 0.92114 0.91244 0.90318 0.89352
0.39204 0.41262 0.15688 0.19008 0.38694 0.45984 0.43831 0.41561 0.45293 0.48664 0.47691 0.45959 0.43797 0.38497 0.33875 0.32324 0.3374 0.37426 0.4258 0.48547 0.54816 0.60977 0.667 0.71763 0.76076 0.7967 0.82657 0.8516 0.87279 0.89077 0.90594 0.91855 0.9288 0.93687 0.94296 0.94723 0.94985 0.95096 0.95067 0.94907 0.94623 0.9422 0.93705 0.93085 0.9237 0.91571 0.90701 0.89778 0.88818
0.3935 0.43918 0.18719 0.18129 0.35191 0.4117 0.38017 0.36583 0.42648 0.48025 0.4846 0.47922 0.46852 0.42092 0.37406 0.35344 0.35972 0.38828 0.43255 0.48633 0.54444 0.60259 0.65735 0.70635 0.74856 0.78418 0.81415 0.83961 0.86142 0.88013 0.89608 0.90945 0.92042 0.92914 0.93579 0.94052 0.94352 0.94491 0.94483 0.94338 0.94062 0.93665 0.93152 0.92533 0.91818 0.91021 0.90154 0.89235 0.88281
0.42229 0.48008 0.26778 0.20101 0.32214 0.35996 0.3115 0.30658 0.39492 0.469 0.48714 0.49358 0.49364 0.45175 0.4051 0.38078 0.3807 0.40204 0.43957 0.48765 0.5412 0.59583 0.64802 0.69531 0.73653 0.77175 0.80177 0.82759 0.84997 0.86938 0.88607 0.90018 0.91186 0.92122 0.92842 0.93363 0.937 0.93869 0.93883 0.93753 0.93489 0.93098 0.92589 0.91973 0.9126 0.90465 0.89602 0.88688 0.87741
0.46411 0.51475 0.32739 0.22372 0.29901 0.31071 0.23738 0.242 0.36124 0.45396 0.48499 0.50296 0.51361 0.47773 0.43204 0.40512 0.39995 0.41508 0.44647 0.48915 0.53823 0.58936 0.63896 0.68448 0.72466 0.75941 0.78943 0.81556 0.83847 0.85854 0.87595 0.89078 0.90315 0.91314 0.92089 0.92656 0.93032 0.93232 0.93269 0.93156 0.92903 0.92521 0.92018 0.91405 0.90696 0.89905 0.89046 0.88138 0.872
0.49733 0.53244 0.34824 0.23896 0.28441 0.27153 0.16545 0.1779 0.32876 0.43632 0.47878 0.50786 0.52884 0.4992 0.45507 0.42645 0.41723 0.42706 0.45295 0.49057 0.53537 0.58307 0.63009 0.67382 0.71292 0.74717 0.77714 0.80355 0.82696 0.84765 0.86574 0.88128 0.89432 0.90492 0.91322 0.91936 0.92351 0.92581 0.92643 0.92548 0.92308 0.91935 0.91438 0.90831 0.90127 0.8934 0.88487 0.87586 0.86657
0.5129 0.5337 0.33159 0.24761 0.28028 0.25009 0.11131 0.1242 0.30064 0.41718 0.46922 0.50888 0.53983 0.51652 0.47443 0.44481 0.43241 0.43776 0.45876 0.49174 0.53247 0.57686 0.62135 0.66331 0.70131 0.73504 0.76492 0.79158 0.81545 0.83673 0.85549 0.8717 0.88539 0.8966 0.90544 0.91204 0.91658 0.9192 0.92006 0.91929 0.91704 0.91341 0.90853 0.90252 0.89553 0.88772 0.87925 0.87032 0.86113
0.51301 0.5223 0.2813 0.25393 0.28697 0.24994 0.10502 0.099728 0.2791 0.39743 0.45709 0.50667 0.54711 0.53009 0.49037 0.46032 0.44544 0.44704 0.46374 0.49248 0.52941 0.57064 0.61268 0.6529 0.68982 0.72301 0.75279 0.77966 0.80396 0.82581 0.8452 0.86207 0.8764 0.88819 0.89756 0.90463 0.90955 0.91248 0.91359 0.91303 0.91092 0.90741 0.90261 0.89668 0.88976 0.88201 0.87362 0.86477 0.85568
0.50354 0.50267 0.19999 0.26209 0.3021 0.26697 0.14383 0.11585 0.26477 0.3777 0.44313 0.50194 0.55123 0.5403 0.50315 0.4731 0.45634 0.45481 0.46776 0.49268 0.5261 0.56435 0.60404 0.64258 0.67842 0.71108 0.74074 0.76781 0.79251 0.8149 0.83491 0.85241 0.86735 0.87973 0.88962 0.89713 0.90243 0.90569 0.90705 0.90669 0.90474 0.90135 0.89665 0.8908 0.88395 0.87628 0.86797 0.85921 0.85023
0.49389 0.48454 0.09855 0.27541 0.32129 0.29251 0.19328 0.15109 0.25636 0.35833 0.42808 0.49533 0.5527 0.54752 0.51304 0.48332 0.46516 0.46104 0.47075 0.49226 0.52246 0.55792 0.59539 0.63231 0.66713 0.69925 0.72879 0.75604 0.78113 0.80404 0.82463 0.84274 0.85828 0.87122 0.88162 0.88958 0.89526 0.89883 0.90045 0.90029 0.89851 0.89525 0.89065 0.88489 0.87812 0.87053 0.8623 0.85365 0.84477
0.4955 0.48384 0.087828 0.29509 0.33974 0.31861 0.23781 0.18615 0.25126 0.33944 0.41262 0.48749 0.55203 0.55212 0.52028 0.49113 0.47197 0.46573 0.47267 0.49115 0.51843 0.55131 0.5867 0.62209 0.65592 0.68753 0.71695 0.74436 0.76982 0.79323 0.81438 0.83309 0.84921 0.86269 0.87358 0.88198 0.88803 0.89192 0.8938 0.89385 0.89223 0.8891 0.88462 0.87896 0.87228 0.86477 0.85664 0.84808 0.83931
0.51378 0.51023 0.20938 0.31837 0.35356 0.34006 0.27236 0.21349 0.24646 0.32107 0.39741 0.47898 0.54965 0.55443 0.52512 0.4967 0.47687 0.46893 0.47349 0.48932 0.51397 0.54449 0.57794 0.6119 0.64479 0.67592 0.70522 0.73279 0.7586 0.78248 0.80419 0.82346 0.84014 0.85415 0.86552 0.87435 0.88077 0.88497 0.88711 0.88737 0.88592 0.88294 0.87857 0.87301 0.86642 0.85901 0.85097 0.84251 0.83386
0.54118 0.55465 0.32945 0.33889 0.36022 0.35409 0.29521 0.23032 0.23944 0.3033 0.38304 0.4703 0.54595 0.55475 0.5278 0.50021 0.47996 0.47066 0.47324 0.48675 0.50905 0.53743 0.5691 0.60172 0.63373 0.66441 0.69361 0.72133 0.74748 0.77182 0.79405 0.81387 0.83109 0.84561 0.85746 0.8667 0.87349 0.87799 0.88039 0.88086 0.87959 0.87675 0.87251 0.86705 0.86056 0.85324 0.8453 0.83695 0.82842
0.56132 0.59691 0.41973 0.34952 0.35868 0.35978 0.30618 0.23575 0.22852 0.28633 0.37007 0.46186 0.54127 0.55336 0.52853 0.50181 0.48137 0.47101 0.47193 0.48344 0.50367 0.53011 0.56015 0.59154 0.62275 0.65301 0.68212 0.70999 0.73647 0.76126 0.78399 0.80433 0.82208 0.8371 0.8494 0.85905 0.86619 0.871 0.87365 0.87434 0.87324 0.87055 0.86643 0.86108 0.85469 0.84747 0.83963 0.83139 0.82299
0.56154 0.62114 0.46903 0.34523 0.3493 0.35753 0.30605 0.22988 0.21294 0.27063 0.35897 0.45396 0.53585 0.55049 0.52751 0.50167 0.48119 0.47004 0.4696 0.47941 0.49782 0.52253 0.5511 0.58137 0.61184 0.64173 0.67076 0.69879 0.72559 0.7508 0.77401 0.79487 0.81312 0.82862 0.84136 0.8514 0.85889 0.864 0.8669 0.8678 0.86688 0.86434 0.86035 0.85511 0.84883 0.84171 0.83398 0.82585 0.81756
0.54047 0.62242 0.47628 0.32452 0.33356 0.34869 0.29635 0.21347 0.19286 0.25693 0.35008 0.44681 0.52992 0.54634 0.52493 0.49994 0.47955 0.46783 0.46629 0.47467 0.4915 0.51469 0.54194 0.57119 0.601 0.63056 0.65953 0.68772 0.71483 0.74045 0.76413 0.78548 0.80421 0.82018 0.83334 0.84377 0.8516 0.857 0.86016 0.86127 0.86053 0.85813 0.85427 0.84915 0.84298 0.83597 0.82834 0.82032 0.81215
0.50614 0.60517 0.44874 0.28932 0.31376 0.33527 0.27928 0.18775 0.16936 0.24617 0.34365 0.44052 0.52361 0.54109 0.52096 0.49677 0.47657 0.46446 0.46207 0.46925 0.48473 0.50658 0.53266 0.56102 0.59024 0.6195 0.64844 0.6768 0.70421 0.73023 0.75436 0.77617 0.79538 0.81179 0.82537 0.83617 0.84433 0.85001 0.85342 0.85473 0.85417 0.85193 0.8482 0.8432 0.83713 0.83023 0.82271 0.81481 0.80676
0.47032 0.5781 0.39892 0.24388 0.29261 0.31974 0.25775 0.15437 0.14473 0.23933 0.33971 0.43509 0.51701 0.53488 0.51574 0.49229 0.47236 0.46002 0.45698 0.46319 0.47752 0.49822 0.52328 0.55084 0.57954 0.60856 0.63749 0.66602 0.69374 0.72013 0.7447 0.76696 0.78662 0.80345 0.81743 0.8286 0.83708 0.84304 0.84669 0.84821 0.84783 0.84573 0.84214 0.83726 0.83131 0.82451 0.8171 0.80931 0.80139
0.44358 0.54915 0.34096 0.19352 0.2728 0.3048 0.23551 0.11566 0.12304 0.23721 0.33816 0.43044 0.51018 0.52784 0.50941 0.48662 0.46702 0.4546 0.45108 0.45652 0.46991 0.48962 0.51379 0.54066 0.56893 0.59775 0.62669 0.6554 0.68341 0.71018 0.73516 0.75786 0.77794 0.79519 0.80955 0.82107 0.82986 0.8361 0.83998 0.84171 0.8415 0.83956 0.83609 0.83134 0.8255 0.81881 0.81151 0.80384 0.79604
0.43164 0.52269 0.28768 0.14376 0.2567 0.29306 0.21718 0.076006 0.11079 0.24014 0.33872 0.42646 0.50313 0.52006 0.50209 0.4799 0.46066 0.44827 0.44445 0.4493 0.46191 0.4808 0.50421 0.5305 0.55839 0.58706 0.61604 0.64493 0.67323 0.70037 0.72575 0.74886 0.76935 0.787 0.80173 0.81359 0.82268 0.82918 0.8333 0.83522 0.83519 0.8334 0.83007 0.82543 0.81971 0.81313 0.80594 0.79838 0.7907
0.43366 0.49967 0.24857 0.10112 0.24603 0.28675 0.20771 0.050157 0.11435 0.24785 0.34097 0.42295 0.49586 0.51162 0.49391 0.47222 0.45338 0.44112 0.43713 0.44156 0.45356 0.47176 0.49455 0.52035 0.54794 0.5765 0.60555 0.63463 0.66322 0.6907 0.71646 0.73998 0.76087 0.77889 0.79398 0.80616 0.81554 0.8223 0.82664 0.82877 0.8289 0.82726 0.82407 0.81956 0.81394 0.80748 0.8004 0.79296 0.7854
0.44433 0.47941 0.22798 0.077047 0.2418 0.28722 0.21073 0.067383 0.13383 0.2595 0.34444 0.41972 0.48835 0.5026 0.48494 0.4637 0.44527 0.43323 0.4292 0.43334 0.44488 0.46254 0.48481 0.51021 0.53757 0.56607 0.5952 0.62449 0.65337 0.68118 0.70732 0.73121 0.75248 0.77087 0.7863 0.79879 0.80845 0.81547 0.82002 0.82234 0.82265 0.82116 0.8181 0.81371 0.80821 0.80185 0.79489 0.78755 0.78012
0.45791 0.46086 0.22343 0.083939 0.24423 0.29467 0.22666 0.11059 0.16358 0.27395 0.34861 0.41655 0.48057 0.49305 0.4753 0.45443 0.43643 0.42468 0.42072 0.4247 0.4359 0.45315 0.47502 0.50011 0.5273 0.55578 0.58502 0.61452 0.64368 0.67182 0.69831 0.72257 0.7442 0.76293 0.77869 0.79148 0.80142 0.80867 0.81345 0.81596 0.81643 0.81508 0.81216 0.80789 0.8025 0.79626 0.7894 0.78218 0.77486
0.47 0.4424 0.22657 0.11245 0.25288 0.30828 0.25276 0.15939 0.19809 0.28999 0.35298 0.41325 0.47248 0.48302 0.46505 0.44451 0.42694 0.41553 0.41173 0.41567 0.42666 0.44361 0.46517 0.49005 0.51713 0.54563 0.57501 0.60472 0.63415 0.66262 0.68945 0.71405 0.73602 0.75509 0.77116 0.78424 0.79444 0.80193 0.80691 0.80961 0.81024 0.80904 0.80625 0.8021 0.79683 0.7907 0.78395 0.77684 0.76964
0.47649 0.42137 0.22745 0.14758 0.26678 0.32655 0.2852 0.20837 0.23385 0.30644 0.35709 0.40965 0.46405 0.47256 0.45428 0.434 0.41687 0.40587 0.40231 0.4063 0.41719 0.43394 0.4553 0.48003 0.50707 0.53563 0.56515 0.59509 0.6248 0.65358 0.68073 0.70566 0.72796 0.74735 0.76371 0.77707 0.78752 0.79524 0.80042 0.8033 0.80409 0.80304 0.80038 0.79634 0.79119 0.78517 0.77852 0.77153 0.76444
0.47318 0.3948 0.21801 0.18294 0.28457 0.34778 0.32059 0.25549 0.26871 0.32235 0.36054 0.40558 0.45527 0.46171 0.44305 0.423 0.40631 0.39575 0.3925 0.39664 0.40752 0.42417 0.44541 0.47007 0.49711 0.52577 0.55547 0.58564 0.61562 0.64469 0.67216 0.69741 0.72002 0.7397 0.75635 0.76997 0.78066 0.7886 0.79399 0.79704 0.79799 0.79708 0.79454 0.79063 0.78559 0.77967 0.77314 0.76625 0.75928
0.45765 0.36122 0.19365 0.2163 0.30467 0.37038 0.35647 0.29959 0.30131 0.33691 0.36301 0.40095 0.44612 0.45052 0.43143 0.41157 0.39532 0.38523 0.38236 0.38671 0.39767 0.41431 0.43552 0.46017 0.48727 0.51606 0.54595 0.57636 0.60661 0.63597 0.66373 0.68928 0.71219 0.73216 0.74908 0.76295 0.77388 0.78203 0.7876 0.79082 0.79193 0.79116 0.78875 0.78495 0.78002 0.77421 0.76779 0.76101 0.75414
0.43172 0.32288 0.15396 0.24694 0.32548 0.39303 0.39116 0.33993 0.33078 0.34954 0.36427 0.39565 0.43659 0.43902 0.41949 0.39978 0.38398 0.37438 0.37194 0.37658 0.38769 0.40439 0.42564 0.45035 0.47756 0.50651 0.53661 0.56726 0.59778 0.62741 0.65546 0.6813 0.70448 0.72472 0.7419 0.75601 0.76716 0.77551 0.78127 0.78466 0.78591 0.78528 0.783 0.77932 0.7745 0.76879 0.76247 0.7558 0.74905
0.40144 0.2866 0.10438 0.27479 0.34545 0.41471 0.42357 0.37602 0.35652 0.35981 0.36415 0.38966 0.4267 0.42726 0.40726 0.3877 0.37233 0.36326 0.36128 0.36626 0.37759 0.39443 0.41578 0.44061 0.46797 0.49712 0.52744 0.55834 0.58911 0.61902 0.64734 0.67344 0.69689 0.71739 0.73481 0.74915 0.76051 0.76906 0.775 0.77855 0.77995 0.77945 0.77729 0.77372 0.76901 0.76341 0.7572 0.75063 0.74398
0.37401 0.2621 0.068091 0.29985 0.36326 0.4347 0.45304 0.40755 0.37819 0.36743 0.36256 0.38296 0.41647 0.41527 0.39482 0.37537 0.36044 0.35191 0.35042 0.3558 0.36741 0.38445 0.40597 0.43096 0.45852 0.48789 0.51845 0.54959 0.58063 0.61079 0.63936 0.66572 0.68942 0.71016 0.72781 0.74237 0.75394 0.76267 0.76878 0.77249 0.77404 0.77367 0.77163 0.76817 0.76357 0.75808 0.75196 0.74549 0.73895
0.35342 0.25599 0.094463 0.32189 0.37784 0.45255 0.47919 0.43441 0.39559 0.37225 0.35945 0.37555 0.40594 0.40311 0.38221 0.36286 0.34835 0.34038 0.33942 0.34523 0.35717 0.37446 0.3962 0.42141 0.4492 0.47882 0.50963 0.54103 0.57231 0.60272 0.63154 0.65814 0.68207 0.70304 0.72091 0.73568 0.74744 0.75635 0.76263 0.76649 0.76818 0.76793 0.76601 0.76267 0.75817 0.75278 0.74676 0.7404 0.73396
0.33805 0.26533 0.15694 0.34022 0.38844 0.46805 0.5019 0.45658 0.40869 0.37423 0.35485 0.36748 0.39513 0.39081 0.36947 0.35022 0.33613 0.32871 0.32831 0.33458 0.34689 0.36449 0.3865 0.41198 0.44003 0.46991 0.50099 0.53264 0.56417 0.59482 0.62387 0.65069 0.67485 0.69603 0.71411 0.72907 0.74102 0.7501 0.75654 0.76055 0.76237 0.76225 0.76044 0.75721 0.75282 0.74753 0.74161 0.73534 0.729
0.32234 0.28015 0.22197 0.35371 0.39466 0.48119 0.52118 0.4742 0.41755 0.3734 0.34882 0.35882 0.3841 0.37841 0.35666 0.33749 0.32382 0.31696 0.31711 0.32388 0.3366 0.35455 0.37688 0.40266 0.43101 0.46118 0.49253 0.52444 0.5562 0.58708 0.61634 0.64338 0.66775 0.68913 0.7074 0.72255 0.73467 0.74392 0.75051 0.75466 0.75662 0.75662 0.75493 0.7518 0.74751 0.74232 0.7365 0.73033 0.72409
0.30049 0.2911 0.27941 0.361 0.39646 0.49213 0.5372 0.48747 0.42235 0.36987 0.34147 0.34963 0.3729 0.36597 0.34382 0.32471 0.31145 0.30515 0.30588 0.31315 0.32632 0.34466 0.36735 0.39347 0.42215 0.45262 0.48425 0.51641 0.54841 0.5795 0.60897 0.63621 0.66076 0.68233 0.70079 0.71611 0.7284 0.73782 0.74455 0.74884 0.75092 0.75104 0.74946 0.74644 0.74225 0.73715 0.73143 0.72535 0.71921
0.26907 0.29324 0.32502 0.36075 0.39411 0.50114 0.55018 0.49669 0.42332 0.36381 0.33293 0.34 0.3616 0.35353 0.33098 0.31193 0.29906 0.29332 0.29463 0.30244 0.31607 0.33483 0.35792 0.38441 0.41344 0.44423 0.47614 0.50856 0.54078 0.57208 0.60174 0.62917 0.6539 0.67565 0.69428 0.70977 0.72222 0.73178 0.73866 0.74308 0.74528 0.74552 0.74405 0.74113 0.73704 0.73204 0.7264 0.72042 0.71437
0.22757 0.28593 0.35706 0.35189 0.38823 0.5086 0.56045 0.50221 0.42075 0.35542 0.32334 0.33004 0.35024 0.34112 0.3182 0.29919 0.2867 0.28151 0.2834 0.29174 0.30587 0.32509 0.3486 0.3755 0.40489 0.43601 0.46822 0.50088 0.53333 0.56482 0.59467 0.62226 0.64716 0.66907 0.68786 0.70351 0.71611 0.72581 0.73283 0.73737 0.7397 0.74005 0.73869 0.73587 0.73187 0.72696 0.72142 0.71553 0.70957
0.1777 0.2716 0.37552 0.33373 0.37975 0.51494 0.56833 0.50442 0.41499 0.34494 0.31288 0.31986 0.3389 0.3288 0.3055 0.28652 0.2744 0.26975 0.27221 0.2811 0.29574 0.31543 0.3394 0.36673 0.39651 0.42798 0.46047 0.49339 0.52604 0.55772 0.58773 0.61549 0.64054 0.66261 0.68154 0.69734 0.71008 0.71992 0.72706 0.73174 0.73418 0.73464 0.73338 0.73066 0.72676 0.72194 0.71649 0.71068 0.70481
0.12241 0.2544 0.38163 0.30607 0.36987 0.5206 0.57419 0.50374 0.40639 0.33262 0.30172 0.30954 0.32764 0.31661 0.29293 0.27396 0.26218 0.25805 0.26108 0.27053 0.28569 0.30589 0.33033 0.35811 0.3883 0.42012 0.45291 0.48607 0.51892 0.55077 0.58094 0.60884 0.63404 0.65625 0.67532 0.69125 0.70413 0.7141 0.72137 0.72616 0.72871 0.72928 0.72812 0.7255 0.72169 0.71696 0.7116 0.70588 0.70009
0.064912 0.23898 0.37758 0.26918 0.35999 0.52601 0.57839 0.50062 0.39533 0.31871 0.29005 0.2992 0.31652 0.30459 0.28052 0.26154 0.25008 0.24646 0.25004 0.26004 0.27573 0.29646 0.32141 0.34965 0.38026 0.41244 0.44552 0.47892 0.51196 0.54398 0.57429 0.60233 0.62766 0.64999 0.6692 0.68526 0.69826 0.70835 0.71574 0.72065 0.72331 0.72398 0.72292 0.72039 0.71667 0.71203 0.70675 0.70112 0.69541
0.0077644 0.22929 0.36633 0.22373 0.3517 0.53155 0.58129 0.49547 0.3822 0.30348 0.27803 0.28895 0.30559 0.29279 0.26831 0.24929 0.23813 0.23498 0.23911 0.24965 0.26589 0.28715 0.31263 0.34136 0.3724 0.40494 0.43832 0.47194 0.50517 0.53734 0.56778 0.59594 0.62139 0.64384 0.66317 0.67935 0.69247 0.70268 0.71018 0.7152 0.71797 0.71874 0.71777 0.71534 0.71171 0.70715 0.70195 0.6964 0.69078
0.046066 0.22751 0.35156 0.17078 0.34655 0.53755 0.58322 0.48873 0.36736 0.28718 0.26584 0.27887 0.29492 0.28125 0.25633 0.23724 0.22634 0.22364 0.2283 0.23939 0.25618 0.27799 0.30401 0.33324 0.36472 0.39762 0.43128 0.46513 0.49854 0.53084 0.56141 0.58968 0.61524 0.6378 0.65723 0.67353 0.68676 0.69708 0.70469 0.70981 0.71268 0.71355 0.71268 0.71034 0.70679 0.70232 0.6972 0.69173 0.68618
0.092984 0.23379 0.33756 0.11179 0.3459 0.54425 0.58448 0.4808 0.35117 0.27005 0.25364 0.26906 0.28456 0.27 0.24461 0.22541 0.21474 0.21247 0.21763 0.22925 0.2466 0.26898 0.29555 0.32529 0.35721 0.39048 0.42443 0.4585 0.49207 0.5245 0.55518 0.58355 0.6092 0.63186 0.6514 0.66779 0.68113 0.69156 0.69927 0.70449 0.70746 0.70843 0.70765 0.70539 0.70192 0.69753 0.6925 0.6871 0.68163
0.13522 0.24693 0.32905 0.049568 0.35074 0.55183 0.58533 0.47206 0.33399 0.2523 0.24161 0.25959 0.27456 0.25908 0.23319 0.21384 0.20334 0.20146 0.20711 0.21926 0.23716 0.26012 0.28726 0.31752 0.34989 0.38352 0.41775 0.45202 0.48575 0.5183 0.54908 0.57754 0.60328 0.62602 0.64565 0.66214 0.67558 0.6861 0.69392 0.69924 0.7023 0.70336 0.70266 0.70049 0.69711 0.6928 0.68784 0.68252 0.67712
0.17186 0.26543 0.33036 0.030783 0.36143 0.56038 0.58601 0.46286 0.31613 0.23414 0.22987 0.25055 0.26497 0.24854 0.2221 0.20255 0.19218 0.19065 0.19675 0.20942 0.22789 0.25144 0.27915 0.30994 0.34276 0.37674 0.41125 0.44572 0.47959 0.51225 0.54311 0.57165 0.59746 0.62029 0.64 0.65658 0.6701 0.68073 0.68863 0.69404 0.6972 0.69834 0.69774 0.69565 0.69235 0.68811 0.68323 0.67798 0.67266
0.20355 0.28802 0.34411 0.096933 0.37779 0.56993 0.58669 0.45351 0.29788 0.21574 0.21856 0.24199 0.25582 0.23841 0.21136 0.19155 0.18127 0.18004 0.18657 0.19975 0.21878 0.24292 0.27122 0.30254 0.33581 0.37014 0.40491 0.43957 0.47358 0.50633 0.53727 0.56587 0.59176 0.61465 0.63444 0.6511 0.66471 0.67542 0.68341 0.68891 0.69216 0.69339 0.69287 0.69086 0.68763 0.68348 0.67866 0.67349 0.66823
0.23131 0.31367 0.37029 0.16736 0.39913 0.58045 0.58752 0.44428 0.27953 0.19726 0.20781 0.23397 0.24717 0.22872 0.20102 0.18088 0.17062 0.16965 0.17658 0.19025 0.20985 0.23459 0.26347 0.29533 0.32904 0.36373 0.39875 0.43359 0.46772 0.50056 0.53156 0.56022 0.58616 0.60912 0.62897 0.6457 0.65939 0.67018 0.67826 0.68385 0.68718 0.68849 0.68805 0.68612 0.68297 0.67889 0.67415 0.66904 0.66385
0.25611 0.34135 0.40652 0.23769 0.42449 0.59186 0.58861 0.4354 0.26133 0.17884 0.19773 0.22654 0.23904 0.2195 0.19109 0.17056 0.16024 0.15948 0.16677 0.18093 0.2011 0.22645 0.25593 0.28831 0.32246 0.35749 0.39276 0.42777 0.462 0.49492 0.52597 0.55468 0.58067 0.60368 0.62359 0.64039 0.65415 0.66502 0.67318 0.67885 0.68226 0.68365 0.68329 0.68144 0.67836 0.67435 0.66968 0.66464 0.65951
0.27854 0.36986 0.44917 0.30623 0.45281 0.60403 0.59003 0.42706 0.24354 0.1606 0.18841 0.21972 0.23145 0.21079 0.18161 0.16062 0.15017 0.14954 0.15717 0.17179 0.19253 0.2185 0.24858 0.28149 0.31607 0.35143 0.38693 0.4221 0.45643 0.48941 0.52051 0.54925 0.57528 0.59833 0.6183 0.63516 0.64899 0.65993 0.66817 0.67391 0.6774 0.67887 0.67858 0.67681 0.6738 0.66986 0.66526 0.66028 0.65522
0.29859 0.39777 0.49443 0.37164 0.48305 0.61682 0.59183 0.41945 0.22641 0.14265 0.17994 0.21354 0.22443 0.20262 0.1726 0.15107 0.1404 0.13985 0.14777 0.16285 0.18417 0.21076 0.24143 0.27486 0.30987 0.34554 0.38127 0.41658 0.451 0.48404 0.51517 0.54394 0.56999 0.59308 0.61309 0.63 0.6439 0.65491 0.66322 0.66904 0.6726 0.67415 0.67393 0.67223 0.6693 0.66542 0.66088 0.65597 0.65097
0.31555 0.42356 0.5388 0.43281 0.51431 0.63008 0.59404 0.41268 0.2102 0.12511 0.17239 0.20803 0.218 0.195 0.1641 0.14194 0.13095 0.1304 0.13858 0.15412 0.17601 0.20322 0.23448 0.26844 0.30386 0.33984 0.37577 0.41121 0.44571 0.47879 0.50995 0.53873 0.56481 0.58793 0.60797 0.62493 0.63888 0.64996 0.65833 0.66422 0.66786 0.66948 0.66934 0.6677 0.66484 0.66103 0.65655 0.6517 0.64676
0.32818 0.44577 0.57931 0.48882 0.54579 0.64364 0.59666 0.40687 0.19519 0.10811 0.16584 0.20317 0.21217 0.18795 0.15613 0.13325 0.12185 0.12121 0.1296 0.14558 0.16805 0.19589 0.22775 0.26221 0.29803 0.3343 0.37043 0.40599 0.44056 0.47367 0.50484 0.53363 0.55972 0.58286 0.60294 0.61994 0.63394 0.64507 0.65351 0.65947 0.66318 0.66487 0.6648 0.66323 0.66043 0.65669 0.65227 0.64748 0.64259
0.33497 0.46315 0.61351 0.53898 0.57687 0.65735 0.5997 0.40211 0.18172 0.091863 0.16032 0.19899 0.20694 0.1815 0.14872 0.12504 0.1131 0.11228 0.12084 0.13725 0.16032 0.18879 0.22123 0.25619 0.2924 0.32894 0.36525 0.40092 0.43554 0.46867 0.49984 0.52864 0.55473 0.57789 0.59799 0.61503 0.62908 0.64026 0.64876 0.65478 0.65855 0.66031 0.66031 0.65881 0.65608 0.65239 0.64804 0.6433 0.63847
0.33463 0.47478 0.63947 0.5828 0.60702 0.67107 0.60315 0.39847 0.17013 0.076694 0.15588 0.19546 0.20231 0.17565 0.14188 0.11732 0.10473 0.10362 0.1123 0.12914 0.1528 0.18191 0.21493 0.25037 0.28695 0.32375 0.36023 0.39599 0.43065 0.46379 0.49496 0.52375 0.54984 0.573 0.59312 0.61019 0.62428 0.63551 0.64407 0.65016 0.65399 0.65582 0.65588 0.65444 0.65177 0.64815 0.64385 0.63917 0.63439
0.32646 0.48017 0.65572 0.62005 0.63587 0.68466 0.60702 0.39602 0.16084 0.063205 0.15253 0.19257 0.19827 0.17041 0.13564 0.11014 0.096743 0.095225 0.10397 0.12125 0.14552 0.17525 0.20885 0.24476 0.28168 0.31873 0.35536 0.3912 0.42589 0.45903 0.49018 0.51896 0.54504 0.5682 0.58834 0.60543 0.61956 0.63084 0.63945 0.64559 0.64949 0.65137 0.6515 0.65013 0.64752 0.64395 0.63971 0.63508 0.63035
0.31077 0.47921 0.66131 0.6507 0.66312 0.69803 0.6113 0.39481 0.15424 0.052495 0.15027 0.19029 0.19481 0.16577 0.13001 0.1035 0.089175 0.087108 0.095864 0.11357 0.13846 0.16884 0.20299 0.23934 0.2766 0.31387 0.35064 0.38654 0.42125 0.45438 0.48551 0.51426 0.54033 0.56349 0.58363 0.60074 0.6149 0.62622 0.63488 0.64108 0.64504 0.64699 0.64717 0.64586 0.64331 0.6398 0.63562 0.63104 0.62636
0.28902 0.47213 0.6557 0.67501 0.6886 0.71107 0.61599 0.39487 0.15066 0.046308 0.14909 0.18862 0.19191 0.16173 0.12501 0.097449 0.082048 0.079272 0.087976 0.10613 0.13165 0.16266 0.19736 0.23414 0.2717 0.30918 0.34606 0.38202 0.41674 0.44984 0.48095 0.50967 0.53571 0.55885 0.579 0.59613 0.61032 0.62168 0.63038 0.63663 0.64065 0.64265 0.6429 0.64165 0.63915 0.6357 0.63157 0.62704 0.6224
0.26389 0.45945 0.63879 0.69339 0.71218 0.72373 0.62111 0.39622 0.1503 0.046287 0.14896 0.1875 0.18953 0.15827 0.12062 0.092005 0.075392 0.071725 0.080305 0.098914 0.12509 0.15673 0.19195 0.22913 0.26699 0.30465 0.34164 0.37763 0.41234 0.44542 0.47648 0.50517 0.53118 0.5543 0.57445 0.59159 0.6058 0.6172 0.62595 0.63225 0.63631 0.63838 0.63868 0.63748 0.63505 0.63165 0.62757 0.62308 0.61849
0.23897 0.44182 0.61088 0.7065 0.73382 0.73595 0.62664 0.39889 0.15317 0.052284 0.14981 0.18691 0.18766 0.15536 0.11685 0.087193 0.069246 0.064477 0.072851 0.09194 0.11879 0.15105 0.18677 0.22434 0.26245 0.30028 0.33735 0.37337 0.40807 0.4411 0.47212 0.50076 0.52673 0.54984 0.56997 0.58712 0.60135 0.61278 0.62157 0.62792 0.63203 0.63415 0.63451 0.63337 0.63099 0.62764 0.62361 0.61917 0.61463
0.21813 0.42002 0.57262 0.71513 0.7535 0.74768 0.63261 0.40285 0.15907 0.062472 0.15159 0.18681 0.18625 0.15298 0.11369 0.08303 0.063651 0.057542 0.065613 0.085213 0.11275 0.14562 0.18183 0.21974 0.2581 0.29607 0.3332 0.36923 0.4039 0.43689 0.46785 0.49644 0.52237 0.54545 0.56557 0.58272 0.59697 0.60842 0.61725 0.62364 0.62781 0.62998 0.63039 0.62931 0.62698 0.62368 0.6197 0.61531 0.6108
0.20444 0.39485 0.52501 0.72018 0.77127 0.75892 0.63899 0.40808 0.16765 0.075065 0.15421 0.18716 0.18527 0.15108 0.1111 0.079526 0.058657 0.05094 0.058588 0.078743 0.10699 0.14045 0.17711 0.21535 0.25392 0.29201 0.32919 0.36522 0.39985 0.43278 0.46368 0.49221 0.51809 0.54114 0.56124 0.57839 0.59265 0.60413 0.61299 0.61943 0.62364 0.62586 0.62633 0.62529 0.62302 0.61977 0.61583 0.61148 0.60702
0.19895 0.36726 0.4694 0.72264 0.78718 0.76963 0.6458 0.41452 0.17848 0.088958 0.15759 0.18792 0.18467 0.14964 0.10906 0.076678 0.054317 0.0447 0.051777 0.072543 0.10152 0.13556 0.17263 0.21116 0.24991 0.2881 0.32531 0.36132 0.39591 0.42877 0.4596 0.48806 0.51389 0.5369 0.55698 0.57413 0.5884 0.5999 0.6088 0.61527 0.61953 0.6218 0.62231 0.62133 0.6191 0.61591 0.61201 0.6077 0.60327
0.20038 0.33839 0.40756 0.72349 0.8013 0.77981 0.653 0.42212 0.19113 0.10354 0.16164 0.18904 0.18441 0.14859 0.10752 0.074472 0.050686 0.038867 0.045177 0.06663 0.096349 0.13093 0.16839 0.20716 0.24607 0.28434 0.32157 0.35755 0.39207 0.42486 0.45561 0.484 0.50977 0.53274 0.5528 0.56993 0.58421 0.59573 0.60465 0.61116 0.61547 0.61778 0.61835 0.61741 0.61524 0.61208 0.60823 0.60397 0.59957
0.20627 0.30977 0.34188 0.72366 0.8137 0.78943 0.66058 0.43077 0.2052 0.11848 0.16626 0.19047 0.18445 0.1479 0.10644 0.072879 0.047809 0.033512 0.038788 0.061026 0.09149 0.12658 0.16437 0.20337 0.2424 0.28072 0.31795 0.35388 0.38833 0.42104 0.45171 0.48002 0.50573 0.52865 0.54868 0.5658 0.58008 0.59162 0.60057 0.60712 0.61146 0.61382 0.61443 0.61355 0.61142 0.60831 0.6045 0.60027 0.59591
0.21453 0.28357 0.276 0.72398 0.82445 0.79849 0.66848 0.44037 0.22032 0.13356 0.17137 0.19219 0.18474 0.14751 0.10576 0.071856 0.045717 0.028746 0.032612 0.055759 0.08696 0.12251 0.1606 0.19977 0.23889 0.27724 0.31445 0.35033 0.3847 0.41731 0.44789 0.47612 0.50177 0.52463 0.54463 0.56174 0.57602 0.58757 0.59654 0.60312 0.60751 0.60991 0.61057 0.60973 0.60764 0.60458 0.60081 0.59662 0.59229
0.22415 0.2627 0.21631 0.7251 0.83362 0.80697 0.67666 0.45079 0.2362 0.14865 0.17687 0.19413 0.18524 0.14738 0.10544 0.071349 0.044409 0.024738 0.026656 0.050867 0.082774 0.11872 0.15705 0.19636 0.23555 0.27391 0.31108 0.34688 0.38116 0.41368 0.44416 0.4723 0.49787 0.52069 0.54065 0.55774 0.57201 0.58357 0.59257 0.59918 0.6036 0.60605 0.60675 0.60596 0.60391 0.60089 0.59716 0.59301 0.58872
0.23522 0.25062 0.17524 0.72746 0.84124 0.81483 0.68505 0.46189 0.25257 0.16365 0.18269 0.19626 0.18591 0.14746 0.10541 0.071294 0.043855 0.021725 0.020934 0.046396 0.078948 0.11523 0.15374 0.19314 0.23237 0.27071 0.30782 0.34354 0.37772 0.41013 0.44051 0.46856 0.49405 0.51681 0.53673 0.5538 0.56807 0.57964 0.58866 0.59529 0.59975 0.60224 0.60298 0.60223 0.60023 0.59725 0.59356 0.58944 0.58518
0.24837 0.25028 0.17006 0.73125 0.84736 0.82206 0.69356 0.47353 0.26923 0.17847 0.18874 0.19854 0.1867 0.1477 0.10562 0.071624 0.043985 0.019972 0.015486 0.042407 0.075499 0.11202 0.15065 0.19011 0.22934 0.26764 0.30467 0.3403 0.37437 0.40667 0.43693 0.46489 0.4903 0.513 0.53288 0.54992 0.56418 0.57576 0.58479 0.59146 0.59595 0.59847 0.59926 0.59855 0.59659 0.59365 0.59 0.58591 0.58168
0.26425 0.26271 0.20353 0.73644 0.85199 0.82861 0.70212 0.48556 0.28597 0.19305 0.19496 0.20093 0.18759 0.14806 0.10602 0.072273 0.044707 0.019639 0.01045 0.038973 0.072441 0.10911 0.1478 0.18727 0.22646 0.26469 0.30164 0.33716 0.37111 0.40329 0.43344 0.4613 0.48663 0.50925 0.52908 0.5461 0.56035 0.57193 0.58099 0.58768 0.5922 0.59476 0.59559 0.59492 0.593 0.5901 0.58648 0.58243 0.57822
0.28311 0.28643 0.25958 0.74278 0.85515 0.83445 0.71064 0.49783 0.30266 0.20733 0.20127 0.20339 0.18852 0.1485 0.10657 0.073175 0.045913 0.020639 0.0063229 0.036173 0.069789 0.10649 0.14517 0.1846 0.22373 0.26188 0.29872 0.33412 0.36794 0.39999 0.43002 0.45777 0.48301 0.50557 0.52535 0.54234 0.55658 0.56816 0.57723 0.58394 0.5885 0.59109 0.59196 0.59133 0.58945 0.58659 0.58301 0.57898 0.5748
0.30464 0.31829 0.32405 0.74983 0.85683 0.83954 0.719 0.51019 0.31914 0.22126 0.20761 0.20588 0.18948 0.14898 0.10721 0.074269 0.047498 0.022665 0.0051811 0.034085 0.067552 0.10416 0.14276 0.18211 0.22114 0.25918 0.2959 0.33117 0.36485 0.39677 0.42668 0.45432 0.47947 0.50195 0.52169 0.53864 0.55286 0.56445 0.57352 0.58026 0.58484 0.58748 0.58838 0.58779 0.58595 0.58312 0.57957 0.57558 0.57142
0.32809 0.35485 0.38974 0.75705 0.85702 0.84383 0.72711 0.52249 0.3353 0.23479 0.21393 0.20837 0.19042 0.14947 0.10791 0.075501 0.049364 0.025363 0.0080415 0.032772 0.065737 0.10212 0.14057 0.17979 0.2187 0.25661 0.29319 0.32831 0.36185 0.39363 0.42341 0.45093 0.47599 0.4984 0.51808 0.535 0.5492 0.56078 0.56987 0.57663 0.58124 0.5839 0.58484 0.58429 0.58248 0.57969 0.57618 0.57221 0.56808
0.35241 0.39306 0.4529 0.7638 0.85571 0.84728 0.73487 0.53461 0.35103 0.24787 0.22016 0.21082 0.19133 0.14994 0.10864 0.076826 0.051425 0.028455 0.012179 0.032252 0.064344 0.10037 0.13859 0.17763 0.21639 0.25414 0.29057 0.32554 0.35893 0.39056 0.4202 0.44761 0.47257 0.4949 0.51452 0.53141 0.54559 0.55717 0.56627 0.57304 0.57768 0.58038 0.58135 0.58083 0.57906 0.57631 0.57282 0.56888 0.56477
0.37642 0.43047 0.51135 0.76943 0.8529 0.84985 0.74218 0.54642 0.36624 0.26047 0.22628 0.21322 0.19216 0.15037 0.10936 0.078201 0.053614 0.031752 0.016535 0.032498 0.063365 0.098889 0.13682 0.17564 0.21421 0.25179 0.28805 0.32286 0.35608 0.38756 0.41707 0.44436 0.46921 0.49147 0.51103 0.52788 0.54204 0.55361 0.56272 0.56951 0.57417 0.5769 0.5779 0.57742 0.57569 0.57296 0.56951 0.56559 0.56151
0.39893 0.46518 0.56366 0.77332 0.84857 0.85151 0.74895 0.5578 0.38086 0.27254 0.23222 0.21552 0.19291 0.15073 0.11005 0.079594 0.055875 0.035136 0.020874 0.033429 0.062789 0.097685 0.13525 0.17381 0.21216 0.24955 0.28563 0.32025 0.35331 0.38464 0.414 0.44116 0.46592 0.48809 0.50759 0.5244 0.53854 0.5501 0.55921 0.56602 0.57071 0.57346 0.5745 0.57405 0.57235 0.56966 0.56623 0.56235 0.55828
0.41882 0.49575 0.60886 0.77487 0.84274 0.85222 0.7551 0.56864 0.3948 0.28406 0.23796 0.2177 0.19356 0.15099 0.11068 0.080977 0.058165 0.038532 0.025126 0.034935 0.062596 0.096742 0.13387 0.17213 0.21023 0.24741 0.28329 0.31773 0.35062 0.38178 0.411 0.43803 0.46268 0.48477 0.50421 0.52097 0.53509 0.54664 0.55576 0.56258 0.56729 0.57007 0.57114 0.57072 0.56906 0.5664 0.563 0.55914 0.55509
0.4351 0.52113 0.6463 0.77358 0.83541 0.85197 0.76055 0.57887 0.40802 0.295 0.24346 0.21975 0.19407 0.15115 0.11124 0.082327 0.060451 0.041896 0.029269 0.036897 0.062758 0.09605 0.13268 0.17059 0.20843 0.24537 0.28105 0.31529 0.34799 0.37899 0.40806 0.43496 0.4595 0.4815 0.50088 0.51759 0.53169 0.54323 0.55235 0.55918 0.56391 0.56672 0.56782 0.56744 0.5658 0.56317 0.5598 0.55596 0.55193
0.44695 0.54059 0.67558 0.76906 0.82663 0.85074 0.76523 0.58839 0.42046 0.30533 0.2487 0.22164 0.19444 0.15119 0.11172 0.083627 0.062708 0.0452 0.033294 0.039203 0.063248 0.095595 0.13167 0.1692 0.20674 0.24343 0.27888 0.31292 0.34544 0.37626 0.40518 0.43195 0.45638 0.47829 0.4976 0.51427 0.52833 0.53987 0.54899 0.55583 0.56058 0.56342 0.56455 0.56419 0.56259 0.55999 0.55665 0.55283 0.54881
0.45377 0.55375 0.69654 0.76099 0.81644 0.84852 0.76908 0.59713 0.43209 0.31503 0.25364 0.22335 0.19466 0.15109 0.11209 0.084861 0.064918 0.048426 0.037197 0.041758 0.064031 0.095365 0.13083 0.16794 0.20515 0.24158 0.2768 0.31063 0.34295 0.3736 0.40236 0.429 0.45331 0.47513 0.49437 0.511 0.52503 0.53655 0.54567 0.55253 0.5573 0.56016 0.56131 0.56099 0.55942 0.55685 0.55353 0.54973 0.54573
0.4552 0.56048 0.7092 0.74916 0.80491 0.84532 0.77206 0.60505 0.44287 0.3241 0.25826 0.22487 0.1947 0.15084 0.11236 0.08602 0.067067 0.051563 0.04098 0.044485 0.065073 0.095344 0.13015 0.16681 0.20368 0.23983 0.2748 0.30841 0.34053 0.371 0.3996 0.4261 0.4503 0.47203 0.4912 0.50777 0.52178 0.53328 0.5424 0.54927 0.55405 0.55694 0.55812 0.55783 0.55628 0.55374 0.55044 0.54667 0.54269
0.45113 0.56091 0.71377 0.73349 0.79213 0.84115 0.77412 0.61209 0.45277 0.33252 0.26255 0.22619 0.19457 0.15044 0.11251 0.087096 0.069147 0.054605 0.044645 0.047327 0.066342 0.095519 0.12963 0.1658 0.20231 0.23815 0.27287 0.30625 0.33817 0.36846 0.39689 0.42326 0.44734 0.46897 0.48807 0.5046 0.51857 0.53006 0.53917 0.54605 0.55085 0.55376 0.55497 0.5547 0.55319 0.55067 0.5474 0.54364 0.53968
0.4417 0.55541 0.71062 0.71397 0.77821 0.83602 0.77526 0.61823 0.46179 0.34027 0.2665 0.22729 0.19425 0.14988 0.11253 0.088083 0.07115 0.05755 0.048194 0.050238 0.067803 0.095872 0.12926 0.16492 0.20103 0.23657 0.27102 0.30417 0.33588 0.36597 0.39425 0.42046 0.44443 0.46597 0.485 0.50147 0.51541 0.52688 0.53599 0.54287 0.54769 0.55062 0.55186 0.55162 0.55013 0.54764 0.54439 0.54065 0.5367
0.42726 0.54452 0.70027 0.6907 0.76326 0.82997 0.77544 0.62343 0.46992 0.34736 0.27009 0.22816 0.19373 0.14915 0.11243 0.088977 0.073074 0.060397 0.05163 0.053184 0.069427 0.096389 0.12902 0.16414 0.19985 0.23506 0.26923 0.30214 0.33364 0.36354 0.39165 0.41772 0.44157 0.46301 0.48197 0.49838 0.51229 0.52374 0.53285 0.53974 0.54457 0.54752 0.54879 0.54857 0.54711 0.54465 0.54142 0.5377 0.53376
0.40834 0.52895 0.68334 0.66387 0.74742 0.82304 0.77466 0.62769 0.47715 0.3538 0.27331 0.2288 0.19302 0.14826 0.1122 0.089778 0.074916 0.063147 0.054957 0.05614 0.071185 0.097054 0.12891 0.16347 0.19876 0.23363 0.26752 0.30018 0.33146 0.36117 0.38911 0.41504 0.43876 0.4601 0.47898 0.49535 0.50922 0.52065 0.52975 0.53665 0.5415 0.54447 0.54575 0.54557 0.54413 0.54169 0.53848 0.53478 0.53085
0.38564 0.5095 0.66058 0.63374 0.73084 0.81525 0.77293 0.63099 0.48348 0.35957 0.27617 0.2292 0.1921 0.14719 0.11183 0.090485 0.076675 0.0658 0.058179 0.059087 0.073053 0.097852 0.12891 0.16291 0.19776 0.23228 0.26587 0.29828 0.32933 0.35885 0.38661 0.4124 0.43599 0.45724 0.47605 0.49235 0.50619 0.5176 0.5267 0.5336 0.53846 0.54145 0.54276 0.5426 0.54119 0.53877 0.53558 0.5319 0.52798
0.35994 0.48708 0.6328 0.60064 0.71369 0.80666 0.77026 0.63335 0.48892 0.3647 0.27866 0.22936 0.19098 0.14594 0.11134 0.091098 0.078354 0.06836 0.061299 0.062012 0.075008 0.098769 0.12903 0.16243 0.19683 0.23099 0.26429 0.29644 0.32726 0.35658 0.38417 0.4098 0.43328 0.45443 0.47315 0.48941 0.5032 0.5146 0.52368 0.53059 0.53546 0.53847 0.5398 0.53966 0.53828 0.53588 0.53272 0.52905 0.52514
0.33206 0.46259 0.6009 0.56496 0.69613 0.79732 0.76667 0.63477 0.49349 0.36919 0.28077 0.22928 0.18965 0.14452 0.11072 0.091621 0.079952 0.070829 0.064321 0.064903 0.077031 0.099791 0.12925 0.16205 0.19599 0.22978 0.26276 0.29465 0.32525 0.35436 0.38178 0.40726 0.43061 0.45166 0.4703 0.4865 0.50026 0.51163 0.52071 0.52762 0.5325 0.53553 0.53688 0.53677 0.5354 0.53303 0.52989 0.52623 0.52234
0.30286 0.43696 0.56582 0.52718 0.67833 0.78729 0.76218 0.63527 0.49722 0.37305 0.28252 0.22895 0.18811 0.14293 0.10997 0.092055 0.081473 0.073211 0.067248 0.067754 0.079106 0.10091 0.12957 0.16175 0.19522 0.22862 0.2613 0.29292 0.32328 0.35219 0.37943 0.40476 0.42798 0.44893 0.4675 0.48364 0.49736 0.50871 0.51778 0.52469 0.52958 0.53262 0.534 0.53391 0.53257 0.53022 0.52709 0.52345 0.51956
0.27315 0.41105 0.52856 0.48778 0.66045 0.77661 0.75683 0.63487 0.50011 0.37631 0.28391 0.22839 0.18637 0.14116 0.1091 0.092404 0.08292 0.075508 0.070084 0.070558 0.081217 0.1021 0.12997 0.16153 0.19451 0.22754 0.25989 0.29123 0.32136 0.35007 0.37713 0.40231 0.4254 0.44625 0.46474 0.48082 0.4945 0.50582 0.51488 0.52179 0.5267 0.52976 0.53115 0.53108 0.52977 0.52743 0.52433 0.5207 0.51682
0.24367 0.38566 0.49019 0.44733 0.64265 0.76535 0.75066 0.6336 0.50219 0.37897 0.28494 0.22758 0.18443 0.13923 0.10811 0.092673 0.084296 0.077724 0.072832 0.073312 0.083353 0.10337 0.13045 0.16139 0.19388 0.22651 0.25853 0.2896 0.31949 0.34799 0.37487 0.3999 0.42287 0.44361 0.46201 0.47803 0.49167 0.50298 0.51203 0.51894 0.52385 0.52693 0.52834 0.52829 0.527 0.52469 0.5216 0.51799 0.51411
0.21506 0.36149 0.45181 0.40646 0.6251 0.75357 0.7437 0.63149 0.50351 0.38107 0.28563 0.22654 0.18228 0.13712 0.107 0.092866 0.085604 0.079863 0.075496 0.076012 0.085503 0.10469 0.131 0.16131 0.1933 0.22553 0.25723 0.28802 0.31767 0.34596 0.37266 0.39753 0.42037 0.44101 0.45933 0.47529 0.48889 0.50017 0.50921 0.51612 0.52104 0.52413 0.52556 0.52554 0.52426 0.52197 0.5189 0.5153 0.51144
0.18783 0.33913 0.4146 0.36587 0.60793 0.74132 0.736 0.62858 0.50408 0.38263 0.28598 0.22528 0.17994 0.13485 0.10578 0.092989 0.086849 0.081928 0.078078 0.078658 0.087658 0.10606 0.13161 0.1613 0.19279 0.22461 0.25598 0.28648 0.31589 0.34396 0.37048 0.3952 0.41791 0.43845 0.45669 0.47259 0.48615 0.4974 0.50643 0.51334 0.51827 0.52137 0.52282 0.52282 0.52156 0.51929 0.51624 0.51265 0.50879
0.16238 0.31904 0.37984 0.32638 0.59126 0.72865 0.72761 0.62491 0.50395 0.38367 0.28602 0.22379 0.17741 0.13242 0.10446 0.093047 0.088035 0.083923 0.080583 0.081246 0.08981 0.10748 0.13228 0.16134 0.19233 0.22374 0.25477 0.28499 0.31415 0.34202 0.36835 0.39291 0.4155 0.43592 0.45409 0.46993 0.48344 0.49467 0.50368 0.51059 0.51553 0.51865 0.52011 0.52013 0.5189 0.51664 0.5136 0.51003 0.50618
0.139 0.30154 0.34886 0.28895 0.57519 0.71564 0.71858 0.62052 0.50314 0.38421 0.28575 0.22209 0.17469 0.12984 0.10304 0.093045 0.089165 0.085851 0.083013 0.083779 0.091953 0.10892 0.13301 0.16144 0.19192 0.22292 0.25361 0.28354 0.31246 0.34011 0.36626 0.39067 0.41312 0.43344 0.45152 0.4673 0.48077 0.49197 0.50097 0.50788 0.51283 0.51596 0.51744 0.51748 0.51626 0.51403 0.511 0.50744 0.50359
0.11795 0.28683 0.32306 0.25478 0.55981 0.70232 0.70895 0.61545 0.50171 0.38429 0.28519 0.22019 0.17178 0.1271 0.10152 0.092991 0.090245 0.087716 0.085371 0.086253 0.094082 0.1104 0.13378 0.1616 0.19157 0.22215 0.25249 0.28214 0.3108 0.33824 0.36421 0.38846 0.41078 0.431 0.449 0.46471 0.47814 0.48931 0.4983 0.50521 0.51016 0.5133 0.5148 0.51485 0.51366 0.51144 0.50844 0.50488 0.50104
0.099519 0.275 0.30369 0.22535 0.54518 0.68875 0.69879 0.60975 0.49968 0.38393 0.28435 0.21809 0.16871 0.12421 0.09992 0.09289 0.091277 0.089522 0.087661 0.088671 0.096192 0.11189 0.13458 0.16179 0.19126 0.22142 0.25142 0.28077 0.30919 0.33641 0.36219 0.38629 0.40848 0.42859 0.44651 0.46216 0.47555 0.48669 0.49566 0.50257 0.50752 0.51068 0.51219 0.51226 0.51109 0.50889 0.5059 0.50235 0.49852
0.084159 0.26604 0.29168 0.2024 0.53134 0.67498 0.68815 0.60346 0.4971 0.38316 0.28325 0.21581 0.16546 0.12118 0.09824 0.092748 0.092267 0.09127 0.089884 0.091033 0.098279 0.1134 0.13543 0.16203 0.19099 0.22074 0.25038 0.27944 0.30761 0.33462 0.36022 0.38415 0.40622 0.42622 0.44405 0.45964 0.47298 0.4841 0.49306 0.49996 0.50492 0.50808 0.50962 0.50971 0.50855 0.50637 0.50339 0.49985 0.49602
0.072547 0.25986 0.28734 0.18765 0.51829 0.66105 0.67706 0.59664 0.49401 0.38201 0.28192 0.21336 0.16206 0.11801 0.09649 0.092573 0.093219 0.092966 0.092043 0.093338 0.10034 0.11492 0.1363 0.16231 0.19076 0.22009 0.24939 0.27815 0.30607 0.33286 0.35828 0.38206 0.40399 0.42388 0.44163 0.45716 0.47046 0.48155 0.49049 0.49739 0.50235 0.50553 0.50708 0.50718 0.50604 0.50388 0.50091 0.49739 0.49356
0.065543 0.25632 0.29025 0.18214 0.50603 0.647 0.6656 0.58932 0.49045 0.38052 0.28036 0.21075 0.1585 0.11471 0.094677 0.09237 0.094136 0.094611 0.094141 0.095588 0.10238 0.11644 0.13721 0.16263 0.19057 0.21948 0.24843 0.2769 0.30456 0.33114 0.35637 0.37999 0.40179 0.42158 0.43925 0.45471 0.46797 0.47902 0.48795 0.49484 0.49981 0.503 0.50456 0.50469 0.50357 0.50142 0.49846 0.49495 0.49112
0.063792 0.25524 0.29934 0.1856 0.49452 0.63288 0.6538 0.58155 0.48646 0.37871 0.27861 0.20799 0.1548 0.11128 0.09281 0.092147 0.095023 0.096208 0.096181 0.097784 0.10438 0.11796 0.13813 0.16297 0.19042 0.21891 0.2475 0.27568 0.30309 0.32945 0.3545 0.37796 0.39963 0.41932 0.4369 0.4523 0.46551 0.47654 0.48545 0.49234 0.49731 0.50051 0.50208 0.50222 0.50112 0.49898 0.49604 0.49254 0.48871
0.067098 0.25641 0.31317 0.19638 0.48372 0.61872 0.64171 0.57338 0.48207 0.37661 0.27667 0.2051 0.15096 0.10773 0.090899 0.09191 0.095883 0.097761 0.098165 0.099927 0.10635 0.11948 0.13907 0.16335 0.1903 0.21837 0.24661 0.27449 0.30165 0.3278 0.35266 0.37597 0.3975 0.41708 0.43458 0.44992 0.46308 0.47408 0.48298 0.48986 0.49483 0.49804 0.49963 0.49979 0.4987 0.49658 0.49365 0.49015 0.48634
0.074444 0.25959 0.33027 0.21221 0.47358 0.60455 0.62939 0.56484 0.47734 0.37425 0.27457 0.20209 0.147 0.10407 0.088952 0.091666 0.09672 0.099273 0.10009 0.10202 0.10829 0.12099 0.14003 0.16375 0.1902 0.21786 0.24576 0.27334 0.30025 0.32617 0.35085 0.374 0.39541 0.41488 0.4323 0.44757 0.46069 0.47166 0.48054 0.48741 0.49239 0.49561 0.49721 0.49738 0.49631 0.49421 0.49129 0.4878 0.48398
0.084675 0.26453 0.34939 0.23103 0.464 0.5904 0.61687 0.55599 0.47229 0.37166 0.27233 0.19899 0.14293 0.1003 0.086981 0.091421 0.097538 0.10074 0.10197 0.10406 0.1102 0.1225 0.141 0.16417 0.19014 0.21738 0.24493 0.27222 0.29887 0.32458 0.34907 0.37207 0.39335 0.41271 0.43004 0.44526 0.45833 0.46927 0.47813 0.485 0.48998 0.4932 0.49482 0.49501 0.49395 0.49186 0.48896 0.48547 0.48166
0.09676 0.27096 0.3694 0.25109 0.45493 0.57631 0.6042 0.54686 0.46696 0.36888 0.26997 0.19579 0.13875 0.096424 0.084995 0.091181 0.09834 0.10218 0.1038 0.10605 0.11207 0.12399 0.14197 0.16462 0.19011 0.21693 0.24413 0.27112 0.29753 0.32302 0.34733 0.37017 0.39132 0.41058 0.42782 0.44297 0.45599 0.4669 0.47575 0.48261 0.4876 0.49083 0.49246 0.49266 0.49162 0.48955 0.48665 0.48318 0.47936
