0.27618 0.37264 0.52848 0.55745 0.3158 0.12388 0.13684 0.099956 0.12739 0.1979 0.25296 0.28266 0.28465 0.26098 0.21939 0.17168 0.12912 0.098256 0.079366 0.068517 0.061438 0.055689 0.050428 0.045566 0.041223 0.037506 0.034448 0.032027 0.030193 0.028889 0.028072 0.027712 0.027793 0.028313 0.029274 0.030683 0.032548 0.034872 0.03766 0.04091 0.044621 0.048789 0.05341 0.058478 0.063984 0.069917 0.076262 0.082994 0.090079
0.16117 0.23271 0.30779 0.25093 0.16892 0.1923 0.10242 0.01855 0.11691 0.18307 0.22147 0.23718 0.23121 0.20445 0.16211 0.11438 0.072789 0.046219 0.036766 0.036087 0.036146 0.035115 0.033555 0.032194 0.031384 0.031154 0.031392 0.031981 0.032844 0.033947 0.03528 0.036848 0.038666 0.040754 0.043135 0.045832 0.04887 0.052273 0.05606 0.060248 0.064847 0.069863 0.075293 0.081127 0.087349 0.093933 0.10084 0.10803 0.11544
0.52477 0.58145 0.51065 0.58958 0.57989 0.51934 0.38723 0.3104 0.30119 0.32109 0.33883 0.34207 0.32586 0.29015 0.23986 0.18377 0.13111 0.088089 0.056425 0.034588 0.019864 0.0099214 0.004224 0.0059333 0.010188 0.01437 0.018406 0.022384 0.02637 0.030403 0.034508 0.038702 0.043001 0.047418 0.05197 0.05667 0.061535 0.066581 0.071822 0.077273 0.08294 0.088832 0.094946 0.10128 0.1078 0.11451 0.12134 0.12827 0.13523
0.35581 0.35894 0.34325 0.3637 0.28877 0.50515 0.56726 0.51909 0.45018 0.41029 0.39907 0.39536 0.38073 0.34639 0.29364 0.23115 0.16979 0.11781 0.078612 0.051751 0.035083 0.026171 0.02255 0.021933 0.022818 0.024555 0.026952 0.02996 0.033547 0.037664 0.042243 0.047206 0.052473 0.057973 0.063642 0.069429 0.0753 0.081227 0.087195 0.093196 0.099223 0.10527 0.11134 0.11742 0.12349 0.12954 0.13552 0.1414 0.14712
0.36702 0.34979 0.25275 0.14093 0.24599 0.43057 0.33686 0.20575 0.19286 0.26348 0.3287 0.36834 0.37647 0.35239 0.30194 0.23688 0.1707 0.11364 0.070426 0.041586 0.026451 0.023249 0.025977 0.029896 0.033768 0.037554 0.041404 0.045442 0.04974 0.054325 0.059194 0.064314 0.069639 0.075113 0.080678 0.086278 0.091871 0.097421 0.1029 0.1083 0.11359 0.11878 0.12385 0.12879 0.13359 0.13821 0.14263 0.1468 0.15067
0.38053 0.30283 0.54578 0.68527 0.56678 0.38731 0.2536 0.28715 0.35529 0.39718 0.42099 0.43077 0.42198 0.38987 0.33599 0.26948 0.20274 0.14571 0.10295 0.074437 0.057774 0.049846 0.047647 0.048852 0.051971 0.056142 0.060867 0.065859 0.070949 0.076041 0.081082 0.086039 0.090892 0.095628 0.10024 0.10471 0.10904 0.11322 0.11725 0.12114 0.12487 0.12845 0.13186 0.13508 0.1381 0.14088 0.14337 0.14552 0.14728
0.28158 0.29083 0.21692 0.3186 0.3489 0.3964 0.38848 0.35456 0.33557 0.35195 0.38493 0.40741 0.40233 0.36562 0.30384 0.22986 0.1571 0.094794 0.046685 0.015687 0.022698 0.04003 0.053803 0.064516 0.073099 0.080251 0.086434 0.091928 0.096894 0.10142 0.10555 0.10932 0.11275 0.11589 0.11875 0.12138 0.1238 0.12605 0.12815 0.13013 0.13198 0.13371 0.1353 0.13674 0.13797 0.13894 0.1396 0.13985 0.13961
0.43699 0.5186 0.26697 0.12692 0.24407 0.38963 0.35435 0.33845 0.37577 0.42026 0.44951 0.45578 0.4368 0.39524 0.33846 0.27683 0.22003 0.1742 0.14125 0.12029 0.1091 0.105 0.10534 0.10801 0.11161 0.11537 0.11892 0.12211 0.12487 0.12719 0.12909 0.1306 0.13175 0.1326 0.13319 0.13361 0.13389 0.13409 0.13426 0.13442 0.13458 0.13473 0.13485 0.13489 0.13478 0.13444 0.13376 0.13262 0.13089
0.35453 0.080144 0.38899 0.49475 0.38957 0.43328 0.54718 0.57982 0.53723 0.47681 0.42401 0.3755 0.3242 0.26853 0.21461 0.17341 0.15191 0.14591 0.14619 0.14728 0.14776 0.14779 0.1478 0.14799 0.14835 0.14876 0.14906 0.14913 0.14889 0.1483 0.14738 0.14615 0.14469 0.14305 0.14133 0.1396 0.13794 0.13641 0.13505 0.13389 0.13292 0.13214 0.13148 0.13087 0.1302 0.12934 0.12814 0.12644 0.12406
0.15757 0.080629 0.32274 0.41779 0.36653 0.37261 0.34641 0.32625 0.30165 0.28442 0.27559 0.26045 0.22684 0.17405 0.1133 0.069625 0.07497 0.10393 0.12901 0.14651 0.15797 0.16515 0.16933 0.17137 0.17182 0.17109 0.16945 0.16709 0.16418 0.16084 0.15719 0.15334 0.14943 0.14557 0.14186 0.13842 0.13532 0.13265 0.13043 0.12869 0.1274 0.12653 0.12597 0.12562 0.12533 0.12491 0.12418 0.12291 0.1209
0.27426 0.36471 0.28498 0.25683 0.18438 0.14309 0.1075 0.074333 0.09617 0.17253 0.24348 0.28872 0.30184 0.28693 0.25534 0.22048 0.19247 0.17558 0.16902 0.16957 0.17369 0.17859 0.18247 0.18449 0.18444 0.18252 0.17908 0.17452 0.16917 0.16333 0.15724 0.15112 0.14516 0.13952 0.13435 0.12977 0.12589 0.12279 0.12049 0.119 0.11827 0.11822 0.11871 0.11957 0.12059 0.12154 0.12219 0.1223 0.12161
0.27792 0.40094 0.4361 0.45979 0.37349 0.3662 0.39719 0.40138 0.3775 0.35059 0.33049 0.31002 0.28075 0.24173 0.20089 0.17049 0.15767 0.15891 0.16639 0.17511 0.18283 0.18851 0.19159 0.19194 0.18975 0.18543 0.17946 0.17234 0.16449 0.15628 0.14802 0.13996 0.13233 0.12534 0.11917 0.11398 0.10991 0.10705 0.10544 0.10505 0.10579 0.10749 0.10993 0.11286 0.11601 0.1191 0.12186 0.12401 0.12533
0.17803 0.32361 0.59093 0.77207 0.59331 0.35515 0.36557 0.42866 0.42305 0.3827 0.33287 0.27643 0.21093 0.13647 0.060364 0.035884 0.089776 0.13464 0.16509 0.18391 0.19434 0.19876 0.19873 0.19535 0.18942 0.18162 0.17253 0.16262 0.15228 0.14185 0.1316 0.12179 0.11267 0.10449 0.097499 0.091955 0.088088 0.086056 0.085901 0.087522 0.090685 0.095069 0.10031 0.10605 0.11193 0.11765 0.12291 0.12745 0.13104
0.21456 0.40429 0.51122 0.63252 0.64349 0.5677 0.45583 0.42911 0.41395 0.39886 0.38603 0.36897 0.34178 0.30548 0.2681 0.2397 0.22471 0.21972 0.21878 0.2179 0.21533 0.21054 0.20358 0.19476 0.18447 0.17314 0.16113 0.14875 0.13627 0.12389 0.11182 0.10027 0.089471 0.079751 0.071523 0.065311 0.06167 0.060986 0.063264 0.06809 0.074826 0.082821 0.091522 0.10048 0.10934 0.11778 0.12556 0.13244 0.13822
0.053098 0.088277 0.031008 0.064222 0.19675 0.18707 0.1053 0.16507 0.23329 0.3037 0.36998 0.4162 0.43354 0.42359 0.39471 0.35744 0.32054 0.28905 0.26434 0.24531 0.22993 0.21633 0.20328 0.19014 0.17673 0.16306 0.14924 0.13538 0.12157 0.10788 0.094369 0.081128 0.068293 0.056129 0.045177 0.036559 0.032231 0.033884 0.040763 0.050706 0.062125 0.074156 0.086306 0.098245 0.10972 0.1205 0.13039 0.1392 0.14677
0.15425 0.15308 0.2185 0.32394 0.32044 0.17082 0.10665 0.19519 0.25938 0.3221 0.37778 0.4137 0.42492 0.41457 0.38959 0.35736 0.3238 0.29294 0.26671 0.2452 0.22726 0.21149 0.1968 0.18255 0.16845 0.15444 0.14051 0.12668 0.11293 0.099221 0.0855 0.071716 0.057819 0.04377 0.029547 0.015157 0.0014418 0.014316 0.029117 0.043959 0.058728 0.073302 0.087543 0.1013 0.1144 0.12666 0.13792 0.14799 0.15672
0.056875 0.38309 0.63961 0.83444 0.80115 0.68564 0.54758 0.50007 0.45862 0.41578 0.37978 0.34838 0.32009 0.29679 0.2798 0.26733 0.25619 0.24466 0.23271 0.22079 0.20897 0.1971 0.18504 0.17279 0.16043 0.14809 0.13585 0.12371 0.11167 0.099663 0.087657 0.07564 0.063681 0.052018 0.041246 0.032782 0.029337 0.033025 0.042297 0.054488 0.068031 0.082138 0.096347 0.11033 0.1238 0.13654 0.14829 0.15886 0.16806
0.17467 0.50955 0.64577 0.72811 0.6083 0.60967 0.62841 0.58311 0.48241 0.37657 0.2855 0.2091 0.14991 0.11927 0.12324 0.1443 0.16461 0.17797 0.18425 0.18508 0.18204 0.17634 0.16889 0.16041 0.15141 0.14223 0.13306 0.12395 0.11492 0.10593 0.096982 0.08815 0.07961 0.071719 0.06507 0.060511 0.058986 0.06113 0.066885 0.075598 0.086415 0.098562 0.11142 0.12449 0.13737 0.1497 0.16119 0.17154 0.18054
0.21462 0.15235 0.36629 0.55138 0.45123 0.4583 0.55047 0.54209 0.44576 0.33793 0.24585 0.16698 0.098434 0.043524 0.036686 0.07246 0.10498 0.12849 0.14314 0.15068 0.15308 0.15204 0.14885 0.14449 0.13955 0.1344 0.12919 0.12398 0.11875 0.11348 0.10817 0.10289 0.09781 0.093222 0.089543 0.087284 0.086966 0.088978 0.093464 0.10028 0.10905 0.1193 0.13052 0.14223 0.15398 0.16536 0.176 0.18559 0.19384
0.31896 0.50734 0.44768 0.385 0.43045 0.57287 0.52975 0.4385 0.3461 0.27539 0.21971 0.1719 0.13353 0.10692 0.092709 0.091191 0.098909 0.10917 0.11743 0.12248 0.12486 0.12552 0.1253 0.12472 0.12404 0.12336 0.12266 0.12188 0.12094 0.11977 0.11835 0.11673 0.11504 0.1135 0.11241 0.11217 0.11313 0.11561 0.1198 0.12572 0.13323 0.14204 0.1518 0.16209 0.1725 0.18263 0.19209 0.20051 0.2076
0.24217 0.15038 0.26336 0.2995 0.33354 0.43712 0.32686 0.20722 0.16815 0.15561 0.12897 0.099142 0.087476 0.093158 0.09987 0.10175 0.10059 0.098705 0.096989 0.09582 0.095582 0.096568 0.098781 0.10197 0.10575 0.10982 0.11391 0.11781 0.12138 0.12447 0.12704 0.1291 0.13073 0.13212 0.13354 0.13527 0.13764 0.14092 0.14532 0.15093 0.1577 0.16549 0.17403 0.18302 0.19207 0.20082 0.20888 0.21589 0.22152
0.29201 0.16526 0.31024 0.56925 0.59189 0.45322 0.21259 0.024483 0.083071 0.10576 0.076182 0.024461 0.031775 0.070281 0.090383 0.094255 0.088224 0.078578 0.069655 0.063929 0.062516 0.065282 0.071152 0.078865 0.087467 0.096365 0.10518 0.11366 0.12157 0.12877 0.13514 0.14067 0.14545 0.14961 0.15339 0.15705 0.16087 0.16511 0.16997 0.17557 0.18194 0.18899 0.19655 0.20435 0.2121 0.21943 0.226 0.23143 0.23541
0.39971 0.70999 0.72123 0.72898 0.60895 0.51366 0.35304 0.23201 0.18632 0.16726 0.13774 0.10516 0.088796 0.090104 0.091505 0.083846 0.068619 0.050722 0.034697 0.025211 0.026796 0.036241 0.048327 0.061154 0.074179 0.087174 0.099929 0.11221 0.12378 0.13445 0.14407 0.15262 0.16013 0.16673 0.17262 0.17804 0.18323 0.18844 0.19386 0.19962 0.20577 0.21228 0.219 0.22575 0.23224 0.23817 0.2432 0.24699 0.24922
0.59148 0.7215 0.59866 0.375 0.11909 0.48538 0.52909 0.43539 0.33453 0.26505 0.21591 0.17647 0.14673 0.1264 0.10956 0.090549 0.068801 0.047044 0.028361 0.01695 0.019739 0.030781 0.043725 0.057474 0.071838 0.086612 0.10148 0.11609 0.13008 0.14317 0.15517 0.166 0.17565 0.18421 0.19185 0.19876 0.20515 0.21124 0.2172 0.22317 0.22919 0.23525 0.24126 0.24704 0.25235 0.25692 0.26042 0.26254 0.26297
0.34676 0.2916 0.49439 0.62243 0.61173 0.68034 0.63789 0.5427 0.43248 0.34679 0.28801 0.24424 0.20861 0.17844 0.15131 0.12526 0.10053 0.079145 0.063122 0.053449 0.050123 0.05241 0.059193 0.069366 0.081968 0.096166 0.11123 0.12652 0.14152 0.15585 0.16922 0.18148 0.19259 0.20256 0.21151 0.21957 0.22693 0.23376 0.24019 0.24634 0.25226 0.25795 0.2633 0.26819 0.27239 0.27564 0.27766 0.27813 0.27677
0.51419 0.1922 0.25992 0.55254 0.63502 0.63846 0.56553 0.50602 0.43653 0.37677 0.33353 0.29862 0.26522 0.23101 0.19625 0.1624 0.13173 0.10666 0.088683 0.077985 0.073777 0.074925 0.080352 0.08915 0.10052 0.11373 0.1281 0.14302 0.15796 0.17251 0.18635 0.19927 0.21117 0.22201 0.23184 0.24073 0.24881 0.25619 0.26299 0.26928 0.2751 0.28043 0.28519 0.28924 0.29239 0.2944 0.29499 0.29388 0.29079
0.52301 0.4389 0.34209 0.3207 0.20859 0.22248 0.29785 0.33367 0.33866 0.33547 0.33005 0.31679 0.29223 0.25741 0.21644 0.17484 0.13804 0.11022 0.09338 0.086791 0.087739 0.093349 0.10175 0.11201 0.12367 0.13645 0.15005 0.16415 0.17841 0.1925 0.20615 0.21914 0.2313 0.24257 0.2529 0.26232 0.27089 0.27867 0.28573 0.2921 0.29779 0.30278 0.30698 0.31026 0.31243 0.31326 0.31251 0.3099 0.30517
0.31903 0.24301 0.26842 0.2616 0.13954 0.044629 0.082966 0.14374 0.20672 0.26025 0.2932 0.30121 0.28486 0.24896 0.20148 0.15195 0.10976 0.083328 0.076754 0.08435 0.097274 0.11104 0.12435 0.13716 0.14972 0.16235 0.17521 0.18833 0.20161 0.21489 0.22796 0.24062 0.2527 0.26406 0.27462 0.28435 0.29323 0.30127 0.30848 0.31488 0.32043 0.32509 0.32877 0.33132 0.33258 0.33233 0.33032 0.32632 0.32006
0.32048 0.079307 0.16688 0.20566 0.093493 0.016398 0.035929 0.080885 0.15264 0.21901 0.26279 0.2778 0.26301 0.22314 0.16732 0.10655 0.052253 0.031063 0.058362 0.088383 0.11335 0.1337 0.15055 0.16498 0.17794 0.19015 0.20213 0.21417 0.22637 0.2387 0.25103 0.26317 0.27496 0.28624 0.29686 0.30673 0.31579 0.32399 0.3313 0.33768 0.34307 0.34742 0.3506 0.35249 0.35291 0.35166 0.34851 0.34322 0.33558
0.48257 0.3721 0.22694 0.21289 0.074555 0.087602 0.14785 0.17936 0.20408 0.23528 0.26405 0.27499 0.25974 0.21965 0.16322 0.10292 0.056845 0.057023 0.087563 0.11818 0.14374 0.16444 0.18128 0.19531 0.20754 0.21877 0.22964 0.24053 0.25166 0.26306 0.27464 0.28625 0.29771 0.30882 0.31943 0.32937 0.33854 0.34684 0.35419 0.36053 0.36576 0.3698 0.37253 0.37381 0.37347 0.37131 0.36711 0.36067 0.35178
0.26323 0.087299 0.22839 0.31575 0.24106 0.28274 0.29273 0.28149 0.27418 0.28209 0.29808 0.30591 0.29483 0.26404 0.22091 0.17809 0.14947 0.14252 0.15219 0.16869 0.18596 0.20165 0.21521 0.22692 0.23734 0.24708 0.25666 0.26644 0.27661 0.28722 0.29819 0.30937 0.32056 0.33156 0.34214 0.35214 0.3614 0.36977 0.37715 0.38343 0.38851 0.39227 0.39458 0.3953 0.39427 0.39129 0.38616 0.37869 0.36869
0.4102 0.57365 0.55231 0.6334 0.57199 0.4849 0.36922 0.32424 0.32088 0.33337 0.34875 0.35726 0.35254 0.3333 0.30335 0.27048 0.24331 0.22724 0.22234 0.22528 0.23232 0.24086 0.24952 0.25786 0.26591 0.27394 0.28226 0.29109 0.30055 0.31063 0.32123 0.33217 0.34325 0.35422 0.36486 0.37494 0.3843 0.39275 0.40015 0.40638 0.41131 0.41481 0.41675 0.41697 0.41532 0.41161 0.40566 0.39728 0.3863
0.30892 0.5804 0.68915 0.74299 0.59489 0.39024 0.24149 0.27593 0.33681 0.37204 0.39129 0.40116 0.40259 0.39416 0.37539 0.34943 0.32229 0.29976 0.28482 0.27735 0.27552 0.27727 0.28104 0.286 0.29177 0.2983 0.30565 0.31388 0.32298 0.33288 0.34342 0.35438 0.36554 0.37665 0.38743 0.39768 0.40717 0.41572 0.42316 0.42936 0.43416 0.43743 0.43902 0.4388 0.4366 0.43224 0.42556 0.41639 0.40457
0.16247 0.3239 0.55289 0.62916 0.47726 0.23848 0.097635 0.26092 0.35353 0.38897 0.40337 0.41374 0.42334 0.42759 0.42104 0.40305 0.37817 0.35294 0.33231 0.31823 0.31028 0.30704 0.30712 0.30954 0.31371 0.31933 0.32627 0.3344 0.34361 0.35373 0.36456 0.37584 0.38732 0.39872 0.40979 0.42027 0.42996 0.43864 0.44615 0.45232 0.45701 0.46008 0.46138 0.46076 0.45807 0.45314 0.44583 0.43597 0.42342
0.21513 0.38328 0.43451 0.45191 0.46964 0.46877 0.37342 0.36363 0.37257 0.36926 0.36963 0.38398 0.4079 0.42877 0.43621 0.42768 0.40756 0.38325 0.36106 0.34426 0.33342 0.32771 0.32598 0.32729 0.33095 0.33655 0.34379 0.35245 0.36229 0.37308 0.38457 0.39647 0.4085 0.42039 0.43186 0.44268 0.45262 0.46147 0.46907 0.47524 0.47984 0.48273 0.48376 0.4828 0.47968 0.47426 0.4664 0.45595 0.44279
0.33869 0.37017 0.23498 0.056573 0.3374 0.54804 0.49537 0.41087 0.33958 0.29322 0.28656 0.31777 0.36425 0.40362 0.42429 0.42489 0.41085 0.39027 0.37007 0.35419 0.34372 0.33824 0.33686 0.33873 0.34321 0.34982 0.3582 0.36804 0.37906 0.39097 0.40347 0.41627 0.42908 0.44162 0.45363 0.46487 0.47511 0.48418 0.49188 0.49808 0.50261 0.50535 0.50615 0.50487 0.50138 0.49554 0.4872 0.47625 0.46257
0.18815 0.21347 0.27183 0.2725 0.3645 0.52402 0.47589 0.36123 0.23894 0.1603 0.17177 0.24025 0.31102 0.36342 0.39202 0.39901 0.39097 0.37594 0.36058 0.3487 0.34153 0.33884 0.33992 0.34407 0.3507 0.35937 0.36971 0.38139 0.3941 0.40753 0.42137 0.43533 0.44911 0.46244 0.47509 0.48681 0.49742 0.50672 0.51456 0.52079 0.52527 0.52787 0.52847 0.52693 0.52311 0.5169 0.50816 0.49678 0.48268
0.18213 0.17423 0.25587 0.36407 0.42749 0.49962 0.44886 0.32722 0.17082 0.027758 0.093073 0.19161 0.26698 0.31793 0.34583 0.3551 0.35214 0.34375 0.33533 0.32993 0.32848 0.33075 0.33614 0.34407 0.35406 0.36574 0.37877 0.39286 0.4077 0.42299 0.43844 0.45374 0.46864 0.48289 0.49625 0.50851 0.51951 0.52907 0.53705 0.54333 0.54777 0.55026 0.55068 0.5489 0.54481 0.53828 0.52921 0.51748 0.50302
0.20133 0.14769 0.17689 0.31918 0.38977 0.48817 0.49631 0.40286 0.26089 0.15872 0.14571 0.18957 0.23657 0.2705 0.28986 0.29785 0.29909 0.29808 0.29815 0.30105 0.30713 0.316 0.32711 0.34 0.35429 0.36971 0.38601 0.40294 0.42023 0.43763 0.45486 0.47166 0.48778 0.50301 0.51713 0.52996 0.54137 0.5512 0.55933 0.56566 0.57007 0.57246 0.57272 0.57074 0.56641 0.55962 0.55026 0.53824 0.52349
0.16895 0.10393 0.12372 0.19024 0.2102 0.47693 0.57988 0.51027 0.37193 0.26142 0.20805 0.19917 0.20849 0.2191 0.22634 0.23143 0.23669 0.2438 0.25355 0.26599 0.28073 0.2972 0.31488 0.33344 0.35261 0.37223 0.39214 0.41216 0.4321 0.45174 0.47086 0.48922 0.50662 0.52286 0.53776 0.55117 0.56299 0.57308 0.58136 0.58774 0.59212 0.59442 0.59454 0.59238 0.58784 0.58083 0.57124 0.55899 0.54402
0.021045 0.15653 0.17015 0.16479 0.23667 0.57234 0.66664 0.58177 0.43253 0.30846 0.23179 0.19193 0.17269 0.16242 0.15766 0.15983 0.16989 0.18633 0.20672 0.22928 0.253 0.27727 0.30172 0.32612 0.35034 0.37429 0.3979 0.42108 0.44371 0.46563 0.48665 0.50659 0.52525 0.54249 0.55816 0.57214 0.58435 0.59469 0.60311 0.60952 0.61387 0.61609 0.61608 0.61377 0.60906 0.60186 0.59208 0.57965 0.56451
0.17464 0.27667 0.35296 0.47891 0.5987 0.77083 0.73944 0.6098 0.44806 0.31705 0.22892 0.17226 0.13439 0.10674 0.088729 0.087248 0.10447 0.13241 0.16393 0.19607 0.22795 0.2593 0.28995 0.3198 0.34877 0.37684 0.404 0.43023 0.45545 0.47957 0.50243 0.52388 0.54376 0.56196 0.57836 0.59287 0.60543 0.616 0.62453 0.63098 0.63529 0.63742 0.63729 0.63484 0.62999 0.62264 0.61272 0.60015 0.58489
0.16372 0.32146 0.53098 0.76738 0.88656 0.93235 0.77831 0.60986 0.4451 0.31657 0.22657 0.16337 0.11618 0.076222 0.038332 0.01813 0.052423 0.093268 0.13331 0.172 0.20956 0.24613 0.28167 0.31601 0.34905 0.38073 0.41106 0.44005 0.46765 0.49379 0.51836 0.54121 0.56223 0.58131 0.59836 0.61335 0.62623 0.63698 0.64559 0.65205 0.65632 0.65836 0.65813 0.65556 0.65058 0.64312 0.63309 0.62043 0.60509
0.14341 0.39591 0.63167 0.90518 0.99887 0.97087 0.76226 0.58713 0.43624 0.3209 0.23777 0.17721 0.13189 0.095523 0.064411 0.044526 0.054576 0.08596 0.1231 0.16173 0.20083 0.2399 0.27842 0.3159 0.35202 0.38658 0.41955 0.45089 0.48056 0.50848 0.53456 0.55866 0.58069 0.60054 0.61818 0.63357 0.64671 0.6576 0.66627 0.67271 0.67692 0.67887 0.67854 0.67587 0.67079 0.66324 0.65313 0.64042 0.62505
0.3819 0.4652 0.60897 0.84966 0.89825 0.85213 0.66989 0.52817 0.41115 0.31949 0.24984 0.19752 0.15938 0.13147 0.11037 0.09656 0.094895 0.10833 0.13362 0.1661 0.20271 0.24148 0.28097 0.32011 0.35819 0.3948 0.42976 0.46297 0.49434 0.52377 0.55113 0.5763 0.59918 0.61969 0.6378 0.65351 0.66685 0.67783 0.68652 0.69292 0.69705 0.69892 0.69849 0.69572 0.69056 0.68294 0.6728 0.66006 0.64469
0.12767 0.21618 0.49247 0.65228 0.63676 0.60925 0.50532 0.4257 0.35869 0.29773 0.24517 0.20428 0.17629 0.15822 0.14565 0.13688 0.13381 0.13971 0.15596 0.18142 0.21372 0.25038 0.28925 0.32873 0.36771 0.40553 0.44184 0.47642 0.50909 0.53971 0.5681 0.59414 0.61771 0.63874 0.65722 0.67316 0.68662 0.69765 0.7063 0.71264 0.71668 0.71845 0.71792 0.71507 0.70985 0.70219 0.69204 0.67931 0.66398
0.27395 0.32941 0.40983 0.44883 0.35655 0.34631 0.31125 0.29691 0.28378 0.25255 0.21638 0.1888 0.17465 0.16959 0.16732 0.16528 0.16491 0.16951 0.18181 0.2027 0.23116 0.26517 0.30253 0.34139 0.38041 0.41872 0.45578 0.49124 0.52483 0.55632 0.5855 0.61219 0.63627 0.65768 0.67641 0.69249 0.706 0.71701 0.72559 0.73184 0.73577 0.73743 0.73681 0.73389 0.72862 0.72095 0.71081 0.69813 0.68286
0.41569 0.44662 0.33829 0.32172 0.17218 0.17197 0.14273 0.17547 0.20432 0.1917 0.16594 0.15199 0.15573 0.16697 0.17674 0.18297 0.18782 0.19482 0.20708 0.22628 0.25239 0.28415 0.31975 0.35747 0.39592 0.43414 0.47145 0.50737 0.54151 0.57358 0.60328 0.63042 0.65484 0.67649 0.69535 0.71147 0.72495 0.73588 0.74436 0.75048 0.75429 0.75583 0.75512 0.75214 0.74684 0.73917 0.72907 0.71646 0.7013
0.37419 0.32 0.22437 0.25032 0.052297 0.11777 0.042171 0.093757 0.13999 0.12845 0.10183 0.10098 0.12699 0.15563 0.17724 0.19219 0.20377 0.21555 0.23043 0.25024 0.27555 0.3058 0.33981 0.3762 0.41374 0.45147 0.48864 0.52466 0.55905 0.59142 0.62141 0.64879 0.67338 0.69512 0.71399 0.73007 0.74344 0.75424 0.76257 0.76853 0.7722 0.77363 0.77283 0.76979 0.76448 0.75683 0.74679 0.73428 0.71925
0.30989 0.17619 0.17092 0.26209 0.099223 0.12991 0.056338 0.069957 0.10666 0.08426 0.037188 0.050279 0.10112 0.14258 0.17295 0.1958 0.21483 0.23282 0.25193 0.27385 0.29952 0.329 0.36174 0.39684 0.43334 0.47035 0.5071 0.54295 0.57733 0.60975 0.63982 0.66725 0.69185 0.71354 0.73231 0.74824 0.76144 0.77205 0.78018 0.78597 0.78948 0.79079 0.7899 0.78682 0.7815 0.7739 0.76395 0.75156 0.7367
0.34305 0.36906 0.30318 0.35216 0.22127 0.1719 0.10186 0.094924 0.11419 0.091228 0.046386 0.047001 0.092597 0.13388 0.16769 0.19689 0.22345 0.24822 0.27225 0.29699 0.32369 0.35295 0.38478 0.41876 0.45421 0.49039 0.52657 0.56205 0.5962 0.62848 0.65843 0.68573 0.71018 0.73169 0.75026 0.76595 0.77892 0.78928 0.79719 0.80277 0.80611 0.80729 0.80632 0.8032 0.7979 0.79036 0.78051 0.76828 0.7536
0.43035 0.58636 0.4776 0.46731 0.33818 0.24731 0.17067 0.14944 0.15159 0.13177 0.099766 0.085885 0.10225 0.13159 0.16431 0.1985 0.23217 0.26347 0.29224 0.31983 0.34776 0.37711 0.40833 0.4414 0.47591 0.51127 0.54679 0.58176 0.61552 0.64747 0.67714 0.70417 0.72833 0.74954 0.76779 0.78318 0.79583 0.80591 0.81356 0.81891 0.82207 0.82311 0.82206 0.81892 0.81364 0.80619 0.79647 0.78441 0.76994
0.45611 0.64002 0.5937 0.58975 0.46217 0.3452 0.24959 0.21383 0.19739 0.17176 0.13954 0.11723 0.11573 0.13341 0.16455 0.20328 0.24322 0.27998 0.31263 0.34254 0.37157 0.40112 0.43196 0.46434 0.49806 0.53266 0.56751 0.60189 0.63514 0.66663 0.69587 0.72247 0.74622 0.76702 0.78488 0.79987 0.81217 0.82191 0.82927 0.83438 0.83735 0.83825 0.83712 0.83396 0.82873 0.82137 0.8118 0.79994 0.78571
0.33014 0.49926 0.62555 0.67779 0.54683 0.40841 0.30775 0.2685 0.23526 0.19721 0.15876 0.13061 0.12212 0.13638 0.16965 0.21329 0.25816 0.2987 0.33384 0.36523 0.39499 0.42472 0.45535 0.48727 0.52039 0.55433 0.58852 0.62227 0.65492 0.68584 0.71452 0.74058 0.7638 0.7841 0.80147 0.81601 0.82789 0.83726 0.8443 0.84915 0.85192 0.85268 0.85148 0.84831 0.84314 0.83589 0.8265 0.81486 0.80089
0.046726 0.29596 0.58526 0.6774 0.52974 0.38583 0.32741 0.30186 0.25508 0.20183 0.15459 0.12358 0.11848 0.14031 0.18086 0.22964 0.27764 0.3199 0.35595 0.38783 0.41786 0.4477 0.47827 0.50993 0.54264 0.57605 0.60964 0.64275 0.67473 0.70498 0.73299 0.75841 0.78101 0.80071 0.81752 0.83155 0.84297 0.85194 0.85864 0.86321 0.86577 0.8664 0.86514 0.86197 0.85686 0.84975 0.84055 0.82915 0.81547
0.2632 0.3684 0.52238 0.60306 0.41211 0.27422 0.31631 0.31283 0.25362 0.18439 0.12712 0.097553 0.10911 0.1486 0.19934 0.25237 0.30137 0.34327 0.37867 0.41012 0.44003 0.46992 0.50055 0.53217 0.56466 0.59767 0.63071 0.66317 0.69444 0.72395 0.75122 0.7759 0.79779 0.81682 0.83301 0.84648 0.85739 0.86593 0.87227 0.87656 0.87891 0.87941 0.87808 0.87493 0.86991 0.86295 0.85395 0.84282 0.82944
0.40048 0.43414 0.46603 0.53711 0.28961 0.13082 0.30143 0.3093 0.23626 0.15074 0.079993 0.060079 0.10646 0.16609 0.22543 0.28051 0.32832 0.36802 0.4015 0.4318 0.46129 0.49124 0.52209 0.55387 0.58631 0.61906 0.65161 0.68344 0.71396 0.74266 0.76911 0.79298 0.81408 0.83237 0.84789 0.86075 0.87114 0.87922 0.88519 0.88918 0.89133 0.8917 0.89032 0.88719 0.88227 0.87547 0.86671 0.85586 0.84281
0.3317 0.31987 0.4222 0.5378 0.31108 0.15234 0.30839 0.30603 0.21944 0.12103 0.031967 0.049427 0.12515 0.19518 0.25816 0.31242 0.35701 0.39308 0.42376 0.45249 0.48147 0.51157 0.54283 0.57496 0.60753 0.64011 0.67225 0.70343 0.73318 0.76103 0.78659 0.80958 0.82984 0.84734 0.86214 0.87436 0.88419 0.8918 0.89738 0.90109 0.90302 0.90326 0.90185 0.89876 0.89394 0.88733 0.87881 0.86826 0.85557
0.15761 0.085814 0.40724 0.58258 0.4336 0.30123 0.34751 0.32161 0.22759 0.13261 0.075073 0.10002 0.16577 0.23417 0.29544 0.34604 0.38578 0.41731 0.44476 0.47181 0.5004 0.53086 0.56275 0.59543 0.62826 0.66077 0.69252 0.72308 0.75203 0.77898 0.8036 0.82565 0.84502 0.86169 0.87573 0.88728 0.89653 0.90366 0.90885 0.91226 0.91399 0.91411 0.91267 0.90962 0.90494 0.89852 0.89027 0.88004 0.86772
0.21904 0.25857 0.45107 0.63723 0.5626 0.45491 0.41935 0.36725 0.27106 0.18823 0.15038 0.16696 0.21831 0.27897 0.33455 0.37923 0.413 0.43958 0.46384 0.48948 0.51798 0.5491 0.58187 0.61526 0.64848 0.68099 0.71238 0.74231 0.77043 0.79644 0.82008 0.84115 0.85958 0.87539 0.88864 0.8995 0.90816 0.91479 0.91959 0.92271 0.92424 0.92426 0.92279 0.91981 0.91526 0.90906 0.90108 0.8912 0.87926
0.25505 0.4588 0.51938 0.68626 0.67601 0.60457 0.51532 0.43554 0.33413 0.25674 0.22389 0.23403 0.27401 0.3251 0.37264 0.40989 0.43715 0.45892 0.48046 0.50526 0.53418 0.56634 0.60022 0.6345 0.66819 0.70073 0.73178 0.76105 0.78832 0.81335 0.83597 0.85603 0.87349 0.8884 0.90085 0.91101 0.91906 0.9252 0.92961 0.93244 0.93377 0.93369 0.93221 0.92931 0.92492 0.91894 0.91126 0.90173 0.8902
0.36946 0.54123 0.54137 0.70665 0.75322 0.73389 0.6146 0.50606 0.39456 0.3183 0.28802 0.29509 0.32698 0.36861 0.40703 0.43613 0.45694 0.47456 0.49428 0.51906 0.54904 0.58265 0.6179 0.65317 0.68739 0.71998 0.75066 0.77926 0.80564 0.82967 0.85123 0.87025 0.88672 0.90072 0.91235 0.92179 0.92924 0.93489 0.93891 0.94145 0.9426 0.94244 0.94096 0.93814 0.93391 0.92818 0.92081 0.91165 0.90055
0.42436 0.44367 0.47912 0.66742 0.76652 0.81867 0.69197 0.55731 0.43576 0.36285 0.3385 0.34657 0.37331 0.40631 0.43538 0.45633 0.47137 0.48598 0.50512 0.53092 0.56267 0.59816 0.63499 0.67135 0.70609 0.73871 0.769 0.79689 0.82235 0.84535 0.86583 0.88379 0.89925 0.91231 0.92312 0.93185 0.9387 0.94385 0.9475 0.94976 0.95074 0.95049 0.94903 0.94631 0.94227 0.93679 0.92974 0.92097 0.91031
0.32821 0.16947 0.36592 0.55383 0.70527 0.8455 0.72805 0.57328 0.44779 0.38591 0.37353 0.38656 0.41047 0.43574 0.4558 0.46924 0.47973 0.49296 0.51304 0.54102 0.57529 0.61304 0.6516 0.68907 0.72432 0.75692 0.78677 0.81391 0.83842 0.86035 0.87973 0.8966 0.91104 0.92318 0.93316 0.94117 0.94743 0.9521 0.95537 0.95738 0.95819 0.95788 0.95644 0.95383 0.94998 0.94478 0.93807 0.9297 0.91949
0.37201 0.14454 0.26938 0.37819 0.59089 0.82014 0.71464 0.54568 0.42695 0.38739 0.39354 0.41447 0.43693 0.45518 0.46689 0.47397 0.48171 0.49554 0.51831 0.54967 0.58713 0.62746 0.66785 0.7064 0.7421 0.7746 0.80394 0.83028 0.8538 0.87464 0.8929 0.90868 0.9221 0.93331 0.94247 0.94978 0.95544 0.95964 0.96256 0.96431 0.96497 0.96461 0.96321 0.96073 0.95708 0.95216 0.9458 0.93784 0.9281
0.50839 0.32702 0.20495 0.17148 0.474 0.76258 0.6553 0.47436 0.37533 0.3711 0.40076 0.43068 0.45191 0.46347 0.46768 0.47007 0.47734 0.49413 0.5214 0.55729 0.59851 0.64161 0.68383 0.7234 0.75943 0.79174 0.8205 0.84598 0.86846 0.88819 0.90532 0.92001 0.93241 0.94269 0.95104 0.95765 0.96274 0.96649 0.96905 0.97057 0.9711 0.97069 0.96934 0.967 0.96357 0.95894 0.95295 0.94541 0.93615
0.60259 0.43662 0.20209 0.029544 0.41328 0.69724 0.56477 0.36661 0.30052 0.34411 0.39855 0.43617 0.45522 0.46 0.4577 0.4575 0.46709 0.48942 0.523 0.56438 0.60974 0.65568 0.69965 0.74009 0.77632 0.80833 0.83642 0.86098 0.8824 0.90099 0.91698 0.93058 0.94196 0.95133 0.95888 0.96481 0.96934 0.97265 0.97488 0.97617 0.97658 0.97615 0.97486 0.97267 0.96947 0.96514 0.95952 0.95243 0.94366
0.66066 0.51705 0.26869 0.20751 0.43016 0.64752 0.47017 0.23706 0.21649 0.31565 0.39046 0.43213 0.44704 0.44459 0.43689 0.4367 0.45186 0.48243 0.52392 0.57148 0.62115 0.66985 0.71539 0.75652 0.79279 0.82436 0.85168 0.87526 0.89557 0.91301 0.92786 0.94037 0.95075 0.95922 0.96599 0.97126 0.97525 0.97813 0.98005 0.98113 0.98143 0.98099 0.97978 0.97775 0.97479 0.97078 0.96554 0.95889 0.95063
0.61727 0.48789 0.32559 0.35311 0.50015 0.6355 0.41273 0.1198 0.15051 0.2948 0.37938 0.41972 0.42781 0.41739 0.40559 0.40861 0.43305 0.47448 0.52509 0.57915 0.63304 0.68426 0.73111 0.77269 0.80881 0.83981 0.86626 0.8888 0.90797 0.92425 0.93796 0.94939 0.95878 0.96638 0.97239 0.97702 0.98049 0.98296 0.98458 0.98547 0.98568 0.98524 0.98412 0.98226 0.97955 0.97586 0.97102 0.96483 0.95708
0.49831 0.3225 0.3526 0.48271 0.60191 0.67438 0.42743 0.1343 0.14779 0.28689 0.36695 0.39995 0.39822 0.37888 0.36456 0.3748 0.41261 0.46712 0.52747 0.5879 0.64566 0.69902 0.74685 0.78862 0.82439 0.85466 0.88016 0.90159 0.91959 0.93469 0.94727 0.95763 0.96606 0.9728 0.97807 0.98209 0.98506 0.98714 0.98849 0.98921 0.98934 0.98891 0.98789 0.98621 0.98377 0.98041 0.97597 0.97024 0.96301
0.38636 0.060508 0.38263 0.60699 0.72244 0.75534 0.50108 0.24589 0.2017 0.29083 0.35361 0.37376 0.35921 0.32977 0.31503 0.33772 0.39304 0.46202 0.53196 0.59818 0.6592 0.7142 0.76262 0.80429 0.8395 0.8689 0.89334 0.91361 0.93042 0.94434 0.95578 0.96511 0.97259 0.97851 0.98307 0.98649 0.98898 0.9907 0.9918 0.99236 0.99242 0.99202 0.99112 0.98963 0.98745 0.98444 0.98041 0.97515 0.96845
0.40614 0.24297 0.45027 0.72104 0.84198 0.85138 0.59188 0.35251 0.26571 0.30107 0.33915 0.34241 0.31217 0.27102 0.25892 0.30104 0.37738 0.46082 0.53933 0.6103 0.67378 0.72983 0.77842 0.81969 0.85411 0.88251 0.90579 0.92485 0.94045 0.95318 0.96352 0.97182 0.97839 0.9835 0.98738 0.99023 0.99228 0.99366 0.99451 0.99493 0.99495 0.99459 0.99381 0.99253 0.99063 0.98797 0.98435 0.97957 0.9734
0.49565 0.46724 0.54104 0.80839 0.93704 0.93431 0.66981 0.43583 0.32008 0.31204 0.32376 0.30798 0.25945 0.20377 0.1997 0.27025 0.36882 0.4649 0.55011 0.62446 0.68943 0.7459 0.79421 0.83477 0.8682 0.89545 0.91751 0.93531 0.94967 0.96123 0.97047 0.97777 0.98346 0.9878 0.99102 0.99334 0.99496 0.99602 0.99666 0.99696 0.99695 0.99664 0.996 0.99493 0.99331 0.99101 0.98781 0.98351 0.97789
0.46785 0.53467 0.60746 0.85218 0.99053 0.98571 0.72146 0.49322 0.36053 0.32116 0.30897 0.27429 0.20556 0.12953 0.14525 0.25259 0.37012 0.47517 0.56456 0.64068 0.70614 0.76235 0.80994 0.84949 0.88174 0.90771 0.92846 0.94497 0.95809 0.96848 0.97665 0.98298 0.98781 0.99142 0.99402 0.99583 0.99705 0.99782 0.99826 0.99846 0.99843 0.99819 0.99769 0.99684 0.99552 0.99357 0.9908 0.987 0.98191
0.28778 0.46106 0.61896 0.84457 0.99727 0.99915 0.74456 0.52785 0.3891 0.32939 0.29833 0.24794 0.16078 0.051647 0.11631 0.25481 0.3828 0.4919 0.58266 0.65888 0.7238 0.77909 0.82554 0.8638 0.89469 0.91927 0.93865 0.95384 0.96571 0.97495 0.98206 0.98746 0.99147 0.99437 0.99639 0.99772 0.99857 0.99907 0.99933 0.99944 0.99941 0.99925 0.9989 0.99828 0.99726 0.99568 0.99335 0.99003 0.98549
0.049768 0.36988 0.5737 0.7904 0.96301 0.97772 0.74342 0.5461 0.4109 0.34042 0.2972 0.23831 0.14595 0.044733 0.1389 0.27891 0.40671 0.51478 0.60414 0.67885 0.74225 0.79602 0.84093 0.87766 0.90702 0.93011 0.94806 0.96191 0.97253 0.98063 0.98673 0.99123 0.99445 0.99668 0.99814 0.99903 0.99954 0.99979 0.9999 0.99993 0.99992 0.99985 0.99966 0.99928 0.99857 0.99736 0.99546 0.99263 0.98864
0.22357 0.36605 0.48335 0.70466 0.89934 0.92944 0.72501 0.55526 0.43201 0.35897 0.31096 0.25332 0.1766 0.12938 0.19919 0.32101 0.44026 0.54299 0.62851 0.70029 0.7613 0.813 0.85603 0.89099 0.91869 0.9402 0.95669 0.96918 0.97857 0.98556 0.99066 0.9943 0.99677 0.99837 0.99931 0.99979 0.99997 1 0.99997 0.99996 0.99997 1 0.99999 0.99985 0.99944 0.99861 0.99714 0.99482 0.99138
0.37831 0.38468 0.35975 0.60642 0.81781 0.86237 0.69563 0.56146 0.45745 0.38862 0.34221 0.29324 0.23914 0.21877 0.27392 0.375 0.48113 0.57541 0.65518 0.72284 0.78073 0.8299 0.87075 0.90375 0.92966 0.94954 0.96452 0.97566 0.98383 0.98973 0.99388 0.99668 0.99845 0.99946 0.99991 1 0.99989 0.99972 0.99958 0.99953 0.99958 0.99972 0.99989 1 0.99991 0.99945 0.99843 0.9966 0.99371
0.44785 0.35519 0.21547 0.51321 0.72592 0.78141 0.65883 0.56827 0.48984 0.43031 0.38959 0.3517 0.3161 0.30868 0.35329 0.43563 0.5269 0.61084 0.68348 0.74612 0.8003 0.84657 0.88499 0.91588 0.9399 0.95809 0.97156 0.98134 0.98831 0.99316 0.9964 0.99841 0.99951 0.99996 0.99996 0.99969 0.99933 0.99898 0.99874 0.99866 0.99876 0.99903 0.99939 0.99975 0.99998 0.99991 0.99932 0.99799 0.99565
0.47492 0.31718 0.085095 0.43664 0.62647 0.6877 0.61533 0.57674 0.5292 0.48239 0.4491 0.42134 0.39855 0.39734 0.43317 0.49912 0.57539 0.64807 0.71274 0.76973 0.81979 0.86286 0.89867 0.92733 0.9494 0.96586 0.9778 0.98625 0.99205 0.99588 0.99824 0.9995 0.99997 0.9999 0.99948 0.99889 0.99829 0.99778 0.99746 0.99739 0.99755 0.99795 0.9985 0.99913 0.99968 0.99999 0.99984 0.999 0.99722
0.52458 0.36557 0.12274 0.37832 0.51971 0.58036 0.5648 0.58665 0.57393 0.54174 0.51617 0.49646 0.48196 0.4833 0.51126 0.56287 0.6248 0.68602 0.74232 0.79331 0.83896 0.87864 0.9117 0.93804 0.95811 0.97283 0.98326 0.99038 0.99504 0.99789 0.99942 0.99998 0.99986 0.99931 0.9985 0.99762 0.9968 0.99616 0.99579 0.99572 0.99596 0.99649 0.99725 0.99814 0.99901 0.99971 1 0.99966 0.99842
0.59994 0.46451 0.21919 0.33018 0.40655 0.45892 0.50862 0.59815 0.62195 0.605 0.58668 0.57294 0.56354 0.56529 0.58602 0.62502 0.67367 0.72375 0.77164 0.8165 0.8576 0.89378 0.92401 0.94798 0.96602 0.979 0.98792 0.99376 0.99732 0.99923 0.99996 0.99986 0.99919 0.9982 0.99704 0.99589 0.99489 0.99414 0.99372 0.99367 0.994 0.99468 0.99565 0.9968 0.99801 0.99908 0.99982 0.99997 0.99928
0.63435 0.51858 0.27782 0.28403 0.29185 0.32512 0.45284 0.61264 0.67146 0.66912 0.65725 0.64776 0.64127 0.64217 0.65627 0.68425 0.72087 0.76047 0.8002 0.83898 0.87553 0.90816 0.93553 0.95711 0.97312 0.98437 0.99181 0.99639 0.99888 0.99991 0.99989 0.99917 0.998 0.99659 0.99512 0.99373 0.99257 0.99173 0.99128 0.99127 0.99169 0.99253 0.99371 0.99514 0.99667 0.99813 0.9993 0.99995 0.9998
0.59371 0.5012 0.30268 0.24372 0.18909 0.1845 0.41038 0.63269 0.72117 0.73158 0.72516 0.71862 0.71359 0.71296 0.72113 0.73955 0.76553 0.79553 0.82758 0.8605 0.89257 0.92169 0.9462 0.96539 0.97939 0.98893 0.99493 0.99829 0.99977 0.99994 0.99923 0.99793 0.99629 0.99452 0.99276 0.99116 0.98986 0.98895 0.98849 0.98853 0.98906 0.99006 0.99146 0.99316 0.99502 0.99686 0.99847 0.99961 1
0.50439 0.4355 0.3166 0.22477 0.1326 0.067608 0.39931 0.66093 0.7701 0.79038 0.78827 0.78372 0.77926 0.77687 0.77988 0.79022 0.80699 0.82843 0.85342 0.88082 0.90859 0.93427 0.95596 0.97281 0.98482 0.99269 0.99729 0.99948 0.99999 0.99937 0.998 0.99617 0.9941 0.99199 0.98998 0.9882 0.98679 0.98582 0.98536 0.98546 0.98611 0.98728 0.9889 0.99088 0.99306 0.99529 0.99734 0.99896 0.99989
0.39171 0.34681 0.33485 0.2303 0.15532 0.14512 0.43157 0.69871 0.81737 0.84393 0.84492 0.84165 0.8373 0.83327 0.83204 0.83574 0.84477 0.85879 0.87746 0.89976 0.92346 0.94584 0.96479 0.97934 0.98942 0.99566 0.99891 0.99998 0.99957 0.9982 0.99622 0.9939 0.99145 0.98904 0.98681 0.98488 0.98337 0.98236 0.98193 0.9821 0.98287 0.98421 0.98606 0.98831 0.99083 0.99343 0.99591 0.99802 0.99948
0.25874 0.26061 0.35204 0.23601 0.21201 0.28656 0.50177 0.74517 0.86196 0.89095 0.89382 0.89138 0.88701 0.88168 0.87723 0.87578 0.87855 0.88634 0.89948 0.91718 0.9371 0.95634 0.97265 0.98497 0.99318 0.99785 0.9998 0.99981 0.99854 0.99646 0.99392 0.99116 0.98836 0.98569 0.98326 0.9812 0.97962 0.97859 0.97819 0.97844 0.97934 0.98087 0.98295 0.98548 0.98832 0.9913 0.99421 0.9968 0.99879
0.21243 0.25011 0.35387 0.21315 0.26913 0.42714 0.59388 0.79734 0.90264 0.93042 0.93406 0.93216 0.92787 0.92184 0.91528 0.91013 0.90814 0.91089 0.91935 0.93299 0.94944 0.96572 0.97952 0.9897 0.9961 0.99927 0.99998 0.99899 0.9969 0.99418 0.99113 0.98797 0.98486 0.98196 0.97936 0.97719 0.97556 0.97453 0.97418 0.97452 0.97556 0.97727 0.97958 0.98239 0.98556 0.98892 0.99225 0.99531 0.99782
0.35752 0.33464 0.33334 0.14631 0.32741 0.56038 0.69259 0.85091 0.93798 0.96156 0.96499 0.96351 0.95961 0.95359 0.9461 0.93874 0.93343 0.93235 0.93699 0.94711 0.96043 0.97398 0.9854 0.99353 0.9982 0.99994 0.99948 0.99754 0.9947 0.99138 0.98787 0.98435 0.98097 0.97786 0.97513 0.97288 0.97121 0.9702 0.9699 0.97034 0.97153 0.97342 0.97597 0.97905 0.98255 0.98628 0.99004 0.99357 0.99659
0.50665 0.42881 0.30264 0.036484 0.39735 0.68285 0.78667 0.90124 0.96654 0.98376 0.98626 0.98521 0.98214 0.97696 0.96977 0.96164 0.95444 0.95069 0.95235 0.9595 0.97005 0.98108 0.99026 0.99646 0.9995 0.99987 0.99831 0.99549 0.99195 0.98809 0.98416 0.98032 0.9767 0.97343 0.97058 0.96827 0.96659 0.9656 0.96537 0.96593 0.96726 0.96935 0.97212 0.97549 0.97931 0.98341 0.98758 0.99158 0.99512
0.59341 0.50433 0.30073 0.11746 0.4843 0.79095 0.86839 0.94411 0.98694 0.99663 0.99775 0.99724 0.99552 0.9921 0.98644 0.97897 0.97124 0.96594 0.96543 0.97017 0.97829 0.98703 0.99413 0.99851 1 0.99909 0.9965 0.99285 0.98868 0.98433 0.98002 0.97591 0.97209 0.96867 0.96575 0.96339 0.96171 0.96077 0.96061 0.96128 0.96277 0.96506 0.96807 0.97171 0.97585 0.98032 0.98491 0.98936 0.9934
0.64942 0.58072 0.36034 0.28136 0.58284 0.8806 0.93258 0.97616 0.99811 0.99999 0.99953 0.99978 1 0.99928 0.9964 0.99095 0.98398 0.97818 0.97628 0.97912 0.98516 0.99183 0.99701 0.99968 0.99972 0.99762 0.99406 0.98967 0.98491 0.98012 0.97549 0.97113 0.96715 0.96362 0.96063 0.95826 0.9566 0.9557 0.95564 0.95643 0.95808 0.96056 0.96381 0.96773 0.97219 0.97702 0.98201 0.98692 0.99146
0.69804 0.65746 0.45852 0.44304 0.68025 0.94755 0.9761 0.99512 0.9993 0.9939 0.9919 0.99316 0.99595 0.99888 0.99998 0.99785 0.99286 0.98754 0.98496 0.9864 0.99068 0.9955 0.99892 1 0.99869 0.99548 0.99103 0.98595 0.98067 0.97549 0.97057 0.96602 0.9619 0.95829 0.95526 0.95289 0.95126 0.95043 0.95046 0.95139 0.9532 0.95588 0.95936 0.96356 0.96833 0.97352 0.97892 0.98427 0.9893
0.70563 0.69606 0.55247 0.58313 0.76239 0.98814 0.99756 0.99983 0.99023 0.9786 0.97531 0.97788 0.98384 0.99136 0.9976 1 0.9981 0.99417 0.99156 0.99204 0.99488 0.99807 0.99987 0.9995 0.99693 0.99269 0.98744 0.98173 0.97599 0.97047 0.96531 0.96059 0.95636 0.9527 0.94965 0.9473 0.94571 0.94496 0.9451 0.94616 0.94814 0.95102 0.95474 0.95921 0.96429 0.96984 0.97563 0.98142 0.98694
0.63076 0.66024 0.61554 0.68785 0.81771 1.0001 0.99711 0.99013 0.97105 0.95459 0.95033 0.95452 0.96424 0.97726 0.98975 0.99783 0.99999 0.99823 0.99618 0.99613 0.9978 0.99956 0.99991 0.99819 0.99447 0.98929 0.98329 0.97703 0.97088 0.96507 0.95971 0.95486 0.95056 0.94687 0.94382 0.9415 0.93997 0.93931 0.93956 0.94076 0.94291 0.94599 0.94995 0.95468 0.96008 0.96597 0.97216 0.97838 0.98438
0.47512 0.5472 0.63977 0.75018 0.83909 0.9832 0.97622 0.96679 0.9423 0.92252 0.91768 0.92377 0.93781 0.95718 0.97693 0.9917 0.99881 0.99993 0.99895 0.99872 0.99949 1 0.99904 0.9961 0.99132 0.98529 0.97863 0.97188 0.96537 0.95932 0.9538 0.94886 0.94452 0.94081 0.93779 0.93551 0.93406 0.93349 0.93386 0.93521 0.93753 0.94081 0.945 0.95001 0.95571 0.96195 0.96851 0.97517 0.98163
0.28798 0.39168 0.63071 0.7699 0.82441 0.93922 0.93745 0.93123 0.90492 0.88323 0.87816 0.88637 0.90523 0.93175 0.95971 0.98206 0.99489 0.99946 1 0.99991 1 0.99945 0.99731 0.99326 0.98753 0.98073 0.97348 0.96629 0.95949 0.95324 0.94761 0.9426 0.93824 0.93455 0.93157 0.92935 0.92798 0.92751 0.92801 0.92951 0.932 0.93549 0.93991 0.94518 0.95119 0.95776 0.96471 0.97178 0.97871
0.17439 0.26369 0.60056 0.75251 0.77608 0.87207 0.88418 0.88541 0.8601 0.83767 0.83263 0.84311 0.86724 0.90165 0.93866 0.96937 0.98854 0.99705 0.99946 0.99977 0.99939 0.99793 0.99475 0.98971 0.98312 0.97563 0.96787 0.96031 0.95326 0.94686 0.94114 0.93611 0.93175 0.92809 0.92517 0.92303 0.92175 0.9214 0.92202 0.92367 0.92634 0.93003 0.93468 0.94022 0.94652 0.95343 0.96075 0.96824 0.97562
0.23532 0.24889 0.56187 0.70752 0.70007 0.78725 0.82029 0.83163 0.80927 0.78692 0.78199 0.79481 0.82459 0.86757 0.91438 0.95408 0.98009 0.99291 0.99746 0.9984 0.99772 0.9955 0.9914 0.98547 0.97811 0.97002 0.96181 0.95395 0.9467 0.94019 0.93443 0.92939 0.92507 0.92147 0.91861 0.91656 0.91539 0.91515 0.91591 0.91772 0.92056 0.92445 0.92933 0.93513 0.94172 0.94896 0.95665 0.96454 0.97237
0.33481 0.31369 0.52389 0.64647 0.60465 0.69122 0.74982 0.77231 0.75395 0.7321 0.72717 0.74228 0.77804 0.83022 0.88747 0.93667 0.96986 0.98725 0.99415 0.99588 0.99505 0.9922 0.9873 0.98057 0.97254 0.96393 0.95534 0.94723 0.93984 0.93326 0.92749 0.92248 0.91821 0.91468 0.91191 0.90996 0.9089 0.90879 0.90969 0.91165 0.91467 0.91876 0.92387 0.92992 0.93681 0.94437 0.95241 0.9607 0.96897
0.40576 0.37279 0.49186 0.58108 0.49903 0.59075 0.67668 0.7099 0.69578 0.67436 0.66909 0.68632 0.72837 0.79032 0.85853 0.91757 0.95816 0.98028 0.98966 0.99231 0.99145 0.98807 0.98247 0.97506 0.96645 0.95738 0.94849 0.94019 0.9327 0.92609 0.92034 0.91538 0.91118 0.90775 0.90508 0.90324 0.9023 0.90231 0.90336 0.90548 0.90868 0.91297 0.9183 0.92461 0.93177 0.93965 0.94805 0.95673 0.96543
0.44181 0.39886 0.46788 0.52145 0.39228 0.49234 0.60441 0.64675 0.63638 0.61489 0.60866 0.62773 0.67633 0.74859 0.82817 0.89724 0.94531 0.97219 0.98412 0.98777 0.98696 0.98317 0.97697 0.96896 0.95985 0.95041 0.94127 0.93284 0.9253 0.9187 0.913 0.90812 0.90402 0.90068 0.89813 0.89641 0.89559 0.89575 0.89694 0.89922 0.9026 0.90708 0.91264 0.91919 0.92663 0.93482 0.94357 0.95264 0.96176
0.43891 0.38878 0.45169 0.47433 0.29261 0.40167 0.53597 0.58501 0.57734 0.55487 0.54677 0.56723 0.62267 0.70576 0.79698 0.8761 0.93157 0.96317 0.97765 0.98234 0.98167 0.97754 0.97083 0.96231 0.95277 0.94304 0.93372 0.9252 0.91766 0.91111 0.90548 0.9007 0.89672 0.8935 0.89107 0.88948 0.8888 0.88909 0.89043 0.89287 0.89643 0.90111 0.90688 0.91368 0.9214 0.92989 0.93898 0.94843 0.95796
0.39072 0.34733 0.4415 0.44206 0.20762 0.32343 0.47363 0.52659 0.52023 0.4955 0.48428 0.50555 0.56815 0.66254 0.76553 0.85456 0.91724 0.95341 0.97037 0.97611 0.97562 0.97122 0.96408 0.95514 0.94526 0.9353 0.92586 0.91731 0.9098 0.90333 0.89781 0.89316 0.8893 0.88622 0.88392 0.88246 0.88192 0.88236 0.88385 0.88645 0.89019 0.89506 0.90105 0.90809 0.91607 0.92487 0.93429 0.9441 0.95404
0.30218 0.28905 0.4349 0.42298 0.14617 0.2612 0.41895 0.47315 0.46656 0.43799 0.42202 0.44332 0.5135 0.61967 0.73439 0.833 0.90254 0.94306 0.96239 0.96915 0.96887 0.96427 0.95677 0.94748 0.93734 0.92721 0.91771 0.90918 0.90174 0.89538 0.89 0.88549 0.88177 0.87884 0.87669 0.87537 0.87497 0.87556 0.8772 0.87997 0.88388 0.88894 0.89515 0.90242 0.91067 0.91976 0.9295 0.93968 0.95002
0.21175 0.24498 0.42983 0.41357 0.1201 0.21734 0.37277 0.42599 0.41777 0.38365 0.36085 0.38117 0.45952 0.57789 0.70408 0.81176 0.88771 0.93227 0.95381 0.96154 0.96148 0.95672 0.94894 0.93937 0.92903 0.9188 0.90929 0.90082 0.8935 0.88728 0.88206 0.87771 0.87416 0.87138 0.86939 0.86822 0.86796 0.8687 0.8705 0.87342 0.87751 0.88276 0.88917 0.89668 0.90519 0.91456 0.92463 0.93516 0.94589
0.21366 0.25209 0.42511 0.41077 0.13111 0.19235 0.33526 0.3861 0.37524 0.33391 0.30165 0.31963 0.40703 0.53795 0.67511 0.79115 0.87294 0.92117 0.94472 0.95334 0.9535 0.94862 0.94062 0.93084 0.92037 0.9101 0.90064 0.89227 0.8851 0.87905 0.87401 0.86984 0.86646 0.86385 0.86202 0.86101 0.8609 0.86179 0.86374 0.86683 0.87108 0.87653 0.88315 0.89088 0.89964 0.90929 0.91967 0.93055 0.94166
0.31541 0.30622 0.42027 0.41299 0.16184 0.18387 0.30602 0.35402 0.34018 0.29047 0.24554 0.25923 0.357 0.50061 0.64793 0.77145 0.8584 0.90987 0.93521 0.94461 0.94497 0.94002 0.93184 0.92191 0.91138 0.90113 0.89176 0.88355 0.87655 0.8707 0.86586 0.86189 0.8587 0.85627 0.8546 0.85375 0.8538 0.85483 0.85694 0.86019 0.86462 0.87025 0.87706 0.88502 0.89402 0.90396 0.91464 0.92585 0.93734
0.4321 0.37147 0.41524 0.41975 0.19826 0.18702 0.2842 0.32983 0.31352 0.25523 0.19408 0.20047 0.31059 0.46666 0.62296 0.75289 0.84424 0.89848 0.92534 0.93542 0.93596 0.93094 0.92264 0.91263 0.90209 0.89192 0.88269 0.87466 0.86788 0.86225 0.85763 0.85387 0.85088 0.84863 0.84713 0.84645 0.84665 0.84785 0.85011 0.85352 0.85811 0.86392 0.87094 0.87911 0.88836 0.89856 0.90954 0.92109 0.93294
0.52882 0.42222 0.40997 0.43064 0.23456 0.19635 0.26859 0.3131 0.29564 0.23015 0.15003 0.14391 0.26929 0.43684 0.60055 0.73566 0.83058 0.88707 0.91518 0.92581 0.92649 0.92143 0.91306 0.90302 0.89252 0.88248 0.87343 0.86563 0.85909 0.85371 0.84932 0.84579 0.84301 0.84095 0.83964 0.83911 0.83948 0.84083 0.84325 0.84681 0.85157 0.85756 0.86477 0.87316 0.88264 0.8931 0.90438 0.91625 0.92846
0.59538 0.44483 0.4043 0.44455 0.26778 0.20731 0.25787 0.30296 0.28623 0.21659 0.11858 0.090568 0.23504 0.41183 0.58096 0.7199 0.8175 0.87572 0.90478 0.91583 0.91661 0.91153 0.90312 0.8931 0.88271 0.87284 0.86402 0.85648 0.85021 0.8451 0.84096 0.83766 0.8351 0.83325 0.83211 0.83176 0.83229 0.83379 0.83636 0.84008 0.84501 0.85117 0.85857 0.86717 0.87688 0.8876 0.89916 0.91135 0.92391
0.62727 0.43119 0.39831 0.4595 0.29546 0.21646 0.25071 0.29826 0.2842 0.21445 0.10711 0.044634 0.21015 0.39221 0.5644 0.70569 0.80508 0.86449 0.8942 0.90553 0.90637 0.90127 0.89286 0.88291 0.87267 0.86302 0.85447 0.84722 0.84125 0.83642 0.83256 0.8295 0.82717 0.82551 0.82457 0.82439 0.82508 0.82673 0.82946 0.83334 0.83843 0.84476 0.85234 0.86114 0.87108 0.88205 0.89389 0.90638 0.91929
0.62304 0.37677 0.3929 0.47303 0.3153 0.22122 0.24601 0.29776 0.28798 0.22187 0.11774 0.036486 0.19675 0.3783 0.55094 0.69309 0.79335 0.8534 0.88348 0.89494 0.89579 0.89067 0.8823 0.87247 0.86243 0.85304 0.8448 0.83787 0.83221 0.82769 0.82411 0.82132 0.81921 0.81777 0.81701 0.817 0.81786 0.81967 0.82255 0.82658 0.83182 0.83833 0.84609 0.85509 0.86525 0.87646 0.88857 0.90137 0.91461
0.58921 0.2818 0.39007 0.4828 0.32536 0.21973 0.24297 0.30034 0.29587 0.236 0.14264 0.073806 0.19562 0.37018 0.54059 0.6821 0.78233 0.84249 0.87265 0.8841 0.88491 0.87979 0.87148 0.86181 0.85201 0.84293 0.83502 0.82844 0.82313 0.81892 0.81564 0.81311 0.81124 0.81002 0.80945 0.80962 0.81063 0.8126 0.81563 0.81981 0.82521 0.83188 0.83982 0.84901 0.85939 0.87084 0.88321 0.89631 0.90987
0.54605 0.15392 0.39231 0.4871 0.32442 0.21084 0.2412 0.30507 0.30629 0.25406 0.1734 0.11642 0.20537 0.36756 0.53322 0.67269 0.77202 0.83179 0.86173 0.87304 0.87376 0.86863 0.86042 0.85094 0.84143 0.83269 0.82516 0.81895 0.814 0.81013 0.80715 0.8049 0.80327 0.80226 0.80189 0.80224 0.80341 0.80553 0.80871 0.81304 0.8186 0.82542 0.83354 0.84292 0.8535 0.86518 0.87781 0.8912 0.90508
0.52616 0.049329 0.40123 0.48519 0.31225 0.19421 0.24068 0.31122 0.31798 0.27386 0.2055 0.15777 0.22314 0.36988 0.52866 0.66476 0.7624 0.82129 0.85075 0.86178 0.86237 0.85723 0.84914 0.8399 0.83071 0.82235 0.81522 0.80941 0.80484 0.80132 0.79865 0.79668 0.7953 0.79451 0.79434 0.79486 0.7962 0.79847 0.8018 0.80627 0.81198 0.81896 0.82725 0.83681 0.8476 0.8595 0.87239 0.88605 0.90025
0.55456 0.18203 0.41643 0.47752 0.2899 0.17049 0.2417 0.31826 0.33 0.29392 0.23686 0.19682 0.24588 0.37638 0.52663 0.65824 0.75344 0.811 0.83973 0.85036 0.85077 0.84562 0.83768 0.82871 0.81987 0.81192 0.80522 0.79983 0.79566 0.7925 0.79016 0.78847 0.78735 0.78678 0.7868 0.7875 0.789 0.79142 0.79489 0.79951 0.80536 0.8125 0.82095 0.83069 0.84167 0.8538 0.86693 0.88087 0.89537
0.6254 0.34183 0.43574 0.46576 0.26002 0.14181 0.2447 0.32577 0.34166 0.31328 0.26652 0.2333 0.27123 0.38617 0.52682 0.65298 0.74509 0.80091 0.82867 0.83879 0.83897 0.83383 0.82605 0.81738 0.80894 0.80143 0.79518 0.79023 0.78647 0.78368 0.78167 0.78027 0.77941 0.77906 0.77928 0.78015 0.78181 0.78438 0.788 0.79276 0.79875 0.80604 0.81465 0.82457 0.83574 0.84808 0.86145 0.87565 0.89045
0.71314 0.48845 0.45646 0.45274 0.2275 0.11311 0.25012 0.3334 0.35249 0.33134 0.29404 0.26713 0.29755 0.39841 0.52888 0.64885 0.7373 0.79101 0.81759 0.82709 0.82701 0.82186 0.81427 0.80594 0.79792 0.79088 0.78511 0.78062 0.77728 0.77488 0.7732 0.7721 0.77149 0.77137 0.77178 0.77283 0.77465 0.77737 0.78112 0.78602 0.79216 0.79959 0.80835 0.81844 0.8298 0.84235 0.85595 0.87041 0.8855
0.79715 0.61322 0.47655 0.44197 0.20034 0.095106 0.25816 0.34087 0.36218 0.34776 0.31923 0.29832 0.32378 0.41232 0.53247 0.64569 0.73001 0.78129 0.8065 0.81528 0.81491 0.80975 0.80238 0.7944 0.78684 0.7803 0.77502 0.77101 0.7681 0.76609 0.76475 0.76395 0.7636 0.7637 0.76431 0.76553 0.76751 0.77038 0.77427 0.7793 0.78557 0.79315 0.80206 0.81231 0.82386 0.83661 0.85044 0.86515 0.88052
0.8685 0.71283 0.495 0.43687 0.18924 0.102 0.26868 0.34787 0.37051 0.36237 0.34204 0.32691 0.34926 0.42723 0.53724 0.64335 0.72315 0.77172 0.7954 0.80337 0.80268 0.79752 0.79038 0.78279 0.77571 0.76969 0.76493 0.7614 0.75894 0.75732 0.75634 0.75583 0.75574 0.75607 0.75687 0.75827 0.7604 0.76341 0.76743 0.7726 0.77901 0.78672 0.79578 0.80619 0.81791 0.83086 0.84491 0.85987 0.87551
0.92569 0.78667 0.51126 0.43963 0.20164 0.13322 0.2812 0.35414 0.37734 0.37508 0.36248 0.35298 0.37357 0.44259 0.54287 0.64167 0.71666 0.76229 0.78428 0.79139 0.79033 0.78518 0.77829 0.77112 0.76454 0.75906 0.75484 0.75182 0.74981 0.74859 0.74796 0.74775 0.74792 0.74847 0.74947 0.75104 0.75332 0.75647 0.76063 0.76593 0.77246 0.78031 0.78951 0.80008 0.81197 0.82511 0.83937 0.85457 0.87048
0.96858 0.83446 0.52448 0.45041 0.23465 0.17638 0.29491 0.35937 0.38261 0.38591 0.38063 0.37662 0.39646 0.45797 0.54907 0.64049 0.71046 0.75297 0.77316 0.77932 0.7779 0.77276 0.76614 0.75941 0.75336 0.74844 0.74477 0.74226 0.74071 0.7399 0.73962 0.73972 0.74014 0.74091 0.74211 0.74384 0.74628 0.74957 0.75386 0.75928 0.76594 0.77392 0.78326 0.79398 0.80603 0.81936 0.83382 0.84926 0.86543
0.99462 0.8549 0.53311 0.46727 0.27912 0.22287 0.30886 0.36331 0.38629 0.3949 0.39659 0.39794 0.4178 0.47304 0.55559 0.63969 0.70449 0.74373 0.76202 0.7672 0.76539 0.76027 0.75394 0.74766 0.74217 0.73783 0.73472 0.73274 0.73166 0.73126 0.73132 0.73173 0.73241 0.7334 0.73479 0.73669 0.73928 0.7427 0.74711 0.75266 0.75944 0.76755 0.77702 0.78789 0.8001 0.81361 0.82828 0.84394 0.86036
0.99858 0.84572 0.53508 0.48702 0.32686 0.26811 0.32203 0.36569 0.38837 0.40214 0.41048 0.41706 0.43749 0.48753 0.5622 0.63913 0.69869 0.73455 0.75087 0.75503 0.75282 0.74772 0.7417 0.73591 0.73098 0.72724 0.72471 0.72326 0.72265 0.72266 0.72308 0.72379 0.72473 0.72594 0.72751 0.72958 0.73231 0.73587 0.74041 0.74607 0.75297 0.7612 0.77081 0.78181 0.79419 0.80786 0.82273 0.83861 0.85528
0.9752 0.80504 0.52847 0.50622 0.3724 0.30938 0.33345 0.3663 0.38889 0.40775 0.42244 0.43409 0.45554 0.50128 0.56872 0.63868 0.693 0.72542 0.73971 0.74281 0.7402 0.73514 0.72944 0.72415 0.71981 0.71668 0.71474 0.71383 0.7137 0.71412 0.7149 0.7159 0.7171 0.71853 0.72029 0.72252 0.7254 0.72908 0.73374 0.73952 0.74654 0.75488 0.76462 0.77576 0.78828 0.80213 0.81718 0.83328 0.85019
0.92292 0.73299 0.51223 0.52192 0.41232 0.34486 0.34229 0.36497 0.38793 0.41184 0.4326 0.44915 0.47193 0.51414 0.57498 0.63825 0.68736 0.71631 0.72853 0.73056 0.72755 0.72253 0.71717 0.7124 0.70868 0.70617 0.70482 0.70445 0.70481 0.70565 0.70677 0.70808 0.70953 0.71117 0.71312 0.71551 0.71852 0.72233 0.72711 0.733 0.74013 0.74859 0.75845 0.76972 0.78239 0.7964 0.81164 0.82794 0.84509
0.84647 0.63293 0.48664 0.53207 0.44455 0.37332 0.34786 0.36157 0.38558 0.41456 0.4411 0.46238 0.48672 0.52603 0.58088 0.63775 0.68173 0.70719 0.71733 0.71828 0.71487 0.70991 0.70491 0.70068 0.69758 0.6957 0.69497 0.69514 0.69598 0.69723 0.69871 0.70032 0.70202 0.70387 0.706 0.70855 0.7117 0.71563 0.72053 0.72653 0.73376 0.74234 0.75231 0.76371 0.77652 0.79069 0.80611 0.82261 0.83999
0.75745 0.51171 0.45341 0.53555 0.46797 0.39402 0.34966 0.35605 0.38195 0.41606 0.4481 0.47389 0.49995 0.53689 0.5863 0.63709 0.67605 0.69806 0.70611 0.70598 0.70218 0.69729 0.69267 0.689 0.68653 0.6853 0.68518 0.68591 0.68722 0.68889 0.69072 0.69262 0.69457 0.69663 0.69894 0.70164 0.70493 0.70898 0.71398 0.72009 0.72743 0.73611 0.7462 0.75772 0.77067 0.78499 0.80058 0.81728 0.83488
0.67232 0.37938 0.41545 0.53209 0.48217 0.40658 0.34734 0.34842 0.37719 0.41647 0.45372 0.48381 0.51168 0.54669 0.59118 0.63621 0.67029 0.68889 0.69487 0.69367 0.68948 0.68469 0.68046 0.67736 0.67554 0.67497 0.67546 0.67674 0.67854 0.68062 0.6828 0.68499 0.68718 0.68946 0.69193 0.69479 0.6982 0.70238 0.70749 0.7137 0.72114 0.72992 0.74012 0.75176 0.76484 0.77931 0.79507 0.81196 0.82978
0.60762 0.24953 0.37632 0.52208 0.48731 0.411 0.34074 0.33876 0.37147 0.41596 0.45811 0.49227 0.52198 0.55544 0.59545 0.63505 0.66443 0.67968 0.68361 0.68134 0.67679 0.67211 0.66829 0.66577 0.66461 0.66471 0.66582 0.66766 0.66994 0.67243 0.67495 0.67743 0.67986 0.68234 0.68499 0.68799 0.69154 0.69582 0.70104 0.70735 0.71489 0.72377 0.73407 0.74583 0.75903 0.77365 0.78957 0.80664 0.82467
0.57249 0.14546 0.33955 0.50639 0.48402 0.40757 0.32984 0.3272 0.36497 0.41466 0.46139 0.49937 0.53094 0.56312 0.59909 0.63358 0.65842 0.6704 0.67232 0.66902 0.66412 0.65956 0.65617 0.65425 0.65376 0.65453 0.65626 0.65866 0.66142 0.66432 0.66718 0.66994 0.67262 0.67529 0.67811 0.68125 0.68492 0.68932 0.69464 0.70104 0.70868 0.71766 0.72806 0.73992 0.75325 0.76801 0.78408 0.80134 0.81957
0.56333 0.12131 0.30793 0.48621 0.47325 0.39685 0.31478 0.31397 0.3579 0.41272 0.46368 0.50523 0.53862 0.56978 0.60206 0.63176 0.65224 0.66105 0.66101 0.6567 0.65147 0.64705 0.64411 0.6428 0.64299 0.64443 0.6468 0.64975 0.65299 0.65629 0.65949 0.66253 0.66544 0.66831 0.67129 0.67458 0.67837 0.68287 0.68829 0.69479 0.70251 0.71158 0.72208 0.73405 0.7475 0.76239 0.77862 0.79605 0.81447
0.56732 0.17501 0.28286 0.46288 0.45626 0.37963 0.29578 0.29936 0.35045 0.41026 0.46511 0.50995 0.54511 0.57542 0.60435 0.62956 0.64588 0.65163 0.64967 0.64438 0.63886 0.6346 0.63211 0.63143 0.63231 0.63443 0.63742 0.64093 0.64464 0.64834 0.65188 0.6552 0.65833 0.6614 0.66454 0.66796 0.67187 0.67648 0.68199 0.68858 0.69639 0.70555 0.71614 0.72822 0.74178 0.75679 0.77317 0.79077 0.80939
0.57152 0.23541 0.26422 0.43776 0.43447 0.35687 0.27319 0.28372 0.34286 0.40741 0.46577 0.51365 0.55049 0.5801 0.60597 0.62697 0.63933 0.64212 0.63832 0.63209 0.62628 0.6222 0.6202 0.62015 0.62173 0.62453 0.62815 0.6322 0.63639 0.64048 0.64435 0.64794 0.6513 0.65455 0.65785 0.66141 0.66543 0.67014 0.67574 0.68242 0.69031 0.69956 0.71024 0.72241 0.73608 0.75122 0.76774 0.7855 0.80431
0.56816 0.27977 0.25067 0.41218 0.40945 0.32971 0.24739 0.26749 0.33534 0.40429 0.46577 0.51641 0.55483 0.58385 0.60692 0.62397 0.63257 0.63252 0.62694 0.61981 0.61375 0.60988 0.60836 0.60897 0.61125 0.61473 0.61897 0.62358 0.62823 0.63272 0.63691 0.64076 0.64435 0.64778 0.65123 0.65492 0.65905 0.66386 0.66955 0.67631 0.68428 0.69361 0.70438 0.71665 0.73042 0.74568 0.76234 0.78026 0.79924
0.55488 0.30464 0.24041 0.3873 0.38284 0.29941 0.21887 0.25118 0.32809 0.40099 0.4652 0.51833 0.55821 0.58671 0.60721 0.62057 0.6256 0.62283 0.61554 0.60756 0.60128 0.59763 0.59662 0.59789 0.60087 0.60504 0.60991 0.61505 0.62017 0.62504 0.62955 0.63367 0.63747 0.64108 0.64468 0.64849 0.65274 0.65764 0.66341 0.67025 0.6783 0.68771 0.69856 0.71091 0.72479 0.74017 0.75696 0.77503 0.79419
0.53275 0.31135 0.23184 0.36412 0.35625 0.26745 0.18813 0.23537 0.32131 0.3976 0.46414 0.51949 0.56071 0.58874 0.60685 0.61677 0.61841 0.61306 0.60413 0.59533 0.58887 0.58546 0.58498 0.58691 0.5906 0.59546 0.60095 0.60663 0.6122 0.61745 0.62228 0.62665 0.63066 0.63445 0.6382 0.64213 0.64648 0.65147 0.65733 0.66424 0.67237 0.68185 0.69278 0.70522 0.7192 0.73468 0.7516 0.76982 0.78915
0.50399 0.30255 0.22389 0.34338 0.33123 0.23548 0.1557 0.22072 0.31517 0.39419 0.46266 0.51997 0.56239 0.58999 0.60588 0.61256 0.61101 0.60319 0.59271 0.58315 0.57652 0.57338 0.57344 0.57604 0.58045 0.58599 0.5921 0.59832 0.60434 0.60996 0.61509 0.61972 0.62394 0.6279 0.63179 0.63583 0.64029 0.64537 0.6513 0.65829 0.66648 0.67603 0.68704 0.69957 0.71364 0.72923 0.74627 0.76463 0.78413
0.47064 0.28104 0.21598 0.32556 0.30914 0.20551 0.12222 0.20793 0.30979 0.39083 0.46084 0.51985 0.56333 0.59049 0.60432 0.60797 0.6034 0.59324 0.58128 0.571 0.56425 0.5614 0.562 0.56529 0.57042 0.57665 0.58336 0.59011 0.59658 0.60257 0.608 0.61287 0.61729 0.62142 0.62544 0.62961 0.63415 0.63932 0.64533 0.65239 0.66065 0.67027 0.68135 0.69395 0.70811 0.7238 0.74096 0.75947 0.77913
0.43412 0.24933 0.20787 0.31084 0.29099 0.17996 0.088482 0.19771 0.30529 0.38755 0.45872 0.51919 0.56358 0.59031 0.6022 0.603 0.59559 0.58321 0.56985 0.55891 0.55206 0.54952 0.55068 0.55467 0.56051 0.56742 0.57474 0.58201 0.58892 0.59527 0.60099 0.60611 0.61072 0.61501 0.61917 0.62344 0.62809 0.63334 0.63942 0.64654 0.65487 0.66455 0.6757 0.68838 0.70262 0.71841 0.73569 0.75432 0.77414
0.39583 0.20957 0.19954 0.29908 0.27731 0.16164 0.056076 0.19066 0.30172 0.38439 0.45636 0.51806 0.56321 0.58949 0.59954 0.59767 0.58757 0.5731 0.55842 0.54686 0.53995 0.53774 0.53948 0.54416 0.55073 0.55831 0.56624 0.57403 0.58136 0.58807 0.59408 0.59943 0.60424 0.60868 0.61297 0.61735 0.62208 0.62741 0.63356 0.64074 0.64913 0.65888 0.67009 0.68284 0.69717 0.71306 0.73044 0.74921 0.76918
0.358 0.16382 0.19109 0.28991 0.26807 0.153 0.031228 0.1872 0.29909 0.38138 0.45382 0.51651 0.56229 0.58807 0.59638 0.592 0.57937 0.56292 0.547 0.53487 0.52793 0.52607 0.52841 0.53379 0.54108 0.54933 0.55786 0.56615 0.57391 0.58096 0.58725 0.59284 0.59783 0.60242 0.60684 0.61132 0.61614 0.62154 0.62776 0.63501 0.64345 0.65326 0.66453 0.67735 0.69176 0.70774 0.72523 0.74412 0.76423
0.32433 0.11422 0.18267 0.28278 0.26266 0.15488 0.036238 0.18743 0.29737 0.37852 0.45112 0.51461 0.56085 0.58611 0.59276 0.586 0.57099 0.55267 0.53559 0.52294 0.516 0.51451 0.51746 0.52355 0.53156 0.54048 0.54959 0.55839 0.56656 0.57395 0.58052 0.58633 0.5915 0.59624 0.60078 0.60536 0.61027 0.61574 0.62202 0.62932 0.63783 0.64768 0.65902 0.6719 0.68638 0.70245 0.72004 0.73905 0.75931
0.29963 0.063904 0.17452 0.27701 0.26007 0.16574 0.063712 0.19109 0.29649 0.37581 0.4483 0.51239 0.55897 0.58365 0.58869 0.5797 0.56245 0.54237 0.5242 0.51108 0.50417 0.50308 0.50664 0.51344 0.52217 0.53176 0.54145 0.55074 0.55932 0.56704 0.57388 0.5799 0.58525 0.59013 0.59479 0.59947 0.60446 0.61 0.61634 0.62369 0.63225 0.64216 0.65355 0.6665 0.68105 0.6972 0.71489 0.73402 0.75441
0.28783 0.015929 0.16695 0.27193 0.25913 0.18267 0.09476 0.19769 0.29635 0.37324 0.4454 0.5099 0.55667 0.58074 0.58423 0.57311 0.55375 0.53203 0.51283 0.49929 0.49244 0.49176 0.49595 0.50347 0.51292 0.52317 0.53344 0.54321 0.55218 0.56023 0.56733 0.57356 0.57908 0.5841 0.58887 0.59365 0.59871 0.60432 0.61071 0.61812 0.62673 0.63669 0.64813 0.66114 0.67575 0.69198 0.70977 0.72901 0.74953
0.28918 0.028669 0.16027 0.26687 0.25871 0.2029 0.12579 0.20654 0.29683 0.37081 0.44244 0.5072 0.55402 0.57741 0.57939 0.56626 0.54492 0.52164 0.50149 0.48758 0.48082 0.48058 0.4854 0.49365 0.5038 0.51471 0.52554 0.53579 0.54515 0.55352 0.56087 0.56731 0.57299 0.57815 0.58302 0.58789 0.59303 0.5987 0.60515 0.6126 0.62125 0.63126 0.64275 0.65582 0.6705 0.6868 0.70468 0.72403 0.74468
0.29953 0.068871 0.15481 0.26126 0.25785 0.22443 0.15582 0.21695 0.29779 0.3685 0.43944 0.5043 0.55105 0.5737 0.57422 0.55918 0.53596 0.51122 0.49019 0.47594 0.46931 0.46952 0.47499 0.48396 0.49483 0.50638 0.51777 0.52848 0.53823 0.5469 0.5545 0.56114 0.56698 0.57227 0.57725 0.5822 0.58741 0.59314 0.59964 0.60714 0.61584 0.62589 0.63743 0.65054 0.66529 0.68166 0.69963 0.71908 0.73986
0.31273 0.097273 0.15081 0.2546 0.25584 0.24599 0.18441 0.22826 0.29909 0.36629 0.43642 0.50125 0.5478 0.56966 0.56875 0.55188 0.52689 0.50078 0.47893 0.46439 0.45791 0.45859 0.46472 0.47442 0.486 0.49818 0.51012 0.52129 0.53141 0.54038 0.54823 0.55506 0.56105 0.56646 0.57154 0.57658 0.58185 0.58764 0.59419 0.60174 0.61047 0.62057 0.63215 0.64531 0.66011 0.67656 0.69461 0.71416 0.73506
0.32352 0.1147 0.14843 0.24645 0.25226 0.26684 0.21132 0.23991 0.30059 0.36415 0.4334 0.49808 0.5443 0.56532 0.56299 0.54439 0.51773 0.49033 0.46771 0.45293 0.44663 0.4478 0.4546 0.46502 0.4773 0.49012 0.5026 0.51422 0.5247 0.53396 0.54204 0.54906 0.5552 0.56073 0.56591 0.57102 0.57636 0.5822 0.5888 0.59639 0.60516 0.61529 0.62692 0.64013 0.65498 0.6715 0.68963 0.70927 0.73029
0.32887 0.12034 0.1477 0.2365 0.24696 0.28659 0.23639 0.25143 0.30215 0.36208 0.4304 0.49481 0.5406 0.56072 0.557 0.53674 0.50848 0.47988 0.45656 0.44156 0.43547 0.43714 0.44462 0.45577 0.46875 0.4822 0.49521 0.50726 0.51809 0.52764 0.53594 0.54314 0.54943 0.55508 0.56035 0.56554 0.57094 0.57683 0.58347 0.5911 0.5999 0.61007 0.62173 0.63499 0.6499 0.66647 0.68468 0.70442 0.72554
0.32813 0.11407 0.14853 0.22447 0.24001 0.30507 0.2595 0.26245 0.30364 0.36004 0.42743 0.49147 0.53673 0.55588 0.55079 0.52893 0.49918 0.46944 0.44546 0.43029 0.42442 0.42662 0.43479 0.44667 0.46035 0.4744 0.48793 0.50041 0.51159 0.52141 0.52994 0.53731 0.54374 0.5495 0.55486 0.56012 0.56558 0.57152 0.5782 0.58586 0.5947 0.6049 0.6166 0.62989 0.64485 0.66149 0.67976 0.69959 0.72083
0.32272 0.096767 0.15071 0.21019 0.23176 0.32225 0.28058 0.2727 0.30497 0.35804 0.42449 0.48809 0.53271 0.55085 0.54439 0.521 0.48983 0.45902 0.43443 0.41912 0.41351 0.41625 0.4251 0.43772 0.45208 0.46675 0.48078 0.49368 0.50519 0.51528 0.52402 0.53156 0.53813 0.54399 0.54943 0.55476 0.56028 0.56626 0.57298 0.58068 0.58955 0.59978 0.61151 0.62484 0.63985 0.65654 0.67489 0.6948 0.71614
0.31574 0.069295 0.15401 0.19361 0.22278 0.33819 0.29957 0.28194 0.30603 0.35604 0.42162 0.48469 0.52856 0.54565 0.53784 0.51297 0.48044 0.44862 0.42347 0.40805 0.40272 0.40602 0.41557 0.42892 0.44396 0.45922 0.47376 0.48706 0.4989 0.50925 0.51819 0.52589 0.53259 0.53855 0.54408 0.54948 0.55504 0.56107 0.56782 0.57555 0.58445 0.59471 0.60647 0.61984 0.63489 0.65163 0.67005 0.69005 0.71148
0.31138 0.034212 0.15816 0.17477 0.2139 0.35298 0.31645 0.29001 0.30675 0.35405 0.4188 0.48128 0.52433 0.54031 0.53116 0.50486 0.47104 0.43827 0.4126 0.39709 0.39206 0.39593 0.40619 0.42027 0.43599 0.45183 0.46686 0.48055 0.49271 0.50331 0.51245 0.52031 0.52713 0.53319 0.5388 0.54425 0.54987 0.55594 0.56273 0.57048 0.5794 0.58969 0.60148 0.61488 0.62997 0.64676 0.66524 0.68532 0.70686
0.31385 0.0078379 0.16297 0.15396 0.20617 0.36672 0.3312 0.2968 0.30707 0.35205 0.41606 0.47788 0.52002 0.53485 0.52436 0.49669 0.46164 0.42796 0.4018 0.38624 0.38153 0.38598 0.39696 0.41177 0.42816 0.44457 0.46008 0.47416 0.48662 0.49746 0.50679 0.5148 0.52174 0.5279 0.53358 0.5391 0.54476 0.55087 0.55768 0.56546 0.57441 0.58472 0.59653 0.60997 0.62509 0.64194 0.66048 0.68063 0.70226
0.32597 0.052641 0.1684 0.13178 0.20078 0.37952 0.34382 0.30221 0.30696 0.35005 0.4134 0.47451 0.51567 0.5293 0.51749 0.48848 0.45225 0.41771 0.3911 0.3755 0.37114 0.37619 0.38789 0.40342 0.42047 0.43745 0.45342 0.46787 0.48064 0.49171 0.50123 0.50938 0.51644 0.52268 0.52844 0.53401 0.53971 0.54585 0.5527 0.5605 0.56947 0.5798 0.59164 0.6051 0.62026 0.63715 0.65575 0.67597 0.69769
0.34819 0.099415 0.17458 0.10956 0.19892 0.39147 0.35433 0.30621 0.30637 0.34804 0.41084 0.47117 0.51128 0.52368 0.51056 0.48025 0.44289 0.40753 0.38049 0.36488 0.36087 0.36654 0.37896 0.39522 0.41292 0.43046 0.44688 0.4617 0.47475 0.48605 0.49575 0.50404 0.5112 0.51754 0.52336 0.52898 0.53473 0.5409 0.54777 0.5556 0.56458 0.57493 0.58679 0.60028 0.61547 0.6324 0.65105 0.67135 0.69316
0.37886 0.14804 0.18193 0.090089 0.20155 0.40263 0.36275 0.30875 0.3053 0.34604 0.40837 0.46789 0.50689 0.51802 0.50359 0.47202 0.43357 0.39742 0.36998 0.35438 0.35075 0.35704 0.3702 0.38717 0.40552 0.4236 0.44046 0.45564 0.46896 0.48049 0.49035 0.49878 0.50604 0.51246 0.51834 0.52402 0.52981 0.53601 0.5429 0.55074 0.55975 0.57011 0.58199 0.5955 0.61072 0.6277 0.6464 0.66676 0.68865
0.41536 0.19686 0.19103 0.078837 0.20915 0.41302 0.3691 0.30983 0.30375 0.34404 0.406 0.46468 0.50249 0.51234 0.49661 0.46381 0.42431 0.3874 0.35957 0.34401 0.34076 0.34769 0.36158 0.37927 0.39826 0.41687 0.43417 0.44968 0.46328 0.47501 0.48504 0.49359 0.50096 0.50745 0.5134 0.51912 0.52494 0.53117 0.53809 0.54595 0.55497 0.56534 0.57724 0.59077 0.60602 0.62303 0.64178 0.66221 0.68418
0.45521 0.24564 0.20263 0.082387 0.22163 0.42266 0.37343 0.30947 0.30173 0.34206 0.40375 0.46153 0.49812 0.50665 0.48963 0.45563 0.41512 0.37747 0.34928 0.33375 0.33091 0.33849 0.35312 0.37153 0.39114 0.41027 0.42799 0.44383 0.45769 0.46962 0.47981 0.48848 0.49595 0.50251 0.50852 0.51428 0.52014 0.52639 0.53333 0.5412 0.55023 0.56063 0.57253 0.58608 0.60136 0.6184 0.6372 0.65769 0.67974
0.49657 0.29441 0.21744 0.10136 0.23841 0.43151 0.37578 0.30768 0.29926 0.34011 0.40162 0.45847 0.49378 0.50097 0.48267 0.44751 0.406 0.36764 0.3391 0.32362 0.3212 0.32944 0.34482 0.36393 0.38416 0.40381 0.42192 0.43809 0.4522 0.46432 0.47466 0.48345 0.49101 0.49765 0.5037 0.50951 0.5154 0.52167 0.52863 0.53651 0.54555 0.55596 0.56788 0.58144 0.59674 0.61382 0.63266 0.65321 0.67533
0.53834 0.34343 0.23599 0.13055 0.25865 0.43955 0.37619 0.30451 0.29638 0.3382 0.39961 0.45549 0.48948 0.49532 0.47576 0.43945 0.39699 0.35793 0.32904 0.31362 0.31163 0.32054 0.33666 0.35649 0.37732 0.39746 0.41598 0.43245 0.4468 0.45911 0.46959 0.4785 0.48614 0.49284 0.49895 0.50479 0.51071 0.51701 0.52398 0.53187 0.54093 0.55134 0.56327 0.57685 0.59217 0.60927 0.62816 0.64876 0.67095
0.57987 0.39292 0.25851 0.16538 0.28143 0.44672 0.37473 0.29999 0.29311 0.33636 0.39773 0.45261 0.48524 0.48972 0.4689 0.43148 0.38808 0.34834 0.31911 0.30375 0.30221 0.31179 0.32867 0.34919 0.37062 0.39125 0.41015 0.42692 0.4415 0.45399 0.4646 0.47362 0.48134 0.48811 0.49426 0.50014 0.50609 0.5124 0.51938 0.52729 0.53635 0.54676 0.5587 0.5723 0.58764 0.60477 0.62369 0.64435 0.66661
0.62068 0.44294 0.28487 0.20335 0.30592 0.45295 0.37144 0.29418 0.28952 0.3346 0.39598 0.44982 0.48107 0.48417 0.46211 0.4236 0.37929 0.33887 0.3093 0.29402 0.29292 0.3032 0.32082 0.34204 0.36406 0.38516 0.40443 0.42149 0.43629 0.44895 0.4597 0.46881 0.47661 0.48344 0.48964 0.49555 0.50152 0.50785 0.51485 0.52276 0.53182 0.54224 0.55419 0.56779 0.58315 0.60031 0.61927 0.63997 0.6623
0.66025 0.49322 0.31465 0.24305 0.33136 0.45819 0.36639 0.28716 0.28566 0.33294 0.39437 0.44714 0.47697 0.4787 0.45542 0.41584 0.37063 0.32955 0.29963 0.28441 0.28377 0.29475 0.31314 0.33504 0.35764 0.37919 0.39882 0.41616 0.43117 0.44399 0.45487 0.46408 0.47195 0.47884 0.48508 0.49102 0.49701 0.50336 0.51036 0.51828 0.52734 0.53777 0.54972 0.56333 0.5787 0.59588 0.61488 0.63563 0.65802
0.69783 0.54318 0.34718 0.28357 0.35717 0.4624 0.35966 0.27898 0.28159 0.3314 0.3929 0.44457 0.47296 0.4733 0.44882 0.4082 0.36211 0.32036 0.29009 0.27494 0.27477 0.28646 0.3056 0.32819 0.35135 0.37335 0.39332 0.41093 0.42614 0.43912 0.45011 0.45942 0.46736 0.4743 0.48058 0.48655 0.49256 0.49892 0.50593 0.51385 0.52292 0.53334 0.54529 0.55891 0.5743 0.5915 0.61052 0.63132 0.65377
0.73242 0.59188 0.38171 0.32428 0.38284 0.46553 0.35132 0.26973 0.27737 0.33 0.39158 0.4421 0.46903 0.468 0.44234 0.4007 0.35375 0.31133 0.2807 0.2656 0.26591 0.27832 0.29822 0.32148 0.34519 0.36763 0.38794 0.4058 0.4212 0.43433 0.44544 0.45483 0.46284 0.46982 0.47614 0.48214 0.48817 0.49454 0.50155 0.50947 0.51854 0.52896 0.54092 0.55454 0.56993 0.58716 0.60621 0.62705 0.64956
0.76284 0.6382 0.41743 0.3647 0.40799 0.46759 0.34147 0.25948 0.27308 0.32875 0.3904 0.43975 0.4652 0.4628 0.43598 0.39335 0.34554 0.30245 0.27145 0.2564 0.25719 0.27032 0.29099 0.31492 0.33917 0.36203 0.38266 0.40076 0.41635 0.42963 0.44084 0.45031 0.45838 0.46541 0.47176 0.47778 0.48383 0.49021 0.49722 0.50515 0.51421 0.52463 0.53658 0.55021 0.56561 0.58285 0.60193 0.62281 0.64538
0.78783 0.68087 0.45353 0.40442 0.43234 0.46856 0.33018 0.24833 0.26879 0.32768 0.38937 0.4375 0.46147 0.45772 0.42976 0.38616 0.33751 0.29374 0.26234 0.24734 0.24861 0.26249 0.28391 0.3085 0.33328 0.35655 0.37749 0.39582 0.41159 0.425 0.43631 0.44586 0.45398 0.46106 0.46744 0.47349 0.47954 0.48593 0.49295 0.50087 0.50993 0.52035 0.5323 0.54592 0.56133 0.57859 0.5977 0.61861 0.64123
0.80623 0.71864 0.48928 0.44312 0.45568 0.46851 0.31756 0.23639 0.26459 0.32679 0.38849 0.43538 0.45784 0.45275 0.42368 0.37914 0.32966 0.2852 0.25339 0.23842 0.24018 0.2548 0.27698 0.30223 0.32753 0.35118 0.37242 0.39098 0.40692 0.42045 0.43186 0.44148 0.44966 0.45677 0.46318 0.46925 0.47531 0.48171 0.48872 0.49664 0.5057 0.51611 0.52806 0.54168 0.5571 0.57436 0.5935 0.61445 0.63711
0.81701 0.75036 0.52402 0.48054 0.47787 0.46748 0.30374 0.22374 0.26055 0.32612 0.38775 0.43336 0.45432 0.44791 0.41775 0.3723 0.322 0.27684 0.24459 0.22963 0.23189 0.24726 0.27021 0.2961 0.3219 0.34593 0.36745 0.38623 0.40232 0.41598 0.42747 0.43716 0.44539 0.45255 0.45898 0.46506 0.47114 0.47753 0.48455 0.49246 0.50151 0.51192 0.52386 0.53748 0.5529 0.57018 0.58933 0.61032 0.63303
0.81944 0.77504 0.5572 0.51647 0.49883 0.46559 0.28883 0.21053 0.25675 0.32566 0.38716 0.43145 0.45092 0.44319 0.41199 0.36565 0.31454 0.26867 0.23595 0.22099 0.22374 0.23987 0.26358 0.29011 0.31639 0.3408 0.36259 0.38156 0.39781 0.41158 0.42316 0.43291 0.44119 0.44838 0.45484 0.46093 0.46702 0.47341 0.48043 0.48834 0.49738 0.50777 0.51971 0.53333 0.54875 0.56603 0.58521 0.60622 0.62898
0.81303 0.79196 0.58838 0.55076 0.51852 0.46295 0.27299 0.19689 0.25329 0.32543 0.38672 0.42966 0.44762 0.43862 0.40639 0.35919 0.30729 0.26069 0.22748 0.21248 0.21573 0.23263 0.25711 0.28426 0.31102 0.33578 0.35783 0.37699 0.39339 0.40726 0.41892 0.42873 0.43705 0.44427 0.45075 0.45686 0.46295 0.46935 0.47636 0.48425 0.49329 0.50367 0.5156 0.52921 0.54463 0.56193 0.58112 0.60216 0.62496
0.79761 0.80064 0.61722 0.5833 0.53699 0.45975 0.25638 0.18298 0.25023 0.32545 0.38641 0.42798 0.44444 0.43418 0.40097 0.35293 0.30025 0.25291 0.21917 0.20411 0.20786 0.22555 0.25078 0.27854 0.30577 0.33086 0.35316 0.37251 0.38904 0.40301 0.41475 0.42461 0.43298 0.44022 0.44672 0.45284 0.45893 0.46533 0.47233 0.48022 0.48924 0.49962 0.51153 0.52514 0.54056 0.55786 0.57706 0.59814 0.62098
0.77326 0.80092 0.64351 0.61403 0.55428 0.45616 0.23923 0.16901 0.24765 0.32571 0.38625 0.4264 0.44137 0.42989 0.39572 0.34689 0.29343 0.24534 0.21102 0.19588 0.20013 0.21861 0.2446 0.27297 0.30064 0.32606 0.3486 0.36812 0.38477 0.39884 0.41064 0.42056 0.42896 0.43623 0.44274 0.44887 0.45497 0.46136 0.46836 0.47624 0.48524 0.49561 0.50751 0.52111 0.53653 0.55383 0.57305 0.59415 0.61703
