0.38034 0.55886 0.45901 0.37471 0.29159 0.18907 0.07421 0.027176 0.038713 0.029718 0.086151 0.14266 0.17578 0.18442 0.17677 0.16061 0.14504 0.13608 0.13207 0.13127 0.13247 0.13487 0.13789 0.14111 0.14421 0.14695 0.14916 0.15072 0.15155 0.15154 0.15058 0.14852 0.14519 0.14044 0.13418 0.12642 0.11729 0.10695 0.095613 0.083476 0.070774 0.05783 0.04522 0.034268 0.028203 0.031268 0.042492 0.05818 0.076477
0.75329 0.95537 0.54551 0.31546 0.28144 0.272 0.23557 0.17631 0.11443 0.11081 0.15543 0.18647 0.18752 0.16646 0.13817 0.11249 0.09458 0.084273 0.077545 0.072587 0.069463 0.069073 0.072107 0.078387 0.087002 0.096851 0.10702 0.11688 0.12604 0.13424 0.14135 0.14722 0.15175 0.15482 0.15636 0.15643 0.1552 0.15293 0.14995 0.14659 0.14321 0.14017 0.13782 0.13653 0.13662 0.13839 0.1421 0.14798 0.15625
0.23871 0.35578 0.2198 0.1896 0.26923 0.25989 0.16113 0.10952 0.16458 0.24619 0.32767 0.39238 0.42144 0.40839 0.36323 0.30075 0.24143 0.19697 0.16381 0.13844 0.11841 0.10211 0.088514 0.076966 0.067082 0.05872 0.052047 0.047594 0.046115 0.048043 0.052965 0.059751 0.067066 0.073693 0.07866 0.081283 0.081187 0.078268 0.072635 0.064529 0.054269 0.042204 0.028682 0.014101 0.0042792 0.019386 0.036907 0.055436 0.074944
0.38374 0.4885 0.17806 0.2023 0.49964 0.65455 0.61086 0.42667 0.20154 0.052758 0.14998 0.20879 0.20152 0.15043 0.097931 0.094394 0.12339 0.15003 0.16674 0.17408 0.17409 0.1689 0.16043 0.15034 0.14003 0.1306 0.12293 0.11757 0.11476 0.11441 0.11612 0.11926 0.12313 0.12702 0.13033 0.13265 0.13378 0.1337 0.13255 0.13056 0.12803 0.12533 0.12283 0.12093 0.11998 0.12029 0.12209 0.12557 0.13082
0.02468 0.17568 0.31414 0.26845 0.18746 0.030198 0.10277 0.1313 0.1264 0.13648 0.16802 0.20983 0.25695 0.30305 0.33275 0.33236 0.31022 0.28387 0.25761 0.23376 0.21362 0.19751 0.18511 0.17575 0.16869 0.16333 0.15922 0.15614 0.15394 0.15254 0.15182 0.15156 0.15148 0.15121 0.15042 0.14882 0.14627 0.14276 0.13835 0.13319 0.1275 0.12156 0.11572 0.11035 0.10589 0.10276 0.10139 0.10217 0.10539
0.28643 0.50416 0.51162 0.41445 0.46976 0.55424 0.5331 0.51451 0.55471 0.60163 0.61622 0.58754 0.52069 0.4301 0.33178 0.23659 0.15786 0.099954 0.057656 0.028804 0.017527 0.023089 0.029335 0.031791 0.030643 0.027215 0.024096 0.025335 0.03291 0.044771 0.058484 0.072417 0.085382 0.096434 0.10485 0.11019 0.11228 0.11122 0.10727 0.10078 0.092155 0.08179 0.070089 0.05748 0.044571 0.03272 0.025789 0.029807 0.04331
0.16113 0.236 0.3665 0.45584 0.52833 0.59318 0.62758 0.61809 0.56862 0.50566 0.46014 0.44143 0.43062 0.40418 0.35548 0.29107 0.23011 0.18524 0.15399 0.13306 0.11953 0.11114 0.10623 0.10371 0.10283 0.10316 0.10448 0.10679 0.11015 0.11459 0.11997 0.12597 0.13209 0.13779 0.14258 0.14615 0.14842 0.14952 0.1497 0.14925 0.14851 0.14783 0.14755 0.14804 0.14965 0.15276 0.1577 0.16482 0.17439
0.45009 0.59377 0.3659 0.27675 0.18936 0.16563 0.18978 0.14062 0.044874 0.093559 0.18625 0.24644 0.27243 0.27119 0.25048 0.2171 0.18521 0.1662 0.15935 0.16106 0.16702 0.17387 0.17966 0.18347 0.18508 0.18459 0.18228 0.17842 0.17329 0.16713 0.16018 0.15267 0.14492 0.13739 0.13069 0.12559 0.12286 0.12308 0.12643 0.13271 0.14143 0.15206 0.16415 0.1774 0.19166 0.2069 0.22316 0.24054 0.25912
0.46734 0.52181 0.16007 0.15048 0.17906 0.011602 0.24124 0.40169 0.45128 0.44676 0.43646 0.43399 0.43352 0.42659 0.40894 0.3777 0.34317 0.31717 0.29695 0.28015 0.26547 0.25215 0.23973 0.22781 0.21607 0.20417 0.19182 0.17876 0.16475 0.14959 0.13314 0.11534 0.096358 0.076702 0.057752 0.043063 0.039932 0.05131 0.070536 0.09261 0.11559 0.13872 0.16174 0.18458 0.20733 0.23012 0.25308 0.27633 0.29995
0.08248 0.23752 0.37836 0.3895 0.40905 0.37223 0.30909 0.27805 0.24315 0.19302 0.15252 0.13329 0.13313 0.14838 0.16876 0.18119 0.18431 0.18495 0.18447 0.18357 0.18266 0.18181 0.18098 0.18014 0.17931 0.17855 0.17791 0.17742 0.17708 0.17684 0.17663 0.17641 0.17616 0.17597 0.17606 0.17677 0.17854 0.18178 0.18681 0.19374 0.20255 0.2131 0.22522 0.23874 0.25352 0.26942 0.2863 0.30401 0.32238
0.18799 0.22512 0.29878 0.33114 0.46412 0.6295 0.67384 0.55133 0.34983 0.15374 0.01881 0.095521 0.12752 0.1145 0.079805 0.043957 0.023893 0.026931 0.03582 0.042394 0.04642 0.048956 0.051248 0.054397 0.059117 0.06565 0.073905 0.083659 0.094692 0.10681 0.1198 0.13339 0.14725 0.16098 0.1742 0.18663 0.19815 0.2088 0.21873 0.22815 0.23728 0.24637 0.25564 0.26534 0.27565 0.28669 0.29852 0.31107 0.32424
0.27404 0.4103 0.46487 0.45036 0.38346 0.19519 0.096238 0.3575 0.49168 0.4997 0.43761 0.35697 0.28331 0.22103 0.16777 0.12204 0.087454 0.064837 0.050069 0.039939 0.032419 0.026516 0.021936 0.018754 0.017282 0.018049 0.021578 0.028041 0.037305 0.049116 0.063146 0.078974 0.096071 0.11382 0.13156 0.14874 0.16492 0.17988 0.19356 0.20605 0.21751 0.22821 0.23846 0.24863 0.25904 0.26997 0.28163 0.29412 0.30745
0.30455 0.48535 0.3301 0.18707 0.44539 0.77098 0.85813 0.72989 0.53681 0.37188 0.26219 0.21443 0.21092 0.21167 0.19497 0.16052 0.12155 0.088337 0.061573 0.040756 0.02554 0.01702 0.017263 0.022907 0.029802 0.036728 0.043544 0.050413 0.057587 0.065323 0.073815 0.083139 0.093216 0.10382 0.11464 0.12534 0.13565 0.14544 0.15468 0.16347 0.17197 0.18046 0.18928 0.19879 0.20934 0.22124 0.23471 0.2499 0.26684
0.44144 0.45252 0.37105 0.3523 0.38441 0.36416 0.2373 0.15327 0.1477 0.16855 0.22462 0.28354 0.31019 0.29789 0.2596 0.21049 0.16651 0.13518 0.11312 0.097298 0.085784 0.077439 0.071595 0.067815 0.065772 0.06519 0.065839 0.067516 0.070046 0.073252 0.076946 0.080909 0.084892 0.088635 0.09191 0.094574 0.096613 0.098162 0.099509 0.10108 0.10342 0.10715 0.11288 0.1211 0.13214 0.14613 0.16306 0.1828 0.20517
0.47239 0.60336 0.22068 0.071069 0.16583 0.13011 0.11592 0.25882 0.34804 0.37068 0.34698 0.29006 0.21258 0.13064 0.059756 0.016384 0.031735 0.047747 0.055686 0.05831 0.057789 0.055682 0.053149 0.051053 0.049965 0.050145 0.051565 0.053981 0.05704 0.060348 0.063501 0.066094 0.067727 0.068028 0.066688 0.0635 0.058373 0.05133 0.042525 0.032364 0.022166 0.01718 0.025024 0.040788 0.060011 0.081559 0.10511 0.13055 0.15781
0.40968 0.53113 0.38946 0.40822 0.48871 0.50544 0.41949 0.30343 0.252 0.26279 0.27768 0.26693 0.22966 0.17998 0.13296 0.095405 0.069764 0.054112 0.043574 0.03494 0.026479 0.017531 0.0081994 0.003782 0.012841 0.022683 0.032289 0.041441 0.049994 0.057812 0.064739 0.070597 0.075185 0.078319 0.079875 0.079847 0.078389 0.07582 0.072652 0.069606 0.067638 0.067855 0.071247 0.078361 0.089195 0.1034 0.12054 0.14024 0.16217
0.51979 0.76452 0.4952 0.27271 0.13451 0.16402 0.20591 0.21068 0.20649 0.19171 0.16347 0.11607 0.052143 0.013293 0.062158 0.08691 0.091943 0.087895 0.080274 0.072037 0.064669 0.058844 0.054874 0.052926 0.053054 0.055159 0.058979 0.064147 0.070279 0.077019 0.084047 0.091067 0.09779 0.10395 0.10933 0.11381 0.1174 0.12025 0.12257 0.12468 0.12691 0.12965 0.13328 0.13815 0.14456 0.15272 0.16274 0.17462 0.18831
0.040752 0.32018 0.53026 0.65185 0.71239 0.63869 0.51029 0.40452 0.35449 0.35826 0.3802 0.38427 0.35781 0.30866 0.25146 0.19557 0.15026 0.11927 0.098783 0.086054 0.078915 0.07544 0.074132 0.074067 0.074821 0.076288 0.078528 0.081648 0.085743 0.090845 0.096906 0.10377 0.1112 0.11886 0.1264 0.13353 0.14005 0.14586 0.15097 0.15548 0.15952 0.16329 0.16703 0.17099 0.17542 0.18052 0.18641 0.19319 0.20087
0.27326 0.27149 0.22073 0.18001 0.31411 0.51533 0.59878 0.56897 0.52706 0.51783 0.51687 0.49162 0.43006 0.34082 0.24261 0.15158 0.081153 0.032624 0.0045153 0.023784 0.038255 0.047305 0.052608 0.055588 0.057453 0.059206 0.061636 0.065286 0.070453 0.0772 0.085409 0.094817 0.10505 0.11565 0.12614 0.13611 0.14523 0.15332 0.1603 0.16619 0.17107 0.17512 0.17852 0.18151 0.18431 0.18713 0.19007 0.19322 0.19658
0.80453 0.60976 0.17737 0.30814 0.33919 0.34445 0.3108 0.29407 0.31357 0.34616 0.38266 0.41074 0.41063 0.37352 0.30815 0.23078 0.16282 0.11447 0.082301 0.06194 0.048989 0.039757 0.031958 0.024768 0.018787 0.016545 0.020544 0.029135 0.04009 0.052427 0.065686 0.079521 0.093563 0.10739 0.12054 0.13264 0.14337 0.1526 0.16027 0.16645 0.17125 0.17486 0.1775 0.17944 0.18091 0.1821 0.18315 0.18411 0.18498
0.32061 0.43879 0.39939 0.32682 0.17288 0.17124 0.14085 0.15268 0.19936 0.23656 0.28339 0.34027 0.38249 0.38787 0.35343 0.29062 0.22402 0.17031 0.12921 0.098675 0.076445 0.060449 0.049048 0.041187 0.036459 0.034976 0.036939 0.04217 0.05011 0.060125 0.071642 0.084132 0.097063 0.10988 0.12206 0.13313 0.14277 0.15084 0.1573 0.16222 0.16578 0.16817 0.16966 0.17054 0.17106 0.17141 0.17173 0.17208 0.17244
0.14856 0.18138 0.096353 0.37131 0.50352 0.4709 0.33884 0.17993 0.13299 0.23743 0.34304 0.41241 0.43619 0.41744 0.36786 0.29994 0.23354 0.18146 0.14187 0.11277 0.092411 0.079123 0.071222 0.0672 0.065907 0.066615 0.06896 0.072795 0.078064 0.084687 0.092495 0.1012 0.11038 0.11954 0.12817 0.13584 0.14224 0.14726 0.15089 0.15326 0.15456 0.15505 0.15504 0.15481 0.15466 0.15479 0.15531 0.15629 0.15768
0.28574 0.13234 0.25841 0.26916 0.26194 0.32209 0.40902 0.454 0.44083 0.41014 0.38558 0.36566 0.34327 0.31237 0.26897 0.21301 0.15627 0.10861 0.070487 0.043423 0.03203 0.036601 0.046663 0.056477 0.064989 0.072386 0.079099 0.085526 0.091963 0.098571 0.10536 0.11221 0.11884 0.12492 0.13007 0.13401 0.13661 0.13787 0.13792 0.13701 0.13543 0.13356 0.13175 0.13039 0.12977 0.13011 0.1315 0.13393 0.13729
0.097396 0.14825 0.242 0.43532 0.47139 0.44879 0.40021 0.32855 0.24886 0.16 0.060905 0.083394 0.17512 0.2293 0.23708 0.20785 0.16401 0.12336 0.090124 0.066422 0.053705 0.051188 0.054948 0.061156 0.067967 0.074821 0.081649 0.088481 0.095306 0.10203 0.10846 0.11432 0.11928 0.12299 0.12517 0.12565 0.12446 0.12177 0.1179 0.11325 0.10831 0.10362 0.099741 0.097192 0.096369 0.097476 0.1005 0.10525 0.11139
0.58257 0.76895 0.59079 0.4398 0.43383 0.35365 0.13348 0.18814 0.33411 0.40423 0.42137 0.41171 0.39054 0.35924 0.31554 0.2606 0.20711 0.16493 0.13236 0.10788 0.090388 0.078947 0.072628 0.070512 0.071719 0.07543 0.080894 0.087428 0.09442 0.10132 0.10761 0.11281 0.11647 0.1182 0.11776 0.11506 0.11024 0.10359 0.095535 0.086621 0.077497 0.068976 0.06205 0.057815 0.057142 0.060216 0.066449 0.074908 0.084732
0.32218 0.52356 0.48522 0.44763 0.47048 0.51261 0.52705 0.55199 0.58068 0.5904 0.56683 0.50937 0.43309 0.35614 0.28712 0.22446 0.17175 0.13172 0.10051 0.076467 0.059467 0.050085 0.048256 0.052148 0.059274 0.067901 0.077075 0.086226 0.094921 0.10275 0.10931 0.11417 0.11691 0.11721 0.11485 0.10984 0.10235 0.092706 0.081318 0.068621 0.055079 0.041226 0.027911 0.01755 0.01713 0.026869 0.03958 0.052825 0.065943
0.40176 0.51341 0.38385 0.26613 0.25529 0.33003 0.39206 0.45779 0.49127 0.45085 0.35117 0.23811 0.17124 0.16726 0.17247 0.15785 0.12995 0.1003 0.071758 0.045667 0.023847 0.015452 0.027545 0.043055 0.057639 0.070897 0.082882 0.093652 0.10317 0.1113 0.11778 0.12229 0.1245 0.12413 0.12103 0.11526 0.10708 0.096885 0.085135 0.072334 0.059018 0.045834 0.033798 0.025062 0.023462 0.02971 0.039817 0.051089 0.062455
0.51121 0.7605 0.40879 0.30972 0.41761 0.58662 0.69498 0.69244 0.61075 0.49113 0.35945 0.24202 0.17526 0.16775 0.17619 0.17146 0.15504 0.13639 0.11809 0.10203 0.089833 0.082664 0.080774 0.08334 0.088965 0.096319 0.10442 0.11259 0.12031 0.12717 0.13273 0.13661 0.13842 0.13787 0.13486 0.12946 0.12198 0.11288 0.1027 0.09202 0.081467 0.071736 0.063601 0.057868 0.055182 0.055697 0.058944 0.064074 0.070215
0.44197 0.4871 0.2512 0.14092 0.24224 0.39615 0.52313 0.55842 0.52806 0.46756 0.39481 0.32561 0.27488 0.24528 0.22723 0.20863 0.18867 0.17194 0.1574 0.14488 0.13474 0.12733 0.12284 0.12121 0.12212 0.12509 0.12952 0.13479 0.14033 0.14555 0.14996 0.15307 0.15447 0.15385 0.1511 0.14631 0.13976 0.1319 0.12321 0.11421 0.10538 0.097209 0.090142 0.084552 0.08069 0.078617 0.07818 0.079032 0.080701
0.38784 0.66202 0.49566 0.3094 0.24433 0.22274 0.16381 0.18801 0.23117 0.2146 0.13661 0.026943 0.085598 0.16017 0.19474 0.19638 0.18244 0.16813 0.15633 0.14748 0.14141 0.13785 0.13649 0.13702 0.13915 0.14251 0.14674 0.15145 0.15622 0.16064 0.16431 0.16683 0.16787 0.1672 0.1647 0.16049 0.15481 0.14805 0.14061 0.13287 0.1252 0.11793 0.11132 0.10562 0.10096 0.097366 0.094746 0.092883 0.091459
0.43531 0.42163 0.43997 0.56876 0.55832 0.4211 0.31477 0.29932 0.32961 0.34891 0.33364 0.29212 0.24674 0.21034 0.18063 0.15278 0.13047 0.11761 0.11191 0.11128 0.11418 0.11939 0.12592 0.13303 0.1402 0.14709 0.15353 0.15936 0.16447 0.16874 0.17202 0.17413 0.17491 0.17426 0.17214 0.16868 0.16409 0.15868 0.15273 0.14651 0.14024 0.13413 0.12835 0.12306 0.11835 0.11424 0.11066 0.10747 0.10445
0.5199 0.40873 0.21276 0.37939 0.36997 0.17734 0.26151 0.3903 0.43642 0.43123 0.39219 0.32627 0.24561 0.1672 0.10352 0.058761 0.03555 0.034631 0.046457 0.062203 0.078866 0.095162 0.1103 0.12379 0.13544 0.14521 0.15324 0.15967 0.16469 0.16845 0.17107 0.17261 0.17313 0.17264 0.17122 0.16899 0.1661 0.16274 0.15904 0.15511 0.15102 0.14687 0.14275 0.13877 0.13499 0.13148 0.12821 0.12512 0.12209
0.22709 0.59713 0.6108 0.46198 0.38609 0.39499 0.41409 0.42491 0.42752 0.41669 0.38342 0.32248 0.24325 0.16649 0.10899 0.073206 0.054514 0.048996 0.054055 0.066099 0.081162 0.096633 0.11107 0.12374 0.13434 0.14282 0.14931 0.15403 0.15726 0.1593 0.16044 0.16094 0.16104 0.16091 0.1607 0.16047 0.16026 0.16003 0.15968 0.15911 0.15824 0.15703 0.15552 0.1538 0.15196 0.1501 0.14828 0.14653 0.14484
0.21443 0.44068 0.33454 0.11981 0.048458 0.07782 0.12439 0.18582 0.25546 0.30419 0.30453 0.24953 0.15842 0.071636 0.056389 0.085783 0.10099 0.10673 0.10923 0.11188 0.11586 0.12101 0.12664 0.13197 0.13645 0.13974 0.1417 0.14241 0.14206 0.141 0.13965 0.13849 0.138 0.13855 0.14032 0.14324 0.14702 0.15125 0.15551 0.15941 0.1627 0.16528 0.16714 0.16841 0.16924 0.16979 0.17021 0.17061 0.1711
0.12082 0.33188 0.35347 0.28961 0.19295 0.12949 0.13588 0.20214 0.28423 0.34877 0.36683 0.32935 0.25885 0.19984 0.17964 0.17779 0.17371 0.16759 0.16043 0.15365 0.14809 0.1439 0.14079 0.13824 0.13571 0.13277 0.12912 0.12468 0.11957 0.1142 0.10923 0.10562 0.10437 0.10625 0.11137 0.11916 0.12864 0.13875 0.14865 0.15775 0.16571 0.17242 0.17795 0.18248 0.18625 0.1895 0.19248 0.19536 0.19834
0.23236 0.23902 0.18702 0.19589 0.18063 0.28932 0.41085 0.49765 0.56259 0.60681 0.61986 0.59184 0.52789 0.44799 0.37176 0.30514 0.25381 0.2199 0.19638 0.17911 0.16585 0.15521 0.14626 0.13822 0.13048 0.12249 0.11384 0.10428 0.093806 0.082793 0.072285 0.064324 0.061831 0.066807 0.078332 0.093728 0.11058 0.12729 0.14292 0.15694 0.16915 0.17957 0.18837 0.19583 0.20228 0.20804 0.21342 0.21866 0.224
0.26247 0.45999 0.31631 0.24031 0.2472 0.31494 0.46514 0.61664 0.70649 0.73868 0.73065 0.68776 0.61388 0.52166 0.42798 0.3422 0.27578 0.23264 0.20401 0.18391 0.16876 0.15645 0.14569 0.13566 0.12571 0.11527 0.10385 0.091001 0.07636 0.059744 0.041279 0.022188 0.014093 0.032125 0.055533 0.079321 0.10223 0.12356 0.14288 0.16001 0.17491 0.18774 0.19873 0.20824 0.21663 0.22428 0.23151 0.23863 0.24589
0.28959 0.3253 0.062766 0.13872 0.25853 0.39534 0.52316 0.57561 0.57884 0.5695 0.55435 0.52071 0.46357 0.39394 0.32728 0.2699 0.22748 0.2013 0.18416 0.17164 0.16146 0.15244 0.14395 0.13556 0.1269 0.11758 0.10721 0.095478 0.082235 0.067683 0.052825 0.04073 0.038186 0.04902 0.067747 0.089227 0.111 0.13184 0.15108 0.16842 0.18376 0.19718 0.2089 0.21924 0.22855 0.2372 0.24551 0.25378 0.26229
0.67889 0.79934 0.6219 0.53831 0.52596 0.49716 0.40968 0.30465 0.25601 0.27538 0.29522 0.27741 0.2269 0.17155 0.14085 0.13731 0.14261 0.14804 0.15059 0.15043 0.14846 0.14547 0.1419 0.1379 0.13339 0.12813 0.12195 0.11477 0.10679 0.098574 0.091269 0.086592 0.086457 0.091969 0.10267 0.11699 0.13315 0.14977 0.16591 0.18099 0.19473 0.20707 0.21809 0.22804 0.2372 0.24588 0.25439 0.26301 0.27201
0.11254 0.1948 0.22225 0.050473 0.22321 0.31826 0.27078 0.13152 0.078889 0.1631 0.20643 0.19756 0.14959 0.083769 0.035361 0.059498 0.090586 0.11061 0.1223 0.12885 0.1327 0.13537 0.13753 0.1393 0.14045 0.1407 0.13986 0.13795 0.1352 0.13212 0.12945 0.12812 0.12901 0.13272 0.13934 0.14845 0.15929 0.17105 0.18303 0.19467 0.20564 0.21577 0.22506 0.23363 0.24171 0.24955 0.25741 0.26557 0.27429
0.32897 0.52937 0.19762 0.05252 0.21561 0.345 0.38113 0.32894 0.26519 0.23178 0.22078 0.21257 0.1951 0.16674 0.1363 0.11388 0.10377 0.10271 0.10516 0.10933 0.11509 0.12227 0.13029 0.13829 0.1455 0.15139 0.15569 0.15845 0.15993 0.16055 0.16089 0.16154 0.16305 0.16582 0.17004 0.17568 0.18249 0.19012 0.19817 0.20628 0.21414 0.22158 0.22855 0.2351 0.24141 0.24768 0.25417 0.26113 0.26886
0.3116 0.19761 0.19059 0.24315 0.30651 0.33835 0.33452 0.29146 0.21957 0.16142 0.14745 0.16383 0.17794 0.17406 0.15373 0.12566 0.10145 0.08742 0.082823 0.086353 0.095978 0.10914 0.12353 0.13745 0.14985 0.16018 0.16829 0.17431 0.17857 0.18151 0.1836 0.18533 0.1871 0.18921 0.19189 0.19521 0.19919 0.20371 0.2086 0.21364 0.2186 0.22333 0.22776 0.23194 0.236 0.24015 0.24464 0.24976 0.25586
0.18989 0.23196 0.14895 0.16486 0.12195 0.13196 0.23436 0.22627 0.13959 0.04338 0.054854 0.11159 0.14233 0.14394 0.12198 0.087832 0.05671 0.041125 0.046655 0.063975 0.084417 0.10496 0.12428 0.14161 0.15646 0.16864 0.17822 0.18545 0.19071 0.19445 0.19712 0.19913 0.20082 0.20241 0.2041 0.20601 0.20819 0.21064 0.21328 0.21594 0.21845 0.22069 0.2226 0.22423 0.22572 0.2273 0.22926 0.23195 0.23583
0.29881 0.60541 0.38145 0.32617 0.32123 0.32468 0.33763 0.2944 0.21943 0.16088 0.13871 0.14502 0.15337 0.1441 0.11489 0.075178 0.042023 0.036342 0.055033 0.077794 0.099578 0.11961 0.13761 0.15332 0.16657 0.17731 0.18566 0.19188 0.19635 0.19948 0.2017 0.20335 0.20472 0.20599 0.20724 0.20854 0.2099 0.21127 0.21255 0.21357 0.21417 0.21422 0.21371 0.2127 0.21137 0.20998 0.20891 0.20862 0.2097
0.49368 0.55963 0.35387 0.43542 0.54491 0.52565 0.40838 0.28032 0.20246 0.19 0.20746 0.22649 0.23471 0.22523 0.19956 0.16567 0.13763 0.12413 0.1227 0.12878 0.13851 0.14944 0.16018 0.16991 0.17818 0.18477 0.18969 0.19313 0.19539 0.19685 0.1979 0.19885 0.19992 0.20121 0.20269 0.20426 0.20576 0.207 0.20776 0.20783 0.20702 0.20521 0.2024 0.1987 0.19434 0.18963 0.18502 0.18113 0.17875
0.20755 0.15598 0.14834 0.32765 0.45261 0.44554 0.30091 0.11258 0.060972 0.19143 0.28408 0.33842 0.3572 0.34665 0.31604 0.27364 0.23408 0.20778 0.1923 0.18455 0.18187 0.18212 0.18377 0.18578 0.18749 0.18854 0.18884 0.18848 0.18772 0.18693 0.18649 0.18673 0.18782 0.18976 0.1923 0.1951 0.19772 0.19974 0.20078 0.20053 0.19878 0.19542 0.19049 0.18414 0.17661 0.16827 0.15963 0.15143 0.14473
0.056257 0.057708 0.11024 0.19296 0.31507 0.40063 0.39477 0.34423 0.32261 0.3559 0.41098 0.45074 0.46055 0.44273 0.40596 0.35613 0.30769 0.27245 0.24741 0.22972 0.21726 0.20833 0.20163 0.19617 0.19131 0.18664 0.18202 0.17753 0.17345 0.17022 0.16832 0.16817 0.16993 0.17342 0.17809 0.18319 0.18793 0.19158 0.1936 0.19359 0.19135 0.18681 0.18005 0.17126 0.16069 0.14866 0.13566 0.12242 0.11022
0.14653 0.063929 0.039038 0.039516 0.10887 0.20222 0.31165 0.40207 0.44803 0.46846 0.48088 0.48639 0.48216 0.46689 0.43921 0.39608 0.34918 0.31197 0.28251 0.25888 0.23975 0.22399 0.21065 0.19895 0.18833 0.17843 0.16912 0.16053 0.15307 0.14739 0.14426 0.14432 0.14774 0.15402 0.16209 0.17064 0.17842 0.18443 0.188 0.18873 0.18645 0.18119 0.1731 0.16241 0.14936 0.13421 0.11722 0.098816 0.079903
0.28877 0.24956 0.11478 0.038478 0.058034 0.11726 0.23292 0.34645 0.40226 0.40513 0.38747 0.37936 0.39268 0.41336 0.41964 0.39875 0.36247 0.3287 0.29872 0.27239 0.24936 0.22912 0.21107 0.19466 0.17941 0.16501 0.15136 0.13868 0.12761 0.11928 0.11511 0.11626 0.12281 0.13354 0.14645 0.1595 0.17102 0.17986 0.18535 0.18717 0.18528 0.17983 0.1711 0.1594 0.14502 0.12818 0.109 0.087509 0.063673
0.45931 0.69844 0.39073 0.21487 0.20939 0.25794 0.30132 0.32153 0.29938 0.23252 0.1535 0.15799 0.25143 0.3386 0.38511 0.38568 0.35948 0.32975 0.30077 0.27374 0.24898 0.22633 0.20544 0.18588 0.16722 0.14913 0.13145 0.11442 0.098931 0.08697 0.081602 0.085302 0.097425 0.11472 0.13375 0.15187 0.16733 0.17906 0.18652 0.18959 0.18838 0.18323 0.17456 0.16286 0.14853 0.13194 0.11335 0.093044 0.071524
0.42144 0.59132 0.27702 0.045381 0.17455 0.28827 0.3603 0.36403 0.31743 0.2415 0.16321 0.1643 0.2511 0.33336 0.37665 0.37618 0.35054 0.32185 0.2938 0.26728 0.24249 0.2193 0.19739 0.17634 0.15571 0.13504 0.11395 0.092383 0.070988 0.052475 0.044477 0.054495 0.076331 0.1019 0.12715 0.14986 0.16866 0.18277 0.19189 0.19606 0.1956 0.19102 0.18293 0.17197 0.15874 0.14382 0.12776 0.11129 0.095573
0.16527 0.42851 0.27051 0.07578 0.15801 0.32872 0.42733 0.44104 0.42616 0.40499 0.381 0.36747 0.37399 0.38818 0.3908 0.37075 0.33821 0.30838 0.28137 0.2565 0.23328 0.21134 0.19028 0.16966 0.14896 0.12762 0.10504 0.080726 0.054347 0.025909 0.0065994 0.03721 0.0694 0.10075 0.12978 0.15516 0.17587 0.19133 0.20139 0.20622 0.20631 0.20228 0.1949 0.18496 0.17323 0.16045 0.14736 0.13482 0.12399
0.39307 0.38122 0.25909 0.26825 0.32272 0.36816 0.35319 0.36798 0.42662 0.46884 0.47855 0.46565 0.44343 0.41905 0.39196 0.35644 0.31913 0.28964 0.26504 0.24325 0.22319 0.20425 0.18594 0.16783 0.14938 0.13006 0.10942 0.087305 0.064458 0.044472 0.039245 0.056657 0.084421 0.11435 0.143 0.16834 0.18909 0.20457 0.2146 0.21941 0.21955 0.21575 0.20887 0.19981 0.18944 0.1786 0.16806 0.15866 0.15138
0.13085 0.34323 0.33788 0.39622 0.38677 0.24701 0.017514 0.22289 0.3701 0.43896 0.45572 0.44294 0.41684 0.38743 0.35757 0.32326 0.28982 0.26481 0.24488 0.22776 0.21232 0.19793 0.18413 0.17048 0.15648 0.14169 0.12595 0.10971 0.094601 0.084177 0.083432 0.094789 0.11534 0.14025 0.16559 0.18866 0.20771 0.22185 0.23079 0.23474 0.23426 0.23014 0.22329 0.21468 0.20524 0.19581 0.1872 0.18015 0.17546
0.61139 0.71569 0.44603 0.44687 0.53893 0.48591 0.36518 0.33411 0.35342 0.36005 0.34772 0.32729 0.31033 0.29979 0.28972 0.2719 0.2505 0.23384 0.22051 0.20931 0.19961 0.19103 0.1832 0.17562 0.16775 0.15914 0.14974 0.14014 0.13183 0.12718 0.1288 0.13804 0.15397 0.17397 0.195 0.21447 0.23053 0.24215 0.24898 0.25119 0.24934 0.24422 0.2368 0.22807 0.21899 0.21042 0.20312 0.19779 0.1951
0.4262 0.3956 0.17381 0.41343 0.66919 0.67328 0.52552 0.39312 0.31235 0.25645 0.20633 0.16876 0.1653 0.18786 0.20811 0.21213 0.20526 0.19805 0.19192 0.18715 0.18389 0.18213 0.18148 0.18128 0.18076 0.17932 0.17683 0.17377 0.1713 0.17106 0.1747 0.18317 0.19612 0.21201 0.22865 0.24389 0.25609 0.26427 0.26809 0.26773 0.26372 0.25691 0.24826 0.2388 0.2295 0.22124 0.21477 0.21073 0.2097
0.32524 0.35734 0.53451 0.63696 0.69237 0.61622 0.47035 0.34803 0.26399 0.19818 0.12927 0.05096 0.036621 0.099115 0.13965 0.15671 0.15964 0.15967 0.15972 0.16116 0.1648 0.17079 0.17849 0.18679 0.1945 0.2008 0.20543 0.20871 0.21153 0.21513 0.2207 0.22894 0.23973 0.25209 0.26445 0.27517 0.28295 0.28698 0.28703 0.28333 0.27646 0.26727 0.25675 0.24596 0.23591 0.2275 0.22149 0.2185 0.21902
0.27265 0.7371 0.70466 0.58875 0.4863 0.36142 0.27783 0.24093 0.21969 0.19475 0.15526 0.10535 0.071915 0.079935 0.10052 0.11267 0.11721 0.12053 0.12493 0.13226 0.14356 0.15853 0.1757 0.19325 0.2096 0.22374 0.23531 0.24457 0.25221 0.25922 0.2665 0.27463 0.28359 0.29269 0.30085 0.30687 0.30981 0.30916 0.30482 0.29714 0.28675 0.27453 0.26155 0.24889 0.23762 0.22869 0.22291 0.2209 0.22307
0.31797 0.52662 0.42553 0.34362 0.25429 0.12956 0.06233 0.10124 0.15434 0.17906 0.16969 0.13741 0.10251 0.081659 0.07598 0.076265 0.077594 0.081213 0.089095 0.10343 0.12427 0.1496 0.17677 0.20345 0.22796 0.24932 0.26716 0.28169 0.29348 0.30332 0.31194 0.31979 0.32689 0.33279 0.33671 0.33786 0.33567 0.32991 0.32069 0.30848 0.294 0.2782 0.26219 0.24715 0.23424 0.22452 0.21888 0.21794 0.22205
0.12612 0.14911 0.065943 0.14678 0.12411 0.069891 0.051138 0.060457 0.12017 0.15901 0.15793 0.12695 0.087663 0.05866 0.044893 0.039655 0.037867 0.042529 0.058117 0.083805 0.11592 0.15113 0.1868 0.22088 0.25193 0.27905 0.30191 0.32061 0.33561 0.34751 0.35689 0.36409 0.36913 0.37169 0.37126 0.36738 0.35982 0.34862 0.33414 0.31695 0.29789 0.27799 0.25844 0.24053 0.2256 0.21487 0.20941 0.20986 0.21642
0.054513 0.1661 0.12849 0.096888 0.066172 0.029175 0.087541 0.119 0.14473 0.16362 0.15374 0.11591 0.069769 0.035148 0.017407 0.0069049 0.0093918 0.029842 0.057773 0.091742 0.12986 0.17 0.2101 0.24835 0.28334 0.31415 0.34032 0.36179 0.37885 0.39188 0.4013 0.40734 0.40998 0.40898 0.40405 0.39501 0.38189 0.36504 0.34499 0.32247 0.29841 0.27393 0.25033 0.22906 0.21169 0.1998 0.19469 0.19707 0.20687
0.29876 0.39976 0.19873 0.0505 0.091021 0.13299 0.16248 0.18731 0.19905 0.19929 0.17732 0.13215 0.081863 0.048826 0.041567 0.047782 0.059178 0.076764 0.10133 0.13247 0.16868 0.20788 0.24791 0.28678 0.32289 0.3551 0.3827 0.40542 0.42326 0.43643 0.44512 0.44943 0.44929 0.44451 0.43495 0.42062 0.40186 0.37922 0.35342 0.32532 0.29592 0.26642 0.23823 0.21301 0.19271 0.17947 0.17506 0.18025 0.19436
0.31737 0.50132 0.26888 0.14095 0.17264 0.21846 0.23994 0.25465 0.25942 0.24529 0.20456 0.13995 0.073644 0.052075 0.079342 0.10526 0.12452 0.1441 0.16693 0.1943 0.22621 0.26153 0.29851 0.33528 0.3701 0.40161 0.42888 0.45134 0.46876 0.48109 0.48831 0.49036 0.4871 0.47834 0.46405 0.44443 0.42003 0.39158 0.35996 0.32614 0.29117 0.25625 0.2229 0.19299 0.16905 0.15417 0.15107 0.16041 0.18029
0.28038 0.24339 0.30389 0.24204 0.20958 0.2221 0.26006 0.29527 0.30701 0.28036 0.21359 0.11648 0.012593 0.082255 0.14793 0.18662 0.20812 0.22651 0.2463 0.26936 0.29625 0.32651 0.35891 0.39183 0.4236 0.45278 0.47823 0.49916 0.51509 0.52572 0.53082 0.53018 0.52353 0.5107 0.49169 0.46688 0.43695 0.40283 0.3655 0.32598 0.28532 0.24471 0.20562 0.1701 0.14137 0.12428 0.12352 0.13918 0.16659
0.52331 0.39705 0.22037 0.14896 0.07543 0.12902 0.23615 0.32668 0.36054 0.33157 0.25785 0.17584 0.15657 0.21008 0.26638 0.2977 0.31073 0.3222 0.33593 0.3532 0.37432 0.3989 0.42594 0.45403 0.48165 0.50734 0.52987 0.54828 0.56187 0.57013 0.57264 0.569 0.55885 0.54195 0.51838 0.48859 0.45342 0.41391 0.37115 0.32617 0.27998 0.23364 0.18843 0.14627 0.11089 0.090244 0.093935 0.11929 0.15583
0.70634 0.54718 0.057392 0.14769 0.095211 0.12389 0.27469 0.41525 0.4746 0.46376 0.41847 0.37811 0.37324 0.39847 0.42543 0.43305 0.4278 0.42708 0.43197 0.44205 0.45677 0.47533 0.49667 0.51949 0.54236 0.56387 0.58277 0.59799 0.60867 0.61412 0.61374 0.60696 0.59332 0.57253 0.54467 0.51029 0.47032 0.42591 0.37823 0.3283 0.27708 0.22545 0.17433 0.12495 0.080343 0.052574 0.066045 0.10531 0.15108
0.72131 0.80782 0.31981 0.19299 0.082823 0.26113 0.46095 0.6047 0.66837 0.67408 0.65282 0.628 0.61322 0.6078 0.60083 0.57847 0.55041 0.53501 0.52978 0.53212 0.54026 0.55283 0.56851 0.58599 0.60392 0.62097 0.63588 0.64755 0.65501 0.65744 0.65406 0.6442 0.62725 0.60288 0.57116 0.5327 0.48853 0.43989 0.388 0.33395 0.27864 0.22284 0.16714 0.11203 0.057978 0.011842 0.051407 0.10323 0.15495
0.58843 0.99523 0.59091 0.30831 0.32324 0.57346 0.75367 0.84367 0.8784 0.8823 0.87015 0.84958 0.82501 0.79756 0.76443 0.71653 0.66796 0.63908 0.62451 0.61968 0.62176 0.62876 0.63915 0.65156 0.66469 0.67729 0.68818 0.69622 0.70041 0.69981 0.69355 0.6808 0.66087 0.63336 0.59834 0.55645 0.5088 0.45674 0.40157 0.34445 0.28636 0.22813 0.1705 0.11431 0.061732 0.031607 0.065749 0.11625 0.16838
0.40752 0.78471 0.9143 0.82087 0.83756 0.9257 0.97875 0.99301 0.99591 0.99497 0.99074 0.9808 0.96227 0.93326 0.89225 0.83198 0.77098 0.73313 0.71184 0.70148 0.6986 0.70088 0.70663 0.71447 0.7232 0.73165 0.73872 0.7433 0.74438 0.74096 0.73207 0.71679 0.69434 0.66425 0.62657 0.58198 0.53167 0.47708 0.41964 0.36064 0.30123 0.24255 0.18594 0.13371 0.091942 0.076964 0.099595 0.14183 0.19036
0.43349 0.7822 0.97866 0.98358 0.98461 0.96141 0.93569 0.93451 0.94298 0.95272 0.96756 0.98603 0.99887 0.99578 0.97062 0.91557 0.8533 0.81286 0.78856 0.77498 0.76867 0.76734 0.7693 0.77329 0.7782 0.78298 0.78662 0.78811 0.78642 0.78054 0.76943 0.75209 0.72766 0.69562 0.656 0.60949 0.55737 0.50117 0.44246 0.38271 0.32331 0.26581 0.21221 0.16589 0.13329 0.12382 0.14068 0.1754 0.2189
0.40816 0.71896 0.68018 0.66812 0.68309 0.62101 0.6242 0.68715 0.72872 0.75631 0.80031 0.86729 0.93782 0.98679 0.99932 0.96586 0.91307 0.87636 0.85287 0.8385 0.83043 0.8267 0.82587 0.82682 0.82861 0.83034 0.83112 0.83001 0.82603 0.81816 0.80535 0.78651 0.76072 0.72741 0.68658 0.63895 0.58583 0.52889 0.46982 0.41026 0.35188 0.29653 0.24663 0.20575 0.179 0.17167 0.18477 0.21358 0.252
0.039839 0.31374 0.26897 0.35271 0.39456 0.23316 0.27346 0.39883 0.43908 0.4596 0.5334 0.66631 0.81282 0.92869 0.99081 0.98861 0.95239 0.92397 0.90432 0.89122 0.88291 0.87798 0.87533 0.8741 0.87355 0.87293 0.87149 0.86839 0.8627 0.85342 0.83947 0.81975 0.79327 0.75938 0.71808 0.67007 0.61674 0.55981 0.50113 0.44249 0.38574 0.33292 0.28656 0.24989 0.22668 0.22003 0.23024 0.25433 0.28808
0.35416 0.32853 0.11441 0.23914 0.31352 0.12815 0.12049 0.22946 0.20194 0.13977 0.25138 0.46595 0.6836 0.85827 0.96554 0.99411 0.97598 0.95764 0.94344 0.93301 0.92562 0.9205 0.91697 0.91442 0.91232 0.9101 0.90714 0.90269 0.89592 0.88585 0.8714 0.85144 0.82493 0.79116 0.75009 0.70242 0.64955 0.59331 0.5356 0.47836 0.42354 0.37325 0.32992 0.29631 0.27518 0.26848 0.27624 0.29642 0.32596
0.38346 0.47789 0.29662 0.28721 0.33018 0.23162 0.20097 0.25433 0.22939 0.15056 0.19324 0.39068 0.61693 0.81263 0.94395 0.99309 0.98921 0.97997 0.97136 0.96418 0.95846 0.95395 0.95032 0.94724 0.94437 0.94129 0.93752 0.93241 0.92522 0.915 0.9007 0.88114 0.85526 0.82228 0.78211 0.73541 0.68363 0.62859 0.57232 0.51678 0.46399 0.41605 0.37519 0.34373 0.32378 0.31663 0.3222 0.33902 0.36478
0.15035 0.21808 0.2364 0.35991 0.40921 0.36866 0.33745 0.35359 0.35769 0.34441 0.36418 0.46735 0.63592 0.80914 0.93792 0.99294 0.99638 0.99335 0.98935 0.98531 0.98159 0.97823 0.97516 0.97225 0.96932 0.96609 0.9622 0.95711 0.95015 0.94043 0.92691 0.9084 0.88378 0.85222 0.81356 0.76843 0.71824 0.66487 0.61036 0.55672 0.50597 0.46012 0.42125 0.39131 0.37196 0.36412 0.3677 0.38157 0.40392
0.14354 0.2298 0.27969 0.37675 0.373 0.36369 0.38154 0.39441 0.40883 0.43546 0.4854 0.57275 0.69937 0.83722 0.94698 0.99577 0.99968 0.99942 0.99847 0.99702 0.9953 0.99342 0.99141 0.98927 0.98693 0.98421 0.98086 0.97643 0.97033 0.96173 0.94961 0.93276 0.91001 0.88046 0.84387 0.80082 0.7527 0.70137 0.64888 0.59727 0.5485 0.50454 0.46727 0.43841 0.41931 0.41067 0.41241 0.42365 0.44291
0.54585 0.65904 0.441 0.30744 0.17043 0.21344 0.30409 0.32676 0.3594 0.43336 0.5322 0.64226 0.75956 0.8733 0.96211 0.99929 0.99924 0.99895 0.99946 0.99989 1 0.99976 0.9992 0.99833 0.99713 0.9955 0.99327 0.9901 0.98545 0.97856 0.96842 0.9538 0.93349 0.90649 0.87249 0.832 0.78634 0.73736 0.68712 0.63762 0.59081 0.54857 0.51264 0.48456 0.46549 0.45601 0.45606 0.46492 0.48138
0.47518 0.73449 0.49797 0.31374 0.11767 0.10526 0.16784 0.16657 0.24565 0.3834 0.53091 0.67039 0.79468 0.89862 0.97294 0.99929 0.99392 0.99199 0.99278 0.99441 0.99611 0.9976 0.99876 0.99956 0.99996 0.99993 0.99934 0.99795 0.99529 0.99065 0.98303 0.97118 0.95382 0.92988 0.89893 0.86141 0.81857 0.77223 0.72442 0.67713 0.63226 0.59161 0.55685 0.52938 0.51023 0.49993 0.49843 0.50514 0.51904
0.25103 0.40665 0.41576 0.33686 0.19381 0.11541 0.095702 0.047604 0.18821 0.35224 0.51597 0.66942 0.8015 0.90452 0.97244 0.992 0.98226 0.97826 0.97866 0.98101 0.98411 0.98738 0.99047 0.99324 0.99562 0.99758 0.99908 0.99992 0.99973 0.99782 0.99321 0.98461 0.97067 0.95024 0.92277 0.88859 0.8489 0.80545 0.76025 0.71525 0.67232 0.63323 0.59954 0.57259 0.55333 0.54225 0.53934 0.54412 0.55569
0.21272 0.10215 0.32699 0.35097 0.29501 0.24739 0.23905 0.22509 0.26346 0.3665 0.50376 0.65001 0.78407 0.89015 0.9581 0.9754 0.9632 0.95747 0.95729 0.96013 0.96455 0.96964 0.97482 0.97978 0.9844 0.98867 0.99259 0.99606 0.99874 0.99999 0.99882 0.99391 0.98382 0.96729 0.94368 0.91318 0.87692 0.83659 0.79416 0.75156 0.71062 0.67306 0.64041 0.61395 0.59459 0.58282 0.57866 0.58169 0.59115
0.32763 0.38852 0.29109 0.35563 0.40442 0.38872 0.35851 0.32824 0.32864 0.38308 0.48565 0.61567 0.74826 0.85924 0.93103 0.94927 0.93637 0.92953 0.9289 0.93227 0.93803 0.94501 0.95239 0.95968 0.96672 0.97351 0.98012 0.9865 0.9924 0.99717 0.99982 0.99897 0.99311 0.98085 0.96141 0.9349 0.90232 0.86533 0.82583 0.78573 0.74684 0.71084 0.67925 0.6533 0.6339 0.62153 0.61626 0.61773 0.62529
0.3509 0.18215 0.14543 0.2875 0.40046 0.40894 0.36232 0.31923 0.31679 0.36085 0.4471 0.56726 0.70073 0.81779 0.89439 0.91464 0.902 0.89461 0.89389 0.89799 0.90524 0.91421 0.92384 0.93353 0.94306 0.95249 0.96196 0.97149 0.98087 0.98947 0.99627 0.99981 0.99848 0.99079 0.97582 0.95355 0.92489 0.89141 0.855 0.81751 0.78075 0.74638 0.71588 0.6905 0.67114 0.65829 0.65206 0.65216 0.65801
0.46921 0.24862 0.095729 0.22259 0.31567 0.32266 0.25871 0.21218 0.23517 0.29586 0.38622 0.50999 0.64972 0.77242 0.8518 0.87301 0.86066 0.85317 0.85282 0.85803 0.86699 0.87803 0.88992 0.90197 0.91398 0.92608 0.9385 0.95134 0.96441 0.97709 0.98829 0.9965 0.99998 0.99711 0.98684 0.96903 0.94448 0.91469 0.8815 0.84675 0.81221 0.77953 0.75021 0.72547 0.70624 0.69305 0.68602 0.68492 0.68924
0.45353 0.20028 0.15566 0.20682 0.24087 0.24741 0.1507 0.062977 0.12785 0.21186 0.31847 0.45672 0.60454 0.72866 0.80607 0.82566 0.81307 0.80584 0.80644 0.81322 0.82415 0.83733 0.85141 0.8657 0.88008 0.8948 0.91019 0.92644 0.94336 0.96031 0.97613 0.98921 0.9977 0.99985 0.99448 0.9813 0.96102 0.93507 0.90523 0.87333 0.8411 0.81021 0.78215 0.75815 0.73917 0.72575 0.71807 0.71594 0.71891
0.60585 0.61601 0.29686 0.17145 0.19765 0.25344 0.17275 0.064617 0.069579 0.15096 0.27369 0.4242 0.57243 0.68919 0.75828 0.77328 0.75994 0.75346 0.75569 0.76456 0.77769 0.793 0.80912 0.82543 0.842 0.85921 0.87754 0.89723 0.9181 0.93946 0.96006 0.97818 0.99184 0.99916 0.99881 0.9904 0.97452 0.95253 0.92616 0.8972 0.86739 0.83838 0.81167 0.78852 0.7699 0.75639 0.74821 0.74521 0.74701
0.94861 0.94013 0.35519 0.04637 0.18305 0.27423 0.20432 0.11322 0.096736 0.15913 0.27851 0.42132 0.55407 0.65283 0.70774 0.71601 0.70196 0.69701 0.70167 0.71314 0.72863 0.74596 0.76384 0.78187 0.80035 0.81988 0.84106 0.8642 0.88909 0.91496 0.94045 0.96371 0.98263 0.99521 0.99998 0.99642 0.98503 0.96709 0.94428 0.91836 0.89106 0.86403 0.83877 0.81657 0.79843 0.78496 0.77642 0.77271 0.77349
0.92853 0.98661 0.47151 0.20732 0.24129 0.26646 0.16019 0.076198 0.13717 0.22086 0.32437 0.43959 0.54242 0.61513 0.65255 0.65372 0.63994 0.63769 0.64566 0.66014 0.678 0.69709 0.71634 0.73571 0.75577 0.77739 0.80131 0.82787 0.85681 0.88725 0.91768 0.94614 0.97037 0.98824 0.99816 0.9995 0.99265 0.97882 0.95964 0.93684 0.91213 0.88717 0.86346 0.84232 0.82477 0.81148 0.80271 0.79844 0.79836
0.3736 0.71264 0.57371 0.37452 0.32164 0.26238 0.11486 0.078475 0.2041 0.29783 0.38049 0.46002 0.52651 0.57052 0.59065 0.58643 0.5749 0.57687 0.589 0.60676 0.62681 0.64723 0.66736 0.68757 0.70885 0.73231 0.75885 0.78879 0.82179 0.85682 0.89222 0.92586 0.95538 0.97852 0.99357 0.9998 0.99751 0.98782 0.97232 0.9527 0.93066 0.90785 0.88578 0.8658 0.84897 0.83596 0.82711 0.82241 0.82161
0.14396 0.45806 0.55447 0.48231 0.42219 0.33799 0.23487 0.22141 0.2989 0.37036 0.42364 0.46592 0.49682 0.51454 0.5208 0.51476 0.50829 0.51616 0.53316 0.55417 0.57599 0.59713 0.61751 0.63805 0.66014 0.6852 0.71423 0.74752 0.78457 0.82418 0.86451 0.90329 0.93802 0.96634 0.98647 0.99754 0.99978 0.99424 0.98243 0.96604 0.94673 0.92614 0.9058 0.88708 0.87105 0.85845 0.84963 0.84464 0.84325
0.3026 0.42831 0.44723 0.54256 0.51774 0.44901 0.38935 0.36811 0.39435 0.42503 0.4421 0.4486 0.44852 0.44535 0.44317 0.44012 0.44199 0.45734 0.47956 0.50346 0.52635 0.54744 0.56737 0.58765 0.61017 0.6366 0.66802 0.70462 0.74572 0.78987 0.83505 0.87885 0.91866 0.95204 0.97711 0.99293 0.99964 0.99821 0.99011 0.97696 0.96042 0.94211 0.92358 0.9062 0.89109 0.879 0.87033 0.86516 0.86331
0.30646 0.10982 0.35311 0.53891 0.52226 0.50346 0.50418 0.48439 0.46836 0.45439 0.43372 0.40782 0.38223 0.36404 0.35949 0.36487 0.37835 0.40232 0.42955 0.45554 0.47853 0.49866 0.51736 0.53683 0.5594 0.58702 0.62077 0.66067 0.70579 0.75441 0.80433 0.85298 0.89768 0.93593 0.96577 0.98621 0.99728 0.99991 0.99548 0.98559 0.97185 0.95588 0.93922 0.92326 0.90914 0.89765 0.88923 0.884 0.88181
0.47327 0.51182 0.4548 0.46704 0.39173 0.48125 0.57251 0.56352 0.51454 0.4602 0.40508 0.35096 0.3036 0.27408 0.27282 0.29237 0.3202 0.35298 0.38427 0.4111 0.43301 0.45117 0.46786 0.48594 0.50825 0.53694 0.57302 0.61625 0.66536 0.71836 0.77283 0.82611 0.87546 0.91833 0.95273 0.97761 0.99292 0.99951 0.99872 0.99207 0.98114 0.96753 0.95279 0.93831 0.92527 0.91448 0.9064 0.9012 0.89877
0.59589 0.81898 0.56279 0.35713 0.15135 0.44038 0.61548 0.61423 0.53931 0.4526 0.36979 0.29211 0.22326 0.18059 0.18742 0.22733 0.27072 0.31099 0.34454 0.37058 0.39007 0.40521 0.41911 0.4353 0.45711 0.48683 0.5253 0.57192 0.62499 0.68223 0.74103 0.79865 0.85234 0.89955 0.93827 0.96737 0.98676 0.99721 0.99997 0.99653 0.98841 0.97719 0.96441 0.95147 0.93956 0.92954 0.92189 0.91681 0.91424
0.53807 0.81249 0.64361 0.37242 0.16138 0.46854 0.656 0.64847 0.55292 0.44381 0.34334 0.24989 0.15957 0.090514 0.11033 0.17657 0.23307 0.27753 0.31075 0.33412 0.34983 0.36093 0.3713 0.38516 0.40631 0.43714 0.47817 0.52826 0.58525 0.64654 0.70938 0.771 0.82869 0.8799 0.92263 0.95572 0.97901 0.99318 0.99941 0.99912 0.9938 0.98498 0.97418 0.96282 0.9521 0.9429 0.93576 0.93089 0.92826
0.15673 0.67396 0.74386 0.5419 0.42961 0.57124 0.69995 0.67136 0.56004 0.43923 0.33372 0.23833 0.14055 0.036735 0.064643 0.14905 0.20953 0.25296 0.28284 0.30167 0.31231 0.31842 0.32456 0.33572 0.35619 0.38835 0.43219 0.48586 0.54669 0.61177 0.6783 0.74353 0.80481 0.85965 0.90607 0.94288 0.96986 0.9876 0.9972 1 0.99744 0.991 0.9822 0.97245 0.96296 0.95465 0.94807 0.94347 0.94087
0.33297 0.70482 0.7909 0.65507 0.6081 0.6778 0.73529 0.67888 0.5565 0.43369 0.33554 0.25307 0.17008 0.093825 0.090741 0.14932 0.20005 0.23671 0.26036 0.27301 0.27749 0.27776 0.27903 0.28715 0.30704 0.34092 0.38793 0.44532 0.50984 0.5784 0.64819 0.71657 0.78099 0.83906 0.88883 0.92907 0.95951 0.98064 0.99349 0.99931 0.99945 0.99539 0.98858 0.98046 0.97224 0.96486 0.95889 0.95462 0.9521
0.43573 0.74162 0.70232 0.60437 0.6615 0.73506 0.74428 0.66301 0.53375 0.41654 0.33621 0.27724 0.21724 0.16157 0.14449 0.16971 0.20184 0.22741 0.24269 0.24796 0.24545 0.23913 0.23484 0.2396 0.2592 0.29542 0.34605 0.40724 0.47522 0.54683 0.61938 0.69039 0.75748 0.81836 0.8711 0.91448 0.94814 0.97249 0.98845 0.99719 0.99999 0.99826 0.99344 0.98695 0.98002 0.97359 0.96828 0.9644 0.96202
0.24275 0.59712 0.47356 0.40617 0.61437 0.72826 0.71689 0.61914 0.48545 0.37892 0.32588 0.29837 0.26328 0.22166 0.1974 0.19866 0.21096 0.2235 0.22926 0.22651 0.2165 0.20291 0.19222 0.19321 0.21303 0.25249 0.30727 0.37223 0.4433 0.51743 0.59216 0.66525 0.7345 0.79773 0.85307 0.89927 0.93591 0.9633 0.98223 0.99379 0.99917 0.99973 0.99689 0.99203 0.98639 0.98094 0.97631 0.97285 0.97067
0.21827 0.50147 0.26328 0.19207 0.53097 0.67021 0.65705 0.55078 0.41123 0.31736 0.30179 0.31274 0.30354 0.27389 0.24543 0.22957 0.22421 0.22373 0.21978 0.20895 0.19131 0.16987 0.15164 0.14813 0.16905 0.21302 0.27242 0.34092 0.41451 0.49049 0.56675 0.64133 0.7122 0.77734 0.8349 0.88362 0.92299 0.95321 0.97497 0.98924 0.99713 0.99993 0.99902 0.99577 0.99143 0.98697 0.98306 0.98005 0.9781
0.37288 0.56697 0.35097 0.22959 0.46048 0.58455 0.58085 0.47062 0.31781 0.23387 0.26884 0.32287 0.33887 0.31999 0.28891 0.26018 0.23992 0.22748 0.21437 0.19597 0.17106 0.1415 0.11407 0.10452 0.12811 0.17827 0.24244 0.31388 0.38919 0.46624 0.54332 0.61876 0.69073 0.75732 0.81673 0.86766 0.90952 0.94238 0.96681 0.98367 0.99398 0.99896 0.99995 0.99829 0.99523 0.99177 0.98857 0.98604 0.98435
0.3446 0.63109 0.49222 0.33912 0.39924 0.49251 0.50952 0.39929 0.22148 0.13547 0.23974 0.33447 0.37202 0.3622 0.32926 0.29034 0.25763 0.23469 0.21344 0.18845 0.15735 0.12033 0.081975 0.062524 0.092019 0.15003 0.21832 0.29159 0.36758 0.4448 0.52196 0.59763 0.67017 0.73777 0.79867 0.85151 0.89561 0.93092 0.95788 0.97721 0.98985 0.99694 0.99976 0.99966 0.99787 0.99539 0.99292 0.99089 0.98948
0.21216 0.61666 0.53039 0.35644 0.31858 0.40823 0.46093 0.36082 0.16269 0.054145 0.23342 0.35359 0.4059 0.40266 0.36801 0.32072 0.27753 0.24559 0.21742 0.18721 0.15172 0.10968 0.061716 0.022425 0.065446 0.13066 0.20095 0.27436 0.34976 0.4262 0.50266 0.57795 0.65057 0.71877 0.78081 0.83529 0.8814 0.91897 0.94829 0.96997 0.98484 0.99396 0.99857 0.99999 0.99944 0.99793 0.99618 0.99464 0.99353
0.33219 0.5604 0.48428 0.2927 0.20356 0.34292 0.44326 0.36892 0.19652 0.12212 0.26257 0.38406 0.44267 0.44303 0.40645 0.35201 0.29992 0.26036 0.22651 0.1925 0.15477 0.11158 0.062773 0.016515 0.058002 0.12223 0.19078 0.26222 0.33567 0.41035 0.48539 0.55973 0.63195 0.70036 0.76323 0.81907 0.86697 0.90662 0.93816 0.96206 0.97905 0.99012 0.99646 0.99934 1 0.99944 0.99841 0.99736 0.99657
0.28068 0.4578 0.41912 0.21614 0.068138 0.31386 0.45477 0.41413 0.28781 0.23422 0.32109 0.42608 0.48323 0.48427 0.44535 0.38464 0.32488 0.27885 0.2404 0.20382 0.16559 0.12438 0.08209 0.052535 0.07206 0.12477 0.18751 0.25488 0.32507 0.39708 0.47003 0.54288 0.61428 0.68257 0.74597 0.80294 0.85243 0.89398 0.92759 0.95358 0.9726 0.98553 0.99351 0.99781 0.99963 1 0.99966 0.99911 0.99862
0.034281 0.37129 0.38676 0.22682 0.12295 0.33842 0.48788 0.47529 0.38712 0.34302 0.39425 0.47687 0.52726 0.52655 0.48489 0.41857 0.35213 0.30059 0.25836 0.22 0.18221 0.14413 0.10859 0.08649 0.096122 0.13566 0.19007 0.2517 0.31754 0.38611 0.45639 0.52731 0.59753 0.66539 0.72908 0.78695 0.83785 0.88114 0.91667 0.94463 0.96556 0.98026 0.98982 0.99546 0.9984 0.99966 1 0.99992 0.99974
0.22482 0.36489 0.372 0.29503 0.26686 0.40586 0.53132 0.53447 0.47553 0.4402 0.47001 0.53206 0.57335 0.56934 0.52468 0.45334 0.38104 0.32474 0.27933 0.23961 0.20249 0.16726 0.13658 0.11807 0.12238 0.15134 0.19686 0.25185 0.31257 0.37711 0.44426 0.51289 0.58163 0.64882 0.71257 0.77117 0.8233 0.86817 0.90548 0.9353 0.95802 0.9744 0.98545 0.99238 0.99639 0.99849 0.99947 0.99986 0.99998
0.24453 0.32632 0.32309 0.33147 0.37759 0.4822 0.5701 0.57901 0.54442 0.52061 0.54018 0.58699 0.61944 0.61155 0.56393 0.48816 0.41076 0.35034 0.30215 0.26122 0.22458 0.19147 0.1639 0.14713 0.14797 0.16899 0.20627 0.25437 0.30957 0.36971 0.43341 0.49947 0.56651 0.63282 0.69647 0.75563 0.80884 0.85516 0.89412 0.92566 0.95007 0.96802 0.98049 0.98864 0.99365 0.99656 0.99815 0.99897 0.99938
0.081497 0.19367 0.21859 0.31415 0.44059 0.53585 0.58775 0.60012 0.58907 0.58065 0.59922 0.63743 0.66315 0.65178 0.60156 0.52205 0.44031 0.37636 0.3257 0.28359 0.24711 0.21533 0.1896 0.17354 0.17177 0.18677 0.21688 0.25836 0.30796 0.36351 0.42357 0.4869 0.55208 0.61737 0.68078 0.74037 0.79453 0.84216 0.88265 0.91579 0.94178 0.9612 0.97499 0.98428 0.99024 0.99391 0.99608 0.99731 0.99798
0.058196 0.065954 0.095181 0.26949 0.4594 0.54608 0.57064 0.59294 0.60749 0.61822 0.64354 0.67995 0.70217 0.68849 0.63642 0.55402 0.46872 0.40181 0.349 0.3057 0.26905 0.23796 0.21319 0.19721 0.1933 0.20359 0.22761 0.263 0.30716 0.35814 0.4145 0.475 0.53824 0.60243 0.66551 0.72542 0.78042 0.82924 0.87113 0.90575 0.93321 0.95401 0.96903 0.97939 0.98623 0.9906 0.9933 0.99491 0.99583
0.12883 0.11506 0.081212 0.24412 0.44592 0.50345 0.5125 0.55754 0.60033 0.63298 0.6713 0.71214 0.73452 0.72025 0.66741 0.58311 0.49513 0.42585 0.3712 0.32674 0.28969 0.25879 0.23437 0.21809 0.2123 0.21879 0.23769 0.26762 0.30668 0.35322 0.40594 0.46364 0.52491 0.58795 0.65064 0.71079 0.76653 0.81644 0.85962 0.89561 0.92443 0.9465 0.96266 0.974 0.98166 0.98668 0.98987 0.99183 0.99296
0.21122 0.15483 0.12888 0.25927 0.41027 0.4095 0.41728 0.49933 0.57056 0.62629 0.68229 0.73272 0.75874 0.74587 0.69358 0.60852 0.5188 0.44779 0.39163 0.3461 0.30848 0.27744 0.25297 0.23614 0.22866 0.232 0.24659 0.27171 0.3061 0.34846 0.39768 0.45265 0.512 0.57391 0.63618 0.69652 0.75292 0.80382 0.84818 0.88543 0.91549 0.93873 0.95594 0.96818 0.97659 0.9822 0.98583 0.9881 0.98942
0.12706 0.060386 0.16809 0.29757 0.3632 0.27803 0.30044 0.42813 0.52288 0.60118 0.67785 0.74144 0.77398 0.76449 0.71422 0.62966 0.53918 0.46709 0.4098 0.36333 0.32507 0.29368 0.26888 0.25136 0.24234 0.24301 0.25395 0.27489 0.30507 0.34357 0.38951 0.44192 0.49944 0.56026 0.62212 0.68262 0.73962 0.79142 0.83685 0.87524 0.90644 0.93074 0.94892 0.96198 0.97107 0.97721 0.98123 0.98376 0.98524
0.087324 0.12755 0.25565 0.34985 0.33187 0.14524 0.19112 0.35515 0.46281 0.56208 0.66054 0.73902 0.77999 0.77566 0.7289 0.64612 0.5559 0.48338 0.42536 0.37811 0.33922 0.30734 0.28206 0.26377 0.25334 0.25172 0.25955 0.27687 0.30332 0.33834 0.38129 0.43132 0.48716 0.54698 0.60846 0.66911 0.72665 0.77926 0.82567 0.86511 0.89733 0.9226 0.94163 0.95544 0.96513 0.97174 0.97611 0.97887 0.98047
0.13624 0.35128 0.39993 0.42588 0.35308 0.12799 0.13701 0.2883 0.39596 0.51448 0.63379 0.72681 0.77706 0.77932 0.7375 0.65775 0.56875 0.49645 0.43807 0.39026 0.35079 0.31838 0.29254 0.27343 0.2617 0.25811 0.26328 0.27748 0.30067 0.3326 0.37286 0.42077 0.47511 0.53405 0.5952 0.656 0.71404 0.7674 0.81469 0.85506 0.8882 0.91433 0.93414 0.9486 0.95882 0.96584 0.9705 0.97344 0.97514
0.31981 0.61015 0.57446 0.52273 0.41935 0.2194 0.15018 0.22816 0.32809 0.46467 0.60138 0.70653 0.76588 0.77576 0.74015 0.66458 0.5777 0.5062 0.44785 0.39968 0.35972 0.32679 0.30035 0.28044 0.26751 0.26218 0.26508 0.27661 0.29697 0.32621 0.36414 0.4102 0.46325 0.52144 0.58235 0.64331 0.70182 0.75585 0.80393 0.84513 0.87909 0.90598 0.92646 0.9415 0.95218 0.95955 0.96445 0.96753 0.96928
0.50353 0.84461 0.73105 0.61127 0.48538 0.28788 0.16353 0.16888 0.2663 0.41905 0.56676 0.67999 0.74743 0.76559 0.73722 0.66683 0.58286 0.51268 0.45471 0.40639 0.36605 0.33262 0.30558 0.28489 0.27086 0.26401 0.26495 0.2742 0.29216 0.31911 0.35505 0.39956 0.45155 0.50916 0.56991 0.63105 0.69001 0.74465 0.79343 0.83536 0.87003 0.89758 0.91865 0.93417 0.94525 0.95291 0.95799 0.96117 0.96293
0.55256 0.95814 0.8171 0.66138 0.5226 0.31193 0.14279 0.10606 0.22103 0.38303 0.53251 0.64876 0.72287 0.74964 0.72929 0.66487 0.58445 0.51603 0.45872 0.41045 0.36984 0.33598 0.30837 0.28694 0.27189 0.26369 0.26293 0.27024 0.28618 0.31123 0.34555 0.38883 0.44001 0.49721 0.5579 0.61926 0.67863 0.73381 0.7832 0.82577 0.86105 0.88917 0.91072 0.92666 0.93806 0.94594 0.95115 0.95438 0.95612
0.44091 0.92415 0.81118 0.6657 0.53374 0.31001 0.098897 0.059544 0.20438 0.35925 0.49983 0.61411 0.69344 0.72892 0.71709 0.65919 0.58278 0.51645 0.46005 0.412 0.37123 0.337 0.30887 0.28672 0.27073 0.26132 0.2591 0.26476 0.27903 0.30255 0.33563 0.378 0.42863 0.4856 0.54632 0.60793 0.66769 0.72336 0.77328 0.81638 0.85217 0.88076 0.90272 0.91899 0.93063 0.93867 0.94397 0.9472 0.94888
0.36219 0.78998 0.72716 0.63731 0.54027 0.3221 0.10693 0.10055 0.21809 0.34609 0.46851 0.57692 0.66041 0.70455 0.70145 0.65033 0.57823 0.51421 0.4589 0.41122 0.37041 0.33587 0.30725 0.28443 0.26756 0.25705 0.25353 0.25781 0.27074 0.2931 0.32529 0.36709 0.41742 0.47434 0.5352 0.59709 0.65722 0.71331 0.76368 0.80721 0.84342 0.87238 0.89466 0.91118 0.923 0.93115 0.93648 0.93967 0.94125
0.34778 0.59628 0.58899 0.59094 0.55821 0.37486 0.1954 0.17954 0.24807 0.33824 0.4372 0.53784 0.62505 0.67772 0.68323 0.6389 0.57121 0.50963 0.45554 0.40834 0.36756 0.33278 0.30371 0.28024 0.26254 0.251 0.24634 0.24946 0.26135 0.28291 0.31457 0.35611 0.40642 0.46346 0.52456 0.58675 0.64723 0.70368 0.7544 0.79829 0.83481 0.86405 0.88657 0.90327 0.9152 0.9234 0.92871 0.93181 0.93325
0.20198 0.36889 0.41652 0.53354 0.58327 0.45346 0.29912 0.25523 0.27778 0.32906 0.40408 0.49746 0.58866 0.6496 0.6633 0.6255 0.56215 0.50304 0.45023 0.40359 0.36292 0.32796 0.29847 0.27438 0.25585 0.24334 0.23765 0.2398 0.25093 0.27202 0.30352 0.34513 0.39566 0.453 0.51443 0.57694 0.63773 0.69448 0.74548 0.78961 0.82637 0.8558 0.87847 0.89527 0.90726 0.91544 0.92068 0.92366 0.92491
0.039674 0.16137 0.23694 0.47285 0.60071 0.52865 0.38979 0.31516 0.29628 0.31279 0.3676 0.45651 0.55257 0.62132 0.64248 0.6107 0.55148 0.49477 0.44326 0.39724 0.35675 0.32164 0.29175 0.26704 0.24769 0.23423 0.22758 0.22892 0.23956 0.26051 0.2922 0.3342 0.38519 0.44299 0.50481 0.56766 0.62874 0.68572 0.73691 0.7812 0.81809 0.84763 0.87037 0.88721 0.89918 0.9073 0.91243 0.91523 0.91627
0.010085 0.082742 0.12732 0.42294 0.60044 0.58198 0.45594 0.35331 0.29793 0.28576 0.32706 0.41611 0.51812 0.59393 0.62151 0.59505 0.53961 0.48516 0.43494 0.38957 0.34929 0.31408 0.2838 0.25845 0.23825 0.22384 0.21626 0.21693 0.22732 0.24847 0.2807 0.3234 0.37508 0.43347 0.49575 0.55894 0.62025 0.6774 0.7287 0.77307 0.81 0.83957 0.8623 0.8791 0.89101 0.89901 0.90397 0.90656 0.90735
0.097209 0.17676 0.19169 0.3921 0.58109 0.60824 0.49483 0.36844 0.28115 0.24645 0.28304 0.3779 0.48665 0.56833 0.60104 0.57902 0.52691 0.47453 0.42554 0.38084 0.34082 0.30552 0.27486 0.24885 0.22776 0.21233 0.20383 0.20394 0.21432 0.23601 0.26914 0.31282 0.36538 0.42448 0.48727 0.55079 0.61229 0.66952 0.72085 0.76521 0.80211 0.83161 0.85427 0.87097 0.88274 0.89058 0.89533 0.89768 0.89817
0.16807 0.26672 0.27699 0.37019 0.54706 0.61142 0.51034 0.36411 0.24794 0.19528 0.23788 0.34406 0.45935 0.54523 0.58157 0.56301 0.51372 0.46319 0.41536 0.37133 0.33159 0.29624 0.26519 0.23847 0.21641 0.19988 0.19043 0.19006 0.20067 0.22325 0.25761 0.30255 0.35618 0.41606 0.47939 0.54321 0.60484 0.66209 0.71337 0.75763 0.7944 0.82378 0.84629 0.86283 0.87442 0.88204 0.88654 0.8886 0.88876
0.1179 0.32926 0.3136 0.33849 0.50526 0.60035 0.511 0.34847 0.20436 0.13416 0.19634 0.31713 0.43722 0.52513 0.56346 0.54733 0.50032 0.4514 0.40465 0.36129 0.32187 0.28648 0.25504 0.22756 0.20443 0.18668 0.17618 0.17539 0.18649 0.21033 0.24627 0.2927 0.34753 0.40827 0.47212 0.53621 0.59792 0.65511 0.70625 0.75033 0.7869 0.81607 0.83837 0.85469 0.86605 0.87341 0.87762 0.87935 0.87915
0.12907 0.37084 0.29353 0.28618 0.46348 0.5847 0.50736 0.33341 0.16301 0.06637 0.16655 0.29946 0.42083 0.50829 0.54696 0.53223 0.48697 0.43942 0.39367 0.35098 0.3119 0.27651 0.24467 0.21638 0.19205 0.17291 0.16123 0.16005 0.17192 0.19741 0.23525 0.28339 0.33953 0.40115 0.4655 0.52981 0.59152 0.64857 0.69949 0.74331 0.77961 0.8085 0.83053 0.84657 0.85764 0.8647 0.86858 0.86995 0.86936
0.32002 0.37711 0.22621 0.21616 0.42946 0.57203 0.50867 0.33135 0.14645 0.016154 0.15819 0.29232 0.41025 0.49472 0.53214 0.51787 0.47384 0.42743 0.38261 0.3406 0.30192 0.26656 0.23433 0.20518 0.17952 0.15877 0.1457 0.14415 0.15711 0.18467 0.22473 0.27473 0.33223 0.39472 0.45954 0.52399 0.58563 0.64247 0.69308 0.73656 0.77252 0.80106 0.82276 0.83848 0.84922 0.85594 0.85945 0.86043 0.85942
0.42989 0.34178 0.14079 0.15112 0.40945 0.56607 0.51982 0.34912 0.17104 0.081269 0.17379 0.29517 0.405 0.48419 0.51902 0.50435 0.4611 0.41562 0.37168 0.33038 0.29213 0.25686 0.22428 0.19422 0.16711 0.14449 0.12974 0.1278 0.14223 0.17232 0.21488 0.26685 0.32571 0.38902 0.45424 0.51877 0.58025 0.63679 0.68703 0.73009 0.76563 0.79377 0.81509 0.83043 0.8408 0.84713 0.85025 0.8508 0.84934
0.45962 0.29701 0.12073 0.14777 0.40556 0.56665 0.54026 0.38399 0.2226 0.14984 0.20501 0.30581 0.40414 0.47633 0.50747 0.49171 0.44883 0.40412 0.36102 0.32046 0.28274 0.24764 0.21475 0.18378 0.15509 0.13031 0.11348 0.1111 0.1275 0.16062 0.20589 0.25985 0.32002 0.38409 0.44962 0.51413 0.57537 0.63153 0.68131 0.72389 0.75895 0.78663 0.8075 0.82243 0.83238 0.83831 0.84099 0.8411 0.83915
0.42565 0.23555 0.20369 0.21401 0.41333 0.57095 0.56562 0.42711 0.28088 0.2123 0.24174 0.32116 0.40649 0.47063 0.49732 0.47991 0.43709 0.39303 0.35076 0.31101 0.2739 0.23908 0.20596 0.17414 0.14378 0.11653 0.097099 0.094167 0.1132 0.14984 0.19795 0.25386 0.31523 0.37994 0.44567 0.51007 0.57098 0.62668 0.67592 0.71795 0.75246 0.77963 0.80002 0.81448 0.82399 0.82947 0.8317 0.83132 0.82887
0.33301 0.13955 0.30621 0.28891 0.42278 0.57518 0.59034 0.46922 0.33447 0.26578 0.27738 0.33828 0.41079 0.46656 0.48835 0.46892 0.42592 0.38241 0.34098 0.30211 0.26575 0.23133 0.19813 0.16555 0.13355 0.10355 0.08079 0.077134 0.099708 0.14033 0.19125 0.24895 0.31137 0.37657 0.44239 0.50657 0.56706 0.62221 0.67085 0.71226 0.74617 0.77277 0.79264 0.8066 0.81563 0.82064 0.82239 0.82151 0.81852
0.3498 0.28939 0.39585 0.33713 0.42297 0.57613 0.60967 0.50335 0.37738 0.30829 0.30821 0.3548 0.4159 0.46358 0.48032 0.45863 0.4153 0.37229 0.33173 0.29386 0.25837 0.22453 0.19143 0.15827 0.12475 0.091875 0.064863 0.060176 0.087561 0.13244 0.18597 0.24522 0.30848 0.374 0.43977 0.50362 0.5636 0.61812 0.66609 0.70682 0.74008 0.76607 0.78536 0.7988 0.80732 0.81183 0.81307 0.81166 0.80812
0.55595 0.57361 0.45151 0.34194 0.40678 0.57222 0.62033 0.52502 0.40639 0.3386 0.33228 0.36908 0.42088 0.46117 0.47298 0.44893 0.40518 0.36266 0.32305 0.28628 0.25183 0.21876 0.18598 0.15251 0.11778 0.082158 0.049883 0.043613 0.077513 0.12652 0.18225 0.2427 0.30655 0.37222 0.43779 0.5012 0.56057 0.61439 0.66161 0.70161 0.73417 0.75951 0.7782 0.79107 0.79906 0.80304 0.80376 0.8018 0.79769
0.77112 0.79096 0.45506 0.29817 0.37424 0.56371 0.62056 0.53181 0.41993 0.35618 0.34869 0.38013 0.42504 0.45892 0.46608 0.43969 0.3955 0.35349 0.31491 0.27939 0.24615 0.21406 0.18187 0.14844 0.11297 0.075203 0.037135 0.028323 0.07053 0.12288 0.18019 0.24143 0.30559 0.3712 0.43643 0.49929 0.55796 0.611 0.65742 0.69663 0.72844 0.75309 0.77115 0.78343 0.79086 0.7943 0.79447 0.79195 0.78725
0.89427 0.87973 0.40888 0.21132 0.33425 0.55224 0.60976 0.52292 0.41767 0.3612 0.35732 0.38747 0.4279 0.45647 0.45938 0.43077 0.38617 0.34474 0.30729 0.27315 0.24131 0.21044 0.17913 0.14614 0.11055 0.071778 0.029627 0.017945 0.067573 0.12173 0.17983 0.24141 0.30558 0.37093 0.43567 0.49786 0.55574 0.60793 0.65349 0.69186 0.72289 0.74681 0.76421 0.77588 0.78274 0.78561 0.78522 0.78213 0.77682
0.91066 0.86479 0.34789 0.095844 0.30382 0.53985 0.58835 0.49886 0.40027 0.35445 0.35859 0.39104 0.42917 0.45353 0.45266 0.42203 0.3771 0.33633 0.30012 0.26752 0.23728 0.20785 0.17771 0.14559 0.1106 0.072288 0.031215 0.021302 0.069106 0.12309 0.18114 0.24259 0.30648 0.37137 0.43547 0.49688 0.55389 0.60517 0.64981 0.6873 0.71751 0.74068 0.75738 0.76843 0.77469 0.77699 0.77602 0.77233 0.7664
0.83601 0.79688 0.32071 0.03978 0.3004 0.52791 0.55755 0.46117 0.36913 0.33728 0.35338 0.39109 0.42876 0.4499 0.44573 0.4133 0.36818 0.32817 0.29333 0.26244 0.23397 0.20622 0.17755 0.14671 0.11298 0.07651 0.040634 0.034387 0.074761 0.12682 0.18405 0.24493 0.30825 0.37248 0.43581 0.49633 0.55239 0.60269 0.64636 0.68294 0.71229 0.73468 0.75068 0.76107 0.76672 0.76844 0.76689 0.76259 0.75602
0.6904 0.6821 0.33251 0.15935 0.32701 0.51678 0.51947 0.4124 0.32628 0.31154 0.34293 0.3881 0.42667 0.4454 0.43842 0.40444 0.35928 0.32016 0.28684 0.25781 0.23132 0.20546 0.17852 0.14932 0.11741 0.08372 0.053706 0.049872 0.083588 0.13266 0.18841 0.24833 0.31083 0.37422 0.43663 0.49618 0.55121 0.60047 0.64314 0.67876 0.70723 0.72882 0.74409 0.75382 0.75885 0.75997 0.75782 0.75292 0.7457
0.51739 0.49663 0.3476 0.26634 0.37076 0.50628 0.47722 0.35603 0.27416 0.27955 0.32873 0.38266 0.42299 0.43994 0.43057 0.39532 0.35029 0.3122 0.28054 0.25355 0.22921 0.20544 0.18048 0.15321 0.12354 0.093053 0.068158 0.065893 0.094574 0.14025 0.19408 0.25271 0.31415 0.37653 0.43792 0.49639 0.55033 0.5985 0.64012 0.67475 0.70232 0.72309 0.73762 0.74667 0.75108 0.75159 0.74884 0.74332 0.73545
0.38067 0.24603 0.35221 0.35275 0.41738 0.49657 0.435 0.29667 0.21548 0.24409 0.31248 0.37545 0.41788 0.43345 0.42204 0.38581 0.3411 0.3042 0.27436 0.24956 0.22755 0.20605 0.18325 0.15816 0.13096 0.10377 0.08308 0.081954 0.10692 0.14922 0.20087 0.25796 0.31814 0.37937 0.43962 0.49694 0.54972 0.59676 0.63729 0.67091 0.69755 0.71748 0.73126 0.73963 0.74341 0.74332 0.73996 0.73381 0.72528
0.33819 0.069241 0.36282 0.41865 0.45879 0.48855 0.39782 0.24058 0.15307 0.20854 0.29592 0.36714 0.41148 0.42588 0.41274 0.37578 0.33159 0.29604 0.26819 0.24576 0.22624 0.20717 0.18669 0.16394 0.13933 0.11532 0.09808 0.097868 0.12008 0.15926 0.20858 0.26396 0.32273 0.38268 0.44169 0.49778 0.54935 0.59522 0.63463 0.66722 0.69292 0.71201 0.72503 0.73271 0.73585 0.73515 0.73118 0.72441 0.71521
0.38041 0.29412 0.39493 0.46671 0.49201 0.48344 0.37054 0.19636 0.089714 0.17703 0.28068 0.35834 0.40396 0.4172 0.40257 0.36513 0.32167 0.28765 0.26195 0.24206 0.22518 0.20868 0.19065 0.17033 0.14835 0.12734 0.11297 0.11354 0.13369 0.17006 0.21706 0.2706 0.32784 0.38641 0.4441 0.4989 0.54921 0.59386 0.63214 0.66368 0.68842 0.70665 0.71891 0.7259 0.7284 0.72709 0.72252 0.71512 0.70525
0.40273 0.46872 0.44003 0.4994 0.51615 0.48172 0.35602 0.17397 0.028373 0.1544 0.26813 0.34951 0.39547 0.40741 0.39147 0.35377 0.31125 0.27894 0.25558 0.2384 0.2243 0.21048 0.19499 0.17716 0.15779 0.13955 0.12763 0.12892 0.14749 0.1814 0.22612 0.27777 0.3334 0.3905 0.44679 0.50026 0.54926 0.59268 0.6298 0.66026 0.68405 0.70142 0.7129 0.7192 0.72107 0.71915 0.71398 0.70595 0.69541
0.36761 0.55275 0.47658 0.51769 0.53039 0.48219 0.35346 0.17725 0.030014 0.14477 0.25911 0.34098 0.38611 0.39652 0.37937 0.34163 0.30025 0.26984 0.24902 0.23472 0.22354 0.21248 0.1996 0.18429 0.16746 0.15179 0.14201 0.14396 0.16132 0.19309 0.23564 0.28538 0.33933 0.3949 0.44975 0.50182 0.54949 0.59164 0.62758 0.65698 0.67979 0.6963 0.70702 0.71263 0.71386 0.71134 0.70557 0.69692 0.68571
0.31253 0.54767 0.48832 0.52111 0.53318 0.48202 0.35851 0.19786 0.082148 0.14862 0.25384 0.33289 0.37596 0.38454 0.36626 0.32865 0.28861 0.26031 0.24223 0.23098 0.22284 0.21464 0.20439 0.19159 0.17723 0.16395 0.15606 0.15865 0.17507 0.20497 0.24548 0.29333 0.34557 0.39956 0.45292 0.50356 0.54988 0.59074 0.62549 0.6538 0.67565 0.69129 0.70124 0.70617 0.70677 0.70366 0.69729 0.68803 0.67615
0.25653 0.47147 0.47048 0.50879 0.52269 0.47766 0.36537 0.22367 0.12722 0.16194 0.25188 0.32523 0.36505 0.37149 0.35211 0.31479 0.27627 0.25031 0.23519 0.22717 0.22218 0.21688 0.20929 0.19897 0.18699 0.17593 0.16975 0.17297 0.18866 0.21693 0.25553 0.30153 0.35204 0.40443 0.45626 0.50545 0.55039 0.58996 0.62351 0.65074 0.67161 0.68639 0.69559 0.69984 0.69982 0.69612 0.68916 0.67929 0.66676
0.17617 0.35111 0.42914 0.48062 0.4978 0.46607 0.36887 0.24647 0.16436 0.17946 0.25234 0.31784 0.35342 0.35742 0.33695 0.30002 0.26322 0.23981 0.22789 0.22328 0.22154 0.21918 0.21424 0.20636 0.19667 0.18769 0.18307 0.18689 0.20203 0.22887 0.26571 0.3099 0.3587 0.40946 0.45975 0.50747 0.55101 0.58928 0.62163 0.64777 0.66767 0.6816 0.69004 0.69362 0.693 0.68871 0.68119 0.67071 0.65753
0.07716 0.21701 0.37749 0.43792 0.45886 0.44558 0.36549 0.26213 0.19326 0.1972 0.25412 0.31049 0.34106 0.34237 0.32079 0.28435 0.24943 0.22882 0.22035 0.21933 0.22093 0.22152 0.2192 0.2137 0.20622 0.19918 0.19601 0.20043 0.21512 0.24072 0.27592 0.31838 0.36549 0.41462 0.46335 0.50959 0.55172 0.58868 0.61983 0.64489 0.66383 0.67691 0.68461 0.68753 0.68631 0.68146 0.67337 0.6623 0.64847
0.01183 0.10747 0.32984 0.38339 0.40806 0.41617 0.35349 0.26902 0.21406 0.21287 0.25616 0.30292 0.32799 0.32643 0.30368 0.26776 0.2349 0.21736 0.21261 0.21535 0.22035 0.22389 0.22415 0.22097 0.21559 0.21038 0.20856 0.21355 0.22791 0.25243 0.28611 0.32691 0.37235 0.41986 0.46704 0.51178 0.55251 0.58816 0.61811 0.64209 0.66007 0.67232 0.67929 0.68157 0.67975 0.67435 0.66571 0.65407 0.63961
0.035509 0.1101 0.29476 0.32074 0.34928 0.3793 0.33261 0.26698 0.22737 0.22535 0.25762 0.2949 0.31424 0.30968 0.28569 0.2503 0.21964 0.20547 0.20474 0.21141 0.21984 0.2263 0.22908 0.22814 0.22476 0.22128 0.22072 0.22628 0.24038 0.26393 0.29622 0.33544 0.37924 0.42515 0.47077 0.51403 0.55335 0.58769 0.61646 0.63936 0.65641 0.66783 0.67408 0.67572 0.67333 0.66739 0.65822 0.64602 0.63094
0.061697 0.19119 0.27228 0.25428 0.28753 0.33747 0.30362 0.25681 0.23414 0.23426 0.25789 0.28623 0.29987 0.29225 0.2669 0.23197 0.20368 0.19322 0.19682 0.20757 0.21944 0.22876 0.23398 0.23518 0.23372 0.23185 0.23248 0.23859 0.25251 0.27521 0.3062 0.34391 0.38613 0.43046 0.47453 0.5163 0.55423 0.58727 0.61486 0.63671 0.65282 0.66343 0.66897 0.67 0.66706 0.66059 0.6509 0.63815 0.62247
0.14883 0.27219 0.25857 0.1887 0.22824 0.29359 0.26797 0.23993 0.23557 0.23971 0.25663 0.27684 0.28499 0.27429 0.24742 0.21284 0.18705 0.18071 0.18898 0.20391 0.21919 0.23129 0.23885 0.24211 0.24245 0.24211 0.24385 0.2505 0.26427 0.28622 0.31602 0.35229 0.39297 0.43574 0.47829 0.51859 0.55513 0.58689 0.61331 0.63411 0.64931 0.65912 0.66398 0.6644 0.66092 0.65395 0.64375 0.63048 0.61421
0.25394 0.34172 0.25188 0.12937 0.17669 0.25057 0.22738 0.21819 0.23303 0.24207 0.25373 0.26672 0.26976 0.256 0.2274 0.19295 0.16983 0.16806 0.18135 0.20054 0.21916 0.23391 0.24369 0.2489 0.25095 0.25205 0.25484 0.262 0.27568 0.29694 0.32564 0.36054 0.39974 0.44099 0.48203 0.52088 0.55604 0.58653 0.61179 0.63157 0.64587 0.6549 0.65908 0.65892 0.65492 0.64747 0.63679 0.62301 0.60616
0.33646 0.39656 0.25299 0.08461 0.13745 0.21098 0.18365 0.19375 0.22792 0.24185 0.24928 0.25598 0.25439 0.23762 0.207 0.17237 0.15208 0.15548 0.17412 0.19756 0.21938 0.23665 0.24853 0.25556 0.25922 0.26166 0.26544 0.2731 0.28671 0.30737 0.33504 0.36864 0.40641 0.44617 0.48573 0.52315 0.55695 0.58619 0.61031 0.62908 0.64249 0.65077 0.6543 0.65357 0.64907 0.64114 0.63001 0.61573 0.59834
0.37173 0.43279 0.26212 0.06987 0.11366 0.17708 0.13844 0.16905 0.22161 0.23963 0.24348 0.24483 0.23918 0.21946 0.18645 0.15117 0.13392 0.14319 0.16747 0.19508 0.21993 0.23954 0.25337 0.2621 0.26726 0.27095 0.27565 0.28379 0.29736 0.31747 0.34419 0.37657 0.41295 0.45127 0.48937 0.52538 0.55785 0.58585 0.60886 0.62663 0.63918 0.64671 0.64961 0.64834 0.64335 0.63498 0.62341 0.60867 0.59075
0.35216 0.4477 0.27754 0.088018 0.10547 0.15097 0.093255 0.14696 0.21528 0.23601 0.23665 0.23355 0.22446 0.2019 0.16605 0.12945 0.1155 0.13154 0.16164 0.19323 0.22086 0.2426 0.25822 0.26852 0.27507 0.27994 0.2855 0.29409 0.30763 0.32725 0.35308 0.38429 0.41935 0.45625 0.49294 0.52756 0.55872 0.58551 0.60742 0.62423 0.63593 0.64274 0.64502 0.64323 0.63778 0.62899 0.61699 0.60181 0.58339
0.2888 0.44317 0.29669 0.11844 0.10932 0.13477 0.050087 0.13067 0.20986 0.23153 0.22916 0.22249 0.21064 0.1854 0.14621 0.10732 0.097088 0.12095 0.15687 0.1921 0.22221 0.24586 0.26309 0.27483 0.28266 0.28861 0.29497 0.30399 0.31753 0.33669 0.36169 0.3918 0.42558 0.46112 0.49642 0.52969 0.55956 0.58516 0.60599 0.62185 0.63274 0.63885 0.64054 0.63824 0.63235 0.62316 0.61077 0.59516 0.57627
0.20745 0.42621 0.31717 0.14988 0.12056 0.12992 0.021104 0.12314 0.20601 0.22663 0.22137 0.21201 0.19818 0.17053 0.12757 0.084957 0.079113 0.11197 0.1534 0.1918 0.22403 0.24933 0.26799 0.28103 0.29003 0.29698 0.30409 0.31351 0.32704 0.34579 0.37001 0.39908 0.43163 0.46585 0.4998 0.53174 0.56036 0.58479 0.60457 0.61951 0.62959 0.63503 0.63615 0.63337 0.62706 0.61749 0.60473 0.58873 0.56938
0.13849 0.4069 0.33673 0.1786 0.13576 0.13607 0.046483 0.1256 0.20402 0.22168 0.21363 0.20248 0.18754 0.15796 0.11105 0.062701 0.062458 0.10526 0.15143 0.1924 0.22636 0.25304 0.27294 0.28713 0.29719 0.30505 0.31285 0.32265 0.33618 0.35455 0.37804 0.40611 0.43748 0.47043 0.50307 0.53372 0.5611 0.58439 0.60316 0.61719 0.6265 0.63128 0.63185 0.62861 0.62191 0.61198 0.59888 0.58251 0.56274
0.11155 0.39434 0.35308 0.20224 0.1526 0.15096 0.085175 0.13665 0.20393 0.21692 0.20622 0.19422 0.17916 0.14845 0.098034 0.041466 0.049041 0.10147 0.15114 0.19395 0.22921 0.257 0.27794 0.29313 0.30414 0.31283 0.32126 0.33141 0.34495 0.36296 0.38577 0.41289 0.44314 0.47485 0.50621 0.5356 0.56179 0.58397 0.60174 0.61489 0.62345 0.6276 0.62765 0.62397 0.6169 0.60664 0.59322 0.57651 0.55635
0.14356 0.39163 0.36409 0.2185 0.16924 0.17187 0.12386 0.15344 0.2055 0.21244 0.1993 0.18746 0.1734 0.14268 0.090305 0.025116 0.042587 0.1011 0.15262 0.19648 0.23259 0.2612 0.28298 0.29904 0.31089 0.32033 0.32933 0.3398 0.35334 0.37103 0.39319 0.41942 0.44858 0.4791 0.50923 0.53739 0.56241 0.58351 0.60031 0.61261 0.62045 0.62399 0.62353 0.61944 0.61203 0.60146 0.58774 0.57073 0.5502
0.1996 0.39417 0.36809 0.22513 0.18428 0.1967 0.16151 0.17334 0.20837 0.20821 0.19292 0.18233 0.17048 0.14115 0.08941 0.0265 0.046466 0.10431 0.15588 0.19999 0.2365 0.26564 0.28808 0.30486 0.31743 0.32754 0.33706 0.34782 0.36137 0.37875 0.40031 0.42568 0.4538 0.48317 0.51211 0.53908 0.56296 0.58301 0.59887 0.61035 0.61748 0.62044 0.61951 0.61503 0.60729 0.59644 0.58246 0.56516 0.5443
0.23486 0.39486 0.36403 0.22018 0.19693 0.22413 0.19793 0.19445 0.21202 0.20406 0.18699 0.17879 0.17043 0.14396 0.095629 0.044253 0.058846 0.11086 0.16085 0.20445 0.24092 0.27033 0.29322 0.31058 0.32378 0.33448 0.34447 0.35549 0.36904 0.38612 0.40711 0.43167 0.4588 0.48706 0.51484 0.54066 0.56344 0.58247 0.59741 0.6081 0.61456 0.61695 0.61557 0.61072 0.60269 0.59158 0.57736 0.55981 0.53864
0.22154 0.39117 0.35166 0.20227 0.20737 0.25341 0.23301 0.2155 0.21588 0.19969 0.18129 0.17672 0.17311 0.15081 0.10777 0.066417 0.075732 0.12023 0.16738 0.2098 0.24584 0.27525 0.29841 0.31621 0.32994 0.34115 0.35155 0.36281 0.37635 0.39315 0.4136 0.43738 0.46357 0.49077 0.51743 0.54213 0.56383 0.58188 0.59593 0.60585 0.61166 0.61352 0.61171 0.60653 0.59822 0.58688 0.57245 0.55467 0.53324
0.15615 0.38751 0.33181 0.17066 0.2169 0.28409 0.26657 0.23559 0.21937 0.19471 0.17554 0.17592 0.17825 0.16113 0.12408 0.089788 0.094742 0.13183 0.17531 0.21598 0.25122 0.28038 0.30364 0.32175 0.3359 0.34755 0.35831 0.36978 0.38331 0.39985 0.41978 0.44283 0.4681 0.49428 0.51986 0.54348 0.56415 0.58124 0.59444 0.60362 0.6088 0.61015 0.60794 0.60243 0.59387 0.58234 0.56772 0.54975 0.52808
0.079991 0.39166 0.30734 0.12547 0.228 0.31581 0.2983 0.254 0.22186 0.18864 0.16941 0.17619 0.1855 0.17423 0.14312 0.11357 0.11478 0.14507 0.18442 0.22289 0.25702 0.28569 0.30889 0.32719 0.34167 0.35369 0.36477 0.37641 0.38992 0.40621 0.42566 0.448 0.47241 0.4976 0.52213 0.54472 0.56438 0.58054 0.59292 0.60138 0.60597 0.60684 0.60424 0.59844 0.58966 0.57794 0.56317 0.54504 0.52317
0.12901 0.40874 0.28448 0.067928 0.24383 0.34821 0.32776 0.27013 0.22277 0.18101 0.16259 0.17737 0.19455 0.18949 0.16386 0.13748 0.1353 0.15949 0.1945 0.23045 0.26318 0.29118 0.31415 0.33253 0.34725 0.35957 0.37091 0.38271 0.3962 0.41224 0.43122 0.4529 0.47647 0.50072 0.52425 0.54582 0.56452 0.57979 0.59137 0.59915 0.60316 0.60358 0.60062 0.59455 0.58557 0.5737 0.5588 0.54054 0.51851
0.23184 0.43901 0.27339 0.014065 0.26712 0.38082 0.35448 0.28348 0.22161 0.17132 0.15489 0.17938 0.20513 0.20639 0.18568 0.16136 0.15601 0.17471 0.20536 0.23855 0.26967 0.29681 0.31942 0.33776 0.35264 0.36519 0.37676 0.38869 0.40214 0.41795 0.43649 0.45753 0.4803 0.50364 0.52621 0.54681 0.56457 0.57898 0.58979 0.59691 0.60039 0.60036 0.59707 0.59076 0.5816 0.56961 0.5546 0.53624 0.51408
0.32124 0.4801 0.28414 0.080462 0.2991 0.41302 0.378 0.2937 0.21798 0.15913 0.14625 0.1823 0.21707 0.22455 0.20816 0.1851 0.17674 0.19045 0.21681 0.24709 0.27642 0.30255 0.32468 0.34288 0.35784 0.37057 0.38232 0.39434 0.40775 0.42334 0.44145 0.46188 0.4839 0.50636 0.528 0.54767 0.56453 0.57811 0.58818 0.59467 0.59763 0.59719 0.5936 0.58707 0.57776 0.56566 0.55058 0.53215 0.5099
0.39046 0.52775 0.31819 0.16133 0.33894 0.44408 0.39792 0.30062 0.21168 0.14407 0.13688 0.1863 0.23023 0.24367 0.23102 0.20862 0.19734 0.20648 0.22868 0.25598 0.28339 0.30837 0.3299 0.34788 0.36284 0.37569 0.38758 0.39968 0.41304 0.42841 0.44612 0.46597 0.48726 0.50889 0.52964 0.5484 0.5644 0.57717 0.58654 0.59243 0.59489 0.59407 0.59019 0.58346 0.57402 0.56185 0.54672 0.52826 0.50595
0.43653 0.57357 0.3665 0.24324 0.38436 0.47321 0.41404 0.30432 0.20277 0.12586 0.12738 0.1917 0.24457 0.26354 0.25407 0.23186 0.21771 0.22263 0.24084 0.26512 0.29051 0.31425 0.33508 0.35275 0.36764 0.38057 0.39256 0.40472 0.41802 0.43318 0.4505 0.4698 0.49038 0.51122 0.53111 0.549 0.56416 0.57618 0.58486 0.59018 0.59217 0.59099 0.58685 0.57995 0.5704 0.55818 0.54303 0.52456 0.50223
0.45109 0.60467 0.41664 0.32222 0.43238 0.49966 0.42638 0.30518 0.19163 0.10435 0.11887 0.19887 0.26006 0.28402 0.27717 0.25475 0.23778 0.23876 0.25315 0.27444 0.29774 0.32014 0.3402 0.35748 0.37225 0.3852 0.39726 0.40945 0.42269 0.43764 0.45459 0.47336 0.49328 0.51335 0.53241 0.54948 0.56384 0.57511 0.58315 0.58791 0.58947 0.58796 0.58357 0.57652 0.56689 0.55464 0.53951 0.52106 0.49874
0.42784 0.60745 0.45867 0.39509 0.48006 0.52282 0.43522 0.30392 0.17917 0.079526 0.11313 0.20818 0.27671 0.30498 0.3002 0.27724 0.25747 0.25475 0.2655 0.28385 0.30503 0.32603 0.34523 0.36207 0.37666 0.38959 0.40169 0.41389 0.42706 0.44181 0.4584 0.47666 0.49595 0.51528 0.53356 0.54982 0.56341 0.57398 0.5814 0.58564 0.58678 0.58496 0.58036 0.57317 0.56349 0.55124 0.53614 0.51774 0.49547
0.3739 0.5725 0.48711 0.45957 0.52492 0.54232 0.44114 0.30161 0.16695 0.051629 0.11242 0.21998 0.29452 0.32632 0.32307 0.29926 0.27672 0.27051 0.27781 0.29327 0.31232 0.33187 0.35017 0.36651 0.38087 0.39373 0.40584 0.41805 0.43113 0.44568 0.46194 0.47972 0.49839 0.51702 0.53454 0.55004 0.56289 0.57278 0.57961 0.58336 0.58411 0.58199 0.5772 0.56991 0.56019 0.54796 0.53292 0.5146 0.49242
0.30836 0.4975 0.50121 0.5144 0.5651 0.55801 0.44493 0.29958 0.15731 0.022158 0.11868 0.23445 0.31345 0.34795 0.34569 0.32077 0.29548 0.28597 0.28997 0.30264 0.31958 0.33765 0.355 0.37079 0.38488 0.39764 0.40973 0.42192 0.43492 0.44927 0.46521 0.48252 0.50062 0.51857 0.53537 0.55013 0.56228 0.57152 0.57778 0.58106 0.58144 0.57906 0.5741 0.56672 0.55699 0.5448 0.52985 0.51165 0.48958
