0.14861 0.19342 0.39895 0.33677 0.23073 0.39144 0.35708 0.21513 0.078607 0.018013 0.015472 0.016179 0.014258 0.013746 0.014634 0.015317 0.015017 0.014409 0.015287 0.018906 0.024685 0.031425 0.038207 0.044412 0.049647 0.053726 0.056666 0.058662 0.060033 0.061145 0.06233 0.063818 0.06572 0.068027 0.070657 0.073484 0.076381 0.079238 0.08197 0.084524 0.086872 0.089011 0.090953 0.092727 0.094369 0.095923 0.097435 0.098954 0.10053
0.24987 0.30252 0.36457 0.37658 0.66095 0.7632 0.61088 0.42044 0.22967 0.12017 0.071829 0.058404 0.057782 0.060084 0.062608 0.064441 0.065116 0.064446 0.062534 0.059691 0.05627 0.052544 0.048632 0.044536 0.040236 0.035809 0.031547 0.028052 0.026209 0.026786 0.029816 0.034616 0.040379 0.046496 0.052573 0.058367 0.063732 0.068595 0.072926 0.076729 0.080034 0.082885 0.085338 0.087457 0.08931 0.090967 0.092499 0.093976 0.095466
0.19723 0.23417 0.26026 0.12653 0.16353 0.37365 0.47906 0.44146 0.29746 0.18698 0.13189 0.11999 0.1243 0.12885 0.12949 0.12623 0.12002 0.11183 0.10242 0.09233 0.081947 0.071554 0.061338 0.051435 0.041975 0.033168 0.025445 0.019738 0.017604 0.01971 0.024549 0.030456 0.036564 0.042474 0.04799 0.053012 0.05749 0.061408 0.064773 0.067612 0.069964 0.071883 0.073429 0.074673 0.07569 0.076563 0.07738 0.078231 0.079206
0.026629 0.076188 0.5015 0.69069 0.61603 0.59544 0.55222 0.51076 0.39929 0.30963 0.25837 0.23725 0.22821 0.2196 0.20828 0.19493 0.18093 0.16712 0.15382 0.14104 0.1287 0.11683 0.1055 0.094858 0.085078 0.07636 0.068891 0.062818 0.058215 0.055057 0.053215 0.052474 0.052573 0.053244 0.054248 0.055389 0.056513 0.05751 0.058303 0.058845 0.059117 0.05912 0.058877 0.058436 0.057864 0.05725 0.056708 0.056371 0.056384
0.37473 0.45297 0.63224 0.3302 0.54264 0.74491 0.75035 0.71936 0.59283 0.47919 0.38672 0.31463 0.26243 0.22798 0.20719 0.19533 0.18829 0.18301 0.17752 0.17084 0.16265 0.15313 0.14267 0.13174 0.12081 0.11026 0.10044 0.09158 0.083822 0.07722 0.071744 0.067299 0.063751 0.06094 0.058703 0.056879 0.055319 0.053891 0.052478 0.050985 0.049337 0.04748 0.045385 0.043055 0.040528 0.037889 0.035294 0.032977 0.031274
0.066051 0.052565 0.18975 0.19167 0.17458 0.26983 0.34136 0.38112 0.32365 0.23917 0.15304 0.076738 0.023658 0.050288 0.090299 0.12245 0.14625 0.16212 0.17081 0.17334 0.17086 0.16464 0.15581 0.1454 0.13422 0.12295 0.11209 0.10201 0.092934 0.084957 0.078086 0.072251 0.067336 0.063204 0.059708 0.056703 0.054045 0.051601 0.049242 0.04685 0.044318 0.041553 0.038474 0.035015 0.031128 0.026778 0.021955 0.016678 0.011055
0.20225 0.34058 0.56689 0.34705 0.32529 0.41956 0.43688 0.41521 0.329 0.25535 0.2063 0.17717 0.15964 0.15039 0.14926 0.15434 0.16168 0.16777 0.17066 0.16977 0.16533 0.15805 0.14874 0.13824 0.12726 0.11641 0.10614 0.096734 0.088369 0.081099 0.074889 0.069655 0.065276 0.061622 0.058557 0.05595 0.053673 0.051604 0.049629 0.047644 0.045557 0.043292 0.040791 0.038017 0.034963 0.03166 0.028204 0.024792 0.021808
0.19033 0.10173 0.19191 0.45235 0.53731 0.57255 0.44875 0.27734 0.10413 0.067404 0.13221 0.1773 0.19921 0.2045 0.20032 0.19217 0.1832 0.17444 0.16575 0.15666 0.14683 0.13631 0.12539 0.11452 0.10413 0.094581 0.086113 0.078824 0.072705 0.067679 0.063634 0.060442 0.057971 0.056092 0.054676 0.053601 0.05275 0.052017 0.051313 0.050561 0.049704 0.048705 0.047548 0.046239 0.044812 0.043334 0.041907 0.040682 0.039849
0.0983 0.15116 0.24308 0.11013 0.42361 0.68069 0.68703 0.61132 0.46435 0.35831 0.29214 0.25223 0.22662 0.20781 0.19222 0.17841 0.16573 0.15358 0.14149 0.12919 0.11668 0.10423 0.092273 0.081304 0.071728 0.063796 0.057564 0.052916 0.049644 0.047523 0.046349 0.045946 0.046149 0.046799 0.047739 0.048827 0.049945 0.050997 0.051919 0.052668 0.053227 0.053598 0.053799 0.053865 0.053845 0.053804 0.053823 0.053998 0.054441
0.17325 0.25005 0.59674 0.55017 0.28181 0.11687 0.31475 0.41738 0.37445 0.30334 0.24162 0.19641 0.1669 0.15001 0.14127 0.13596 0.1305 0.12306 0.11323 0.10144 0.088461 0.075219 0.062555 0.051187 0.041637 0.034211 0.028994 0.025895 0.024704 0.025141 0.02686 0.029488 0.03267 0.036104 0.039556 0.042862 0.045912 0.048648 0.051049 0.053123 0.054898 0.056418 0.057737 0.058914 0.060013 0.061101 0.062249 0.063529 0.065016
0.3281 0.27666 0.080319 0.48904 0.58455 0.52662 0.39725 0.30641 0.21018 0.14217 0.091447 0.055071 0.047964 0.066784 0.086877 0.099962 0.10506 0.10321 0.09611 0.085505 0.073021 0.060053 0.047686 0.03666 0.027316 0.019592 0.013114 0.0074721 0.0033686 0.0058793 0.01134 0.017149 0.022913 0.028437 0.033588 0.038285 0.042489 0.046203 0.049458 0.052308 0.054824 0.057082 0.059163 0.061145 0.063102 0.0651 0.0672 0.069457 0.071919
0.297 0.30537 0.39729 0.15637 0.29034 0.37416 0.27951 0.18852 0.14385 0.12776 0.10829 0.086141 0.074138 0.078396 0.08923 0.09723 0.099347 0.09573 0.087621 0.076558 0.064097 0.051698 0.040589 0.031641 0.02516 0.020753 0.017581 0.015007 0.013129 0.012788 0.01466 0.018316 0.022877 0.027704 0.032426 0.036845 0.04087 0.044483 0.047716 0.050632 0.053312 0.055848 0.05833 0.060839 0.063449 0.066214 0.069179 0.072371 0.07581
0.27331 0.31962 0.54719 0.42148 0.34958 0.31767 0.21133 0.15534 0.1692 0.18754 0.1869 0.17229 0.15285 0.13552 0.12255 0.11255 0.10313 0.092571 0.080264 0.066496 0.052168 0.03858 0.027341 0.02039 0.018763 0.020363 0.022385 0.023718 0.024392 0.024881 0.025704 0.027174 0.029314 0.031937 0.034796 0.037685 0.040474 0.04311 0.045602 0.048005 0.050396 0.052868 0.055506 0.058385 0.061558 0.065055 0.068886 0.073041 0.077497
0.093567 0.074374 0.17952 0.25855 0.3508 0.41423 0.4173 0.40663 0.34456 0.29566 0.25716 0.2222 0.19012 0.16272 0.14066 0.12282 0.10726 0.092154 0.076413 0.059786 0.042701 0.025967 0.010475 0.003069 0.014052 0.022377 0.028145 0.031734 0.033683 0.034585 0.034984 0.03529 0.035747 0.036442 0.037358 0.038437 0.039629 0.040922 0.042347 0.043973 0.04589 0.048192 0.050957 0.054234 0.058041 0.062359 0.067145 0.072339 0.07787
0.042341 0.099022 0.24277 0.20202 0.13653 0.25691 0.39703 0.46314 0.40726 0.3344 0.27073 0.22096 0.18532 0.16134 0.14456 0.13074 0.11725 0.10287 0.087349 0.071128 0.055231 0.041312 0.031749 0.028731 0.031143 0.035386 0.039102 0.041488 0.042523 0.042505 0.041812 0.040791 0.039696 0.03869 0.037856 0.037239 0.036877 0.036832 0.037198 0.038096 0.039651 0.041964 0.045087 0.049013 0.053687 0.059017 0.064894 0.071202 0.077829
0.13665 0.14359 0.17528 0.12036 0.37987 0.51191 0.50495 0.46992 0.36606 0.26987 0.19529 0.15088 0.13679 0.13898 0.14288 0.14232 0.13645 0.12631 0.11338 0.099168 0.08516 0.072839 0.063423 0.057466 0.05452 0.053389 0.052821 0.051996 0.050577 0.048561 0.046107 0.043416 0.040672 0.038012 0.035541 0.033348 0.031544 0.030283 0.029771 0.030233 0.031848 0.03468 0.038676 0.043693 0.049558 0.056096 0.063144 0.070556 0.0782
0.15677 0.27441 0.65577 0.54485 0.4207 0.4308 0.43605 0.40204 0.28257 0.1632 0.060414 0.027465 0.086841 0.12787 0.15181 0.16216 0.16251 0.15596 0.14506 0.13184 0.11795 0.10477 0.093233 0.083823 0.076475 0.070714 0.065903 0.061496 0.05715 0.052731 0.048238 0.043733 0.039294 0.03499 0.030894 0.027103 0.023796 0.0213 0.020111 0.020729 0.023312 0.027602 0.033192 0.039735 0.046978 0.054731 0.062842 0.071178 0.079619
0.022647 0.057553 0.39594 0.31271 0.10525 0.30286 0.45507 0.48038 0.3744 0.2667 0.19045 0.15682 0.15868 0.17378 0.18713 0.19376 0.1933 0.18692 0.17618 0.16266 0.14783 0.13292 0.11887 0.10623 0.095173 0.085575 0.077138 0.069531 0.062484 0.055818 0.04943 0.043267 0.037295 0.031484 0.025812 0.020287 0.015027 0.010559 0.0086622 0.011261 0.016744 0.023483 0.030927 0.038872 0.047201 0.055819 0.06463 0.073535 0.082431
0.14163 0.14951 0.19114 0.34213 0.50768 0.65139 0.6774 0.65198 0.52188 0.41027 0.33081 0.27971 0.25137 0.23858 0.2335 0.23004 0.2247 0.21608 0.20413 0.18954 0.17334 0.15661 0.14026 0.12491 0.1109 0.098304 0.087044 0.076935 0.067775 0.05938 0.051592 0.044278 0.037324 0.03063 0.024109 0.017694 0.01139 0.005654 0.0050161 0.010896 0.018037 0.025687 0.03373 0.042111 0.050775 0.059651 0.068656 0.077694 0.086658
0.13173 0.11501 0.14488 0.4087 0.56756 0.71093 0.69728 0.63613 0.50883 0.42017 0.36224 0.32255 0.29565 0.27857 0.26787 0.25983 0.25148 0.241 0.22777 0.21203 0.19455 0.17628 0.1581 0.14071 0.12455 0.10982 0.096584 0.084765 0.074222 0.064782 0.056271 0.04853 0.041433 0.034905 0.028959 0.023754 0.019723 0.017677 0.018412 0.021842 0.027172 0.033707 0.041043 0.048948 0.057262 0.065857 0.074607 0.08339 0.092077
0.19716 0.29841 0.54659 0.34522 0.29965 0.40876 0.39184 0.35142 0.31206 0.30095 0.29585 0.29133 0.28796 0.28551 0.28266 0.27804 0.2707 0.26015 0.2464 0.22994 0.21154 0.1922 0.17279 0.15405 0.1365 0.12046 0.10604 0.093269 0.082035 0.07219 0.063559 0.055976 0.04932 0.043534 0.038658 0.034838 0.032329 0.031422 0.032309 0.034961 0.039151 0.04458 0.050967 0.05808 0.065723 0.073728 0.081934 0.090187 0.098337
0.085048 0.17543 0.56509 0.26726 0.18386 0.24827 0.15011 0.0080622 0.10209 0.16036 0.19719 0.22806 0.25437 0.27337 0.28383 0.28635 0.2823 0.27296 0.25943 0.24272 0.22387 0.20394 0.18387 0.16445 0.14623 0.12958 0.11471 0.10164 0.090314 0.080576 0.072248 0.065151 0.059145 0.054153 0.050168 0.047252 0.045513 0.045066 0.045982 0.048253 0.051787 0.056435 0.062019 0.068355 0.075261 0.082559 0.090075 0.097635 0.10507
0.21737 0.31396 0.72678 0.58628 0.42839 0.37733 0.27494 0.17279 0.10621 0.10515 0.14112 0.18866 0.23174 0.26319 0.28175 0.28903 0.2875 0.27933 0.26623 0.2496 0.23066 0.21058 0.19037 0.17083 0.15257 0.13599 0.1213 0.10855 0.097666 0.088487 0.080807 0.074426 0.06918 0.06496 0.061719 0.059465 0.058238 0.058091 0.059058 0.061134 0.064274 0.068388 0.073351 0.079018 0.085227 0.091804 0.098573 0.10535 0.11197
0.16946 0.17724 0.26564 0.2812 0.29543 0.30132 0.18822 0.060168 0.08104 0.13327 0.17159 0.20762 0.24048 0.26599 0.282 0.28861 0.28716 0.27924 0.26635 0.24988 0.2311 0.21121 0.19126 0.17211 0.15437 0.13845 0.12457 0.11274 0.10286 0.094704 0.088041 0.082637 0.078308 0.074926 0.072427 0.070796 0.070046 0.070207 0.0713 0.073323 0.076247 0.080007 0.084507 0.089621 0.095204 0.10109 0.1071 0.11306 0.11879
0.086014 0.077362 0.039824 0.033559 0.21409 0.34303 0.29286 0.23808 0.22676 0.23781 0.24673 0.25511 0.26509 0.2751 0.28227 0.28455 0.28129 0.27274 0.25974 0.24339 0.22486 0.20536 0.18598 0.16759 0.15085 0.13616 0.12371 0.11343 0.10513 0.098508 0.09327 0.089151 0.085953 0.08355 0.081883 0.080936 0.080722 0.081266 0.082587 0.084685 0.087537 0.091088 0.095253 0.09992 0.10495 0.11019 0.11545 0.12058 0.12538
0.043397 0.12643 0.27221 0.35452 0.49258 0.62688 0.59093 0.51081 0.4004 0.33764 0.30464 0.28732 0.27958 0.27743 0.27702 0.27509 0.26973 0.26027 0.24695 0.2306 0.2123 0.19324 0.17455 0.15718 0.14181 0.12887 0.11845 0.11037 0.10425 0.099691 0.096294 0.09377 0.091929 0.090669 0.089954 0.089791 0.090208 0.091235 0.092893 0.095185 0.098088 0.10155 0.10549 0.1098 0.11435 0.11897 0.12352 0.1278 0.13166
0.1741 0.1396 0.2099 0.59198 0.70859 0.77796 0.70844 0.6065 0.45624 0.36159 0.31012 0.28378 0.27139 0.26617 0.26338 0.25968 0.25312 0.24293 0.22923 0.21272 0.19448 0.17572 0.15765 0.14135 0.12762 0.11687 0.10908 0.10383 0.1005 0.098483 0.097289 0.09662 0.09632 0.096337 0.096685 0.097405 0.09855 0.10016 0.10226 0.10486 0.10792 0.1114 0.11521 0.11924 0.12336 0.12742 0.13125 0.1347 0.13759
0.296 0.38064 0.67803 0.56147 0.5335 0.62981 0.59492 0.5087 0.37795 0.29863 0.26068 0.24623 0.24288 0.24317 0.24292 0.23992 0.23321 0.22259 0.20845 0.19158 0.17307 0.15424 0.13647 0.12105 0.10902 0.10085 0.096303 0.094541 0.094541 0.095445 0.0967 0.098036 0.099376 0.10075 0.10223 0.10391 0.10587 0.10815 0.1108 0.11379 0.11711 0.12069 0.12444 0.12825 0.13199 0.13552 0.13867 0.14129 0.14321
0.18538 0.28992 0.51961 0.18867 0.20956 0.39933 0.3931 0.31839 0.22306 0.18208 0.17946 0.19172 0.20554 0.21553 0.22001 0.21884 0.2125 0.20163 0.18698 0.16949 0.15028 0.13078 0.11262 0.09753 0.087039 0.081816 0.0812 0.083584 0.087339 0.091365 0.095126 0.098465 0.10143 0.10416 0.1068 0.10948 0.11232 0.11536 0.11863 0.12211 0.12576 0.12951 0.13327 0.13691 0.14032 0.14334 0.14582 0.14761 0.14857
0.11142 0.057216 0.46247 0.35889 0.24088 0.29912 0.27137 0.18142 0.077488 0.058544 0.1035 0.14427 0.17326 0.19104 0.19923 0.19955 0.19357 0.18253 0.1674 0.14912 0.12879 0.10787 0.088239 0.072328 0.062806 0.061007 0.065275 0.072428 0.080095 0.087137 0.093212 0.098374 0.10283 0.10684 0.11061 0.11433 0.11808 0.12194 0.1259 0.12994 0.13399 0.13797 0.14178 0.1453 0.14841 0.15094 0.15278 0.15377 0.15377
0.20847 0.23308 0.57777 0.45747 0.27498 0.28404 0.26103 0.18815 0.096514 0.055326 0.085053 0.12528 0.15564 0.17464 0.18359 0.1843 0.1785 0.16747 0.15212 0.13322 0.11171 0.088859 0.066506 0.047617 0.037453 0.040162 0.050759 0.062929 0.074103 0.083621 0.091541 0.098176 0.1039 0.10906 0.11391 0.11864 0.12335 0.12807 0.13279 0.13743 0.14194 0.14619 0.1501 0.15353 0.15635 0.15843 0.15964 0.15984 0.1589
0.16738 0.268 0.57257 0.28551 0.11857 0.26571 0.25691 0.213 0.15834 0.12504 0.11972 0.13448 0.15305 0.16694 0.17384 0.17398 0.16835 0.15778 0.14283 0.12402 0.10202 0.077855 0.052807 0.028659 0.01208 0.023401 0.041231 0.057139 0.070489 0.081475 0.090536 0.09818 0.10488 0.11103 0.11689 0.12263 0.12831 0.13393 0.13944 0.14473 0.14972 0.15429 0.15832 0.16168 0.16425 0.1659 0.1665 0.16594 0.1641
0.054836 0.16475 0.59466 0.40955 0.22219 0.2414 0.19216 0.1919 0.18644 0.16829 0.15452 0.15275 0.15861 0.16531 0.16892 0.16817 0.16302 0.15358 0.13991 0.12223 0.10114 0.07764 0.053072 0.029299 0.012763 0.023045 0.040589 0.056422 0.069823 0.080994 0.090398 0.098558 0.10595 0.11293 0.11973 0.12646 0.13313 0.13968 0.146 0.15198 0.15748 0.16238 0.16655 0.16986 0.17219 0.17344 0.17347 0.17218 0.16947
0.050023 0.16616 0.66928 0.58848 0.33082 0.1614 0.057746 0.17003 0.20179 0.19141 0.17577 0.167 0.16501 0.166 0.16676 0.16555 0.16148 0.15388 0.14229 0.12669 0.1077 0.086562 0.065171 0.046482 0.035722 0.037732 0.048105 0.060348 0.07186 0.082062 0.091103 0.099354 0.10719 0.11488 0.12258 0.1303 0.13797 0.14546 0.15263 0.1593 0.16533 0.17056 0.17488 0.17816 0.18029 0.18114 0.18063 0.17866 0.17515
0.14986 0.2457 0.67423 0.6426 0.42551 0.24374 0.173 0.2185 0.2173 0.19812 0.18209 0.17248 0.16762 0.16569 0.16513 0.16449 0.1623 0.15718 0.14817 0.13511 0.11866 0.10023 0.081878 0.066278 0.056539 0.054643 0.05924 0.067056 0.075718 0.084239 0.092449 0.10051 0.10865 0.117 0.12558 0.1343 0.14298 0.15143 0.15944 0.16681 0.17336 0.17894 0.18342 0.18667 0.1886 0.18911 0.1881 0.1855 0.18123
0.095322 0.19737 0.4819 0.67924 0.63262 0.50256 0.35395 0.28063 0.21817 0.18696 0.17452 0.16842 0.16423 0.1621 0.16227 0.16365 0.16424 0.16205 0.15582 0.14532 0.13125 0.11509 0.098821 0.084661 0.07471 0.070187 0.070689 0.074601 0.080324 0.086944 0.09415 0.10194 0.11035 0.11937 0.12885 0.13858 0.14829 0.1577 0.16655 0.1746 0.18167 0.18759 0.19223 0.19547 0.19722 0.1974 0.19593 0.19276 0.18782
0.12628 0.11202 0.24383 0.66697 0.7799 0.67516 0.4384 0.27968 0.18354 0.15773 0.15629 0.15595 0.15419 0.15418 0.15737 0.16239 0.16659 0.16758 0.16403 0.15577 0.14364 0.12913 0.11411 0.10049 0.089904 0.083339 0.080817 0.081595 0.084746 0.089622 0.095918 0.10351 0.11229 0.12206 0.1325 0.14329 0.15403 0.16438 0.17405 0.18277 0.19034 0.19658 0.20137 0.20461 0.20621 0.20609 0.20422 0.20053 0.195
0.22593 0.23392 0.41016 0.67749 0.83018 0.71958 0.41642 0.20229 0.11102 0.11902 0.13287 0.13692 0.13793 0.14222 0.1508 0.16093 0.16925 0.17332 0.17206 0.16556 0.15479 0.14132 0.12692 0.11331 0.10191 0.093654 0.088819 0.08718 0.088305 0.091833 0.097526 0.10518 0.11452 0.12516 0.13665 0.14851 0.16028 0.17157 0.18203 0.19138 0.19942 0.20597 0.21091 0.21415 0.2156 0.21523 0.21299 0.20886 0.20282
0.22954 0.13644 0.31767 0.73108 0.86282 0.72907 0.38402 0.1232 0.030812 0.090166 0.10919 0.11267 0.11678 0.12807 0.14421 0.16025 0.17255 0.17918 0.17956 0.17418 0.16418 0.15118 0.13688 0.12292 0.11062 0.10091 0.09428 0.090855 0.090569 0.093293 0.098845 0.10692 0.11709 0.12877 0.14139 0.15435 0.16715 0.17933 0.19054 0.20049 0.20897 0.2158 0.22088 0.22411 0.22545 0.22485 0.2223 0.21779 0.21133
0.26111 0.25018 0.5185 0.83572 0.93212 0.7926 0.44353 0.18738 0.078717 0.083149 0.085126 0.083666 0.093809 0.11557 0.14025 0.16167 0.17699 0.18519 0.18637 0.18137 0.17153 0.15847 0.14388 0.12929 0.116 0.10501 0.096993 0.092355 0.091307 0.093876 0.099861 0.10881 0.1201 0.13301 0.14683 0.16091 0.1747 0.18773 0.19964 0.21014 0.21901 0.2261 0.2313 0.23454 0.23578 0.23498 0.23217 0.22734 0.22053
0.25156 0.27122 0.63158 0.91968 0.9929 0.86721 0.53533 0.27968 0.13002 0.078437 0.054895 0.051799 0.076656 0.1105 0.14175 0.16632 0.18289 0.19138 0.19239 0.18704 0.17676 0.16319 0.14792 0.13245 0.11809 0.10594 0.096877 0.091576 0.090463 0.093613 0.10068 0.11099 0.12371 0.138 0.15306 0.16825 0.18298 0.1968 0.20935 0.22034 0.22957 0.23689 0.2422 0.24544 0.24659 0.24563 0.2426 0.23751 0.23043
0.15872 0.049873 0.49145 0.90783 0.97207 0.87948 0.58334 0.3272 0.14551 0.059684 0.012679 0.0368 0.078928 0.11777 0.15022 0.17456 0.19027 0.19764 0.19752 0.19113 0.17991 0.1654 0.14913 0.13255 0.117 0.10375 0.093938 0.08854 0.08814 0.092694 0.10153 0.11367 0.12808 0.14384 0.16018 0.17642 0.19204 0.20658 0.2197 0.23112 0.24066 0.24817 0.25358 0.25682 0.25789 0.2568 0.25358 0.2483 0.24102
0.17372 0.17595 0.51868 0.80753 0.85826 0.82882 0.59323 0.35041 0.15428 0.061303 0.044579 0.070674 0.10437 0.13712 0.16506 0.1859 0.19875 0.20376 0.20169 0.19369 0.18109 0.1653 0.14773 0.12978 0.11289 0.098534 0.088247 0.083388 0.08461 0.091472 0.10275 0.1171 0.13338 0.15067 0.16823 0.18548 0.20189 0.21707 0.23069 0.24248 0.25228 0.25995 0.26543 0.26867 0.26967 0.26847 0.26512 0.25968 0.25227
0.079518 0.16094 0.53924 0.62386 0.69097 0.76172 0.6108 0.40056 0.20843 0.12609 0.11205 0.12284 0.14213 0.16402 0.18412 0.19923 0.20778 0.20948 0.20485 0.19483 0.18053 0.16318 0.14403 0.12445 0.10597 0.090423 0.07993 0.076404 0.080354 0.090469 0.10475 0.12157 0.13977 0.15856 0.17728 0.19543 0.21255 0.22828 0.24231 0.25441 0.26442 0.27222 0.27774 0.28097 0.28192 0.28063 0.27717 0.27162 0.26412
0.041231 0.12777 0.41757 0.34539 0.51466 0.71259 0.66185 0.49769 0.30871 0.21576 0.18403 0.17802 0.18324 0.19373 0.20495 0.21331 0.21675 0.2146 0.20705 0.19477 0.17857 0.15944 0.13846 0.11694 0.09654 0.079583 0.069177 0.068091 0.076123 0.090353 0.10799 0.12733 0.14741 0.16758 0.18735 0.20629 0.22401 0.24019 0.25455 0.2669 0.27706 0.28495 0.2905 0.29372 0.29462 0.29325 0.28971 0.28409 0.27654
0.12649 0.16819 0.31023 0.037746 0.39157 0.69403 0.73607 0.61658 0.42157 0.3068 0.25311 0.23036 0.22283 0.22293 0.22557 0.22705 0.22516 0.21898 0.20842 0.19381 0.17565 0.15463 0.13162 0.10782 0.085026 0.066212 0.056276 0.059357 0.072989 0.091873 0.11287 0.1346 0.15638 0.17778 0.19844 0.21804 0.23624 0.25278 0.2674 0.27991 0.29018 0.29812 0.30369 0.30688 0.30773 0.3063 0.3027 0.29704 0.28948
0.1782 0.2258 0.42614 0.26461 0.39383 0.71826 0.81486 0.72631 0.52161 0.38562 0.3127 0.27601 0.25814 0.24958 0.24466 0.23972 0.23272 0.22265 0.20921 0.19239 0.17234 0.14943 0.12428 0.097912 0.072103 0.05057 0.041787 0.05187 0.072285 0.095726 0.11973 0.14352 0.16673 0.18915 0.21055 0.23066 0.24923 0.26602 0.28081 0.29343 0.30376 0.31171 0.31726 0.32042 0.32122 0.31974 0.31609 0.31042 0.30288
0.1508 0.22188 0.45442 0.32421 0.47749 0.78636 0.88472 0.80692 0.59356 0.44333 0.35813 0.31259 0.28773 0.27267 0.26149 0.25094 0.23934 0.22579 0.20981 0.19106 0.16934 0.14469 0.11746 0.088435 0.059031 0.033122 0.027355 0.048384 0.075276 0.1024 0.12876 0.15415 0.17849 0.20169 0.22362 0.2441 0.26292 0.27987 0.29475 0.30741 0.31775 0.32569 0.3312 0.3343 0.33505 0.33353 0.32986 0.32418 0.31668
0.06754 0.14996 0.28078 0.23318 0.58739 0.87228 0.93279 0.84747 0.62947 0.4752 0.38711 0.33917 0.31118 0.29187 0.27583 0.26061 0.24513 0.22868 0.21064 0.1904 0.16739 0.14138 0.11247 0.081208 0.048451 0.015844 0.020064 0.051777 0.082653 0.11208 0.14 0.16648 0.1916 0.21534 0.23762 0.25833 0.27728 0.29428 0.30918 0.32183 0.33212 0.34001 0.34546 0.3485 0.3492 0.34764 0.34394 0.33828 0.33083
0.0063677 0.14658 0.38542 0.42117 0.70872 0.93785 0.9457 0.84281 0.62679 0.48023 0.3997 0.35618 0.32881 0.30733 0.28774 0.26884 0.25029 0.23166 0.2122 0.19102 0.16727 0.1405 0.11073 0.078543 0.045197 0.016209 0.030562 0.062544 0.094316 0.12465 0.15335 0.18045 0.206 0.23003 0.25249 0.27328 0.29224 0.30922 0.32406 0.33663 0.34684 0.35464 0.36001 0.36298 0.36361 0.36201 0.3583 0.35266 0.34527
0.11665 0.25613 0.72089 0.69342 0.79414 0.95395 0.91442 0.79236 0.58697 0.46052 0.398 0.3651 0.34147 0.31946 0.29747 0.27584 0.2551 0.23506 0.21491 0.19346 0.16965 0.14294 0.11347 0.082402 0.053037 0.036929 0.050562 0.078896 0.10965 0.13984 0.16865 0.19592 0.2216 0.2457 0.26816 0.28889 0.30776 0.32462 0.33934 0.35178 0.36187 0.36955 0.37481 0.37769 0.37826 0.37661 0.37289 0.36727 0.35995
0.22223 0.37651 0.87747 0.78488 0.79463 0.91172 0.8387 0.69984 0.51432 0.42067 0.38571 0.36811 0.35022 0.32878 0.30526 0.2818 0.25975 0.23917 0.21909 0.19811 0.17499 0.14923 0.12129 0.093182 0.069866 0.06138 0.07394 0.098969 0.12793 0.15728 0.1857 0.21276 0.23829 0.26224 0.28454 0.3051 0.32378 0.34045 0.35497 0.36723 0.37715 0.38468 0.38982 0.3926 0.39309 0.3914 0.38767 0.38207 0.37482
0.27526 0.40436 0.76734 0.66343 0.70997 0.82404 0.72834 0.57293 0.41512 0.3676 0.36775 0.36766 0.35615 0.33574 0.31135 0.28686 0.2644 0.24414 0.22493 0.20515 0.18347 0.15947 0.13402 0.10976 0.091906 0.087549 0.099204 0.12156 0.14852 0.17662 0.20427 0.23081 0.25595 0.27957 0.30157 0.32183 0.34023 0.35663 0.3709 0.38294 0.39266 0.40001 0.40501 0.40767 0.40808 0.40634 0.40259 0.39702 0.38984
0.29417 0.34937 0.50466 0.41438 0.58703 0.71921 0.60285 0.42349 0.29727 0.31109 0.34974 0.36612 0.36013 0.34065 0.31579 0.29103 0.26904 0.24999 0.23246 0.21459 0.195 0.1734 0.15097 0.13059 0.11697 0.11498 0.12582 0.14597 0.17091 0.19753 0.22414 0.24992 0.27447 0.2976 0.31915 0.33902 0.35705 0.37312 0.38709 0.39886 0.40834 0.4155 0.42033 0.42286 0.42318 0.42138 0.41762 0.41207 0.40495
0.29571 0.27677 0.30482 0.15881 0.48665 0.63082 0.49264 0.27206 0.17216 0.26509 0.33714 0.3653 0.36273 0.34359 0.31855 0.29423 0.27361 0.25665 0.24157 0.22627 0.20929 0.19051 0.17126 0.15442 0.14397 0.14342 0.15348 0.17172 0.1947 0.21972 0.2451 0.26993 0.29372 0.31621 0.33722 0.3566 0.37419 0.38987 0.40349 0.41495 0.42416 0.4311 0.43574 0.43814 0.43835 0.43649 0.43271 0.42719 0.42013
0.27725 0.19402 0.27661 0.15621 0.44894 0.58725 0.43871 0.1782 0.082339 0.24663 0.33393 0.36624 0.36411 0.34446 0.31942 0.29626 0.27794 0.26397 0.25209 0.23991 0.22596 0.21023 0.19413 0.18037 0.17232 0.17267 0.18197 0.19849 0.21959 0.24295 0.26696 0.29069 0.31359 0.33532 0.35569 0.3745 0.39159 0.40682 0.42004 0.43116 0.44008 0.44677 0.45122 0.45346 0.45356 0.45164 0.44784 0.44233 0.43533
0.24822 0.091335 0.31495 0.32629 0.47471 0.59953 0.46725 0.24097 0.15139 0.26443 0.34114 0.36896 0.36407 0.34297 0.31811 0.29689 0.28184 0.27177 0.26379 0.25523 0.24462 0.23204 0.21894 0.20785 0.20166 0.20257 0.21111 0.22605 0.24533 0.26699 0.28955 0.31207 0.33396 0.35484 0.37447 0.39265 0.40918 0.42391 0.43671 0.44746 0.45607 0.46249 0.46672 0.4688 0.46879 0.46679 0.46296 0.45746 0.45051
0.24973 0.12983 0.39315 0.45835 0.53602 0.65555 0.55686 0.38123 0.272 0.309 0.35664 0.37257 0.36203 0.33865 0.31428 0.29589 0.28518 0.27991 0.27649 0.27196 0.26489 0.25548 0.2452 0.23643 0.23172 0.23297 0.24073 0.25418 0.2717 0.29166 0.3127 0.33393 0.35472 0.37468 0.39351 0.41098 0.42691 0.44112 0.45345 0.4638 0.47207 0.47821 0.48222 0.48412 0.48398 0.48191 0.47804 0.47255 0.46565
0.2782 0.24965 0.47472 0.52647 0.59888 0.73122 0.66855 0.52536 0.38756 0.36412 0.37626 0.37556 0.35721 0.33101 0.3076 0.2931 0.28788 0.28833 0.29004 0.28987 0.28648 0.2802 0.27256 0.26581 0.26229 0.26371 0.27069 0.28271 0.29853 0.31678 0.33628 0.35615 0.37578 0.39475 0.41272 0.42945 0.44473 0.45837 0.47022 0.48014 0.48806 0.49391 0.49768 0.4994 0.49913 0.49697 0.49306 0.48758 0.48071
0.27173 0.29605 0.45596 0.51661 0.63797 0.80527 0.77665 0.65345 0.48828 0.41785 0.39548 0.37613 0.34871 0.31951 0.29782 0.28849 0.29 0.29703 0.30437 0.30879 0.30913 0.30591 0.30072 0.29576 0.29319 0.29466 0.30085 0.31149 0.32565 0.34222 0.36014 0.37862 0.39705 0.41497 0.43204 0.44799 0.46258 0.47563 0.48697 0.49646 0.504 0.50954 0.51307 0.5146 0.51419 0.51194 0.50799 0.50251 0.49568
0.21927 0.25825 0.28658 0.44111 0.64479 0.86535 0.86808 0.75792 0.56989 0.46318 0.41042 0.37251 0.33562 0.30368 0.28483 0.28224 0.29177 0.30614 0.31948 0.32861 0.33266 0.33238 0.32946 0.32607 0.32429 0.3257 0.33109 0.34039 0.35293 0.36783 0.38418 0.40124 0.41843 0.43527 0.4514 0.46654 0.48043 0.49286 0.50367 0.5127 0.51987 0.52509 0.52837 0.5297 0.52915 0.52681 0.52281 0.51731 0.51051
0.17964 0.21864 0.034804 0.34767 0.62898 0.90789 0.93673 0.8354 0.63033 0.49634 0.41832 0.36324 0.31717 0.28315 0.26872 0.27473 0.29358 0.31589 0.33541 0.34926 0.35693 0.35944 0.3586 0.35659 0.35543 0.35671 0.36128 0.36927 0.38024 0.3935 0.40828 0.42392 0.43984 0.45557 0.47075 0.48505 0.49821 0.51002 0.52028 0.52885 0.53562 0.54053 0.54354 0.54467 0.54397 0.54154 0.53749 0.53198 0.5252
0.18648 0.24166 0.18681 0.29382 0.61165 0.93483 0.98036 0.88506 0.66919 0.51575 0.41757 0.34733 0.29278 0.25774 0.2499 0.2667 0.29599 0.32659 0.35227 0.3707 0.38182 0.38694 0.38799 0.38718 0.38652 0.38759 0.39133 0.39804 0.40747 0.41912 0.43235 0.44656 0.46121 0.47583 0.49003 0.50348 0.5159 0.52707 0.53678 0.54488 0.55125 0.55582 0.55857 0.5595 0.55865 0.55611 0.55201 0.54649 0.53973
0.20405 0.25708 0.23961 0.29321 0.61215 0.94924 0.99905 0.90815 0.6877 0.52147 0.40775 0.32439 0.2621 0.22752 0.22927 0.2592 0.29972 0.33856 0.37016 0.39292 0.40725 0.41475 0.41749 0.41771 0.41742 0.41822 0.42112 0.42658 0.43452 0.44459 0.4563 0.46909 0.48247 0.49597 0.50918 0.52178 0.53346 0.54397 0.55312 0.56074 0.56671 0.57096 0.57344 0.57415 0.57315 0.57051 0.56635 0.56081 0.55407
0.20978 0.23138 0.11554 0.32766 0.63513 0.95207 0.99442 0.90776 0.68849 0.51501 0.38954 0.29472 0.22509 0.19291 0.20837 0.25364 0.30552 0.35215 0.38921 0.41591 0.43314 0.44277 0.447 0.44808 0.44804 0.44851 0.45058 0.4548 0.46129 0.46984 0.48004 0.49144 0.50356 0.51594 0.52818 0.53991 0.55084 0.5607 0.56929 0.57643 0.582 0.5859 0.58811 0.58862 0.58747 0.58472 0.5805 0.57494 0.56821
0.2314 0.23256 0.11046 0.3908 0.6694 0.94158 0.96942 0.88857 0.67552 0.49913 0.36485 0.25949 0.18201 0.15497 0.18976 0.25164 0.31414 0.36767 0.4095 0.43964 0.45942 0.4709 0.47639 0.47818 0.4783 0.47838 0.4796 0.48263 0.48771 0.49477 0.50352 0.51355 0.52443 0.5357 0.54696 0.55783 0.56801 0.57722 0.58525 0.59191 0.59707 0.60065 0.60259 0.60289 0.60158 0.59873 0.59444 0.58886 0.58214
0.28635 0.28993 0.30478 0.46722 0.69812 0.9152 0.92827 0.85645 0.65375 0.47776 0.3369 0.22124 0.13358 0.11638 0.17716 0.25483 0.32619 0.38534 0.43108 0.46408 0.486 0.49904 0.50558 0.50792 0.50809 0.50775 0.50813 0.50999 0.51371 0.51933 0.52666 0.53536 0.54502 0.5552 0.56549 0.57552 0.58495 0.59352 0.60099 0.60717 0.61193 0.61517 0.61684 0.61693 0.61547 0.61251 0.60817 0.60256 0.59585
0.33327 0.32099 0.38444 0.5322 0.70802 0.87171 0.87626 0.81793 0.62878 0.45582 0.31046 0.18492 0.081632 0.084792 0.1749 0.26443 0.34205 0.40527 0.45395 0.48919 0.51281 0.52711 0.53448 0.53722 0.53735 0.53654 0.53608 0.53681 0.53922 0.54345 0.54941 0.55681 0.56529 0.5744 0.58374 0.59293 0.60163 0.60956 0.61647 0.62218 0.62654 0.62946 0.63086 0.63074 0.62913 0.62606 0.62166 0.61602 0.60932
0.34561 0.28858 0.34172 0.57137 0.69255 0.81231 0.81923 0.7795 0.60632 0.43878 0.29184 0.15976 0.037117 0.079172 0.18595 0.281 0.36186 0.42747 0.47807 0.51488 0.53976 0.55501 0.56299 0.56598 0.56599 0.56469 0.56339 0.56303 0.56418 0.56708 0.57172 0.57787 0.58519 0.59326 0.60168 0.61004 0.61802 0.62532 0.63169 0.63694 0.6409 0.64349 0.64463 0.64431 0.64254 0.63937 0.6349 0.62925 0.62255
0.34702 0.24009 0.27314 0.58287 0.65075 0.74007 0.7628 0.74677 0.59136 0.43178 0.28761 0.1583 0.059566 0.10915 0.21013 0.30432 0.38548 0.45183 0.50334 0.54107 0.56676 0.58265 0.59103 0.59415 0.59396 0.59214 0.59002 0.5886 0.58854 0.59017 0.59355 0.5985 0.6047 0.61176 0.61927 0.62684 0.63411 0.64079 0.64663 0.65141 0.655 0.65726 0.65814 0.65762 0.6557 0.65243 0.6479 0.64222 0.63552
0.36711 0.26647 0.32906 0.56873 0.58457 0.65865 0.71161 0.72365 0.5873 0.4383 0.30186 0.18554 0.11995 0.15812 0.24483 0.33358 0.41255 0.47815 0.52961 0.56763 0.59371 0.60994 0.61853 0.62164 0.62119 0.61882 0.6159 0.61348 0.61227 0.61269 0.61486 0.61865 0.62379 0.62987 0.6365 0.64329 0.64988 0.65595 0.66127 0.6656 0.66881 0.67076 0.67139 0.67066 0.6686 0.66523 0.66064 0.65493 0.64824
0.40814 0.36217 0.46106 0.52909 0.49622 0.57167 0.66901 0.71194 0.59529 0.45905 0.33393 0.23369 0.1862 0.21467 0.28687 0.36768 0.44258 0.50615 0.55672 0.59443 0.62049 0.6368 0.64541 0.6484 0.64762 0.64471 0.64101 0.63762 0.63532 0.6346 0.63562 0.63831 0.64242 0.64756 0.65335 0.65938 0.6653 0.67079 0.67559 0.67949 0.68232 0.68397 0.68435 0.68344 0.68123 0.67776 0.67311 0.66738 0.6607
0.45864 0.45823 0.55776 0.46379 0.38711 0.4838 0.63743 0.71148 0.61432 0.4921 0.3796 0.29313 0.25432 0.27452 0.33368 0.40545 0.47498 0.53552 0.58444 0.62134 0.64701 0.66313 0.6716 0.67437 0.67322 0.66974 0.66529 0.66099 0.65767 0.65586 0.6558 0.65745 0.66057 0.66482 0.66979 0.6751 0.68037 0.68529 0.6896 0.69307 0.69554 0.69689 0.69703 0.69593 0.69358 0.69002 0.68532 0.67957 0.67289
0.49947 0.51757 0.58129 0.37929 0.25878 0.40465 0.61893 0.72073 0.64194 0.53405 0.43382 0.35781 0.32281 0.33567 0.38332 0.44581 0.50917 0.5659 0.61257 0.64818 0.67315 0.68886 0.69702 0.69949 0.69793 0.6939 0.68873 0.68357 0.67928 0.67646 0.67538 0.67604 0.67824 0.68163 0.68582 0.69042 0.69507 0.69944 0.70327 0.70633 0.70845 0.70951 0.70942 0.70813 0.70566 0.702 0.69725 0.69148 0.6848
0.51587 0.53482 0.54358 0.29744 0.11495 0.35386 0.61522 0.73749 0.67516 0.58132 0.49241 0.42423 0.39063 0.3969 0.43435 0.48776 0.54455 0.59693 0.64087 0.67482 0.6988 0.71389 0.72163 0.72371 0.72172 0.71714 0.71129 0.70533 0.70014 0.69637 0.69434 0.69407 0.69539 0.69797 0.70141 0.70535 0.7094 0.71324 0.7166 0.71927 0.72105 0.72183 0.72151 0.72005 0.71744 0.71371 0.7089 0.70311 0.69645
0.51302 0.52612 0.48147 0.25782 0.044935 0.35619 0.62669 0.75939 0.71122 0.63084 0.5523 0.49025 0.45691 0.45729 0.48571 0.53048 0.58057 0.62827 0.66911 0.7011 0.72384 0.73816 0.74536 0.747 0.74455 0.73944 0.73296 0.72625 0.72024 0.71559 0.71267 0.71153 0.71202 0.71383 0.71657 0.71986 0.72334 0.72667 0.72959 0.73187 0.73333 0.73384 0.7333 0.73168 0.72895 0.72513 0.72027 0.71447 0.70781
0.5023 0.50581 0.41064 0.2822 0.2014 0.41455 0.65125 0.78413 0.74788 0.68028 0.61132 0.55442 0.52094 0.51612 0.53655 0.57325 0.61672 0.65956 0.69707 0.72686 0.74819 0.76159 0.76817 0.76932 0.76641 0.76079 0.75372 0.74633 0.73956 0.7341 0.73035 0.72841 0.72813 0.72921 0.73128 0.73396 0.73689 0.73974 0.74223 0.74414 0.74529 0.74553 0.74479 0.743 0.74016 0.73626 0.73137 0.72555 0.71891
0.48073 0.47241 0.30222 0.34277 0.35169 0.50415 0.68402 0.80954 0.78351 0.72799 0.668 0.61573 0.58209 0.57279 0.58618 0.61546 0.65254 0.6905 0.72454 0.75197 0.77173 0.78411 0.79 0.79063 0.78726 0.78117 0.77356 0.76555 0.75809 0.7519 0.74739 0.7447 0.74369 0.74409 0.74553 0.74764 0.75004 0.75243 0.75451 0.75607 0.75692 0.75692 0.75597 0.75404 0.75108 0.74711 0.74218 0.73635 0.72972
0.44376 0.4295 0.12855 0.41342 0.48524 0.5979 0.71836 0.83371 0.81704 0.77287 0.7213 0.67342 0.63984 0.6268 0.63407 0.6566 0.68764 0.7208 0.75131 0.77628 0.79439 0.80567 0.81081 0.81091 0.8071 0.80057 0.79247 0.78391 0.77583 0.76897 0.76378 0.76039 0.75872 0.75848 0.75933 0.76089 0.7628 0.76474 0.76644 0.76766 0.76822 0.76798 0.76685 0.76477 0.76171 0.75767 0.7527 0.74687 0.74026
0.40548 0.40551 0.12151 0.48706 0.59276 0.67665 0.74749 0.85513 0.84783 0.81423 0.77054 0.72695 0.69379 0.67775 0.67977 0.69627 0.72167 0.7502 0.77721 0.79968 0.81607 0.8262 0.83058 0.83014 0.82591 0.81898 0.81046 0.8014 0.79278 0.78532 0.77951 0.77549 0.7732 0.77237 0.77267 0.77372 0.77516 0.77668 0.77801 0.77891 0.7792 0.77874 0.77742 0.7752 0.77204 0.76795 0.76295 0.75712 0.75052
0.38349 0.42147 0.3595 0.55689 0.66653 0.72782 0.76598 0.87291 0.87562 0.85166 0.81528 0.77594 0.74361 0.72531 0.72292 0.73409 0.75433 0.77848 0.80208 0.82206 0.83671 0.84566 0.84927 0.84831 0.84368 0.83641 0.82751 0.81804 0.80894 0.80096 0.79458 0.79 0.78714 0.78577 0.78554 0.78611 0.78712 0.78824 0.78922 0.78982 0.78985 0.78917 0.78769 0.78534 0.78209 0.77794 0.77291 0.76708 0.76051
0.3702 0.45008 0.54665 0.60851 0.70075 0.74378 0.77077 0.88686 0.90038 0.88495 0.85524 0.82012 0.78906 0.76923 0.76324 0.76981 0.78539 0.80544 0.82578 0.84332 0.85624 0.86402 0.86686 0.86539 0.86042 0.85284 0.84364 0.83383 0.82431 0.81588 0.80901 0.80391 0.80054 0.79867 0.79796 0.79808 0.79867 0.79943 0.80007 0.80038 0.80017 0.79929 0.79765 0.79518 0.79185 0.78764 0.7826 0.77677 0.77023
0.345 0.4501 0.63223 0.62625 0.69205 0.7213 0.76172 0.89761 0.92223 0.91401 0.89026 0.85935 0.83 0.80933 0.80054 0.80319 0.81464 0.83093 0.84819 0.86338 0.8746 0.88124 0.88333 0.8814 0.87612 0.8683 0.85886 0.84876 0.83892 0.83009 0.82279 0.81724 0.81341 0.81107 0.80992 0.80963 0.80983 0.81024 0.81057 0.81061 0.81016 0.8091 0.80731 0.80473 0.80131 0.79707 0.79201 0.78619 0.77967
0.30154 0.40716 0.60207 0.60213 0.63979 0.66153 0.74193 0.90636 0.94138 0.93883 0.92031 0.89356 0.86635 0.84551 0.83465 0.83408 0.84192 0.85482 0.8692 0.88216 0.89176 0.89729 0.89868 0.89632 0.89078 0.88279 0.87317 0.86286 0.85275 0.8436 0.83593 0.82998 0.82573 0.82298 0.82143 0.82075 0.82059 0.82067 0.82072 0.8205 0.81984 0.81859 0.81666 0.81398 0.8105 0.80621 0.80114 0.79533 0.78885
0.25205 0.33706 0.47757 0.53971 0.54635 0.57062 0.71757 0.91468 0.95796 0.9594 0.94539 0.92277 0.89808 0.8777 0.86548 0.86234 0.86711 0.87699 0.88874 0.89961 0.90768 0.91217 0.9129 0.91017 0.90443 0.89631 0.88659 0.87614 0.86583 0.85643 0.84845 0.84215 0.83754 0.83441 0.83249 0.83145 0.83096 0.83074 0.83051 0.83005 0.82919 0.82778 0.82572 0.82294 0.8194 0.81508 0.81 0.80421 0.79776
0.2163 0.2729 0.3049 0.45253 0.41729 0.46184 0.69707 0.92403 0.97206 0.97576 0.96557 0.94705 0.92524 0.90591 0.89299 0.88792 0.89013 0.89736 0.90675 0.91569 0.92233 0.92584 0.92598 0.92294 0.91706 0.90889 0.89914 0.88862 0.87818 0.86858 0.86035 0.85376 0.84882 0.84536 0.8431 0.84174 0.84095 0.84044 0.83995 0.83927 0.83822 0.83666 0.83448 0.83161 0.82801 0.82367 0.81859 0.81282 0.80641
0.2012 0.24062 0.13798 0.36129 0.26282 0.36232 0.68917 0.93535 0.98358 0.98791 0.98097 0.96651 0.94792 0.93017 0.91717 0.91075 0.91092 0.9159 0.92317 0.93037 0.93569 0.93832 0.93793 0.93464 0.92869 0.92055 0.91082 0.90029 0.88979 0.88006 0.87164 0.8648 0.85959 0.85583 0.85327 0.85162 0.85054 0.84977 0.84905 0.84817 0.84694 0.84524 0.84295 0.84 0.83635 0.83199 0.82692 0.82117 0.8148
0.19089 0.23268 0.036851 0.29584 0.11668 0.32281 0.69986 0.9488 0.99233 0.99587 0.99173 0.98133 0.96625 0.95056 0.93805 0.93085 0.92945 0.93255 0.93799 0.94362 0.94776 0.9496 0.94877 0.9453 0.93935 0.93129 0.92166 0.9112 0.9007 0.89089 0.88233 0.8753 0.86986 0.86584 0.86302 0.86109 0.85976 0.85875 0.85781 0.85674 0.85535 0.85352 0.85113 0.84811 0.84442 0.84004 0.83498 0.82926 0.82294
0.16941 0.22595 0.080626 0.2963 0.16884 0.38063 0.72974 0.96359 0.99794 0.99966 0.99801 0.99171 0.9804 0.96721 0.95569 0.94824 0.94572 0.9473 0.95117 0.95544 0.95853 0.95968 0.95849 0.95493 0.94905 0.94114 0.93168 0.92135 0.91091 0.90109 0.89244 0.88527 0.87963 0.87539 0.87233 0.87017 0.8686 0.86738 0.86624 0.86499 0.86346 0.8615 0.85902 0.85594 0.85222 0.84783 0.84278 0.8371 0.83083
0.13751 0.21512 0.16026 0.37577 0.34565 0.50143 0.77389 0.97817 1 0.9993 1 0.99787 0.99056 0.98024 0.97019 0.96295 0.95975 0.96016 0.96273 0.96582 0.96801 0.96858 0.96713 0.96354 0.95781 0.95013 0.9409 0.93077 0.92045 0.91067 0.90198 0.89471 0.88892 0.8845 0.88123 0.87886 0.87708 0.87565 0.87434 0.87293 0.87126 0.86919 0.86663 0.8635 0.85975 0.85536 0.85033 0.84468 0.83846
0.1074 0.21392 0.29489 0.50425 0.52528 0.63873 0.82428 0.99048 0.99807 0.99486 0.998 1.0001 0.99695 0.98983 0.98166 0.97506 0.97158 0.97115 0.97268 0.97478 0.97621 0.97632 0.9747 0.97117 0.96565 0.95827 0.94935 0.93947 0.92933 0.91964 0.91097 0.90364 0.89774 0.89317 0.88972 0.88716 0.8852 0.88359 0.88211 0.88056 0.87876 0.8766 0.87397 0.87079 0.86702 0.86263 0.85762 0.85202 0.84586
0.090171 0.23677 0.47336 0.64967 0.68745 0.76709 0.87251 0.99835 0.99172 0.98643 0.99217 0.99855 0.99981 0.99616 0.99023 0.98465 0.98125 0.98028 0.98102 0.98233 0.98315 0.98292 0.98121 0.97783 0.97261 0.96559 0.95704 0.94748 0.93757 0.92803 0.91942 0.91207 0.90609 0.9014 0.89782 0.89509 0.89296 0.8912 0.88957 0.88788 0.88598 0.88373 0.88103 0.87782 0.87404 0.86965 0.86467 0.85911 0.85301
0.09089 0.28192 0.65984 0.78808 0.82172 0.8731 0.91142 0.99979 0.98065 0.97414 0.98281 0.99363 0.99938 0.99943 0.99603 0.99183 0.98882 0.98762 0.98779 0.98849 0.98885 0.98839 0.98671 0.98356 0.97871 0.97213 0.964 0.95481 0.9452 0.93586 0.92735 0.92002 0.914 0.90922 0.90551 0.90265 0.90038 0.89847 0.89671 0.89491 0.89291 0.89058 0.88783 0.88459 0.8808 0.87643 0.87148 0.86597 0.85993
0.11941 0.33593 0.81826 0.90067 0.92097 0.9492 0.93582 0.99325 0.9647 0.95821 0.97022 0.98559 0.99592 0.99983 0.99923 0.99669 0.99438 0.9932 0.99303 0.9933 0.99334 0.99277 0.99121 0.98837 0.98397 0.9779 0.97026 0.96151 0.95223 0.94313 0.93476 0.9275 0.92147 0.91663 0.91283 0.90985 0.90746 0.90542 0.90354 0.90164 0.89955 0.89716 0.89437 0.8911 0.88731 0.88296 0.87805 0.87259 0.86662
0.17392 0.38385 0.92087 0.97387 0.98102 0.99145 0.94248 0.97775 0.94387 0.93888 0.9547 0.97473 0.98969 0.99759 0.99999 0.99936 0.99801 0.99708 0.99677 0.99679 0.99665 0.99609 0.99474 0.99231 0.98844 0.98293 0.97585 0.96757 0.95869 0.94987 0.94169 0.93452 0.92851 0.92365 0.91977 0.9167 0.9142 0.91206 0.91008 0.90808 0.90592 0.90348 0.90065 0.89737 0.89358 0.88925 0.88438 0.87899 0.87308
0.23346 0.41281 0.95247 1.0006 1.0007 0.99871 0.92996 0.95291 0.91835 0.91646 0.93657 0.96133 0.98094 0.99291 0.99846 0.99996 0.99979 0.99933 0.99907 0.999 0.99882 0.99837 0.99735 0.9954 0.99212 0.98725 0.98078 0.97304 0.96459 0.9561 0.94813 0.94109 0.93514 0.93027 0.92635 0.92321 0.92062 0.91839 0.91632 0.91425 0.91203 0.90953 0.90668 0.90339 0.89961 0.89531 0.89049 0.88515 0.87932
0.27799 0.41456 0.91202 0.98091 0.98153 0.97203 0.89836 0.91899 0.8885 0.89132 0.91616 0.94571 0.96993 0.986 0.99483 0.99862 0.99982 1 0.99998 0.99997 0.99988 0.99967 0.99905 0.99768 0.99506 0.99089 0.98508 0.97792 0.96995 0.96182 0.95412 0.94724 0.94137 0.93652 0.93258 0.92938 0.92673 0.92442 0.92228 0.92014 0.91787 0.91534 0.91246 0.90917 0.90541 0.90115 0.89638 0.8911 0.88535
0.29924 0.38862 0.81139 0.92101 0.92783 0.91433 0.84905 0.87677 0.85485 0.86385 0.89381 0.92815 0.95692 0.97708 0.98926 0.99547 0.9982 0.99921 0.99956 0.99974 0.99987 1 0.99989 0.99917 0.99729 0.99387 0.98878 0.98226 0.9748 0.96708 0.95966 0.95297 0.94721 0.9424 0.93846 0.93523 0.93252 0.93016 0.92796 0.92577 0.92345 0.92089 0.918 0.91472 0.91098 0.90676 0.90204 0.89684 0.89116
0.30313 0.3436 0.67181 0.83197 0.84589 0.82989 0.78441 0.82751 0.81807 0.83449 0.86986 0.90893 0.94214 0.96636 0.98191 0.99065 0.99502 0.99699 0.99786 0.99837 0.99883 0.99941 0.99991 0.99991 0.99884 0.99624 0.99191 0.98606 0.97916 0.97187 0.96477 0.95829 0.95267 0.94793 0.94401 0.94076 0.93802 0.93561 0.93336 0.93113 0.92878 0.9262 0.92331 0.92003 0.91633 0.91215 0.90749 0.90236 0.89676
0.30439 0.2948 0.51852 0.72756 0.74372 0.72399 0.70756 0.77282 0.77891 0.8037 0.84464 0.88833 0.92584 0.95402 0.97296 0.98426 0.99039 0.99343 0.99494 0.9959 0.99681 0.99794 0.99913 0.99994 0.99974 0.998 0.99449 0.98935 0.98304 0.97622 0.96946 0.96323 0.95776 0.95311 0.94923 0.94599 0.94322 0.94078 0.9385 0.93623 0.93386 0.93127 0.92838 0.92513 0.92146 0.91733 0.91273 0.90767 0.90216
0.31373 0.25666 0.37488 0.62233 0.63079 0.60249 0.6222 0.71459 0.73821 0.77194 0.81846 0.8666 0.90823 0.94027 0.96255 0.97646 0.9844 0.98861 0.99086 0.99239 0.99385 0.99563 0.99759 0.99928 1 0.9992 0.99654 0.99215 0.98647 0.98014 0.97376 0.96779 0.9625 0.95796 0.95413 0.95091 0.94814 0.94568 0.94338 0.94109 0.93871 0.93611 0.93324 0.93001 0.92637 0.92229 0.91777 0.91279 0.90736
0.32855 0.23289 0.25719 0.52997 0.51827 0.47148 0.53245 0.65488 0.69683 0.73966 0.79163 0.84398 0.88952 0.92529 0.95085 0.96736 0.97715 0.9826 0.98569 0.98788 0.98999 0.99252 0.99534 0.99798 0.9997 0.99985 0.99809 0.99449 0.98947 0.98365 0.97767 0.97199 0.9669 0.96249 0.95873 0.95554 0.95279 0.95032 0.948 0.94571 0.94332 0.94073 0.93787 0.93467 0.93108 0.92706 0.9226 0.9177 0.91237
0.33945 0.21641 0.17255 0.46178 0.42 0.33706 0.44288 0.59582 0.65565 0.70731 0.76445 0.82071 0.86992 0.90925 0.938 0.95707 0.96874 0.97549 0.9795 0.98243 0.98529 0.98864 0.9924 0.99606 0.99883 1 0.99917 0.99639 0.99204 0.98678 0.98121 0.97585 0.97097 0.9667 0.96303 0.95989 0.95716 0.9547 0.95238 0.95009 0.9477 0.94513 0.94229 0.93913 0.93558 0.93163 0.92724 0.92243 0.91719
0.34262 0.20229 0.12343 0.42443 0.35299 0.20545 0.35876 0.53953 0.61548 0.6753 0.73717 0.79699 0.84961 0.89231 0.92413 0.94572 0.95926 0.96734 0.97233 0.97609 0.97978 0.98405 0.98882 0.99356 0.99743 0.99966 0.9998 0.99786 0.99423 0.98953 0.9844 0.97936 0.97472 0.97061 0.96705 0.96397 0.96127 0.95883 0.95652 0.95423 0.95186 0.94931 0.9465 0.94338 0.93989 0.936 0.93169 0.92697 0.92182
0.34415 0.19556 0.11564 0.41757 0.33142 0.086473 0.28658 0.48803 0.57709 0.64401 0.71003 0.77301 0.82875 0.87463 0.90939 0.93341 0.9488 0.95822 0.96425 0.96892 0.97352 0.97877 0.98463 0.99051 0.99553 0.99886 1 0.99893 0.99603 0.99192 0.98725 0.98256 0.97816 0.97423 0.97078 0.96778 0.96513 0.96272 0.96043 0.95816 0.9558 0.95328 0.95051 0.94743 0.94401 0.94018 0.93596 0.93132 0.92627
0.3537 0.20296 0.14369 0.43441 0.35208 0.064242 0.23459 0.44308 0.54111 0.61376 0.68323 0.74895 0.80751 0.85635 0.8939 0.92026 0.93745 0.94823 0.95532 0.96096 0.96654 0.97286 0.97986 0.98695 0.99316 0.99762 0.9998 0.99963 0.99748 0.99397 0.98978 0.98544 0.98131 0.97757 0.97425 0.97134 0.96874 0.96637 0.96411 0.96187 0.95954 0.95705 0.95432 0.9513 0.94793 0.94418 0.94004 0.9355 0.93054
0.37327 0.21904 0.18718 0.46569 0.39528 0.1545 0.21057 0.40599 0.50808 0.58482 0.65696 0.72494 0.78602 0.8376 0.87777 0.90635 0.92528 0.93741 0.94561 0.95226 0.95889 0.96635 0.97456 0.9829 0.99035 0.99598 0.99921 0.99996 0.99858 0.9957 0.99199 0.98803 0.98418 0.98063 0.97746 0.97464 0.97212 0.96979 0.96757 0.96536 0.96307 0.96062 0.95794 0.95497 0.95167 0.948 0.94395 0.9395 0.93465
0.39453 0.22888 0.23369 0.5029 0.44208 0.23914 0.21446 0.37742 0.47837 0.5574 0.63137 0.70113 0.76442 0.81851 0.86111 0.89178 0.91239 0.92583 0.93516 0.94288 0.95063 0.95928 0.96876 0.9784 0.98713 0.99396 0.99827 0.99996 0.99935 0.99711 0.99391 0.99033 0.98677 0.98343 0.98041 0.97771 0.97526 0.97299 0.97082 0.96865 0.9664 0.964 0.96137 0.95846 0.95524 0.95165 0.94768 0.94333 0.93858
0.40747 0.2208 0.28139 0.53901 0.48112 0.30802 0.23582 0.35722 0.45217 0.53166 0.60656 0.67763 0.74283 0.79917 0.84402 0.87664 0.89883 0.91357 0.92403 0.93286 0.94178 0.95168 0.96249 0.97348 0.98352 0.99158 0.99699 0.99963 0.99982 0.99822 0.99553 0.99235 0.98909 0.98598 0.98313 0.98054 0.97818 0.97598 0.97386 0.97174 0.96954 0.96719 0.96462 0.96178 0.95863 0.95512 0.95125 0.947 0.94236
0.40938 0.19446 0.33435 0.56819 0.50665 0.3595 0.26281 0.34437 0.42952 0.50766 0.58262 0.65454 0.72133 0.77971 0.82659 0.86101 0.88469 0.90068 0.91228 0.92226 0.93239 0.94361 0.95579 0.96817 0.97956 0.98887 0.99539 0.999 1 0.99906 0.99689 0.99411 0.99116 0.98829 0.98561 0.98315 0.98089 0.97876 0.9767 0.97464 0.97249 0.97019 0.96769 0.96492 0.96185 0.95843 0.95465 0.9505 0.94597
0.40763 0.16811 0.39635 0.58571 0.51627 0.39346 0.28795 0.33729 0.41026 0.48543 0.55962 0.63194 0.70004 0.76019 0.8089 0.84496 0.87003 0.88722 0.89996 0.9111 0.9225 0.93508 0.94869 0.9625 0.97526 0.98584 0.9935 0.99808 0.9999 0.99962 0.99798 0.99562 0.99299 0.99036 0.98786 0.98554 0.98338 0.98134 0.97935 0.97735 0.97526 0.97303 0.97059 0.9679 0.96491 0.96158 0.9579 0.95385 0.94943
0.41575 0.18038 0.46606 0.58813 0.50956 0.4106 0.30758 0.33415 0.39411 0.46494 0.53759 0.60989 0.67902 0.74071 0.79104 0.82857 0.85491 0.87325 0.88711 0.89945 0.91216 0.92615 0.94122 0.95649 0.97065 0.98252 0.99133 0.99689 0.99953 0.99993 0.99883 0.99689 0.99459 0.9922 0.98989 0.98772 0.98567 0.98372 0.98181 0.97987 0.97785 0.97569 0.97332 0.97071 0.9678 0.96457 0.96099 0.95705 0.95274
0.44371 0.24496 0.53694 0.57362 0.48744 0.4122 0.32025 0.33324 0.38067 0.44609 0.51653 0.58845 0.65834 0.72134 0.77306 0.81188 0.83938 0.85881 0.87379 0.88735 0.9014 0.91684 0.93342 0.95018 0.96576 0.97893 0.98889 0.99545 0.99892 1 0.99944 0.99793 0.99596 0.99383 0.99172 0.9897 0.98777 0.98591 0.98408 0.98222 0.98027 0.97818 0.97589 0.97336 0.97054 0.96741 0.96393 0.96009 0.9559
0.49004 0.33505 0.60082 0.54234 0.45174 0.39996 0.32576 0.3332 0.36947 0.42877 0.49644 0.56765 0.63807 0.70213 0.75503 0.79497 0.82351 0.84396 0.86004 0.87483 0.89025 0.90718 0.92531 0.94359 0.96061 0.9751 0.98622 0.99377 0.99808 0.99983 0.99982 0.99874 0.99711 0.99525 0.99334 0.99148 0.98967 0.98792 0.98618 0.9844 0.98253 0.98051 0.97831 0.97586 0.97314 0.97009 0.96672 0.963 0.95892
0.54489 0.42821 0.65179 0.49651 0.40494 0.37589 0.32464 0.33306 0.36002 0.4128 0.47729 0.54754 0.61826 0.68314 0.737 0.77788 0.80733 0.82875 0.8459 0.86193 0.87877 0.89722 0.91692 0.93675 0.95523 0.97104 0.98332 0.99187 0.99701 0.99945 0.99999 0.99935 0.99806 0.99646 0.99477 0.99307 0.9914 0.98975 0.98811 0.98641 0.98462 0.98269 0.98057 0.97821 0.97558 0.97264 0.96937 0.96576 0.9618
0.59868 0.51415 0.6886 0.4405 0.34998 0.3422 0.31787 0.33223 0.35184 0.39801 0.45904 0.52813 0.59894 0.66442 0.71902 0.76066 0.7909 0.81321 0.83142 0.8487 0.86697 0.88698 0.90828 0.92968 0.94962 0.96676 0.98022 0.98976 0.99574 0.99886 0.99995 0.99975 0.99881 0.99749 0.99601 0.99448 0.99295 0.99142 0.98987 0.98826 0.98656 0.98471 0.98268 0.98041 0.97788 0.97504 0.97189 0.96839 0.96454
0.64689 0.59022 0.71508 0.38071 0.29001 0.30121 0.30669 0.33042 0.34451 0.38423 0.44166 0.50943 0.58014 0.64601 0.70113 0.74335 0.77426 0.79739 0.81663 0.83517 0.8549 0.8765 0.89942 0.9224 0.94382 0.9623 0.97692 0.98746 0.99427 0.99808 0.99972 0.99996 0.99937 0.99833 0.99706 0.99571 0.99432 0.99291 0.99147 0.98996 0.98835 0.98659 0.98465 0.98248 0.98004 0.97731 0.97426 0.97088 0.96715
0.69025 0.65827 0.73828 0.32511 0.22844 0.25535 0.29254 0.32756 0.33764 0.37126 0.42509 0.49145 0.5619 0.62793 0.68337 0.72599 0.75745 0.78132 0.80157 0.82138 0.84258 0.8658 0.89037 0.91494 0.93785 0.95766 0.97344 0.98498 0.99262 0.99711 0.99931 0.99999 0.99975 0.99899 0.99795 0.99678 0.99554 0.99425 0.99292 0.99151 0.98999 0.98832 0.98647 0.9844 0.98207 0.97945 0.97651 0.97325 0.96964
0.73225 0.72169 0.76484 0.28197 0.16906 0.20716 0.27692 0.3237 0.33091 0.35893 0.40929 0.4742 0.54424 0.61022 0.66575 0.70861 0.7405 0.76505 0.78627 0.80735 0.83006 0.85491 0.88114 0.90733 0.93172 0.95286 0.96981 0.98233 0.99079 0.99596 0.99871 0.99984 0.99996 0.99948 0.99867 0.99768 0.99659 0.99544 0.99421 0.99291 0.99149 0.98992 0.98817 0.9862 0.98397 0.98146 0.97864 0.97549 0.972
0.77603 0.78272 0.79713 0.25654 0.11728 0.15969 0.26135 0.31898 0.32409 0.34709 0.3942 0.45768 0.52716 0.59289 0.64832 0.69125 0.72344 0.74861 0.77078 0.79313 0.81736 0.84386 0.87177 0.89957 0.92546 0.94792 0.96602 0.97953 0.98881 0.99465 0.99795 0.99952 1 0.9998 0.99922 0.99843 0.99749 0.99647 0.99537 0.99417 0.99285 0.99138 0.98973 0.98786 0.98574 0.98334 0.98064 0.97761 0.97424
0.82225 0.84101 0.83184 0.24698 0.083653 0.11736 0.24723 0.31355 0.31697 0.3356 0.37979 0.44188 0.51067 0.57596 0.63109 0.67392 0.7063 0.73202 0.75512 0.77874 0.8045 0.83267 0.86228 0.8917 0.91907 0.94286 0.9621 0.97658 0.98668 0.99319 0.99704 0.99905 0.99988 0.99997 0.99963 0.99902 0.99825 0.99736 0.99638 0.99529 0.99408 0.99271 0.99116 0.9894 0.98739 0.9851 0.98252 0.97961 0.97637
0.86863 0.89386 0.86183 0.24483 0.082804 0.088532 0.23571 0.30754 0.3094 0.32436 0.36602 0.42679 0.49478 0.55943 0.61407 0.65665 0.68912 0.71531 0.73932 0.76421 0.79152 0.82138 0.85269 0.88373 0.91258 0.93768 0.95806 0.9735 0.9844 0.99158 0.99597 0.99842 0.99961 0.99999 0.99988 0.99947 0.99886 0.99811 0.99726 0.99628 0.99518 0.99392 0.99248 0.99082 0.98893 0.98675 0.98428 0.98149 0.97838
0.91132 0.93772 0.87963 0.24048 0.10745 0.08486 0.2275 0.30104 0.3013 0.31327 0.35285 0.4124 0.47948 0.54332 0.59728 0.63946 0.6719 0.69852 0.7234 0.74957 0.77844 0.81 0.84302 0.87568 0.906 0.9324 0.95391 0.9703 0.982 0.98983 0.99476 0.99765 0.9992 0.99987 1 0.99978 0.99934 0.99873 0.998 0.99715 0.99615 0.995 0.99367 0.99213 0.99034 0.98828 0.98593 0.98327 0.98027
0.94659 0.96992 0.88052 0.22729 0.13884 0.10467 0.22279 0.29411 0.29258 0.30229 0.34026 0.3987 0.46477 0.52761 0.58073 0.62237 0.65469 0.68167 0.7074 0.73485 0.76529 0.79856 0.83329 0.86756 0.89935 0.92704 0.94965 0.96699 0.97947 0.98795 0.99341 0.99674 0.99864 0.99961 0.99997 0.99996 0.99968 0.99923 0.99862 0.99789 0.99701 0.99597 0.99475 0.99332 0.99165 0.98971 0.98747 0.98494 0.98207
0.97232 0.98974 0.86424 0.20233 0.16883 0.134 0.22124 0.28673 0.28322 0.29138 0.32824 0.38568 0.45064 0.51231 0.56442 0.60538 0.63749 0.66478 0.69135 0.72007 0.75209 0.78708 0.82352 0.8594 0.89264 0.92161 0.94531 0.96357 0.97683 0.98595 0.99194 0.9957 0.99796 0.99921 0.99982 1 0.9999 0.99959 0.99913 0.99851 0.99775 0.99682 0.99571 0.9944 0.99284 0.99102 0.98891 0.9865 0.98375
0.98849 0.99872 0.8355 0.16592 0.195 0.1642 0.22205 0.27884 0.2732 0.28053 0.31677 0.37333 0.43706 0.49742 0.54835 0.58852 0.62032 0.64787 0.67525 0.70526 0.73886 0.77557 0.81373 0.85121 0.88589 0.91611 0.94089 0.96006 0.97408 0.98384 0.99035 0.99454 0.99715 0.99869 0.99954 0.99993 0.99999 0.99984 0.99951 0.99902 0.99838 0.99757 0.99657 0.99537 0.99394 0.99223 0.99025 0.98796 0.98534
0.99684 0.99999 0.80319 0.12166 0.21678 0.1918 0.22423 0.27035 0.26254 0.26976 0.30586 0.36162 0.42404 0.48291 0.53254 0.57178 0.60319 0.63097 0.65915 0.69044 0.72564 0.76407 0.80393 0.843 0.8791 0.91056 0.93641 0.95647 0.97124 0.98162 0.98865 0.99326 0.99621 0.99805 0.99914 0.99973 0.99997 0.99997 0.99978 0.99942 0.9989 0.99821 0.99733 0.99624 0.99493 0.99334 0.99148 0.98932 0.98683
0.99985 0.99712 0.77823 0.079754 0.23421 0.21537 0.22676 0.26114 0.25126 0.25909 0.2955 0.35055 0.41154 0.46879 0.51696 0.55518 0.58614 0.61408 0.64305 0.67562 0.71243 0.75259 0.79415 0.8348 0.8723 0.90497 0.93186 0.95281 0.96831 0.9793 0.98683 0.99187 0.99517 0.99729 0.99862 0.99942 0.99984 1 0.99994 0.99971 0.99931 0.99874 0.99798 0.99702 0.99582 0.99436 0.99262 0.99058 0.98822
0.99943 0.99284 0.76983 0.070528 0.2475 0.23433 0.22874 0.25111 0.23942 0.24858 0.28571 0.34008 0.39955 0.45503 0.50164 0.53873 0.56915 0.59723 0.62698 0.66084 0.69926 0.74115 0.7844 0.8266 0.86548 0.89935 0.92726 0.94907 0.9653 0.97689 0.98492 0.99037 0.99402 0.99643 0.998 0.999 0.9996 0.99991 1 0.9999 0.99963 0.99918 0.99854 0.99769 0.99662 0.99528 0.99367 0.99176 0.98952
0.99611 0.98807 0.7815 0.10782 0.25687 0.24852 0.22945 0.24012 0.22709 0.2383 0.27649 0.3302 0.38803 0.44163 0.48655 0.52242 0.55226 0.58044 0.61096 0.64612 0.68615 0.72977 0.77469 0.81843 0.85867 0.89371 0.92262 0.94527 0.96221 0.97439 0.98291 0.98877 0.99276 0.99545 0.99727 0.99847 0.99925 0.99972 0.99996 0.99999 0.99984 0.99952 0.999 0.99827 0.99732 0.99611 0.99462 0.99284 0.99074
0.98893 0.98181 0.80966 0.15989 0.26251 0.25799 0.22837 0.22809 0.21436 0.22833 0.26785 0.32089 0.37698 0.42857 0.47169 0.50627 0.53545 0.56372 0.595 0.63146 0.67311 0.71845 0.76504 0.81029 0.85186 0.88806 0.91794 0.94142 0.95905 0.97181 0.98082 0.98708 0.9914 0.99438 0.99643 0.99785 0.99881 0.99944 0.99982 0.99999 0.99997 0.99976 0.99937 0.99877 0.99794 0.99685 0.99549 0.99383 0.99186
0.97609 0.97179 0.84604 0.21082 0.26456 0.26298 0.22516 0.21496 0.20134 0.21876 0.25981 0.31211 0.36635 0.41583 0.45707 0.49027 0.51876 0.54707 0.57912 0.61689 0.66017 0.70722 0.75546 0.8022 0.84508 0.8824 0.91324 0.93752 0.95583 0.96916 0.97864 0.98529 0.98995 0.99321 0.99551 0.99713 0.99827 0.99906 0.99958 0.99989 1 0.99992 0.99965 0.99917 0.99847 0.99751 0.99627 0.99475 0.9929
0.95585 0.95541 0.88156 0.25504 0.26313 0.26383 0.21961 0.20067 0.18818 0.2097 0.25236 0.30385 0.35613 0.40339 0.44267 0.47443 0.50218 0.53053 0.56334 0.60243 0.64734 0.6961 0.74596 0.79417 0.83833 0.87674 0.90851 0.93358 0.95255 0.96643 0.97638 0.98342 0.98841 0.99195 0.99449 0.99631 0.99763 0.99859 0.99926 0.9997 0.99995 1 0.99985 0.99949 0.99891 0.99808 0.99697 0.99557 0.99386
0.92735 0.93074 0.90912 0.28999 0.2584 0.26096 0.21168 0.18522 0.17505 0.20124 0.24551 0.29607 0.34628 0.39125 0.42848 0.45875 0.48571 0.51408 0.54767 0.58809 0.63463 0.68509 0.73655 0.7862 0.83161 0.87109 0.90377 0.9296 0.94921 0.96364 0.97404 0.98148 0.98679 0.99061 0.99338 0.99541 0.99691 0.99803 0.99885 0.99943 0.99981 0.99998 0.99996 0.99974 0.99928 0.99857 0.99759 0.99632 0.99474
0.89094 0.89694 0.92464 0.3146 0.25062 0.25486 0.20141 0.16864 0.16215 0.19349 0.23926 0.28874 0.33678 0.37937 0.4145 0.44322 0.46938 0.49776 0.53212 0.57389 0.62207 0.67421 0.72725 0.77831 0.82494 0.86546 0.89902 0.92559 0.94583 0.96079 0.97164 0.97945 0.98509 0.98918 0.99218 0.99442 0.99611 0.99739 0.99836 0.99908 0.99959 0.99989 1 0.9999 0.99957 0.99899 0.99814 0.997 0.99554
0.84807 0.85443 0.92691 0.32886 0.24014 0.24606 0.18895 0.15099 0.14975 0.18655 0.2336 0.28184 0.3276 0.36775 0.40073 0.42786 0.45318 0.48157 0.51672 0.55985 0.60966 0.66347 0.71807 0.7705 0.81832 0.85985 0.89426 0.92156 0.94241 0.95789 0.96918 0.97736 0.98331 0.98767 0.99091 0.99335 0.99522 0.99666 0.99778 0.99865 0.99929 0.99973 0.99996 0.99998 0.99978 0.99933 0.99861 0.9976 0.99627
0.80087 0.80459 0.91704 0.33364 0.22746 0.23516 0.17453 0.13238 0.13815 0.1805 0.22851 0.27532 0.31872 0.35637 0.38714 0.41265 0.43711 0.46551 0.50147 0.54597 0.59741 0.65288 0.70901 0.76279 0.81175 0.85426 0.8895 0.91751 0.93895 0.95493 0.96665 0.97519 0.98145 0.98608 0.98956 0.99221 0.99425 0.99586 0.99713 0.99814 0.99892 0.99948 0.99985 1 0.99992 0.9996 0.999 0.99812 0.99693
0.75159 0.7493 0.89769 0.33048 0.21318 0.22281 0.15849 0.11294 0.12771 0.17542 0.22397 0.26915 0.31011 0.34521 0.37375 0.3976 0.42118 0.4496 0.48639 0.53228 0.58536 0.64245 0.70008 0.75517 0.80526 0.84871 0.88476 0.91344 0.93546 0.95193 0.96406 0.97297 0.97954 0.98443 0.98813 0.99098 0.99321 0.99499 0.99641 0.99756 0.99847 0.99917 0.99966 0.99994 0.99999 0.99979 0.99933 0.99858 0.99751
0.70208 0.6905 0.87225 0.32141 0.198 0.20973 0.14129 0.092874 0.11886 0.17135 0.21995 0.26331 0.30174 0.33427 0.36054 0.38271 0.40541 0.43384 0.47149 0.51878 0.57349 0.6322 0.6913 0.74765 0.79883 0.8432 0.88002 0.90936 0.93194 0.94889 0.96143 0.97068 0.97755 0.98271 0.98664 0.98969 0.9921 0.99404 0.99562 0.99691 0.99795 0.99879 0.99941 0.99981 1 0.99993 0.99959 0.99897 0.99803
0.65346 0.62972 0.84412 0.30869 0.18272 0.19674 0.1236 0.072506 0.11204 0.1683 0.21642 0.25776 0.29361 0.32352 0.34751 0.36797 0.38978 0.41825 0.45677 0.50549 0.56183 0.62214 0.68266 0.74025 0.79247 0.83773 0.87529 0.90527 0.92839 0.94581 0.95874 0.96834 0.97551 0.98092 0.98508 0.98833 0.99092 0.99303 0.99475 0.99619 0.99737 0.99834 0.99909 0.99962 0.99993 0.99999 0.99979 0.99929 0.99849
0.60607 0.56792 0.81612 0.29454 0.16812 0.18476 0.10644 0.052484 0.10763 0.16626 0.21333 0.25246 0.28567 0.31297 0.33466 0.35339 0.3743 0.40283 0.44227 0.49242 0.55039 0.61226 0.67418 0.73296 0.78619 0.8323 0.87059 0.90118 0.92483 0.94269 0.95601 0.96594 0.9734 0.97907 0.98345 0.98691 0.98968 0.99194 0.99383 0.9954 0.99672 0.99782 0.9987 0.99937 0.99981 0.99999 0.99992 0.99955 0.99888
0.55976 0.50545 0.79018 0.28077 0.15498 0.17479 0.091426 0.034633 0.10589 0.16517 0.21064 0.24739 0.27793 0.30259 0.32197 0.33897 0.35897 0.38759 0.42797 0.47959 0.53918 0.60258 0.66586 0.7258 0.77999 0.82692 0.8659 0.89708 0.92124 0.93954 0.95324 0.9635 0.97124 0.97716 0.98177 0.98542 0.98837 0.9908 0.99284 0.99456 0.99602 0.99724 0.99826 0.99905 0.99962 0.99993 0.99999 0.99975 0.99921
0.51431 0.44225 0.76719 0.26853 0.14397 0.1679 0.081043 0.025529 0.10686 0.16496 0.2083 0.24252 0.27035 0.29239 0.30945 0.3247 0.34381 0.37254 0.4139 0.46701 0.5282 0.59312 0.6577 0.71875 0.77388 0.8216 0.86124 0.89299 0.91764 0.93636 0.95043 0.96101 0.96904 0.9752 0.98003 0.98388 0.987 0.9896 0.99178 0.99365 0.99525 0.99661 0.99775 0.99868 0.99937 0.99982 1 0.99989 0.99948
0.46991 0.3781 0.74717 0.25811 0.13559 0.16506 0.078225 0.033681 0.11031 0.16554 0.20627 0.23783 0.26294 0.28235 0.29709 0.31059 0.3288 0.35768 0.40007 0.45468 0.51747 0.58386 0.64972 0.71184 0.76786 0.81633 0.85661 0.88891 0.91402 0.93316 0.94759 0.95848 0.96678 0.97319 0.97823 0.98227 0.98558 0.98834 0.99068 0.99268 0.99442 0.99592 0.99719 0.99824 0.99907 0.99964 0.99995 0.99998 0.99969
0.42749 0.31294 0.72964 0.24901 0.13014 0.1669 0.084426 0.051662 0.11587 0.16679 0.2045 0.23329 0.25568 0.27248 0.2849 0.29663 0.31396 0.34302 0.38649 0.44263 0.507 0.57483 0.64191 0.70506 0.76193 0.81111 0.852 0.88483 0.9104 0.92993 0.94471 0.95591 0.96448 0.97113 0.97638 0.98062 0.9841 0.98702 0.98951 0.99166 0.99354 0.99517 0.99657 0.99776 0.99871 0.99941 0.99985 1 0.99984
0.38886 0.24705 0.71391 0.24019 0.12771 0.17359 0.098315 0.072244 0.12305 0.16859 0.20294 0.22889 0.24856 0.26277 0.27287 0.28283 0.29928 0.32858 0.37318 0.43085 0.4968 0.56602 0.63429 0.69841 0.7561 0.80596 0.84743 0.88076 0.90677 0.92668 0.9418 0.9533 0.96213 0.96902 0.97448 0.97891 0.98257 0.98565 0.9883 0.99059 0.9926 0.99437 0.9959 0.99722 0.9983 0.99913 0.9997 0.99998 0.99995
0.35649 0.18116 0.69941 0.2305 0.1283 0.18482 0.1173 0.093536 0.13139 0.17082 0.20156 0.22461 0.24158 0.25322 0.26101 0.26918 0.28477 0.31435 0.36013 0.41937 0.48687 0.55744 0.62684 0.6919 0.75036 0.80087 0.8429 0.8767 0.90313 0.92342 0.93886 0.95065 0.95974 0.96686 0.97254 0.97716 0.98099 0.98424 0.98703 0.98947 0.99162 0.99352 0.99518 0.99663 0.99784 0.9988 0.99949 0.9999 1
0.33297 0.1168 0.6858 0.21908 0.13189 0.19994 0.13926 0.11485 0.14048 0.17339 0.20031 0.22044 0.23474 0.24385 0.24932 0.25569 0.27042 0.30034 0.34737 0.4082 0.47722 0.54911 0.61959 0.68553 0.74472 0.79584 0.8384 0.87266 0.8995 0.92014 0.9359 0.94797 0.95732 0.96467 0.97055 0.97536 0.97936 0.98277 0.98571 0.9883 0.99058 0.99262 0.99441 0.99599 0.99733 0.99841 0.99924 0.99977 1
0.32008 0.058451 0.67311 0.20565 0.13852 0.2182 0.16282 0.13589 0.15001 0.17617 0.19917 0.21637 0.22804 0.23464 0.2378 0.24235 0.25624 0.28658 0.33492 0.39734 0.46785 0.54101 0.61252 0.67929 0.73918 0.79088 0.83394 0.86864 0.89586 0.91685 0.93292 0.94527 0.95486 0.96243 0.96852 0.97352 0.97769 0.98126 0.98435 0.98708 0.9895 0.99167 0.9936 0.9953 0.99677 0.99798 0.99893 0.9996 0.99995
0.3179 0.038893 0.66167 0.19082 0.1483 0.23888 0.18714 0.15644 0.1597 0.1791 0.19812 0.21241 0.22149 0.22562 0.22647 0.22918 0.24224 0.27305 0.32277 0.38681 0.45879 0.53315 0.60564 0.6732 0.73374 0.78599 0.82952 0.86463 0.89222 0.91354 0.92991 0.94253 0.95237 0.96016 0.96645 0.97163 0.97598 0.9797 0.98295 0.98581 0.98838 0.99068 0.99274 0.99457 0.99616 0.99751 0.99858 0.99938 0.99985
0.32464 0.084569 0.65209 0.17639 0.16135 0.26135 0.21168 0.1764 0.16938 0.18208 0.19712 0.20854 0.2151 0.2168 0.21533 0.21616 0.22841 0.25978 0.31095 0.37661 0.45002 0.52554 0.59895 0.66726 0.7284 0.78116 0.82514 0.86065 0.88859 0.91023 0.92689 0.93977 0.94985 0.95786 0.96434 0.96971 0.97422 0.9781 0.9815 0.98451 0.98721 0.98964 0.99183 0.99379 0.99551 0.99698 0.99819 0.99911 0.99971
0.33749 0.13702 0.64519 0.16559 0.17773 0.2851 0.23609 0.19566 0.17889 0.18508 0.19618 0.20478 0.20888 0.20819 0.2044 0.20331 0.21475 0.24678 0.29948 0.36676 0.44156 0.51818 0.59245 0.66145 0.72316 0.77641 0.8208 0.85668 0.88497 0.90691 0.92385 0.93699 0.9473 0.95552 0.9622 0.96774 0.97243 0.97647 0.98001 0.98316 0.986 0.98856 0.99088 0.99297 0.99482 0.99642 0.99775 0.9988 0.99953
0.35373 0.18812 0.64189 0.16273 0.19737 0.30971 0.26009 0.21415 0.18814 0.18803 0.19529 0.20114 0.20284 0.1998 0.19369 0.19064 0.20127 0.23406 0.28836 0.35727 0.43341 0.51107 0.58615 0.65579 0.71802 0.77172 0.81651 0.85274 0.88135 0.90359 0.9208 0.93418 0.94472 0.95315 0.96003 0.96575 0.9706 0.97479 0.97848 0.98177 0.98475 0.98744 0.9899 0.99211 0.99409 0.99581 0.99727 0.99844 0.9993
0.37133 0.23613 0.64307 0.17155 0.22005 0.33485 0.28351 0.23182 0.19705 0.19092 0.19444 0.19763 0.19702 0.19168 0.18322 0.17813 0.18797 0.22164 0.27762 0.34815 0.42557 0.50421 0.58004 0.65027 0.71299 0.7671 0.81226 0.84883 0.87774 0.90026 0.91773 0.93136 0.94212 0.95075 0.95782 0.96371 0.96873 0.97308 0.97692 0.98035 0.98346 0.98629 0.98887 0.99121 0.99332 0.99517 0.99675 0.99805 0.99903
0.3892 0.28129 0.6494 0.19298 0.24547 0.36023 0.30619 0.24866 0.20559 0.19372 0.19363 0.19427 0.19142 0.18383 0.17301 0.16581 0.17485 0.20953 0.26728 0.33941 0.41805 0.49761 0.57413 0.6449 0.70806 0.76256 0.80805 0.84494 0.87414 0.89694 0.91466 0.92852 0.93949 0.94833 0.95558 0.96165 0.96683 0.97133 0.97532 0.97889 0.98213 0.9851 0.98781 0.99028 0.99251 0.99449 0.9962 0.99762 0.99872
0.40696 0.32396 0.66119 0.22497 0.27322 0.38564 0.32806 0.26463 0.21373 0.19643 0.1929 0.19108 0.18609 0.1763 0.16309 0.15368 0.16192 0.19776 0.25735 0.33105 0.41086 0.49126 0.56841 0.63967 0.70324 0.75808 0.80389 0.84107 0.87055 0.89361 0.91157 0.92566 0.93685 0.94588 0.95332 0.95956 0.9649 0.96955 0.97368 0.9774 0.98078 0.98387 0.98671 0.98931 0.99167 0.99377 0.9956 0.99715 0.99837
0.42467 0.36457 0.67823 0.26434 0.30285 0.41086 0.34902 0.27976 0.22146 0.19904 0.19224 0.18808 0.18104 0.16911 0.1535 0.14175 0.14917 0.18634 0.24785 0.32309 0.40399 0.48516 0.56287 0.63458 0.69851 0.75368 0.79978 0.83724 0.86698 0.89028 0.90848 0.92278 0.93418 0.94341 0.95102 0.95744 0.96294 0.96775 0.97202 0.97587 0.97938 0.98261 0.98558 0.9883 0.99079 0.99301 0.99497 0.99664 0.99799
0.44254 0.40344 0.69976 0.30819 0.33389 0.43573 0.36904 0.29405 0.2288 0.20158 0.19167 0.1853 0.17632 0.16232 0.14427 0.13004 0.13662 0.17531 0.23881 0.31554 0.39745 0.47931 0.55753 0.62963 0.69389 0.74934 0.79572 0.83343 0.86342 0.88696 0.90538 0.9199 0.9315 0.94091 0.94871 0.95529 0.96095 0.96591 0.97032 0.97432 0.97796 0.98132 0.98441 0.98726 0.98987 0.99222 0.9943 0.9961 0.99757
0.4607 0.44063 0.72454 0.35425 0.3659 0.46012 0.3881 0.30753 0.23578 0.20406 0.19124 0.18278 0.17195 0.15596 0.13547 0.11857 0.12426 0.16471 0.23024 0.3084 0.39123 0.47371 0.55238 0.62482 0.68937 0.74508 0.7917 0.82965 0.85987 0.88363 0.90228 0.917 0.9288 0.9384 0.94637 0.95312 0.95893 0.96404 0.9686 0.97273 0.97651 0.97999 0.98321 0.98619 0.98893 0.9914 0.9936 0.99552 0.99711
0.47907 0.47596 0.75096 0.40081 0.39842 0.48392 0.40619 0.32025 0.24241 0.20651 0.19095 0.18053 0.16797 0.15008 0.12716 0.10737 0.11212 0.15457 0.22218 0.30167 0.38534 0.46837 0.54741 0.62015 0.68495 0.74089 0.78773 0.8259 0.85634 0.88032 0.89917 0.9141 0.92608 0.93587 0.94401 0.95092 0.95689 0.96215 0.96685 0.97111 0.97503 0.97864 0.98199 0.98509 0.98795 0.99055 0.99287 0.99491 0.99662
0.49731 0.50901 0.77722 0.44657 0.43106 0.50702 0.42334 0.33225 0.24875 0.20895 0.19084 0.1786 0.16443 0.14474 0.1194 0.096477 0.10019 0.14494 0.21464 0.29538 0.37978 0.46327 0.54263 0.61561 0.68062 0.73677 0.78381 0.82218 0.85282 0.87701 0.89606 0.91118 0.92336 0.93332 0.94163 0.9487 0.95483 0.96023 0.96507 0.96947 0.97352 0.97726 0.98073 0.98396 0.98694 0.98966 0.99211 0.99427 0.9961
0.51489 0.53919 0.80149 0.49056 0.46347 0.52936 0.43957 0.3436 0.25483 0.21143 0.19094 0.17701 0.16135 0.13999 0.11228 0.085956 0.08851 0.13589 0.20764 0.28951 0.37454 0.45841 0.53803 0.61121 0.6764 0.73271 0.77993 0.81849 0.84933 0.8737 0.89295 0.90826 0.92062 0.93076 0.93924 0.94647 0.95274 0.95829 0.96327 0.96781 0.97198 0.97585 0.97945 0.9828 0.98591 0.98875 0.99132 0.9936 0.99555
0.53116 0.56585 0.82203 0.53205 0.49533 0.5509 0.45493 0.35436 0.26072 0.21397 0.19128 0.17578 0.15878 0.13588 0.10591 0.075894 0.077093 0.12747 0.20122 0.28408 0.36963 0.4538 0.53361 0.60694 0.67227 0.72873 0.77611 0.81483 0.84585 0.87041 0.88984 0.90533 0.91787 0.92818 0.93682 0.94421 0.95063 0.95632 0.96144 0.96611 0.97042 0.97442 0.97814 0.98162 0.98484 0.98781 0.9905 0.9929 0.99497
0.54549 0.58838 0.83732 0.57053 0.52639 0.5716 0.46948 0.36461 0.26645 0.21662 0.19189 0.17496 0.15673 0.13247 0.10039 0.066424 0.065989 0.11977 0.19539 0.27909 0.36504 0.44942 0.52937 0.6028 0.66824 0.72482 0.77233 0.81121 0.84239 0.86712 0.88673 0.9024 0.91511 0.92559 0.93439 0.94193 0.94851 0.95434 0.9596 0.9644 0.96883 0.97296 0.97681 0.98041 0.98375 0.98684 0.98965 0.99217 0.99436
0.55734 0.60625 0.84609 0.60567 0.55644 0.59146 0.48328 0.37442 0.27209 0.2194 0.19279 0.17456 0.15524 0.12979 0.095831 0.057752 0.05528 0.11288 0.19017 0.27453 0.36077 0.44528 0.5253 0.59879 0.6643 0.72097 0.7686 0.80761 0.83894 0.86385 0.88362 0.89946 0.91234 0.92298 0.93194 0.93964 0.94636 0.95234 0.95773 0.96266 0.96723 0.97148 0.97545 0.97917 0.98264 0.98584 0.98877 0.99141 0.99372
0.56633 0.6191 0.84738 0.63732 0.58533 0.61048 0.49641 0.38386 0.27769 0.22236 0.19401 0.17459 0.15434 0.12788 0.092346 0.050197 0.045113 0.10689 0.18557 0.27041 0.35681 0.44137 0.5214 0.59491 0.66045 0.71719 0.76491 0.80405 0.83552 0.86058 0.88052 0.89653 0.90956 0.92037 0.92949 0.93733 0.9442 0.95031 0.95584 0.96091 0.9656 0.96997 0.97407 0.97791 0.9815 0.98482 0.98787 0.99063 0.99306
0.57229 0.62678 0.84054 0.66545 0.61295 0.62868 0.50894 0.39301 0.28329 0.22552 0.19557 0.17508 0.15402 0.12677 0.090018 0.044224 0.035792 0.1019 0.18162 0.26673 0.35316 0.43768 0.51767 0.59115 0.65669 0.71347 0.76127 0.80051 0.83212 0.85732 0.87742 0.89359 0.90678 0.91774 0.92702 0.93501 0.94202 0.94827 0.95394 0.95913 0.96395 0.96845 0.97267 0.97663 0.98034 0.98378 0.98695 0.98982 0.99237
0.57525 0.62934 0.82524 0.69014 0.63923 0.64611 0.52095 0.40194 0.28895 0.22891 0.19749 0.17604 0.15429 0.12646 0.088899 0.040421 0.027958 0.097995 0.17831 0.26347 0.34982 0.43421 0.5141 0.58751 0.65303 0.70982 0.75768 0.79701 0.82874 0.85408 0.87432 0.89064 0.904 0.91511 0.92453 0.93267 0.93982 0.94621 0.95201 0.95734 0.96228 0.9669 0.97125 0.97533 0.97916 0.98272 0.986 0.98899 0.99165
0.57546 0.62703 0.8014 0.71159 0.66414 0.66279 0.53251 0.41073 0.29471 0.23256 0.19977 0.17745 0.15515 0.12693 0.088995 0.039296 0.022962 0.095248 0.17565 0.26064 0.34677 0.43096 0.51069 0.58399 0.64945 0.70624 0.75413 0.79355 0.82538 0.85085 0.87123 0.8877 0.90121 0.91247 0.92204 0.93033 0.93762 0.94414 0.95007 0.95553 0.96059 0.96534 0.9698 0.974 0.97795 0.98163 0.98503 0.98813 0.99091
0.57332 0.62031 0.76922 0.73008 0.68768 0.67879 0.54371 0.41943 0.30061 0.23649 0.20243 0.17933 0.15659 0.12817 0.090263 0.040957 0.022443 0.093697 0.17363 0.25823 0.34401 0.42792 0.50743 0.58058 0.64596 0.70271 0.75063 0.79011 0.82204 0.84763 0.86815 0.88476 0.89841 0.90983 0.91954 0.92797 0.9354 0.94206 0.94812 0.9537 0.95889 0.96376 0.96834 0.97266 0.97672 0.98052 0.98404 0.98726 0.99015
0.56933 0.60979 0.72912 0.74592 0.70987 0.69414 0.55461 0.42811 0.30667 0.2407 0.20545 0.18167 0.15858 0.13013 0.092616 0.044996 0.02651 0.093338 0.17224 0.25621 0.34153 0.42509 0.50433 0.57729 0.64255 0.69925 0.74718 0.7867 0.81872 0.84442 0.86507 0.88182 0.89562 0.90717 0.91703 0.9256 0.93316 0.93996 0.94615 0.95185 0.95717 0.96216 0.96686 0.9713 0.97548 0.97939 0.98302 0.98636 0.98936
0.56405 0.59621 0.6817 0.75949 0.73075 0.7089 0.56528 0.4368 0.31292 0.24521 0.20885 0.18443 0.1611 0.13277 0.095937 0.050757 0.033358 0.094125 0.17147 0.2546 0.33933 0.42245 0.50137 0.57411 0.63922 0.69585 0.74377 0.78333 0.81542 0.84123 0.862 0.87889 0.89282 0.90452 0.91452 0.92322 0.93092 0.93784 0.94416 0.94999 0.95543 0.96054 0.96536 0.96992 0.97422 0.97824 0.98199 0.98544 0.98855
0.55804 0.58043 0.62773 0.77115 0.75038 0.72312 0.57576 0.44554 0.31939 0.25002 0.2126 0.18762 0.16412 0.13603 0.10009 0.057647 0.041518 0.095971 0.17128 0.25336 0.33739 0.42001 0.49855 0.57103 0.63597 0.69251 0.7404 0.77999 0.81215 0.83805 0.85894 0.87596 0.89003 0.90186 0.91199 0.92083 0.92867 0.93572 0.94217 0.94812 0.95368 0.95891 0.96385 0.96852 0.97294 0.97707 0.98094 0.9845 0.98773
0.55179 0.56336 0.56811 0.78129 0.7688 0.73684 0.5861 0.45438 0.32607 0.25512 0.2167 0.19121 0.16759 0.13984 0.10495 0.065241 0.050249 0.098763 0.17166 0.25248 0.33571 0.41775 0.49588 0.56806 0.6328 0.68923 0.73708 0.77668 0.8089 0.83489 0.85589 0.87303 0.88723 0.8992 0.90947 0.91844 0.9264 0.93359 0.94016 0.94624 0.95192 0.95727 0.96232 0.96711 0.97164 0.97589 0.97986 0.98354 0.98688
0.54572 0.54595 0.50396 0.79027 0.78609 0.75009 0.59633 0.46331 0.33297 0.2605 0.22113 0.19516 0.17149 0.14414 0.11038 0.073265 0.059226 0.10237 0.17256 0.25196 0.33427 0.41567 0.49333 0.56518 0.62971 0.68601 0.7338 0.77341 0.80567 0.83174 0.85285 0.8701 0.88443 0.89653 0.90693 0.91604 0.92413 0.93144 0.93814 0.94434 0.95014 0.95561 0.96078 0.96568 0.97032 0.97469 0.97878 0.98256 0.98601
0.54017 0.52914 0.43649 0.79845 0.80229 0.76291 0.60648 0.47237 0.3401 0.26616 0.22588 0.19946 0.17577 0.14886 0.11627 0.081516 0.068249 0.10667 0.17395 0.25177 0.33307 0.41376 0.49092 0.56241 0.62669 0.68284 0.73056 0.77016 0.80246 0.82861 0.84982 0.86719 0.88164 0.89386 0.9044 0.91363 0.92185 0.92929 0.93611 0.94243 0.94835 0.95394 0.95922 0.96424 0.96899 0.97347 0.97767 0.98157 0.98513
