0.36123 0.22121 0.28048 0.39731 0.35993 0.3891 0.40887 0.348 0.20778 0.049256 0.15294 0.25196 0.32524 0.38824 0.39828 0.39361 0.3477 0.31098 0.28375 0.26199 0.24266 0.22367 0.20388 0.18285 0.16071 0.13793 0.11518 0.09319 0.072767 0.05488 0.041067 0.033882 0.03512 0.042522 0.05266 0.063747 0.07512 0.08657 0.098033 0.10948 0.12087 0.13213 0.14312 0.15368 0.16362 0.1727 0.18069 0.1874 0.19271
0.42612 0.36881 0.35179 0.41701 0.60235 0.64125 0.53387 0.3944 0.25213 0.12883 0.045631 0.072864 0.13481 0.20516 0.24873 0.27405 0.25813 0.23853 0.22067 0.20488 0.1906 0.17686 0.16276 0.14778 0.13188 0.11537 0.098845 0.082988 0.068503 0.056075 0.046378 0.040038 0.037411 0.038239 0.04175 0.04718 0.054089 0.062344 0.072007 0.083231 0.096207 0.11112 0.12813 0.14735 0.16882 0.19251 0.2183 0.246 0.27531
0.57546 0.37958 0.22774 0.11279 0.26534 0.37455 0.42249 0.44369 0.42892 0.36934 0.24928 0.157 0.11899 0.13843 0.16758 0.19495 0.19902 0.20184 0.20344 0.20129 0.19435 0.18287 0.16782 0.1504 0.1318 0.11309 0.095163 0.078722 0.064319 0.052372 0.043202 0.03704 0.03395 0.033727 0.035954 0.040238 0.046375 0.054347 0.064251 0.076243 0.090501 0.10721 0.12657 0.14873 0.17384 0.20197 0.23314 0.26724 0.30404
0.79252 0.65937 0.64448 0.78072 0.81861 0.67098 0.54631 0.53427 0.60046 0.69245 0.67191 0.61611 0.56825 0.53268 0.45892 0.40609 0.33943 0.29797 0.27151 0.25148 0.23358 0.21585 0.19767 0.17912 0.16063 0.1428 0.12622 0.11143 0.098866 0.088854 0.081575 0.077061 0.07518 0.07569 0.078307 0.082796 0.089008 0.096901 0.10652 0.11796 0.13138 0.14696 0.16488 0.18529 0.20834 0.23413 0.26269 0.29397 0.32784
0.50466 0.31132 0.13475 0.073359 0.088965 0.15539 0.25182 0.36269 0.47226 0.55057 0.51299 0.45095 0.40638 0.37929 0.32916 0.29665 0.25499 0.22965 0.21177 0.19555 0.17942 0.1635 0.14832 0.13419 0.12112 0.10894 0.097451 0.086564 0.076359 0.067098 0.059205 0.053242 0.049803 0.049307 0.051785 0.05689 0.064144 0.073149 0.08366 0.095559 0.10883 0.1235 0.13965 0.15738 0.17682 0.19809 0.22132 0.24664 0.27415
0.38542 0.13918 0.25859 0.3656 0.39782 0.32469 0.27754 0.2875 0.30017 0.27646 0.19978 0.14875 0.13872 0.155 0.16247 0.15996 0.12958 0.09468 0.060188 0.030388 0.020979 0.038038 0.056192 0.069946 0.07863 0.082514 0.082282 0.078841 0.073185 0.066307 0.059132 0.052505 0.047165 0.043687 0.04236 0.043086 0.045449 0.048927 0.053073 0.057579 0.062287 0.06719 0.072443 0.078384 0.085566 0.094729 0.10673 0.12242 0.14249
0.55994 0.21357 0.10675 0.18223 0.35247 0.49193 0.53131 0.55954 0.58476 0.5817 0.47486 0.36633 0.2891 0.25196 0.2468 0.28006 0.28716 0.28329 0.27058 0.25206 0.23134 0.21105 0.19253 0.17606 0.16133 0.14788 0.13537 0.12361 0.1126 0.10243 0.093209 0.085012 0.077875 0.071777 0.066651 0.062395 0.058889 0.055998 0.0536 0.051613 0.050065 0.049191 0.049554 0.052109 0.058053 0.068434 0.083858 0.10452 0.1304
0.097146 0.2001 0.5459 0.62816 0.66638 0.63669 0.60288 0.6451 0.76661 0.93531 0.97012 0.95875 0.9559 0.96239 0.87217 0.78471 0.64257 0.53679 0.45792 0.39491 0.34191 0.29593 0.25551 0.21998 0.18912 0.16292 0.14147 0.12483 0.11294 0.10545 0.10175 0.10105 0.10255 0.10564 0.10989 0.11511 0.12122 0.12827 0.13637 0.14568 0.15635 0.16859 0.18261 0.1986 0.21677 0.23734 0.26047 0.2863 0.31492
0.35121 0.29596 0.43553 0.49597 0.53813 0.54512 0.54767 0.58457 0.6451 0.70254 0.6408 0.54431 0.43659 0.30804 0.16569 0.15277 0.20809 0.24486 0.25712 0.25113 0.23284 0.20663 0.17571 0.14252 0.10916 0.077641 0.050675 0.034374 0.037362 0.052365 0.069528 0.08604 0.10148 0.11605 0.13014 0.14417 0.15854 0.17359 0.18962 0.20686 0.22552 0.24577 0.26772 0.29146 0.31703 0.34445 0.37366 0.40457 0.43701
0.74722 0.57019 0.588 0.46743 0.52677 0.54461 0.45251 0.34809 0.28158 0.32587 0.36952 0.3754 0.36764 0.36388 0.33828 0.33145 0.30954 0.3016 0.30111 0.30098 0.29686 0.28683 0.27101 0.25082 0.22831 0.20557 0.18437 0.16603 0.15131 0.14056 0.1338 0.13085 0.13147 0.13537 0.14228 0.15193 0.16407 0.17847 0.19493 0.21326 0.23332 0.25498 0.27815 0.30272 0.32863 0.35581 0.38417 0.41361 0.44404
0.32441 0.15849 0.2502 0.38639 0.35281 0.3555 0.39945 0.43143 0.40914 0.33905 0.2617 0.26653 0.31812 0.38607 0.41932 0.45338 0.44383 0.43355 0.41884 0.39605 0.36562 0.32963 0.29043 0.2501 0.21037 0.1727 0.13837 0.1086 0.084891 0.069222 0.063429 0.066941 0.076568 0.089287 0.10343 0.11828 0.13353 0.1491 0.16493 0.18101 0.19733 0.2139 0.23072 0.24787 0.26544 0.2836 0.30256 0.32262 0.34409
0.35802 0.30381 0.26394 0.052911 0.36329 0.479 0.4629 0.4221 0.38371 0.39772 0.44239 0.52637 0.65102 0.80586 0.86719 0.88488 0.78679 0.68976 0.60311 0.52525 0.45509 0.39168 0.3342 0.28197 0.2346 0.192 0.15445 0.12258 0.097509 0.080749 0.073432 0.074641 0.081412 0.090804 0.10099 0.11105 0.12055 0.12926 0.13704 0.14378 0.14937 0.15374 0.15685 0.15879 0.15986 0.16062 0.16204 0.16553 0.17282
0.63669 0.32336 0.082319 0.145 0.30913 0.3788 0.38667 0.42339 0.50557 0.60581 0.62058 0.62774 0.6649 0.72777 0.72255 0.70936 0.62765 0.56131 0.51003 0.46827 0.4324 0.39975 0.36851 0.33778 0.30741 0.27787 0.24989 0.22429 0.20176 0.18282 0.16766 0.15621 0.14813 0.14289 0.13985 0.13835 0.13775 0.13746 0.13695 0.13568 0.13315 0.12885 0.12231 0.11304 0.10061 0.084669 0.06511 0.042674 0.024018
0.32552 0.39703 0.40668 0.36006 0.47143 0.48294 0.42709 0.40491 0.41116 0.4049 0.31567 0.21626 0.13677 0.08702 0.054292 0.018805 0.059216 0.12808 0.19325 0.24699 0.28598 0.30996 0.32055 0.32021 0.31165 0.29752 0.28017 0.26157 0.2433 0.22646 0.2118 0.19969 0.19023 0.18331 0.17868 0.176 0.17488 0.17494 0.17579 0.17708 0.17852 0.17987 0.18099 0.18185 0.1826 0.1836 0.18544 0.18901 0.1954
0.29878 0.38776 0.37288 0.30849 0.24132 0.22676 0.25067 0.28226 0.30161 0.3276 0.32311 0.31516 0.32898 0.38032 0.41381 0.43819 0.40654 0.37515 0.3513 0.33452 0.32243 0.31199 0.30074 0.28737 0.27174 0.25457 0.2371 0.22069 0.20655 0.19548 0.18784 0.18353 0.18215 0.18315 0.186 0.19026 0.19557 0.2017 0.20847 0.21577 0.22354 0.23177 0.24045 0.24965 0.25943 0.26994 0.28135 0.29387 0.30775
0.18997 0.13084 0.26961 0.56174 0.60489 0.52211 0.46425 0.47744 0.54019 0.63935 0.66287 0.6617 0.6647 0.67233 0.61473 0.56507 0.47995 0.42028 0.37706 0.34118 0.30811 0.27576 0.24331 0.21063 0.17829 0.14754 0.12049 0.10026 0.09024 0.09154 0.10126 0.11515 0.13027 0.14512 0.15913 0.1722 0.18443 0.19605 0.20731 0.21847 0.22979 0.24148 0.25375 0.26675 0.28063 0.29547 0.31137 0.32836 0.34649
0.20066 0.027591 0.24604 0.20173 0.069427 0.32583 0.50838 0.64182 0.73228 0.75009 0.60574 0.43952 0.28912 0.14331 0.064801 0.17522 0.25252 0.29565 0.31415 0.31343 0.29814 0.27238 0.2397 0.20302 0.16483 0.12746 0.093527 0.067093 0.054988 0.060609 0.076072 0.093684 0.11039 0.12531 0.1384 0.14991 0.16023 0.1698 0.17905 0.18839 0.19819 0.20876 0.22038 0.23325 0.2475 0.26323 0.28048 0.29927 0.31955
0.63345 0.6655 0.72706 0.42033 0.10538 0.2019 0.26211 0.31897 0.38616 0.42913 0.38242 0.34237 0.35522 0.40888 0.43293 0.45662 0.44028 0.43172 0.42581 0.41541 0.39773 0.37288 0.34246 0.30872 0.27399 0.24048 0.21008 0.18423 0.16379 0.14891 0.13906 0.13319 0.13008 0.1287 0.12832 0.12855 0.1293 0.13068 0.1329 0.13625 0.14101 0.14742 0.15566 0.16586 0.1781 0.19245 0.20895 0.22765 0.24858
0.34095 0.3964 0.41167 0.20158 0.095546 0.1342 0.15366 0.21899 0.30099 0.36124 0.34347 0.33651 0.39514 0.51215 0.59242 0.65382 0.63141 0.6032 0.57549 0.5462 0.51413 0.47885 0.44073 0.40072 0.36016 0.32048 0.28298 0.24869 0.21821 0.1918 0.16933 0.15044 0.13461 0.12129 0.10997 0.1003 0.092092 0.085343 0.080201 0.076918 0.075772 0.076985 0.080678 0.086901 0.095708 0.10722 0.12163 0.13918 0.1601
0.90943 0.91853 0.774 0.45066 0.25833 0.20016 0.22604 0.29402 0.36867 0.41688 0.3761 0.33627 0.35888 0.45758 0.55116 0.64318 0.6539 0.6499 0.63656 0.61327 0.5813 0.54269 0.49961 0.45406 0.40782 0.36244 0.31915 0.27888 0.2422 0.20939 0.18044 0.15514 0.13314 0.11402 0.09736 0.082789 0.070012 0.058815 0.049042 0.040561 0.033224 0.026893 0.021682 0.018709 0.020679 0.029168 0.043282 0.062223 0.085717
0.60489 0.3283 0.28253 0.25448 0.23452 0.23806 0.2526 0.30998 0.38568 0.43189 0.38149 0.33298 0.34778 0.4407 0.53689 0.63766 0.6588 0.66262 0.65402 0.63272 0.60072 0.56089 0.51612 0.46884 0.42102 0.37419 0.32946 0.28762 0.24918 0.21438 0.18326 0.15572 0.13156 0.11051 0.092334 0.076838 0.063933 0.053618 0.045921 0.040749 0.037723 0.036201 0.035566 0.035656 0.03713 0.041529 0.050599 0.065325 0.085799
0.4372 0.31221 0.12679 0.16598 0.21763 0.27403 0.34236 0.39731 0.41276 0.37145 0.27244 0.25987 0.35699 0.50948 0.61756 0.70202 0.69257 0.67066 0.64354 0.61053 0.57245 0.53076 0.487 0.44247 0.39819 0.35502 0.31358 0.27435 0.23765 0.20371 0.1726 0.14431 0.11873 0.095746 0.075244 0.05728 0.042315 0.031742 0.028093 0.031976 0.040223 0.050086 0.060464 0.071134 0.082324 0.094547 0.1085 0.12494 0.14457
0.36496 0.37088 0.31183 0.49211 0.59803 0.57028 0.51788 0.50513 0.50799 0.49813 0.42593 0.39762 0.44723 0.55694 0.62635 0.67684 0.64134 0.6015 0.56404 0.52768 0.49194 0.45668 0.42188 0.38746 0.35339 0.31969 0.28651 0.25406 0.22261 0.19243 0.16372 0.13663 0.11119 0.087387 0.065214 0.04483 0.027256 0.018007 0.025634 0.040874 0.057588 0.074616 0.091771 0.10912 0.12686 0.14528 0.1647 0.18552 0.2081
0.32391 0.43454 0.38564 0.14229 0.038735 0.11123 0.13819 0.20956 0.30162 0.37077 0.37114 0.37613 0.41125 0.4694 0.48612 0.49763 0.45946 0.42865 0.40529 0.38587 0.3687 0.35278 0.33722 0.32114 0.30387 0.28507 0.26476 0.24324 0.221 0.19858 0.17654 0.15537 0.13557 0.11767 0.10233 0.090461 0.083148 0.081308 0.085084 0.093694 0.10595 0.12079 0.13749 0.15563 0.17497 0.19545 0.21708 0.23995 0.26416
0.5667 0.35084 0.23798 0.18008 0.20217 0.19367 0.16671 0.15786 0.14022 0.07472 0.029077 0.10025 0.14382 0.17148 0.1802 0.19548 0.19657 0.20026 0.20678 0.21588 0.22684 0.23791 0.24713 0.25297 0.25469 0.25225 0.24609 0.23692 0.22558 0.21288 0.19959 0.18641 0.17397 0.16286 0.15363 0.14682 0.1429 0.1422 0.14487 0.15084 0.15985 0.17156 0.18561 0.20167 0.21952 0.23897 0.25993 0.28234 0.30618
0.69275 0.68004 0.76508 0.73525 0.70282 0.60951 0.4908 0.39808 0.31513 0.23657 0.15826 0.11856 0.096053 0.070896 0.03912 0.019354 0.0036663 0.022297 0.05479 0.090775 0.12567 0.1564 0.18138 0.20019 0.21314 0.22098 0.22458 0.22483 0.22255 0.21845 0.2132 0.20738 0.20152 0.19612 0.19161 0.1884 0.18683 0.18719 0.18966 0.19435 0.20128 0.2104 0.22161 0.23481 0.2499 0.26683 0.28553 0.30599 0.32821
0.54576 0.3119 0.12915 0.34712 0.64226 0.74239 0.67243 0.56406 0.44705 0.33812 0.221 0.13991 0.079441 0.031367 0.057291 0.10116 0.11861 0.12375 0.12623 0.1315 0.14082 0.15262 0.16483 0.17611 0.18586 0.19395 0.20039 0.20527 0.20867 0.21073 0.21162 0.21161 0.211 0.21012 0.2093 0.20887 0.20912 0.2103 0.21264 0.21631 0.22144 0.22813 0.23647 0.24653 0.2584 0.27219 0.28802 0.30602 0.32632
0.91912 0.55472 0.30418 0.45423 0.70558 0.72119 0.58312 0.41571 0.27179 0.24037 0.25881 0.26469 0.26774 0.2804 0.27533 0.27416 0.2468 0.22222 0.20104 0.18329 0.16981 0.16112 0.15713 0.15729 0.16074 0.16649 0.17351 0.18087 0.18786 0.19397 0.19898 0.20284 0.20568 0.20768 0.20908 0.21015 0.21112 0.21224 0.21373 0.21578 0.2186 0.2224 0.22741 0.23388 0.24212 0.25247 0.26532 0.28103 0.29994
0.33197 0.3043 0.28112 0.55423 0.78941 0.74312 0.5693 0.40672 0.28813 0.30089 0.36095 0.40082 0.42839 0.44904 0.41435 0.37194 0.2982 0.24008 0.19559 0.16173 0.13766 0.12319 0.11763 0.1193 0.12596 0.13545 0.14612 0.15679 0.16669 0.17534 0.18253 0.18822 0.19248 0.19546 0.19735 0.19833 0.19859 0.19832 0.19772 0.197 0.19641 0.19623 0.19687 0.19882 0.2027 0.20925 0.21924 0.2334 0.25226
0.33691 0.20097 0.53858 0.63148 0.58043 0.52002 0.48891 0.48529 0.49016 0.50263 0.46798 0.44742 0.4493 0.45762 0.41096 0.35339 0.26425 0.19106 0.13219 0.085363 0.052637 0.043168 0.056322 0.075967 0.095202 0.11256 0.12781 0.14099 0.15216 0.16139 0.16875 0.17433 0.17825 0.18061 0.18155 0.18114 0.1795 0.17671 0.17289 0.16818 0.1628 0.15708 0.1516 0.14721 0.14519 0.14712 0.15466 0.16907 0.19081
0.17369 0.27891 0.4964 0.30862 0.11615 0.1058 0.16113 0.19373 0.24407 0.31763 0.34225 0.35053 0.36966 0.39842 0.37995 0.34412 0.2675 0.19908 0.14171 0.095948 0.065258 0.056067 0.06585 0.082438 0.099263 0.11445 0.12761 0.13878 0.14807 0.15558 0.16139 0.16557 0.16815 0.16917 0.16864 0.16653 0.1628 0.15739 0.15024 0.14129 0.13052 0.11805 0.10423 0.090043 0.077861 0.0724 0.079337 0.099999 0.13133
0.60821 0.59914 0.39779 0.1032 0.15083 0.15 0.096346 0.045614 0.057399 0.11523 0.14202 0.1696 0.22938 0.31185 0.35242 0.36194 0.31403 0.26321 0.21801 0.18095 0.15362 0.13644 0.12837 0.12716 0.13025 0.13553 0.14162 0.14764 0.15311 0.15774 0.16135 0.16383 0.16511 0.1651 0.16369 0.16078 0.15621 0.14981 0.14138 0.13071 0.11753 0.1016 0.082646 0.060421 0.034862 0.0094834 0.031358 0.068869 0.11103
0.38774 0.31077 0.42417 0.47949 0.36919 0.24683 0.16387 0.11654 0.090011 0.076585 0.063937 0.099398 0.18096 0.27953 0.3376 0.36589 0.33569 0.29893 0.26375 0.23242 0.20649 0.18666 0.17282 0.16424 0.15985 0.1585 0.15913 0.16086 0.16305 0.16524 0.16711 0.16846 0.16912 0.16897 0.16787 0.16568 0.16224 0.1574 0.15102 0.14301 0.13335 0.12223 0.11021 0.098599 0.090073 0.088905 0.09912 0.12143 0.15378
0.58547 0.37448 0.40573 0.21812 0.14779 0.16903 0.1628 0.18698 0.22998 0.27052 0.26678 0.26026 0.27408 0.3105 0.32621 0.33836 0.31131 0.28374 0.25835 0.23548 0.21604 0.20057 0.18908 0.18117 0.17622 0.17356 0.17253 0.1726 0.17332 0.17435 0.17546 0.1765 0.17734 0.17789 0.17803 0.17767 0.1767 0.17503 0.17261 0.16949 0.16583 0.16199 0.15864 0.15681 0.15794 0.16371 0.17571 0.19498 0.22176
0.39863 0.44319 0.43245 0.21383 0.082584 0.071599 0.13897 0.24858 0.34284 0.38685 0.3343 0.27198 0.23975 0.24363 0.24761 0.25712 0.23909 0.2215 0.2067 0.19511 0.18701 0.18199 0.17927 0.17804 0.1777 0.1779 0.17843 0.17921 0.18016 0.18128 0.18255 0.18398 0.18557 0.1873 0.18914 0.19103 0.19292 0.19475 0.19652 0.1983 0.20025 0.20268 0.20605 0.21101 0.21841 0.22917 0.24422 0.26434 0.29
0.17535 0.27667 0.067726 0.31173 0.43844 0.4447 0.43186 0.44826 0.45976 0.4199 0.28491 0.15882 0.084546 0.097465 0.13044 0.14853 0.13943 0.12902 0.12439 0.12695 0.13475 0.14464 0.15423 0.16232 0.1686 0.17325 0.17665 0.1792 0.18128 0.18319 0.18517 0.18742 0.19008 0.19322 0.19687 0.20102 0.20565 0.21073 0.21626 0.2223 0.22896 0.23646 0.24512 0.25536 0.26771 0.28278 0.30116 0.3234 0.34992
0.40167 0.12468 0.27939 0.47638 0.65379 0.71104 0.67536 0.64215 0.59184 0.49229 0.30884 0.15682 0.058983 0.048724 0.072032 0.07257 0.049796 0.028191 0.035926 0.062591 0.089495 0.11267 0.13129 0.14551 0.15599 0.1635 0.16885 0.17277 0.17586 0.17863 0.18148 0.18472 0.18858 0.19319 0.19863 0.2049 0.212 0.21993 0.22867 0.23826 0.24878 0.2604 0.27334 0.28789 0.3044 0.3233 0.34499 0.36985 0.39818
0.22499 0.19569 0.28404 0.49874 0.68566 0.75798 0.7495 0.72764 0.67454 0.56857 0.37694 0.2288 0.14628 0.1195 0.11165 0.1061 0.086113 0.069798 0.065663 0.075228 0.09154 0.10848 0.12333 0.13533 0.14455 0.15145 0.15661 0.16061 0.16403 0.16735 0.17098 0.17523 0.18033 0.18643 0.19357 0.20179 0.21107 0.2214 0.23278 0.24525 0.25888 0.2738 0.29019 0.30826 0.3283 0.35059 0.37542 0.40305 0.43367
0.49333 0.47277 0.40887 0.19197 0.45244 0.62996 0.66874 0.68283 0.66799 0.5987 0.43243 0.30166 0.23188 0.2083 0.19184 0.18542 0.16273 0.14349 0.12953 0.12155 0.11921 0.12089 0.12466 0.12906 0.13327 0.13699 0.14023 0.14326 0.14638 0.14994 0.15425 0.15953 0.16591 0.17347 0.18224 0.19218 0.20329 0.21557 0.22902 0.2437 0.2597 0.27716 0.29623 0.31714 0.3401 0.36533 0.39306 0.42344 0.45657
0.36814 0.51431 0.74453 0.60583 0.49622 0.46198 0.47083 0.51283 0.53395 0.49148 0.34934 0.23816 0.20086 0.21989 0.23215 0.23688 0.2109 0.18529 0.16356 0.14636 0.13393 0.12584 0.12118 0.11891 0.11816 0.11838 0.11935 0.1211 0.12379 0.12761 0.13269 0.13911 0.14685 0.15586 0.16609 0.17747 0.19 0.20368 0.21858 0.23477 0.25241 0.27165 0.2927 0.31577 0.34108 0.36883 0.39917 0.43219 0.4679
0.48468 0.4963 0.51281 0.31628 0.13514 0.15282 0.26134 0.35138 0.39877 0.36336 0.2119 0.057093 0.088421 0.1921 0.24149 0.25524 0.22524 0.19351 0.16631 0.14438 0.12762 0.1154 0.10682 0.10097 0.097117 0.094867 0.094122 0.094991 0.097628 0.1021 0.10833 0.11614 0.12532 0.13568 0.14709 0.15949 0.17288 0.18734 0.20298 0.21996 0.23849 0.2588 0.28114 0.30577 0.33292 0.36278 0.39545 0.43097 0.46925
0.20701 0.18306 0.1199 0.17139 0.21592 0.18493 0.22336 0.30539 0.38056 0.39581 0.29558 0.20025 0.1888 0.23844 0.2597 0.25612 0.21505 0.17729 0.14714 0.12405 0.10687 0.094215 0.084733 0.077422 0.071777 0.067807 0.065894 0.066505 0.069858 0.075757 0.083715 0.093196 0.10377 0.11517 0.12727 0.14006 0.15363 0.16812 0.18375 0.20077 0.21948 0.2402 0.26325 0.28893 0.3175 0.34913 0.3839 0.42178 0.46256
0.47612 0.53358 0.426 0.22549 0.13608 0.18013 0.23671 0.31943 0.42171 0.49194 0.43844 0.36186 0.31901 0.30925 0.27928 0.2466 0.19266 0.1507 0.12029 0.098796 0.083707 0.07254 0.063301 0.054865 0.047049 0.04058 0.036984 0.037809 0.043148 0.051658 0.061919 0.073037 0.084562 0.096323 0.10833 0.12068 0.1336 0.14732 0.16219 0.17856 0.19683 0.21741 0.24071 0.26708 0.29678 0.32997 0.36668 0.40677 0.44995
0.16399 0.33817 0.45826 0.30337 0.16783 0.16388 0.23168 0.34614 0.47639 0.57168 0.5285 0.44827 0.38531 0.34229 0.27851 0.22529 0.16455 0.12235 0.094871 0.077998 0.067648 0.059852 0.051942 0.04278 0.032278 0.021029 0.011124 0.011794 0.02235 0.034421 0.046452 0.058128 0.069412 0.080396 0.091254 0.10223 0.11363 0.12583 0.13926 0.1544 0.17176 0.19187 0.21518 0.24206 0.27279 0.30746 0.346 0.38817 0.43357
0.17789 0.28633 0.43126 0.27166 0.01473 0.1647 0.28603 0.41201 0.53473 0.61355 0.55305 0.4608 0.38443 0.32451 0.24775 0.18765 0.12807 0.089446 0.068507 0.060999 0.059586 0.058022 0.053728 0.046476 0.037043 0.02666 0.017396 0.014242 0.020234 0.029761 0.039763 0.049466 0.05871 0.067558 0.076195 0.084897 0.094036 0.10407 0.11556 0.12912 0.14538 0.16493 0.18828 0.21578 0.24761 0.28376 0.32406 0.36815 0.41551
0.40911 0.4887 0.54724 0.45742 0.3834 0.38155 0.42571 0.49748 0.56691 0.6012 0.51814 0.41778 0.33557 0.27078 0.19734 0.14049 0.084504 0.046828 0.035586 0.046338 0.057801 0.063497 0.063351 0.058789 0.051588 0.043555 0.036508 0.032223 0.031801 0.034784 0.039728 0.045427 0.051242 0.056945 0.062571 0.06835 0.074685 0.082152 0.091463 0.1034 0.11872 0.13804 0.16181 0.19024 0.22337 0.26107 0.30301 0.34872 0.39761
0.35332 0.041813 0.14301 0.16598 0.43159 0.51986 0.51878 0.52355 0.53361 0.53396 0.44874 0.35195 0.27118 0.2127 0.15777 0.11493 0.064112 0.022013 0.024127 0.049641 0.066919 0.075449 0.07684 0.073187 0.06657 0.058834 0.051497 0.04571 0.042148 0.040873 0.041399 0.043014 0.04511 0.04733 0.049587 0.052069 0.05527 0.059986 0.067232 0.078017 0.093126 0.11302 0.13788 0.16769 0.20231 0.24146 0.28472 0.33158 0.38137
0.4617 0.44355 0.47791 0.45215 0.51366 0.54757 0.49694 0.44143 0.41727 0.42561 0.36769 0.27986 0.19871 0.15582 0.14213 0.13278 0.10171 0.077608 0.072465 0.080654 0.089751 0.094123 0.093086 0.087819 0.079971 0.071105 0.062475 0.054966 0.049067 0.044882 0.042169 0.040468 0.03927 0.038171 0.036983 0.035873 0.035566 0.037488 0.043394 0.054446 0.070892 0.092551 0.11919 0.15061 0.18656 0.22673 0.2707 0.31794 0.36779
0.055745 0.18298 0.23267 0.32888 0.51996 0.51621 0.38884 0.26092 0.24032 0.31764 0.30081 0.2094 0.10094 0.081227 0.1458 0.17871 0.16452 0.14404 0.13048 0.12456 0.12171 0.11786 0.1114 0.10248 0.092055 0.081199 0.070831 0.061587 0.053798 0.047508 0.042508 0.038398 0.034676 0.030824 0.026407 0.021249 0.01608 0.014771 0.022415 0.037081 0.056639 0.080572 0.10878 0.14121 0.17771 0.21802 0.26176 0.30839 0.35731
0.56655 0.4993 0.45305 0.46742 0.59012 0.52296 0.32556 0.10124 0.12867 0.29556 0.30138 0.20949 0.10339 0.12325 0.20629 0.25333 0.24044 0.21511 0.19147 0.17276 0.15784 0.14448 0.13119 0.11755 0.10387 0.090691 0.078554 0.067824 0.058664 0.051036 0.044716 0.039335 0.034425 0.029465 0.023952 0.01752 0.01059 0.0093386 0.020029 0.03622 0.056393 0.080478 0.10852 0.14049 0.17624 0.2155 0.25787 0.30283 0.34976
0.71576 0.40384 0.39782 0.68756 0.76686 0.65016 0.46594 0.32693 0.32662 0.42296 0.41344 0.34318 0.29015 0.30412 0.33588 0.36092 0.32935 0.29026 0.25363 0.22201 0.19538 0.1725 0.15213 0.13353 0.11648 0.10106 0.087409 0.075629 0.065712 0.057538 0.050886 0.045458 0.040922 0.036989 0.033529 0.030805 0.029786 0.032186 0.039496 0.052027 0.069415 0.091287 0.11738 0.14745 0.18121 0.21829 0.25824 0.3005 0.34448
0.57927 0.61125 0.66291 0.77518 0.84732 0.80777 0.70753 0.63557 0.62395 0.66037 0.60719 0.53757 0.50066 0.50937 0.49832 0.48977 0.42689 0.36729 0.31513 0.27034 0.23253 0.20069 0.17361 0.15031 0.13015 0.11278 0.097991 0.085611 0.075467 0.067354 0.061037 0.056264 0.0528 0.050466 0.04922 0.049235 0.050967 0.055124 0.062489 0.073679 0.089015 0.10856 0.13219 0.15968 0.19069 0.2248 0.26151 0.30026 0.34049
0.1686 0.30142 0.42386 0.41007 0.6748 0.88395 0.90715 0.89256 0.88787 0.89491 0.79757 0.71597 0.68586 0.69696 0.6579 0.61995 0.52366 0.44128 0.37275 0.31512 0.26702 0.22714 0.19411 0.16669 0.14388 0.12497 0.10943 0.096848 0.086871 0.079195 0.073541 0.069657 0.06733 0.066405 0.066819 0.068639 0.072089 0.077544 0.085481 0.096379 0.11062 0.12841 0.14978 0.17459 0.20253 0.23322 0.26615 0.3008 0.33667
0.1459 0.24927 0.39266 0.42975 0.72294 0.95692 0.99844 0.99985 1 0.9999 0.89148 0.81783 0.80751 0.83567 0.78758 0.73181 0.60808 0.50517 0.42163 0.35254 0.29557 0.24896 0.21108 0.1804 0.15564 0.13576 0.11996 0.10761 0.098193 0.091297 0.086573 0.08374 0.082578 0.082928 0.084703 0.087909 0.09265 0.099139 0.10767 0.11857 0.13213 0.14856 0.16791 0.1901 0.21489 0.2419 0.27072 0.30086 0.33193
0.14949 0.3203 0.66416 0.85497 0.98211 0.99512 0.93769 0.90755 0.89692 0.90236 0.83456 0.81137 0.84633 0.90864 0.87068 0.8105 0.66957 0.5516 0.45632 0.37823 0.31446 0.26288 0.2216 0.18885 0.16308 0.14303 0.12766 0.11616 0.10785 0.1022 0.098781 0.097274 0.097433 0.099088 0.10214 0.10655 0.11236 0.11969 0.1287 0.1396 0.15257 0.16776 0.18521 0.20481 0.22638 0.24957 0.27403 0.29938 0.32533
0.3929 0.30966 0.43846 0.76655 0.93315 0.8524 0.73133 0.66266 0.61646 0.62134 0.64247 0.71172 0.8121 0.91802 0.90284 0.84872 0.70136 0.57512 0.47251 0.38863 0.32059 0.26615 0.2232 0.18981 0.16425 0.14506 0.13105 0.12122 0.11476 0.11099 0.1094 0.1096 0.11134 0.11444 0.11878 0.12432 0.13106 0.13906 0.14839 0.15915 0.17146 0.18537 0.20087 0.21784 0.23608 0.25532 0.27523 0.29556 0.31613
0.41302 0.32685 0.42603 0.65211 0.7117 0.60891 0.50923 0.42343 0.29795 0.25283 0.40658 0.58045 0.73977 0.88194 0.89084 0.84743 0.70211 0.57393 0.46849 0.38217 0.31252 0.25735 0.21451 0.18198 0.15794 0.14083 0.12931 0.1222 0.11849 0.11736 0.11819 0.12054 0.12415 0.12884 0.13453 0.14116 0.14871 0.15721 0.16666 0.17712 0.1886 0.20108 0.21449 0.2287 0.24349 0.2586 0.27378 0.28886 0.30384
0.29328 0.43552 0.57315 0.53059 0.41932 0.37479 0.38921 0.3581 0.23288 0.10541 0.29663 0.49412 0.66866 0.82365 0.84794 0.81425 0.67596 0.55052 0.44592 0.36001 0.29097 0.23683 0.19555 0.16516 0.14389 0.13014 0.12239 0.11918 0.11924 0.12155 0.12537 0.13028 0.136 0.14242 0.14947 0.15712 0.16536 0.17418 0.18357 0.1935 0.20394 0.2148 0.22596 0.23723 0.24838 0.25919 0.26943 0.27905 0.28822
0.16966 0.20867 0.45017 0.34115 0.07859 0.19579 0.34656 0.39602 0.37139 0.33769 0.36608 0.476 0.61723 0.76028 0.78825 0.76046 0.63106 0.51103 0.40965 0.32601 0.25891 0.20674 0.16772 0.14019 0.12266 0.11357 0.11102 0.11303 0.11786 0.12429 0.13156 0.13927 0.14724 0.15542 0.16379 0.17237 0.18115 0.19012 0.19923 0.20843 0.21761 0.22664 0.23535 0.2435 0.25086 0.25716 0.26226 0.26618 0.26928
0.5056 0.41719 0.46226 0.39068 0.30548 0.29077 0.36027 0.41221 0.43194 0.44195 0.43301 0.47926 0.57867 0.69914 0.72329 0.6979 0.57739 0.46385 0.36682 0.28626 0.22142 0.17101 0.13373 0.10876 0.09551 0.092504 0.096841 0.10535 0.11574 0.1267 0.13759 0.14815 0.15834 0.16819 0.17778 0.18713 0.19629 0.20521 0.21385 0.22211 0.22985 0.23688 0.24297 0.24786 0.25125 0.2529 0.25266 0.25063 0.24732
0.54945 0.33054 0.18072 0.31819 0.43703 0.40614 0.37101 0.37283 0.39381 0.42958 0.43193 0.46288 0.53967 0.64173 0.66095 0.63648 0.52433 0.41757 0.32545 0.24824 0.18532 0.13543 0.097771 0.073208 0.064149 0.069454 0.082716 0.098637 0.11475 0.13011 0.1444 0.15759 0.16979 0.18113 0.19173 0.20169 0.21103 0.21973 0.22773 0.23489 0.24103 0.24593 0.2493 0.25083 0.25019 0.24708 0.24135 0.23312 0.22302
0.081955 0.28895 0.31961 0.35437 0.46287 0.41456 0.31895 0.27424 0.28444 0.34002 0.37546 0.42059 0.49498 0.5884 0.60552 0.58237 0.47828 0.37868 0.29224 0.21914 0.15841 0.10828 0.06734 0.037208 0.031216 0.049908 0.073327 0.095978 0.11687 0.13582 0.15288 0.16823 0.18207 0.1946 0.20598 0.21632 0.22566 0.23399 0.2412 0.24715 0.25161 0.25433 0.25497 0.25316 0.24852 0.2407 0.22947 0.21488 0.19759
0.77466 0.56776 0.43292 0.41205 0.46761 0.3679 0.23039 0.14814 0.14446 0.22105 0.29527 0.36467 0.44735 0.53971 0.55789 0.53705 0.44107 0.34939 0.27007 0.20294 0.14655 0.098705 0.057239 0.021037 0.016327 0.04599 0.074199 0.1001 0.12361 0.14478 0.1637 0.18056 0.19557 0.20893 0.22081 0.23132 0.2405 0.24832 0.25466 0.25935 0.26214 0.26272 0.26073 0.25575 0.24734 0.23507 0.21858 0.19777 0.17306
0.86141 0.49915 0.018649 0.43068 0.48471 0.33454 0.18191 0.078354 0.01934 0.12561 0.22463 0.3114 0.40253 0.49604 0.51618 0.49784 0.40997 0.32711 0.25664 0.19786 0.14892 0.1078 0.073758 0.050022 0.046546 0.06319 0.087075 0.1119 0.13561 0.15748 0.17725 0.19491 0.21058 0.2244 0.2365 0.24699 0.25587 0.26309 0.26853 0.27199 0.27319 0.27181 0.26744 0.25964 0.24792 0.23176 0.21071 0.18442 0.15283
0.46724 0.72401 0.68564 0.60108 0.48911 0.30282 0.16737 0.09977 0.069006 0.10778 0.18745 0.27309 0.3654 0.45701 0.47696 0.45976 0.3796 0.30628 0.24622 0.19783 0.15859 0.12639 0.10093 0.084513 0.080967 0.090593 0.10867 0.13031 0.15256 0.17391 0.19364 0.21145 0.22729 0.24122 0.2533 0.26359 0.27207 0.27867 0.28324 0.28557 0.28537 0.28229 0.27595 0.26586 0.25153 0.23245 0.2081 0.17802 0.14183
0.81599 0.96803 0.9926 0.65796 0.41943 0.22766 0.11746 0.093293 0.10208 0.13177 0.18178 0.25303 0.33773 0.42133 0.43656 0.41769 0.34441 0.28116 0.23291 0.19668 0.16869 0.14622 0.12866 0.11745 0.11475 0.12129 0.13524 0.15358 0.17368 0.19377 0.21279 0.23022 0.24583 0.25956 0.2714 0.28136 0.28938 0.29537 0.29916 0.30054 0.2992 0.29482 0.287 0.27532 0.25932 0.23858 0.2127 0.18144 0.14487
0.8146 0.92779 0.85132 0.51237 0.3158 0.15165 0.039141 0.05735 0.10052 0.14432 0.18771 0.24616 0.31775 0.38691 0.39201 0.36782 0.30033 0.24768 0.21292 0.19084 0.17568 0.16377 0.15423 0.14819 0.14744 0.15305 0.16455 0.18023 0.19814 0.21662 0.23452 0.25118 0.26624 0.27952 0.29096 0.3005 0.30804 0.31348 0.31664 0.31728 0.31514 0.30989 0.30119 0.28869 0.27206 0.25104 0.22554 0.19587 0.16315
0.49614 0.66074 0.4742 0.27185 0.23776 0.14257 0.051162 0.046893 0.088174 0.14452 0.19479 0.24579 0.30198 0.35186 0.34203 0.3086 0.2454 0.20411 0.1853 0.1799 0.1792 0.17867 0.17754 0.17708 0.17918 0.18522 0.19551 0.20929 0.22524 0.24204 0.25861 0.27425 0.28851 0.30118 0.31209 0.32116 0.32825 0.33323 0.33591 0.33608 0.33348 0.32783 0.31886 0.30631 0.29003 0.26998 0.24647 0.22036 0.19364
0.59434 0.5286 0.24092 0.062425 0.17067 0.14441 0.079243 0.052882 0.078506 0.14653 0.20445 0.24856 0.28826 0.31645 0.28846 0.24162 0.17985 0.15096 0.15227 0.1665 0.18125 0.19227 0.19959 0.20493 0.21041 0.21772 0.22767 0.24018 0.25449 0.26967 0.28482 0.29929 0.31262 0.32454 0.33485 0.34343 0.35011 0.35474 0.35714 0.35709 0.35437 0.34876 0.34007 0.32816 0.31303 0.2949 0.27438 0.25274 0.23226
0.49247 0.46708 0.21173 0.087647 0.13569 0.12857 0.065246 0.03218 0.082144 0.16369 0.22097 0.25478 0.27808 0.28564 0.23895 0.17442 0.1064 0.091831 0.12099 0.15631 0.1854 0.20679 0.22183 0.23272 0.24171 0.2507 0.26086 0.27256 0.28554 0.29922 0.31295 0.32617 0.33847 0.34957 0.35925 0.36734 0.37367 0.37807 0.38036 0.38033 0.37781 0.37263 0.36468 0.35392 0.34053 0.32489 0.30783 0.29075 0.27588
0.53918 0.38906 0.08645 0.095783 0.1435 0.12513 0.054565 0.041423 0.11657 0.20042 0.24676 0.26735 0.2769 0.26977 0.20987 0.12989 0.038838 0.045121 0.10688 0.15687 0.19555 0.22452 0.24574 0.2614 0.27367 0.28443 0.29506 0.30625 0.31813 0.33044 0.34278 0.35474 0.36597 0.3762 0.38523 0.39286 0.3989 0.40318 0.40551 0.40572 0.40366 0.39921 0.39234 0.38311 0.37179 0.3589 0.34535 0.33253 0.32242
0.59279 0.36922 0.18576 0.15761 0.18665 0.16719 0.1184 0.11993 0.17946 0.25298 0.28204 0.28937 0.2905 0.2789 0.21859 0.14498 0.074033 0.076291 0.1247 0.17328 0.21435 0.24716 0.27249 0.29179 0.30677 0.31915 0.3303 0.34113 0.35206 0.36311 0.37411 0.38481 0.39496 0.40432 0.4127 0.41988 0.4257 0.42995 0.43246 0.43307 0.43167 0.42817 0.4226 0.4151 0.40601 0.39591 0.38569 0.37667 0.37051
0.51506 0.15501 0.22519 0.22749 0.25446 0.2492 0.21401 0.21382 0.25652 0.31421 0.32411 0.32032 0.31868 0.31184 0.26102 0.20587 0.15198 0.14209 0.16698 0.20447 0.24219 0.27541 0.30276 0.32442 0.34139 0.35502 0.36659 0.3771 0.38715 0.39702 0.40673 0.4162 0.42527 0.43376 0.44149 0.44827 0.45391 0.4582 0.46099 0.46213 0.46151 0.4591 0.45496 0.44928 0.44243 0.43499 0.42782 0.42208 0.41919
0.62172 0.24745 0.21061 0.22856 0.33411 0.34925 0.31429 0.30663 0.33279 0.37345 0.36563 0.35384 0.35337 0.35563 0.31625 0.27613 0.2267 0.209 0.21924 0.24557 0.27763 0.30906 0.33671 0.35953 0.37771 0.39214 0.40391 0.41402 0.42322 0.43195 0.44041 0.44868 0.45668 0.46432 0.47143 0.47783 0.48332 0.48771 0.49084 0.49257 0.49282 0.49156 0.4889 0.48502 0.48032 0.47535 0.4709 0.46796 0.46773
0.67375 0.34524 0.07071 0.24244 0.43102 0.44516 0.39967 0.38112 0.39133 0.4163 0.39541 0.37978 0.3829 0.39508 0.36653 0.33869 0.29213 0.27102 0.27345 0.29189 0.31857 0.34729 0.37411 0.3971 0.41574 0.43047 0.44216 0.45176 0.46006 0.46767 0.47492 0.48201 0.48898 0.49578 0.50228 0.50831 0.51369 0.51821 0.52172 0.52408 0.52521 0.52512 0.52389 0.52175 0.51905 0.51631 0.51422 0.51366 0.51558
0.38918 0.44937 0.39509 0.4409 0.53155 0.51046 0.45056 0.42019 0.41564 0.4284 0.40246 0.38844 0.39688 0.41845 0.40101 0.38593 0.34535 0.32577 0.32591 0.34022 0.363 0.38905 0.41446 0.43688 0.45533 0.46989 0.48119 0.4901 0.49746 0.50394 0.51 0.51595 0.52191 0.52789 0.5338 0.53948 0.54475 0.54942 0.55331 0.5563 0.5583 0.55933 0.55947 0.55893 0.55805 0.55728 0.55724 0.55864 0.5623
0.55087 0.70439 0.71913 0.60147 0.57374 0.52275 0.45534 0.41403 0.39593 0.40133 0.3806 0.37398 0.38864 0.41853 0.41396 0.41464 0.38538 0.37252 0.37506 0.38866 0.40939 0.43332 0.45711 0.47847 0.49621 0.51015 0.52077 0.52883 0.53517 0.5405 0.54539 0.55022 0.5552 0.56039 0.56572 0.57106 0.57623 0.58103 0.58529 0.58888 0.59171 0.59379 0.5952 0.59611 0.59684 0.59778 0.59946 0.60249 0.60751
0.99424 0.75606 0.67989 0.55101 0.516 0.48213 0.41868 0.36635 0.33421 0.33699 0.33129 0.33585 0.35581 0.39247 0.40383 0.42503 0.41328 0.41195 0.42065 0.43633 0.45667 0.47918 0.5014 0.52139 0.53801 0.55098 0.56064 0.56768 0.57291 0.57708 0.58081 0.58456 0.58858 0.593 0.59777 0.60278 0.60784 0.61275 0.61736 0.62149 0.62509 0.62812 0.63066 0.63286 0.63499 0.6374 0.64051 0.64483 0.65091
0.60228 0.45395 0.38074 0.3338 0.39168 0.41628 0.36174 0.29578 0.24528 0.24803 0.26347 0.27824 0.29972 0.34134 0.37332 0.42088 0.43218 0.44594 0.46333 0.48298 0.50419 0.52589 0.54665 0.56509 0.5803 0.592 0.60047 0.60635 0.6104 0.61339 0.61599 0.61868 0.62179 0.62547 0.62969 0.63437 0.6393 0.64431 0.64921 0.65384 0.6581 0.66197 0.66551 0.66883 0.67215 0.67577 0.68005 0.6854 0.69224
0.17945 0.19962 0.14751 0.084177 0.2835 0.36073 0.31156 0.23105 0.15381 0.15439 0.19074 0.20818 0.22417 0.27024 0.33012 0.40974 0.44708 0.47727 0.5043 0.52877 0.55154 0.57284 0.59225 0.60904 0.62262 0.63283 0.63993 0.64453 0.64735 0.64917 0.65065 0.65233 0.65456 0.65752 0.66122 0.66556 0.67036 0.67543 0.68057 0.68561 0.69046 0.69506 0.69944 0.7037 0.70801 0.71262 0.71781 0.72393 0.7313
0.1641 0.085072 0.13242 0.13142 0.26603 0.33248 0.2834 0.19628 0.090877 0.077498 0.12739 0.134 0.13419 0.19083 0.28906 0.40255 0.46403 0.50901 0.54491 0.57404 0.59848 0.61952 0.63762 0.65268 0.66448 0.67305 0.67866 0.6819 0.68347 0.68412 0.68453 0.68524 0.68664 0.68892 0.69211 0.69612 0.70077 0.70586 0.71118 0.71657 0.72189 0.72709 0.73217 0.7372 0.74231 0.74769 0.75358 0.76023 0.76792
0.32862 0.21836 0.25461 0.29079 0.3147 0.32296 0.27163 0.18857 0.076359 0.035678 0.087639 0.071989 0.035701 0.13557 0.27278 0.41102 0.48853 0.54382 0.5863 0.61907 0.6448 0.66546 0.6822 0.69547 0.70542 0.71225 0.71631 0.71816 0.71848 0.718 0.71738 0.71718 0.7178 0.71944 0.72215 0.72583 0.73031 0.73538 0.74083 0.74647 0.75217 0.75785 0.76348 0.76911 0.77483 0.78079 0.78716 0.79416 0.80198
0.40552 0.3443 0.38187 0.38295 0.34928 0.31351 0.26417 0.1892 0.083217 0.04242 0.089892 0.081326 0.070205 0.16325 0.29935 0.44242 0.52388 0.5833 0.6292 0.66398 0.69025 0.71022 0.72548 0.73691 0.74497 0.75004 0.75253 0.75301 0.75212 0.75056 0.74897 0.74793 0.74782 0.74887 0.75112 0.75448 0.75877 0.76379 0.7693 0.77513 0.7811 0.78713 0.79318 0.79924 0.8054 0.81175 0.81843 0.82559 0.83337
0.16679 0.26289 0.3988 0.39001 0.3331 0.29524 0.25999 0.19646 0.10614 0.088897 0.13398 0.15112 0.17324 0.25174 0.36356 0.49579 0.57023 0.62773 0.67367 0.70864 0.73449 0.75334 0.76696 0.77651 0.7827 0.78603 0.787 0.78616 0.78413 0.78157 0.7791 0.77729 0.77653 0.77703 0.77885 0.78189 0.78599 0.79091 0.79644 0.80236 0.80851 0.81477 0.8211 0.82745 0.83388 0.84046 0.84727 0.85443 0.86203
0.015507 0.15247 0.34152 0.32229 0.26824 0.27471 0.26838 0.224 0.16303 0.16362 0.20039 0.23032 0.27118 0.35329 0.4468 0.56404 0.62507 0.67613 0.71923 0.75264 0.77711 0.79436 0.80618 0.81384 0.8182 0.8199 0.81944 0.81738 0.8143 0.81084 0.8076 0.8051 0.80375 0.80376 0.80518 0.80792 0.8118 0.8166 0.82208 0.82803 0.83426 0.84065 0.84712 0.85362 0.86018 0.86683 0.87361 0.88062 0.88792
0.23601 0.19081 0.27668 0.20784 0.17166 0.26644 0.29574 0.27471 0.24185 0.2507 0.27361 0.3057 0.3588 0.44989 0.53375 0.63868 0.68456 0.72672 0.76493 0.79535 0.81758 0.83282 0.84269 0.84849 0.85114 0.85132 0.84958 0.84643 0.84245 0.83821 0.8343 0.83122 0.82936 0.82894 0.82999 0.83244 0.8361 0.84074 0.84612 0.85202 0.85824 0.86465 0.87114 0.87766 0.88421 0.89078 0.89741 0.90414 0.91102
0.29321 0.18466 0.2379 0.11621 0.1132 0.28727 0.33761 0.33325 0.31858 0.33085 0.33974 0.36938 0.43141 0.53367 0.61498 0.71253 0.74467 0.77734 0.80954 0.83599 0.85532 0.86823 0.87608 0.8801 0.8812 0.88006 0.87721 0.87316 0.86842 0.86355 0.85909 0.85553 0.85325 0.85245 0.85318 0.85536 0.85879 0.86324 0.86847 0.87425 0.88037 0.8867 0.89311 0.89952 0.90592 0.91229 0.91864 0.92498 0.93133
0.13575 0.17456 0.26671 0.21014 0.22451 0.3436 0.38187 0.37983 0.37283 0.38662 0.38656 0.41488 0.48538 0.60048 0.68511 0.78054 0.80199 0.82589 0.85177 0.87371 0.88976 0.90015 0.90599 0.90837 0.90812 0.90589 0.90216 0.8974 0.89209 0.88675 0.88187 0.87794 0.87533 0.87422 0.87467 0.87659 0.87978 0.88402 0.88906 0.89465 0.9006 0.90675 0.91297 0.91916 0.9253 0.93135 0.9373 0.94314 0.94889
0.4014 0.25996 0.30387 0.34681 0.37962 0.41567 0.41358 0.39904 0.39087 0.4061 0.40568 0.43791 0.51881 0.64864 0.74154 0.83958 0.85394 0.87051 0.89038 0.90769 0.92029 0.92815 0.9321 0.93306 0.93173 0.92867 0.92431 0.91908 0.91339 0.90774 0.90259 0.89841 0.89555 0.8942 0.89441 0.89608 0.89904 0.90304 0.90784 0.9132 0.91889 0.92477 0.9307 0.93657 0.94234 0.94797 0.95341 0.95867 0.96373
0.44972 0.21252 0.26079 0.45087 0.50607 0.47231 0.42006 0.38306 0.36727 0.38488 0.39411 0.43746 0.53202 0.67858 0.78375 0.88814 0.89881 0.90976 0.92427 0.93716 0.94641 0.95187 0.95416 0.95397 0.95187 0.94828 0.94358 0.93811 0.93226 0.92648 0.92121 0.91689 0.91387 0.91235 0.91236 0.91382 0.91653 0.92027 0.9248 0.92985 0.93523 0.94076 0.94632 0.95177 0.95707 0.96216 0.96701 0.9716 0.97591
0.30724 0.090629 0.26765 0.53417 0.58171 0.49494 0.39767 0.33401 0.30553 0.32641 0.35464 0.41616 0.52778 0.69266 0.81278 0.92595 0.93564 0.94259 0.95256 0.96147 0.96768 0.97103 0.97198 0.971 0.96846 0.96469 0.95994 0.95449 0.9487 0.94296 0.93771 0.93338 0.9303 0.92867 0.92852 0.92978 0.93225 0.93571 0.93992 0.94463 0.94963 0.95474 0.95982 0.96477 0.96951 0.97399 0.97816 0.98201 0.98551
0.22139 0.30077 0.45136 0.60362 0.60899 0.48737 0.35688 0.26574 0.21752 0.24075 0.29539 0.38017 0.51107 0.69472 0.83073 0.95359 0.96406 0.9683 0.9746 0.98011 0.98375 0.98542 0.98544 0.98407 0.9815 0.97788 0.97339 0.96823 0.96271 0.9572 0.95212 0.94789 0.94484 0.94316 0.94289 0.94397 0.9462 0.94937 0.95323 0.95754 0.9621 0.96671 0.97126 0.97562 0.97972 0.9835 0.98692 0.98996 0.9926
0.26991 0.46445 0.61973 0.63968 0.6051 0.46935 0.31968 0.20476 0.12365 0.14276 0.22936 0.33868 0.48851 0.68945 0.84021 0.97208 0.98409 0.98651 0.98994 0.99274 0.99439 0.99492 0.99451 0.99321 0.991 0.9879 0.98397 0.97937 0.97434 0.96924 0.96448 0.96046 0.95752 0.95585 0.95551 0.95642 0.95841 0.96127 0.96475 0.96862 0.97268 0.97674 0.98068 0.98438 0.98776 0.99077 0.99337 0.99554 0.99728
0.51656 0.58191 0.67199 0.61941 0.58452 0.45681 0.30367 0.18123 0.069918 0.056317 0.17515 0.30278 0.46729 0.68161 0.84385 0.98259 0.99596 0.99706 0.99832 0.99915 0.99951 0.99952 0.99922 0.99847 0.99706 0.99484 0.99179 0.98799 0.98366 0.97915 0.97484 0.97114 0.96839 0.96679 0.9664 0.96717 0.96892 0.97144 0.97452 0.97792 0.98142 0.98488 0.98814 0.99111 0.9937 0.99588 0.9976 0.99886 0.99965
0.57305 0.56234 0.5731 0.52919 0.54846 0.44668 0.3028 0.19208 0.10367 0.067978 0.15467 0.28276 0.45353 0.67505 0.8438 0.98616 1 0.99996 0.99967 0.99929 0.99912 0.99929 0.99969 1 0.9998 0.99882 0.99694 0.99419 0.99077 0.987 0.98327 0.97999 0.9775 0.97603 0.97563 0.97626 0.97777 0.97996 0.9826 0.98548 0.98839 0.99118 0.99372 0.99589 0.99764 0.99893 0.99971 1 0.99981
0.40387 0.40848 0.34603 0.38576 0.4956 0.42511 0.29567 0.20248 0.14407 0.1262 0.17166 0.28327 0.45053 0.67199 0.84133 0.98348 0.99651 0.99531 0.99405 0.99325 0.99333 0.99438 0.9961 0.99796 0.99939 1 0.99957 0.9981 0.99577 0.9929 0.98986 0.98709 0.98494 0.98363 0.98325 0.98377 0.98503 0.98686 0.98904 0.99137 0.99365 0.99573 0.99749 0.99882 0.99967 1 0.9998 0.99908 0.99788
0.22134 0.29202 0.12252 0.26114 0.43468 0.38476 0.26783 0.19004 0.15802 0.16681 0.20522 0.30057 0.45781 0.67263 0.83679 0.97487 0.98573 0.98332 0.98165 0.98123 0.98239 0.98504 0.98869 0.9926 0.99606 0.99856 0.99984 0.99986 0.99879 0.99695 0.99472 0.99254 0.99078 0.98968 0.98934 0.98974 0.99076 0.99222 0.99393 0.99568 0.99728 0.99861 0.99954 0.99997 0.99987 0.99921 0.99798 0.99622 0.99398
0.19212 0.29534 0.22015 0.24335 0.37977 0.33126 0.21978 0.15087 0.14472 0.18826 0.2392 0.32655 0.47192 0.67544 0.82963 0.96028 0.96782 0.96425 0.96278 0.96355 0.96662 0.97159 0.97775 0.98417 0.99002 0.99471 0.99793 0.99963 0.99997 0.99927 0.99794 0.99642 0.99511 0.99425 0.99397 0.99427 0.99504 0.99612 0.99733 0.99847 0.99937 0.9999 0.99996 0.99946 0.99836 0.99666 0.99436 0.99152 0.98821
0.24401 0.32561 0.34557 0.28522 0.34095 0.28055 0.1659 0.091953 0.11425 0.19799 0.26845 0.35396 0.4882 0.67783 0.81873 0.93941 0.94294 0.93843 0.93783 0.94064 0.94642 0.9544 0.96362 0.97299 0.98156 0.98869 0.99405 0.99758 0.99946 1 0.99965 0.99885 0.99802 0.99743 0.99723 0.99744 0.99795 0.99864 0.99932 0.99983 1 0.99971 0.99886 0.99738 0.99525 0.99247 0.98907 0.98511 0.98071
0.23566 0.35151 0.39492 0.31217 0.32238 0.2502 0.13224 0.030682 0.088817 0.20622 0.29275 0.37808 0.50225 0.6769 0.8027 0.91183 0.91121 0.90625 0.90731 0.91301 0.92228 0.93392 0.9467 0.95938 0.97094 0.98072 0.98838 0.99388 0.9974 0.99927 0.99995 0.99992 0.99961 0.99932 0.99921 0.99932 0.99957 0.99985 1 0.99986 0.99926 0.99812 0.99633 0.99384 0.99064 0.98675 0.98221 0.97712 0.9716
0.21761 0.37543 0.36719 0.30909 0.31976 0.24368 0.13645 0.054584 0.098446 0.22048 0.31283 0.39618 0.51069 0.67006 0.78019 0.87714 0.87284 0.86819 0.87179 0.88125 0.89474 0.91062 0.92738 0.94368 0.95845 0.97105 0.98115 0.98871 0.99395 0.99722 0.99898 0.99976 0.99998 1 0.99998 1 0.99999 0.99985 0.99945 0.99863 0.99726 0.99523 0.99248 0.98895 0.98465 0.97961 0.9739 0.96765 0.961
0.37932 0.37362 0.24957 0.28175 0.31988 0.24481 0.15759 0.10861 0.13594 0.24147 0.32866 0.40671 0.51129 0.65541 0.75018 0.83511 0.82812 0.82483 0.83194 0.846 0.8644 0.88501 0.9061 0.92624 0.9444 0.95993 0.97254 0.98225 0.98926 0.99397 0.99685 0.99845 0.99924 0.99957 0.99965 0.99957 0.99929 0.99873 0.99776 0.99625 0.99407 0.99115 0.9874 0.98281 0.97738 0.97118 0.96428 0.95683 0.94903
0.45987 0.35626 0.06421 0.2574 0.30916 0.2344 0.17006 0.14883 0.17623 0.26442 0.33922 0.40881 0.50285 0.63178 0.71206 0.78573 0.77749 0.77682 0.78851 0.80799 0.83188 0.85761 0.88328 0.90743 0.92906 0.94759 0.96278 0.97466 0.98349 0.98966 0.99369 0.99612 0.99747 0.99812 0.9983 0.99812 0.99756 0.99656 0.99502 0.9928 0.98981 0.98596 0.98121 0.97553 0.96896 0.96156 0.95345 0.94479 0.93581
0.52433 0.42822 0.18039 0.2624 0.28072 0.2028 0.16525 0.17287 0.20812 0.28341 0.34307 0.40216 0.48506 0.5988 0.66569 0.72926 0.72156 0.72496 0.74231 0.76797 0.79783 0.82896 0.85936 0.88759 0.91273 0.93428 0.95206 0.96614 0.97678 0.98442 0.98959 0.99287 0.99479 0.99575 0.99602 0.99573 0.99489 0.99345 0.99131 0.98839 0.98456 0.97978 0.97401 0.96722 0.95948 0.95088 0.94153 0.93164 0.92147
0.63018 0.556 0.34958 0.2817 0.23661 0.15036 0.14583 0.18334 0.2284 0.29429 0.33909 0.38698 0.45833 0.55679 0.6114 0.66628 0.6611 0.67015 0.69424 0.72674 0.76292 0.7996 0.83476 0.86706 0.89568 0.92023 0.94057 0.95682 0.96928 0.97838 0.98469 0.98881 0.99128 0.99254 0.9929 0.99249 0.99135 0.98946 0.98674 0.98308 0.97842 0.9727 0.96589 0.95799 0.94907 0.93924 0.92864 0.9175 0.90612
0.70747 0.6293 0.44252 0.2952 0.19065 0.084172 0.12124 0.185 0.2373 0.29527 0.32698 0.36409 0.4237 0.50664 0.54994 0.5976 0.59706 0.61339 0.64526 0.68513 0.72782 0.77005 0.80989 0.84616 0.87818 0.90564 0.9285 0.94688 0.96112 0.97166 0.97909 0.98402 0.98703 0.98859 0.98902 0.98848 0.98705 0.98469 0.98137 0.97699 0.97148 0.96481 0.95696 0.94794 0.93783 0.92675 0.91489 0.90249 0.88988
0.74129 0.61359 0.47107 0.30783 0.16844 0.018247 0.10508 0.18268 0.2367 0.28664 0.30756 0.33497 0.38276 0.44973 0.48238 0.52429 0.53059 0.55585 0.59641 0.64399 0.69318 0.74081 0.78514 0.82519 0.86045 0.89072 0.916 0.93646 0.95243 0.96437 0.97288 0.9786 0.98214 0.98397 0.98446 0.98379 0.98204 0.97922 0.97529 0.97018 0.96383 0.95621 0.94732 0.93717 0.92586 0.91354 0.90039 0.88671 0.87285
0.69091 0.49822 0.45181 0.32427 0.18287 0.056923 0.10732 0.17974 0.22909 0.27028 0.28271 0.30174 0.33759 0.38784 0.41002 0.44759 0.46301 0.49884 0.54881 0.60417 0.65964 0.71234 0.76085 0.80443 0.84273 0.87566 0.90325 0.9257 0.94332 0.95662 0.96617 0.97265 0.97668 0.97877 0.9793 0.97848 0.97642 0.97313 0.96859 0.96275 0.95556 0.94699 0.93705 0.92577 0.91327 0.89969 0.88525 0.87028 0.85516
0.48553 0.29191 0.39608 0.33363 0.21337 0.11313 0.124 0.17765 0.21717 0.24904 0.25514 0.2671 0.29082 0.32317 0.33436 0.36893 0.39596 0.44386 0.50362 0.5665 0.62777 0.68506 0.73733 0.78411 0.82521 0.86061 0.89038 0.91471 0.93392 0.9485 0.95905 0.96624 0.97073 0.97305 0.97361 0.97263 0.97024 0.96649 0.96135 0.95478 0.94674 0.93723 0.92625 0.91385 0.90015 0.88531 0.86958 0.8533 0.8369
0.32036 0.056448 0.32839 0.32431 0.23826 0.15847 0.14539 0.17664 0.20341 0.22616 0.22808 0.23432 0.24577 0.25856 0.257 0.28997 0.33145 0.39265 0.46205 0.53179 0.59811 0.65934 0.71485 0.76444 0.80805 0.84572 0.87751 0.90361 0.92431 0.94011 0.95159 0.95945 0.96437 0.9669 0.96746 0.96631 0.9636 0.95937 0.95362 0.94633 0.93747 0.92702 0.91501 0.9015 0.8866 0.8705 0.85347 0.83587 0.81818
0.34537 0.13388 0.27375 0.29361 0.25035 0.19392 0.16613 0.17645 0.18974 0.20456 0.20478 0.20704 0.20681 0.1982 0.17975 0.21279 0.27227 0.34725 0.42533 0.50075 0.57111 0.63548 0.69364 0.74561 0.79142 0.83112 0.86477 0.8925 0.9146 0.93152 0.94387 0.95235 0.95766 0.96037 0.96091 0.95958 0.95653 0.95183 0.94549 0.93749 0.9278 0.91643 0.90341 0.88879 0.87271 0.85536 0.83702 0.8181 0.79909
0.39886 0.22341 0.22937 0.24395 0.2514 0.22213 0.18443 0.17653 0.17698 0.18605 0.18774 0.18873 0.17947 0.14966 0.10516 0.14102 0.22254 0.30992 0.3946 0.47398 0.5471 0.6137 0.67387 0.72775 0.77543 0.81693 0.85225 0.88147 0.90485 0.92281 0.93596 0.94501 0.95066 0.95352 0.95403 0.95251 0.94912 0.94395 0.93702 0.92831 0.91782 0.90555 0.89152 0.87581 0.85856 0.83997 0.82033 0.80008 0.77974
0.37053 0.21648 0.17666 0.17847 0.24773 0.24542 0.19944 0.1757 0.16454 0.17081 0.178 0.18156 0.16901 0.12636 0.043523 0.085342 0.18817 0.28291 0.37076 0.4519 0.52633 0.59416 0.65565 0.71098 0.76018 0.80323 0.84003 0.8706 0.89514 0.91406 0.92793 0.93749 0.94344 0.94641 0.94687 0.94515 0.94142 0.93578 0.92827 0.91887 0.90759 0.89443 0.87943 0.86265 0.84424 0.82441 0.80348 0.78189 0.76022
0.26621 0.15488 0.11452 0.10441 0.24862 0.26496 0.21008 0.17224 0.15057 0.15758 0.17493 0.18519 0.17644 0.13783 0.060295 0.078571 0.17524 0.26775 0.35428 0.43468 0.50887 0.57693 0.63905 0.69535 0.74575 0.79009 0.82819 0.85996 0.88554 0.9053 0.91982 0.92983 0.93604 0.93909 0.93948 0.93754 0.93347 0.92737 0.91929 0.90922 0.89717 0.88315 0.86719 0.84936 0.82982 0.80878 0.78656 0.76363 0.74061
0.18425 0.097402 0.077653 0.072259 0.26303 0.28083 0.21515 0.16436 0.13268 0.14477 0.17699 0.19703 0.19707 0.17297 0.12046 0.12142 0.18442 0.26447 0.34508 0.42224 0.49469 0.56199 0.6241 0.68091 0.73218 0.77758 0.81678 0.84959 0.87609 0.8966 0.91169 0.92208 0.92851 0.93161 0.93191 0.92974 0.92533 0.91878 0.91014 0.89942 0.88662 0.87176 0.85488 0.83603 0.81537 0.79314 0.76965 0.74538 0.72099
0.15904 0.048522 0.11469 0.14953 0.29354 0.29255 0.21412 0.1511 0.10883 0.13187 0.18284 0.21391 0.22446 0.21627 0.17986 0.17562 0.20901 0.27126 0.34243 0.41424 0.4836 0.54928 0.61078 0.66769 0.71952 0.76574 0.80585 0.83956 0.86685 0.88801 0.90358 0.91429 0.92088 0.92401 0.92419 0.9218 0.91704 0.91004 0.90086 0.88952 0.876 0.86033 0.84254 0.82271 0.80097 0.77756 0.75281 0.72722 0.70146
0.16091 0.041219 0.19745 0.2567 0.33471 0.29993 0.20802 0.13335 0.077834 0.12088 0.19189 0.23322 0.25375 0.25964 0.23406 0.22839 0.24086 0.28521 0.34513 0.4101 0.47532 0.53865 0.59902 0.65565 0.70777 0.75459 0.79544 0.82989 0.85784 0.87954 0.89552 0.90649 0.9132 0.91632 0.91638 0.91374 0.90864 0.90121 0.89151 0.87955 0.86534 0.8489 0.83025 0.80946 0.78668 0.76212 0.73614 0.70922 0.68208
0.23903 0.16992 0.30874 0.3658 0.37858 0.30382 0.19983 0.11511 0.039648 0.11686 0.20416 0.25316 0.28191 0.29943 0.28187 0.27643 0.27439 0.30328 0.35176 0.40912 0.46949 0.5299 0.58873 0.64479 0.69694 0.74415 0.78556 0.82061 0.8491 0.87125 0.88755 0.89872 0.9055 0.90858 0.90849 0.9056 0.90017 0.89232 0.88211 0.86957 0.8547 0.83752 0.81804 0.79634 0.77254 0.74688 0.71968 0.69146 0.66293
0.3578 0.30293 0.43705 0.4685 0.41956 0.30621 0.19411 0.10471 0.0039662 0.12559 0.21967 0.27249 0.30707 0.33387 0.32271 0.31855 0.30648 0.32296 0.36087 0.41051 0.46567 0.52282 0.57981 0.63503 0.68701 0.73444 0.77625 0.81174 0.84066 0.86315 0.87969 0.89099 0.89781 0.90081 0.90056 0.89742 0.89165 0.88339 0.87271 0.85962 0.84412 0.82623 0.80597 0.78339 0.75862 0.73188 0.7035 0.67399 0.64408
0.35905 0.40894 0.56588 0.56034 0.45486 0.30905 0.19509 0.11154 0.053864 0.14827 0.23794 0.29019 0.32807 0.362 0.3563 0.35424 0.33546 0.34244 0.37119 0.41351 0.46345 0.51717 0.57213 0.62634 0.67797 0.72544 0.7675 0.80331 0.83252 0.85525 0.87196 0.88334 0.89014 0.89305 0.89261 0.88922 0.88313 0.87447 0.86333 0.84971 0.83362 0.81506 0.79406 0.77065 0.74496 0.71719 0.68766 0.65688 0.6256
0.23733 0.48758 0.68064 0.63767 0.48214 0.31234 0.20403 0.13599 0.10517 0.18079 0.25778 0.30534 0.34408 0.3833 0.38256 0.38336 0.36047 0.3605 0.38171 0.41745 0.46239 0.5127 0.56556 0.61863 0.66977 0.71715 0.75931 0.79531 0.82471 0.84759 0.86438 0.87578 0.88252 0.88531 0.88468 0.88103 0.87462 0.86558 0.854 0.83989 0.82324 0.80406 0.78236 0.75817 0.73161 0.70285 0.67221 0.64019 0.60755
0.32992 0.55086 0.7703 0.69541 0.49724 0.31307 0.21843 0.17037 0.15639 0.21773 0.27749 0.31703 0.35455 0.39757 0.40158 0.40595 0.38111 0.37637 0.39165 0.42174 0.46212 0.50918 0.55996 0.61184 0.66239 0.70955 0.75169 0.78775 0.81723 0.84016 0.85696 0.86832 0.87497 0.8776 0.87677 0.87286 0.86614 0.85674 0.84475 0.83017 0.81301 0.79325 0.7709 0.74598 0.71859 0.6889 0.65719 0.62397 0.58998
0.51016 0.59116 0.82676 0.72712 0.49407 0.30619 0.23418 0.2077 0.20524 0.25458 0.29516 0.32437 0.35912 0.40479 0.41362 0.42226 0.39727 0.38961 0.40046 0.4259 0.46231 0.50641 0.55522 0.60589 0.65579 0.70262 0.74462 0.78062 0.81007 0.83297 0.84972 0.86098 0.8675 0.86995 0.8689 0.86474 0.85771 0.84797 0.83559 0.82059 0.80294 0.78265 0.7597 0.73411 0.70595 0.67537 0.64266 0.60828 0.57296
0.51725 0.58878 0.84631 0.72781 0.46694 0.28688 0.2481 0.24388 0.24968 0.28794 0.30893 0.3266 0.35758 0.40517 0.41907 0.43264 0.40903 0.4 0.40778 0.42958 0.46268 0.50419 0.5512 0.60072 0.64991 0.69634 0.73809 0.77393 0.80325 0.82603 0.84265 0.85376 0.86011 0.86237 0.86109 0.85667 0.84935 0.83929 0.82655 0.81115 0.79306 0.77228 0.74879 0.72258 0.69371 0.66231 0.62864 0.59314 0.55653
0.35781 0.54735 0.83231 0.69813 0.41368 0.25286 0.25921 0.27679 0.28812 0.31536 0.31726 0.32311 0.34993 0.39906 0.41844 0.43753 0.41659 0.40749 0.41339 0.43254 0.46301 0.50238 0.54781 0.59626 0.64473 0.69067 0.73208 0.76765 0.79675 0.81933 0.83576 0.84668 0.85283 0.85487 0.85335 0.84867 0.84107 0.83071 0.81763 0.80187 0.78339 0.76217 0.73818 0.71141 0.68189 0.64973 0.61516 0.5786 0.54074
0.16874 0.50161 0.7954 0.64723 0.33851 0.20633 0.26871 0.30554 0.31951 0.33525 0.31907 0.31356 0.33633 0.387 0.41237 0.43748 0.42025 0.41212 0.41718 0.43459 0.46315 0.50085 0.54497 0.59244 0.6402 0.68559 0.72656 0.76178 0.79057 0.81288 0.82905 0.83973 0.84564 0.84745 0.84569 0.84075 0.83289 0.82223 0.80886 0.79276 0.77392 0.75231 0.72789 0.70061 0.67051 0.63766 0.60227 0.5647 0.52563
0.27108 0.48208 0.74992 0.59241 0.25594 0.15737 0.27921 0.32999 0.34334 0.34678 0.3138 0.2979 0.31715 0.36964 0.40156 0.43308 0.42036 0.41404 0.41915 0.43566 0.463 0.4995 0.5426 0.58921 0.63627 0.68107 0.72153 0.7563 0.7847 0.80666 0.82252 0.83292 0.83857 0.84012 0.83811 0.83292 0.8248 0.81388 0.80022 0.78384 0.76468 0.74273 0.71792 0.6902 0.65959 0.62612 0.58997 0.55147 0.51124
0.40239 0.48426 0.70778 0.55368 0.20057 0.13232 0.29341 0.35042 0.35972 0.34994 0.30144 0.27634 0.29292 0.3478 0.38683 0.42498 0.41729 0.41343 0.41933 0.43572 0.46251 0.49829 0.54064 0.58653 0.6329 0.67707 0.71695 0.75119 0.77912 0.80067 0.81617 0.82625 0.83161 0.83289 0.83062 0.82519 0.81682 0.80565 0.79175 0.7751 0.75567 0.73342 0.70829 0.68019 0.64913 0.61512 0.57828 0.53892 0.49761
0.38951 0.48637 0.67246 0.54282 0.21967 0.16094 0.3129 0.36738 0.36933 0.34545 0.28259 0.24943 0.26435 0.32241 0.36902 0.41381 0.41146 0.41052 0.41785 0.4348 0.46164 0.49716 0.53905 0.58436 0.63007 0.67356 0.71279 0.74643 0.77383 0.7949 0.80999 0.81971 0.82475 0.82575 0.82323 0.81755 0.80894 0.79755 0.78342 0.76655 0.74689 0.7244 0.69899 0.67058 0.63914 0.60465 0.56722 0.52709 0.48476
0.30084 0.47205 0.63766 0.55558 0.29989 0.2277 0.33763 0.38157 0.37341 0.33481 0.25844 0.21797 0.23232 0.29451 0.34902 0.40023 0.40327 0.40555 0.41483 0.43297 0.46043 0.49612 0.5378 0.58264 0.62773 0.67052 0.70904 0.74201 0.7688 0.78934 0.80398 0.81331 0.81801 0.81871 0.81592 0.81001 0.80118 0.78958 0.77526 0.75819 0.73835 0.71565 0.69003 0.66137 0.62962 0.59474 0.55679 0.51597 0.47272
0.30163 0.43047 0.5928 0.57765 0.39815 0.3068 0.36638 0.39386 0.37369 0.32018 0.23078 0.18303 0.19783 0.26527 0.32774 0.38487 0.39311 0.39879 0.41045 0.43033 0.45893 0.49517 0.53689 0.58137 0.62585 0.6679 0.70566 0.7379 0.76402 0.78399 0.79812 0.80703 0.81137 0.81177 0.80872 0.80256 0.79353 0.78175 0.76725 0.75003 0.73003 0.70719 0.6814 0.65255 0.62057 0.58538 0.547 0.50558 0.4615
0.3503 0.35347 0.53101 0.59683 0.49435 0.3866 0.39755 0.40521 0.37218 0.3043 0.20213 0.14592 0.16205 0.23598 0.30608 0.36832 0.38137 0.3905 0.40492 0.42701 0.4572 0.49433 0.53629 0.58051 0.62439 0.66568 0.70262 0.73407 0.75948 0.77881 0.79242 0.80087 0.80484 0.80492 0.8016 0.79522 0.786 0.77405 0.75941 0.74206 0.72195 0.699 0.6731 0.64413 0.61198 0.57656 0.53784 0.49592 0.45112
0.30535 0.24207 0.45348 0.60907 0.58215 0.46236 0.42977 0.41658 0.37093 0.29017 0.1758 0.10831 0.12635 0.20804 0.28487 0.3511 0.36839 0.38096 0.39843 0.42317 0.45534 0.49365 0.53601 0.58004 0.62334 0.66383 0.69991 0.73051 0.75515 0.77382 0.78685 0.79483 0.79841 0.79817 0.79458 0.78798 0.77857 0.76647 0.75171 0.73427 0.71409 0.69108 0.66512 0.63609 0.60385 0.56827 0.5293 0.48699 0.44157
0.19567 0.11948 0.36926 0.61815 0.66056 0.53204 0.46201 0.42874 0.37166 0.28054 0.15585 0.072803 0.092672 0.183 0.26487 0.33366 0.3545 0.37042 0.39123 0.41899 0.45347 0.49316 0.53606 0.57994 0.62266 0.66232 0.69749 0.7272 0.75103 0.76898 0.78142 0.78891 0.79208 0.79151 0.78765 0.78084 0.77126 0.75903 0.74417 0.72666 0.70644 0.68342 0.65746 0.62842 0.59615 0.56051 0.52139 0.47878 0.43287
0.19821 0.06898 0.29491 0.63277 0.73051 0.59471 0.49347 0.44207 0.37535 0.27712 0.14602 0.04582 0.06453 0.16243 0.2467 0.31637 0.33998 0.35917 0.38355 0.41464 0.45168 0.49293 0.53644 0.5802 0.62231 0.66112 0.69533 0.72411 0.74708 0.76429 0.77611 0.78308 0.78584 0.78493 0.78081 0.77379 0.76405 0.7517 0.73677 0.71923 0.69901 0.67601 0.6501 0.62111 0.58889 0.55325 0.51407 0.47128 0.425
0.27983 0.10399 0.25997 0.66207 0.79296 0.64968 0.52331 0.45643 0.38204 0.28002 0.14756 0.043142 0.049611 0.14768 0.23077 0.29949 0.32508 0.34748 0.37565 0.41033 0.4501 0.49301 0.53716 0.58081 0.62229 0.6602 0.69341 0.72122 0.7433 0.75974 0.77091 0.77735 0.77968 0.77844 0.77405 0.76683 0.75694 0.7445 0.72952 0.71197 0.69178 0.66884 0.64303 0.61415 0.58204 0.54649 0.50733 0.46447 0.41794
0.31655 0.079079 0.29862 0.71073 0.84794 0.69609 0.55056 0.47113 0.39088 0.2877 0.1579 0.063459 0.055101 0.1394 0.21725 0.28319 0.31005 0.33563 0.36781 0.40625 0.44886 0.49345 0.53824 0.58174 0.62256 0.65953 0.69171 0.7185 0.73967 0.75531 0.76581 0.77171 0.77361 0.77202 0.76737 0.75995 0.74993 0.73741 0.7224 0.70487 0.68474 0.66191 0.63623 0.60752 0.57558 0.54019 0.50116 0.45833 0.41168
0.29852 0.048853 0.40616 0.77613 0.8941 0.73288 0.5741 0.48509 0.40037 0.2977 0.17257 0.088604 0.072848 0.13705 0.20601 0.26754 0.29511 0.32391 0.36028 0.4026 0.44806 0.49429 0.53968 0.58298 0.62309 0.65908 0.69019 0.71594 0.73616 0.75099 0.76081 0.76615 0.76761 0.76568 0.76077 0.75316 0.74302 0.73043 0.71541 0.69792 0.67788 0.65519 0.6297 0.6012 0.56949 0.53434 0.49552 0.45283 0.4062
0.34963 0.22871 0.55031 0.84928 0.9289 0.75885 0.5928 0.49708 0.40881 0.30733 0.18753 0.11187 0.092892 0.13902 0.19668 0.25254 0.28047 0.31264 0.35335 0.39957 0.44781 0.4956 0.54149 0.58452 0.62387 0.65884 0.68884 0.71352 0.73277 0.74676 0.75588 0.76067 0.76168 0.7594 0.75424 0.74645 0.73619 0.72355 0.70853 0.69111 0.67119 0.64868 0.62341 0.59517 0.56376 0.52892 0.49038 0.44794 0.40145
0.55909 0.43967 0.70175 0.91813 0.9492 0.77301 0.60573 0.50594 0.4146 0.31432 0.2 0.13129 0.11121 0.14323 0.1887 0.23815 0.26638 0.30213 0.3473 0.39735 0.44822 0.4974 0.54367 0.58634 0.62486 0.65876 0.68763 0.71121 0.72947 0.74262 0.75104 0.75525 0.75581 0.75319 0.74777 0.73981 0.72944 0.71676 0.70178 0.68444 0.66467 0.64236 0.61735 0.58943 0.55837 0.52389 0.48573 0.44364 0.39742
0.77294 0.62161 0.83631 0.97079 0.95195 0.77485 0.61234 0.51078 0.4165 0.31698 0.20834 0.14617 0.12633 0.14777 0.18138 0.22431 0.2531 0.29275 0.3424 0.3961 0.44935 0.49972 0.54621 0.58841 0.62604 0.65883 0.68653 0.709 0.72626 0.73855 0.74625 0.74989 0.75 0.74704 0.74137 0.73323 0.72278 0.71007 0.69512 0.67789 0.65829 0.63622 0.6115 0.58394 0.55328 0.51924 0.48153 0.43987 0.39405
0.86576 0.73026 0.93572 0.99781 0.93497 0.76453 0.61257 0.51115 0.41374 0.3143 0.21169 0.15632 0.13765 0.15116 0.17406 0.21098 0.24096 0.28485 0.3389 0.39596 0.45128 0.50258 0.54912 0.59074 0.6274 0.65903 0.68554 0.70687 0.72312 0.73454 0.74152 0.74459 0.74424 0.74094 0.73502 0.72672 0.71618 0.70346 0.68857 0.67146 0.65205 0.63024 0.60586 0.57868 0.54847 0.51493 0.47775 0.43662 0.3913
0.79244 0.75025 0.98991 0.99342 0.8974 0.74303 0.60691 0.50706 0.40608 0.30585 0.20981 0.16182 0.14498 0.15242 0.16616 0.19822 0.23036 0.27879 0.33703 0.39704 0.45405 0.50599 0.55237 0.59327 0.62889 0.65932 0.68461 0.7048 0.72003 0.73057 0.73684 0.73933 0.73853 0.73489 0.72873 0.72027 0.70965 0.69692 0.6821 0.66513 0.64594 0.62442 0.6004 0.57365 0.54394 0.51094 0.47435 0.43384 0.38914
0.56621 0.70102 0.99772 0.956 0.83997 0.7121 0.59631 0.49897 0.3938 0.29174 0.20289 0.16298 0.14833 0.15088 0.15724 0.18622 0.22175 0.27494 0.33697 0.39942 0.45768 0.50994 0.55594 0.59601 0.6305 0.6597 0.68374 0.70277 0.71697 0.72665 0.7322 0.73411 0.73286 0.72888 0.72248 0.71388 0.70318 0.69046 0.67572 0.6589 0.63995 0.61873 0.5951 0.56882 0.53964 0.50725 0.47131 0.43149 0.38751
0.2477 0.62807 0.96507 0.88782 0.76483 0.67417 0.5821 0.48772 0.37763 0.27255 0.19144 0.16027 0.14781 0.14617 0.14705 0.17535 0.21565 0.27358 0.33885 0.40314 0.46217 0.51441 0.55982 0.59892 0.63221 0.66012 0.68291 0.70077 0.71395 0.72275 0.72758 0.72892 0.72723 0.72292 0.71628 0.70753 0.69677 0.68406 0.66941 0.65277 0.63406 0.61317 0.58995 0.56417 0.53556 0.50381 0.46858 0.42953 0.38636
0.12121 0.57829 0.90189 0.79424 0.67527 0.63207 0.56582 0.47446 0.3587 0.2492 0.17619 0.15425 0.14366 0.1381 0.13559 0.16622 0.21259 0.27496 0.34274 0.40821 0.46752 0.51939 0.56399 0.60197 0.63399 0.66058 0.68209 0.69879 0.71094 0.71888 0.72299 0.72376 0.72163 0.71699 0.71012 0.70123 0.69041 0.67772 0.66317 0.64671 0.62826 0.60773 0.58494 0.55968 0.53168 0.50062 0.46615 0.42793 0.38566
0.37805 0.5671 0.81935 0.68279 0.57533 0.58892 0.54904 0.46047 0.33845 0.2229 0.15808 0.14555 0.13615 0.1266 0.12317 0.15972 0.21302 0.27919 0.34865 0.41461 0.47368 0.52483 0.5684 0.60513 0.63581 0.66105 0.68128 0.69681 0.70794 0.71501 0.71842 0.71862 0.71606 0.71109 0.70399 0.69496 0.68409 0.67143 0.65699 0.64072 0.62255 0.60238 0.58005 0.55533 0.52797 0.49764 0.46398 0.42665 0.38534
0.54206 0.57412 0.7284 0.56241 0.46958 0.54784 0.53318 0.44705 0.31848 0.19516 0.13814 0.13487 0.12561 0.11175 0.11059 0.15687 0.21727 0.28629 0.35653 0.42227 0.4806 0.53071 0.57302 0.60839 0.63766 0.66152 0.68045 0.69482 0.70493 0.71115 0.71386 0.7135 0.71051 0.70522 0.6979 0.68874 0.67782 0.66519 0.65086 0.63479 0.61692 0.59712 0.57527 0.55112 0.52442 0.49484 0.46204 0.42565 0.38538
0.61095 0.57387 0.63934 0.44357 0.36336 0.51182 0.51941 0.43532 0.3004 0.16764 0.11744 0.12289 0.1124 0.093669 0.099367 0.15869 0.22544 0.29617 0.36627 0.43111 0.48823 0.53696 0.57782 0.6117 0.63951 0.66196 0.6796 0.6928 0.70191 0.70729 0.70931 0.7084 0.70497 0.69937 0.69184 0.68254 0.67158 0.65899 0.64479 0.62893 0.61134 0.59194 0.57057 0.54701 0.521 0.49221 0.46029 0.42489 0.38571
0.621 0.55432 0.5612 0.34004 0.26466 0.48346 0.50856 0.42612 0.2856 0.14223 0.097069 0.11033 0.096991 0.072658 0.092019 0.16588 0.23742 0.30864 0.37771 0.44103 0.49648 0.54355 0.58276 0.61505 0.64133 0.66236 0.6787 0.69075 0.69887 0.70341 0.70475 0.7033 0.69946 0.69354 0.6858 0.67638 0.66538 0.65283 0.63875 0.62311 0.60583 0.58683 0.56596 0.543 0.5177 0.48972 0.45872 0.42435 0.3863
0.59854 0.51388 0.50017 0.27248 0.1902 0.46475 0.50105 0.4199 0.27499 0.12091 0.078075 0.097922 0.080062 0.049365 0.091696 0.17859 0.25293 0.32345 0.39069 0.4519 0.50528 0.5504 0.58781 0.6184 0.64311 0.6627 0.67774 0.68866 0.6958 0.69952 0.70019 0.69821 0.69395 0.68773 0.67978 0.67024 0.6592 0.64671 0.63276 0.61733 0.60036 0.58177 0.56141 0.53907 0.51449 0.48735 0.4573 0.42398 0.38712
0.5483 0.45363 0.45766 0.26258 0.17244 0.45667 0.49697 0.41669 0.26885 0.10544 0.061441 0.08655 0.062915 0.026572 0.10054 0.19647 0.27157 0.3403 0.40501 0.4636 0.51454 0.55747 0.59291 0.62173 0.64483 0.66297 0.67672 0.68651 0.69269 0.69561 0.69562 0.69312 0.68846 0.68194 0.67378 0.66413 0.65305 0.64061 0.62679 0.61158 0.59494 0.57676 0.55692 0.53521 0.51137 0.48508 0.456 0.42377 0.38811
0.47172 0.37301 0.43056 0.30515 0.21951 0.459 0.49607 0.41617 0.26675 0.096699 0.048077 0.07734 0.048678 0.023575 0.11824 0.21887 0.29291 0.3589 0.42045 0.47598 0.52417 0.5647 0.59803 0.62501 0.64647 0.66315 0.67562 0.6843 0.68954 0.69168 0.69105 0.68803 0.68297 0.67616 0.6678 0.65803 0.64693 0.63453 0.62085 0.60587 0.58954 0.57179 0.55247 0.5314 0.50831 0.48289 0.45479 0.42367 0.38925
0.38054 0.2701 0.41527 0.37272 0.29579 0.47033 0.49791 0.41781 0.26778 0.093933 0.038838 0.071782 0.044277 0.049459 0.14289 0.24504 0.31648 0.37895 0.43681 0.48891 0.53408 0.57201 0.60314 0.6282 0.648 0.66323 0.67444 0.68203 0.68635 0.68771 0.68645 0.68294 0.67749 0.67039 0.66184 0.65195 0.64082 0.62848 0.61494 0.60018 0.58418 0.56684 0.54806 0.52763 0.5053 0.48077 0.45367 0.42367 0.39051
0.29646 0.1443 0.41194 0.44557 0.37744 0.48843 0.50192 0.42098 0.27089 0.09511 0.034498 0.071503 0.0552 0.082569 0.17254 0.27424 0.34187 0.40014 0.4539 0.50225 0.54417 0.57937 0.60818 0.63129 0.64941 0.6632 0.67316 0.67969 0.6831 0.68371 0.68184 0.67784 0.67201 0.66463 0.65588 0.64589 0.63473 0.62244 0.60904 0.59451 0.57883 0.56192 0.54368 0.52389 0.50233 0.47868 0.45259 0.42373 0.39185
0.25171 0.008987 0.42415 0.51457 0.45518 0.51076 0.50749 0.42512 0.27515 0.098202 0.035556 0.077509 0.077101 0.11863 0.20578 0.30585 0.3687 0.42221 0.47152 0.51586 0.55436 0.5867 0.61314 0.63426 0.6507 0.66305 0.67178 0.67726 0.6798 0.67968 0.67721 0.67273 0.66653 0.65888 0.64994 0.63985 0.62866 0.61642 0.60316 0.58886 0.5735 0.55702 0.53931 0.52017 0.49939 0.47663 0.45156 0.42385 0.39324
0.2846 0.15004 0.45356 0.57567 0.52487 0.53492 0.51407 0.42985 0.27999 0.1022 0.04207 0.089654 0.1047 0.15675 0.24163 0.33933 0.39662 0.44492 0.48949 0.52964 0.56457 0.59395 0.61796 0.63707 0.65183 0.66276 0.67029 0.67476 0.67643 0.67561 0.67256 0.66761 0.66106 0.65313 0.64401 0.63381 0.6226 0.61041 0.59728 0.58321 0.56817 0.55212 0.53494 0.51647 0.49645 0.4746 0.45055 0.42399 0.39467
0.38857 0.29237 0.49511 0.62682 0.5844 0.55888 0.52123 0.43498 0.2853 0.10739 0.053895 0.10707 0.13565 0.19648 0.27941 0.37421 0.42531 0.46803 0.50763 0.54345 0.57472 0.60107 0.62262 0.63971 0.6528 0.66234 0.66869 0.67216 0.67301 0.6715 0.66789 0.66249 0.65558 0.64739 0.63809 0.62779 0.61655 0.60442 0.59142 0.57757 0.56285 0.54722 0.53058 0.51276 0.49352 0.47257 0.44955 0.42415 0.39611
0.51504 0.40758 0.53852 0.6668 0.63265 0.58113 0.52869 0.44059 0.29142 0.11519 0.070912 0.12884 0.16893 0.23749 0.31857 0.41008 0.45449 0.49133 0.52581 0.55719 0.58473 0.60802 0.62709 0.64216 0.6536 0.66176 0.66697 0.66948 0.66953 0.66734 0.66319 0.65735 0.6501 0.64166 0.63218 0.62178 0.61051 0.59843 0.58557 0.57194 0.55754 0.54233 0.52622 0.50905 0.49058 0.47053 0.44854 0.42429 0.39754
0.61752 0.47898 0.57325 0.69479 0.66922 0.60068 0.53633 0.44694 0.29907 0.12752 0.092975 0.15428 0.20401 0.27949 0.35868 0.44658 0.48391 0.51464 0.54388 0.57075 0.59453 0.61475 0.63133 0.64441 0.65421 0.66104 0.66513 0.66671 0.66598 0.66315 0.65847 0.65221 0.64462 0.63593 0.62628 0.61577 0.60448 0.59245 0.57971 0.5663 0.55222 0.53742 0.52185 0.50532 0.48763 0.46847 0.44751 0.42441 0.39895
0.6636 0.49535 0.59236 0.71031 0.69424 0.61699 0.54417 0.45446 0.3092 0.146 0.11983 0.18288 0.24052 0.32218 0.39936 0.4834 0.51334 0.53778 0.5617 0.58405 0.60406 0.62121 0.63533 0.64643 0.65463 0.66015 0.66316 0.66384 0.66236 0.65891 0.65372 0.64705 0.63914 0.6302 0.62038 0.60978 0.59846 0.58647 0.57386 0.56067 0.54689 0.53251 0.51746 0.50157 0.48465 0.46639 0.44644 0.4245 0.40031
0.6398 0.45409 0.59381 0.7132 0.70826 0.62991 0.55238 0.46363 0.32275 0.17131 0.15109 0.2142 0.27816 0.36528 0.44028 0.52023 0.54256 0.5606 0.57917 0.597 0.61326 0.62737 0.63905 0.64821 0.65485 0.6591 0.66107 0.66088 0.65868 0.65463 0.64895 0.64188 0.63366 0.62448 0.61449 0.60379 0.59244 0.5805 0.56802 0.55503 0.54155 0.52758 0.51305 0.4978 0.48164 0.46427 0.44534 0.42454 0.40161
0.55447 0.36254 0.57982 0.70368 0.71212 0.63959 0.56114 0.47494 0.34048 0.2032 0.18627 0.24786 0.31664 0.40851 0.48114 0.55683 0.57139 0.58296 0.59618 0.60953 0.62208 0.63319 0.64249 0.64974 0.65487 0.65789 0.65885 0.65783 0.65493 0.65031 0.64416 0.6367 0.62818 0.61877 0.60861 0.59781 0.58643 0.57453 0.56217 0.54938 0.53621 0.52263 0.50861 0.494 0.47859 0.4621 0.44419 0.42452 0.40285
0.44062 0.23882 0.555 0.68232 0.70689 0.64632 0.57067 0.48875 0.3628 0.24082 0.22478 0.28344 0.35566 0.4516 0.52165 0.59294 0.59966 0.60473 0.61263 0.62156 0.63047 0.63865 0.64561 0.65102 0.65467 0.65651 0.6565 0.65468 0.65112 0.64595 0.63934 0.63151 0.62269 0.61306 0.60274 0.59184 0.58043 0.56857 0.55632 0.54373 0.53084 0.51767 0.50415 0.49016 0.47551 0.45989 0.44298 0.42444 0.40401
0.36418 0.12463 0.5239 0.64996 0.69371 0.6505 0.58111 0.50522 0.38965 0.2831 0.26599 0.3205 0.39492 0.49428 0.56156 0.62834 0.62719 0.6258 0.62845 0.63304 0.6384 0.64372 0.64841 0.65202 0.65426 0.65495 0.65402 0.65144 0.64725 0.64155 0.6345 0.62631 0.61721 0.60735 0.59688 0.58588 0.57444 0.56261 0.55047 0.53807 0.52547 0.51268 0.49966 0.48629 0.47237 0.45763 0.44171 0.42428 0.40508
0.39446 0.14082 0.48879 0.6077 0.67381 0.65256 0.59252 0.52431 0.42056 0.32887 0.3092 0.3586 0.43413 0.53629 0.60062 0.66283 0.65386 0.64607 0.64356 0.64391 0.64582 0.64837 0.65086 0.65275 0.65362 0.65323 0.65142 0.64811 0.64331 0.6371 0.62964 0.62111 0.61172 0.60165 0.59102 0.57993 0.56845 0.55665 0.54461 0.5324 0.52008 0.50766 0.49514 0.48237 0.46919 0.4553 0.44036 0.42404 0.40605
0.50135 0.24317 0.44891 0.55686 0.64846 0.6529 0.60484 0.54575 0.45479 0.37701 0.35373 0.39727 0.47298 0.57737 0.63862 0.69623 0.67953 0.66544 0.6579 0.65414 0.65272 0.65259 0.65297 0.6532 0.65277 0.65134 0.64869 0.64469 0.63931 0.63262 0.62475 0.61589 0.60624 0.59596 0.58518 0.57399 0.56247 0.5507 0.53876 0.52672 0.51467 0.50263 0.49058 0.47841 0.46595 0.45291 0.43895 0.42371 0.40692
0.61076 0.32868 0.40151 0.49902 0.61901 0.6519 0.61789 0.56906 0.4914 0.42644 0.39885 0.43604 0.51116 0.61729 0.67536 0.72837 0.70409 0.68385 0.6714 0.66369 0.65905 0.65636 0.65472 0.65337 0.6517 0.64928 0.64583 0.64117 0.63525 0.62811 0.61985 0.61068 0.60076 0.59028 0.57934 0.56805 0.55649 0.54475 0.5329 0.52104 0.50924 0.49756 0.48598 0.47441 0.46266 0.45046 0.43745 0.42329 0.40769
0.68339 0.3766 0.34387 0.43613 0.58688 0.64991 0.63141 0.59364 0.52937 0.47617 0.44387 0.47443 0.54839 0.65582 0.71064 0.75911 0.72743 0.70121 0.68404 0.67251 0.6648 0.65967 0.65611 0.65325 0.6504 0.64705 0.64285 0.63758 0.63114 0.62356 0.61494 0.60545 0.59529 0.5846 0.57352 0.56213 0.55053 0.5388 0.52704 0.51534 0.5038 0.49247 0.48135 0.47036 0.45931 0.44793 0.43588 0.42278 0.40835
0.71048 0.38637 0.27528 0.3706 0.55368 0.64726 0.64509 0.61881 0.56769 0.52524 0.48811 0.51201 0.58438 0.69276 0.74431 0.78831 0.74947 0.71747 0.69576 0.68059 0.66996 0.66251 0.65712 0.65285 0.64889 0.64466 0.63975 0.63389 0.62697 0.61897 0.61 0.60022 0.58982 0.57894 0.56771 0.55622 0.54458 0.53286 0.52118 0.50963 0.49833 0.48735 0.47668 0.46625 0.4559 0.44534 0.43422 0.42217 0.40889
0.70417 0.36895 0.19815 0.30557 0.52118 0.6443 0.65856 0.64385 0.60539 0.57279 0.53096 0.54833 0.61885 0.72791 0.77623 0.81587 0.77012 0.73258 0.70653 0.68791 0.67452 0.66487 0.65777 0.65216 0.64716 0.64211 0.63654 0.63013 0.62275 0.61436 0.60506 0.595 0.58435 0.57328 0.56191 0.55033 0.53863 0.52692 0.51531 0.50392 0.49285 0.4822 0.47197 0.4621 0.45243 0.44267 0.43247 0.42146 0.40931
0.68824 0.34397 0.11872 0.2453 0.49131 0.64137 0.67148 0.66806 0.64161 0.61806 0.57181 0.58299 0.65157 0.7611 0.80626 0.84168 0.78934 0.74651 0.71634 0.69444 0.67845 0.66675 0.65804 0.65118 0.64521 0.6394 0.63321 0.62629 0.61847 0.60972 0.6001 0.58977 0.5789 0.56765 0.55613 0.54445 0.5327 0.52099 0.50945 0.4982 0.48735 0.47702 0.46722 0.4579 0.44889 0.43993 0.43064 0.42065 0.40962
0.68441 0.3317 0.053323 0.19601 0.46601 0.6388 0.68351 0.69081 0.67555 0.66033 0.61014 0.61564 0.68232 0.79218 0.8343 0.86566 0.80706 0.75922 0.72515 0.70019 0.68177 0.66815 0.65794 0.64993 0.64306 0.63653 0.62977 0.62238 0.61416 0.60505 0.59513 0.58455 0.57346 0.56202 0.55036 0.53858 0.52678 0.51507 0.50359 0.49246 0.48184 0.47181 0.46244 0.45365 0.4453 0.43711 0.42872 0.41974 0.40981
0.69791 0.33821 0.060829 0.16613 0.447 0.63688 0.69435 0.7115 0.70654 0.699 0.64549 0.64596 0.71089 0.82104 0.86026 0.88775 0.82324 0.77068 0.73296 0.70514 0.68446 0.66907 0.65748 0.64839 0.64069 0.63352 0.62623 0.6184 0.6098 0.60037 0.59016 0.57933 0.56803 0.55641 0.54461 0.53273 0.52088 0.50916 0.49773 0.48673 0.4763 0.46658 0.45761 0.44935 0.44164 0.43422 0.42671 0.41872 0.40988
0.71348 0.35028 0.10624 0.16197 0.43543 0.63581 0.70374 0.72964 0.73401 0.73357 0.67745 0.67366 0.73713 0.84757 0.88407 0.90789 0.83786 0.78088 0.73977 0.7093 0.68653 0.66951 0.65665 0.64659 0.63813 0.63036 0.62258 0.61435 0.6054 0.59566 0.58518 0.57411 0.56261 0.55083 0.53889 0.5269 0.51498 0.50326 0.49187 0.48098 0.47076 0.46132 0.45275 0.445 0.43792 0.43126 0.42462 0.4176 0.40983
0.70714 0.3493 0.13842 0.17969 0.43161 0.63571 0.71144 0.74482 0.7575 0.76361 0.70571 0.69853 0.7609 0.87168 0.90567 0.92605 0.85088 0.78981 0.74557 0.71266 0.68799 0.66947 0.65547 0.64452 0.63538 0.62706 0.61885 0.61023 0.60096 0.59093 0.5802 0.56891 0.55721 0.54526 0.53318 0.52109 0.50911 0.49737 0.48602 0.47523 0.46519 0.45604 0.44785 0.4406 0.43415 0.42822 0.42244 0.41638 0.40966
