0.45835 0.51689 0.54721 0.5416 0.54352 0.45003 0.29458 0.22627 0.3031 0.34963 0.34865 0.32694 0.2976 0.26676 0.23708 0.20948 0.18483 0.16409 0.14785 0.13606 0.12823 0.1237 0.12185 0.1222 0.12448 0.12852 0.13429 0.14177 0.15095 0.16175 0.17408 0.18778 0.20268 0.21862 0.23541 0.25291 0.27096 0.28944 0.30818 0.32702 0.34578 0.36423 0.38214 0.39922 0.41517 0.42964 0.44225 0.45258 0.46014
0.3801 0.37402 0.25729 0.13879 0.044658 0.04333 0.068606 0.043526 0.072427 0.16909 0.23858 0.27425 0.28176 0.27114 0.25157 0.22844 0.20454 0.18137 0.15977 0.14036 0.12362 0.11002 0.099951 0.093779 0.091849 0.094318 0.10103 0.11152 0.12521 0.14154 0.15999 0.18017 0.20173 0.22437 0.24783 0.27188 0.29631 0.3209 0.34544 0.36972 0.39352 0.41664 0.43884 0.4599 0.47961 0.49773 0.51402 0.52822 0.54001
0.32497 0.31043 0.28584 0.32844 0.36649 0.40788 0.48123 0.51204 0.47945 0.40036 0.32359 0.26615 0.22421 0.19373 0.17161 0.15441 0.139 0.12319 0.10591 0.0871 0.067236 0.046913 0.026558 0.0070346 0.015372 0.035868 0.057025 0.078849 0.10148 0.12504 0.14961 0.17523 0.20187 0.22947 0.25791 0.28703 0.31665 0.34656 0.37649 0.40623 0.43552 0.46414 0.49188 0.51855 0.54401 0.56813 0.59078 0.61185 0.63116
0.309 0.17698 0.31463 0.49869 0.55356 0.56243 0.52577 0.38355 0.23408 0.14174 0.089232 0.051471 0.046701 0.071463 0.09662 0.11503 0.12589 0.12981 0.12801 0.12214 0.11408 0.1057 0.0986 0.094086 0.093121 0.096249 0.10356 0.11481 0.12957 0.14746 0.16813 0.19131 0.21674 0.24415 0.27329 0.30385 0.33552 0.36798 0.4009 0.43395 0.46686 0.49935 0.53123 0.56235 0.59261 0.62196 0.65037 0.67782 0.70423
0.11386 0.40194 0.42017 0.51088 0.77045 0.82526 0.62058 0.3362 0.20066 0.19797 0.19937 0.18489 0.16581 0.15161 0.14487 0.14315 0.14303 0.14219 0.13972 0.1358 0.13123 0.127 0.12398 0.12277 0.12375 0.12723 0.13341 0.14247 0.15452 0.1696 0.1877 0.20868 0.23238 0.25853 0.28684 0.31694 0.34848 0.38108 0.41437 0.44803 0.48178 0.51539 0.54871 0.58167 0.61426 0.64651 0.67851 0.71032 0.74195
0.86525 0.82413 0.70396 0.79761 0.90053 0.7487 0.45004 0.25917 0.25391 0.24776 0.22435 0.20158 0.18174 0.16407 0.14821 0.13389 0.12096 0.10946 0.09963 0.091944 0.086981 0.085197 0.08671 0.091321 0.098685 0.10848 0.1205 0.13466 0.15092 0.1693 0.18978 0.21232 0.23682 0.2631 0.29095 0.32012 0.35031 0.38125 0.41267 0.44437 0.47618 0.50801 0.53986 0.5718 0.60396 0.63654 0.66974 0.70374 0.73864
0.44716 0.25932 0.32817 0.51313 0.6587 0.58257 0.37232 0.17424 0.079983 0.063008 0.086412 0.1099 0.12029 0.11823 0.10796 0.093072 0.076026 0.058367 0.041058 0.024917 0.012531 0.015331 0.028766 0.044216 0.060701 0.078219 0.096862 0.11669 0.13771 0.1599 0.1832 0.20751 0.23272 0.25867 0.2852 0.31214 0.33933 0.36663 0.39394 0.42124 0.44856 0.47602 0.50383 0.53229 0.56174 0.59257 0.62514 0.65978 0.69666
0.58626 0.52292 0.2877 0.17205 0.2854 0.37957 0.34189 0.25458 0.19805 0.17014 0.15884 0.1525 0.14429 0.13292 0.11961 0.10549 0.091474 0.0783 0.066631 0.057118 0.050516 0.047744 0.049573 0.056104 0.066757 0.080739 0.097358 0.11605 0.13636 0.15788 0.18024 0.20312 0.22621 0.24928 0.2721 0.29453 0.31646 0.33788 0.35883 0.37949 0.40011 0.42108 0.44288 0.46608 0.4913 0.51916 0.55021 0.58489 0.62342
0.85881 0.72928 0.48772 0.37067 0.30061 0.21202 0.14141 0.21816 0.27239 0.25746 0.21591 0.17579 0.14413 0.12104 0.10438 0.092005 0.082838 0.076553 0.072932 0.071598 0.072137 0.074343 0.078271 0.084151 0.092232 0.10265 0.11534 0.13006 0.14644 0.164 0.18225 0.20072 0.21898 0.23667 0.2535 0.26928 0.28395 0.29755 0.31026 0.32244 0.3346 0.34743 0.36179 0.37862 0.39892 0.42357 0.45333 0.48863 0.52962
0.087175 0.062923 0.14292 0.2818 0.46881 0.48577 0.41626 0.33885 0.26996 0.19595 0.13386 0.093426 0.06988 0.053995 0.040746 0.030862 0.02906 0.036504 0.048108 0.06026 0.071656 0.082103 0.091893 0.10149 0.11133 0.1218 0.1331 0.14528 0.1582 0.1716 0.1851 0.19826 0.21066 0.22191 0.2317 0.2398 0.24614 0.25078 0.25397 0.25624 0.25839 0.26155 0.26718 0.27691 0.29235 0.31477 0.34489 0.38287 0.42835
0.31972 0.31369 0.46589 0.48357 0.37458 0.1112 0.15689 0.25481 0.21172 0.12166 0.057215 0.047715 0.055874 0.055617 0.049334 0.042873 0.041587 0.047515 0.058214 0.070609 0.08298 0.094721 0.10581 0.11644 0.12683 0.13717 0.14756 0.15797 0.1683 0.17833 0.18774 0.19618 0.20326 0.20859 0.21183 0.21271 0.21104 0.20677 0.20006 0.19138 0.18171 0.17277 0.16723 0.16857 0.18004 0.20331 0.23802 0.28267 0.33557
0.39092 0.16456 0.28325 0.63781 0.76148 0.62287 0.46818 0.35548 0.25492 0.16096 0.10882 0.1002 0.10348 0.10385 0.10139 0.09832 0.096226 0.096075 0.098238 0.10255 0.10857 0.11584 0.12403 0.13286 0.14209 0.15148 0.16081 0.16985 0.17836 0.18606 0.19266 0.19783 0.20122 0.20248 0.20125 0.19718 0.18992 0.17918 0.16473 0.14647 0.12459 0.10001 0.075718 0.061219 0.072365 0.10734 0.15498 0.21022 0.27113
0.3677 0.79536 0.99137 0.98546 0.86354 0.61446 0.48242 0.44957 0.39814 0.31143 0.23275 0.18044 0.15132 0.13774 0.13248 0.13046 0.12923 0.12826 0.12794 0.12882 0.13132 0.13561 0.14157 0.14887 0.15708 0.16572 0.17437 0.18264 0.1902 0.19675 0.20201 0.20571 0.2076 0.20737 0.20475 0.19939 0.19098 0.17918 0.1637 0.14433 0.12102 0.094137 0.065379 0.042964 0.051738 0.089311 0.13795 0.19279 0.25245
0.27251 0.43805 0.57335 0.70314 0.60609 0.32435 0.23854 0.32931 0.31409 0.22788 0.1493 0.11571 0.1179 0.12822 0.1355 0.1387 0.13922 0.13879 0.1388 0.14016 0.14323 0.14808 0.1545 0.16214 0.17055 0.17928 0.18791 0.19606 0.20344 0.20981 0.21496 0.21872 0.22095 0.22146 0.22007 0.21657 0.21077 0.20253 0.19185 0.17895 0.16452 0.14996 0.13783 0.13212 0.13724 0.15552 0.1861 0.22657 0.27472
0.6548 0.60881 0.44386 0.39593 0.49951 0.53392 0.47082 0.37986 0.28554 0.17488 0.087738 0.077132 0.10524 0.1228 0.12848 0.12818 0.12686 0.12748 0.131 0.13702 0.14466 0.15327 0.16244 0.17192 0.18146 0.19083 0.1998 0.20815 0.21573 0.22242 0.22815 0.23286 0.23651 0.23901 0.24025 0.24008 0.2384 0.23513 0.23036 0.2244 0.2179 0.2119 0.20792 0.20786 0.21365 0.22682 0.24812 0.27748 0.31427
0.5375 0.58906 0.34953 0.22143 0.309 0.39683 0.44724 0.46861 0.43726 0.35193 0.26177 0.19497 0.15202 0.12371 0.1038 0.092202 0.091021 0.09926 0.11276 0.12772 0.14213 0.15538 0.16752 0.17873 0.18919 0.19894 0.20801 0.21639 0.2241 0.23119 0.23773 0.24378 0.24936 0.2544 0.25879 0.26236 0.26494 0.26641 0.26678 0.26626 0.26527 0.26453 0.26497 0.26774 0.27404 0.28496 0.30135 0.32372 0.35225
0.36795 0.31815 0.0722 0.21416 0.17438 0.06517 0.28573 0.46251 0.49889 0.42549 0.31905 0.22089 0.1417 0.081396 0.037187 0.025673 0.052011 0.08044 0.10552 0.12673 0.14438 0.15918 0.17189 0.18308 0.19315 0.20231 0.21075 0.21862 0.22613 0.23349 0.24091 0.24851 0.25631 0.26421 0.27198 0.27931 0.2859 0.2915 0.296 0.29945 0.30214 0.30453 0.3073 0.31127 0.31736 0.32645 0.33938 0.35685 0.37942
0.55224 0.5653 0.45758 0.45116 0.5081 0.54106 0.57353 0.58816 0.56721 0.48462 0.37404 0.26728 0.17936 0.11749 0.084317 0.078965 0.090828 0.10808 0.12529 0.14068 0.15394 0.16536 0.17538 0.18431 0.19239 0.19977 0.20669 0.21344 0.22039 0.22793 0.23637 0.24584 0.25628 0.2674 0.27874 0.2898 0.30006 0.30912 0.31674 0.32288 0.32771 0.33159 0.3351 0.33892 0.34388 0.35083 0.36065 0.37418 0.39219
0.18033 0.17315 0.13363 0.27165 0.51337 0.59936 0.61111 0.63607 0.65218 0.59694 0.49823 0.39381 0.30305 0.23559 0.19194 0.16739 0.1562 0.15341 0.15531 0.15951 0.16468 0.17017 0.17563 0.18087 0.18577 0.19041 0.19506 0.20021 0.20645 0.21435 0.22427 0.23624 0.24994 0.26475 0.2799 0.29458 0.30808 0.31986 0.32959 0.33717 0.34274 0.34664 0.34943 0.35182 0.35464 0.35884 0.36542 0.37539 0.38977
0.62119 0.59121 0.41804 0.37668 0.34328 0.13234 0.26522 0.55755 0.69346 0.6781 0.59102 0.4886 0.39365 0.31732 0.26179 0.22382 0.1991 0.1839 0.17527 0.17098 0.16941 0.16946 0.17032 0.17144 0.17256 0.1738 0.17567 0.17901 0.18475 0.19367 0.20603 0.22152 0.23933 0.25835 0.27741 0.29545 0.3116 0.32522 0.33596 0.34372 0.34866 0.35117 0.35187 0.35154 0.35117 0.35185 0.35482 0.36139 0.37283
0.63303 0.80318 0.7951 0.70916 0.66958 0.60808 0.60927 0.67501 0.71722 0.67528 0.58845 0.49399 0.40622 0.33329 0.27764 0.23735 0.2093 0.19048 0.17827 0.1705 0.16546 0.16192 0.15895 0.156 0.15294 0.15022 0.14891 0.15051 0.15652 0.16781 0.18419 0.20457 0.22736 0.25092 0.27374 0.29461 0.31257 0.32702 0.33761 0.34429 0.34728 0.34706 0.34432 0.34001 0.33531 0.3316 0.33047 0.33365 0.34283
0.45104 0.41266 0.38379 0.51854 0.69216 0.7185 0.70007 0.67028 0.63853 0.57374 0.49567 0.42048 0.35153 0.29294 0.24736 0.21427 0.19164 0.17684 0.16721 0.16048 0.15493 0.14942 0.14324 0.13607 0.12817 0.12063 0.11556 0.11583 0.12383 0.13994 0.16255 0.18917 0.21743 0.24534 0.2713 0.29411 0.31289 0.32706 0.33635 0.34078 0.34062 0.33642 0.32901 0.31947 0.30925 0.30012 0.29423 0.29399 0.30171
0.28072 0.36016 0.23048 0.28657 0.37239 0.34573 0.39013 0.44627 0.44941 0.40766 0.35776 0.31011 0.26338 0.22171 0.18987 0.16913 0.15777 0.15243 0.1497 0.14697 0.14269 0.1361 0.12686 0.11498 0.10107 0.086932 0.07665 0.076612 0.090506 0.11537 0.14628 0.17958 0.21278 0.24407 0.27206 0.29567 0.31414 0.32697 0.33397 0.33517 0.3309 0.32174 0.30856 0.2926 0.27555 0.25971 0.24811 0.24432 0.25176
0.4126 0.46906 0.39787 0.33589 0.23953 0.059123 0.13252 0.23818 0.2569 0.24366 0.22874 0.20601 0.17419 0.14311 0.12257 0.1161 0.12 0.12765 0.13405 0.13661 0.13437 0.1272 0.11523 0.098678 0.077943 0.054334 0.033655 0.037348 0.066371 0.10286 0.14134 0.17952 0.21579 0.24877 0.27731 0.30049 0.31762 0.32827 0.33223 0.32958 0.32061 0.30586 0.28617 0.26279 0.23753 0.21323 0.19427 0.18662 0.19584
0.24797 0.036309 0.33665 0.35534 0.2693 0.18265 0.14346 0.13484 0.11141 0.12592 0.14518 0.1361 0.10609 0.072372 0.055203 0.06682 0.090326 0.11193 0.12715 0.13474 0.13477 0.12789 0.11479 0.096073 0.072288 0.04445 0.018527 0.033838 0.070877 0.11097 0.15147 0.19075 0.22738 0.26007 0.2877 0.30936 0.32437 0.33229 0.3329 0.32623 0.3125 0.29214 0.26584 0.23459 0.19999 0.16493 0.1354 0.12283 0.13848
0.66964 0.62148 0.40256 0.23856 0.17984 0.2066 0.17611 0.097945 0.010592 0.0854 0.12042 0.11382 0.082415 0.040902 0.011199 0.047909 0.084234 0.11333 0.1336 0.14459 0.14682 0.14142 0.12969 0.11311 0.093747 0.075702 0.067423 0.07782 0.10419 0.1385 0.17562 0.21252 0.24714 0.27786 0.30341 0.32277 0.33521 0.34024 0.33761 0.32728 0.30938 0.28423 0.25229 0.21414 0.17065 0.12336 0.077044 0.055313 0.091377
0.58995 0.64247 0.37039 0.13689 0.12568 0.26373 0.27158 0.19791 0.14549 0.14358 0.14796 0.13588 0.11156 0.086101 0.074036 0.085107 0.10976 0.1353 0.15533 0.16742 0.1713 0.168 0.15915 0.14676 0.13355 0.12335 0.12098 0.13 0.15014 0.17808 0.20999 0.24275 0.27391 0.3016 0.32434 0.341 0.35077 0.35312 0.34774 0.33457 0.31371 0.28544 0.25013 0.20824 0.16029 0.10689 0.049278 0.023207 0.086806
0.35352 0.33601 0.30504 0.30862 0.35508 0.44127 0.4584 0.38061 0.29708 0.238 0.20343 0.18064 0.16149 0.14582 0.13809 0.14221 0.15661 0.17516 0.19182 0.20299 0.20751 0.20599 0.19993 0.19137 0.18277 0.17705 0.1772 0.18531 0.20158 0.22439 0.25119 0.27934 0.30648 0.33064 0.35027 0.36415 0.37143 0.37153 0.36416 0.34926 0.327 0.29775 0.26212 0.22103 0.17603 0.13053 0.094498 0.092271 0.13252
0.17818 0.10806 0.17562 0.40318 0.58978 0.67337 0.66593 0.5501 0.41632 0.31073 0.25179 0.22601 0.21415 0.20701 0.2039 0.20673 0.21582 0.2286 0.24107 0.25004 0.25407 0.25338 0.24922 0.24329 0.23761 0.23437 0.23561 0.24276 0.25611 0.27478 0.29701 0.32071 0.34376 0.36433 0.38084 0.3921 0.39722 0.39564 0.38709 0.37159 0.34942 0.32119 0.28789 0.25112 0.21365 0.18054 0.16075 0.16502 0.19623
0.10479 0.17846 0.34977 0.53202 0.72648 0.80825 0.76835 0.60283 0.42746 0.30876 0.26421 0.26032 0.26568 0.26967 0.27254 0.27667 0.2834 0.29211 0.30061 0.30671 0.30923 0.30831 0.30491 0.3004 0.29632 0.29429 0.29578 0.30182 0.3127 0.32787 0.34609 0.36568 0.38489 0.40201 0.4156 0.42449 0.42784 0.42513 0.41612 0.40093 0.37998 0.35411 0.32462 0.29356 0.26407 0.24085 0.23005 0.23727 0.26422
0.29617 0.43053 0.47097 0.54561 0.68852 0.77237 0.70812 0.49426 0.28786 0.21089 0.24638 0.29167 0.32065 0.33625 0.34501 0.35124 0.35707 0.36291 0.36788 0.37081 0.37108 0.36898 0.36534 0.3612 0.35771 0.35603 0.35721 0.362 0.37064 0.38277 0.39744 0.41336 0.42904 0.443 0.45393 0.46076 0.4627 0.45929 0.45035 0.43608 0.41701 0.39411 0.36885 0.34337 0.32062 0.30443 0.29904 0.30791 0.33232
0.41716 0.33263 0.3094 0.34615 0.54137 0.67468 0.61018 0.3613 0.085536 0.13123 0.26644 0.34473 0.38705 0.40918 0.42165 0.42952 0.43489 0.43853 0.44033 0.44 0.43756 0.43359 0.42892 0.42437 0.42073 0.4188 0.4193 0.42275 0.42931 0.43872 0.45027 0.46291 0.47542 0.48653 0.49509 0.50014 0.50096 0.49716 0.48861 0.47557 0.45862 0.43879 0.41754 0.39691 0.37947 0.36825 0.36634 0.37616 0.39875
0.18928 0.10144 0.094227 0.16293 0.46705 0.66992 0.66554 0.48931 0.33232 0.31499 0.37583 0.43184 0.46755 0.48853 0.50167 0.51009 0.51489 0.5166 0.5155 0.51195 0.50658 0.50034 0.49413 0.48861 0.48433 0.48176 0.48134 0.4834 0.48804 0.49502 0.5038 0.51354 0.52322 0.53179 0.53826 0.54176 0.54168 0.53768 0.52967 0.51794 0.50308 0.48609 0.46836 0.45172 0.43836 0.43071 0.43112 0.44143 0.46251
0.50978 0.42962 0.32822 0.32165 0.5245 0.72482 0.77696 0.69521 0.59567 0.53176 0.52106 0.53714 0.55609 0.57129 0.58299 0.59102 0.59493 0.59479 0.59099 0.58438 0.57608 0.56742 0.55942 0.55266 0.54745 0.54401 0.54256 0.54325 0.54611 0.55092 0.55725 0.56443 0.57162 0.57794 0.58255 0.5847 0.58388 0.57977 0.57233 0.56184 0.54888 0.53438 0.51961 0.50617 0.49592 0.49084 0.49281 0.50326 0.52297
0.63884 0.52597 0.28133 0.36873 0.57067 0.68662 0.75017 0.77094 0.74401 0.68256 0.64324 0.6357 0.64248 0.65279 0.66282 0.67001 0.67279 0.6708 0.66453 0.65513 0.64412 0.63315 0.62337 0.61528 0.60904 0.60465 0.60215 0.60155 0.60279 0.60568 0.60986 0.61479 0.61979 0.62413 0.6271 0.62808 0.6266 0.62242 0.6155 0.60612 0.59481 0.58241 0.57006 0.55915 0.55126 0.54803 0.55099 0.56134 0.57974
0.46968 0.39924 0.15377 0.36458 0.48008 0.44534 0.54472 0.70295 0.76333 0.74097 0.71513 0.71135 0.71876 0.72883 0.73834 0.74471 0.74622 0.74247 0.73403 0.72226 0.70896 0.69599 0.68462 0.67531 0.6681 0.66281 0.65933 0.65755 0.65737 0.65858 0.66089 0.66386 0.66695 0.66956 0.6711 0.67104 0.66899 0.66474 0.65827 0.64982 0.63989 0.62922 0.61882 0.60988 0.60376 0.60184 0.60541 0.61546 0.63256
0.29589 0.5825 0.50087 0.4408 0.34512 0.053375 0.32794 0.57378 0.68244 0.71589 0.73729 0.76186 0.7823 0.7969 0.80721 0.8129 0.81313 0.80783 0.79766 0.78409 0.76907 0.7546 0.74201 0.73174 0.72373 0.71768 0.71337 0.71058 0.70918 0.70896 0.70967 0.71097 0.71241 0.71352 0.71382 0.71284 0.71028 0.70595 0.69984 0.69218 0.68337 0.67411 0.66524 0.65783 0.65303 0.65202 0.6559 0.6655 0.68133
0.5594 0.80633 0.77624 0.65686 0.53093 0.34871 0.34445 0.44368 0.54374 0.64525 0.73284 0.79669 0.83524 0.8562 0.86766 0.87262 0.87166 0.86517 0.85388 0.83926 0.82325 0.8079 0.79458 0.78372 0.77518 0.76859 0.76362 0.76003 0.75762 0.75622 0.7556 0.75549 0.75555 0.75539 0.75461 0.75285 0.74985 0.74544 0.73961 0.73257 0.72469 0.71654 0.7089 0.70266 0.69883 0.69842 0.70237 0.71142 0.72598
0.72282 0.94611 0.94237 0.84992 0.71223 0.49138 0.32154 0.28015 0.41192 0.59417 0.73659 0.82978 0.8815 0.90663 0.91828 0.92223 0.92027 0.91315 0.90156 0.88676 0.87059 0.85509 0.84162 0.83059 0.82184 0.81495 0.80957 0.80539 0.80221 0.79987 0.79818 0.79693 0.79585 0.79463 0.79297 0.79055 0.78716 0.78268 0.77709 0.77056 0.76342 0.75617 0.74948 0.74413 0.74101 0.74097 0.74484 0.75325 0.76656
0.42977 0.67818 0.82682 0.82588 0.69093 0.40384 0.099065 0.17913 0.42341 0.62706 0.77394 0.87032 0.92342 0.94779 0.9578 0.96037 0.95782 0.95087 0.93993 0.92595 0.91053 0.89564 0.88261 0.87187 0.86326 0.85636 0.8508 0.84626 0.84255 0.83952 0.83702 0.83488 0.8329 0.83084 0.82847 0.82553 0.82184 0.81731 0.81192 0.80582 0.79928 0.79276 0.78682 0.78215 0.77952 0.77968 0.78335 0.79106 0.80315
0.16255 0.41996 0.64356 0.76182 0.70988 0.48876 0.35165 0.44613 0.60645 0.73911 0.84227 0.91733 0.95992 0.97836 0.98495 0.98604 0.98359 0.97785 0.96867 0.95657 0.94283 0.9293 0.91729 0.9073 0.89917 0.89254 0.88704 0.88238 0.87838 0.8749 0.87183 0.86904 0.8664 0.86372 0.86081 0.85748 0.85359 0.84904 0.84384 0.83811 0.83209 0.82616 0.82082 0.81667 0.81438 0.81462 0.818 0.825 0.83588
0.25733 0.31326 0.5078 0.74003 0.83206 0.77129 0.73198 0.75524 0.81725 0.86846 0.9176 0.96163 0.98702 0.99625 0.99856 0.99866 0.99737 0.99407 0.98786 0.97869 0.96752 0.95604 0.94561 0.93675 0.92943 0.92333 0.91813 0.91357 0.90951 0.90582 0.90242 0.89923 0.89615 0.89305 0.88979 0.88621 0.88221 0.87771 0.87271 0.86732 0.86174 0.85631 0.85146 0.84772 0.84567 0.84589 0.84893 0.8552 0.86492
0.11606 0.17379 0.40841 0.64672 0.82326 0.91515 0.96139 0.95561 0.96035 0.96298 0.97493 0.99189 0.99963 0.99922 0.99781 0.99811 0.99943 0.99996 0.99795 0.99272 0.98489 0.97608 0.96766 0.96029 0.95405 0.94871 0.94402 0.93979 0.93587 0.9322 0.92871 0.92535 0.92205 0.91873 0.91529 0.9116 0.90759 0.90321 0.89844 0.89339 0.88822 0.88323 0.87879 0.87537 0.87348 0.87363 0.8763 0.88185 0.89045
0.14395 0.27096 0.34389 0.43995 0.62219 0.85237 0.98514 0.9936 0.99895 0.99964 0.9995 0.99951 0.99344 0.98559 0.98244 0.98488 0.99054 0.99638 0.99971 0.99928 0.99544 0.98975 0.98369 0.97809 0.97314 0.96876 0.96478 0.96105 0.9575 0.95405 0.95068 0.94736 0.94406 0.94071 0.93726 0.93361 0.92971 0.92552 0.92102 0.91632 0.91155 0.90696 0.9029 0.89975 0.89797 0.89801 0.9003 0.90514 0.91268
0.32479 0.3065 0.23893 0.1647 0.34862 0.66531 0.82783 0.87443 0.93967 0.97997 0.98757 0.98025 0.96602 0.95477 0.95301 0.96005 0.97197 0.98449 0.99414 0.99919 0.99979 0.99754 0.99407 0.9904 0.98692 0.98364 0.98053 0.97749 0.97447 0.97145 0.9684 0.96533 0.96221 0.95903 0.95574 0.95227 0.94858 0.94466 0.9405 0.93617 0.9318 0.92761 0.92389 0.92098 0.9193 0.91922 0.92113 0.9253 0.93182
0.39241 0.35634 0.26566 0.12699 0.20719 0.45468 0.54847 0.65069 0.82288 0.92073 0.94262 0.93368 0.91713 0.90749 0.91095 0.92533 0.94534 0.96575 0.98246 0.9934 0.99868 1 0.99922 0.99758 0.99564 0.99359 0.99148 0.98927 0.98696 0.98453 0.98199 0.97936 0.97662 0.97376 0.97078 0.96763 0.96428 0.96072 0.95695 0.95304 0.94909 0.9453 0.94192 0.93924 0.93764 0.93745 0.939 0.94252 0.94809
0.17225 0.33162 0.32324 0.25282 0.22374 0.27551 0.2073 0.4231 0.7069 0.84221 0.87065 0.86195 0.8485 0.84585 0.85856 0.88292 0.91262 0.94178 0.96593 0.9829 0.99287 0.99773 0.99962 1 0.99965 0.99889 0.99787 0.99662 0.99516 0.99349 0.99164 0.9896 0.9874 0.98505 0.98253 0.97982 0.97691 0.97381 0.97049 0.96705 0.96355 0.96018 0.95714 0.9547 0.95319 0.9529 0.95411 0.95703 0.9617
0.15638 0.24516 0.31311 0.32075 0.29331 0.27509 0.14387 0.36288 0.63691 0.75708 0.77684 0.76862 0.7635 0.77315 0.79889 0.83545 0.87595 0.91425 0.94586 0.96868 0.98311 0.99133 0.99574 0.99807 0.9993 0.99986 1 0.99981 0.99933 0.99856 0.99753 0.99626 0.99476 0.99304 0.99112 0.98897 0.98662 0.98405 0.98127 0.97834 0.97534 0.9724 0.96973 0.96755 0.96614 0.96577 0.96668 0.96905 0.97288
0.19393 0.17905 0.34201 0.45386 0.48869 0.49501 0.44935 0.48095 0.60861 0.66552 0.66435 0.65814 0.66689 0.6938 0.7356 0.78581 0.83752 0.88482 0.92346 0.95167 0.97013 0.98137 0.98808 0.99222 0.99496 0.99685 0.9982 0.99914 0.99973 0.99999 0.99992 0.99954 0.99888 0.99793 0.99673 0.99527 0.99356 0.99161 0.98943 0.98708 0.98461 0.98215 0.97986 0.97796 0.97668 0.97626 0.97691 0.97877 0.98183
0.041149 0.19037 0.45895 0.64409 0.72825 0.72687 0.66855 0.5931 0.57966 0.55981 0.53527 0.53588 0.56477 0.61308 0.67277 0.73697 0.79946 0.85501 0.89986 0.93268 0.95458 0.96839 0.97709 0.98286 0.98701 0.99019 0.99278 0.99492 0.99667 0.99805 0.99906 0.9997 0.99998 0.99993 0.99956 0.99888 0.99791 0.99667 0.99515 0.99342 0.99153 0.98958 0.98772 0.98613 0.98501 0.98458 0.98501 0.98641 0.98876
0.31516 0.44532 0.62914 0.80769 0.90751 0.88152 0.78322 0.63141 0.51812 0.43383 0.39232 0.4088 0.46484 0.53712 0.61462 0.69173 0.76366 0.82609 0.87596 0.91243 0.93701 0.95286 0.9632 0.97038 0.97582 0.98026 0.98408 0.98746 0.99044 0.99303 0.99521 0.99697 0.99831 0.99925 0.99981 1 0.99985 0.99939 0.9986 0.99756 0.99629 0.9949 0.99349 0.99224 0.99132 0.99091 0.99117 0.99216 0.99386
0.43242 0.64683 0.75567 0.89343 0.98976 0.94616 0.8127 0.60738 0.42669 0.29154 0.24027 0.28756 0.3773 0.47262 0.56518 0.65253 0.73162 0.79908 0.85248 0.89146 0.9179 0.93522 0.94682 0.95517 0.96176 0.96739 0.97245 0.97708 0.98135 0.98521 0.98864 0.9916 0.99409 0.99611 0.99769 0.99883 0.99958 0.99996 0.99996 0.99965 0.99906 0.99825 0.99735 0.99647 0.99579 0.99544 0.99556 0.99621 0.99732
0.50594 0.67623 0.78176 0.89779 0.996 0.95656 0.8095 0.57429 0.34977 0.1631 0.087542 0.19434 0.31543 0.42602 0.52767 0.62111 0.70437 0.77463 0.8299 0.87019 0.89762 0.91582 0.92829 0.93756 0.94518 0.95192 0.95819 0.96411 0.96969 0.97489 0.97963 0.98386 0.98756 0.99074 0.9934 0.99557 0.99727 0.99855 0.99941 0.99988 1 0.99983 0.99946 0.999 0.99858 0.99834 0.99838 0.99873 0.99931
0.41083 0.55567 0.72397 0.84166 0.96374 0.95742 0.82793 0.5933 0.35976 0.1652 0.073276 0.17362 0.29178 0.40158 0.50387 0.59834 0.68239 0.75309 0.80851 0.84887 0.87646 0.89496 0.90793 0.9179 0.9264 0.93419 0.94164 0.94885 0.95577 0.96233 0.96843 0.97399 0.97896 0.98335 0.98716 0.9904 0.99313 0.99536 0.99711 0.99841 0.99928 0.99979 0.99999 0.99998 0.99987 0.99978 0.99978 0.99989 1
0.088532 0.40437 0.6109 0.73555 0.9075 0.96131 0.88029 0.67459 0.4593 0.28929 0.20766 0.22903 0.30646 0.39908 0.49361 0.58409 0.66564 0.73444 0.78838 0.82767 0.85461 0.87289 0.88602 0.89647 0.90572 0.91449 0.9231 0.93158 0.93986 0.94781 0.9553 0.96222 0.96851 0.97415 0.97915 0.98352 0.98731 0.99054 0.99323 0.9954 0.99707 0.99828 0.99909 0.99957 0.99981 0.99991 0.99992 0.99983 0.99954
0.27353 0.35604 0.44765 0.58194 0.81988 0.94786 0.93566 0.77507 0.58212 0.41857 0.32536 0.30689 0.34489 0.4136 0.49485 0.57738 0.65357 0.71843 0.76943 0.80661 0.83222 0.84982 0.8628 0.87354 0.88344 0.89312 0.90285 0.9126 0.92224 0.93159 0.94049 0.94879 0.95642 0.96335 0.96958 0.97511 0.98 0.98427 0.98793 0.99101 0.99351 0.99546 0.99691 0.99792 0.99855 0.99887 0.99894 0.99871 0.99807
0.32399 0.29972 0.23592 0.40587 0.69864 0.89542 0.9586 0.85118 0.68271 0.5218 0.41896 0.3796 0.39137 0.43831 0.50445 0.57662 0.64534 0.70462 0.75146 0.78569 0.80937 0.8259 0.83849 0.84937 0.85981 0.87035 0.88116 0.89216 0.90315 0.9139 0.92422 0.93392 0.94291 0.95115 0.95862 0.96535 0.97136 0.9767 0.98136 0.98538 0.98874 0.99147 0.9936 0.99516 0.99622 0.99681 0.99697 0.99665 0.99571
0.2959 0.2537 0.036372 0.26413 0.5572 0.80083 0.9324 0.88027 0.74109 0.58919 0.48571 0.4388 0.43641 0.46718 0.51911 0.57998 0.63992 0.69244 0.73421 0.76482 0.78613 0.80129 0.81328 0.82417 0.83507 0.84641 0.85828 0.8705 0.88283 0.89498 0.9067 0.9178 0.92816 0.93771 0.94645 0.95438 0.96155 0.96798 0.97367 0.97865 0.9829 0.98644 0.98927 0.99142 0.99294 0.99384 0.99414 0.99378 0.9926
0.35962 0.34791 0.17249 0.19627 0.41477 0.67789 0.85902 0.85716 0.75122 0.61814 0.52564 0.4826 0.47572 0.49613 0.53601 0.58571 0.63626 0.68129 0.71737 0.7439 0.76251 0.77608 0.78735 0.79815 0.80945 0.82155 0.83444 0.84786 0.8615 0.87503 0.88815 0.90064 0.91236 0.92322 0.93323 0.94238 0.95071 0.95824 0.96499 0.97095 0.97612 0.98049 0.98405 0.98683 0.98883 0.99008 0.99056 0.9902 0.98883
0.31731 0.41708 0.24068 0.15051 0.28742 0.54722 0.75115 0.78746 0.71512 0.61065 0.5412 0.51201 0.508 0.52283 0.55302 0.59228 0.63338 0.6706 0.70065 0.72283 0.73854 0.75039 0.76084 0.77149 0.78314 0.79597 0.80984 0.82444 0.83937 0.85425 0.86875 0.8826 0.89566 0.90784 0.91911 0.92947 0.93897 0.94763 0.95543 0.9624 0.9685 0.97372 0.97805 0.98147 0.984 0.98563 0.98633 0.98602 0.98451
0.28621 0.43155 0.22813 0.074115 0.1906 0.42669 0.62472 0.68208 0.6394 0.57206 0.53703 0.52963 0.53356 0.54619 0.56874 0.59852 0.63047 0.65987 0.68378 0.7015 0.71424 0.72431 0.73389 0.74436 0.75633 0.76985 0.78469 0.80043 0.81662 0.83282 0.84865 0.86385 0.87823 0.8917 0.90422 0.91579 0.92646 0.93624 0.94512 0.95311 0.96016 0.96626 0.97136 0.97546 0.97854 0.98058 0.98154 0.98133 0.97973
0.40977 0.47182 0.23471 0.030264 0.14043 0.32572 0.49425 0.55343 0.53296 0.51042 0.51948 0.53896 0.55349 0.5659 0.5823 0.60356 0.62685 0.64867 0.66654 0.67984 0.68961 0.69791 0.70663 0.71691 0.7292 0.74339 0.75916 0.776 0.79341 0.81089 0.82803 0.84454 0.86021 0.87494 0.88869 0.90147 0.9133 0.92421 0.93417 0.94318 0.9512 0.95818 0.96409 0.96888 0.97255 0.97503 0.97629 0.9762 0.97456
0.5668 0.55076 0.29562 0.10849 0.1293 0.24541 0.37152 0.41325 0.40542 0.43644 0.49627 0.54382 0.56919 0.58203 0.59321 0.60681 0.62206 0.63668 0.64875 0.65779 0.6647 0.67129 0.67918 0.68929 0.70188 0.71673 0.7334 0.75132 0.7699 0.78862 0.80702 0.82479 0.84172 0.85768 0.87264 0.88661 0.89959 0.91162 0.92266 0.9327 0.94169 0.94958 0.95631 0.96182 0.96609 0.96904 0.97063 0.97072 0.96908
0.61608 0.59795 0.34589 0.15676 0.12688 0.18473 0.26765 0.27295 0.26694 0.36469 0.47569 0.54775 0.58199 0.59487 0.60129 0.60792 0.61577 0.62368 0.63031 0.63532 0.63954 0.64452 0.65164 0.6616 0.67451 0.69 0.70756 0.72651 0.74623 0.76613 0.78575 0.80474 0.82287 0.84003 0.85618 0.8713 0.88543 0.89856 0.91068 0.92176 0.93174 0.94054 0.9481 0.95435 0.95924 0.9627 0.96465 0.96495 0.96336
0.54513 0.5919 0.36712 0.18204 0.1255 0.14777 0.19918 0.15211 0.13359 0.31523 0.46519 0.5535 0.59295 0.60474 0.60649 0.6067 0.60779 0.60955 0.61115 0.61244 0.61417 0.61768 0.62412 0.63398 0.64722 0.66335 0.68176 0.70171 0.72251 0.74355 0.76433 0.78448 0.80378 0.8221 0.83939 0.85565 0.8709 0.88513 0.89832 0.91044 0.9214 0.93112 0.93953 0.94653 0.95207 0.95606 0.9584 0.95894 0.95744
0.43369 0.56399 0.37662 0.20427 0.13217 0.14002 0.18863 0.12577 0.095313 0.30864 0.46946 0.56268 0.60277 0.61194 0.60887 0.60311 0.59805 0.59421 0.59124 0.58916 0.58864 0.59085 0.5967 0.60653 0.62011 0.63688 0.65611 0.67701 0.69885 0.72098 0.74286 0.76412 0.78453 0.80397 0.82237 0.83974 0.85608 0.8714 0.88565 0.8988 0.91074 0.92139 0.93066 0.93843 0.94464 0.94917 0.95194 0.95276 0.95139
0.35432 0.52557 0.374 0.22278 0.13906 0.15456 0.23313 0.21971 0.20793 0.34782 0.48899 0.57566 0.61177 0.61669 0.60856 0.5972 0.58655 0.57769 0.57063 0.56554 0.56303 0.56411 0.56949 0.57933 0.59329 0.61068 0.63071 0.65253 0.67536 0.6985 0.72142 0.74374 0.76522 0.78571 0.80519 0.82363 0.84105 0.85743 0.87274 0.8869 0.89983 0.91142 0.92154 0.9301 0.93699 0.94209 0.94531 0.94644 0.94524
0.35009 0.46144 0.34256 0.22129 0.12695 0.18071 0.30598 0.33858 0.33727 0.41551 0.52057 0.59181 0.61997 0.61915 0.60571 0.58908 0.57338 0.56004 0.54938 0.54164 0.53741 0.53753 0.54255 0.55248 0.56683 0.58485 0.60566 0.62835 0.6521 0.67621 0.70011 0.72342 0.7459 0.76741 0.78792 0.8074 0.82586 0.84329 0.85963 0.87482 0.88873 0.90124 0.91224 0.92158 0.92917 0.93487 0.93855 0.94003 0.93903
0.34714 0.36627 0.28136 0.19339 0.083887 0.21977 0.39154 0.45603 0.45944 0.49359 0.55926 0.60986 0.62717 0.61946 0.60052 0.57892 0.55866 0.54138 0.52756 0.51754 0.51185 0.5112 0.51597 0.52604 0.54082 0.55946 0.58101 0.60453 0.62916 0.65416 0.67898 0.70323 0.72665 0.74913 0.77062 0.7911 0.81058 0.82903 0.84639 0.86258 0.87747 0.89091 0.90278 0.91293 0.92122 0.92753 0.93171 0.93357 0.9328
0.3032 0.26131 0.21317 0.15605 0.037593 0.2799 0.48349 0.56577 0.56946 0.57097 0.6003 0.62831 0.63305 0.61768 0.59318 0.56691 0.54257 0.52183 0.50529 0.49333 0.48643 0.48517 0.48981 0.50009 0.51532 0.53457 0.55685 0.58115 0.60659 0.63243 0.6581 0.68321 0.70752 0.73091 0.75334 0.77478 0.79525 0.8147 0.83306 0.85025 0.8661 0.88048 0.89322 0.90417 0.91319 0.92012 0.92482 0.92707 0.92658
0.25726 0.17394 0.16757 0.15555 0.12525 0.36346 0.57727 0.66447 0.66504 0.64174 0.63995 0.64578 0.63731 0.61393 0.5839 0.55328 0.5253 0.50155 0.48269 0.4691 0.46123 0.45953 0.46414 0.47468 0.49038 0.51024 0.53321 0.55824 0.58444 0.61105 0.63751 0.66342 0.68856 0.71281 0.73613 0.7585 0.77992 0.80035 0.81969 0.83785 0.85466 0.86997 0.88358 0.89534 0.90509 0.91267 0.9179 0.92057 0.92039
0.20771 0.098781 0.16096 0.21744 0.25344 0.46342 0.66763 0.74944 0.74494 0.70293 0.67566 0.66114 0.63966 0.60828 0.57291 0.53826 0.50705 0.48071 0.45989 0.44497 0.43633 0.43434 0.43901 0.44987 0.46606 0.48653 0.51015 0.53587 0.56277 0.59008 0.61726 0.64391 0.66982 0.69487 0.71904 0.74229 0.76463 0.786 0.80631 0.82543 0.84319 0.85942 0.8739 0.88648 0.89697 0.90519 0.91098 0.9141 0.91425
0.16985 0.080668 0.19952 0.31086 0.38818 0.56793 0.74863 0.8184 0.80869 0.75321 0.70587 0.67361 0.63995 0.60088 0.56043 0.52211 0.48804 0.45948 0.43702 0.42102 0.4118 0.40965 0.41447 0.4257 0.4424 0.46345 0.4877 0.51406 0.5416 0.56955 0.59738 0.62471 0.65132 0.67713 0.70209 0.72619 0.74941 0.77171 0.79295 0.81302 0.83172 0.84885 0.86421 0.8776 0.88883 0.89772 0.90408 0.90767 0.90817
0.20914 0.20045 0.27889 0.40993 0.5147 0.66462 0.81438 0.86968 0.85642 0.79228 0.72985 0.68272 0.6381 0.59187 0.54671 0.50506 0.46849 0.43804 0.41422 0.39735 0.38773 0.38553 0.39057 0.40221 0.41943 0.44106 0.4659 0.49285 0.52096 0.54949 0.57791 0.60584 0.63311 0.65961 0.68532 0.71023 0.7343 0.75749 0.77965 0.80065 0.82027 0.8383 0.85453 0.86873 0.88071 0.89027 0.89721 0.90129 0.90218
0.30522 0.33693 0.37575 0.50032 0.62155 0.7429 0.85992 0.90241 0.88884 0.82051 0.74742 0.6883 0.63415 0.58144 0.53199 0.48735 0.44861 0.41655 0.39161 0.37407 0.36417 0.36201 0.36734 0.37942 0.39718 0.41937 0.44477 0.47225 0.50088 0.52993 0.55886 0.58735 0.6152 0.64235 0.66876 0.69443 0.71932 0.74337 0.76643 0.78833 0.80887 0.82779 0.84488 0.85989 0.87262 0.88286 0.8904 0.89499 0.89629
0.36345 0.43839 0.46224 0.57185 0.70076 0.79496 0.88185 0.91665 0.9071 0.83868 0.75879 0.69041 0.62821 0.56979 0.5165 0.46922 0.4286 0.39519 0.36932 0.35126 0.34118 0.33915 0.34482 0.35738 0.37567 0.3984 0.42432 0.45229 0.48138 0.51087 0.54026 0.56923 0.59762 0.62535 0.65243 0.67882 0.70449 0.72938 0.7533 0.7761 0.79753 0.81733 0.83527 0.85109 0.86458 0.8755 0.88365 0.88876 0.8905
0.36289 0.4824 0.51825 0.61761 0.74807 0.81614 0.8786 0.9134 0.91276 0.84786 0.76444 0.68925 0.62047 0.55713 0.50048 0.45089 0.40865 0.3741 0.34748 0.329 0.31883 0.31698 0.32303 0.33608 0.35492 0.37818 0.40458 0.43298 0.46247 0.49234 0.52212 0.55152 0.58038 0.60866 0.63634 0.66341 0.68984 0.71553 0.7403 0.76397 0.78627 0.80695 0.82573 0.84236 0.8566 0.86821 0.87698 0.88263 0.88482
0.33356 0.46925 0.53518 0.63496 0.76277 0.80482 0.8505 0.89458 0.90764 0.84926 0.76501 0.68516 0.61118 0.5437 0.48414 0.43257 0.38895 0.35343 0.32617 0.30737 0.29716 0.29553 0.30199 0.31556 0.33493 0.35869 0.38554 0.41433 0.44415 0.47435 0.50446 0.53421 0.5635 0.59226 0.62052 0.64824 0.67538 0.70184 0.72744 0.75196 0.77512 0.79665 0.81627 0.8337 0.84869 0.86099 0.87039 0.87659 0.87926
0.26286 0.41721 0.51469 0.62609 0.7473 0.76204 0.79967 0.86284 0.8937 0.84411 0.76119 0.67851 0.60058 0.52972 0.46771 0.41445 0.36966 0.33332 0.30552 0.28643 0.27622 0.27483 0.28173 0.29582 0.31572 0.33996 0.36721 0.39633 0.42644 0.45689 0.48727 0.51733 0.54698 0.57619 0.60497 0.63329 0.66112 0.68833 0.71473 0.74007 0.76408 0.78646 0.8069 0.82512 0.84086 0.85386 0.86389 0.87066 0.87381
0.15885 0.35256 0.46497 0.59731 0.70656 0.69097 0.72972 0.82142 0.87297 0.83364 0.7537 0.66972 0.58894 0.51539 0.45136 0.3967 0.35092 0.31388 0.2856 0.26625 0.25603 0.2549 0.26224 0.27686 0.29729 0.32198 0.34959 0.37899 0.40932 0.43997 0.47056 0.50088 0.53084 0.56045 0.58971 0.6186 0.64708 0.67501 0.70218 0.72833 0.75317 0.77637 0.79763 0.81663 0.83312 0.84682 0.85749 0.86483 0.86849
0.10861 0.29467 0.39727 0.55753 0.64738 0.59637 0.6456 0.77388 0.84735 0.819 0.74324 0.65918 0.57652 0.50091 0.43527 0.37946 0.33288 0.29523 0.26649 0.24687 0.23664 0.23575 0.24353 0.25869 0.27963 0.30475 0.33268 0.36231 0.3928 0.4236 0.45434 0.48485 0.51508 0.54504 0.57474 0.60417 0.63327 0.66189 0.6898 0.71675 0.74239 0.76641 0.78847 0.80825 0.82548 0.83988 0.85119 0.85912 0.8633
0.14537 0.24344 0.32413 0.51639 0.57829 0.4841 0.55347 0.72392 0.81862 0.80121 0.73044 0.64728 0.56354 0.48645 0.41956 0.36286 0.31562 0.27745 0.24827 0.22836 0.21806 0.21739 0.22562 0.24131 0.26275 0.28827 0.31648 0.34628 0.37688 0.40776 0.4386 0.46926 0.4997 0.52996 0.56007 0.59 0.61969 0.64898 0.67761 0.70532 0.73176 0.75657 0.77942 0.79997 0.81794 0.83303 0.84499 0.85351 0.85822
0.19 0.18487 0.26048 0.48257 0.50962 0.36101 0.46088 0.67507 0.78828 0.78118 0.71586 0.63436 0.55023 0.47215 0.40437 0.347 0.29925 0.26062 0.231 0.21073 0.20031 0.19982 0.20849 0.22471 0.24664 0.27252 0.30096 0.33089 0.36155 0.39246 0.42334 0.45409 0.48471 0.51524 0.54571 0.57611 0.60635 0.63628 0.66561 0.69407 0.72128 0.74687 0.7705 0.79181 0.81051 0.82629 0.8389 0.84802 0.85327
0.22461 0.11291 0.22622 0.46276 0.4537 0.23574 0.37742 0.6304 0.75757 0.75967 0.69999 0.6207 0.53675 0.45814 0.38978 0.33196 0.28384 0.24481 0.21473 0.19404 0.18341 0.18306 0.19214 0.20889 0.23128 0.2575 0.28613 0.31613 0.34679 0.37768 0.40856 0.43935 0.4701 0.50085 0.53165 0.56249 0.59326 0.6238 0.65381 0.68299 0.71095 0.73731 0.7617 0.78376 0.80318 0.81966 0.83291 0.84263 0.84845
0.26407 0.08695 0.2393 0.46094 0.42314 0.1265 0.31529 0.59215 0.72739 0.73728 0.68326 0.60656 0.52324 0.44448 0.37584 0.31779 0.26943 0.23006 0.19951 0.17831 0.16737 0.16708 0.17656 0.19383 0.21668 0.2432 0.27197 0.30199 0.3326 0.36341 0.39424 0.42504 0.45587 0.48681 0.51791 0.54914 0.58042 0.61154 0.64221 0.67209 0.70078 0.7279 0.75303 0.77583 0.79597 0.81313 0.82704 0.83736 0.84374
0.33665 0.19317 0.29602 0.47802 0.42519 0.1068 0.28659 0.56146 0.69833 0.71451 0.66599 0.59213 0.50981 0.43125 0.3626 0.30451 0.25606 0.21642 0.18537 0.16357 0.15219 0.15189 0.16174 0.17953 0.20281 0.22959 0.25846 0.28846 0.31897 0.34966 0.38038 0.41114 0.44202 0.47311 0.50447 0.53608 0.56783 0.59952 0.63081 0.66138 0.69078 0.71863 0.7445 0.76803 0.78887 0.80671 0.82127 0.8322 0.83915
0.44983 0.34383 0.37828 0.51158 0.45612 0.19063 0.29355 0.53822 0.67072 0.69175 0.64845 0.57758 0.49654 0.41848 0.35006 0.29214 0.24373 0.20388 0.17233 0.14983 0.13788 0.13747 0.14767 0.16597 0.18966 0.21668 0.2456 0.27552 0.30588 0.3364 0.36697 0.39765 0.42854 0.45975 0.49134 0.5233 0.5555 0.58772 0.61963 0.65085 0.68095 0.70951 0.7361 0.76034 0.78189 0.80041 0.8156 0.82715 0.83467
0.58363 0.50234 0.47066 0.55643 0.50409 0.28593 0.32403 0.52119 0.64464 0.66928 0.63086 0.56301 0.48348 0.40617 0.33822 0.28065 0.23242 0.19247 0.16042 0.13712 0.12445 0.12382 0.13434 0.15313 0.17722 0.20443 0.23336 0.26315 0.29332 0.32362 0.35401 0.38457 0.41543 0.44672 0.47852 0.5108 0.54342 0.57616 0.60865 0.64051 0.67129 0.70055 0.72785 0.75279 0.77502 0.79421 0.81004 0.82221 0.83031
0.70913 0.64564 0.56119 0.6058 0.55655 0.36997 0.36229 0.50838 0.62002 0.64729 0.61338 0.54851 0.47065 0.39432 0.32705 0.27002 0.22213 0.18216 0.14964 0.12547 0.1119 0.11092 0.12172 0.14101 0.16548 0.19284 0.22173 0.25135 0.28127 0.31131 0.34148 0.37188 0.40268 0.43403 0.46601 0.49858 0.5316 0.56482 0.59788 0.63036 0.6618 0.69174 0.71973 0.74536 0.76827 0.78811 0.80459 0.81737 0.82605
0.79891 0.75164 0.63977 0.65273 0.60403 0.43717 0.39748 0.49756 0.59667 0.62594 0.59612 0.53414 0.45806 0.38289 0.31651 0.26019 0.21279 0.17293 0.13998 0.11487 0.10023 0.098746 0.1098 0.12959 0.15441 0.18188 0.21068 0.24008 0.26972 0.29946 0.32936 0.35958 0.39029 0.42167 0.45379 0.48663 0.52003 0.55373 0.58733 0.62041 0.65248 0.68308 0.71175 0.73805 0.76163 0.78213 0.79924 0.81263 0.8219
0.82996 0.80356 0.6987 0.69125 0.6404 0.48544 0.42365 0.48668 0.5744 0.60533 0.57917 0.51993 0.44571 0.37187 0.30654 0.25111 0.20435 0.16472 0.13144 0.10536 0.089454 0.087289 0.098565 0.11886 0.144 0.17154 0.2002 0.22934 0.25865 0.28805 0.31766 0.34765 0.37825 0.40963 0.44188 0.47496 0.50872 0.54286 0.57698 0.61064 0.64334 0.67458 0.70391 0.73087 0.75511 0.77625 0.79399 0.80799 0.81785
0.78663 0.7949 0.73374 0.71707 0.66225 0.51424 0.43796 0.47416 0.55302 0.58552 0.56257 0.5059 0.43357 0.3612 0.29709 0.2427 0.19674 0.15749 0.12399 0.096945 0.079591 0.076529 0.08799 0.10879 0.13423 0.16179 0.19028 0.2191 0.24804 0.27708 0.30635 0.3361 0.36655 0.3979 0.43026 0.46357 0.49766 0.53223 0.56685 0.60107 0.63437 0.66624 0.69621 0.72382 0.7487 0.77048 0.78884 0.80344 0.81389
0.66579 0.73217 0.74456 0.72795 0.66828 0.52416 0.43943 0.45898 0.53243 0.56656 0.54637 0.49205 0.42162 0.35083 0.2881 0.23491 0.18989 0.15117 0.11757 0.089622 0.070664 0.066449 0.078059 0.099377 0.12508 0.15262 0.18088 0.20936 0.23789 0.26652 0.29543 0.3249 0.35518 0.38649 0.41893 0.45244 0.48685 0.52182 0.55693 0.59169 0.62557 0.65805 0.68864 0.71689 0.7424 0.76481 0.78379 0.79899 0.81003
0.48039 0.63452 0.73422 0.72367 0.65895 0.51664 0.42821 0.44072 0.51258 0.54847 0.53059 0.47838 0.40985 0.34073 0.27949 0.22763 0.1837 0.14566 0.11212 0.083388 0.062708 0.057035 0.068754 0.090605 0.11654 0.14401 0.17199 0.20008 0.22816 0.25636 0.28488 0.31405 0.34414 0.37538 0.40788 0.44158 0.47628 0.51165 0.54722 0.5825 0.61694 0.65002 0.68122 0.71009 0.73622 0.75925 0.77883 0.79464 0.80626
0.2576 0.53074 0.70789 0.70575 0.63608 0.49386 0.4052 0.41947 0.49354 0.53126 0.51521 0.46488 0.39821 0.33084 0.27121 0.22082 0.17811 0.14089 0.10758 0.078222 0.055772 0.048276 0.060059 0.082463 0.1086 0.13594 0.1636 0.19124 0.21886 0.24658 0.2747 0.30353 0.33341 0.36457 0.39712 0.43099 0.46597 0.5017 0.53772 0.5735 0.60849 0.64214 0.67394 0.70341 0.73015 0.75378 0.77397 0.79036 0.80258
0.041539 0.45254 0.67134 0.67698 0.60255 0.45857 0.3718 0.3958 0.47542 0.51494 0.50024 0.45155 0.3867 0.32112 0.2632 0.21438 0.17302 0.13676 0.10386 0.07408 0.049911 0.040168 0.051961 0.074941 0.10122 0.12838 0.15567 0.18285 0.20995 0.23718 0.26486 0.29335 0.323 0.35406 0.38663 0.42065 0.45589 0.49198 0.52842 0.56469 0.60021 0.63441 0.66679 0.69685 0.72419 0.74841 0.76919 0.78618 0.79897
0.17056 0.41933 0.62974 0.64086 0.56201 0.41399 0.32972 0.37063 0.45841 0.4995 0.48567 0.43837 0.37527 0.31153 0.2554 0.20827 0.16836 0.13318 0.10086 0.070896 0.045186 0.032724 0.044452 0.06803 0.0944 0.12132 0.14819 0.17486 0.20142 0.22814 0.25536 0.28348 0.31288 0.34382 0.37641 0.41057 0.44605 0.48247 0.51933 0.55606 0.59209 0.62684 0.65977 0.69041 0.71833 0.74314 0.76451 0.78208 0.79545
0.32345 0.42234 0.58696 0.60104 0.51848 0.36377 0.28085 0.34523 0.4427 0.48492 0.47147 0.42532 0.36392 0.30204 0.24777 0.2024 0.16405 0.13007 0.098486 0.068583 0.041636 0.025989 0.037533 0.061727 0.088116 0.11474 0.14114 0.16726 0.19327 0.21944 0.24618 0.27393 0.30306 0.33387 0.36646 0.40073 0.43645 0.47319 0.51044 0.54762 0.58414 0.61941 0.6529 0.68409 0.71258 0.73797 0.75991 0.77805 0.792
0.42692 0.43551 0.54541 0.56077 0.47601 0.31211 0.22725 0.32108 0.4285 0.47115 0.45762 0.41241 0.35263 0.29263 0.24027 0.19674 0.16002 0.12735 0.096633 0.067032 0.03926 0.020072 0.031218 0.056029 0.082352 0.1086 0.1345 0.16005 0.18546 0.21107 0.23732 0.26467 0.29353 0.32419 0.35676 0.39115 0.42708 0.46412 0.50175 0.53936 0.57636 0.61214 0.64615 0.67789 0.70694 0.73288 0.75539 0.7741 0.78862
0.48031 0.43804 0.50627 0.52244 0.43821 0.26398 0.17118 0.29981 0.41596 0.45817 0.44409 0.39962 0.34139 0.28326 0.23285 0.19124 0.15623 0.12494 0.09521 0.066124 0.037991 0.015235 0.02555 0.050936 0.077089 0.1029 0.12824 0.15319 0.17799 0.20302 0.22876 0.25569 0.28427 0.31477 0.34732 0.3818 0.41793 0.45527 0.49325 0.53128 0.56874 0.605 0.63953 0.67181 0.70139 0.72789 0.75096 0.77023 0.78531
0.48605 0.42044 0.46988 0.48736 0.40767 0.22544 0.1157 0.283 0.40517 0.4459 0.43088 0.38695 0.3302 0.27393 0.22551 0.18585 0.15261 0.12278 0.094129 0.065737 0.037688 0.012024 0.020617 0.046449 0.072308 0.097617 0.12236 0.14667 0.17084 0.19527 0.22049 0.247 0.27528 0.30562 0.33813 0.3727 0.40901 0.44662 0.48495 0.52338 0.56128 0.59802 0.63304 0.66583 0.69595 0.72299 0.7466 0.76643 0.78207
0.44752 0.38122 0.43607 0.45563 0.38552 0.20301 0.068101 0.2719 0.39614 0.43428 0.41794 0.3744 0.31904 0.26461 0.2182 0.18055 0.14913 0.1208 0.093311 0.065755 0.038163 0.011146 0.016595 0.04257 0.067989 0.09272 0.11682 0.14047 0.16399 0.18782 0.21249 0.23858 0.26655 0.29671 0.32918 0.36382 0.40032 0.43819 0.47684 0.51566 0.55397 0.59117 0.62668 0.65997 0.6906 0.71817 0.74232 0.76269 0.77889
0.3718 0.32399 0.40447 0.42644 0.37121 0.20053 0.055546 0.26714 0.38876 0.42324 0.40526 0.36196 0.30792 0.25531 0.21093 0.17531 0.14575 0.11897 0.092688 0.066072 0.039211 0.012539 0.013778 0.0393 0.064112 0.088192 0.11162 0.13459 0.15743 0.18064 0.20477 0.23041 0.25807 0.28805 0.32047 0.35517 0.39183 0.42995 0.46892 0.50811 0.54683 0.58447 0.62044 0.65422 0.68536 0.71344 0.73812 0.75903 0.77577
0.273 0.2566 0.37468 0.39839 0.36296 0.21556 0.09026 0.26853 0.38289 0.4127 0.39283 0.34965 0.29685 0.24603 0.20367 0.17012 0.14245 0.11723 0.092202 0.066597 0.040644 0.015224 0.0125 0.036629 0.060654 0.084012 0.10673 0.12899 0.15115 0.17373 0.19731 0.2225 0.24983 0.27963 0.31199 0.34675 0.38357 0.42192 0.46119 0.50072 0.53984 0.57791 0.61433 0.64858 0.6802 0.70879 0.73399 0.75542 0.77271
0.17659 0.19213 0.34629 0.36997 0.35839 0.24134 0.13727 0.27512 0.37828 0.40259 0.38062 0.33747 0.28584 0.23675 0.19641 0.16496 0.13919 0.11556 0.091806 0.067254 0.042308 0.018378 0.012816 0.034539 0.057591 0.080159 0.10213 0.12367 0.14514 0.16707 0.19009 0.21483 0.24184 0.27144 0.30374 0.33855 0.37551 0.41408 0.45364 0.49351 0.533 0.57148 0.60834 0.64304 0.67514 0.70422 0.72992 0.75188 0.7697
0.13276 0.15134 0.31881 0.33986 0.35535 0.27154 0.18418 0.28549 0.37465 0.39281 0.36864 0.32543 0.27489 0.22749 0.18917 0.15981 0.13598 0.11394 0.091463 0.067984 0.044085 0.021602 0.014313 0.032998 0.054898 0.076611 0.097806 0.11861 0.13937 0.16065 0.18311 0.2074 0.23408 0.26348 0.29571 0.33056 0.36765 0.40644 0.44627 0.48646 0.52632 0.56518 0.60246 0.63761 0.67018 0.69974 0.72593 0.7484 0.76675
0.17087 0.15198 0.29156 0.3072 0.35232 0.30206 0.22809 0.29817 0.37171 0.38332 0.35686 0.31355 0.26402 0.21826 0.18194 0.15469 0.13278 0.11234 0.091142 0.068738 0.045888 0.024725 0.016446 0.031957 0.052546 0.073347 0.093743 0.11379 0.13385 0.15447 0.17636 0.20019 0.22653 0.25574 0.28789 0.32278 0.36 0.39899 0.43908 0.47957 0.51977 0.55902 0.5967 0.63228 0.6653 0.69532 0.72201 0.74498 0.76384
0.23164 0.18059 0.26372 0.27165 0.34855 0.33067 0.268 0.31181 0.36918 0.37403 0.3453 0.30183 0.25324 0.20905 0.17471 0.14958 0.12961 0.11076 0.090822 0.069483 0.04766 0.027675 0.018832 0.031354 0.050509 0.070347 0.089921 0.10921 0.12854 0.14851 0.16982 0.19319 0.21921 0.24822 0.28029 0.31521 0.35255 0.39172 0.43206 0.47285 0.51338 0.55299 0.59106 0.62706 0.66051 0.69099 0.71814 0.74161 0.76098
0.27984 0.21248 0.23463 0.23347 0.34397 0.35628 0.30346 0.32532 0.36678 0.36491 0.33395 0.29029 0.24257 0.19989 0.16751 0.14449 0.12645 0.10917 0.090486 0.070192 0.049359 0.030422 0.02126 0.031117 0.048755 0.067591 0.086326 0.10484 0.12346 0.14276 0.1635 0.18641 0.21209 0.2409 0.2729 0.30784 0.34529 0.38464 0.42521 0.46628 0.50712 0.54708 0.58553 0.62193 0.6558 0.68673 0.71435 0.73829 0.75817
0.30777 0.23623 0.20424 0.19359 0.33903 0.37849 0.33433 0.33791 0.3643 0.35591 0.32282 0.27896 0.23202 0.19078 0.16033 0.13943 0.12331 0.10759 0.090122 0.070846 0.050961 0.032958 0.02362 0.031172 0.047255 0.065058 0.082942 0.10068 0.11857 0.13722 0.15738 0.17983 0.20518 0.23379 0.2657 0.30066 0.33821 0.37774 0.41853 0.45986 0.50101 0.5413 0.58011 0.61689 0.65118 0.68254 0.71061 0.73503 0.7554
0.3165 0.25023 0.1738 0.15391 0.33447 0.39725 0.36062 0.34903 0.36154 0.347 0.31193 0.26786 0.22161 0.18174 0.15318 0.13439 0.12019 0.10599 0.089724 0.071434 0.052449 0.035283 0.025861 0.031449 0.045979 0.062731 0.079754 0.096711 0.11388 0.13186 0.15145 0.17344 0.19847 0.22688 0.25871 0.29368 0.33133 0.37101 0.41201 0.45359 0.49503 0.53564 0.5748 0.61196 0.64664 0.67842 0.70693 0.73182 0.75267
0.31092 0.25771 0.14677 0.1182 0.33112 0.41273 0.38245 0.35832 0.35838 0.33818 0.30129 0.25699 0.21136 0.17276 0.14608 0.12939 0.11709 0.1044 0.089287 0.071949 0.053815 0.037405 0.027956 0.031886 0.044899 0.060589 0.076748 0.092926 0.10937 0.12669 0.14571 0.16725 0.19195 0.22016 0.2519 0.28689 0.32463 0.36446 0.40566 0.44748 0.48919 0.5301 0.5696 0.60711 0.64218 0.67437 0.70331 0.72865 0.74998
0.29738 0.26381 0.12966 0.094093 0.32968 0.4252 0.40001 0.36557 0.35472 0.32943 0.29091 0.2464 0.20129 0.16388 0.13902 0.12445 0.11402 0.10279 0.088811 0.072387 0.055058 0.039332 0.029895 0.032428 0.043986 0.058617 0.073911 0.089311 0.10503 0.12169 0.14015 0.16123 0.18561 0.21363 0.24529 0.28029 0.31811 0.35808 0.39946 0.44151 0.48348 0.52468 0.5645 0.60236 0.6378 0.67039 0.69975 0.72553 0.74733
0.28148 0.27317 0.12994 0.09215 0.33058 0.43493 0.41355 0.37071 0.35051 0.32077 0.28083 0.23609 0.1914 0.1551 0.13203 0.11955 0.11098 0.10119 0.088294 0.072748 0.056177 0.041074 0.031678 0.033033 0.043214 0.056797 0.071231 0.085856 0.10085 0.11686 0.13475 0.15539 0.17945 0.20728 0.23886 0.27387 0.31176 0.35186 0.39342 0.43568 0.4779 0.51938 0.5595 0.5977 0.6335 0.66647 0.69624 0.72246 0.74472
0.26712 0.28813 0.1487 0.11241 0.33392 0.44221 0.42334 0.37375 0.34573 0.3122 0.27106 0.22609 0.18173 0.14642 0.12512 0.11473 0.10799 0.099588 0.08774 0.073032 0.057176 0.042645 0.033306 0.033667 0.042561 0.055115 0.068696 0.082552 0.096836 0.11219 0.12952 0.14972 0.17347 0.20111 0.23261 0.26762 0.30558 0.34581 0.38753 0.42999 0.47244 0.51419 0.5546 0.59312 0.62927 0.66261 0.69279 0.71943 0.74214
0.25729 0.30826 0.17943 0.14382 0.33945 0.44728 0.42966 0.37475 0.34039 0.30376 0.26164 0.21643 0.1723 0.13787 0.11828 0.10999 0.10505 0.097995 0.087152 0.073242 0.05806 0.044054 0.034786 0.034304 0.042004 0.053555 0.066295 0.079389 0.092964 0.10768 0.12445 0.14421 0.16765 0.19511 0.22654 0.26155 0.29958 0.33992 0.38179 0.42444 0.46711 0.50911 0.5498 0.58863 0.62512 0.65882 0.68939 0.71645 0.7396
0.25508 0.33136 0.2149 0.17819 0.34667 0.45036 0.43282 0.37381 0.33452 0.29546 0.25257 0.20713 0.16311 0.12945 0.11154 0.10533 0.10217 0.096415 0.086534 0.073383 0.058834 0.045314 0.036124 0.034927 0.041526 0.052106 0.064017 0.076359 0.089231 0.1033 0.11953 0.13886 0.162 0.18929 0.22063 0.25565 0.29374 0.33418 0.3762 0.41903 0.46191 0.50414 0.5451 0.58423 0.62103 0.65509 0.68604 0.7135 0.73709
0.26253 0.35475 0.25023 0.21163 0.35496 0.4516 0.43308 0.37109 0.32816 0.28734 0.24389 0.19821 0.15419 0.12117 0.10491 0.10078 0.099359 0.094853 0.085889 0.07346 0.059506 0.046435 0.03733 0.035521 0.041109 0.050754 0.061855 0.073455 0.085631 0.099067 0.11475 0.13366 0.15651 0.18363 0.2149 0.24992 0.28806 0.3286 0.37075 0.41374 0.45682 0.49928 0.5405 0.5799 0.61702 0.65143 0.68274 0.7106 0.73461
0.27805 0.37609 0.2824 0.24225 0.36364 0.45115 0.43072 0.36672 0.32139 0.27942 0.23562 0.1897 0.14556 0.11304 0.098382 0.096343 0.096621 0.093316 0.085223 0.073476 0.060083 0.047429 0.038412 0.036077 0.040741 0.04949 0.059798 0.070668 0.082157 0.094963 0.11011 0.1286 0.15118 0.17813 0.20933 0.24435 0.28254 0.32317 0.36544 0.40859 0.45185 0.49452 0.53598 0.57566 0.61308 0.64782 0.67949 0.70773 0.73216
0.29621 0.3936 0.30954 0.26907 0.37211 0.4491 0.426 0.36087 0.31425 0.27174 0.22778 0.18161 0.13723 0.10507 0.091979 0.092031 0.093968 0.091808 0.08454 0.073439 0.060572 0.048305 0.039378 0.03659 0.04041 0.048303 0.057839 0.067992 0.078802 0.090985 0.1056 0.12369 0.146 0.17279 0.20393 0.23894 0.27717 0.31788 0.36027 0.40356 0.44699 0.48987 0.53156 0.5715 0.60921 0.64426 0.67628 0.7049 0.72974
0.31079 0.40605 0.33048 0.29158 0.37986 0.44553 0.41916 0.35369 0.30681 0.26432 0.2204 0.17398 0.12925 0.097269 0.085708 0.087858 0.091406 0.090334 0.083846 0.073353 0.060981 0.049075 0.040237 0.037056 0.040107 0.047185 0.055972 0.06542 0.07556 0.087127 0.10122 0.11892 0.14096 0.16761 0.19868 0.23369 0.27196 0.31275 0.35524 0.39866 0.44225 0.48531 0.52722 0.56742 0.60541 0.64076 0.67312 0.70211 0.72734
0.31761 0.41266 0.3446 0.30959 0.38649 0.44051 0.4104 0.34533 0.29915 0.2572 0.21348 0.16681 0.12161 0.089646 0.079577 0.083835 0.088942 0.088899 0.083144 0.073224 0.061316 0.049747 0.040998 0.037475 0.039823 0.04613 0.054189 0.062947 0.072426 0.083384 0.096962 0.11427 0.13607 0.16257 0.19358 0.22859 0.2669 0.30775 0.35033 0.39387 0.43761 0.48086 0.52298 0.56341 0.60166 0.63732 0.67001 0.69936 0.72498
0.31573 0.41298 0.35166 0.32315 0.39173 0.43409 0.39994 0.33595 0.29131 0.25039 0.20705 0.16015 0.11436 0.082209 0.073596 0.079975 0.086583 0.087509 0.08244 0.073057 0.061585 0.05033 0.041669 0.037847 0.039554 0.045129 0.052486 0.060568 0.069395 0.079751 0.092823 0.10976 0.13131 0.15769 0.18864 0.22364 0.26198 0.30289 0.34556 0.38921 0.43309 0.4765 0.51882 0.55947 0.59799 0.63393 0.66694 0.69664 0.72264
0.30687 0.40688 0.35172 0.33246 0.39542 0.42633 0.38794 0.32567 0.28337 0.24391 0.20111 0.15399 0.10752 0.074967 0.067777 0.076291 0.084336 0.086165 0.081737 0.072859 0.061795 0.050834 0.042258 0.038173 0.039294 0.044179 0.050856 0.058278 0.066462 0.076222 0.088796 0.10537 0.12669 0.15294 0.18385 0.21884 0.25721 0.29817 0.34091 0.38466 0.42867 0.47224 0.51474 0.55561 0.59437 0.6306 0.66391 0.69395 0.72032
0.29411 0.39446 0.34513 0.33788 0.3975 0.4173 0.37458 0.31463 0.27537 0.23778 0.19567 0.14835 0.10113 0.067931 0.062131 0.072794 0.082204 0.084873 0.081039 0.072632 0.061952 0.051266 0.042773 0.038455 0.039042 0.043274 0.049297 0.056073 0.063624 0.072795 0.084878 0.1011 0.12221 0.14834 0.1792 0.21419 0.25258 0.29358 0.33639 0.38023 0.42435 0.46807 0.51074 0.55182 0.59082 0.62731 0.66093 0.6913 0.71803
0.28025 0.37605 0.33241 0.33987 0.39797 0.40707 0.36001 0.30293 0.26735 0.23201 0.19073 0.14326 0.095203 0.061115 0.056672 0.069499 0.080194 0.083636 0.080351 0.072384 0.062062 0.051633 0.043221 0.038697 0.038793 0.042411 0.047803 0.053949 0.060875 0.069463 0.081064 0.096947 0.11785 0.14388 0.1747 0.20968 0.24808 0.28912 0.33199 0.37591 0.42014 0.46399 0.50683 0.5481 0.58733 0.62408 0.65798 0.68868 0.71577
0.26676 0.35215 0.31428 0.33897 0.39691 0.39571 0.34436 0.29068 0.25938 0.22661 0.1863 0.13871 0.089791 0.054536 0.051418 0.066417 0.078308 0.082455 0.079676 0.072117 0.062131 0.051943 0.043609 0.038901 0.038548 0.041587 0.046372 0.051904 0.058213 0.066224 0.077351 0.092907 0.11362 0.13956 0.17033 0.2053 0.24372 0.28479 0.3277 0.3717 0.41602 0.45999 0.50299 0.54445 0.58389 0.62089 0.65508 0.68609 0.71352
0.25345 0.32346 0.29159 0.33576 0.39444 0.38333 0.32777 0.27797 0.25147 0.22157 0.18235 0.13472 0.084929 0.048219 0.046392 0.063561 0.076551 0.081333 0.079016 0.071837 0.062165 0.052203 0.043943 0.039072 0.038306 0.040799 0.045001 0.049933 0.055635 0.063073 0.073735 0.088976 0.10951 0.13537 0.16611 0.20107 0.23949 0.28058 0.32354 0.36759 0.412 0.45609 0.49923 0.54086 0.58051 0.61776 0.65222 0.68353 0.7113
0.23925 0.29086 0.26532 0.33085 0.39073 0.37004 0.31036 0.2649 0.24366 0.2169 0.17889 0.13129 0.080654 0.0422 0.041623 0.060944 0.074923 0.080273 0.078374 0.071547 0.062169 0.052419 0.044231 0.039212 0.038067 0.040046 0.043688 0.048035 0.053137 0.060008 0.070212 0.085153 0.10553 0.13131 0.16202 0.19697 0.23539 0.27649 0.31948 0.36359 0.40808 0.45227 0.49554 0.53734 0.57719 0.61467 0.64939 0.681 0.70911
0.2232 0.25543 0.23656 0.32485 0.38596 0.35595 0.29225 0.25155 0.236 0.2126 0.17591 0.1284 0.077002 0.036533 0.037153 0.058576 0.073428 0.079274 0.077753 0.071251 0.062148 0.052597 0.044477 0.039326 0.037832 0.039327 0.042432 0.046209 0.050718 0.057024 0.066778 0.081434 0.10166 0.12738 0.15806 0.193 0.23142 0.27253 0.31554 0.35969 0.40424 0.44853 0.49193 0.53389 0.57393 0.61162 0.6466 0.6785 0.70693
0.20531 0.21849 0.20659 0.31835 0.38032 0.34123 0.27355 0.23799 0.2285 0.20867 0.17338 0.12606 0.074003 0.031307 0.03304 0.056468 0.072064 0.078337 0.077155 0.070952 0.062106 0.052742 0.044689 0.039417 0.037601 0.038641 0.041231 0.044452 0.048375 0.05412 0.063431 0.077816 0.097915 0.12358 0.15423 0.18916 0.22757 0.26868 0.3117 0.35589 0.4005 0.44487 0.48839 0.53049 0.57072 0.60862 0.64385 0.67603 0.70477
0.18676 0.1818 0.17694 0.31187 0.37402 0.32603 0.25439 0.22431 0.2212 0.20508 0.17129 0.12424 0.071676 0.026662 0.029362 0.054629 0.070833 0.077464 0.076581 0.070653 0.062048 0.05286 0.044869 0.03949 0.037376 0.037988 0.040084 0.042763 0.046107 0.051292 0.060168 0.074298 0.094283 0.1199 0.15054 0.18544 0.22384 0.26494 0.30797 0.35218 0.39685 0.44129 0.48492 0.52716 0.56756 0.60567 0.64114 0.67359 0.70264
0.16971 0.14784 0.14962 0.30586 0.36729 0.31054 0.23487 0.21059 0.21412 0.20185 0.16962 0.12293 0.07003 0.022822 0.026227 0.053063 0.069732 0.076654 0.076033 0.070357 0.061977 0.052955 0.045025 0.039548 0.037158 0.037368 0.038991 0.041143 0.043912 0.048538 0.056984 0.070876 0.090765 0.11635 0.14697 0.18185 0.22023 0.26132 0.30435 0.34857 0.39328 0.43779 0.48151 0.52389 0.56445 0.60276 0.63846 0.67117 0.70052
0.15661 0.12048 0.12737 0.30069 0.36032 0.29497 0.21511 0.19689 0.20729 0.19895 0.16835 0.1221 0.069056 0.020107 0.02377 0.051775 0.06876 0.075907 0.075512 0.070066 0.061896 0.053031 0.04516 0.039594 0.03695 0.03678 0.037952 0.039591 0.04179 0.045855 0.053879 0.06755 0.087359 0.11292 0.14352 0.17839 0.21674 0.25781 0.30083 0.34506 0.38979 0.43437 0.47818 0.52068 0.56139 0.59989 0.63581 0.66879 0.69842
0.14919 0.10528 0.11367 0.29662 0.35334 0.27953 0.19523 0.18331 0.20075 0.19639 0.16744 0.12172 0.068727 0.018857 0.022132 0.050762 0.067915 0.075221 0.07502 0.069783 0.061809 0.053092 0.045279 0.039633 0.036752 0.036227 0.036968 0.038108 0.039741 0.043242 0.050848 0.064317 0.084066 0.10961 0.1402 0.17504 0.21336 0.2544 0.2974 0.34163 0.38639 0.43102 0.47491 0.51752 0.55838 0.59707 0.6332 0.66642 0.69635
0.14773 0.10659 0.11135 0.29383 0.34654 0.26448 0.17535 0.16993 0.19452 0.19415 0.16689 0.12176 0.069002 0.019224 0.021417 0.05002 0.067192 0.074597 0.074556 0.06951 0.06172 0.053143 0.045385 0.039667 0.036568 0.035708 0.036038 0.036693 0.037765 0.040697 0.04789 0.061177 0.080883 0.10642 0.13699 0.17181 0.21009 0.2511 0.29407 0.3383 0.38307 0.42774 0.47171 0.51443 0.55542 0.59428 0.63062 0.66409 0.69429
0.15106 0.12236 0.12017 0.29238 0.34009 0.25006 0.15561 0.15684 0.18864 0.19223 0.16667 0.12218 0.069825 0.021006 0.021641 0.049541 0.066588 0.074033 0.074122 0.069247 0.061629 0.053186 0.045482 0.039699 0.036399 0.035225 0.035163 0.035348 0.035862 0.038219 0.045002 0.058127 0.07781 0.10335 0.13391 0.16869 0.20693 0.24789 0.29084 0.33505 0.37983 0.42454 0.46857 0.51138 0.55251 0.59154 0.62808 0.66178 0.69224
0.15741 0.1464 0.13683 0.29228 0.33417 0.23654 0.13615 0.14416 0.18314 0.19062 0.16675 0.12296 0.071135 0.02379 0.022705 0.049312 0.066098 0.073527 0.073717 0.068998 0.061541 0.053224 0.045574 0.039733 0.036246 0.034779 0.034344 0.034075 0.034034 0.035806 0.042181 0.055169 0.074847 0.1004 0.13094 0.16569 0.20388 0.24479 0.28769 0.33188 0.37666 0.4214 0.46549 0.50839 0.54965 0.58883 0.62556 0.65949 0.69022
0.16532 0.17385 0.15767 0.29345 0.32891 0.2242 0.11713 0.13201 0.17806 0.18931 0.16711 0.12406 0.072865 0.027189 0.024436 0.049318 0.065717 0.073077 0.073342 0.068762 0.061457 0.053261 0.045663 0.039771 0.036112 0.03437 0.033583 0.032874 0.032283 0.033457 0.039427 0.0523 0.071994 0.097562 0.12809 0.16279 0.20093 0.24179 0.28464 0.3288 0.37357 0.41833 0.46247 0.50546 0.54683 0.58616 0.62308 0.65723 0.68821
0.17383 0.20209 0.1801 0.29579 0.32443 0.21329 0.09877 0.12053 0.17343 0.18831 0.16774 0.12544 0.07495 0.030937 0.026653 0.04954 0.065439 0.072683 0.072997 0.068541 0.061378 0.053298 0.045753 0.039816 0.035998 0.034001 0.03288 0.031749 0.03061 0.031174 0.036737 0.049521 0.06925 0.094841 0.12536 0.16001 0.19809 0.23888 0.28168 0.3258 0.37056 0.41532 0.45951 0.50257 0.54406 0.58353 0.62063 0.65499 0.68623
0.18252 0.22982 0.20255 0.29916 0.32078 0.20402 0.081344 0.10991 0.16929 0.18761 0.16861 0.12706 0.077329 0.034864 0.029197 0.049958 0.065259 0.072341 0.072681 0.068337 0.061307 0.053338 0.045845 0.039869 0.035906 0.03367 0.032237 0.030701 0.029021 0.028955 0.034108 0.046833 0.066617 0.092236 0.12273 0.15733 0.19534 0.23606 0.2788 0.32287 0.36761 0.41238 0.4566 0.49974 0.54133 0.58094 0.61821 0.65278 0.68425
0.19133 0.25635 0.22408 0.30341 0.31803 0.19657 0.065309 0.10035 0.16568 0.1872 0.1697 0.12892 0.079947 0.03887 0.031953 0.050553 0.065171 0.072051 0.072395 0.068149 0.061245 0.053383 0.045942 0.039933 0.035838 0.033381 0.031655 0.029733 0.027518 0.026802 0.03154 0.044236 0.064095 0.089745 0.12022 0.15476 0.19269 0.23333 0.276 0.32002 0.36473 0.40951 0.45376 0.49695 0.53864 0.57838 0.61582 0.65059 0.6823
0.20055 0.28127 0.24414 0.30839 0.31615 0.19101 0.051473 0.092086 0.16263 0.18709 0.17101 0.13096 0.082755 0.042893 0.034834 0.051302 0.065167 0.071809 0.072137 0.067978 0.061192 0.053435 0.046046 0.04001 0.035794 0.033134 0.031134 0.028847 0.026106 0.024717 0.029032 0.041733 0.061685 0.087367 0.11781 0.15229 0.19014 0.23069 0.27329 0.31725 0.36192 0.40669 0.45096 0.49422 0.53599 0.57586 0.61346 0.64842 0.68036
0.21084 0.30426 0.2624 0.31394 0.31512 0.18733 0.04132 0.085379 0.16016 0.18726 0.1725 0.13318 0.08571 0.046895 0.037783 0.052186 0.065243 0.071614 0.071908 0.067824 0.061151 0.053494 0.046159 0.0401 0.035776 0.032928 0.030676 0.028046 0.024792 0.022703 0.026581 0.039326 0.059388 0.085103 0.11551 0.14992 0.18767 0.22814 0.27065 0.31455 0.35918 0.40393 0.44823 0.49153 0.53339 0.57338 0.61113 0.64628 0.67844
0.22318 0.32497 0.27863 0.31993 0.31485 0.18541 0.036999 0.080476 0.15829 0.18772 0.17417 0.13554 0.088778 0.050853 0.040759 0.053185 0.065392 0.071462 0.071707 0.067689 0.061122 0.053563 0.046281 0.040207 0.035784 0.032765 0.03028 0.027332 0.023582 0.020764 0.024186 0.037018 0.057206 0.082951 0.11332 0.14764 0.1853 0.22567 0.26809 0.31192 0.35651 0.40124 0.44554 0.48889 0.53082 0.57092 0.60882 0.64415 0.67653
0.2387 0.34299 0.29271 0.3262 0.31523 0.18504 0.039459 0.077558 0.15705 0.18845 0.17601 0.13802 0.091928 0.054749 0.043735 0.054282 0.065607 0.071353 0.071532 0.067571 0.061105 0.053641 0.046415 0.04033 0.03582 0.032646 0.029949 0.026708 0.022484 0.018908 0.021848 0.034812 0.05514 0.08091 0.11123 0.14546 0.18302 0.22328 0.26561 0.30936 0.35389 0.3986 0.4429 0.48629 0.5283 0.56851 0.60654 0.64205 0.67464
0.25827 0.35783 0.30461 0.33262 0.31614 0.18594 0.046815 0.076675 0.15644 0.18947 0.17801 0.14061 0.095135 0.058576 0.04669 0.055458 0.065883 0.071283 0.071384 0.067471 0.061102 0.053731 0.04656 0.04047 0.035883 0.03257 0.029681 0.026173 0.021504 0.017142 0.019565 0.032716 0.053193 0.078981 0.10924 0.14338 0.18083 0.22098 0.2632 0.30687 0.35134 0.39601 0.44032 0.48374 0.52581 0.56612 0.60429 0.63997 0.67276
0.28211 0.36892 0.31433 0.33908 0.31741 0.18779 0.056481 0.077721 0.15645 0.19076 0.18014 0.14329 0.098378 0.062325 0.049612 0.056701 0.066215 0.07125 0.071261 0.067389 0.061112 0.053832 0.046719 0.040629 0.035975 0.032536 0.029476 0.025731 0.02065 0.015482 0.017339 0.030735 0.051366 0.077163 0.10736 0.14139 0.17871 0.21874 0.26086 0.30444 0.34885 0.39348 0.43779 0.48123 0.52337 0.56377 0.60207 0.63791 0.6709
0.30946 0.37566 0.32193 0.34544 0.3189 0.19025 0.06686 0.080445 0.15709 0.19231 0.18241 0.14604 0.10164 0.065994 0.052489 0.057996 0.066596 0.071253 0.071162 0.067325 0.061135 0.053946 0.046891 0.040806 0.036095 0.032545 0.029334 0.025381 0.019931 0.013945 0.01517 0.028876 0.04966 0.075454 0.10557 0.13949 0.17668 0.21659 0.25859 0.30208 0.34641 0.39101 0.4353 0.47877 0.52095 0.56145 0.59987 0.63587 0.66905
0.33866 0.37744 0.32756 0.35162 0.32044 0.19302 0.077151 0.084525 0.15833 0.19413 0.1848 0.14886 0.10491 0.06958 0.055317 0.059332 0.067022 0.071288 0.071087 0.067278 0.061173 0.054072 0.047078 0.041003 0.036244 0.032597 0.029254 0.025123 0.019351 0.012557 0.013063 0.027151 0.04808 0.073855 0.10388 0.13767 0.17473 0.21451 0.25639 0.29977 0.34404 0.38858 0.43286 0.47634 0.51858 0.55916 0.5977 0.63385 0.66722
0.36739 0.37372 0.33141 0.3575 0.32187 0.19579 0.086949 0.089627 0.16014 0.19619 0.1873 0.15172 0.10817 0.073082 0.058088 0.060699 0.067486 0.071353 0.071034 0.067248 0.061224 0.054211 0.047278 0.041218 0.03642 0.032689 0.029234 0.024956 0.018915 0.011353 0.011023 0.025569 0.046625 0.072363 0.10228 0.13594 0.17286 0.2125 0.25426 0.29753 0.34172 0.38621 0.43046 0.47396 0.51624 0.5569 0.59555 0.63185 0.6654
0.39311 0.36401 0.33374 0.363 0.32304 0.19831 0.09604 0.095456 0.16251 0.19851 0.18991 0.15463 0.11141 0.076498 0.060802 0.062087 0.067986 0.071447 0.071002 0.067235 0.061289 0.054363 0.047493 0.041453 0.036624 0.032822 0.029273 0.024877 0.018626 0.010376 0.0090632 0.024144 0.045299 0.070978 0.10078 0.13429 0.17107 0.21056 0.25219 0.29535 0.33945 0.38389 0.42811 0.47161 0.51394 0.55467 0.59343 0.62987 0.6636
0.41343 0.34799 0.33487 0.36805 0.32381 0.20038 0.10431 0.10177 0.16538 0.20105 0.19262 0.15757 0.11463 0.07983 0.063454 0.063488 0.068515 0.071567 0.070991 0.067238 0.061368 0.054528 0.047723 0.041706 0.036855 0.032994 0.029368 0.024884 0.018482 0.0096738 0.0072109 0.022888 0.044102 0.069699 0.099364 0.13273 0.16934 0.20869 0.25018 0.29323 0.33724 0.38161 0.42581 0.46931 0.51167 0.55247 0.59133 0.62791 0.66181
0.42648 0.3255 0.33516 0.37258 0.32406 0.2018 0.11168 0.10839 0.16874 0.20383 0.19541 0.16053 0.11782 0.083077 0.066044 0.064896 0.069071 0.071711 0.070999 0.067256 0.06146 0.054706 0.047967 0.041978 0.037112 0.033203 0.029518 0.024973 0.018479 0.0092864 0.0055261 0.021816 0.043035 0.068524 0.098041 0.13124 0.16769 0.20688 0.24823 0.29116 0.33507 0.37938 0.42354 0.46704 0.50943 0.55029 0.58926 0.62597 0.66003
0.43115 0.29658 0.33503 0.37653 0.3237 0.20245 0.11814 0.11518 0.17253 0.20682 0.19829 0.1635 0.12097 0.08624 0.06857 0.066305 0.069649 0.071877 0.071026 0.06729 0.061565 0.054896 0.048225 0.042269 0.037394 0.033449 0.02972 0.02514 0.018611 0.0092341 0.0041551 0.02094 0.0421 0.067452 0.096805 0.12983 0.16611 0.20514 0.24634 0.28915 0.33296 0.3772 0.42132 0.46481 0.50723 0.54815 0.58721 0.62405 0.65827
0.42732 0.26146 0.3349 0.37988 0.32264 0.2022 0.12367 0.12204 0.17673 0.21001 0.20125 0.16648 0.12408 0.089321 0.071033 0.06771 0.070245 0.072063 0.07107 0.067338 0.061682 0.055099 0.048497 0.042577 0.037701 0.033729 0.02997 0.02538 0.018867 0.0095038 0.0034224 0.02027 0.041295 0.06648 0.095653 0.1285 0.1646 0.20346 0.24451 0.28719 0.3309 0.37506 0.41914 0.46262 0.50506 0.54604 0.58518 0.62214 0.65652
0.41597 0.22063 0.33517 0.38259 0.32083 0.20098 0.12828 0.12891 0.18128 0.2134 0.20427 0.16947 0.12714 0.092318 0.073431 0.069106 0.070857 0.072267 0.07113 0.067399 0.061812 0.055313 0.048782 0.042902 0.038032 0.034042 0.030267 0.025688 0.019237 0.010053 0.0036601 0.019813 0.04062 0.065607 0.094584 0.12724 0.16315 0.20184 0.24274 0.28528 0.32888 0.37297 0.417 0.46047 0.50292 0.54395 0.58318 0.62026 0.65479
0.39934 0.1748 0.33622 0.38463 0.31822 0.19872 0.13201 0.13576 0.18617 0.21696 0.20736 0.17245 0.13016 0.095234 0.075765 0.070489 0.07148 0.072488 0.071205 0.067474 0.061953 0.055539 0.04908 0.043243 0.038384 0.034385 0.030606 0.026058 0.019709 0.010825 0.0046849 0.01957 0.040072 0.06483 0.093595 0.12605 0.16177 0.20028 0.24102 0.28343 0.32692 0.37092 0.4149 0.45834 0.50081 0.54189 0.5812 0.61839 0.65306
0.38092 0.12546 0.33833 0.38601 0.3148 0.1954 0.13489 0.14255 0.19135 0.2207 0.21049 0.17543 0.13312 0.09807 0.078035 0.071856 0.072113 0.072723 0.071294 0.067561 0.062106 0.055776 0.04939 0.043601 0.038758 0.034758 0.030986 0.026485 0.020269 0.011763 0.0060767 0.019536 0.039649 0.064147 0.092685 0.12492 0.16045 0.19877 0.23935 0.28162 0.32499 0.36891 0.41283 0.45626 0.49873 0.53985 0.57924 0.61654 0.65136
0.36528 0.074378 0.34171 0.38672 0.31057 0.19099 0.13699 0.14929 0.19679 0.22459 0.21368 0.17839 0.13603 0.10083 0.080241 0.073205 0.072752 0.072971 0.071396 0.06766 0.062269 0.056024 0.049713 0.043973 0.039152 0.035158 0.031403 0.026964 0.020907 0.012819 0.0076133 0.019699 0.039347 0.063555 0.09185 0.12387 0.15919 0.19732 0.23773 0.27986 0.32311 0.36694 0.41081 0.4542 0.49669 0.53784 0.5773 0.61471 0.64966
0.35744 0.040425 0.34645 0.38678 0.30556 0.1855 0.13835 0.15596 0.20246 0.22862 0.21691 0.18134 0.13889 0.1035 0.082384 0.074532 0.073395 0.073231 0.07151 0.06777 0.062443 0.056281 0.050046 0.044359 0.039565 0.035584 0.031853 0.027489 0.02161 0.013958 0.0092028 0.020042 0.039161 0.06305 0.091087 0.12287 0.15798 0.19593 0.23617 0.27814 0.32128 0.36502 0.40882 0.45218 0.49467 0.53586 0.57539 0.61289 0.64798
0.36146 0.065901 0.35252 0.38621 0.29982 0.17893 0.13908 0.16258 0.20834 0.23278 0.22018 0.18426 0.14168 0.1061 0.084464 0.075835 0.07404 0.0735 0.071635 0.06789 0.062626 0.056548 0.05039 0.044758 0.039995 0.036032 0.032335 0.028055 0.022369 0.015151 0.010806 0.020547 0.039086 0.062631 0.090396 0.12194 0.15684 0.19458 0.23465 0.27647 0.31949 0.36313 0.40686 0.45019 0.49268 0.5339 0.57349 0.61109 0.64631
0.37894 0.12075 0.3598 0.38506 0.2934 0.17131 0.13926 0.16916 0.2144 0.23707 0.22347 0.18716 0.14442 0.10862 0.086481 0.077114 0.074684 0.073778 0.071771 0.068019 0.062818 0.056824 0.050744 0.045169 0.040441 0.036503 0.032846 0.028658 0.023173 0.01638 0.012405 0.021191 0.039117 0.062292 0.089773 0.12107 0.15574 0.19329 0.23318 0.27485 0.31773 0.36127 0.40494 0.44824 0.49071 0.53196 0.57162 0.60931 0.64465
0.40854 0.17894 0.36809 0.38336 0.28639 0.16269 0.13899 0.17572 0.22063 0.24145 0.22679 0.19003 0.1471 0.11107 0.088436 0.078365 0.075326 0.074063 0.071915 0.068158 0.063018 0.057108 0.051107 0.045592 0.040902 0.036993 0.033381 0.029293 0.024015 0.017631 0.01399 0.021954 0.039246 0.062031 0.089215 0.12026 0.1547 0.19205 0.23175 0.27326 0.31602 0.35946 0.40306 0.44631 0.48878 0.53005 0.56976 0.60754 0.64301
0.44689 0.23729 0.37713 0.38117 0.27891 0.15309 0.13841 0.18228 0.22699 0.24593 0.23013 0.19287 0.14971 0.11344 0.090329 0.079588 0.075964 0.074354 0.072067 0.068305 0.063226 0.0574 0.051478 0.046025 0.041377 0.037501 0.03394 0.029956 0.024888 0.018892 0.015555 0.022815 0.039466 0.061845 0.08872 0.11951 0.15372 0.19085 0.23037 0.27172 0.31435 0.35768 0.4012 0.44441 0.48687 0.52817 0.56793 0.60579 0.64137
0.49014 0.29421 0.38665 0.37856 0.27106 0.14259 0.13764 0.18885 0.23347 0.25049 0.23347 0.19568 0.15226 0.11574 0.092161 0.080782 0.076596 0.074648 0.072227 0.068459 0.063441 0.057698 0.051858 0.046468 0.041865 0.038026 0.03452 0.030643 0.025784 0.020157 0.017099 0.023755 0.039771 0.061729 0.088286 0.1188 0.15278 0.1897 0.22903 0.27022 0.31271 0.35594 0.39938 0.44255 0.48499 0.5263 0.56611 0.60406 0.63975
0.53486 0.34871 0.39638 0.37558 0.26299 0.13125 0.13683 0.19547 0.24006 0.25512 0.23682 0.19844 0.15475 0.11796 0.093933 0.081945 0.07722 0.074946 0.072393 0.06862 0.063662 0.058003 0.052244 0.04692 0.042364 0.038565 0.035117 0.031351 0.0267 0.021421 0.018619 0.024761 0.040153 0.06168 0.08791 0.11815 0.15189 0.18859 0.22773 0.26876 0.31111 0.35423 0.39759 0.44071 0.48314 0.52446 0.56432 0.60234 0.63814
0.57838 0.4001 0.40605 0.37233 0.25486 0.11913 0.13614 0.20214 0.24673 0.25981 0.24017 0.20117 0.15718 0.1201 0.095644 0.083076 0.077836 0.075246 0.072564 0.068787 0.063889 0.058314 0.052637 0.047379 0.042873 0.039118 0.03573 0.032077 0.027629 0.022679 0.020114 0.025816 0.040606 0.061694 0.087588 0.11755 0.15104 0.18753 0.22648 0.26734 0.30954 0.35255 0.39583 0.4389 0.48131 0.52264 0.56254 0.60064 0.63655
0.61881 0.44781 0.41545 0.36889 0.24684 0.10633 0.13574 0.20889 0.25348 0.26454 0.24351 0.20385 0.15953 0.12218 0.097296 0.084175 0.078442 0.075547 0.07274 0.068959 0.064122 0.05863 0.053035 0.047846 0.043391 0.039682 0.036358 0.032817 0.028569 0.023929 0.021584 0.026911 0.041121 0.061766 0.08732 0.117 0.15024 0.18651 0.22526 0.26595 0.30802 0.35091 0.39411 0.43712 0.4795 0.52085 0.56079 0.59896 0.63496
0.65489 0.4914 0.42436 0.36532 0.2391 0.092953 0.13579 0.21574 0.26029 0.26931 0.24684 0.20648 0.16182 0.12418 0.098889 0.085241 0.079037 0.075847 0.072921 0.069136 0.064359 0.058951 0.053438 0.048318 0.043918 0.040257 0.036997 0.033569 0.029517 0.025168 0.02303 0.028034 0.041694 0.061895 0.087102 0.11649 0.14948 0.18552 0.22408 0.2646 0.30652 0.3493 0.39241 0.43536 0.47772 0.51907 0.55905 0.59728 0.63339
0.6859 0.53058 0.43263 0.36172 0.23184 0.079132 0.13646 0.2227 0.26715 0.2741 0.25016 0.20907 0.16405 0.12611 0.10042 0.086273 0.079619 0.076147 0.073104 0.069318 0.064601 0.059276 0.053846 0.048796 0.044451 0.04084 0.037647 0.034331 0.030468 0.026394 0.02445 0.029179 0.042316 0.062075 0.086932 0.11603 0.14876 0.18458 0.22294 0.26328 0.30506 0.34772 0.39074 0.43363 0.47596 0.51732 0.55733 0.59563 0.63183
0.71151 0.56516 0.44015 0.35816 0.22525 0.065071 0.13788 0.22977 0.27404 0.2789 0.25345 0.2116 0.1662 0.12797 0.1019 0.087272 0.080188 0.076444 0.07329 0.069503 0.064846 0.059604 0.054258 0.049279 0.04499 0.041431 0.038306 0.0351 0.031421 0.027607 0.025845 0.030339 0.042983 0.062303 0.086807 0.11561 0.14808 0.18368 0.22183 0.262 0.30363 0.34617 0.3891 0.43193 0.47423 0.51558 0.55562 0.59399 0.63028
0.73167 0.59504 0.44682 0.35471 0.21951 0.051128 0.14018 0.23698 0.28096 0.28371 0.25671 0.21408 0.16829 0.12976 0.10332 0.088236 0.080743 0.076738 0.073477 0.069691 0.065094 0.059935 0.054672 0.049765 0.045535 0.042029 0.038971 0.035876 0.032375 0.028805 0.027216 0.031507 0.043689 0.062575 0.086725 0.11523 0.14744 0.18281 0.22076 0.26075 0.30223 0.34465 0.38748 0.43025 0.47252 0.51387 0.55394 0.59236 0.62874
0.74652 0.62019 0.45258 0.35142 0.21479 0.038102 0.14344 0.24432 0.2879 0.28851 0.25994 0.21651 0.17031 0.13148 0.10468 0.089165 0.081283 0.077029 0.073665 0.069882 0.065345 0.060269 0.055089 0.050255 0.046084 0.042632 0.039643 0.036655 0.033326 0.029988 0.028562 0.03268 0.044428 0.062889 0.086684 0.11489 0.14684 0.18197 0.21972 0.25954 0.30086 0.34315 0.3859 0.4286 0.47083 0.51218 0.55227 0.59075 0.62722
0.75633 0.64068 0.45739 0.34834 0.21123 0.028082 0.14772 0.25179 0.29483 0.2933 0.26313 0.21888 0.17226 0.13313 0.10598 0.090059 0.081807 0.077315 0.073854 0.070075 0.065597 0.060604 0.055509 0.050747 0.046636 0.043239 0.040319 0.037438 0.034274 0.031154 0.029885 0.033853 0.045196 0.06324 0.08668 0.11458 0.14627 0.18117 0.21872 0.25835 0.29952 0.34169 0.38434 0.42697 0.46917 0.5105 0.55062 0.58915 0.6257
0.76139 0.65662 0.46122 0.3455 0.20892 0.02551 0.15303 0.25941 0.30176 0.29807 0.26628 0.22118 0.17413 0.13471 0.10723 0.090918 0.082315 0.077597 0.074043 0.070269 0.065852 0.060941 0.055929 0.051241 0.047191 0.04385 0.040998 0.038221 0.035217 0.032305 0.031183 0.035024 0.045989 0.063626 0.086713 0.11431 0.14574 0.1804 0.21774 0.2572 0.29821 0.34025 0.3828 0.42537 0.46752 0.50885 0.54899 0.58757 0.6242
