0.25743 0.35306 0.084633 0.2773 0.39559 0.44879 0.41493 0.20356 0.10183 0.28886 0.37641 0.40034 0.4009 0.39485 0.38689 0.34771 0.30456 0.26323 0.22587 0.1931 0.16448 0.13942 0.11754 0.098735 0.083062 0.070607 0.0613 0.054771 0.050375 0.047388 0.045234 0.043594 0.042385 0.041681 0.041623 0.042353 0.043974 0.046542 0.050074 0.054569 0.060019 0.066421 0.073777 0.0821 0.091407 0.10173 0.11309 0.12552 0.13907
0.85484 0.79959 0.70532 0.58121 0.58524 0.65635 0.60868 0.36269 0.18951 0.15592 0.14246 0.10029 0.056761 0.050957 0.090031 0.12734 0.15373 0.16833 0.17288 0.17008 0.16228 0.15128 0.13844 0.12465 0.1105 0.096347 0.082464 0.069074 0.056409 0.044722 0.034362 0.025957 0.020724 0.020083 0.023619 0.029372 0.035967 0.042797 0.049609 0.056305 0.062847 0.069239 0.075505 0.081698 0.087895 0.094199 0.10075 0.10771 0.11529
0.12201 0.13266 0.21637 0.18875 0.091473 0.26428 0.4621 0.52926 0.61516 0.58768 0.51927 0.44458 0.38077 0.32909 0.28451 0.22368 0.16912 0.1262 0.098344 0.087069 0.08894 0.097175 0.10653 0.11436 0.11959 0.12196 0.12168 0.11921 0.11517 0.11018 0.1048 0.099499 0.094606 0.090321 0.086725 0.083808 0.081483 0.079611 0.078022 0.076526 0.074932 0.073055 0.070726 0.067797 0.064152 0.059715 0.05449 0.048629 0.042611
0.65868 0.57278 0.32946 0.14045 0.12432 0.20073 0.32339 0.45942 0.60764 0.57958 0.49664 0.43209 0.40034 0.39004 0.38708 0.35216 0.30974 0.26743 0.22996 0.19964 0.17648 0.15935 0.14682 0.13762 0.1308 0.12579 0.12226 0.11994 0.11859 0.11789 0.11756 0.11732 0.11697 0.11639 0.1155 0.1143 0.11276 0.11091 0.10875 0.10628 0.1035 0.10042 0.097053 0.093425 0.089605 0.085702 0.081896 0.078463 0.075809
0.2759 0.2652 0.35682 0.30357 0.13976 0.10112 0.26788 0.3717 0.45251 0.41132 0.35068 0.31239 0.29941 0.30319 0.31377 0.29722 0.26958 0.23537 0.19832 0.16129 0.12578 0.09248 0.061684 0.033429 0.0077382 0.016035 0.037246 0.0563 0.073195 0.087952 0.10062 0.11128 0.12003 0.12704 0.13245 0.13645 0.13922 0.14094 0.1418 0.14197 0.1416 0.14085 0.13988 0.13884 0.13786 0.13709 0.13666 0.13667 0.13723
0.4173 0.30366 0.059695 0.51056 0.79251 0.92884 0.93411 0.75413 0.63514 0.4547 0.34437 0.2949 0.28043 0.28486 0.29773 0.28721 0.26874 0.24663 0.22406 0.20321 0.18492 0.16939 0.15666 0.14669 0.13946 0.13486 0.13271 0.13271 0.13442 0.13728 0.14076 0.14438 0.14773 0.15056 0.15272 0.15414 0.15486 0.15494 0.1545 0.15369 0.15265 0.15155 0.15057 0.14986 0.14957 0.14981 0.15068 0.15221 0.15439
0.1465 0.034487 0.066243 0.056739 0.10759 0.17345 0.20584 0.21196 0.28546 0.30826 0.28285 0.24115 0.19971 0.1613 0.12669 0.090035 0.063622 0.048261 0.043456 0.048134 0.05951 0.074571 0.091111 0.10757 0.12279 0.13598 0.14665 0.15462 0.15996 0.16293 0.16386 0.16312 0.16105 0.15797 0.15411 0.14971 0.14495 0.14005 0.13521 0.13067 0.12669 0.12359 0.12168 0.12124 0.12251 0.12563 0.13062 0.13738 0.14572
0.55988 0.51914 0.54795 0.44954 0.34681 0.26387 0.23565 0.29448 0.3974 0.37862 0.30203 0.21514 0.13709 0.07791 0.059781 0.080179 0.10343 0.1192 0.12852 0.13422 0.13868 0.14341 0.14904 0.15535 0.16163 0.16702 0.17078 0.17244 0.17181 0.16898 0.16418 0.1577 0.14987 0.14094 0.13114 0.12062 0.10951 0.097963 0.086154 0.074418 0.06339 0.054281 0.049127 0.050168 0.05796 0.071053 0.087721 0.10682 0.12768
0.24853 0.26713 0.38398 0.44649 0.42392 0.34851 0.27035 0.23532 0.2559 0.2119 0.15798 0.15583 0.20907 0.27436 0.33169 0.3472 0.34226 0.32717 0.30843 0.28976 0.27247 0.25684 0.24285 0.23037 0.21919 0.20906 0.19974 0.19095 0.18248 0.17413 0.16574 0.15716 0.14829 0.13904 0.12933 0.11913 0.10842 0.097276 0.085865 0.074599 0.064318 0.056616 0.053907 0.058241 0.069535 0.086171 0.10664 0.13001 0.15576
0.21108 0.27482 0.39919 0.35246 0.26716 0.20117 0.3389 0.54065 0.76816 0.80245 0.74572 0.66916 0.60374 0.55682 0.52607 0.46617 0.40914 0.35847 0.31482 0.27819 0.24782 0.22289 0.2028 0.18712 0.17544 0.16725 0.16195 0.15884 0.15721 0.15645 0.15606 0.15568 0.1551 0.1542 0.15295 0.1514 0.14965 0.14791 0.14641 0.1455 0.14558 0.14714 0.15067 0.15664 0.16545 0.17738 0.19257 0.21106 0.23278
0.31756 0.4209 0.3959 0.38433 0.45868 0.55208 0.5872 0.49926 0.47882 0.41201 0.33919 0.27636 0.23931 0.22936 0.23532 0.22546 0.20796 0.18478 0.15835 0.1308 0.10355 0.077787 0.055234 0.039624 0.037357 0.047831 0.063264 0.079399 0.094767 0.10886 0.12155 0.13283 0.14282 0.15165 0.1595 0.16654 0.17298 0.17902 0.1849 0.19084 0.19712 0.20402 0.21185 0.22092 0.23157 0.2441 0.25881 0.27596 0.29573
0.31913 0.23518 0.18197 0.13863 0.26287 0.40473 0.44456 0.35084 0.29938 0.23907 0.19586 0.16251 0.13995 0.13267 0.14177 0.14847 0.15155 0.14817 0.13897 0.12622 0.11204 0.098103 0.085687 0.075864 0.069616 0.067702 0.070254 0.076609 0.085666 0.096351 0.10783 0.11952 0.13106 0.14224 0.15296 0.16319 0.173 0.18245 0.19166 0.20076 0.2099 0.21928 0.2291 0.2396 0.25104 0.26371 0.27791 0.29392 0.31203
0.50778 0.517 0.40365 0.19835 0.2249 0.33937 0.33025 0.19715 0.092176 0.045234 0.058017 0.095466 0.13322 0.15929 0.17194 0.16015 0.14042 0.11955 0.101 0.086527 0.076779 0.07167 0.070436 0.071933 0.075114 0.0793 0.084179 0.089667 0.095779 0.10253 0.10986 0.11769 0.12589 0.13431 0.14285 0.15142 0.15996 0.16843 0.17682 0.18515 0.19345 0.20181 0.21035 0.21924 0.2287 0.23901 0.25048 0.26346 0.27832
0.19632 0.27228 0.13213 0.023702 0.13022 0.30149 0.50594 0.58658 0.64115 0.54945 0.4418 0.35198 0.28396 0.23404 0.1963 0.15201 0.11334 0.080778 0.054118 0.033423 0.020637 0.021039 0.030497 0.041856 0.053086 0.06366 0.073373 0.082153 0.090043 0.097178 0.10374 0.10994 0.11595 0.12188 0.12779 0.1337 0.13957 0.14533 0.15092 0.15626 0.16131 0.16607 0.17061 0.17506 0.17965 0.1847 0.19063 0.19797 0.20731
0.65181 0.62025 0.58838 0.46293 0.53054 0.75687 0.99235 0.9996 0.96429 0.68472 0.42398 0.26083 0.19136 0.17492 0.17072 0.15026 0.12574 0.10314 0.085585 0.07379 0.066885 0.063636 0.063073 0.064533 0.067476 0.07138 0.075772 0.080298 0.084768 0.089134 0.093435 0.097735 0.10207 0.10645 0.11078 0.11498 0.11891 0.12239 0.12527 0.12739 0.12861 0.12886 0.12809 0.12636 0.12385 0.12092 0.11819 0.1166 0.11752
0.18927 0.25159 0.31365 0.23206 0.28547 0.54376 0.78296 0.79948 0.77886 0.56732 0.35349 0.20345 0.13196 0.11282 0.10121 0.073295 0.040825 0.015994 0.024864 0.042297 0.055203 0.063522 0.068268 0.070541 0.071323 0.071439 0.071558 0.072196 0.073706 0.07624 0.079753 0.084042 0.088811 0.09374 0.098523 0.10289 0.1066 0.10945 0.11124 0.11177 0.11086 0.10834 0.10402 0.097738 0.08932 0.078614 0.065519 0.050146 0.033572
0.41777 0.39911 0.32226 0.29733 0.34588 0.30116 0.13319 0.25765 0.51897 0.57947 0.51156 0.41273 0.32807 0.2667 0.22379 0.17709 0.1399 0.11312 0.096017 0.086006 0.079528 0.073857 0.067702 0.060919 0.054129 0.048489 0.045432 0.046014 0.050166 0.056839 0.064822 0.073202 0.081385 0.089007 0.095846 0.10176 0.10666 0.11046 0.11309 0.11447 0.11453 0.1132 0.1104 0.10611 0.10035 0.093234 0.085131 0.076854 0.070115
0.20317 0.060231 0.2797 0.46799 0.57489 0.64528 0.64297 0.53649 0.49576 0.4058 0.36037 0.35589 0.36203 0.36125 0.34983 0.30367 0.25284 0.20586 0.16585 0.13308 0.10619 0.083391 0.063143 0.044397 0.026695 0.010945 0.011383 0.025849 0.040497 0.05417 0.06663 0.077815 0.087744 0.096479 0.1041 0.11069 0.11632 0.12105 0.12491 0.12795 0.13018 0.13166 0.13244 0.13262 0.1324 0.13203 0.1319 0.13259 0.13486
0.57841 0.56618 0.38875 0.24813 0.18694 0.066265 0.14059 0.29081 0.37002 0.33961 0.33131 0.36276 0.40091 0.42707 0.43651 0.39652 0.34325 0.28933 0.24084 0.19997 0.16649 0.13938 0.11773 0.10097 0.088918 0.081592 0.078798 0.07984 0.083625 0.08903 0.095179 0.1015 0.10768 0.11356 0.11907 0.12421 0.12901 0.13348 0.13765 0.14156 0.14525 0.14876 0.15218 0.15561 0.1592 0.16317 0.16776 0.17333 0.18025
0.32349 0.34894 0.34822 0.28309 0.26208 0.30211 0.39188 0.45264 0.57494 0.59488 0.57125 0.54085 0.51822 0.50406 0.4948 0.44851 0.39795 0.34995 0.3072 0.27056 0.23955 0.21341 0.19151 0.1734 0.15872 0.14717 0.13846 0.13228 0.12828 0.12607 0.12531 0.12568 0.1269 0.12878 0.13117 0.13396 0.13709 0.14051 0.1442 0.14814 0.15234 0.15682 0.16164 0.16688 0.17264 0.17909 0.1864 0.19479 0.2045
0.42167 0.2393 0.2292 0.22053 0.10614 0.087077 0.12135 0.14488 0.22215 0.28853 0.32969 0.34575 0.34916 0.3518 0.3613 0.34981 0.33631 0.32102 0.30344 0.28423 0.26419 0.24413 0.22484 0.20695 0.19086 0.17683 0.16492 0.15512 0.14732 0.14136 0.13704 0.13415 0.1325 0.13191 0.13223 0.13336 0.13519 0.13768 0.14077 0.14444 0.14867 0.15348 0.1589 0.16498 0.17183 0.17956 0.18832 0.19827 0.20962
0.20433 0.24982 0.54163 0.64542 0.55463 0.39391 0.23532 0.13858 0.14906 0.14663 0.12416 0.086434 0.045103 0.067537 0.13858 0.198 0.23753 0.25746 0.26188 0.25586 0.24344 0.22759 0.21049 0.19366 0.17811 0.16442 0.15288 0.14348 0.13607 0.1304 0.12622 0.12328 0.1214 0.12044 0.12032 0.12099 0.12239 0.1245 0.12729 0.13077 0.13491 0.13974 0.14529 0.15162 0.15883 0.16704 0.1764 0.18707 0.19923
0.57297 0.4237 0.11997 0.40995 0.60502 0.63789 0.51671 0.33686 0.29874 0.28808 0.27964 0.26493 0.25079 0.2456 0.25505 0.25595 0.25534 0.24988 0.23868 0.2231 0.2048 0.18542 0.16644 0.14912 0.13437 0.12269 0.11407 0.10812 0.10421 0.10171 0.10013 0.099166 0.098689 0.098671 0.099139 0.10014 0.1017 0.10386 0.10662 0.10998 0.11397 0.1186 0.12392 0.13003 0.13705 0.14513 0.15445 0.1652 0.17758
0.4643 0.42616 0.35 0.39975 0.51307 0.56977 0.48932 0.35238 0.40971 0.46198 0.46794 0.4491 0.42456 0.40176 0.38299 0.33929 0.29663 0.25815 0.22367 0.19254 0.16403 0.13794 0.1147 0.095179 0.080412 0.071055 0.066747 0.066033 0.067144 0.06878 0.070293 0.071513 0.072527 0.07352 0.074677 0.076137 0.077987 0.080265 0.082977 0.086127 0.089727 0.093822 0.098497 0.10389 0.11017 0.11756 0.12631 0.13666 0.14886
0.26315 0.21886 0.29352 0.32405 0.34595 0.36089 0.43741 0.47231 0.53834 0.51855 0.4871 0.45921 0.43637 0.41702 0.39888 0.35002 0.29881 0.25088 0.20787 0.16976 0.13567 0.10494 0.077447 0.053747 0.035312 0.025381 0.026091 0.032031 0.038059 0.04267 0.045817 0.047895 0.049384 0.050699 0.052126 0.053813 0.055796 0.058043 0.060501 0.063132 0.065941 0.069 0.072448 0.076507 0.081463 0.087647 0.095408 0.10508 0.11693
0.4627 0.21632 0.27715 0.26914 0.19324 0.080663 0.047691 0.014328 0.14564 0.24404 0.28869 0.31107 0.32754 0.33923 0.34438 0.31538 0.27738 0.23738 0.19855 0.16226 0.12872 0.097969 0.070194 0.04575 0.025152 0.0099039 0.0097131 0.017814 0.023942 0.027761 0.029881 0.03104 0.031902 0.032942 0.034378 0.036202 0.038261 0.040362 0.042337 0.044088 0.045606 0.046995 0.04849 0.050467 0.053427 0.057935 0.064515 0.073564 0.085317
0.28238 0.28663 0.2567 0.29331 0.31662 0.31386 0.27139 0.18209 0.11625 0.085278 0.12573 0.17731 0.21896 0.24958 0.2725 0.26674 0.24944 0.22499 0.19635 0.16614 0.13619 0.10782 0.082145 0.060099 0.042554 0.030347 0.023829 0.021688 0.021313 0.020956 0.020227 0.019504 0.019389 0.020272 0.022086 0.024431 0.02684 0.028932 0.030436 0.031187 0.031123 0.030312 0.029014 0.027812 0.027735 0.030109 0.035897 0.045253 0.057877
0.36123 0.41646 0.27814 0.15236 0.30659 0.41919 0.43424 0.33301 0.26948 0.20762 0.17862 0.16582 0.16646 0.18341 0.21413 0.22965 0.2321 0.22167 0.20168 0.17641 0.14914 0.12222 0.09729 0.075472 0.057446 0.043477 0.033332 0.026227 0.021035 0.01677 0.013024 0.010214 0.0095438 0.011481 0.014815 0.018388 0.02158 0.024039 0.025531 0.025885 0.024966 0.022674 0.018936 0.013749 0.007463 0.0053916 0.014245 0.026418 0.040813
0.48253 0.40698 0.28987 0.17454 0.29231 0.44573 0.54527 0.48358 0.40708 0.25253 0.12369 0.046255 0.083569 0.1493 0.20952 0.23916 0.2465 0.23725 0.21733 0.19187 0.16433 0.137 0.11142 0.088571 0.069011 0.052896 0.04002 0.029859 0.021689 0.014772 0.008535 0.0026757 0.003128 0.0085059 0.013528 0.018017 0.021813 0.024768 0.026756 0.027678 0.027472 0.026136 0.023767 0.020694 0.017812 0.017142 0.02099 0.029394 0.041219
0.16435 0.17257 0.13237 0.14135 0.24568 0.37203 0.47544 0.48034 0.49644 0.39874 0.30215 0.25697 0.25981 0.28449 0.31308 0.31108 0.29515 0.27073 0.24179 0.21129 0.18098 0.15202 0.12527 0.10133 0.080553 0.063027 0.04862 0.037014 0.027803 0.020647 0.015507 0.012867 0.013194 0.015774 0.01936 0.023142 0.026688 0.029748 0.032169 0.033865 0.034821 0.035106 0.034902 0.034548 0.034589 0.035774 0.038921 0.044653 0.053239
0.31689 0.27478 0.2736 0.21401 0.16647 0.10314 0.19443 0.42696 0.67368 0.71262 0.64602 0.56395 0.50141 0.46193 0.43959 0.39361 0.34861 0.3064 0.2671 0.23084 0.19749 0.16698 0.13948 0.11512 0.094032 0.076191 0.061482 0.049693 0.04057 0.033873 0.029416 0.027048 0.026546 0.027538 0.029552 0.032134 0.034914 0.03762 0.040065 0.042146 0.04383 0.045169 0.0463 0.047452 0.048957 0.051228 0.05473 0.059912 0.067145
0.58619 0.37361 0.1568 0.13496 0.31976 0.44194 0.57761 0.69515 0.90342 0.90969 0.81317 0.69567 0.59797 0.53053 0.48959 0.42935 0.37518 0.32684 0.2834 0.24458 0.20991 0.17902 0.15174 0.12794 0.10752 0.090327 0.076162 0.064791 0.055959 0.049399 0.044847 0.042046 0.040736 0.040646 0.041494 0.042999 0.044904 0.046989 0.049087 0.051093 0.052962 0.054721 0.056461 0.058345 0.060597 0.063493 0.06735 0.072493 0.079235
0.38333 0.48129 0.46223 0.29929 0.28135 0.43891 0.64613 0.77011 0.92791 0.85661 0.70708 0.5694 0.48055 0.44149 0.43363 0.4023 0.36485 0.32437 0.28412 0.24666 0.21296 0.18322 0.15737 0.13522 0.1165 0.10091 0.088142 0.077868 0.069798 0.063653 0.059178 0.056138 0.054315 0.053504 0.053505 0.054126 0.055189 0.056536 0.058041 0.059621 0.061243 0.06293 0.064757 0.066855 0.069399 0.072601 0.076698 0.081939 0.088563
0.21997 0.29648 0.3865 0.24841 0.11874 0.1774 0.41955 0.61127 0.74008 0.60934 0.40246 0.23854 0.20287 0.26445 0.33079 0.34652 0.33255 0.30311 0.26823 0.23387 0.20261 0.17531 0.15209 0.13275 0.11692 0.10412 0.093895 0.085788 0.079421 0.074488 0.070749 0.06802 0.066144 0.064988 0.064426 0.06434 0.064622 0.065175 0.065927 0.066839 0.067908 0.069179 0.070741 0.072724 0.075289 0.078618 0.082906 0.088341 0.095094
0.3737 0.44814 0.59651 0.45126 0.33613 0.41628 0.58892 0.68017 0.75654 0.60077 0.3809 0.20237 0.15982 0.2278 0.2951 0.31191 0.29919 0.27143 0.23863 0.20666 0.17813 0.15392 0.13421 0.11875 0.10704 0.098397 0.092099 0.08746 0.083945 0.081184 0.078956 0.077137 0.075661 0.074485 0.073576 0.0729 0.072426 0.072131 0.072005 0.072066 0.072367 0.072996 0.07408 0.075774 0.078252 0.081685 0.086233 0.092028 0.099169
0.54519 0.56369 0.54515 0.47051 0.49443 0.59505 0.73599 0.80131 0.91781 0.80899 0.62952 0.47266 0.37513 0.33414 0.3255 0.30017 0.26874 0.2341 0.19989 0.16891 0.14248 0.12117 0.10515 0.094245 0.087807 0.084746 0.083799 0.083868 0.084199 0.084372 0.084217 0.083712 0.082909 0.081884 0.080711 0.079458 0.078181 0.076937 0.075796 0.074847 0.074213 0.074053 0.074555 0.075926 0.078363 0.082035 0.087057 0.09349 0.10134
0.16522 0.20744 0.11007 0.042656 0.09739 0.23021 0.46649 0.69723 0.92958 0.88431 0.72794 0.57183 0.45519 0.37981 0.33454 0.28182 0.23586 0.19516 0.1592 0.1282 0.10238 0.082243 0.068686 0.062376 0.06248 0.0666 0.072249 0.077783 0.082363 0.085672 0.087682 0.08852 0.088375 0.087449 0.085928 0.083981 0.081758 0.079403 0.077069 0.074933 0.073212 0.072161 0.072064 0.073204 0.07581 0.080027 0.085893 0.093354 0.10229
0.51189 0.30781 0.13851 0.10999 0.13915 0.24429 0.45467 0.66225 0.8639 0.8043 0.65419 0.51553 0.4158 0.34973 0.30546 0.25145 0.20418 0.16329 0.12772 0.096663 0.06951 0.046509 0.030277 0.027576 0.037377 0.050443 0.062764 0.073156 0.081271 0.087089 0.090767 0.092557 0.092755 0.091658 0.089545 0.086672 0.083271 0.079568 0.075805 0.07226 0.069272 0.067243 0.066603 0.067744 0.070917 0.076181 0.083416 0.092387 0.10281
0.20869 0.3233 0.33149 0.26065 0.36215 0.52462 0.67476 0.70216 0.74459 0.61081 0.46157 0.36066 0.3071 0.27808 0.25706 0.21864 0.18052 0.14571 0.11459 0.086594 0.060923 0.037209 0.016509 0.013231 0.029728 0.046526 0.061354 0.0737 0.083359 0.090312 0.094689 0.096732 0.096747 0.095068 0.092021 0.087914 0.083041 0.077693 0.072193 0.066935 0.062426 0.059299 0.058246 0.059819 0.064222 0.071265 0.080518 0.091501 0.10377
0.36684 0.42997 0.34013 0.29145 0.43471 0.58265 0.66718 0.60992 0.55251 0.36812 0.21722 0.16446 0.17838 0.19695 0.20411 0.18624 0.16235 0.13822 0.11556 0.094643 0.075537 0.059027 0.047261 0.043457 0.048364 0.058449 0.069968 0.080746 0.089669 0.096208 0.1002 0.10171 0.10097 0.098262 0.093923 0.088271 0.081624 0.074306 0.066694 0.059293 0.052838 0.048382 0.047152 0.049962 0.056667 0.066434 0.078358 0.091735 0.10605
0.17267 0.27809 0.28872 0.36972 0.40724 0.44415 0.51716 0.50482 0.45571 0.27279 0.10222 0.031112 0.097337 0.13599 0.1551 0.15196 0.14254 0.13121 0.11902 0.10653 0.094385 0.083629 0.075661 0.071875 0.072873 0.077887 0.08519 0.092969 0.099823 0.10486 0.1076 0.10794 0.10595 0.10186 0.095954 0.08853 0.079887 0.070331 0.060228 0.05011 0.040944 0.034581 0.033691 0.03941 0.050006 0.063391 0.07833 0.094156 0.11045
0.3606 0.34869 0.25074 0.238 0.15598 0.12212 0.34881 0.43868 0.44966 0.32129 0.19424 0.1195 0.098652 0.10171 0.1108 0.11523 0.11948 0.12134 0.11971 0.11533 0.10951 0.1036 0.098844 0.096226 0.096294 0.098928 0.10335 0.10839 0.11291 0.11597 0.11701 0.11577 0.11224 0.10657 0.098984 0.089744 0.0791 0.067288 0.05456 0.041262 0.02816 0.018084 0.019339 0.031512 0.047242 0.064228 0.08181 0.099672 0.11758
0.65096 0.42105 0.25727 0.31584 0.31279 0.28495 0.34751 0.37647 0.39783 0.31126 0.20862 0.12979 0.081795 0.05991 0.064173 0.081879 0.10037 0.11297 0.11921 0.121 0.12038 0.11886 0.11751 0.11702 0.11777 0.11979 0.12269 0.12577 0.12822 0.1293 0.1285 0.12555 0.1204 0.11316 0.10401 0.093179 0.080885 0.06732 0.052652 0.037029 0.020603 0.0039974 0.014732 0.032947 0.05162 0.07058 0.089691 0.10881 0.12777
0.35876 0.45158 0.42104 0.48271 0.45468 0.36316 0.30557 0.28433 0.31722 0.2692 0.18737 0.10856 0.046425 0.0096759 0.044832 0.075999 0.098239 0.11241 0.1206 0.12532 0.12839 0.13084 0.13313 0.13547 0.13792 0.14044 0.14282 0.14467 0.14549 0.1448 0.14226 0.13767 0.13101 0.12239 0.112 0.10007 0.086835 0.072584 0.05768 0.042792 0.029708 0.023845 0.031002 0.045996 0.063793 0.082708 0.1021 0.12163 0.14101
0.33221 0.52617 0.68094 0.57582 0.39415 0.2112 0.10774 0.1756 0.27147 0.27141 0.21843 0.15688 0.11181 0.09378 0.098776 0.10619 0.11336 0.11904 0.12394 0.12916 0.13507 0.14137 0.14755 0.15314 0.15784 0.16151 0.164 0.16514 0.16473 0.16256 0.15849 0.15246 0.14453 0.13486 0.12367 0.11124 0.097895 0.084099 0.07054 0.058427 0.049916 0.047949 0.053923 0.066098 0.081934 0.09974 0.11856 0.13781 0.15708
0.25318 0.42267 0.59299 0.49316 0.32732 0.19841 0.12772 0.17795 0.28519 0.31053 0.28218 0.23616 0.1947 0.16699 0.1531 0.13776 0.12816 0.12436 0.12609 0.1325 0.14193 0.15252 0.16277 0.17172 0.1788 0.1838 0.18667 0.18741 0.18607 0.18269 0.17733 0.17013 0.16123 0.15086 0.13931 0.1269 0.11407 0.10141 0.08974 0.080283 0.074617 0.074231 0.079642 0.090069 0.10412 0.12052 0.13832 0.15684 0.17558
0.38685 0.39221 0.35529 0.26068 0.15688 0.17849 0.22952 0.25384 0.32809 0.34938 0.33148 0.29146 0.24628 0.20659 0.1767 0.14545 0.12634 0.12024 0.12486 0.13643 0.15128 0.16667 0.18085 0.19278 0.2019 0.20805 0.21124 0.21167 0.20956 0.20517 0.19879 0.19066 0.18108 0.17033 0.15875 0.14672 0.13472 0.12336 0.11343 0.10594 0.10196 0.10233 0.10732 0.11651 0.12906 0.14404 0.16062 0.17813 0.19601
0.31168 0.082549 0.16375 0.17271 0.077793 0.10761 0.19889 0.24805 0.33586 0.36801 0.35411 0.31069 0.25589 0.20219 0.15707 0.11714 0.10088 0.10667 0.12406 0.14524 0.16659 0.18637 0.20355 0.21752 0.22792 0.23468 0.23792 0.23792 0.23509 0.22985 0.22262 0.21381 0.20378 0.1929 0.18152 0.17004 0.15894 0.14878 0.14027 0.13415 0.13119 0.13191 0.13649 0.14468 0.15592 0.16952 0.18479 0.20109 0.21788
0.33096 0.26278 0.18937 0.1258 0.097339 0.09632 0.11044 0.18646 0.32506 0.37947 0.36157 0.30591 0.23619 0.16475 0.09883 0.050422 0.064256 0.10146 0.13587 0.16565 0.19141 0.2135 0.23193 0.24652 0.25712 0.26375 0.26656 0.26593 0.26233 0.25631 0.24841 0.23911 0.22884 0.218 0.20695 0.19609 0.18585 0.17673 0.1693 0.16413 0.16178 0.16262 0.16676 0.17404 0.18408 0.19633 0.21023 0.22519 0.24069
0.040186 0.16306 0.17654 0.045402 0.059427 0.060264 0.090569 0.21869 0.37371 0.41729 0.3821 0.31238 0.23228 0.15213 0.079841 0.049666 0.090475 0.13491 0.17167 0.20193 0.22728 0.24854 0.26598 0.27956 0.28919 0.29484 0.29671 0.29516 0.29073 0.28399 0.27555 0.26594 0.25561 0.24496 0.23435 0.22413 0.21468 0.20643 0.19982 0.19532 0.19332 0.1941 0.19775 0.20416 0.21304 0.22396 0.23643 0.24995 0.26399
0.069765 0.21369 0.27165 0.1877 0.19522 0.25077 0.31905 0.38413 0.49873 0.50036 0.44285 0.36693 0.29243 0.2292 0.18866 0.17012 0.18127 0.20483 0.22972 0.25263 0.27289 0.29029 0.30465 0.3157 0.32323 0.32715 0.32758 0.32486 0.31952 0.31215 0.30333 0.2936 0.2834 0.27309 0.26301 0.25345 0.24475 0.23724 0.23128 0.22724 0.22542 0.22603 0.22914 0.23467 0.24239 0.25196 0.26296 0.27493 0.28739
0.5104 0.46938 0.46801 0.44025 0.42555 0.46449 0.53471 0.55875 0.64413 0.60711 0.53232 0.45748 0.39518 0.34919 0.32354 0.29695 0.28782 0.29112 0.30058 0.31254 0.32488 0.33633 0.34603 0.35337 0.35792 0.35949 0.35811 0.35407 0.34784 0.33996 0.33097 0.32136 0.3115 0.30172 0.29229 0.28345 0.27548 0.26864 0.26322 0.25951 0.25775 0.25809 0.26061 0.26524 0.27179 0.27998 0.28945 0.29979 0.31053
0.24637 0.11476 0.40778 0.48732 0.46205 0.50899 0.60735 0.63793 0.72332 0.6747 0.59991 0.5369 0.49177 0.46246 0.44857 0.41582 0.39248 0.37975 0.37499 0.3756 0.37911 0.3836 0.38775 0.39063 0.39163 0.39047 0.3871 0.38173 0.37474 0.36659 0.35772 0.34852 0.33928 0.33025 0.32163 0.31361 0.3064 0.3002 0.29526 0.29179 0.29 0.29002 0.29189 0.29558 0.30094 0.30772 0.31561 0.32422 0.33313
0.22355 0.3596 0.38832 0.28085 0.20794 0.33367 0.49137 0.56579 0.66798 0.6434 0.59954 0.56919 0.55286 0.54621 0.54816 0.51579 0.48503 0.46154 0.44569 0.43637 0.43145 0.4289 0.42722 0.42534 0.42259 0.41859 0.41327 0.40675 0.39929 0.39124 0.38288 0.37447 0.3662 0.3582 0.35059 0.34352 0.33712 0.33158 0.32708 0.32381 0.32194 0.32157 0.32276 0.32548 0.32961 0.33493 0.34118 0.34799 0.35497
0.60192 0.57531 0.45682 0.22167 0.046979 0.14524 0.29102 0.37911 0.47786 0.50255 0.52387 0.54868 0.57217 0.59377 0.61588 0.59076 0.55937 0.53065 0.50751 0.49052 0.47834 0.46928 0.46198 0.45544 0.44902 0.44238 0.4354 0.42811 0.42066 0.41321 0.40587 0.39873 0.39182 0.38517 0.37882 0.37285 0.36736 0.36251 0.35845 0.35535 0.35335 0.35256 0.35303 0.35474 0.35761 0.36144 0.36599 0.37093 0.37589
0.4081 0.4873 0.41834 0.21177 0.065566 0.064176 0.13144 0.16214 0.21165 0.30816 0.41666 0.50013 0.56119 0.60961 0.65264 0.63962 0.61314 0.58405 0.55725 0.53496 0.51697 0.50225 0.48984 0.47903 0.46934 0.46049 0.45238 0.44494 0.43816 0.43197 0.42628 0.42095 0.41586 0.41091 0.40607 0.40138 0.39691 0.39279 0.38918 0.38624 0.38409 0.38284 0.38256 0.38324 0.3848 0.3871 0.38992 0.39293 0.39579
0.20119 0.22334 0.33437 0.20008 0.03106 0.053539 0.10352 0.093806 0.087802 0.22248 0.35882 0.46027 0.53767 0.60336 0.66406 0.66517 0.64712 0.62113 0.59344 0.56784 0.54536 0.52588 0.50904 0.49455 0.48219 0.47182 0.46334 0.45658 0.45131 0.44719 0.44386 0.44095 0.43816 0.43528 0.43222 0.42898 0.42563 0.4223 0.41916 0.41636 0.41403 0.41231 0.41124 0.41086 0.4111 0.41185 0.41288 0.41393 0.41463
0.1647 0.20735 0.33863 0.23083 0.10736 0.13693 0.21447 0.25572 0.30336 0.32681 0.37844 0.44328 0.51222 0.5841 0.65771 0.67262 0.6643 0.64306 0.61599 0.5883 0.56228 0.53881 0.51824 0.50078 0.48654 0.47555 0.4677 0.46264 0.45988 0.45876 0.45858 0.45872 0.45872 0.45827 0.45722 0.45559 0.45345 0.45096 0.4483 0.44563 0.44311 0.44088 0.43902 0.43756 0.43646 0.43562 0.43486 0.4339 0.43241
0.44438 0.47674 0.45341 0.29434 0.19227 0.22435 0.31935 0.36999 0.42936 0.41019 0.40237 0.42898 0.48427 0.55813 0.64128 0.66818 0.6687 0.65197 0.62569 0.59626 0.56718 0.54025 0.51659 0.49693 0.48173 0.4712 0.46515 0.46303 0.46393 0.4668 0.47058 0.47441 0.47765 0.47994 0.48112 0.48122 0.48036 0.47874 0.47656 0.47401 0.47129 0.46854 0.46586 0.4633 0.46086 0.45843 0.45586 0.45289 0.44917
0.39619 0.47028 0.42017 0.16953 0.10657 0.23979 0.3556 0.38997 0.42786 0.39125 0.3729 0.3948 0.45119 0.53073 0.62197 0.65784 0.66444 0.65032 0.62376 0.59218 0.56001 0.52992 0.50369 0.48259 0.46747 0.45865 0.4558 0.45799 0.4638 0.47169 0.48023 0.4883 0.49518 0.50045 0.50401 0.50593 0.50639 0.50564 0.50393 0.50149 0.49855 0.49526 0.49175 0.4881 0.4843 0.4803 0.47593 0.47094 0.46501
0.2787 0.42208 0.44664 0.21196 0.13006 0.23242 0.32103 0.31393 0.30425 0.27167 0.28947 0.34337 0.41858 0.50857 0.60605 0.64642 0.65487 0.64027 0.61156 0.57682 0.54118 0.50795 0.47953 0.45776 0.44385 0.43817 0.44011 0.44813 0.46015 0.47406 0.48805 0.50084 0.51162 0.52004 0.52605 0.52981 0.53159 0.53169 0.53043 0.52808 0.52489 0.52105 0.51671 0.51197 0.50684 0.50127 0.49512 0.48815 0.48004
0.31712 0.49036 0.4507 0.24995 0.192 0.23277 0.27101 0.21091 0.11868 0.10129 0.20554 0.30505 0.40081 0.49888 0.59793 0.63688 0.64217 0.62355 0.59043 0.55123 0.51145 0.47487 0.44449 0.42277 0.41131 0.41046 0.41898 0.43445 0.45394 0.47474 0.49473 0.51251 0.52734 0.53896 0.54741 0.55298 0.55603 0.55694 0.55609 0.55379 0.55034 0.54594 0.54078 0.53496 0.52852 0.52142 0.51354 0.50464 0.49439
0.61243 0.53115 0.33171 0.13378 0.20003 0.26315 0.29871 0.23918 0.1674 0.13984 0.21852 0.31409 0.40972 0.50556 0.59904 0.63018 0.62746 0.60147 0.56182 0.51681 0.47202 0.4316 0.39925 0.37825 0.37071 0.37667 0.39382 0.41839 0.44645 0.47476 0.50103 0.5239 0.54276 0.55748 0.56828 0.57556 0.5798 0.58145 0.58094 0.57867 0.57493 0.56997 0.56399 0.55712 0.54941 0.54084 0.53128 0.52051 0.50821
0.42955 0.48397 0.2952 0.095257 0.20917 0.31099 0.37511 0.34239 0.32712 0.29185 0.30819 0.36606 0.44323 0.52663 0.60786 0.62581 0.6113 0.57541 0.52751 0.47546 0.42461 0.37948 0.34478 0.32512 0.32334 0.3386 0.36662 0.40178 0.43918 0.47526 0.50778 0.53558 0.55825 0.57587 0.58884 0.59767 0.60297 0.60526 0.60505 0.60275 0.5987 0.59319 0.58641 0.57853 0.5696 0.55962 0.54846 0.53592 0.52167
0.40381 0.52594 0.40169 0.19378 0.21354 0.32793 0.39987 0.37914 0.40173 0.38776 0.39457 0.43134 0.48947 0.55638 0.62147 0.62299 0.59449 0.54728 0.4901 0.42995 0.37176 0.32044 0.28231 0.26455 0.27112 0.29894 0.3401 0.3869 0.43381 0.47741 0.51578 0.54808 0.57417 0.59437 0.60923 0.61942 0.62561 0.62844 0.62844 0.62607 0.6217 0.61563 0.60809 0.59924 0.58916 0.57784 0.56519 0.55099 0.53491
0.54741 0.51407 0.3275 0.068729 0.19482 0.29842 0.33163 0.31314 0.38316 0.42577 0.45645 0.49213 0.53825 0.58945 0.63753 0.62167 0.57873 0.52002 0.45331 0.38441 0.31742 0.25745 0.21342 0.19804 0.21732 0.26177 0.31779 0.37624 0.432 0.48229 0.52572 0.56185 0.59083 0.61317 0.6296 0.64089 0.6478 0.65103 0.65116 0.64867 0.64397 0.63736 0.62909 0.61932 0.60817 0.59562 0.58158 0.56585 0.5481
0.40818 0.47782 0.37565 0.14902 0.20706 0.23855 0.18745 0.16822 0.31887 0.43562 0.50151 0.54564 0.58528 0.62312 0.65535 0.62313 0.56687 0.49772 0.42228 0.34484 0.26803 0.19602 0.14041 0.12796 0.16826 0.2332 0.30374 0.37226 0.43521 0.49078 0.53815 0.57724 0.60843 0.63242 0.65003 0.66214 0.66958 0.67307 0.67324 0.6706 0.66555 0.65842 0.64946 0.63885 0.6267 0.61303 0.59773 0.58061 0.56136
0.18528 0.47181 0.5083 0.31642 0.25774 0.22351 0.1165 0.092926 0.30247 0.45658 0.54477 0.59581 0.63056 0.65708 0.67578 0.62962 0.56243 0.48511 0.40307 0.31907 0.23388 0.14856 0.069952 0.062111 0.13745 0.22087 0.30171 0.37685 0.44446 0.50345 0.55341 0.59444 0.6271 0.65217 0.67057 0.68321 0.69096 0.69459 0.69472 0.69187 0.68647 0.67885 0.66925 0.65787 0.64483 0.63015 0.61374 0.59539 0.57481
0.55474 0.58593 0.56992 0.41983 0.33497 0.29836 0.25716 0.24162 0.37803 0.50911 0.5968 0.64701 0.67543 0.69201 0.70008 0.64326 0.56843 0.48616 0.40094 0.31462 0.22721 0.13896 0.05466 0.058304 0.1432 0.23034 0.31371 0.39087 0.46015 0.52052 0.57159 0.61352 0.64687 0.67247 0.69123 0.70411 0.71198 0.7156 0.7156 0.71252 0.70677 0.69868 0.68851 0.67645 0.66262 0.64705 0.62966 0.61026 0.58856
0.5868 0.50385 0.46215 0.41309 0.36395 0.35174 0.35948 0.36261 0.48287 0.58558 0.65955 0.70078 0.72021 0.72789 0.72851 0.66483 0.58605 0.50243 0.41791 0.33429 0.25259 0.17676 0.1226 0.12631 0.18445 0.2607 0.33922 0.414 0.48208 0.54185 0.59262 0.6344 0.66769 0.69326 0.71199 0.72482 0.73261 0.7361 0.73591 0.73257 0.72648 0.71796 0.70727 0.69461 0.6801 0.66378 0.64557 0.6253 0.60267
0.33955 0.17621 0.22819 0.29384 0.29008 0.31124 0.36416 0.41558 0.57048 0.66984 0.72834 0.7549 0.76299 0.76295 0.75949 0.69293 0.61395 0.53232 0.45171 0.37427 0.30211 0.24078 0.20291 0.20423 0.24421 0.3061 0.3757 0.44497 0.50954 0.56698 0.61619 0.6569 0.68943 0.71445 0.73279 0.74531 0.75284 0.75608 0.75564 0.75201 0.74559 0.73669 0.72556 0.7124 0.69732 0.68038 0.66151 0.64053 0.61718
0.21599 0.10706 0.10649 0.15662 0.15196 0.18732 0.28324 0.41549 0.63698 0.75154 0.79527 0.80374 0.79945 0.79348 0.78955 0.72431 0.64874 0.57192 0.49733 0.42744 0.36472 0.31416 0.28419 0.28309 0.31134 0.36043 0.41997 0.48202 0.54147 0.59529 0.64189 0.68073 0.7119 0.73593 0.75354 0.76552 0.77263 0.77553 0.77478 0.77086 0.76413 0.7549 0.7434 0.72982 0.7143 0.69687 0.67749 0.65599 0.63213
0.01786 0.15847 0.13073 0.095103 0.056612 0.035509 0.19022 0.41474 0.69959 0.82521 0.85075 0.83938 0.82349 0.81453 0.81423 0.75479 0.68618 0.6166 0.54938 0.48725 0.43267 0.38966 0.36396 0.3607 0.38069 0.41926 0.46909 0.52329 0.57672 0.62601 0.66923 0.70556 0.73487 0.75754 0.77414 0.78538 0.79194 0.79441 0.79333 0.78911 0.7821 0.77258 0.76078 0.74689 0.73103 0.71325 0.69352 0.67167 0.64749
0.28079 0.24642 0.13823 0.06984 0.079781 0.10306 0.23507 0.47 0.77213 0.88409 0.88406 0.85296 0.82863 0.82111 0.82921 0.78044 0.72239 0.66227 0.60343 0.54896 0.50138 0.46398 0.44094 0.43586 0.44966 0.47966 0.5207 0.5671 0.61413 0.65836 0.69767 0.73102 0.75809 0.77909 0.79447 0.80481 0.81071 0.8127 0.81125 0.80674 0.79949 0.78974 0.77772 0.76361 0.74753 0.72953 0.70958 0.68756 0.66324
0.44954 0.29877 0.10047 0.022992 0.095154 0.21497 0.38399 0.57722 0.84679 0.91643 0.88419 0.83638 0.80943 0.80946 0.83145 0.79851 0.75455 0.70593 0.65635 0.60951 0.56819 0.53532 0.51424 0.50772 0.51674 0.53972 0.57299 0.61202 0.65264 0.69158 0.72667 0.75674 0.7813 0.80042 0.8144 0.82372 0.82888 0.83035 0.82852 0.82374 0.81628 0.80637 0.79421 0.77997 0.76377 0.74568 0.72567 0.70362 0.67934
0.54193 0.36742 0.14463 0.05614 0.14509 0.32592 0.53505 0.68663 0.89734 0.90717 0.8417 0.78401 0.76292 0.77811 0.82001 0.80796 0.78127 0.74586 0.70621 0.667 0.6315 0.6026 0.58319 0.57563 0.5809 0.59809 0.62461 0.65687 0.69131 0.72496 0.75572 0.78234 0.80424 0.82132 0.8338 0.84202 0.8464 0.84732 0.84512 0.84009 0.83246 0.82244 0.81022 0.79594 0.77974 0.76167 0.74172 0.7198 0.69572
0.41561 0.33442 0.092952 0.10172 0.24663 0.43826 0.65029 0.75567 0.89672 0.84381 0.7512 0.69421 0.68976 0.72879 0.79652 0.80961 0.8025 0.78138 0.75202 0.72035 0.69037 0.66512 0.64732 0.63909 0.64141 0.65385 0.67454 0.70069 0.72935 0.75789 0.78435 0.80748 0.82664 0.84163 0.85254 0.85963 0.8632 0.86356 0.861 0.85575 0.84801 0.83795 0.82574 0.81152 0.7954 0.77746 0.75771 0.73604 0.7123
0.35314 0.36216 0.23285 0.23299 0.35542 0.52544 0.71123 0.76542 0.83259 0.72306 0.61349 0.57033 0.5952 0.66691 0.76527 0.80599 0.81933 0.81265 0.79343 0.76903 0.74426 0.72245 0.70628 0.69771 0.69777 0.70631 0.72202 0.74276 0.76611 0.78983 0.81214 0.83185 0.84829 0.86118 0.87051 0.87645 0.87921 0.87904 0.87614 0.87072 0.86291 0.85287 0.84074 0.82665 0.81072 0.79302 0.77356 0.75227 0.72901
0.30911 0.34899 0.33198 0.34268 0.42502 0.56497 0.71905 0.72408 0.71719 0.55659 0.43663 0.42163 0.49037 0.60205 0.73293 0.80083 0.83357 0.84035 0.83051 0.81283 0.7929 0.77435 0.75983 0.75124 0.74959 0.75497 0.76647 0.78248 0.80105 0.82032 0.83872 0.85516 0.86896 0.8798 0.88758 0.8924 0.89438 0.8937 0.89051 0.88495 0.87713 0.86717 0.85519 0.84132 0.82566 0.8083 0.78924 0.76843 0.74576
0.19092 0.16977 0.28939 0.37299 0.43433 0.56216 0.69982 0.66703 0.59456 0.38038 0.23585 0.26654 0.39499 0.54761 0.70749 0.79834 0.84726 0.86535 0.86355 0.85178 0.83622 0.8207 0.80785 0.79949 0.79663 0.79949 0.80748 0.81941 0.83375 0.84899 0.86379 0.87717 0.88848 0.89735 0.90366 0.9074 0.90865 0.90751 0.90407 0.89842 0.89064 0.88083 0.86907 0.85549 0.84019 0.82323 0.80466 0.78443 0.76245
0.19274 0.076462 0.2489 0.33818 0.3925 0.54388 0.69197 0.64298 0.53667 0.28384 0.051171 0.15798 0.33986 0.51829 0.69639 0.80217 0.86217 0.88846 0.89288 0.88598 0.87422 0.86147 0.85029 0.84239 0.83873 0.83963 0.84475 0.85321 0.86389 0.87555 0.8871 0.89768 0.90667 0.91373 0.91866 0.92141 0.92198 0.92043 0.91679 0.91111 0.90343 0.89382 0.88235 0.86912 0.85424 0.83778 0.81978 0.80021 0.77899
0.34811 0.25212 0.26424 0.25041 0.31862 0.53427 0.71582 0.6737 0.58035 0.35188 0.18267 0.20497 0.35104 0.52349 0.70406 0.81448 0.87937 0.91023 0.91878 0.91556 0.90697 0.89672 0.88717 0.8799 0.8758 0.87524 0.87807 0.88367 0.89122 0.89977 0.90845 0.91651 0.92343 0.92883 0.9325 0.93434 0.93432 0.93242 0.92864 0.92298 0.91546 0.90611 0.89499 0.88219 0.8678 0.8519 0.83454 0.81569 0.79531
0.26095 0.28577 0.24708 0.10074 0.25161 0.54379 0.75726 0.72913 0.66966 0.48185 0.34873 0.32964 0.41662 0.56105 0.73027 0.83542 0.89905 0.93079 0.94135 0.94063 0.93458 0.92652 0.91856 0.91206 0.90783 0.90626 0.90732 0.91061 0.91557 0.92149 0.92768 0.93356 0.93863 0.94256 0.94511 0.94617 0.94563 0.94346 0.93961 0.93403 0.92673 0.91769 0.90697 0.89465 0.88081 0.86553 0.84886 0.83081 0.81132
0.07415 0.30122 0.26758 0.11268 0.27677 0.57179 0.78451 0.75986 0.73112 0.58278 0.47673 0.44992 0.50418 0.61968 0.77062 0.86325 0.9205 0.94991 0.96058 0.96128 0.95716 0.95101 0.94456 0.93895 0.93487 0.93268 0.93245 0.93395 0.93683 0.94058 0.9447 0.94871 0.9522 0.95486 0.95646 0.95684 0.9559 0.95353 0.94967 0.94424 0.9372 0.92854 0.91827 0.90648 0.89324 0.87863 0.86271 0.84549 0.82694
0.38441 0.43386 0.39581 0.29808 0.37867 0.60077 0.76874 0.73073 0.72447 0.6262 0.56131 0.54858 0.59196 0.68673 0.81866 0.89493 0.94234 0.96702 0.97629 0.97751 0.97483 0.97033 0.96534 0.96071 0.957 0.95454 0.95347 0.95367 0.95495 0.95699 0.95943 0.96191 0.96409 0.96569 0.9665 0.96634 0.96509 0.96261 0.95881 0.95359 0.94687 0.93863 0.92887 0.91765 0.90505 0.89116 0.87603 0.85968 0.84209
0.62234 0.52887 0.44989 0.39958 0.46143 0.60258 0.69449 0.62872 0.63905 0.61082 0.60657 0.62359 0.67006 0.75259 0.86794 0.92694 0.96283 0.98135 0.98824 0.98936 0.98771 0.98467 0.98106 0.97748 0.97435 0.97195 0.97043 0.96978 0.96993 0.97069 0.97184 0.97312 0.97426 0.97503 0.97522 0.97466 0.97319 0.97069 0.96702 0.96206 0.95572 0.94795 0.93874 0.92814 0.91623 0.90308 0.88878 0.87333 0.85673
0.48757 0.4158 0.34144 0.4043 0.49073 0.56507 0.56865 0.4618 0.48605 0.55346 0.62429 0.67848 0.73493 0.8111 0.9131 0.95592 0.98016 0.99207 0.99615 0.99682 0.99596 0.9942 0.99192 0.98946 0.98708 0.98502 0.98342 0.98234 0.98179 0.9817 0.98194 0.98234 0.98271 0.98286 0.9826 0.98177 0.98021 0.97777 0.9743 0.96967 0.96375 0.9565 0.94788 0.93793 0.92674 0.91437 0.90091 0.88638 0.8708
0.33173 0.2333 0.14979 0.36966 0.48765 0.51165 0.43322 0.25941 0.29801 0.48771 0.63103 0.71892 0.78597 0.85866 0.95016 0.97903 0.99273 0.99845 0.99977 0.99991 0.99972 0.99914 0.99816 0.99686 0.99539 0.99391 0.99257 0.99144 0.9906 0.99005 0.98974 0.98958 0.98945 0.98919 0.98865 0.98769 0.98613 0.98384 0.98064 0.97639 0.97096 0.96426 0.95627 0.94701 0.93656 0.92499 0.9124 0.89881 0.88424
0.28757 0.22875 0.13447 0.36442 0.49218 0.48987 0.37237 0.12784 0.17505 0.45877 0.64263 0.75028 0.82362 0.89329 0.97645 0.99418 0.99927 0.99987 0.99895 0.99871 0.99917 0.99972 0.99999 0.9999 0.99947 0.99881 0.99804 0.99722 0.99646 0.99582 0.9953 0.99488 0.99449 0.99404 0.99339 0.99242 0.99098 0.98892 0.98606 0.98225 0.97734 0.97124 0.9639 0.95536 0.94567 0.93493 0.92321 0.91056 0.89701
0.32182 0.29241 0.27594 0.40834 0.51959 0.51483 0.4246 0.25798 0.28417 0.49421 0.66763 0.77565 0.84835 0.91397 0.99037 0.99998 0.99893 0.99598 0.99362 0.99333 0.99452 0.99617 0.99769 0.99883 0.99957 0.99993 1 0.99981 0.99949 0.99909 0.99868 0.99829 0.99788 0.99743 0.99683 0.99598 0.99477 0.99302 0.99057 0.98725 0.9829 0.97743 0.97078 0.96298 0.95407 0.94416 0.93333 0.92163 0.90908
0.25904 0.26509 0.36731 0.46942 0.54436 0.54177 0.50581 0.41869 0.46003 0.57578 0.70401 0.79516 0.86018 0.92022 0.99116 0.9958 0.99134 0.98665 0.98386 0.98397 0.98601 0.98876 0.99149 0.99391 0.99591 0.99748 0.99864 0.99939 0.99982 0.99999 0.99998 0.99986 0.99967 0.9994 0.999 0.99841 0.99751 0.99615 0.99417 0.99139 0.98765 0.98285 0.97691 0.96986 0.96175 0.95268 0.94274 0.93197 0.92043
0.010253 0.17839 0.3999 0.50401 0.52808 0.5192 0.54463 0.53289 0.60898 0.6669 0.74243 0.80649 0.85865 0.91201 0.97879 0.98159 0.97654 0.97202 0.96987 0.97084 0.97389 0.97774 0.98168 0.98539 0.98874 0.99169 0.99417 0.99614 0.99761 0.99863 0.99929 0.9997 0.99992 1 0.99995 0.99972 0.99923 0.99834 0.99689 0.9947 0.9916 0.98749 0.98228 0.976 0.96871 0.96048 0.95142 0.94159 0.93103
0.1918 0.20837 0.40762 0.49051 0.45105 0.42642 0.52379 0.59344 0.7129 0.7418 0.77194 0.80618 0.84308 0.88962 0.9538 0.95788 0.95496 0.95246 0.95197 0.95426 0.95845 0.9634 0.96851 0.97353 0.97833 0.9828 0.98682 0.99024 0.99301 0.99515 0.99672 0.99787 0.99869 0.99929 0.99972 0.99996 0.99997 0.99962 0.99874 0.99719 0.99477 0.99137 0.98692 0.98142 0.97493 0.96755 0.95937 0.95046 0.94086
0.26194 0.23744 0.41982 0.44365 0.3296 0.27506 0.46087 0.60923 0.77022 0.78785 0.78397 0.79094 0.81299 0.85375 0.91726 0.92563 0.92735 0.92852 0.93057 0.93456 0.93998 0.94601 0.95227 0.95861 0.96492 0.97106 0.9768 0.9819 0.98621 0.98969 0.9924 0.99447 0.99607 0.99733 0.99835 0.99917 0.99975 1 0.99977 0.99888 0.99717 0.99451 0.99082 0.98611 0.98044 0.97389 0.96658 0.95857 0.94993
0.10277 0.25775 0.45455 0.41046 0.23176 0.10376 0.39303 0.59556 0.78636 0.80108 0.77359 0.75857 0.76836 0.80549 0.87068 0.88619 0.89472 0.9009 0.90617 0.91211 0.91878 0.92585 0.93321 0.94088 0.94877 0.9567 0.96435 0.97132 0.97739 0.98241 0.98644 0.98962 0.99214 0.99419 0.99591 0.99739 0.99862 0.99953 0.99998 0.9998 0.99882 0.99692 0.99401 0.99009 0.98523 0.97952 0.97306 0.96594 0.95821
0.2676 0.40723 0.51373 0.42315 0.24889 0.10107 0.35587 0.567 0.76972 0.78281 0.73933 0.70839 0.70987 0.74646 0.81598 0.84122 0.85827 0.8704 0.87929 0.88728 0.89517 0.90319 0.91161 0.9206 0.93015 0.94 0.94969 0.95872 0.96671 0.97347 0.97898 0.9834 0.98697 0.98992 0.99245 0.99467 0.99662 0.99824 0.99941 0.99998 0.99976 0.99862 0.9965 0.99338 0.98932 0.98443 0.97881 0.97255 0.96571
0.70425 0.60869 0.55169 0.4497 0.32252 0.22189 0.35334 0.53283 0.72922 0.73743 0.68251 0.6412 0.63895 0.67873 0.75542 0.79256 0.8193 0.83785 0.85048 0.86044 0.86943 0.8783 0.88771 0.89804 0.90931 0.92118 0.93307 0.9443 0.95438 0.96301 0.97014 0.97594 0.98067 0.98462 0.98802 0.99106 0.99378 0.99617 0.9981 0.99944 0.99999 0.99964 0.99831 0.99598 0.99272 0.98864 0.98384 0.97841 0.97244
0.93638 0.68331 0.50791 0.44527 0.3663 0.29234 0.35963 0.49683 0.6732 0.67115 0.60654 0.55911 0.55778 0.6049 0.69162 0.74223 0.77914 0.80409 0.82025 0.83196 0.84185 0.85144 0.86178 0.87345 0.88649 0.90049 0.9147 0.92828 0.94057 0.95119 0.96005 0.96733 0.97331 0.97834 0.9827 0.98661 0.99016 0.99335 0.99608 0.99821 0.99956 1 0.99945 0.99792 0.99545 0.99216 0.98815 0.98354 0.9784
0.91558 0.5729 0.37459 0.40293 0.36197 0.30605 0.35374 0.46048 0.60948 0.59143 0.51638 0.4652 0.46917 0.52806 0.62744 0.69226 0.73907 0.76989 0.78908 0.80216 0.81268 0.82283 0.83404 0.84706 0.86195 0.87818 0.89482 0.91085 0.92547 0.93817 0.94885 0.95768 0.96498 0.97115 0.97653 0.98137 0.98579 0.98983 0.99338 0.99632 0.99848 0.99972 0.99997 0.99921 0.99752 0.995 0.99177 0.98794 0.9836
0.81456 0.39549 0.20826 0.34485 0.32135 0.27472 0.33267 0.42631 0.5461 0.50718 0.41844 0.36315 0.37653 0.45198 0.56599 0.64463 0.70025 0.73591 0.75739 0.77133 0.78218 0.79271 0.80472 0.81911 0.83592 0.85447 0.87365 0.89223 0.90924 0.9241 0.93666 0.94709 0.95578 0.96315 0.96959 0.97539 0.98073 0.98564 0.99004 0.99382 0.99679 0.99883 0.99987 0.99989 0.99896 0.99719 0.99471 0.99163 0.98805
0.7466 0.33581 0.12346 0.29566 0.26414 0.21541 0.30521 0.39908 0.49203 0.42946 0.32136 0.25702 0.28414 0.38121 0.51046 0.60113 0.66363 0.70269 0.72549 0.73971 0.75054 0.76128 0.77405 0.78984 0.80864 0.82961 0.85141 0.8726 0.89206 0.90912 0.9236 0.93568 0.94578 0.95439 0.96193 0.96874 0.97502 0.98083 0.9861 0.99072 0.99452 0.99736 0.99918 0.99996 0.99978 0.99874 0.99698 0.99462 0.99177
0.71619 0.39338 0.1878 0.26592 0.20731 0.1433 0.28393 0.38449 0.45662 0.372 0.23888 0.15126 0.19837 0.3215 0.46394 0.56319 0.62992 0.67062 0.69366 0.70749 0.71795 0.72874 0.74222 0.75947 0.78034 0.80381 0.8283 0.85216 0.8741 0.89338 0.90979 0.92354 0.93507 0.94494 0.95361 0.96146 0.96871 0.97544 0.98159 0.98707 0.99169 0.99534 0.99793 0.99946 1 0.99967 0.9986 0.99694 0.99477
0.60895 0.41333 0.25019 0.25395 0.16559 0.075398 0.27982 0.38659 0.44666 0.34797 0.19469 0.055005 0.13308 0.27953 0.42893 0.53174 0.59953 0.63992 0.66204 0.67484 0.68457 0.69526 0.70945 0.72819 0.75124 0.7773 0.80453 0.83108 0.85551 0.87701 0.89534 0.91075 0.92374 0.93488 0.94469 0.9536 0.96183 0.9695 0.97656 0.98289 0.98834 0.99279 0.99614 0.9984 0.99965 1 0.9996 0.99859 0.99708
0.36822 0.34683 0.26931 0.25719 0.16011 0.081215 0.29882 0.40549 0.46203 0.36056 0.20799 0.065643 0.11806 0.26081 0.40669 0.5071 0.57253 0.61066 0.63072 0.64186 0.65053 0.66101 0.6759 0.69624 0.72155 0.75028 0.7803 0.80954 0.83645 0.86013 0.88037 0.89743 0.91185 0.92426 0.93524 0.94521 0.95445 0.96306 0.97103 0.97823 0.98451 0.98974 0.99384 0.99683 0.99875 0.99976 0.99999 0.9996 0.9987
0.17502 0.22362 0.26065 0.27778 0.20304 0.1652 0.33955 0.43705 0.49529 0.39874 0.2602 0.14995 0.15736 0.26537 0.39677 0.48888 0.54875 0.58277 0.59973 0.60862 0.61595 0.62612 0.64177 0.6638 0.69148 0.72295 0.75579 0.78771 0.81705 0.84287 0.86496 0.88364 0.89948 0.91317 0.9253 0.93634 0.94659 0.95617 0.96504 0.97311 0.98021 0.98623 0.99107 0.99475 0.99734 0.99897 0.9998 0.99999 0.99967
0.1792 0.071916 0.25502 0.31598 0.27554 0.26186 0.39389 0.47452 0.53582 0.44679 0.32276 0.22846 0.21485 0.28675 0.39698 0.47615 0.52774 0.55607 0.56902 0.57517 0.58094 0.59075 0.60722 0.63106 0.66124 0.69551 0.73117 0.76574 0.79744 0.82533 0.84922 0.86947 0.8867 0.90164 0.91492 0.92705 0.93831 0.94885 0.95863 0.96757 0.97549 0.98227 0.98784 0.99219 0.99542 0.99765 0.99905 0.99979 1
0.24407 0.10678 0.27756 0.36388 0.35293 0.35202 0.45035 0.51043 0.57394 0.49276 0.38125 0.29649 0.27196 0.31653 0.40418 0.4676 0.50892 0.53034 0.53854 0.54154 0.54557 0.55502 0.57242 0.59823 0.63101 0.66814 0.70662 0.74377 0.77775 0.80763 0.83324 0.85499 0.87357 0.88974 0.90417 0.91737 0.92965 0.94115 0.95184 0.96164 0.97037 0.97791 0.98418 0.98919 0.99302 0.99582 0.99777 0.99901 0.99972
0.42194 0.27421 0.32199 0.4087 0.41688 0.42323 0.49749 0.53797 0.60248 0.52948 0.42983 0.3531 0.32304 0.34831 0.41514 0.46179 0.49164 0.50529 0.50821 0.50774 0.50992 0.51905 0.53754 0.56548 0.601 0.64104 0.68229 0.72193 0.75809 0.78984 0.81708 0.84028 0.86016 0.87753 0.89309 0.90735 0.92064 0.9331 0.9447 0.95535 0.96488 0.97316 0.98012 0.98576 0.99018 0.99352 0.99597 0.99769 0.99885
0.58878 0.36184 0.35619 0.43862 0.45496 0.4664 0.5264 0.55192 0.61685 0.55325 0.46639 0.39832 0.36637 0.37826 0.42721 0.45736 0.47529 0.48067 0.47794 0.47381 0.47406 0.48297 0.50273 0.53301 0.5714 0.61436 0.65832 0.70035 0.73855 0.77206 0.80083 0.82539 0.84652 0.86506 0.88171 0.89703 0.91132 0.92474 0.93724 0.94874 0.95905 0.96806 0.97568 0.98194 0.98691 0.99076 0.99368 0.99584 0.99741
0.57942 0.31193 0.36069 0.4461 0.46086 0.47719 0.532 0.54915 0.61471 0.56273 0.49072 0.4328 0.40168 0.40439 0.43847 0.45323 0.45932 0.45626 0.44769 0.43974 0.43806 0.44689 0.46815 0.501 0.54237 0.58827 0.63486 0.67913 0.71924 0.75436 0.78455 0.81038 0.8327 0.85236 0.8701 0.88645 0.90174 0.9161 0.9295 0.94183 0.95291 0.96263 0.9709 0.97774 0.98325 0.98757 0.99092 0.99348 0.99543
0.43499 0.13971 0.34608 0.42907 0.43469 0.45651 0.51346 0.52877 0.5956 0.55821 0.5037 0.45764 0.42938 0.4259 0.44775 0.44859 0.44334 0.43191 0.41741 0.40558 0.402 0.41092 0.43398 0.46964 0.51412 0.56293 0.61202 0.65838 0.70022 0.73681 0.76829 0.79531 0.81875 0.8395 0.85829 0.87566 0.89193 0.90723 0.92151 0.93465 0.9465 0.95691 0.9658 0.9732 0.9792 0.98398 0.98772 0.99065 0.99293
0.40947 0.08231 0.33571 0.39073 0.38224 0.41 0.47363 0.49188 0.56058 0.54116 0.50697 0.47425 0.45025 0.44268 0.45449 0.44298 0.42713 0.40756 0.38715 0.37138 0.36594 0.37519 0.40039 0.43912 0.4868 0.53847 0.58992 0.63818 0.68156 0.71946 0.75211 0.78022 0.80472 0.8265 0.84631 0.86468 0.88192 0.89814 0.91329 0.92724 0.93982 0.9509 0.9604 0.96833 0.97481 0.98 0.98411 0.98736 0.98994
0.50571 0.26382 0.33632 0.33842 0.31325 0.34642 0.418 0.44108 0.51181 0.51395 0.50265 0.48424 0.46531 0.45508 0.45858 0.43624 0.41062 0.38326 0.35698 0.3372 0.32995 0.33983 0.36755 0.40965 0.46061 0.51502 0.56865 0.6186 0.66333 0.70238 0.73606 0.76516 0.79064 0.81341 0.83421 0.85356 0.87175 0.88887 0.90488 0.91962 0.93292 0.94465 0.95472 0.96317 0.97008 0.97566 0.9801 0.98364 0.98648
0.55742 0.37518 0.33797 0.28184 0.23896 0.27574 0.35335 0.37982 0.45219 0.47961 0.49311 0.48926 0.47567 0.46368 0.46023 0.42845 0.39393 0.35916 0.32704 0.30314 0.29411 0.30495 0.33568 0.38143 0.43569 0.49272 0.5483 0.59971 0.64558 0.68558 0.72016 0.75015 0.77654 0.80025 0.82201 0.84231 0.86144 0.87946 0.8963 0.91181 0.92582 0.93818 0.9488 0.95772 0.96506 0.97098 0.97572 0.97951 0.98257
0.52673 0.4182 0.3325 0.23015 0.16966 0.20725 0.28656 0.3118 0.38513 0.44165 0.48084 0.49096 0.48247 0.46925 0.45992 0.41991 0.37733 0.33553 0.29757 0.26935 0.2585 0.27073 0.30501 0.35469 0.41223 0.47167 0.52894 0.58155 0.62833 0.66912 0.70446 0.73524 0.76247 0.78707 0.80975 0.83098 0.85102 0.86992 0.88758 0.90385 0.91854 0.9315 0.94265 0.95203 0.95974 0.96599 0.97099 0.975 0.97824
0.40388 0.41287 0.31698 0.18846 0.11266 0.14821 0.22376 0.24041 0.31449 0.40405 0.46823 0.49083 0.48679 0.4726 0.45825 0.4111 0.36124 0.31278 0.26891 0.236 0.22321 0.23733 0.2758 0.32966 0.39037 0.45195 0.51062 0.56415 0.61162 0.65302 0.68898 0.72045 0.74845 0.77389 0.79746 0.8196 0.84053 0.86028 0.87875 0.89575 0.9111 0.92464 0.9363 0.9461 0.95417 0.9607 0.96594 0.97012 0.9735
0.23038 0.38457 0.29015 0.15636 0.071186 0.10316 0.17021 0.16857 0.24518 0.37113 0.45743 0.49018 0.48965 0.47457 0.45591 0.40258 0.34621 0.29146 0.24156 0.20338 0.18831 0.20498 0.24839 0.30659 0.37025 0.43365 0.49337 0.54755 0.59547 0.63729 0.67373 0.7058 0.7345 0.76074 0.78516 0.80818 0.82999 0.85058 0.86982 0.88754 0.90353 0.91763 0.92976 0.93996 0.94836 0.95515 0.96058 0.96491 0.9684
0.18597 0.35574 0.2529 0.13079 0.044998 0.073917 0.13102 0.099239 0.18516 0.34724 0.45017 0.49006 0.49192 0.47593 0.45362 0.39501 0.33287 0.27224 0.21618 0.17189 0.15389 0.17401 0.22318 0.28573 0.35201 0.41681 0.47724 0.53175 0.57989 0.62195 0.65875 0.69131 0.72065 0.74764 0.77288 0.79676 0.81941 0.84082 0.86083 0.87924 0.89584 0.91048 0.92306 0.93363 0.94233 0.94934 0.95494 0.95938 0.96293
0.30052 0.33514 0.20863 0.11 0.033853 0.060377 0.11188 0.042485 0.14969 0.336 0.44764 0.49128 0.49431 0.47739 0.45206 0.38902 0.32189 0.25591 0.19369 0.14218 0.12005 0.14489 0.20066 0.26734 0.33574 0.40148 0.46221 0.51675 0.56488 0.60701 0.64404 0.677 0.70692 0.73461 0.76064 0.78535 0.80883 0.83104 0.85179 0.87087 0.88807 0.90321 0.91622 0.92714 0.93609 0.9433 0.94903 0.95355 0.95714
0.39548 0.31864 0.16084 0.094276 0.038511 0.061419 0.11561 0.059431 0.15646 0.33919 0.45044 0.49433 0.4974 0.47953 0.45182 0.38518 0.3139 0.24329 0.17527 0.11544 0.086853 0.11845 0.18141 0.25166 0.32151 0.38765 0.44828 0.50255 0.55043 0.59247 0.6296 0.66289 0.69332 0.72168 0.74847 0.77398 0.79827 0.82125 0.84272 0.86246 0.88021 0.89584 0.90925 0.92049 0.92968 0.93706 0.94289 0.94745 0.95104
0.43724 0.30097 0.11128 0.084048 0.053152 0.074647 0.13752 0.1192 0.19959 0.35603 0.45855 0.4995 0.50156 0.48277 0.45334 0.38396 0.30942 0.23513 0.16227 0.093804 0.054399 0.096108 0.16609 0.23886 0.30937 0.37533 0.43544 0.48913 0.53654 0.57832 0.61545 0.64899 0.67988 0.70885 0.73638 0.76267 0.78774 0.81148 0.83365 0.854 0.87231 0.88839 0.90218 0.9137 0.92311 0.93062 0.93652 0.94109 0.94464
0.43214 0.28421 0.063888 0.079255 0.071027 0.096794 0.17071 0.18206 0.25954 0.38378 0.47145 0.50681 0.507 0.48739 0.45691 0.38562 0.30878 0.23195 0.15587 0.080831 0.022763 0.080336 0.15531 0.22907 0.29929 0.36446 0.42363 0.47645 0.52318 0.56456 0.60158 0.63529 0.66659 0.69616 0.72438 0.75143 0.77727 0.80174 0.82458 0.84554 0.86436 0.88088 0.89501 0.9068 0.91639 0.92401 0.92995 0.9345 0.93798
0.39903 0.27683 0.048243 0.079854 0.088498 0.12499 0.21108 0.24447 0.32498 0.419 0.4883 0.51608 0.51376 0.49348 0.46265 0.39026 0.31204 0.23388 0.15664 0.080021 0.0082668 0.074218 0.14945 0.22229 0.29121 0.35498 0.41281 0.46447 0.51034 0.55118 0.588 0.62182 0.65349 0.68361 0.71251 0.74029 0.76687 0.79204 0.81554 0.83708 0.85639 0.87332 0.88777 0.8998 0.90955 0.91725 0.92319 0.92769 0.93107
0.35634 0.28354 0.086753 0.084455 0.10372 0.1572 0.25645 0.3057 0.39093 0.45846 0.50804 0.52699 0.52174 0.50101 0.47048 0.39777 0.31902 0.24062 0.1641 0.090889 0.037946 0.078865 0.14848 0.2184 0.28503 0.3468 0.40291 0.45317 0.49798 0.53816 0.57469 0.60857 0.64056 0.67121 0.70076 0.72925 0.75655 0.78241 0.80654 0.82863 0.84842 0.86573 0.88048 0.89272 0.90259 0.91034 0.91627 0.92069 0.92393
0.32255 0.29843 0.13125 0.088544 0.11623 0.19216 0.30529 0.36519 0.45483 0.49947 0.52954 0.53908 0.53071 0.5098 0.48021 0.40785 0.32931 0.25154 0.17699 0.10927 0.066732 0.091668 0.1519 0.21716 0.28058 0.33982 0.39386 0.44248 0.48608 0.52549 0.56167 0.59554 0.62783 0.65898 0.68916 0.71834 0.74634 0.77286 0.79759 0.82021 0.84045 0.85812 0.87314 0.88557 0.89554 0.90332 0.9092 0.9135 0.91659
0.30996 0.3107 0.16178 0.085738 0.12726 0.22919 0.35607 0.42212 0.51499 0.53989 0.55165 0.55183 0.54035 0.51958 0.49152 0.42013 0.34239 0.26582 0.19381 0.13139 0.094458 0.10896 0.15885 0.21821 0.27769 0.33392 0.38558 0.43235 0.47461 0.51315 0.54891 0.58275 0.6153 0.64692 0.67771 0.70756 0.73623 0.7634 0.78871 0.81184 0.8325 0.8505 0.86577 0.87836 0.88841 0.89619 0.90199 0.90616 0.90905
0.30192 0.3132 0.17134 0.070705 0.13989 0.26787 0.40711 0.47545 0.57 0.57798 0.5733 0.56462 0.55028 0.53002 0.50404 0.43414 0.35764 0.28259 0.21317 0.15504 0.12107 0.12821 0.16836 0.22117 0.27612 0.32897 0.37799 0.42273 0.46353 0.50113 0.53642 0.57018 0.60297 0.63505 0.66643 0.69693 0.72626 0.75405 0.77991 0.80352 0.82458 0.84289 0.85839 0.87111 0.88122 0.88897 0.89467 0.89867 0.90133
0.27593 0.30607 0.16182 0.04291 0.15827 0.30769 0.45653 0.52386 0.61857 0.61232 0.59348 0.57688 0.5601 0.54076 0.51736 0.44941 0.37449 0.30109 0.23401 0.17907 0.14652 0.14806 0.17956 0.2256 0.27566 0.32482 0.37099 0.41357 0.4528 0.4894 0.52418 0.55785 0.59086 0.62338 0.65533 0.68646 0.71642 0.7448 0.77121 0.79527 0.8167 0.8353 0.85099 0.86383 0.87397 0.88167 0.88725 0.89105 0.89346
0.24337 0.29701 0.14872 0.03219 0.1853 0.34772 0.50234 0.56594 0.65951 0.6417 0.61128 0.588 0.56937 0.55142 0.53109 0.4655 0.39239 0.32065 0.25556 0.20286 0.17078 0.16775 0.19172 0.23109 0.27606 0.32133 0.3645 0.40479 0.4424 0.47794 0.51218 0.54574 0.57896 0.61191 0.64442 0.67616 0.70673 0.73569 0.7626 0.7871 0.80888 0.82774 0.84361 0.85654 0.86668 0.87431 0.87974 0.88332 0.88546
0.24074 0.29771 0.15934 0.081184 0.22071 0.38647 0.5425 0.60027 0.69175 0.66518 0.62593 0.59744 0.57771 0.56166 0.54487 0.48199 0.41087 0.34074 0.27726 0.22605 0.19381 0.18688 0.20428 0.2373 0.27712 0.31837 0.35843 0.39636 0.43228 0.46674 0.50043 0.53386 0.56727 0.60064 0.6337 0.66603 0.6972 0.7267 0.7541 0.77901 0.80112 0.82022 0.83624 0.84924 0.85937 0.8669 0.87215 0.87549 0.87732
0.284 0.3138 0.20134 0.14481 0.26117 0.42192 0.57504 0.62551 0.71438 0.68201 0.6368 0.60472 0.58476 0.57119 0.55838 0.49854 0.42956 0.36093 0.29872 0.2484 0.21561 0.20522 0.21685 0.24388 0.27863 0.31581 0.35268 0.38821 0.42241 0.45577 0.4889 0.5222 0.55582 0.58959 0.62318 0.65609 0.68783 0.71786 0.74573 0.77102 0.79343 0.81275 0.8289 0.84194 0.85204 0.85945 0.86451 0.86758 0.86908
0.34862 0.33569 0.25284 0.20785 0.30185 0.45177 0.59823 0.64058 0.72677 0.69168 0.64338 0.60943 0.5902 0.57974 0.57135 0.51487 0.44812 0.38092 0.31967 0.26979 0.23615 0.22262 0.22913 0.25059 0.28039 0.31353 0.3472 0.38029 0.41276 0.44502 0.47759 0.51077 0.54458 0.57876 0.61287 0.64635 0.67863 0.70917 0.73748 0.76313 0.78582 0.80533 0.8216 0.83466 0.8447 0.85197 0.85682 0.8596 0.86075
0.38982 0.34376 0.2922 0.26234 0.33781 0.47381 0.61067 0.64467 0.72855 0.69395 0.64536 0.61128 0.59381 0.58712 0.58359 0.53074 0.46632 0.40046 0.3399 0.29013 0.25543 0.23899 0.2409 0.25721 0.28226 0.3114 0.34188 0.37255 0.40329 0.43447 0.46649 0.49956 0.53357 0.56816 0.60277 0.6368 0.66961 0.70064 0.72936 0.75535 0.7783 0.79799 0.81434 0.82741 0.83737 0.84448 0.84909 0.85157 0.85234
0.3674 0.32215 0.3083 0.30296 0.36497 0.48623 0.61146 0.6374 0.71972 0.68879 0.64255 0.61003 0.59541 0.5932 0.59494 0.54598 0.48397 0.41936 0.35929 0.30935 0.27345 0.25428 0.25203 0.26357 0.28408 0.30933 0.33668 0.36494 0.39399 0.4241 0.4556 0.48857 0.5228 0.55778 0.5929 0.62745 0.66078 0.69227 0.72138 0.74769 0.77087 0.79071 0.80713 0.82019 0.83005 0.83699 0.84134 0.84349 0.84386
0.27278 0.26733 0.29994 0.32714 0.38055 0.48794 0.60024 0.61878 0.70061 0.67641 0.63492 0.60559 0.59492 0.5979 0.60533 0.56049 0.50093 0.43749 0.37775 0.32742 0.29022 0.26847 0.26241 0.26953 0.28574 0.30724 0.33151 0.35743 0.38481 0.4139 0.44491 0.47781 0.51225 0.54764 0.58325 0.61832 0.65214 0.68406 0.71354 0.74015 0.76354 0.78351 0.79998 0.81301 0.82276 0.82951 0.83358 0.83538 0.83533
0.14193 0.18755 0.27422 0.33484 0.3834 0.47874 0.57731 0.58929 0.67192 0.65727 0.62258 0.59793 0.59232 0.60122 0.61471 0.57418 0.51711 0.45477 0.39519 0.34433 0.30575 0.28155 0.27196 0.27499 0.28715 0.30504 0.32634 0.34997 0.37575 0.40385 0.4344 0.46726 0.50194 0.53774 0.57383 0.6094 0.64369 0.67603 0.70586 0.73273 0.75632 0.7764 0.7929 0.80588 0.8155 0.82203 0.82582 0.82725 0.82676
0.036848 0.095781 0.24369 0.32796 0.37393 0.45939 0.54354 0.5498 0.63467 0.63198 0.60576 0.58714 0.58767 0.60319 0.62308 0.58702 0.53244 0.47113 0.4116 0.36007 0.32007 0.2935 0.28066 0.27988 0.28822 0.30266 0.3211 0.34253 0.36676 0.39394 0.42409 0.45693 0.49186 0.52807 0.56464 0.6007 0.63543 0.66817 0.69833 0.72545 0.74921 0.76938 0.7859 0.79881 0.80828 0.81459 0.81807 0.81911 0.81817
0.011065 0.010144 0.22097 0.30948 0.35395 0.43155 0.5004 0.50156 0.5902 0.60134 0.58478 0.57337 0.5811 0.60392 0.63051 0.59902 0.54691 0.48654 0.42695 0.37465 0.33319 0.30435 0.28846 0.28415 0.2889 0.30006 0.31575 0.33507 0.35785 0.38416 0.41395 0.44682 0.48202 0.51865 0.55569 0.59221 0.62738 0.66049 0.69095 0.7183 0.74221 0.76246 0.77897 0.7918 0.80111 0.80718 0.81034 0.81098 0.80956
0.065873 0.08564 0.21128 0.28272 0.32629 0.39761 0.44985 0.44616 0.54008 0.56624 0.56005 0.55688 0.57282 0.60356 0.63707 0.61018 0.5605 0.50099 0.44124 0.38809 0.34514 0.31412 0.29537 0.28776 0.28913 0.29719 0.31027 0.32758 0.34898 0.3745 0.40399 0.43692 0.47243 0.50947 0.54698 0.58395 0.61953 0.65299 0.68373 0.71129 0.73533 0.75563 0.77212 0.78486 0.794 0.79981 0.80263 0.80286 0.80095
0.17522 0.16398 0.20991 0.25083 0.29433 0.36051 0.39434 0.38539 0.48606 0.52763 0.53204 0.53799 0.56309 0.6023 0.64286 0.62057 0.57323 0.51447 0.45448 0.40041 0.35595 0.32282 0.30137 0.29067 0.28888 0.29401 0.30461 0.32002 0.34014 0.36496 0.39421 0.42725 0.46307 0.50054 0.5385 0.57592 0.61189 0.64568 0.67668 0.70442 0.72857 0.74891 0.76537 0.77799 0.78694 0.79249 0.79496 0.79476 0.79234
0.30131 0.22973 0.20869 0.21654 0.26153 0.32354 0.33675 0.32122 0.43002 0.48648 0.50125 0.5171 0.55223 0.60036 0.64803 0.63024 0.58511 0.52701 0.46669 0.41164 0.36567 0.3305 0.3065 0.2929 0.28813 0.29049 0.29876 0.31239 0.33133 0.35552 0.38461 0.41779 0.45396 0.49186 0.53027 0.56811 0.60446 0.63855 0.66978 0.69769 0.72194 0.7423 0.75871 0.77121 0.77996 0.78522 0.78733 0.78669 0.78375
0.41424 0.28065 0.20237 0.18186 0.23093 0.29002 0.28055 0.25569 0.3739 0.44371 0.46823 0.49467 0.54064 0.59799 0.6527 0.63925 0.59619 0.53862 0.47788 0.42181 0.37433 0.33717 0.31075 0.29443 0.28686 0.28662 0.29269 0.30466 0.32253 0.34619 0.37517 0.40856 0.44509 0.48343 0.52229 0.56053 0.59723 0.63161 0.66306 0.69111 0.71543 0.7358 0.75214 0.7645 0.77304 0.77802 0.77976 0.77866 0.77519
0.49784 0.3154 0.1892 0.14793 0.20481 0.26302 0.23009 0.19083 0.31959 0.40015 0.43354 0.47125 0.52872 0.59544 0.65704 0.64769 0.6065 0.54934 0.48811 0.43096 0.38197 0.34289 0.31416 0.29526 0.28507 0.28239 0.28639 0.29683 0.31373 0.33695 0.36592 0.39955 0.43647 0.47525 0.51454 0.55318 0.59021 0.62485 0.65649 0.68468 0.70905 0.72942 0.74568 0.75789 0.76621 0.77088 0.77225 0.77068 0.76666
0.54348 0.3331 0.16946 0.11499 0.18451 0.24481 0.19091 0.12858 0.26891 0.3565 0.39777 0.44746 0.51695 0.59301 0.66118 0.65564 0.6161 0.55921 0.4974 0.43915 0.38865 0.34769 0.31675 0.29543 0.28276 0.27777 0.27986 0.28888 0.30493 0.32782 0.35684 0.39076 0.4281 0.46733 0.50705 0.54606 0.58339 0.61828 0.6501 0.67839 0.70281 0.72315 0.73932 0.75137 0.75946 0.76382 0.7648 0.76276 0.75818
0.54889 0.33461 0.14514 0.08292 0.17064 0.23627 0.16897 0.070802 0.22343 0.31333 0.36157 0.42402 0.50582 0.59095 0.66528 0.66316 0.62503 0.56827 0.50579 0.4464 0.3944 0.35161 0.31856 0.29493 0.27993 0.27278 0.27307 0.28082 0.29614 0.31879 0.34794 0.38221 0.41999 0.45967 0.4998 0.53916 0.57679 0.61189 0.64387 0.67224 0.69669 0.71699 0.73306 0.74495 0.7528 0.75684 0.75742 0.7549 0.74975
0.52112 0.32459 0.12114 0.052428 0.16339 0.23658 0.16673 0.019089 0.18432 0.27101 0.32569 0.40171 0.49582 0.58953 0.66947 0.67035 0.63335 0.57655 0.51334 0.45277 0.39927 0.35471 0.31963 0.29381 0.2766 0.26742 0.26604 0.27262 0.28733 0.30986 0.33922 0.37389 0.41213 0.45226 0.49279 0.5325 0.57039 0.6057 0.6378 0.66625 0.69071 0.71096 0.72692 0.73862 0.74622 0.74995 0.75012 0.74711 0.74138
0.47451 0.31076 0.10583 0.030187 0.16287 0.24366 0.17952 0.027344 0.1521 0.22982 0.29106 0.38143 0.48743 0.58897 0.67387 0.67726 0.6411 0.58411 0.52009 0.45832 0.40333 0.35703 0.32 0.29208 0.27278 0.26168 0.25876 0.26431 0.27853 0.30104 0.33069 0.3658 0.40453 0.44511 0.48604 0.52606 0.5642 0.59968 0.6319 0.66041 0.68486 0.70505 0.72088 0.7324 0.73975 0.74314 0.7429 0.73939 0.73309
0.42178 0.2991 0.10511 0.037931 0.16902 0.25503 0.19922 0.063208 0.12625 0.18998 0.25891 0.36415 0.48112 0.58949 0.67859 0.68397 0.64834 0.591 0.52608 0.46308 0.40662 0.35862 0.3197 0.28978 0.26849 0.25558 0.25123 0.25587 0.26973 0.29233 0.32235 0.35796 0.39718 0.43822 0.47952 0.51985 0.55821 0.59385 0.62617 0.65471 0.67914 0.69925 0.71496 0.72629 0.73337 0.73643 0.73577 0.73176 0.72486
0.36673 0.28928 0.1131 0.065254 0.18125 0.26843 0.21936 0.090549 0.10512 0.15186 0.23093 0.35083 0.47726 0.59124 0.68371 0.69052 0.65512 0.59726 0.53137 0.46713 0.40919 0.35953 0.31879 0.28695 0.26375 0.24913 0.24346 0.24731 0.26094 0.28374 0.31421 0.35036 0.3901 0.43159 0.47325 0.51386 0.55243 0.5882 0.6206 0.64916 0.67356 0.69359 0.70915 0.72027 0.72709 0.72981 0.72874 0.72422 0.71672
0.30854 0.27612 0.11771 0.095529 0.1984 0.28211 0.23621 0.10863 0.086159 0.11649 0.20937 0.34235 0.47616 0.59435 0.6893 0.69698 0.66148 0.60293 0.53602 0.4705 0.41111 0.35982 0.31731 0.28361 0.25859 0.24235 0.23545 0.23863 0.25216 0.27528 0.30629 0.34301 0.38329 0.42521 0.46723 0.50809 0.54684 0.58274 0.61519 0.64375 0.66811 0.68804 0.70345 0.71437 0.72092 0.7233 0.7218 0.71677 0.70867
0.25315 0.25509 0.11058 0.12557 0.21888 0.29488 0.24801 0.11747 0.066655 0.086972 0.19683 0.3394 0.47801 0.59889 0.69541 0.70337 0.66746 0.60808 0.54006 0.47325 0.41242 0.35954 0.31531 0.27981 0.25303 0.23525 0.22722 0.22985 0.2434 0.26695 0.29857 0.33592 0.37674 0.4191 0.46144 0.50254 0.54146 0.57745 0.60994 0.63849 0.66279 0.68262 0.69787 0.70858 0.71485 0.71689 0.71496 0.70942 0.70071
0.21595 0.22659 0.089773 0.15509 0.24108 0.30602 0.25437 0.11763 0.044416 0.071557 0.19541 0.34229 0.48288 0.60489 0.70205 0.70973 0.6731 0.61274 0.54355 0.47545 0.41318 0.35874 0.31283 0.27559 0.24711 0.22784 0.21877 0.22096 0.23467 0.25877 0.29108 0.32909 0.37045 0.41324 0.45589 0.49721 0.53627 0.57233 0.60485 0.63338 0.6576 0.67731 0.69241 0.7029 0.7089 0.71058 0.70823 0.70218 0.69286
0.20721 0.19803 0.063498 0.18455 0.26367 0.31532 0.2559 0.11048 0.018548 0.080225 0.20559 0.35098 0.49071 0.61233 0.70925 0.71609 0.67844 0.61695 0.54655 0.47713 0.41345 0.35748 0.30994 0.271 0.24086 0.22016 0.21012 0.21198 0.22599 0.25076 0.28383 0.32252 0.36444 0.40764 0.45059 0.4921 0.53127 0.56739 0.59991 0.6284 0.65255 0.67214 0.68706 0.69733 0.70305 0.70439 0.70161 0.69504 0.68511
0.22271 0.18472 0.065641 0.21446 0.28572 0.32307 0.25419 0.098838 0.017667 0.10868 0.22593 0.36504 0.50135 0.62115 0.71698 0.72246 0.68352 0.62077 0.5491 0.47837 0.41329 0.35582 0.30667 0.26607 0.2343 0.21221 0.20127 0.20293 0.21736 0.24291 0.27682 0.31623 0.3587 0.40229 0.44551 0.4872 0.52646 0.56262 0.59513 0.62357 0.64762 0.66708 0.68183 0.69188 0.69731 0.6983 0.6951 0.68802 0.67747
0.25783 0.20174 0.11276 0.24505 0.30685 0.33008 0.25174 0.088446 0.054114 0.14699 0.25403 0.38376 0.51456 0.63126 0.72523 0.72886 0.68837 0.62424 0.55125 0.4792 0.41275 0.35381 0.30309 0.26085 0.22749 0.20402 0.19223 0.1938 0.20881 0.23526 0.27006 0.31021 0.35323 0.3972 0.44067 0.4825 0.52184 0.55802 0.5905 0.61888 0.64283 0.66215 0.67672 0.68654 0.69169 0.69233 0.68871 0.68111 0.66995
0.30875 0.24686 0.17668 0.27613 0.32709 0.33755 0.25179 0.088963 0.096826 0.19026 0.28757 0.40634 0.53003 0.64254 0.73395 0.73529 0.69301 0.62739 0.55306 0.47969 0.41188 0.3515 0.29925 0.2554 0.22045 0.19562 0.18303 0.18462 0.20035 0.22782 0.26357 0.30447 0.34803 0.39237 0.43606 0.47802 0.51741 0.55358 0.58602 0.61432 0.63816 0.65733 0.67172 0.68131 0.68618 0.68648 0.68243 0.67432 0.66254
0.36341 0.3055 0.24354 0.30725 0.34683 0.34689 0.25779 0.10791 0.1445 0.2365 0.3247 0.43196 0.54742 0.65486 0.7431 0.74175 0.69747 0.63027 0.55456 0.47989 0.41075 0.34896 0.2952 0.24976 0.21322 0.18703 0.17368 0.1754 0.19201 0.2206 0.25736 0.29903 0.34311 0.38778 0.43167 0.47373 0.51315 0.54931 0.58169 0.6099 0.63362 0.65264 0.66684 0.6762 0.68079 0.68074 0.67627 0.66765 0.65527
0.40507 0.36521 0.30719 0.33786 0.36662 0.35944 0.27237 0.14311 0.1963 0.28471 0.3641 0.45984 0.5664 0.66806 0.75263 0.74824 0.70177 0.63291 0.55581 0.47984 0.4094 0.34623 0.29099 0.24398 0.20584 0.17828 0.16418 0.16615 0.18379 0.21362 0.25144 0.29387 0.33846 0.38345 0.42751 0.46964 0.50907 0.54519 0.5775 0.60561 0.6292 0.64806 0.66207 0.6712 0.67551 0.67512 0.67023 0.66111 0.64812
0.42188 0.41863 0.36387 0.36737 0.38691 0.37606 0.29648 0.18861 0.25136 0.33423 0.40484 0.4893 0.58661 0.68201 0.76249 0.75476 0.70595 0.63536 0.55685 0.4796 0.40789 0.34338 0.28669 0.23811 0.19837 0.16939 0.15456 0.15689 0.17574 0.20692 0.24583 0.28901 0.33409 0.37936 0.42356 0.46575 0.50517 0.54123 0.57345 0.60145 0.6249 0.6436 0.65742 0.66632 0.67035 0.66962 0.66432 0.65469 0.6411
0.41441 0.46183 0.41104 0.39513 0.40788 0.39693 0.32923 0.24011 0.30876 0.38452 0.44621 0.51978 0.60774 0.69653 0.7726 0.76129 0.71001 0.63764 0.55772 0.47921 0.40626 0.34045 0.28234 0.23221 0.19085 0.1604 0.14482 0.14765 0.16788 0.2005 0.24052 0.28446 0.32999 0.37551 0.41983 0.46204 0.50143 0.53742 0.56954 0.59741 0.62073 0.63926 0.65288 0.66155 0.6653 0.66424 0.65853 0.64841 0.63422
0.39902 0.49261 0.44679 0.42038 0.42926 0.42144 0.3685 0.29486 0.36757 0.43508 0.48768 0.55079 0.6295 0.7115 0.78291 0.76783 0.71397 0.63978 0.55845 0.47873 0.40457 0.3375 0.278 0.22634 0.18332 0.15134 0.13498 0.13845 0.16024 0.1944 0.23555 0.2802 0.32616 0.3719 0.41631 0.45852 0.49786 0.53376 0.56577 0.59351 0.61667 0.63504 0.64846 0.6569 0.66038 0.65898 0.65287 0.64226 0.62747
0.40103 0.5091 0.46965 0.44223 0.45032 0.44836 0.41179 0.35088 0.42686 0.48541 0.52881 0.58193 0.65161 0.72677 0.79336 0.77437 0.71785 0.64182 0.5591 0.47818 0.40286 0.33457 0.27373 0.22056 0.17585 0.14224 0.12506 0.1293 0.15285 0.18863 0.23091 0.27625 0.3226 0.36853 0.41299 0.45519 0.49445 0.53025 0.56213 0.58973 0.61273 0.63092 0.64415 0.65236 0.65556 0.65384 0.64733 0.63624 0.62086
0.43075 0.50912 0.47861 0.45968 0.46999 0.47606 0.45667 0.40666 0.48575 0.53507 0.56924 0.61287 0.67385 0.7422 0.8039 0.7809 0.72167 0.64379 0.55969 0.47761 0.40119 0.33173 0.26958 0.21491 0.1685 0.13314 0.11506 0.12026 0.14577 0.18323 0.22661 0.27261 0.31931 0.36539 0.40988 0.45203 0.49119 0.52687 0.55862 0.58606 0.60891 0.62692 0.63995 0.64793 0.65087 0.64882 0.64193 0.63035 0.6144
0.46916 0.49018 0.47334 0.47175 0.48695 0.5028 0.501 0.46094 0.54341 0.58361 0.60869 0.64333 0.69601 0.75768 0.81446 0.7874 0.72544 0.64571 0.56026 0.47706 0.39958 0.329 0.2656 0.20947 0.16132 0.1241 0.105 0.11134 0.13903 0.17822 0.22268 0.26928 0.31628 0.36247 0.40697 0.44904 0.48809 0.52364 0.55523 0.58252 0.60519 0.62303 0.63586 0.64362 0.64629 0.64393 0.63665 0.62461 0.60808
0.48746 0.45034 0.45455 0.47765 0.4999 0.52691 0.54302 0.51266 0.59909 0.63061 0.64688 0.67308 0.71791 0.7731 0.82501 0.79387 0.72916 0.6476 0.56084 0.47657 0.39808 0.32644 0.26185 0.20429 0.15439 0.11517 0.094901 0.1026 0.13268 0.17362 0.2191 0.26626 0.31351 0.35978 0.40424 0.44622 0.48514 0.52053 0.55197 0.57909 0.60159 0.61924 0.63188 0.63941 0.64182 0.63916 0.6315 0.619 0.60191
0.46932 0.38928 0.42427 0.47687 0.50764 0.54695 0.58129 0.56094 0.6521 0.67571 0.68361 0.70193 0.73941 0.78837 0.83548 0.80029 0.73285 0.64948 0.56145 0.47616 0.39672 0.32409 0.25837 0.19944 0.14779 0.10642 0.084764 0.094098 0.12679 0.16946 0.2159 0.26355 0.311 0.35731 0.4017 0.44356 0.48233 0.51756 0.54882 0.57577 0.5981 0.61557 0.628 0.63531 0.63747 0.6345 0.62648 0.61353 0.59589
0.41738 0.30926 0.386 0.46925 0.50921 0.56178 0.61472 0.60507 0.70189 0.71856 0.71869 0.72974 0.76038 0.80341 0.84584 0.80666 0.73652 0.65138 0.56212 0.47587 0.39554 0.32199 0.25521 0.19497 0.14159 0.097921 0.074607 0.085911 0.1214 0.16575 0.21308 0.26114 0.30875 0.35505 0.39935 0.44106 0.47967 0.51471 0.5458 0.57257 0.59471 0.61199 0.62423 0.63133 0.63324 0.62997 0.62159 0.6082 0.59002
0.35021 0.21563 0.3445 0.45499 0.50399 0.57058 0.64251 0.64452 0.74797 0.75887 0.75194 0.75638 0.7807 0.81813 0.85605 0.81295 0.74017 0.65331 0.56288 0.47571 0.39457 0.32016 0.2524 0.19095 0.1359 0.089792 0.064441 0.078138 0.11659 0.16253 0.21063 0.25903 0.30674 0.35299 0.39717 0.43871 0.47714 0.51199 0.54289 0.56947 0.59143 0.60852 0.62057 0.62745 0.62911 0.62556 0.61683 0.60302 0.5843
0.29615 0.11745 0.30519 0.43455 0.49171 0.5729 0.66415 0.67888 0.78995 0.79639 0.78325 0.78175 0.8003 0.83247 0.86607 0.81917 0.74381 0.65528 0.56373 0.47572 0.39382 0.31865 0.25 0.18742 0.13079 0.082166 0.054279 0.070913 0.11241 0.15981 0.20857 0.25723 0.30497 0.35114 0.39516 0.43652 0.47474 0.50939 0.54008 0.56647 0.58825 0.60516 0.617 0.62367 0.6251 0.62127 0.6122 0.59797 0.57873
0.28227 0.043495 0.27287 0.4086 0.47245 0.56861 0.6794 0.7079 0.82754 0.83093 0.81251 0.80578 0.81911 0.84638 0.87587 0.82529 0.74744 0.65731 0.5647 0.4759 0.39333 0.31746 0.24803 0.18445 0.12637 0.075216 0.044135 0.064413 0.10892 0.15759 0.20688 0.25572 0.30344 0.34948 0.39332 0.43446 0.47246 0.5069 0.53739 0.56358 0.58517 0.60189 0.61354 0.62 0.6212 0.61709 0.6077 0.59306 0.57332
0.3109 0.09099 0.24999 0.37787 0.4466 0.55791 0.68822 0.73146 0.86054 0.86234 0.83964 0.82839 0.83706 0.85982 0.88543 0.83131 0.75106 0.6594 0.56579 0.47628 0.3931 0.31663 0.24651 0.18207 0.12272 0.069161 0.034025 0.058863 0.10619 0.15589 0.20557 0.25449 0.30213 0.34801 0.39164 0.43255 0.47032 0.50453 0.5348 0.56079 0.58218 0.59871 0.61018 0.61644 0.61741 0.61304 0.60332 0.58829 0.56806
0.35603 0.15958 0.23543 0.34317 0.41488 0.54125 0.69079 0.74958 0.88885 0.89049 0.86458 0.84957 0.85411 0.87273 0.8947 0.83722 0.75467 0.66156 0.56702 0.47687 0.39316 0.31617 0.24548 0.18033 0.11993 0.064259 0.023974 0.054532 0.10424 0.15471 0.20463 0.25354 0.30105 0.34672 0.39011 0.43077 0.46829 0.50226 0.53231 0.55809 0.57929 0.59563 0.60691 0.61297 0.61372 0.6091 0.59908 0.58366 0.56295
0.38965 0.21079 0.22529 0.30532 0.37821 0.51932 0.68746 0.76237 0.91243 0.91535 0.8873 0.86927 0.87023 0.8851 0.90368 0.84301 0.75828 0.66379 0.5684 0.47767 0.3935 0.31609 0.24494 0.17923 0.11806 0.060789 0.014052 0.051701 0.10312 0.15405 0.20405 0.25287 0.30019 0.34561 0.38873 0.42912 0.46637 0.5001 0.52992 0.55549 0.57649 0.59265 0.60374 0.60961 0.61015 0.60528 0.59496 0.57918 0.558
0.39591 0.24148 0.21538 0.26519 0.33772 0.49299 0.67872 0.77002 0.93131 0.93687 0.90779 0.88748 0.8854 0.89689 0.91234 0.84867 0.76187 0.66609 0.56992 0.47868 0.39414 0.31639 0.2449 0.17881 0.11716 0.058991 0.0048326 0.050589 0.10281 0.15389 0.20382 0.25246 0.29953 0.34467 0.38749 0.42759 0.46457 0.49804 0.52763 0.55298 0.57378 0.58975 0.60066 0.60634 0.60668 0.60157 0.59097 0.57483 0.55321
0.37285 0.2537 0.20312 0.22378 0.29468 0.46326 0.66516 0.77285 0.94559 0.95509 0.92606 0.90422 0.89959 0.90808 0.92066 0.85418 0.76544 0.66847 0.57159 0.47992 0.39507 0.31708 0.24536 0.17906 0.11723 0.058999 0.0070264 0.051269 0.10332 0.15423 0.20394 0.2523 0.29907 0.34389 0.38639 0.42619 0.46287 0.49608 0.52543 0.55056 0.57116 0.58695 0.59768 0.60318 0.60331 0.59798 0.5871 0.57062 0.54856
0.32957 0.25218 0.18827 0.18228 0.25047 0.43121 0.64745 0.77118 0.95544 0.97005 0.94214 0.91947 0.91281 0.91865 0.92862 0.85954 0.76899 0.67092 0.5734 0.48137 0.3963 0.31815 0.24632 0.17998 0.11827 0.060787 0.016474 0.053634 0.1046 0.15503 0.20438 0.25239 0.2988 0.34327 0.38543 0.42489 0.46128 0.49421 0.52331 0.54823 0.56863 0.58423 0.59478 0.6001 0.60005 0.59449 0.58335 0.56655 0.54407
