0.24471 0.20677 0.30518 0.25538 0.36145 0.33689 0.18958 0.1192 0.21086 0.30963 0.37282 0.41561 0.44433 0.46652 0.48915 0.51583 0.54709 0.52559 0.48704 0.44096 0.3975 0.35985 0.32747 0.30001 0.27729 0.25926 0.24604 0.2378 0.23467 0.23654 0.24287 0.25266 0.26451 0.27697 0.28886 0.29956 0.30903 0.31746 0.32502 0.33186 0.3381 0.34393 0.34955 0.35525 0.36135 0.36821 0.37627 0.38599 0.39786
0.094743 0.096905 0.041486 0.34179 0.70364 0.90349 0.89235 0.84842 0.84657 0.71847 0.59174 0.50471 0.44289 0.39631 0.35956 0.32977 0.30564 0.25961 0.21883 0.19107 0.1813 0.18794 0.20556 0.22905 0.2549 0.28102 0.30624 0.32997 0.35187 0.37178 0.38959 0.40511 0.41816 0.42867 0.43694 0.44384 0.45054 0.45811 0.46723 0.47822 0.49124 0.50631 0.52339 0.54244 0.56334 0.58598 0.61021 0.63586 0.66275
0.26708 0.12443 0.32124 0.49427 0.45175 0.42417 0.39383 0.36767 0.37535 0.32594 0.25412 0.18558 0.15831 0.19641 0.25477 0.302 0.33331 0.31949 0.29135 0.26137 0.23846 0.22508 0.22049 0.22342 0.23233 0.2455 0.26122 0.27788 0.29416 0.30906 0.32194 0.33252 0.34087 0.34742 0.35308 0.35918 0.36721 0.37835 0.39326 0.41215 0.43491 0.46121 0.49061 0.52257 0.55652 0.59183 0.62788 0.66398 0.69952
0.33297 0.25185 0.25578 0.32288 0.36397 0.41454 0.36108 0.25315 0.19669 0.22755 0.28463 0.32075 0.324 0.29646 0.24813 0.18986 0.12854 0.062365 0.036191 0.07077 0.10804 0.13914 0.16386 0.1825 0.19538 0.20275 0.20483 0.20177 0.19376 0.18106 0.16415 0.14404 0.12274 0.10422 0.095069 0.10152 0.1231 0.15463 0.19193 0.23267 0.27559 0.31991 0.36503 0.41044 0.4556 0.49996 0.54293 0.58386 0.62212
0.59424 0.46604 0.31787 0.20549 0.23415 0.34776 0.37274 0.3813 0.39375 0.30577 0.18158 0.062118 0.095533 0.20837 0.30508 0.37877 0.43236 0.42734 0.40061 0.36715 0.33826 0.31674 0.30094 0.28895 0.27905 0.26993 0.26063 0.25052 0.23926 0.22676 0.21325 0.19931 0.18608 0.17524 0.16898 0.16936 0.17748 0.19318 0.21533 0.24252 0.27347 0.30712 0.34262 0.37927 0.4164 0.4534 0.48964 0.52445 0.55721
0.41719 0.47557 0.62257 0.78929 0.79588 0.72337 0.5994 0.54894 0.61291 0.63863 0.65341 0.67402 0.69135 0.70059 0.70112 0.69569 0.68879 0.61818 0.53927 0.46525 0.40563 0.36111 0.32879 0.30638 0.29199 0.28392 0.2806 0.28061 0.2827 0.28581 0.28909 0.2919 0.29384 0.29482 0.2952 0.29578 0.29756 0.30141 0.30788 0.31718 0.32931 0.34413 0.36139 0.38078 0.40189 0.42427 0.44742 0.47076 0.49371
0.5387 0.69799 0.8711 0.88011 0.63205 0.48334 0.42464 0.33135 0.26532 0.24719 0.27924 0.32855 0.37667 0.40983 0.42061 0.41003 0.38396 0.31438 0.2404 0.1726 0.11647 0.073812 0.05217 0.061681 0.087945 0.11769 0.14699 0.17456 0.19977 0.22216 0.24139 0.25715 0.26928 0.27781 0.28316 0.28624 0.28819 0.29008 0.29269 0.29653 0.30191 0.30904 0.31799 0.32874 0.34115 0.35499 0.36988 0.38537 0.40093
0.20149 0.17539 0.35887 0.48209 0.49236 0.47787 0.38049 0.24851 0.16432 0.19552 0.23962 0.25226 0.24454 0.23341 0.22906 0.23164 0.23762 0.22143 0.20011 0.17823 0.15968 0.14542 0.13545 0.13031 0.13055 0.13603 0.14572 0.15804 0.17135 0.18427 0.1957 0.20485 0.21123 0.21469 0.21553 0.2145 0.21264 0.21096 0.21025 0.2111 0.21396 0.21906 0.22648 0.23613 0.2477 0.26076 0.27473 0.28898 0.3028
0.44009 0.20955 0.048123 0.1146 0.23544 0.31465 0.36724 0.41375 0.44464 0.36465 0.26407 0.17843 0.10754 0.055389 0.025521 0.02229 0.045311 0.07433 0.10125 0.12203 0.1371 0.14775 0.15479 0.15915 0.16171 0.16325 0.16427 0.165 0.16539 0.16516 0.16387 0.16107 0.15637 0.14965 0.14114 0.13155 0.12191 0.11343 0.10747 0.10534 0.108 0.11564 0.12768 0.14306 0.16067 0.1795 0.19864 0.21734 0.23488
0.17132 0.10365 0.079268 0.089691 0.42184 0.73322 0.8728 0.92682 0.96303 0.79866 0.61343 0.47512 0.37677 0.3108 0.27082 0.25021 0.24322 0.22223 0.20209 0.18447 0.17146 0.16281 0.15724 0.15383 0.15191 0.15088 0.15021 0.14939 0.1479 0.14528 0.14106 0.13479 0.12612 0.11483 0.10099 0.084879 0.06689 0.047354 0.026519 0.0048472 0.018518 0.042034 0.066007 0.090139 0.11416 0.13782 0.16087 0.1831 0.20431
0.23218 0.16598 0.22131 0.4698 0.67993 0.77729 0.66207 0.49427 0.38175 0.26182 0.15988 0.097331 0.12677 0.1857 0.22704 0.24602 0.24849 0.21836 0.18248 0.15022 0.12697 0.11342 0.10796 0.10835 0.11234 0.1181 0.12437 0.1303 0.13529 0.13888 0.14065 0.14023 0.13737 0.13199 0.12437 0.11517 0.10533 0.095987 0.088427 0.084042 0.083989 0.088673 0.097586 0.10973 0.12415 0.14014 0.15732 0.17554 0.19482
0.25894 0.22415 0.090357 0.31286 0.59508 0.71791 0.60346 0.45996 0.40547 0.35896 0.32658 0.30361 0.28494 0.27005 0.25535 0.23528 0.20708 0.1547 0.10205 0.05656 0.022906 0.019918 0.039632 0.058262 0.074633 0.089406 0.10316 0.11618 0.12841 0.13953 0.14902 0.15631 0.1609 0.16252 0.16129 0.15776 0.15275 0.14713 0.14163 0.13684 0.13321 0.13107 0.13062 0.132 0.13538 0.14106 0.14951 0.16135 0.17723
0.27697 0.16976 0.083516 0.13666 0.18995 0.18123 0.19178 0.13096 0.043738 0.21613 0.33806 0.40654 0.43133 0.42254 0.39238 0.35253 0.31134 0.24686 0.18931 0.14394 0.11235 0.092682 0.082501 0.080006 0.083789 0.092585 0.10512 0.12006 0.13607 0.15183 0.16612 0.17783 0.18608 0.19035 0.19059 0.18726 0.18117 0.1731 0.16366 0.15331 0.14239 0.1312 0.12014 0.10989 0.10167 0.097569 0.10035 0.11229 0.13394
0.11032 0.19672 0.162 0.48566 0.64064 0.72612 0.73053 0.72822 0.74565 0.63314 0.52301 0.45814 0.42013 0.39056 0.35853 0.3208 0.27846 0.21068 0.14629 0.091549 0.049301 0.025886 0.037156 0.060692 0.084621 0.10783 0.13026 0.15175 0.17187 0.18993 0.20514 0.21665 0.22371 0.22588 0.22316 0.21607 0.20542 0.19193 0.17609 0.15811 0.13806 0.11587 0.091338 0.064213 0.03417 0.0029687 0.036743 0.078039 0.12381
0.36089 0.38946 0.36425 0.34257 0.37764 0.5117 0.55092 0.4882 0.36654 0.16385 0.023884 0.12536 0.20848 0.2637 0.29448 0.30574 0.30363 0.26551 0.22174 0.18301 0.15689 0.14564 0.14755 0.15879 0.17532 0.19417 0.21347 0.23201 0.24892 0.26342 0.2748 0.28236 0.28551 0.28392 0.27774 0.26765 0.25461 0.23951 0.22298 0.20556 0.18781 0.17062 0.15542 0.14454 0.14119 0.14849 0.1679 0.19874 0.2394
0.2127 0.40264 0.66633 0.6661 0.62153 0.572 0.43367 0.3212 0.26819 0.21804 0.20393 0.21524 0.23835 0.26977 0.30734 0.34887 0.39284 0.39627 0.38341 0.36263 0.34355 0.3302 0.32279 0.32089 0.32358 0.32963 0.33774 0.34669 0.35538 0.36288 0.36835 0.37107 0.37045 0.36623 0.35864 0.34854 0.33707 0.3253 0.31403 0.30391 0.2956 0.28992 0.28784 0.29049 0.29902 0.31445 0.3375 0.36849 0.40742
0.13206 0.066843 0.21102 0.34603 0.30367 0.16898 0.037741 0.15633 0.19598 0.15385 0.1161 0.11617 0.15891 0.23103 0.31456 0.39935 0.48283 0.5118 0.51452 0.50174 0.48615 0.47324 0.46346 0.45682 0.45308 0.45177 0.45226 0.45387 0.45587 0.4576 0.45838 0.4576 0.45473 0.44953 0.44229 0.43393 0.42566 0.41861 0.41349 0.4108 0.41097 0.41443 0.42167 0.43327 0.4498 0.47178 0.49967 0.53375 0.57416
0.28863 0.054561 0.21732 0.48064 0.67362 0.69755 0.57729 0.48093 0.44816 0.38405 0.35655 0.3751 0.41633 0.46478 0.51461 0.56602 0.62259 0.62207 0.60442 0.57929 0.55736 0.54166 0.53056 0.52282 0.51758 0.51415 0.512 0.51068 0.50981 0.50904 0.50798 0.50624 0.50343 0.49939 0.49442 0.48945 0.4857 0.48422 0.48565 0.49032 0.49841 0.51012 0.52563 0.54519 0.56907 0.5975 0.6307 0.66881 0.7119
0.42176 0.2219 0.20791 0.17647 0.12921 0.36218 0.51658 0.58793 0.66025 0.62622 0.57899 0.55207 0.53681 0.53112 0.53776 0.55946 0.59745 0.58909 0.56999 0.54674 0.52802 0.51583 0.50809 0.50318 0.49999 0.49781 0.49622 0.49502 0.49416 0.49363 0.49337 0.49325 0.49308 0.49279 0.49268 0.49356 0.49653 0.5025 0.51195 0.52503 0.54176 0.5621 0.58602 0.61354 0.64468 0.67948 0.71796 0.76012 0.80594
0.17149 0.0897 0.1966 0.20946 0.19453 0.16825 0.11731 0.039907 0.12628 0.21421 0.22465 0.18709 0.14715 0.16626 0.2358 0.31453 0.39022 0.42017 0.42909 0.42666 0.42276 0.42077 0.41989 0.4193 0.41852 0.41744 0.41617 0.41502 0.41437 0.4146 0.41601 0.41876 0.42291 0.42848 0.43568 0.44506 0.45734 0.47306 0.49244 0.51538 0.54169 0.57112 0.60349 0.63862 0.6764 0.71671 0.75946 0.80456 0.85194
0.65278 0.43722 0.23324 0.23879 0.28767 0.36792 0.40742 0.40712 0.42201 0.38121 0.32864 0.27569 0.22546 0.19487 0.19525 0.21953 0.25838 0.27976 0.29455 0.30332 0.30926 0.31347 0.31532 0.3148 0.31234 0.3086 0.30435 0.30034 0.29737 0.29621 0.29764 0.30238 0.31091 0.32342 0.33981 0.35997 0.38381 0.41118 0.44179 0.47523 0.5111 0.54905 0.58875 0.62998 0.67254 0.71625 0.76098 0.80662 0.85312
0.22533 0.09088 0.13527 0.37677 0.64394 0.77264 0.70574 0.62494 0.60704 0.5176 0.42316 0.33987 0.26041 0.19067 0.14516 0.13805 0.16636 0.19445 0.21678 0.22972 0.23572 0.23681 0.23373 0.22743 0.21893 0.20909 0.19861 0.18808 0.17831 0.17069 0.16733 0.17077 0.18283 0.20362 0.23165 0.26492 0.3018 0.34124 0.3825 0.42506 0.46851 0.5125 0.55676 0.60107 0.64521 0.68901 0.73233 0.77509 0.81731
0.84088 0.5155 0.22298 0.30521 0.4093 0.32836 0.12543 0.15954 0.36333 0.43782 0.40681 0.33316 0.24111 0.15203 0.10119 0.12195 0.17346 0.20442 0.21726 0.21665 0.2094 0.19915 0.18718 0.17443 0.16145 0.14819 0.13398 0.11779 0.098686 0.076649 0.054728 0.046054 0.066247 0.1038 0.14786 0.19445 0.24192 0.28957 0.33708 0.38421 0.43073 0.47643 0.52105 0.56437 0.60615 0.64617 0.68427 0.72037 0.75455
0.25044 0.46474 0.49107 0.39803 0.26543 0.41498 0.52381 0.55052 0.60961 0.58902 0.54558 0.50282 0.45377 0.40241 0.35974 0.33377 0.32453 0.29511 0.26342 0.23138 0.20279 0.17887 0.15958 0.1451 0.135 0.12781 0.12124 0.11293 0.10122 0.085869 0.069359 0.060084 0.070597 0.10006 0.13925 0.18264 0.2277 0.27325 0.31866 0.36348 0.40729 0.44971 0.49033 0.52874 0.56454 0.59738 0.62694 0.65308 0.67586
0.21842 0.3037 0.56884 0.80175 0.85077 0.82037 0.67559 0.53828 0.51965 0.52788 0.54787 0.56423 0.56272 0.54103 0.50515 0.46425 0.42551 0.35371 0.28461 0.224 0.17557 0.13973 0.11702 0.10814 0.11075 0.11946 0.1292 0.13689 0.14134 0.14295 0.14354 0.14608 0.15386 0.16903 0.19166 0.22027 0.25302 0.2884 0.32519 0.36239 0.39917 0.43474 0.46835 0.49932 0.52694 0.55059 0.56971 0.58393 0.59314
0.2936 0.16117 0.17262 0.60858 0.92206 0.88521 0.57491 0.30815 0.27473 0.37167 0.44568 0.50279 0.54185 0.55463 0.53968 0.50382 0.45604 0.36323 0.2704 0.18734 0.11823 0.063477 0.035706 0.056958 0.090488 0.12134 0.14739 0.16835 0.1846 0.197 0.20688 0.21588 0.22569 0.23776 0.25298 0.2717 0.2938 0.31878 0.34588 0.37415 0.40261 0.43025 0.45607 0.47909 0.49831 0.51278 0.5216 0.52403 0.5196
0.19549 0.2443 0.44409 0.61954 0.75154 0.82317 0.68663 0.50185 0.38534 0.3279 0.36432 0.43784 0.50509 0.54597 0.55536 0.53746 0.49985 0.40557 0.3061 0.21639 0.14535 0.098668 0.086056 0.10393 0.13296 0.16258 0.18943 0.21261 0.23207 0.24824 0.26182 0.27361 0.2845 0.2953 0.30681 0.31979 0.33484 0.35218 0.37154 0.39229 0.41356 0.43433 0.4535 0.46994 0.48244 0.48978 0.49074 0.4842 0.46918
0.031005 0.16447 0.23796 0.23276 0.34927 0.52561 0.52723 0.38355 0.25124 0.2773 0.37172 0.45323 0.5213 0.57523 0.60976 0.62164 0.61307 0.53278 0.43979 0.35394 0.28798 0.2447 0.22222 0.2167 0.22277 0.2353 0.25063 0.26654 0.28185 0.29605 0.30896 0.32062 0.33116 0.34082 0.3501 0.35972 0.3705 0.383 0.39726 0.41288 0.42919 0.44527 0.46007 0.47244 0.48111 0.48475 0.48202 0.47158 0.45221
0.27574 0.21286 0.13303 0.10109 0.43957 0.74468 0.80375 0.73704 0.66859 0.53198 0.46147 0.47477 0.5399 0.6217 0.69256 0.73925 0.76184 0.69306 0.60139 0.51037 0.4361 0.38173 0.34468 0.32196 0.31048 0.30729 0.30986 0.3162 0.32487 0.33481 0.34523 0.35554 0.36524 0.37409 0.38221 0.39019 0.39886 0.40889 0.42048 0.43343 0.4472 0.46104 0.47402 0.48507 0.493 0.49657 0.4945 0.48556 0.46868
0.50029 0.53588 0.64819 0.85336 0.92961 0.88136 0.71824 0.54804 0.36404 0.13921 0.20937 0.39328 0.56204 0.70077 0.80141 0.86464 0.89913 0.82741 0.72806 0.62673 0.54148 0.4758 0.42687 0.39196 0.36863 0.35471 0.34825 0.34757 0.35122 0.35793 0.36657 0.3761 0.38564 0.39458 0.40275 0.41059 0.41892 0.42843 0.43941 0.45179 0.46516 0.47893 0.49231 0.50436 0.51406 0.5203 0.52201 0.51819 0.50808
0.35467 0.30183 0.43729 0.61449 0.50071 0.50731 0.62423 0.65984 0.66365 0.57703 0.56694 0.64928 0.76128 0.86015 0.92885 0.96785 0.98626 0.89796 0.78624 0.67518 0.58189 0.50912 0.45356 0.41251 0.38372 0.36527 0.3554 0.35247 0.35495 0.36142 0.37051 0.38099 0.39176 0.40203 0.41151 0.42057 0.42999 0.44051 0.4525 0.46597 0.48062 0.49598 0.51139 0.52605 0.53909 0.54956 0.55656 0.55928 0.55721
0.41399 0.47793 0.64584 0.69933 0.5746 0.52346 0.61086 0.75597 0.94673 0.96856 0.94335 0.94639 0.96766 0.98884 0.99926 0.99819 0.99045 0.88619 0.76609 0.65068 0.55478 0.48016 0.42346 0.38212 0.35405 0.33732 0.32996 0.33006 0.33576 0.34541 0.35754 0.37085 0.38428 0.39704 0.40888 0.4202 0.4318 0.44448 0.45867 0.47444 0.49157 0.50967 0.52817 0.54639 0.56354 0.57881 0.59139 0.60062 0.60604
0.44779 0.30182 0.27817 0.33695 0.1994 0.19602 0.37404 0.57845 0.84383 0.95757 0.9786 0.98126 0.97587 0.96482 0.94913 0.93005 0.90944 0.80267 0.68335 0.56985 0.4756 0.40245 0.34794 0.31027 0.28769 0.27798 0.27838 0.28609 0.29863 0.3141 0.33105 0.3484 0.36531 0.38122 0.39603 0.41025 0.42476 0.44038 0.45758 0.47647 0.49688 0.51845 0.54065 0.56286 0.58435 0.60436 0.62217 0.63711 0.64876
0.35423 0.28497 0.19221 0.14878 0.23966 0.28462 0.33511 0.47562 0.6933 0.78339 0.7935 0.79223 0.7935 0.79825 0.80103 0.79649 0.78289 0.68706 0.57509 0.46604 0.37359 0.30081 0.24734 0.21355 0.19892 0.20033 0.21264 0.23103 0.25222 0.27434 0.29636 0.31768 0.33794 0.35694 0.37481 0.39217 0.40995 0.42897 0.44971 0.47226 0.49645 0.52189 0.54808 0.57438 0.6001 0.62448 0.64679 0.6664 0.6828
0.22165 0.21566 0.27715 0.15986 0.049474 0.1939 0.35973 0.47038 0.57029 0.54688 0.49474 0.48281 0.51892 0.57828 0.63083 0.6609 0.66614 0.58685 0.48407 0.379 0.28595 0.20875 0.14887 0.11167 0.10414 0.12103 0.14834 0.17782 0.20651 0.23359 0.259 0.28289 0.30543 0.32682 0.34739 0.36783 0.38902 0.41172 0.43633 0.46286 0.49109 0.52059 0.55081 0.58109 0.61071 0.63891 0.66493 0.6881 0.70786
0.56349 0.48133 0.48238 0.47433 0.43852 0.46157 0.46897 0.46178 0.43476 0.29362 0.14693 0.14532 0.27972 0.41278 0.51254 0.57175 0.5939 0.52939 0.43622 0.33687 0.24579 0.16614 0.096883 0.037694 0.021767 0.064621 0.10408 0.13886 0.16972 0.19752 0.22311 0.24723 0.27046 0.29323 0.31599 0.33933 0.36399 0.39054 0.41921 0.4499 0.48228 0.51584 0.54996 0.58395 0.61705 0.64846 0.6774 0.70311 0.725
0.361 0.29959 0.34135 0.46926 0.55623 0.60402 0.57654 0.53989 0.50684 0.37305 0.25332 0.22377 0.29432 0.39697 0.48535 0.54269 0.56773 0.5108 0.42614 0.33518 0.25215 0.18071 0.12105 0.075878 0.055716 0.067659 0.09304 0.11962 0.14464 0.16798 0.19026 0.21228 0.23471 0.25805 0.28264 0.30884 0.33708 0.36762 0.40048 0.43537 0.47185 0.50931 0.54707 0.58441 0.6205 0.65453 0.68565 0.71307 0.73609
0.27788 0.20755 0.045342 0.065473 0.24541 0.44459 0.54987 0.58928 0.6204 0.54211 0.46562 0.43363 0.44274 0.47949 0.52233 0.55402 0.56793 0.50995 0.43028 0.34694 0.27257 0.21035 0.16025 0.12326 0.1013 0.094999 0.10068 0.11265 0.12715 0.14278 0.15956 0.1781 0.19903 0.22274 0.24928 0.2786 0.31064 0.34531 0.38236 0.42135 0.46169 0.50275 0.54379 0.58403 0.62263 0.65873 0.69144 0.71992 0.74338
0.3828 0.218 0.089695 0.090541 0.16325 0.30499 0.40531 0.45104 0.50843 0.50516 0.50188 0.51464 0.53248 0.55013 0.56413 0.57123 0.57011 0.507 0.42955 0.35197 0.28433 0.22853 0.18358 0.1491 0.12503 0.11091 0.10522 0.10564 0.11014 0.1178 0.12884 0.14402 0.16398 0.18882 0.21806 0.25103 0.28714 0.32596 0.36702 0.40977 0.45358 0.49778 0.54161 0.58426 0.62489 0.6626 0.69647 0.72558 0.74911
0.41658 0.11573 0.085914 0.15113 0.23157 0.26427 0.21835 0.16452 0.21658 0.33529 0.43568 0.50904 0.55383 0.5739 0.57655 0.56915 0.55717 0.49092 0.4162 0.34406 0.28218 0.23125 0.1896 0.15627 0.13066 0.11209 0.09959 0.092019 0.088624 0.089618 0.096221 0.10981 0.13086 0.15863 0.19176 0.22891 0.26913 0.31178 0.35635 0.40227 0.44894 0.49567 0.54172 0.58629 0.6285 0.66745 0.70218 0.73175 0.75526
0.44475 0.37563 0.34907 0.38913 0.36957 0.31589 0.23472 0.17207 0.2021 0.30903 0.41202 0.49048 0.53789 0.55607 0.55317 0.53951 0.52338 0.45974 0.39098 0.3257 0.26984 0.22341 0.18454 0.15212 0.12542 0.1037 0.086153 0.072083 0.06159 0.056714 0.061353 0.077489 0.10336 0.13626 0.17405 0.21524 0.25892 0.30457 0.35175 0.39999 0.44871 0.49728 0.54494 0.5909 0.6343 0.67421 0.70967 0.7397 0.76338
0.20566 0.14281 0.32626 0.39024 0.31603 0.31715 0.33699 0.35796 0.41033 0.42488 0.44541 0.47667 0.49994 0.50667 0.49908 0.4849 0.47138 0.41715 0.35867 0.30247 0.25356 0.21203 0.17625 0.14526 0.11831 0.094586 0.073168 0.053044 0.033703 0.019361 0.029247 0.056194 0.089635 0.12751 0.16873 0.21244 0.2581 0.30539 0.35399 0.40349 0.45337 0.503 0.55165 0.59852 0.64276 0.68344 0.7196 0.75025 0.77445
0.21701 0.24256 0.30839 0.26948 0.081419 0.17606 0.30287 0.3973 0.48033 0.46873 0.44344 0.43672 0.43587 0.43075 0.42084 0.41138 0.40689 0.36844 0.32423 0.27913 0.23821 0.20238 0.17073 0.14259 0.11734 0.094296 0.072723 0.052012 0.032561 0.02178 0.036015 0.064026 0.097985 0.13614 0.17748 0.22124 0.26694 0.31429 0.36302 0.41272 0.46286 0.51282 0.56186 0.6092 0.65398 0.69529 0.73218 0.76368 0.78886
0.14804 0.19958 0.38392 0.34433 0.15856 0.20249 0.30425 0.37968 0.43908 0.4113 0.37495 0.35646 0.34429 0.33243 0.32422 0.32523 0.33605 0.31836 0.29082 0.25774 0.22534 0.19601 0.16974 0.14629 0.12526 0.10627 0.089255 0.074875 0.065252 0.064222 0.074744 0.095901 0.12497 0.15971 0.1985 0.24025 0.28434 0.33042 0.37816 0.42712 0.47673 0.52636 0.57526 0.62266 0.66773 0.70956 0.74725 0.77985 0.80646
0.41095 0.52382 0.59166 0.42773 0.23576 0.31116 0.34009 0.3293 0.32867 0.29311 0.26928 0.25512 0.23714 0.21904 0.21566 0.23436 0.26658 0.27157 0.26007 0.23795 0.21358 0.19103 0.17111 0.15385 0.13887 0.1259 0.11509 0.10727 0.10395 0.10694 0.11757 0.136 0.16141 0.19251 0.22798 0.2668 0.30836 0.3523 0.39826 0.44576 0.49421 0.54297 0.59128 0.63841 0.68352 0.72579 0.76432 0.79823 0.82667
0.25056 0.57712 0.77673 0.71219 0.56384 0.44973 0.33492 0.24191 0.19048 0.17199 0.17842 0.17078 0.13922 0.10181 0.10538 0.15459 0.21079 0.23356 0.23281 0.21818 0.20026 0.18426 0.17134 0.16132 0.15349 0.14735 0.14296 0.14096 0.14245 0.14861 0.16036 0.17807 0.20147 0.22985 0.26232 0.29813 0.33685 0.37824 0.42195 0.46752 0.51437 0.56183 0.6092 0.65575 0.70071 0.74329 0.78268 0.81805 0.8486
0.49467 0.48297 0.38122 0.5722 0.58104 0.45433 0.29729 0.16124 0.054166 0.096918 0.14443 0.14566 0.10649 0.041679 0.04829 0.12127 0.18334 0.20809 0.20846 0.19627 0.18275 0.17309 0.1679 0.16609 0.16623 0.16742 0.16953 0.17309 0.17901 0.1883 0.20172 0.21971 0.2422 0.26876 0.29882 0.33192 0.36789 0.40663 0.44789 0.49125 0.53618 0.58204 0.62817 0.67389 0.7185 0.76128 0.80149 0.83838 0.87122
0.71375 0.53623 0.29414 0.40501 0.40491 0.37471 0.28878 0.17783 0.10346 0.13402 0.17839 0.1885 0.16712 0.13467 0.12523 0.14981 0.18419 0.19202 0.18368 0.16938 0.15906 0.15647 0.16033 0.16782 0.17654 0.18526 0.19381 0.20275 0.21297 0.22542 0.24085 0.25969 0.28198 0.30742 0.33564 0.36644 0.39987 0.43603 0.4748 0.51583 0.55864 0.60267 0.64732 0.69199 0.73607 0.77891 0.81986 0.85826 0.89346
0.61648 0.44857 0.43483 0.2779 0.1128 0.29959 0.32865 0.2872 0.26862 0.25638 0.2636 0.26664 0.25138 0.2242 0.20131 0.19242 0.19288 0.17528 0.15277 0.13436 0.12847 0.13569 0.15071 0.16832 0.18558 0.20143 0.21595 0.22986 0.24411 0.25966 0.27724 0.29728 0.31982 0.34465 0.3715 0.40038 0.43155 0.46528 0.50158 0.54021 0.58078 0.62282 0.6658 0.70923 0.75259 0.79533 0.83691 0.87675 0.91428
0.41476 0.29081 0.53577 0.42488 0.26797 0.31984 0.36044 0.37893 0.41022 0.38771 0.36694 0.35379 0.33102 0.29573 0.25641 0.22151 0.19221 0.14908 0.11057 0.088807 0.093476 0.11606 0.14385 0.17094 0.19543 0.21711 0.23655 0.25466 0.27245 0.29086 0.31059 0.332 0.3551 0.37968 0.40554 0.43282 0.46196 0.49341 0.5273 0.56352 0.60176 0.64166 0.68281 0.72481 0.76727 0.80976 0.85183 0.893 0.93277
0.73527 0.83479 0.73992 0.54572 0.33929 0.2835 0.33872 0.41602 0.50006 0.49181 0.46132 0.43515 0.40037 0.35187 0.29512 0.23805 0.18374 0.11724 0.058594 0.034058 0.067859 0.10872 0.14611 0.1791 0.20795 0.23333 0.25613 0.27737 0.29803 0.31895 0.34071 0.36356 0.38742 0.412 0.43714 0.46306 0.49037 0.51965 0.55119 0.58497 0.6208 0.65845 0.69761 0.73803 0.77942 0.82149 0.86391 0.90627 0.94816
0.73419 0.64994 0.52743 0.38104 0.12324 0.13117 0.30078 0.41946 0.54357 0.56278 0.539 0.50859 0.46475 0.40457 0.33386 0.26133 0.19206 0.11388 0.051884 0.043573 0.083106 0.12419 0.16138 0.19447 0.22393 0.25046 0.27489 0.29809 0.32089 0.34391 0.36754 0.39184 0.41655 0.4413 0.4659 0.49064 0.51624 0.54344 0.57263 0.60393 0.63728 0.67255 0.70959 0.74827 0.78844 0.82994 0.87255 0.91597 0.95985
0.41947 0.14154 0.23455 0.353 0.29562 0.26213 0.31678 0.41431 0.56314 0.61451 0.60735 0.58132 0.53505 0.4693 0.39204 0.31428 0.24486 0.17188 0.12674 0.11664 0.13258 0.15907 0.18783 0.21595 0.24268 0.26807 0.29255 0.31668 0.34095 0.36572 0.39106 0.41678 0.44241 0.46743 0.49159 0.51524 0.53919 0.56431 0.59114 0.61991 0.65068 0.68346 0.71823 0.75502 0.79383 0.83462 0.8773 0.92166 0.96741
0.46366 0.22466 0.1214 0.25355 0.32153 0.29584 0.29829 0.40062 0.58238 0.66499 0.6761 0.65968 0.61765 0.55321 0.47638 0.40035 0.33644 0.26418 0.21619 0.19351 0.19152 0.20248 0.21998 0.24049 0.26237 0.28507 0.30851 0.33283 0.35814 0.3844 0.41134 0.43846 0.46503 0.49035 0.51411 0.53667 0.55896 0.58198 0.60638 0.63252 0.6606 0.69076 0.72314 0.75791 0.79523 0.8352 0.87785 0.92305 0.97055
0.4192 0.19294 0.08183 0.16691 0.18911 0.10695 0.22224 0.40485 0.62334 0.72426 0.74726 0.74137 0.70785 0.64943 0.57666 0.50388 0.44344 0.3641 0.30457 0.26677 0.24894 0.24588 0.25218 0.26444 0.28073 0.30007 0.32198 0.34618 0.37235 0.40002 0.42854 0.45704 0.48453 0.51013 0.53344 0.55486 0.57543 0.59625 0.61812 0.64151 0.66676 0.69416 0.72402 0.75666 0.79238 0.83145 0.874 0.91997 0.96917
0.32331 0.12332 0.11614 0.19875 0.22868 0.20424 0.30755 0.47577 0.69168 0.78768 0.81293 0.81599 0.79288 0.7429 0.67558 0.60566 0.54629 0.45662 0.38336 0.33065 0.29881 0.28358 0.27992 0.28459 0.29558 0.31172 0.33223 0.35644 0.38358 0.41276 0.44289 0.47277 0.50113 0.52692 0.54967 0.56984 0.58855 0.60703 0.62622 0.64671 0.66899 0.6935 0.7207 0.7511 0.78516 0.82328 0.86569 0.91243 0.96329
0.22222 0.12524 0.18334 0.35765 0.44689 0.46246 0.47628 0.57327 0.75943 0.83667 0.85934 0.87068 0.85892 0.81861 0.75755 0.69052 0.63142 0.53194 0.44618 0.38054 0.337 0.31179 0.29998 0.29842 0.30517 0.31896 0.33874 0.36348 0.39197 0.42287 0.45472 0.48595 0.51509 0.54092 0.56296 0.58169 0.59835 0.61432 0.63064 0.64806 0.66721 0.68868 0.71312 0.74119 0.77354 0.81069 0.85298 0.9005 0.95304
0.012387 0.094219 0.31583 0.468 0.50395 0.50961 0.52919 0.61559 0.78432 0.84915 0.87404 0.89585 0.89628 0.86627 0.81222 0.74887 0.69059 0.58404 0.48885 0.41336 0.36092 0.32815 0.31028 0.30431 0.30839 0.32116 0.34131 0.36741 0.39781 0.43075 0.46441 0.49696 0.52672 0.5524 0.57349 0.59055 0.60495 0.61819 0.63144 0.6456 0.66144 0.67973 0.70129 0.72697 0.75757 0.79378 0.83602 0.8844 0.93869
0.26586 0.31571 0.38512 0.37975 0.29998 0.32821 0.45279 0.57588 0.74268 0.81367 0.85257 0.88856 0.90142 0.88162 0.83516 0.77657 0.72029 0.6104 0.50959 0.42774 0.3693 0.33145 0.30973 0.30143 0.30477 0.31823 0.34015 0.36863 0.40159 0.43689 0.47243 0.5062 0.53638 0.56164 0.5815 0.59663 0.60851 0.61877 0.62873 0.63942 0.65177 0.66673 0.6853 0.70854 0.73742 0.77276 0.81505 0.86442 0.92056
0.48008 0.43741 0.36635 0.29482 0.12008 0.15531 0.35099 0.47618 0.64035 0.73763 0.80133 0.85278 0.8765 0.86584 0.82711 0.77427 0.72125 0.61171 0.50896 0.42397 0.36218 0.32151 0.29814 0.28971 0.29449 0.31061 0.33587 0.36781 0.40394 0.44186 0.47927 0.51407 0.5444 0.56893 0.58726 0.60015 0.60922 0.61625 0.62268 0.62969 0.63837 0.64985 0.66534 0.6861 0.71331 0.74788 0.79039 0.84092 0.89906
0.36175 0.26087 0.24523 0.32035 0.29695 0.25364 0.27584 0.33991 0.5085 0.64613 0.73456 0.79681 0.82755 0.82406 0.79276 0.74633 0.6975 0.59132 0.48949 0.40381 0.34066 0.299 0.27598 0.26975 0.27839 0.29931 0.32948 0.36586 0.40565 0.44628 0.48544 0.521 0.55114 0.57458 0.59102 0.60136 0.60734 0.61088 0.61354 0.61665 0.62146 0.6293 0.64162 0.6599 0.6855 0.71948 0.76242 0.81434 0.87468
0.35642 0.1862 0.10749 0.26574 0.35014 0.26445 0.15089 0.19147 0.4037 0.57072 0.66672 0.72951 0.7621 0.76356 0.73918 0.69956 0.65547 0.55456 0.45535 0.37027 0.30674 0.2652 0.24429 0.24277 0.25796 0.28586 0.32234 0.36387 0.40751 0.45077 0.4914 0.52736 0.55691 0.57889 0.59309 0.60054 0.60315 0.60294 0.60159 0.60057 0.60132 0.60537 0.61443 0.63023 0.65433 0.68792 0.73156 0.78515 0.84791
0.47676 0.2378 0.049067 0.28643 0.38196 0.25518 0.081221 0.176 0.38699 0.52842 0.60491 0.65732 0.6874 0.69216 0.67439 0.64193 0.60291 0.50813 0.41193 0.32736 0.26309 0.22177 0.20455 0.21073 0.23547 0.27233 0.31606 0.36298 0.41035 0.4559 0.49757 0.53349 0.56202 0.58213 0.59373 0.598 0.59696 0.59275 0.58716 0.58179 0.57826 0.57837 0.58407 0.5974 0.62015 0.65361 0.69829 0.75386 0.81931
0.61674 0.42627 0.33953 0.47757 0.52932 0.43349 0.31497 0.32399 0.43816 0.50729 0.54699 0.58357 0.60935 0.61692 0.60605 0.58135 0.54789 0.45939 0.36564 0.28022 0.2132 0.17066 0.15871 0.17667 0.21412 0.26121 0.31233 0.36429 0.41486 0.46214 0.50431 0.53968 0.56674 0.58457 0.59324 0.59405 0.58911 0.58067 0.57061 0.56068 0.55266 0.54863 0.55087 0.56176 0.58335 0.617 0.66309 0.72103 0.78944
0.58389 0.62035 0.6557 0.71002 0.71389 0.6434 0.51035 0.45021 0.48125 0.48071 0.48652 0.50949 0.53209 0.54329 0.54038 0.52468 0.49788 0.4158 0.32379 0.23561 0.16213 0.11402 0.10972 0.14571 0.19811 0.25515 0.3127 0.36871 0.4216 0.46985 0.51189 0.54615 0.57129 0.58649 0.59192 0.58901 0.57997 0.56709 0.55237 0.53764 0.52491 0.51653 0.51518 0.52366 0.54431 0.57853 0.6265 0.68721 0.75886
0.18763 0.46179 0.6887 0.76295 0.78307 0.7564 0.61305 0.50123 0.473 0.43028 0.41889 0.43565 0.45801 0.47462 0.48154 0.47685 0.45872 0.384 0.29417 0.20285 0.11969 0.05517 0.065388 0.12658 0.1921 0.25642 0.31831 0.37684 0.43091 0.47926 0.52047 0.55311 0.5759 0.58812 0.59006 0.58323 0.5699 0.55244 0.53286 0.51312 0.49543 0.48246 0.47738 0.48347 0.50344 0.5387 0.58906 0.65298 0.72816
0.187 0.27503 0.4665 0.56291 0.69955 0.75882 0.62077 0.47341 0.40641 0.35267 0.34405 0.36265 0.38787 0.41224 0.43154 0.44043 0.43378 0.36843 0.28324 0.19251 0.10586 0.027899 0.056983 0.12932 0.19931 0.26626 0.32971 0.38894 0.44293 0.49047 0.53018 0.56067 0.58073 0.5897 0.58795 0.57705 0.55933 0.53715 0.51258 0.48763 0.4647 0.44685 0.43781 0.44153 0.46115 0.49801 0.55135 0.61895 0.69791
0.058129 0.17297 0.20243 0.24385 0.56093 0.70252 0.56726 0.39082 0.29617 0.25638 0.2661 0.29128 0.32143 0.35617 0.39078 0.41594 0.42371 0.37017 0.29313 0.20914 0.13287 0.083737 0.098662 0.155 0.21976 0.28455 0.34678 0.40492 0.45761 0.50346 0.54104 0.56894 0.58594 0.59145 0.58587 0.57083 0.54866 0.52171 0.49203 0.46168 0.43323 0.41013 0.39685 0.39819 0.41786 0.45698 0.51398 0.58572 0.66866
0.14405 0.20413 0.20011 0.19091 0.50126 0.65072 0.50283 0.29796 0.17036 0.1572 0.19146 0.22228 0.25826 0.30654 0.35938 0.4028 0.42708 0.38705 0.3206 0.24669 0.18351 0.1481 0.15494 0.19545 0.25069 0.3101 0.3689 0.42442 0.47474 0.51815 0.55306 0.57797 0.59168 0.59358 0.58412 0.56492 0.53831 0.50661 0.47178 0.43588 0.40159 0.37281 0.35486 0.35377 0.37399 0.41619 0.47759 0.5539 0.64094
0.24897 0.26832 0.31906 0.38284 0.54563 0.63629 0.46797 0.24765 0.075701 0.075633 0.12609 0.15606 0.19944 0.26544 0.33847 0.40051 0.44175 0.41544 0.36006 0.29597 0.2424 0.21272 0.21425 0.24325 0.28867 0.34122 0.39516 0.44695 0.49403 0.53437 0.56617 0.58783 0.59808 0.5963 0.58295 0.55966 0.52872 0.49234 0.4524 0.41085 0.37044 0.33543 0.31224 0.3086 0.32999 0.3763 0.44288 0.52411 0.61526
0.14362 0.17405 0.32164 0.48559 0.62264 0.65083 0.46399 0.25109 0.087397 0.038684 0.071356 0.093332 0.15107 0.2387 0.33076 0.4092 0.46594 0.452 0.4066 0.35062 0.30343 0.27625 0.27376 0.29423 0.33086 0.37622 0.42459 0.4719 0.51514 0.55196 0.58032 0.59853 0.60522 0.59978 0.58263 0.55539 0.52028 0.47941 0.43449 0.38732 0.34052 0.29866 0.2694 0.26294 0.2864 0.33804 0.41058 0.49695 0.59206
0.083049 0.082029 0.27481 0.50704 0.68283 0.6621 0.46152 0.26398 0.11802 0.035376 0.021129 0.047038 0.1309 0.23519 0.33954 0.42939 0.49843 0.49429 0.45693 0.4071 0.36411 0.33801 0.33227 0.34616 0.37524 0.41371 0.45627 0.4987 0.53772 0.5707 0.59543 0.61007 0.61321 0.60417 0.58338 0.55239 0.51338 0.46829 0.41866 0.36602 0.31272 0.26334 0.22683 0.21709 0.24384 0.30234 0.3815 0.473 0.57173
0.31909 0.22058 0.20122 0.52056 0.71327 0.64404 0.44183 0.26249 0.1218 0.027561 0.036558 0.077612 0.15721 0.26018 0.36636 0.46112 0.53827 0.54066 0.50904 0.46354 0.42326 0.39755 0.38914 0.39778 0.42044 0.45255 0.48939 0.52683 0.56144 0.59042 0.61141 0.62247 0.62211 0.60962 0.58538 0.55093 0.50834 0.45943 0.4055 0.34775 0.28807 0.2306 0.1852 0.17127 0.20325 0.27033 0.35649 0.45279 0.55459
0.34567 0.18403 0.22574 0.60423 0.7132 0.59228 0.41305 0.26325 0.13852 0.078206 0.107 0.15052 0.2182 0.30978 0.40961 0.5033 0.58432 0.58982 0.56162 0.51885 0.48024 0.45454 0.44392 0.44831 0.46552 0.4919 0.52331 0.55581 0.58598 0.61092 0.62817 0.6357 0.63197 0.61621 0.5888 0.55121 0.50545 0.4532 0.39553 0.33329 0.26774 0.20199 0.14562 0.12577 0.16609 0.24344 0.33635 0.43672 0.54085
0.552 0.53042 0.5713 0.73098 0.67296 0.51084 0.39209 0.29249 0.20863 0.16845 0.19083 0.23394 0.29503 0.37516 0.46512 0.55367 0.63501 0.64057 0.6137 0.57231 0.53463 0.50877 0.49634 0.49726 0.50985 0.53114 0.55749 0.58525 0.61107 0.63202 0.64561 0.64974 0.6428 0.62402 0.59372 0.55337 0.5049 0.44987 0.38917 0.32331 0.25292 0.17965 0.11036 0.080881 0.13499 0.22328 0.32182 0.42511 0.53063
0.91349 0.91137 0.88076 0.80894 0.56967 0.39086 0.38178 0.34791 0.30863 0.27175 0.28192 0.32109 0.37741 0.44815 0.52777 0.60914 0.68837 0.69165 0.66445 0.62342 0.58614 0.56007 0.54618 0.54428 0.55299 0.5698 0.59153 0.61482 0.63646 0.65358 0.66364 0.66453 0.65461 0.63307 0.60022 0.5575 0.50681 0.44961 0.38668 0.31831 0.24463 0.16604 0.084614 0.03755 0.11438 0.21138 0.31336 0.41806 0.52392
0.9096 0.98297 0.9986 0.80065 0.40417 0.22919 0.3801 0.40688 0.40548 0.37118 0.37189 0.40676 0.45918 0.52241 0.59261 0.66633 0.74218 0.74174 0.71308 0.67174 0.63458 0.60833 0.59332 0.58916 0.59461 0.60752 0.62509 0.64425 0.66195 0.67542 0.68215 0.68001 0.66735 0.64334 0.60829 0.56362 0.5112 0.45247 0.38817 0.31849 0.24345 0.16309 0.07763 0.016331 0.10945 0.20866 0.31109 0.41552 0.52062
0.55951 0.76439 0.96212 0.78345 0.32583 0.16522 0.39622 0.45034 0.47787 0.45356 0.45278 0.48596 0.53568 0.59307 0.6553 0.72198 0.7942 0.7895 0.75888 0.7169 0.67976 0.65345 0.63766 0.63174 0.6345 0.64405 0.65791 0.67329 0.68735 0.69742 0.70104 0.6961 0.68097 0.65479 0.61788 0.57166 0.51801 0.45838 0.39352 0.32372 0.24927 0.17097 0.092797 0.053971 0.12118 0.21488 0.3147 0.41721 0.52052
0.074828 0.54417 0.87031 0.83859 0.49732 0.33955 0.42766 0.46503 0.51387 0.51099 0.51892 0.55451 0.60312 0.65623 0.71225 0.77317 0.84232 0.83369 0.80118 0.75861 0.72158 0.69541 0.67917 0.67193 0.6725 0.6792 0.68979 0.70177 0.71249 0.71942 0.72019 0.71272 0.69538 0.66734 0.62891 0.58154 0.52712 0.46715 0.40247 0.33361 0.26135 0.18784 0.12128 0.095476 0.14471 0.22869 0.32355 0.42276 0.52335
0.47706 0.46319 0.73577 0.89696 0.68886 0.4972 0.44159 0.44036 0.51042 0.54195 0.56771 0.60945 0.6585 0.70889 0.7606 0.81752 0.88479 0.87323 0.83942 0.79661 0.75996 0.7342 0.71783 0.70968 0.70851 0.7128 0.72056 0.7295 0.73721 0.74129 0.73948 0.72975 0.7105 0.68089 0.64127 0.5931 0.53832 0.47851 0.41465 0.34754 0.27854 0.21109 0.15521 0.13645 0.17457 0.24825 0.33679 0.43164 0.52877
0.4586 0.22224 0.57984 0.87956 0.76524 0.55229 0.40126 0.37085 0.47444 0.55114 0.59943 0.64912 0.69969 0.74883 0.79825 0.85324 0.92022 0.90729 0.87318 0.83075 0.79487 0.76982 0.75366 0.74495 0.74246 0.74476 0.75008 0.75635 0.76137 0.76291 0.75881 0.74709 0.72619 0.69532 0.6548 0.60616 0.55139 0.49215 0.42959 0.36479 0.29964 0.23838 0.19105 0.1765 0.20735 0.27177 0.35348 0.44332 0.53643
0.45535 0.17478 0.50569 0.79627 0.72732 0.50737 0.29487 0.26325 0.42445 0.5476 0.61615 0.67292 0.72536 0.77461 0.82383 0.87912 0.94771 0.93533 0.90221 0.86097 0.82633 0.80233 0.78667 0.77775 0.77429 0.77498 0.77823 0.78219 0.78485 0.78415 0.77803 0.7646 0.74234 0.71046 0.66934 0.62052 0.56606 0.50773 0.44681 0.38466 0.32353 0.26803 0.22733 0.21549 0.24127 0.29783 0.37277 0.45727 0.54598
0.59342 0.39437 0.51093 0.69258 0.64561 0.4317 0.15455 0.15465 0.38876 0.54089 0.62032 0.68091 0.73492 0.78557 0.83669 0.8946 0.96681 0.9571 0.92643 0.88728 0.85443 0.83182 0.81694 0.80808 0.80397 0.80339 0.80492 0.8069 0.80752 0.80488 0.79703 0.78217 0.7588 0.72619 0.68471 0.63597 0.58207 0.52489 0.46585 0.40649 0.34931 0.29891 0.26335 0.25336 0.27538 0.32535 0.39389 0.47297 0.55709
0.39796 0.35519 0.50155 0.59082 0.5926 0.42885 0.15604 0.16373 0.39026 0.53649 0.61349 0.67346 0.72843 0.78174 0.83686 0.89969 0.97754 0.97266 0.94595 0.90981 0.87927 0.85838 0.84453 0.83599 0.8315 0.82995 0.83007 0.83039 0.82928 0.82498 0.81569 0.79966 0.77545 0.74233 0.70073 0.65228 0.59915 0.5433 0.48626 0.42972 0.37625 0.33029 0.29877 0.29007 0.30916 0.3536 0.41624 0.48999 0.56942
0.10903 0.23776 0.43892 0.46617 0.57926 0.51333 0.30928 0.27563 0.42347 0.53307 0.59573 0.65104 0.70657 0.76383 0.82501 0.89493 0.98035 0.98235 0.96102 0.92878 0.90104 0.88213 0.86953 0.8615 0.85686 0.85461 0.85361 0.85257 0.85002 0.84436 0.83389 0.81694 0.79213 0.75874 0.71723 0.66925 0.61705 0.56264 0.50767 0.45387 0.40384 0.36169 0.33338 0.3256 0.34232 0.38206 0.43933 0.50795 0.58271
0.29919 0.27401 0.31504 0.29358 0.58243 0.60803 0.4421 0.37847 0.46158 0.52412 0.56598 0.61432 0.67053 0.73317 0.80235 0.88137 0.97607 0.98676 0.97206 0.94446 0.91992 0.90322 0.89201 0.88466 0.88007 0.87735 0.87549 0.87337 0.86966 0.86291 0.85152 0.83391 0.80871 0.77526 0.73402 0.68668 0.63553 0.58265 0.52973 0.47856 0.43165 0.39278 0.36707 0.35994 0.37468 0.41038 0.46278 0.52652 0.59672
0.35068 0.33432 0.22973 0.20919 0.59951 0.66112 0.5166 0.43986 0.48122 0.50212 0.52297 0.56428 0.62206 0.69165 0.77064 0.86047 0.96585 0.98669 0.97959 0.95719 0.93614 0.92179 0.91208 0.90552 0.90114 0.89815 0.89566 0.89271 0.8881 0.88052 0.86847 0.85043 0.82507 0.79175 0.75095 0.70437 0.65437 0.60306 0.55217 0.50348 0.4594 0.42335 0.39975 0.39309 0.40612 0.43833 0.48632 0.54546 0.61122
0.40401 0.44208 0.40357 0.39603 0.62671 0.65645 0.5269 0.45368 0.47132 0.46212 0.4662 0.50243 0.56349 0.64169 0.73205 0.83402 0.9511 0.98308 0.98421 0.96736 0.94995 0.93801 0.92984 0.92415 0.92009 0.91699 0.91409 0.91053 0.90528 0.89712 0.88465 0.8664 0.84109 0.80809 0.76786 0.72217 0.67338 0.62365 0.57474 0.52837 0.48684 0.45324 0.43138 0.42506 0.4366 0.46572 0.50971 0.56455 0.62605
0.3843 0.56905 0.63532 0.59449 0.6376 0.59717 0.48366 0.42662 0.43162 0.40322 0.39651 0.43099 0.49767 0.58621 0.68917 0.80412 0.93339 0.97698 0.98657 0.97536 0.96159 0.95203 0.94538 0.94058 0.93694 0.93387 0.93074 0.9268 0.92114 0.91263 0.89996 0.88173 0.85666 0.82413 0.78463 0.73992 0.6924 0.64426 0.59724 0.55306 0.51383 0.48235 0.46195 0.45586 0.46606 0.49246 0.53281 0.58363 0.64106
0.36165 0.65835 0.78371 0.70859 0.61198 0.49876 0.40787 0.37341 0.36953 0.32848 0.31624 0.35302 0.42817 0.52861 0.64485 0.77299 0.91439 0.96944 0.98732 0.98158 0.97129 0.96399 0.9588 0.9549 0.95172 0.94879 0.94559 0.94147 0.93561 0.92698 0.91434 0.89632 0.87168 0.83978 0.80113 0.75749 0.71127 0.66471 0.61952 0.57737 0.54023 0.51061 0.49144 0.4855 0.49451 0.51845 0.5555 0.60257 0.65613
0.50268 0.71032 0.82615 0.74262 0.55641 0.3832 0.324 0.31256 0.29793 0.24448 0.22901 0.27252 0.35937 0.47279 0.60219 0.74295 0.89574 0.96151 0.98709 0.98638 0.97929 0.97404 0.97019 0.96713 0.96445 0.96177 0.95864 0.95452 0.94866 0.94013 0.92772 0.9101 0.88606 0.85494 0.81725 0.77475 0.72988 0.68487 0.64145 0.60119 0.56595 0.53798 0.51986 0.514 0.52192 0.54366 0.57768 0.62127 0.67117
0.56703 0.69512 0.77503 0.72736 0.49051 0.26834 0.25263 0.26232 0.23449 0.16206 0.13919 0.19523 0.297 0.42315 0.56435 0.7162 0.87895 0.95411 0.98641 0.99009 0.98576 0.98231 0.97963 0.97736 0.97518 0.97281 0.96988 0.96592 0.96026 0.95201 0.94003 0.92301 0.89973 0.86953 0.8329 0.79161 0.74811 0.70464 0.66291 0.62443 0.59092 0.56441 0.5472 0.54139 0.54832 0.56806 0.59931 0.63965 0.68609
0.50872 0.57487 0.64859 0.68835 0.42825 0.15807 0.20534 0.23558 0.20013 0.10425 0.051407 0.13175 0.24853 0.38429 0.53425 0.69467 0.86532 0.94802 0.98575 0.99298 0.99089 0.98889 0.9872 0.98562 0.98393 0.98193 0.97932 0.97567 0.97037 0.9626 0.95124 0.93499 0.91262 0.88347 0.848 0.80798 0.76588 0.72393 0.68383 0.64702 0.61509 0.5899 0.57348 0.56769 0.57371 0.59163 0.62033 0.65765 0.70084
0.3982 0.36097 0.48817 0.64782 0.38375 0.047235 0.18632 0.23369 0.20469 0.10982 0.030547 0.1049 0.22235 0.36019 0.51421 0.67983 0.85581 0.94383 0.98545 0.99524 0.9948 0.99389 0.99297 0.99196 0.99075 0.98916 0.98696 0.98376 0.979 0.97188 0.96131 0.94599 0.92469 0.8967 0.86248 0.82379 0.7831 0.74266 0.70413 0.6689 0.63844 0.61444 0.59872 0.59292 0.5981 0.61437 0.64073 0.67524 0.71536
0.29791 0.14341 0.38219 0.63081 0.38336 0.081655 0.19623 0.24722 0.2324 0.15671 0.10242 0.12802 0.22259 0.35286 0.50547 0.67251 0.85098 0.94188 0.98573 0.99703 0.99758 0.99737 0.99699 0.99645 0.99567 0.99453 0.99282 0.99019 0.98613 0.97983 0.97022 0.95599 0.93588 0.90918 0.8763 0.83899 0.79973 0.76078 0.72376 0.69002 0.66093 0.63803 0.62293 0.61712 0.62153 0.63628 0.66048 0.69237 0.72962
0.31475 0.25213 0.42378 0.651 0.43524 0.20005 0.2275 0.26439 0.26148 0.20361 0.16231 0.17301 0.24415 0.36123 0.5079 0.67282 0.85099 0.94229 0.98667 0.99841 0.9993 0.99939 0.99932 0.99911 0.99873 0.99806 0.99692 0.995 0.99176 0.98644 0.97795 0.96496 0.94619 0.92087 0.8894 0.85353 0.81572 0.77824 0.74269 0.71038 0.68257 0.66067 0.64614 0.6403 0.64401 0.65736 0.67957 0.70904 0.74359
0.46328 0.48482 0.5615 0.69428 0.50343 0.30037 0.2638 0.27576 0.27914 0.23755 0.20899 0.21897 0.27727 0.38177 0.52017 0.68021 0.85558 0.94498 0.98825 0.99938 0.99999 1 1 1 0.99997 0.9998 0.9993 0.99818 0.99592 0.99173 0.9845 0.97289 0.95557 0.93174 0.90176 0.86737 0.83103 0.795 0.76089 0.72994 0.70334 0.68237 0.66836 0.66251 0.66557 0.67764 0.69801 0.72522 0.75724
0.65796 0.64275 0.6867 0.72554 0.54396 0.36482 0.28896 0.27438 0.27978 0.25553 0.24257 0.25944 0.31427 0.41018 0.54014 0.6936 0.86418 0.94964 0.99035 0.99992 0.99964 0.99921 0.99906 0.99917 0.99944 0.99978 1 0.99979 0.99862 0.99569 0.98988 0.97978 0.96403 0.94178 0.91336 0.88049 0.84563 0.81105 0.77834 0.7487 0.72324 0.70314 0.68962 0.68375 0.68622 0.69712 0.71579 0.7409 0.77056
0.67941 0.65644 0.74072 0.71268 0.53308 0.38544 0.29289 0.2558 0.26204 0.25834 0.26439 0.29305 0.35099 0.44279 0.5655 0.71162 0.876 0.95588 0.99276 0.99993 0.99824 0.99704 0.99655 0.99664 0.99718 0.99805 0.99904 0.99984 0.99989 0.99836 0.99409 0.98562 0.97155 0.95098 0.92418 0.89287 0.85951 0.82637 0.79503 0.76665 0.74228 0.72301 0.70995 0.70407 0.706 0.71581 0.73292 0.75608 0.78353
0.46082 0.53718 0.72034 0.64645 0.47096 0.36657 0.27309 0.21841 0.22764 0.24911 0.27683 0.32033 0.3856 0.47698 0.5941 0.73282 0.89011 0.96317 0.99522 0.9993 0.99576 0.99349 0.99249 0.99248 0.99325 0.99466 0.99648 0.99838 0.99976 0.99976 0.99715 0.99044 0.97814 0.95933 0.93422 0.9045 0.87265 0.84095 0.81095 0.78379 0.76047 0.74199 0.72936 0.72349 0.72493 0.73375 0.74941 0.77076 0.79614
0.14829 0.39382 0.66079 0.54393 0.37572 0.3233 0.23475 0.16376 0.18134 0.23289 0.28307 0.34271 0.41767 0.51111 0.62416 0.75582 0.90555 0.97097 0.99744 0.9979 0.99214 0.98858 0.98692 0.98671 0.98769 0.98966 0.99237 0.99545 0.99828 0.99992 0.99909 0.99424 0.98382 0.96683 0.94347 0.91538 0.88506 0.85478 0.8261 0.80013 0.77781 0.76009 0.74789 0.74203 0.74303 0.75094 0.76526 0.78493 0.80839
0.16151 0.36916 0.59977 0.43486 0.27186 0.27665 0.19119 0.096962 0.13262 0.21624 0.28668 0.36203 0.4474 0.54422 0.65433 0.77937 0.92141 0.9787 0.99912 0.99557 0.98733 0.9823 0.97985 0.97939 0.98055 0.9831 0.98676 0.99111 0.99549 0.99889 0.99995 0.99706 0.9886 0.97351 0.95193 0.92551 0.89673 0.86787 0.84049 0.81568 0.79434 0.77734 0.76556 0.75973 0.76033 0.76741 0.7805 0.7986 0.82026
0.40762 0.4549 0.55051 0.34135 0.17704 0.24676 0.1654 0.035421 0.10118 0.20614 0.29113 0.38013 0.47529 0.57577 0.68355 0.80242 0.93685 0.98585 0.99996 0.99217 0.98129 0.97466 0.97133 0.97056 0.97189 0.97505 0.97971 0.98542 0.99143 0.9967 0.99976 0.99893 0.9925 0.97937 0.95963 0.9349 0.90767 0.88022 0.85413 0.83045 0.81005 0.79377 0.78238 0.7766 0.77684 0.78316 0.79511 0.81177 0.83176
0.57395 0.53215 0.50628 0.27252 0.10036 0.24502 0.17837 0.069983 0.11093 0.20741 0.29913 0.39857 0.50186 0.60543 0.71106 0.82411 0.95113 0.99192 0.99968 0.98759 0.97396 0.96564 0.96139 0.96027 0.96176 0.96556 0.97128 0.97843 0.98618 0.9934 0.99856 0.99986 0.99555 0.98444 0.96657 0.94356 0.91788 0.89184 0.86702 0.84445 0.82498 0.80938 0.79839 0.79267 0.7926 0.79822 0.80913 0.82444 0.84287
0.60823 0.55041 0.46283 0.2434 0.089682 0.27056 0.22132 0.13575 0.1487 0.22033 0.31222 0.41841 0.52747 0.63301 0.73629 0.84377 0.96366 0.99651 0.99806 0.98169 0.96531 0.95527 0.95005 0.94856 0.95023 0.95469 0.96154 0.9702 0.97978 0.98906 0.99639 0.99992 0.99778 0.98874 0.97278 0.9515 0.92738 0.90275 0.87918 0.8577 0.83913 0.8242 0.81361 0.80797 0.80762 0.81261 0.82255 0.83662 0.85361
0.53781 0.51638 0.42234 0.27036 0.17364 0.31532 0.27083 0.19019 0.18896 0.2414 0.33066 0.44013 0.55229 0.65829 0.75878 0.86086 0.97393 0.99928 0.99489 0.97439 0.95532 0.94356 0.93735 0.9355 0.93736 0.94252 0.95055 0.9608 0.9723 0.98371 0.99332 0.99913 0.99923 0.99229 0.97827 0.95874 0.93619 0.91296 0.89062 0.87021 0.85253 0.83826 0.82807 0.82251 0.82193 0.82634 0.83539 0.84831 0.86396
0.40984 0.44502 0.37426 0.33234 0.28355 0.36875 0.31075 0.22545 0.22037 0.26653 0.35377 0.46365 0.57621 0.68106 0.77819 0.87498 0.98159 0.99996 0.99001 0.96562 0.94396 0.93052 0.92335 0.92114 0.9232 0.92911 0.93837 0.95029 0.96379 0.97744 0.98938 0.99754 0.99992 0.99513 0.98308 0.96531 0.94432 0.92248 0.90136 0.88201 0.86519 0.85157 0.84177 0.83632 0.83553 0.83943 0.84767 0.85952 0.87392
0.25377 0.34218 0.29806 0.39667 0.39131 0.41922 0.3317 0.23723 0.23965 0.29318 0.38041 0.48844 0.59895 0.70108 0.79427 0.88584 0.98636 0.99836 0.98332 0.95533 0.93123 0.91619 0.90808 0.90553 0.90783 0.91453 0.92509 0.93875 0.95434 0.97028 0.98463 0.9952 0.99991 0.99729 0.98721 0.97121 0.9518 0.93133 0.91143 0.89311 0.87714 0.86416 0.85476 0.84943 0.84847 0.85189 0.85938 0.87025 0.8835
0.17409 0.22927 0.20141 0.45084 0.48299 0.45636 0.3285 0.22373 0.24825 0.32059 0.40931 0.51368 0.62004 0.71808 0.8068 0.89326 0.98807 0.99436 0.97476 0.94351 0.91716 0.90061 0.8916 0.88874 0.89131 0.89884 0.91078 0.92625 0.944 0.96231 0.97913 0.99216 0.99922 0.99879 0.99071 0.97649 0.95863 0.93954 0.92083 0.90353 0.88839 0.87604 0.86704 0.86184 0.86074 0.86374 0.87055 0.88051 0.89268
0.23396 0.19567 0.1754 0.49788 0.55216 0.4745 0.3002 0.18588 0.25174 0.34915 0.43926 0.53839 0.63893 0.73177 0.81564 0.89714 0.98664 0.9879 0.9643 0.93015 0.90177 0.8838 0.87395 0.87082 0.8737 0.88212 0.89549 0.91287 0.93284 0.9536 0.97293 0.98845 0.9979 0.99969 0.99361 0.98115 0.96485 0.94711 0.92958 0.91329 0.89897 0.88725 0.87864 0.87359 0.87237 0.875 0.88118 0.8903 0.90148
0.38396 0.29387 0.27188 0.54372 0.60005 0.4758 0.25198 0.12869 0.25891 0.37959 0.46912 0.56157 0.65506 0.74191 0.82069 0.89745 0.98207 0.979 0.95195 0.9153 0.8851 0.86583 0.8552 0.85184 0.85507 0.86445 0.87932 0.89866 0.92094 0.94419 0.96609 0.98414 0.99599 1 0.99592 0.98523 0.97048 0.95408 0.93771 0.92241 0.9089 0.89779 0.88958 0.8847 0.88339 0.88567 0.89128 0.89963 0.90989
0.53566 0.39481 0.38299 0.5907 0.63496 0.47209 0.20142 0.072788 0.27866 0.4122 0.49778 0.58226 0.66787 0.74828 0.82193 0.89423 0.97441 0.9677 0.93777 0.89899 0.8672 0.84676 0.83541 0.83187 0.83551 0.84589 0.86234 0.88371 0.90836 0.93417 0.95868 0.97928 0.99354 0.99977 0.99769 0.98875 0.97553 0.96047 0.94524 0.93091 0.9182 0.90769 0.89988 0.89517 0.8938 0.89578 0.90086 0.9085 0.9179
0.57647 0.42156 0.4624 0.63919 0.66948 0.48271 0.18929 0.097602 0.31498 0.44648 0.52417 0.59958 0.6769 0.75072 0.81939 0.88758 0.96379 0.95411 0.92184 0.88131 0.84814 0.82664 0.81464 0.81096 0.81506 0.82652 0.84461 0.8681 0.89518 0.92359 0.95074 0.97391 0.99059 0.99903 0.99893 0.99174 0.98004 0.96628 0.95219 0.93881 0.92689 0.91698 0.90956 0.90503 0.90362 0.90533 0.90993 0.91692 0.92553
0.48316 0.35956 0.50731 0.68988 0.71489 0.52424 0.24651 0.1866 0.36511 0.48105 0.54725 0.61281 0.68176 0.74915 0.81314 0.87766 0.95036 0.93836 0.90427 0.86233 0.82799 0.80554 0.79296 0.7892 0.79381 0.80641 0.82622 0.85189 0.88146 0.91252 0.94233 0.96808 0.98717 0.99782 0.99969 0.99423 0.98402 0.97156 0.95858 0.94614 0.93498 0.92566 0.91864 0.9143 0.91286 0.91434 0.91851 0.92489 0.93277
0.30952 0.24142 0.52891 0.74222 0.775 0.59807 0.34603 0.286 0.42247 0.514 0.56602 0.62138 0.68221 0.74356 0.80333 0.86468 0.93433 0.92062 0.88517 0.84215 0.80683 0.78353 0.77044 0.76664 0.77182 0.78563 0.80724 0.83516 0.86729 0.90103 0.93352 0.96184 0.98334 0.99618 0.99999 0.99624 0.9875 0.97631 0.96442 0.9529 0.9425 0.93376 0.92713 0.923 0.92155 0.92282 0.9266 0.93242 0.93962
0.22166 0.17895 0.53893 0.79225 0.8442 0.69102 0.45623 0.38188 0.48006 0.54318 0.57964 0.62487 0.67812 0.73404 0.79018 0.84888 0.91594 0.90107 0.86471 0.82089 0.78475 0.7607 0.74714 0.74336 0.74917 0.76426 0.78774 0.81799 0.85272 0.88918 0.92436 0.95524 0.97913 0.99413 0.99987 0.99779 0.9905 0.98056 0.96974 0.95913 0.94946 0.94129 0.93507 0.93114 0.9297 0.93079 0.9342 0.93951 0.94609
0.35167 0.25935 0.54264 0.83315 0.91115 0.78583 0.55997 0.46715 0.53207 0.56663 0.58744 0.62306 0.6695 0.72075 0.77391 0.83053 0.89546 0.87994 0.84303 0.79866 0.76185 0.73712 0.72313 0.71942 0.72592 0.74237 0.7678 0.80045 0.83783 0.87703 0.9149 0.94834 0.97458 0.99171 0.99934 0.99891 0.99305 0.98434 0.97456 0.96483 0.95589 0.94829 0.94245 0.93873 0.93733 0.93826 0.94134 0.94617 0.95217
0.45552 0.32931 0.53861 0.85781 0.96407 0.86821 0.64747 0.53704 0.57424 0.58274 0.58896 0.61589 0.65646 0.70392 0.75484 0.80994 0.87317 0.85744 0.8203 0.77558 0.73821 0.71286 0.6985 0.69489 0.70215 0.72003 0.7475 0.78261 0.82269 0.86464 0.90519 0.94116 0.96973 0.98896 0.99844 0.99963 0.99516 0.98765 0.9789 0.97003 0.9618 0.95475 0.94931 0.9458 0.94444 0.94523 0.94801 0.95241 0.95787
0.43166 0.30727 0.52543 0.8609 0.99443 0.9288 0.71301 0.5885 0.60381 0.59044 0.58401 0.60347 0.63924 0.68385 0.73329 0.78744 0.84936 0.8338 0.7967 0.75179 0.71395 0.68801 0.67329 0.66984 0.67791 0.69732 0.72691 0.76455 0.80737 0.85208 0.8953 0.93376 0.96462 0.9859 0.9972 0.99997 0.99687 0.99052 0.98277 0.97475 0.96722 0.96071 0.95565 0.95237 0.95105 0.95172 0.95424 0.95823 0.96318
0.3024 0.19613 0.50761 0.83958 0.99835 0.96298 0.75385 0.62013 0.6194 0.58925 0.57265 0.58605 0.61817 0.66091 0.70963 0.76336 0.82432 0.80926 0.77239 0.72741 0.68915 0.66265 0.6476 0.64433 0.65329 0.6743 0.7061 0.74634 0.79192 0.8394 0.88526 0.92618 0.95928 0.98257 0.99564 0.99995 0.99818 0.99298 0.9862 0.97901 0.97215 0.96618 0.9615 0.95843 0.95718 0.95775 0.96001 0.96363 0.96812
0.20961 0.098611 0.49125 0.79345 0.97656 0.97011 0.76968 0.63199 0.62085 0.57921 0.55516 0.56401 0.59366 0.6355 0.68422 0.73804 0.79836 0.78404 0.74756 0.70258 0.66392 0.63686 0.62148 0.61842 0.62833 0.65105 0.68514 0.72804 0.77642 0.82665 0.87513 0.91847 0.95375 0.979 0.99379 0.9996 0.99912 0.99503 0.98921 0.98282 0.97662 0.97117 0.96686 0.96402 0.96283 0.96332 0.96536 0.96863 0.97268
0.29594 0.21297 0.47336 0.7246 0.93348 0.95254 0.76219 0.62545 0.60896 0.56086 0.53204 0.53784 0.56616 0.60804 0.65747 0.71183 0.77178 0.75837 0.72237 0.67742 0.63835 0.61072 0.59499 0.59219 0.60312 0.62763 0.66411 0.70973 0.76093 0.8139 0.86495 0.91065 0.94806 0.97521 0.99167 0.99894 0.99972 0.99671 0.9918 0.9862 0.98065 0.97571 0.97177 0.96915 0.96803 0.96845 0.97028 0.97323 0.97687
0.41481 0.33825 0.44043 0.63792 0.87588 0.91455 0.73448 0.60281 0.58532 0.53514 0.50397 0.5081 0.53619 0.57899 0.62976 0.68506 0.74485 0.73248 0.69699 0.65207 0.61256 0.5843 0.56822 0.56568 0.57771 0.60412 0.64308 0.69148 0.7455 0.8012 0.85477 0.90277 0.94224 0.97123 0.98931 0.99799 0.99998 0.99802 0.99401 0.98916 0.98425 0.9798 0.97622 0.97383 0.97279 0.97315 0.97479 0.97743 0.9807
0.49212 0.40395 0.37916 0.54162 0.81135 0.86142 0.69057 0.56711 0.55201 0.50326 0.47171 0.47542 0.50427 0.5488 0.60149 0.65807 0.71785 0.70657 0.67158 0.62664 0.58663 0.55769 0.54121 0.53896 0.55218 0.58059 0.62212 0.67336 0.73021 0.78859 0.84463 0.89486 0.93633 0.96709 0.98673 0.99676 0.99994 0.99898 0.99585 0.99174 0.98743 0.98347 0.98025 0.97807 0.97712 0.97742 0.97889 0.98125 0.98416
0.51671 0.41263 0.28619 0.44778 0.74694 0.79858 0.63491 0.52169 0.51148 0.46658 0.43612 0.44043 0.47095 0.51794 0.57302 0.63114 0.69104 0.68085 0.6463 0.60126 0.56066 0.53095 0.51404 0.51209 0.52657 0.5571 0.60131 0.65542 0.71511 0.77613 0.83457 0.88695 0.93034 0.9628 0.98395 0.99529 0.9996 0.99962 0.99733 0.99393 0.99022 0.98673 0.98385 0.98189 0.98103 0.98129 0.98259 0.98469 0.98726
0.50036 0.39273 0.17199 0.37266 0.68799 0.73102 0.5719 0.47001 0.46623 0.42658 0.39807 0.40377 0.43674 0.48684 0.54473 0.60458 0.66466 0.6555 0.62131 0.57606 0.53475 0.50417 0.48675 0.48512 0.50095 0.53373 0.58072 0.63775 0.70025 0.76386 0.82463 0.87908 0.92431 0.9584 0.98098 0.99358 0.99898 0.99995 0.99847 0.99576 0.99262 0.98959 0.98705 0.98531 0.98453 0.98476 0.98591 0.98776 0.99001
0.4702 0.38094 0.086162 0.33366 0.63757 0.6629 0.50557 0.41531 0.41874 0.38468 0.35842 0.36605 0.40218 0.45593 0.51694 0.57866 0.63892 0.6307 0.59674 0.55115 0.509 0.47742 0.45941 0.45811 0.47539 0.51055 0.56041 0.6204 0.68569 0.75182 0.81483 0.87126 0.91825 0.9539 0.97786 0.99166 0.9981 0.99998 0.99928 0.99724 0.99466 0.99207 0.98987 0.98833 0.98764 0.98784 0.98885 0.99047 0.99241
0.44732 0.39727 0.15455 0.33736 0.59648 0.59735 0.43932 0.36045 0.37128 0.34225 0.31797 0.32788 0.36776 0.42562 0.48997 0.5536 0.61401 0.60661 0.57274 0.52665 0.4835 0.45077 0.43206 0.43109 0.44994 0.48764 0.54047 0.60343 0.67147 0.74005 0.80521 0.86354 0.9122 0.94932 0.97458 0.98953 0.99698 0.99973 0.99978 0.99839 0.99635 0.99419 0.9923 0.99098 0.99037 0.99054 0.99142 0.99282 0.99446
0.43444 0.43178 0.2689 0.37102 0.5637 0.53645 0.37571 0.30778 0.32581 0.30056 0.27747 0.28978 0.33394 0.39628 0.4641 0.52962 0.59013 0.58338 0.54942 0.50267 0.45835 0.42429 0.40477 0.40413 0.42467 0.46506 0.52096 0.58691 0.65765 0.72859 0.79581 0.85592 0.90616 0.94468 0.97118 0.98723 0.99563 0.99922 0.99999 0.99922 0.9977 0.99596 0.99438 0.99325 0.99274 0.99289 0.99364 0.99482 0.99619
0.42025 0.46249 0.3682 0.41521 0.53722 0.48135 0.31647 0.25903 0.28397 0.26073 0.23756 0.25224 0.30118 0.36828 0.43957 0.50691 0.56742 0.56113 0.52692 0.47933 0.43365 0.39806 0.37758 0.37727 0.39965 0.4429 0.50196 0.5709 0.64427 0.71748 0.78664 0.84844 0.90016 0.94 0.96767 0.98475 0.99407 0.99845 0.99992 0.99975 0.99873 0.99739 0.99611 0.99518 0.99475 0.99487 0.9955 0.99648 0.99758
0.3922 0.47425 0.44083 0.4562 0.51478 0.43248 0.26248 0.2153 0.24699 0.22378 0.19883 0.21571 0.26992 0.34193 0.41662 0.48562 0.54601 0.54 0.50536 0.45675 0.4095 0.37216 0.35054 0.35055 0.37494 0.42124 0.48355 0.55546 0.63138 0.70673 0.77772 0.84111 0.89421 0.93529 0.96406 0.98212 0.9923 0.99745 0.99959 0.99998 0.99944 0.99849 0.99751 0.99676 0.99641 0.99652 0.99703 0.99781 0.99865
0.34736 0.46182 0.48407 0.48699 0.49447 0.38985 0.21398 0.17717 0.21573 0.1907 0.1618 0.18057 0.24059 0.31755 0.39543 0.46588 0.52601 0.52009 0.48485 0.43505 0.38601 0.34667 0.3237 0.32402 0.35062 0.40016 0.4658 0.54063 0.619 0.69639 0.76909 0.83394 0.88833 0.93056 0.96036 0.97934 0.99035 0.99622 0.99899 0.99994 0.99986 0.99929 0.99858 0.99801 0.99775 0.99783 0.99824 0.99882 0.99941
0.29375 0.42654 0.5 0.50488 0.47497 0.35333 0.17087 0.14479 0.19066 0.16244 0.12696 0.14724 0.21364 0.29539 0.37614 0.4478 0.50751 0.50149 0.4655 0.41434 0.36332 0.32168 0.2971 0.29772 0.32675 0.37976 0.44878 0.52648 0.60718 0.68647 0.76075 0.82695 0.88254 0.92582 0.95658 0.97644 0.98822 0.99478 0.99816 0.99963 1 0.99978 0.99934 0.99895 0.99876 0.99883 0.99912 0.99951 0.99985
0.24621 0.37254 0.49405 0.50969 0.45566 0.32294 0.13313 0.11819 0.17185 0.14003 0.094939 0.11617 0.18957 0.27571 0.35888 0.43143 0.49059 0.48429 0.4474 0.39475 0.34153 0.2973 0.27079 0.2717 0.30344 0.36013 0.43257 0.51305 0.59595 0.677 0.75272 0.82016 0.87683 0.92109 0.95275 0.97341 0.98592 0.99314 0.9971 0.99908 0.99987 0.99999 0.99981 0.99959 0.99947 0.99951 0.99969 0.9999 1
0.21286 0.30447 0.4735 0.50259 0.43648 0.2989 0.10165 0.097705 0.15905 0.12437 0.066882 0.088063 0.16891 0.25872 0.34373 0.41683 0.47528 0.46855 0.43067 0.3764 0.32081 0.27364 0.24482 0.24599 0.28079 0.34139 0.41724 0.50039 0.58534 0.66799 0.74502 0.81357 0.87122 0.91638 0.94886 0.97028 0.98348 0.99131 0.99582 0.99828 0.99947 0.99993 1 0.99993 0.99988 0.9999 0.99997 1 0.99985
0.18045 0.22824 0.44579 0.48527 0.41771 0.28157 0.079505 0.084294 0.15167 0.11595 0.045717 0.064359 0.15225 0.24457 0.33073 0.40403 0.46164 0.45435 0.41539 0.35944 0.3013 0.25085 0.21925 0.22064 0.2589 0.32364 0.40288 0.48855 0.57536 0.65946 0.73765 0.80719 0.86573 0.91169 0.94493 0.96704 0.98089 0.9893 0.99433 0.99725 0.99883 0.99961 0.99991 0.99999 1 1 0.99996 0.9998 0.99942
0.13278 0.15686 0.4168 0.45939 0.39966 0.2711 0.072402 0.079332 0.14895 0.1143 0.03828 0.048346 0.14013 0.23336 0.3199 0.39302 0.44967 0.44172 0.40165 0.34398 0.2832 0.2291 0.19414 0.19571 0.23793 0.30702 0.38955 0.47755 0.56604 0.65141 0.73063 0.80103 0.86035 0.90704 0.94096 0.96372 0.97816 0.98713 0.99265 0.996 0.99796 0.99903 0.99956 0.99978 0.99985 0.99982 0.99967 0.99933 0.99872
0.089896 0.12645 0.38945 0.42625 0.38252 0.26719 0.082355 0.083201 0.15007 0.11797 0.047181 0.045119 0.13288 0.22512 0.31122 0.38379 0.43938 0.43069 0.38952 0.33015 0.26668 0.20861 0.16956 0.17126 0.21805 0.29163 0.37731 0.46742 0.55739 0.64385 0.72394 0.7951 0.85509 0.90242 0.93696 0.96031 0.97532 0.9848 0.99079 0.99455 0.99686 0.99822 0.99896 0.99932 0.99944 0.99937 0.99911 0.99859 0.99774
0.13559 0.16637 0.36322 0.38675 0.36625 0.26886 0.10329 0.094281 0.15419 0.12514 0.063524 0.054365 0.13048 0.21977 0.30463 0.37631 0.43076 0.42129 0.37906 0.31808 0.25198 0.18968 0.14565 0.14737 0.19948 0.27764 0.36623 0.4582 0.54943 0.6368 0.71761 0.78938 0.84996 0.89785 0.93294 0.95684 0.97235 0.98232 0.98875 0.9929 0.99555 0.99718 0.99812 0.99861 0.99877 0.99867 0.99829 0.99759 0.9965
0.24105 0.23461 0.33515 0.34166 0.35066 0.27466 0.12884 0.11004 0.16054 0.13418 0.081218 0.069604 0.13243 0.21716 0.30005 0.37052 0.42379 0.41352 0.37031 0.30788 0.23929 0.17265 0.12256 0.12419 0.18249 0.26516 0.35636 0.4499 0.54214 0.63024 0.71162 0.7839 0.84495 0.89333 0.92891 0.95329 0.96929 0.9797 0.98654 0.99107 0.99403 0.99593 0.99706 0.99766 0.99786 0.99772 0.99723 0.99634 0.99501
0.35076 0.29763 0.30191 0.29193 0.33557 0.28297 0.15561 0.1283 0.16842 0.14387 0.098257 0.086506 0.13791 0.21707 0.29738 0.36637 0.41842 0.40738 0.3633 0.29961 0.22883 0.15796 0.10061 0.10191 0.16741 0.25434 0.34775 0.44253 0.53554 0.62418 0.70598 0.77864 0.84008 0.88886 0.92486 0.94969 0.96612 0.97695 0.98418 0.98906 0.99233 0.99446 0.99578 0.99649 0.99672 0.99653 0.99592 0.99485 0.99328
0.44387 0.34408 0.26209 0.23921 0.32094 0.29228 0.18192 0.14753 0.17713 0.15341 0.114 0.10337 0.14599 0.21922 0.2965 0.36378 0.41462 0.40283 0.35803 0.29335 0.22078 0.14613 0.080361 0.080963 0.15463 0.24528 0.34041 0.43609 0.52963 0.6186 0.70068 0.77361 0.83533 0.88444 0.92082 0.94603 0.96286 0.97408 0.98167 0.98688 0.99044 0.99281 0.99429 0.9951 0.99536 0.99512 0.99438 0.99312 0.99132
0.51391 0.37298 0.21823 0.18658 0.30692 0.30142 0.20683 0.16665 0.18603 0.16225 0.12823 0.11956 0.15587 0.2233 0.29727 0.36269 0.41233 0.39984 0.35448 0.2891 0.21526 0.13766 0.06301 0.062217 0.14456 0.23808 0.33437 0.43058 0.52438 0.61351 0.69572 0.7688 0.83072 0.88009 0.91677 0.94233 0.95951 0.97109 0.97903 0.98454 0.98837 0.99096 0.99261 0.99351 0.99379 0.99349 0.99263 0.99117 0.98912
0.56342 0.3895 0.1788 0.14 0.29379 0.30959 0.22978 0.18484 0.19451 0.17001 0.14092 0.13485 0.16689 0.22901 0.29955 0.36299 0.41147 0.39835 0.3526 0.28684 0.21232 0.13297 0.050965 0.047693 0.1376 0.23281 0.32962 0.42598 0.51979 0.60889 0.69109 0.76421 0.82624 0.87579 0.91272 0.93858 0.95609 0.968 0.97625 0.98206 0.98614 0.98894 0.99074 0.99172 0.99202 0.99166 0.99066 0.98901 0.98671
0.59779 0.40074 0.15852 0.11073 0.28177 0.31635 0.25039 0.20143 0.20198 0.17642 0.15209 0.14921 0.1786 0.23607 0.30319 0.36461 0.41199 0.3983 0.35233 0.28651 0.21192 0.13222 0.047718 0.041295 0.13402 0.22947 0.32615 0.42227 0.51583 0.60472 0.68678 0.75983 0.82189 0.87155 0.90868 0.93479 0.9526 0.96481 0.97336 0.97944 0.98376 0.98675 0.98869 0.98975 0.99005 0.98963 0.98849 0.98664 0.9841
0.62023 0.41042 0.1677 0.11057 0.27082 0.32155 0.26846 0.2159 0.20792 0.18131 0.16183 0.16265 0.19069 0.24423 0.30806 0.36746 0.4138 0.3996 0.35358 0.28799 0.21391 0.13523 0.054274 0.04584 0.13387 0.22802 0.32391 0.41942 0.51249 0.601 0.68278 0.75566 0.81766 0.86738 0.90465 0.93098 0.94904 0.96152 0.97035 0.97668 0.98123 0.98441 0.98647 0.9876 0.9879 0.98741 0.98613 0.98408 0.98128
0.63043 0.41571 0.19732 0.1329 0.26058 0.32528 0.28387 0.22781 0.21185 0.18453 0.17025 0.17524 0.20295 0.25328 0.31402 0.37143 0.41681 0.40218 0.35624 0.29115 0.21809 0.14155 0.06738 0.058317 0.13693 0.22839 0.32285 0.4174 0.50975 0.5977 0.67907 0.75169 0.81356 0.86326 0.90063 0.92713 0.94542 0.95815 0.96723 0.97381 0.97856 0.98191 0.98409 0.98529 0.98558 0.98501 0.98359 0.98133 0.97827
0.62584 0.40898 0.23107 0.16055 0.25044 0.32784 0.29656 0.23679 0.21334 0.18602 0.17747 0.18707 0.21524 0.26304 0.32094 0.37643 0.42094 0.40593 0.3602 0.29583 0.22419 0.15053 0.083646 0.074448 0.14281 0.23045 0.32292 0.41617 0.50757 0.59481 0.67566 0.74792 0.80957 0.85921 0.89662 0.92326 0.94174 0.9547 0.96401 0.97081 0.97577 0.97927 0.98157 0.98281 0.98309 0.98244 0.98087 0.9784 0.97507
0.60324 0.38231 0.25883 0.18284 0.23973 0.32963 0.30657 0.24257 0.21204 0.18576 0.18367 0.19823 0.22748 0.27335 0.3287 0.38238 0.42609 0.41075 0.36533 0.30186 0.23193 0.16155 0.10126 0.092002 0.15096 0.23402 0.32402 0.41567 0.50592 0.59231 0.67252 0.74433 0.80571 0.85521 0.89262 0.91936 0.93801 0.95117 0.9607 0.96771 0.97285 0.97651 0.9789 0.98019 0.98045 0.97971 0.97799 0.9753 0.9717
0.56052 0.33137 0.27682 0.19462 0.22804 0.33114 0.31396 0.24494 0.20768 0.18381 0.18901 0.20883 0.23962 0.28408 0.33718 0.38917 0.43219 0.41655 0.37151 0.30905 0.241 0.17404 0.11936 0.11003 0.16088 0.23894 0.32608 0.41586 0.50477 0.59017 0.66964 0.74092 0.80195 0.85128 0.88865 0.91545 0.93423 0.94757 0.9573 0.9645 0.96981 0.97361 0.9761 0.97743 0.97766 0.97683 0.97495 0.97203 0.96817
0.50083 0.25692 0.28525 0.19348 0.21562 0.3329 0.31884 0.2438 0.20003 0.1803 0.19371 0.21897 0.25163 0.29514 0.34627 0.39672 0.43912 0.42322 0.3786 0.31723 0.25116 0.18753 0.13753 0.12809 0.17209 0.245 0.32899 0.41668 0.5041 0.58837 0.667 0.73768 0.7983 0.8474 0.88468 0.91152 0.93042 0.94392 0.95382 0.9612 0.96667 0.9706 0.97317 0.97453 0.97473 0.9738 0.97176 0.96862 0.96447
0.43813 0.16476 0.28666 0.17866 0.20365 0.33538 0.32137 0.23912 0.18899 0.17549 0.19799 0.22875 0.26349 0.30642 0.35589 0.40494 0.44681 0.43065 0.38649 0.32624 0.26216 0.20168 0.15556 0.14598 0.1842 0.25203 0.33268 0.41808 0.50385 0.58689 0.6646 0.73459 0.79476 0.84358 0.88074 0.90758 0.92656 0.9402 0.95026 0.95781 0.96343 0.96748 0.97013 0.97151 0.97167 0.97064 0.96843 0.96506 0.96063
0.3977 0.068346 0.28464 0.15077 0.19442 0.33897 0.32178 0.23102 0.1745 0.16974 0.2021 0.23826 0.2752 0.31787 0.36594 0.41373 0.45516 0.43876 0.39505 0.33593 0.27378 0.21622 0.17332 0.16358 0.19691 0.25984 0.33703 0.42001 0.50401 0.58571 0.66241 0.73166 0.79131 0.83981 0.87681 0.90363 0.92267 0.93643 0.94664 0.95433 0.9601 0.96425 0.96697 0.96837 0.96849 0.96735 0.96496 0.96136 0.95664
0.40166 0.070943 0.2832 0.11224 0.19105 0.34396 0.32038 0.21977 0.15662 0.16356 0.20627 0.2476 0.28674 0.3294 0.37633 0.42302 0.46409 0.44745 0.40418 0.34615 0.28585 0.23095 0.19074 0.18082 0.20998 0.26828 0.34196 0.4224 0.50452 0.58481 0.66043 0.72888 0.78796 0.83609 0.87291 0.89966 0.91875 0.93261 0.94295 0.95078 0.95668 0.96093 0.96371 0.96512 0.96519 0.96394 0.96138 0.95753 0.95252
0.44872 0.17021 0.28676 0.070598 0.19651 0.35054 0.31762 0.20583 0.13547 0.15764 0.21074 0.25682 0.29811 0.34097 0.38699 0.43273 0.47351 0.45663 0.41377 0.35678 0.29823 0.24573 0.20777 0.19766 0.22324 0.2772 0.34738 0.42522 0.50537 0.58416 0.65863 0.72622 0.78469 0.83242 0.86902 0.89569 0.9148 0.92874 0.9392 0.94716 0.95317 0.95752 0.96036 0.96177 0.96179 0.96042 0.95767 0.95358 0.94827
0.52178 0.2731 0.29998 0.058324 0.21215 0.35881 0.31409 0.18997 0.11133 0.15281 0.21574 0.266 0.3093 0.35251 0.39785 0.44277 0.48334 0.46621 0.42372 0.36771 0.31078 0.26043 0.22438 0.21406 0.23654 0.28648 0.35321 0.42839 0.50651 0.58374 0.65701 0.72369 0.7815 0.8288 0.86515 0.89172 0.91083 0.92484 0.9354 0.94348 0.9496 0.95403 0.95691 0.95832 0.95828 0.95679 0.95386 0.94952 0.9439
0.6072 0.37462 0.32663 0.10327 0.23718 0.36887 0.31056 0.17341 0.084656 0.15002 0.22142 0.27516 0.3203 0.36399 0.40883 0.45308 0.4935 0.47611 0.43395 0.37884 0.32341 0.27499 0.24055 0.23003 0.24979 0.296 0.35937 0.43187 0.50792 0.58352 0.65554 0.72127 0.7784 0.82522 0.8613 0.88774 0.90683 0.92089 0.93155 0.93973 0.94595 0.95046 0.95338 0.95479 0.95468 0.95307 0.94994 0.94535 0.93943
0.69736 0.47527 0.36769 0.16863 0.26943 0.38085 0.308 0.15796 0.056452 0.15015 0.22793 0.28434 0.33111 0.37536 0.41988 0.46359 0.50392 0.48625 0.44438 0.39009 0.33603 0.28932 0.25627 0.24554 0.26291 0.30568 0.3658 0.43562 0.50955 0.5835 0.65422 0.71896 0.77536 0.82169 0.85746 0.88376 0.90282 0.91692 0.92765 0.93593 0.94224 0.94682 0.94978 0.95117 0.951 0.94925 0.94593 0.94108 0.93484
0.78581 0.57437 0.42056 0.2386 0.3066 0.39497 0.30751 0.14624 0.030734 0.15388 0.23532 0.29354 0.3417 0.38657 0.43093 0.47424 0.51454 0.49658 0.45494 0.4014 0.34858 0.3034 0.27152 0.26058 0.27584 0.31543 0.37241 0.43959 0.51139 0.58364 0.65303 0.71675 0.77239 0.8182 0.85365 0.87978 0.89879 0.91291 0.92371 0.93208 0.93847 0.94312 0.9461 0.94748 0.94723 0.94535 0.94183 0.93672 0.93016
0.86501 0.66856 0.48003 0.30823 0.34681 0.41154 0.31023 0.14139 0.029391 0.16143 0.24359 0.30275 0.35206 0.39761 0.44195 0.48495 0.52528 0.50702 0.46556 0.41268 0.36098 0.31717 0.28631 0.27517 0.28852 0.32519 0.37917 0.44374 0.51339 0.58392 0.65195 0.71462 0.76948 0.81475 0.84985 0.8758 0.89474 0.90888 0.91974 0.92818 0.93465 0.93935 0.94236 0.94372 0.9434 0.94138 0.93765 0.93227 0.92539
0.92801 0.75229 0.53991 0.37477 0.38876 0.43091 0.31718 0.14592 0.057252 0.17262 0.25268 0.31195 0.36217 0.40843 0.45287 0.49569 0.53609 0.51752 0.47619 0.4239 0.37321 0.33061 0.30064 0.28928 0.30094 0.33491 0.38602 0.44802 0.51554 0.58433 0.65098 0.71257 0.76663 0.81133 0.84607 0.87182 0.89068 0.90482 0.91573 0.92424 0.93078 0.93553 0.93856 0.93989 0.93949 0.93733 0.9334 0.92775 0.92054
0.97131 0.81924 0.59425 0.43634 0.43165 0.45338 0.32902 0.16028 0.091579 0.1869 0.26247 0.32108 0.372 0.419 0.46367 0.50638 0.5469 0.52802 0.48678 0.43499 0.38521 0.34369 0.31449 0.30294 0.31305 0.34453 0.39291 0.45241 0.5178 0.58485 0.6501 0.7106 0.76383 0.80794 0.8423 0.86784 0.88662 0.90075 0.91169 0.92027 0.92687 0.93167 0.93471 0.93601 0.93552 0.93321 0.92908 0.92315 0.91561
0.99493 0.86383 0.63801 0.49159 0.47496 0.47916 0.34594 0.18279 0.12749 0.20352 0.27281 0.33011 0.38154 0.42929 0.47428 0.517 0.55768 0.53848 0.49727 0.44593 0.39696 0.35641 0.32788 0.31613 0.32485 0.35401 0.39981 0.45687 0.52016 0.58546 0.6493 0.70868 0.76107 0.80459 0.83856 0.86387 0.88254 0.89665 0.90763 0.91626 0.92292 0.92775 0.93081 0.93207 0.9315 0.92904 0.92469 0.91849 0.91061
0.99912 0.88217 0.66732 0.53961 0.51835 0.50821 0.36763 0.21096 0.16366 0.22174 0.2835 0.33896 0.39075 0.43928 0.48469 0.52749 0.56837 0.54884 0.50764 0.45668 0.40843 0.36874 0.3408 0.32886 0.3363 0.36334 0.40667 0.46137 0.52258 0.58614 0.64856 0.70683 0.75836 0.80126 0.83483 0.8599 0.87846 0.89255 0.90355 0.91222 0.91893 0.9238 0.92686 0.92808 0.92742 0.92482 0.92025 0.91377 0.90555
0.98122 0.87241 0.6796 0.57978 0.56149 0.54026 0.39333 0.24247 0.19935 0.24081 0.29434 0.34758 0.39961 0.44896 0.49486 0.53781 0.57892 0.55906 0.51784 0.4672 0.4196 0.38068 0.35326 0.34113 0.34741 0.37247 0.41347 0.46588 0.52505 0.58689 0.64788 0.70502 0.75569 0.79797 0.83111 0.85594 0.87438 0.88843 0.89944 0.90816 0.91491 0.91982 0.92287 0.92406 0.9233 0.92054 0.91576 0.90899 0.90042
0.93662 0.83477 0.67346 0.61173 0.604 0.57474 0.422 0.2755 0.23393 0.2601 0.30511 0.3559 0.4081 0.45829 0.50475 0.54792 0.5893 0.56912 0.52784 0.47747 0.43045 0.39223 0.36527 0.35296 0.35817 0.38139 0.42018 0.47038 0.52756 0.58767 0.64725 0.70325 0.75305 0.79469 0.82741 0.85198 0.87029 0.8843 0.89533 0.90408 0.91087 0.9158 0.91885 0.91999 0.91914 0.91623 0.91122 0.90417 0.89525
0.86299 0.77135 0.64875 0.63538 0.64544 0.6109 0.45248 0.30865 0.26689 0.27905 0.3156 0.36384 0.41619 0.46726 0.51435 0.5578 0.59946 0.57897 0.53761 0.48747 0.44096 0.40337 0.37682 0.36434 0.36857 0.39008 0.42677 0.47485 0.53007 0.58849 0.64666 0.70152 0.75044 0.79144 0.82372 0.84803 0.8662 0.88016 0.89119 0.89998 0.9068 0.91175 0.9148 0.9159 0.91495 0.91187 0.90664 0.8993 0.89003
0.76406 0.68598 0.60647 0.65094 0.68527 0.64777 0.48355 0.3408 0.29775 0.29717 0.32561 0.37134 0.42388 0.47586 0.52364 0.5674 0.60939 0.58858 0.54713 0.49718 0.45114 0.41411 0.38793 0.37528 0.37861 0.39852 0.43324 0.47927 0.53258 0.58933 0.64609 0.69982 0.74786 0.78821 0.82005 0.84409 0.86212 0.87602 0.88705 0.89586 0.90272 0.90769 0.91073 0.91177 0.91072 0.90749 0.90203 0.8944 0.88477
0.65029 0.5841 0.54884 0.65898 0.72294 0.6843 0.51405 0.37108 0.32606 0.31406 0.33496 0.37834 0.43113 0.48408 0.53258 0.57672 0.61903 0.59794 0.55638 0.50659 0.46096 0.42444 0.39859 0.38579 0.38828 0.40671 0.43956 0.48362 0.53507 0.59018 0.64555 0.69814 0.74529 0.78499 0.81639 0.84015 0.85803 0.87187 0.8829 0.89173 0.89861 0.9036 0.90663 0.90762 0.90647 0.90307 0.89739 0.88946 0.87948
0.53645 0.47277 0.4793 0.66053 0.75791 0.71943 0.54292 0.39875 0.35145 0.32937 0.34347 0.38479 0.43794 0.4919 0.54118 0.58572 0.62838 0.60701 0.56533 0.51567 0.47042 0.43437 0.40882 0.39588 0.39759 0.41464 0.44571 0.48788 0.53752 0.59102 0.64502 0.69648 0.74275 0.7818 0.81275 0.83623 0.85395 0.86773 0.87874 0.88759 0.8945 0.8995 0.90251 0.90345 0.90219 0.89863 0.89272 0.8845 0.87416
0.43777 0.36099 0.40258 0.65703 0.78971 0.75211 0.56921 0.42324 0.3736 0.34282 0.35101 0.39064 0.4443 0.49933 0.5494 0.59437 0.6374 0.61577 0.57398 0.52443 0.47952 0.4439 0.41862 0.40554 0.40653 0.4223 0.45169 0.49205 0.53994 0.59185 0.64449 0.69484 0.74022 0.77862 0.80911 0.83231 0.84988 0.86358 0.87458 0.88344 0.89038 0.89538 0.89838 0.89927 0.8979 0.89418 0.88804 0.87952 0.86881
0.36617 0.26098 0.32493 0.65033 0.81795 0.78138 0.59212 0.44405 0.39224 0.35418 0.35746 0.39585 0.4502 0.50635 0.55725 0.60268 0.64608 0.6242 0.5823 0.53285 0.48825 0.45303 0.428 0.4148 0.41512 0.42968 0.45749 0.49611 0.54229 0.59266 0.64396 0.6932 0.73771 0.77545 0.80549 0.8284 0.84581 0.85944 0.87042 0.87929 0.88624 0.89126 0.89424 0.89507 0.8936 0.88971 0.88334 0.87452 0.86344
0.32721 0.19132 0.25484 0.64252 0.84235 0.80641 0.61098 0.46083 0.40716 0.36327 0.36274 0.40041 0.45564 0.51297 0.56472 0.61061 0.65439 0.6323 0.59028 0.54093 0.49662 0.46177 0.43697 0.42365 0.42336 0.43678 0.46309 0.50005 0.54458 0.59343 0.64342 0.69156 0.73521 0.77229 0.80188 0.8245 0.84174 0.8553 0.86626 0.87514 0.88211 0.88713 0.89009 0.89086 0.88928 0.88523 0.87863 0.8695 0.85806
0.3173 0.17192 0.20405 0.6357 0.86275 0.82652 0.62528 0.47333 0.41821 0.36997 0.36677 0.40431 0.46063 0.51919 0.57178 0.61815 0.66233 0.64004 0.59793 0.54865 0.50462 0.47011 0.44553 0.4321 0.43124 0.44361 0.4685 0.50386 0.5468 0.59417 0.64286 0.68993 0.73271 0.76915 0.79828 0.82061 0.83769 0.85117 0.8621 0.87099 0.87797 0.883 0.88594 0.88665 0.88496 0.88074 0.87391 0.86448 0.85267
0.32432 0.19271 0.18495 0.63171 0.87904 0.8412 0.63467 0.48137 0.42532 0.3742 0.36953 0.40753 0.46517 0.525 0.57845 0.6253 0.66987 0.64741 0.60522 0.55603 0.51225 0.47807 0.4537 0.44017 0.43877 0.45015 0.4737 0.50753 0.54893 0.59487 0.64229 0.68829 0.73022 0.76601 0.79469 0.81673 0.83364 0.84704 0.85795 0.86684 0.87384 0.87887 0.88179 0.88243 0.88064 0.87625 0.86918 0.85946 0.84727
0.33371 0.22099 0.19795 0.63182 0.89122 0.85013 0.63896 0.4849 0.42845 0.37593 0.371 0.4101 0.46928 0.53042 0.58472 0.63205 0.67701 0.65441 0.61215 0.56304 0.51951 0.48564 0.46147 0.44786 0.44596 0.45642 0.47869 0.51107 0.55098 0.59552 0.64169 0.68664 0.72773 0.76288 0.79111 0.81286 0.82961 0.84292 0.85381 0.8627 0.8697 0.87473 0.87763 0.87822 0.87632 0.87176 0.86446 0.85443 0.84187
