0.30198 0.27221 0.21292 0.33277 0.36003 0.27091 0.22063 0.28497 0.38307 0.48856 0.56505 0.61713 0.64713 0.51849 0.38621 0.27766 0.19469 0.13654 0.10295 0.092463 0.096345 0.10441 0.11201 0.11915 0.12826 0.14239 0.16373 0.19292 0.22944 0.27233 0.32067 0.37377 0.43114 0.49249 0.55755 0.59071 0.62314 0.65598 0.68969 0.7247 0.76138 0.80003 0.8409 0.88414 0.92982 0.93927 0.91986 0.89638 0.86958
0.44544 0.48564 0.31353 0.24641 0.41951 0.47294 0.42765 0.34847 0.22337 0.1416 0.10582 0.14408 0.23291 0.27187 0.27638 0.25955 0.23157 0.20034 0.1698 0.14234 0.11983 0.10419 0.097424 0.10044 0.1121 0.13004 0.15229 0.17778 0.20624 0.23799 0.27376 0.31444 0.36095 0.41404 0.47417 0.51078 0.54941 0.59017 0.63258 0.67612 0.72027 0.76457 0.80858 0.85189 0.89408 0.89776 0.87059 0.83692 0.79797
0.34219 0.64716 0.65259 0.59455 0.51707 0.47387 0.49735 0.57384 0.53841 0.48171 0.40646 0.32772 0.24123 0.1092 0.011428 0.066508 0.11449 0.14498 0.16122 0.16504 0.15794 0.14165 0.11815 0.089649 0.05912 0.036248 0.048948 0.08801 0.13634 0.1908 0.25075 0.31594 0.38608 0.46079 0.53954 0.58646 0.63048 0.6725 0.71278 0.75158 0.7891 0.82555 0.86104 0.89565 0.92936 0.92401 0.88865 0.84863 0.80511
0.31751 0.47351 0.38676 0.3856 0.34499 0.18164 0.1551 0.32448 0.343 0.34964 0.4104 0.51239 0.64744 0.65373 0.63962 0.62565 0.61333 0.60373 0.59507 0.58601 0.57621 0.56614 0.55685 0.54971 0.54608 0.54705 0.55332 0.56514 0.5824 0.60479 0.63192 0.66336 0.69869 0.73755 0.77956 0.77773 0.77811 0.78158 0.7881 0.79767 0.81028 0.82588 0.8444 0.86568 0.88949 0.87932 0.84381 0.80646 0.76773
0.39486 0.63701 0.74178 0.84884 0.84812 0.80384 0.82261 0.91731 0.87239 0.84946 0.82649 0.81383 0.81638 0.66558 0.53763 0.44333 0.36948 0.30542 0.24301 0.17833 0.11092 0.04387 0.035329 0.097634 0.15774 0.21162 0.25826 0.29742 0.32939 0.35492 0.37516 0.39162 0.40611 0.42071 0.43758 0.43287 0.4341 0.44228 0.45728 0.47856 0.50529 0.53655 0.57139 0.60889 0.6482 0.66129 0.65208 0.6376 0.61833
0.47595 0.66047 0.51255 0.51122 0.56475 0.5432 0.48248 0.45947 0.47564 0.53955 0.57939 0.60556 0.63349 0.53767 0.4578 0.40701 0.37628 0.35735 0.34313 0.32952 0.3149 0.2993 0.28359 0.26893 0.25615 0.24555 0.23675 0.22885 0.22064 0.21084 0.19837 0.18256 0.16356 0.14318 0.12662 0.11713 0.13014 0.16215 0.20544 0.25475 0.30721 0.36114 0.41543 0.46924 0.52185 0.55 0.55545 0.5525 0.54217
0.18895 0.1332 0.060804 0.10661 0.058336 0.088138 0.12458 0.22564 0.34402 0.40047 0.38523 0.33975 0.29518 0.21491 0.16769 0.14413 0.13042 0.11892 0.10623 0.092457 0.080578 0.075573 0.08117 0.096276 0.11739 0.1421 0.16943 0.19911 0.23106 0.26512 0.301 0.33836 0.37689 0.4164 0.45685 0.4702 0.48329 0.49742 0.51325 0.53117 0.55137 0.57371 0.59786 0.62328 0.64929 0.64846 0.62618 0.59971 0.56963
0.7671 0.73242 0.34339 0.1008 0.17563 0.36702 0.62234 0.88816 0.85354 0.71945 0.56893 0.4558 0.38623 0.28092 0.21277 0.16847 0.1342 0.10361 0.074513 0.049087 0.038163 0.052274 0.078501 0.1083 0.14034 0.17539 0.21467 0.25916 0.30925 0.36469 0.42478 0.48848 0.55464 0.62208 0.68962 0.71337 0.7326 0.74866 0.76207 0.77334 0.78293 0.79117 0.79827 0.80431 0.80919 0.78056 0.7285 0.67496 0.62083
0.37697 0.18224 0.16789 0.31051 0.46725 0.54885 0.54782 0.41224 0.17408 0.21793 0.32914 0.41535 0.50857 0.49377 0.45695 0.41741 0.38259 0.35736 0.34231 0.3369 0.34036 0.35184 0.37048 0.39549 0.42614 0.46182 0.50201 0.54627 0.5942 0.64545 0.69969 0.75656 0.81561 0.87622 0.93758 0.9422 0.94491 0.94681 0.94786 0.94807 0.94742 0.94592 0.94352 0.94012 0.93559 0.89295 0.82485 0.75676 0.68969
0.24918 0.12729 0.063254 0.26369 0.41758 0.49247 0.663 0.88875 0.80213 0.61643 0.44814 0.36668 0.35448 0.28009 0.1968 0.12438 0.090849 0.11527 0.16357 0.21402 0.26176 0.30639 0.3488 0.39033 0.43233 0.47595 0.52203 0.57101 0.623 0.6779 0.73546 0.79534 0.85712 0.92028 0.98415 0.98862 0.99145 0.99391 0.99601 0.99772 0.99902 0.9998 0.99998 0.99943 0.99798 0.95607 0.88689 0.81762 0.74938
0.45739 0.33298 0.22288 0.20563 0.21121 0.21688 0.29895 0.48244 0.56533 0.59993 0.60646 0.61119 0.62055 0.50041 0.38535 0.29152 0.21716 0.1598 0.11725 0.09082 0.084729 0.098637 0.12567 0.16048 0.20085 0.24594 0.29537 0.34881 0.40592 0.4664 0.52998 0.59644 0.66556 0.73703 0.81032 0.83463 0.85626 0.8763 0.89481 0.91182 0.92736 0.94148 0.95421 0.96559 0.97563 0.9454 0.88696 0.82705 0.76693
0.061975 0.082738 0.090687 0.053226 0.18157 0.32439 0.43868 0.5244 0.46961 0.40745 0.35637 0.33334 0.34329 0.30068 0.25666 0.21369 0.17421 0.14228 0.11997 0.10743 0.10299 0.10447 0.11051 0.12072 0.13517 0.15404 0.17762 0.2064 0.24102 0.28215 0.33027 0.38558 0.44783 0.51636 0.59008 0.62982 0.66713 0.70225 0.73495 0.76522 0.79315 0.81898 0.843 0.86553 0.88685 0.87135 0.829 0.7842 0.73818
0.074105 0.21218 0.33039 0.33918 0.23189 0.11134 0.11742 0.21327 0.28306 0.32322 0.32748 0.32287 0.33213 0.28387 0.23298 0.18262 0.13576 0.097447 0.071725 0.059765 0.056329 0.053881 0.048535 0.04039 0.03395 0.039188 0.059585 0.090186 0.12809 0.17224 0.22206 0.27703 0.33649 0.39966 0.46558 0.50305 0.537 0.56816 0.5969 0.62365 0.64894 0.67333 0.69735 0.72149 0.74614 0.74111 0.71386 0.6846 0.65408
0.44331 0.36405 0.15558 0.1155 0.06491 0.16991 0.33831 0.51032 0.56837 0.62921 0.69148 0.75574 0.8144 0.68231 0.5417 0.42658 0.33912 0.27612 0.23205 0.2025 0.18417 0.17442 0.17116 0.17306 0.17944 0.1902 0.20538 0.22494 0.24853 0.27561 0.30549 0.33748 0.37097 0.40541 0.44038 0.44867 0.45603 0.46349 0.47163 0.48105 0.49234 0.50605 0.52262 0.54235 0.56537 0.56826 0.55544 0.54144 0.52619
0.51925 0.3375 0.13908 0.38254 0.51095 0.59255 0.61904 0.56555 0.38382 0.31373 0.36807 0.46828 0.55531 0.47674 0.36317 0.2616 0.19405 0.17278 0.18871 0.21978 0.25206 0.28032 0.30329 0.32126 0.33506 0.34563 0.35375 0.36002 0.36484 0.36844 0.371 0.37261 0.37336 0.37338 0.37285 0.35113 0.33216 0.31703 0.30657 0.30165 0.3031 0.31141 0.32666 0.34846 0.37607 0.39237 0.39781 0.40107 0.40141
0.23546 0.56826 0.73632 0.81124 0.80022 0.80143 0.87194 0.95714 0.82233 0.71598 0.66382 0.6708 0.71616 0.61691 0.51152 0.42516 0.36455 0.3326 0.32523 0.33422 0.35086 0.3686 0.38362 0.39415 0.39972 0.40054 0.39712 0.38998 0.3796 0.36636 0.35055 0.33227 0.3115 0.28806 0.26173 0.21925 0.17885 0.14166 0.11028 0.091094 0.092923 0.11583 0.15143 0.19357 0.2393 0.27581 0.30072 0.31979 0.33291
0.65198 0.59521 0.35461 0.17488 0.066545 0.060076 0.08206 0.11797 0.11714 0.13384 0.23829 0.40526 0.59858 0.63136 0.60007 0.55033 0.50245 0.46575 0.44066 0.42497 0.41582 0.4104 0.40628 0.40174 0.39578 0.38806 0.37871 0.36807 0.3565 0.34423 0.33128 0.31738 0.30208 0.28481 0.26507 0.22896 0.19472 0.16386 0.13899 0.12467 0.12574 0.14306 0.17283 0.21069 0.25374 0.28841 0.3124 0.33162 0.34585
0.48174 0.4615 0.35821 0.30632 0.2303 0.20853 0.27778 0.41652 0.47997 0.50657 0.50001 0.48068 0.45418 0.33488 0.24028 0.19039 0.18437 0.20563 0.23547 0.26333 0.28446 0.29715 0.30163 0.29942 0.29292 0.28491 0.27819 0.275 0.27663 0.28312 0.29347 0.30611 0.31942 0.33211 0.34339 0.33307 0.32271 0.31376 0.30747 0.30513 0.30791 0.31667 0.3319 0.35364 0.38163 0.39903 0.40663 0.41344 0.41886
0.1297 0.029816 0.18061 0.29495 0.35022 0.35623 0.40139 0.49417 0.47521 0.44098 0.41121 0.40048 0.40302 0.32406 0.25138 0.20101 0.17678 0.17535 0.18573 0.19697 0.202 0.19733 0.18212 0.15748 0.12628 0.094254 0.074693 0.086172 0.12303 0.16958 0.21853 0.26679 0.31282 0.3558 0.39537 0.40716 0.41492 0.42059 0.42561 0.43126 0.43871 0.44897 0.46287 0.48112 0.50426 0.51163 0.50693 0.50303 0.4997
0.17914 0.41428 0.45337 0.39917 0.28086 0.17129 0.12647 0.13785 0.13634 0.12501 0.13874 0.21244 0.33021 0.37364 0.37736 0.36196 0.3399 0.319 0.30105 0.28524 0.26973 0.25274 0.23334 0.21193 0.19054 0.17305 0.16487 0.17079 0.19168 0.22429 0.26425 0.30795 0.35289 0.39744 0.44056 0.45447 0.46489 0.47341 0.4811 0.489 0.49811 0.50934 0.52351 0.54138 0.56363 0.5675 0.55784 0.54938 0.54214
0.20982 0.18855 0.11634 0.088764 0.20413 0.19699 0.12939 0.09303 0.15215 0.23802 0.32325 0.41442 0.51768 0.50547 0.47245 0.44117 0.41577 0.39711 0.38286 0.3709 0.36004 0.34982 0.34033 0.33201 0.32552 0.32161 0.32112 0.32482 0.33324 0.34653 0.36437 0.38602 0.41053 0.43691 0.46432 0.46432 0.46433 0.46523 0.46751 0.47171 0.47844 0.48826 0.50174 0.51941 0.54176 0.54678 0.53888 0.53212 0.52649
0.41959 0.49646 0.34866 0.40107 0.39229 0.28146 0.18068 0.18503 0.21919 0.24598 0.26406 0.2859 0.32197 0.30654 0.29828 0.29775 0.29885 0.29966 0.29938 0.29848 0.29826 0.30003 0.30464 0.3121 0.32178 0.33272 0.34407 0.35519 0.36578 0.37582 0.38543 0.39482 0.40421 0.41379 0.42379 0.40993 0.39848 0.39029 0.38573 0.38518 0.38897 0.39741 0.41073 0.42912 0.45273 0.46265 0.46169 0.46129 0.46122
0.47208 0.35856 0.22849 0.29828 0.28454 0.23273 0.20072 0.19881 0.19023 0.19026 0.17351 0.14072 0.11662 0.12014 0.14357 0.156 0.15461 0.14432 0.13085 0.12185 0.12572 0.1453 0.17569 0.21015 0.24376 0.27363 0.29829 0.31717 0.33034 0.33823 0.34157 0.34121 0.33805 0.33305 0.32716 0.30327 0.28315 0.26794 0.25835 0.25492 0.25801 0.26763 0.28353 0.30526 0.33233 0.34989 0.35849 0.36616 0.37255
0.56064 0.54609 0.16176 0.082088 0.088212 0.15937 0.22958 0.32376 0.373 0.40405 0.41155 0.40943 0.40451 0.31926 0.24819 0.19738 0.15896 0.12684 0.098945 0.081047 0.085487 0.11235 0.14922 0.18721 0.22174 0.25044 0.27222 0.28673 0.29416 0.29501 0.29002 0.28002 0.26588 0.24842 0.22848 0.19535 0.16569 0.1412 0.12411 0.11716 0.12197 0.13755 0.1612 0.19041 0.22351 0.24917 0.26611 0.2797 0.28983
0.099696 0.090606 0.19283 0.24915 0.24554 0.19546 0.21477 0.36708 0.45436 0.48865 0.48443 0.47373 0.47944 0.41051 0.3595 0.32529 0.30026 0.28153 0.26721 0.25687 0.25103 0.25019 0.25399 0.26102 0.26922 0.27658 0.28149 0.28289 0.28022 0.27337 0.26251 0.24797 0.23008 0.2091 0.18511 0.14911 0.11404 0.079709 0.045724 0.011736 0.022568 0.057299 0.092548 0.12827 0.16432 0.19252 0.21137 0.22511 0.23387
0.72302 0.34954 0.15263 0.23476 0.26456 0.24685 0.26607 0.35213 0.36575 0.31851 0.20757 0.071669 0.16469 0.29659 0.36538 0.39198 0.39554 0.38911 0.37824 0.36541 0.35201 0.33902 0.32708 0.31647 0.30706 0.29842 0.28992 0.28099 0.2712 0.26036 0.2485 0.23577 0.22229 0.20808 0.19306 0.16711 0.14322 0.12196 0.10456 0.093462 0.091665 0.10045 0.11808 0.14158 0.16847 0.18921 0.20198 0.21041 0.21415
0.22059 0.46428 0.49038 0.48932 0.46839 0.46622 0.58423 0.77346 0.76213 0.71089 0.66097 0.64536 0.6733 0.59404 0.52993 0.48527 0.45197 0.4261 0.40406 0.38384 0.36466 0.34632 0.32886 0.31233 0.29669 0.28184 0.26768 0.2542 0.24157 0.23021 0.22062 0.21322 0.20818 0.20525 0.20389 0.19193 0.18167 0.1732 0.16694 0.16369 0.16441 0.16988 0.18034 0.19542 0.21428 0.22647 0.23146 0.23379 0.23283
0.079682 0.17989 0.36098 0.49307 0.53474 0.50814 0.48007 0.4582 0.38445 0.38492 0.43064 0.50464 0.5972 0.55714 0.4974 0.44307 0.39848 0.3642 0.33773 0.3168 0.29968 0.2849 0.27115 0.25736 0.24281 0.22722 0.2108 0.19433 0.1792 0.16738 0.16102 0.1616 0.16912 0.18214 0.19861 0.20439 0.20979 0.21476 0.21961 0.22499 0.23168 0.24043 0.25181 0.2661 0.28327 0.29102 0.29049 0.28843 0.28445
0.31491 0.12016 0.15849 0.15959 0.051718 0.098879 0.14683 0.14691 0.10923 0.092408 0.1305 0.21417 0.31781 0.33844 0.32192 0.29124 0.25898 0.23274 0.21495 0.20531 0.2015 0.20016 0.19795 0.19235 0.18189 0.16603 0.14503 0.12008 0.093778 0.072194 0.067372 0.085696 0.11769 0.15477 0.19312 0.21791 0.2388 0.25661 0.27216 0.28635 0.30012 0.31433 0.32971 0.34685 0.36609 0.3723 0.36802 0.36266 0.35618
0.75806 0.50884 0.26714 0.14004 0.13013 0.13201 0.1232 0.11018 0.10253 0.11712 0.14669 0.18984 0.24091 0.23007 0.19696 0.15616 0.11721 0.090073 0.084218 0.098305 0.12024 0.14101 0.15609 0.16327 0.16165 0.15124 0.13284 0.10806 0.080173 0.057836 0.060532 0.09102 0.13315 0.17935 0.22686 0.25883 0.28663 0.31112 0.33301 0.35313 0.37227 0.39123 0.41073 0.4314 0.45376 0.45932 0.45177 0.44319 0.43383
0.55351 0.66398 0.48197 0.35362 0.30257 0.28792 0.24366 0.14544 0.080636 0.14591 0.20338 0.2468 0.27956 0.23775 0.18406 0.1329 0.088227 0.056213 0.053369 0.078609 0.1111 0.14188 0.16732 0.18558 0.19597 0.19893 0.19599 0.18967 0.18355 0.18187 0.18854 0.20563 0.23273 0.2679 0.30886 0.33364 0.35774 0.38102 0.40337 0.425 0.44627 0.46762 0.48959 0.51267 0.53737 0.54184 0.53076 0.5186 0.50582
0.13922 0.24759 0.32315 0.38896 0.52861 0.6187 0.64267 0.61993 0.47497 0.38999 0.35403 0.35219 0.36785 0.31016 0.25473 0.21292 0.18456 0.16874 0.1644 0.17072 0.18566 0.20569 0.22688 0.24608 0.26144 0.27244 0.27965 0.28453 0.28902 0.29533 0.30557 0.32135 0.34357 0.37238 0.40725 0.42196 0.43862 0.45683 0.47602 0.49592 0.51647 0.53779 0.56014 0.58387 0.60937 0.61183 0.59682 0.58077 0.56425
0.28663 0.53739 0.66615 0.71536 0.65776 0.57984 0.51844 0.42502 0.26677 0.22683 0.24463 0.26594 0.28661 0.25209 0.22788 0.22006 0.22262 0.23104 0.24245 0.25571 0.27038 0.28593 0.30146 0.31596 0.32871 0.3395 0.34873 0.35723 0.36618 0.37687 0.39058 0.4084 0.43114 0.4592 0.49254 0.50072 0.51165 0.52513 0.54059 0.5576 0.57597 0.59566 0.61678 0.63957 0.66432 0.66402 0.64497 0.62505 0.60488
0.13865 0.28029 0.26871 0.098837 0.093627 0.22122 0.31385 0.28579 0.13119 0.08207 0.10074 0.085888 0.030976 0.055346 0.12916 0.1878 0.2327 0.26765 0.29497 0.31614 0.33232 0.34454 0.35377 0.3609 0.36683 0.37251 0.37898 0.38722 0.39816 0.41258 0.43105 0.45395 0.48143 0.51345 0.54976 0.55652 0.56531 0.57631 0.58912 0.60351 0.61937 0.63671 0.65566 0.67644 0.69931 0.69594 0.67319 0.64986 0.62655
0.11412 0.25038 0.26939 0.20141 0.27602 0.35329 0.42153 0.43685 0.32258 0.25226 0.23604 0.25461 0.29356 0.28363 0.28167 0.29238 0.309 0.32685 0.34238 0.35363 0.35994 0.36166 0.35992 0.35641 0.35308 0.35197 0.35493 0.36338 0.37807 0.39911 0.42606 0.45814 0.49452 0.53439 0.57703 0.5866 0.59635 0.60692 0.61833 0.63069 0.64414 0.65892 0.67526 0.69345 0.71382 0.70756 0.6819 0.65602 0.63048
0.17414 0.46237 0.52998 0.53878 0.52881 0.48757 0.40927 0.26297 0.12008 0.19838 0.29669 0.38905 0.48781 0.47448 0.44106 0.41159 0.39054 0.37741 0.368 0.35843 0.34639 0.3312 0.31375 0.29619 0.28162 0.27365 0.27549 0.28892 0.31362 0.34768 0.38861 0.43406 0.48221 0.53174 0.58172 0.59577 0.6076 0.61844 0.62885 0.63934 0.65041 0.66251 0.67608 0.6915 0.70916 0.70056 0.67313 0.64586 0.61925
0.39453 0.31849 0.15516 0.23827 0.42412 0.50599 0.4883 0.42463 0.31518 0.30561 0.36398 0.45799 0.57056 0.55104 0.50447 0.4588 0.4202 0.38923 0.36207 0.3349 0.30513 0.27176 0.23543 0.19872 0.16698 0.14941 0.15564 0.18599 0.23228 0.28687 0.34512 0.40435 0.46295 0.51997 0.57482 0.5917 0.60433 0.61451 0.62325 0.63144 0.63986 0.64916 0.65991 0.67261 0.68767 0.67758 0.64968 0.62233 0.59595
0.28319 0.51415 0.57437 0.53658 0.45498 0.35614 0.25153 0.14875 0.20235 0.30678 0.38702 0.46703 0.56167 0.53631 0.49349 0.45317 0.41721 0.38515 0.35372 0.31996 0.28187 0.23837 0.18915 0.1345 0.075069 0.011736 0.054597 0.12277 0.19167 0.26013 0.32707 0.3916 0.45303 0.51094 0.56509 0.58061 0.59105 0.59852 0.60427 0.60936 0.61471 0.62107 0.62908 0.63925 0.65205 0.64142 0.61441 0.58835 0.56353
0.41219 0.32331 0.26239 0.28563 0.21224 0.24411 0.2982 0.3083 0.27573 0.29148 0.31821 0.36256 0.4427 0.44879 0.44177 0.42892 0.41133 0.39112 0.36786 0.34079 0.30947 0.27409 0.23577 0.19725 0.16422 0.14676 0.155 0.1879 0.23579 0.29055 0.3474 0.4036 0.45755 0.50832 0.55544 0.5649 0.56992 0.57254 0.57395 0.57518 0.57712 0.5805 0.58592 0.59391 0.60487 0.59469 0.56987 0.54638 0.52439
0.14832 0.3891 0.30944 0.28649 0.24017 0.24256 0.29873 0.33474 0.25648 0.16545 0.096598 0.13911 0.272 0.3531 0.39291 0.40733 0.40717 0.40035 0.38959 0.37564 0.35875 0.3393 0.31836 0.29803 0.28156 0.27288 0.2754 0.29042 0.31653 0.35062 0.38928 0.42963 0.4696 0.50782 0.54349 0.54365 0.54108 0.53745 0.53369 0.53065 0.52907 0.52958 0.5327 0.53887 0.54848 0.53964 0.51816 0.49838 0.48033
0.45484 0.41153 0.32625 0.35167 0.26965 0.20316 0.25717 0.34884 0.32157 0.26359 0.2257 0.24802 0.33544 0.37409 0.39096 0.39551 0.39427 0.39281 0.39233 0.39222 0.39128 0.38848 0.38355 0.37725 0.37127 0.36777 0.36885 0.37584 0.38896 0.40735 0.4295 0.45369 0.47838 0.5024 0.52498 0.51487 0.50406 0.49382 0.48477 0.47752 0.4726 0.47049 0.4716 0.47632 0.48498 0.47822 0.461 0.44587 0.4327
0.38881 0.37909 0.43323 0.37992 0.23612 0.16678 0.25453 0.38592 0.399 0.3857 0.3794 0.39844 0.4459 0.41423 0.38212 0.36071 0.35084 0.3527 0.36339 0.3789 0.39529 0.40946 0.41971 0.4258 0.42864 0.42983 0.43105 0.43371 0.43859 0.44583 0.45504 0.46552 0.47647 0.4872 0.49722 0.47763 0.45923 0.44291 0.42903 0.41796 0.41003 0.40559 0.40496 0.40845 0.41642 0.41224 0.39997 0.39022 0.38269
0.097533 0.12597 0.26751 0.26023 0.18758 0.21046 0.24277 0.25466 0.22971 0.26254 0.31088 0.35254 0.38806 0.3366 0.28836 0.26251 0.26085 0.27935 0.31014 0.34573 0.38038 0.41028 0.43342 0.44942 0.45905 0.46378 0.46528 0.46503 0.46414 0.46325 0.46264 0.46226 0.46192 0.46139 0.46048 0.43321 0.40857 0.3872 0.36924 0.35486 0.34424 0.33762 0.33527 0.33753 0.34483 0.34348 0.33661 0.33279 0.3315
0.35168 0.45063 0.35194 0.23561 0.15453 0.19752 0.20723 0.12997 0.065482 0.15769 0.21922 0.24578 0.24304 0.17011 0.11117 0.10824 0.15162 0.20781 0.2649 0.31864 0.36632 0.40594 0.43642 0.45772 0.47074 0.47689 0.47782 0.47501 0.46968 0.46272 0.45475 0.44612 0.43702 0.42756 0.41784 0.38495 0.35567 0.33042 0.30915 0.29188 0.27867 0.26969 0.26528 0.26593 0.27227 0.27373 0.27255 0.27514 0.28065
0.10969 0.25992 0.30093 0.31747 0.35206 0.36011 0.36294 0.34206 0.26151 0.23464 0.23758 0.24526 0.23918 0.16692 0.10945 0.11066 0.15641 0.21274 0.26897 0.32159 0.36828 0.4072 0.43724 0.45818 0.47065 0.47584 0.4751 0.46974 0.46089 0.44946 0.43618 0.4216 0.40614 0.39013 0.37386 0.33738 0.30507 0.27712 0.25331 0.23343 0.21742 0.20544 0.198 0.19602 0.2007 0.20477 0.20961 0.21924 0.23216
0.49345 0.3802 0.24893 0.29148 0.38672 0.42577 0.43131 0.41465 0.32577 0.29192 0.30253 0.33935 0.38477 0.34207 0.29627 0.27086 0.26945 0.28756 0.31717 0.35135 0.38497 0.41449 0.43774 0.45382 0.46276 0.46522 0.46212 0.4544 0.44292 0.42845 0.41168 0.39323 0.37364 0.35338 0.33287 0.29481 0.26117 0.23191 0.20653 0.18449 0.16543 0.14937 0.13707 0.13033 0.13184 0.13838 0.15017 0.16797 0.18903
0.49657 0.32932 0.23671 0.26584 0.30954 0.30964 0.26792 0.18103 0.12313 0.2152 0.31535 0.40796 0.49914 0.47001 0.42284 0.38555 0.36468 0.36061 0.36905 0.38482 0.40328 0.42075 0.43481 0.44413 0.44832 0.44749 0.44208 0.43255 0.41942 0.40323 0.38456 0.36403 0.34225 0.31984 0.29735 0.25969 0.22665 0.19794 0.1727 0.14991 0.12859 0.10805 0.088526 0.072556 0.067118 0.076953 0.098711 0.12645 0.1558
0.29068 0.25925 0.12593 0.17406 0.23257 0.24208 0.2551 0.24935 0.21147 0.26292 0.34943 0.44225 0.5408 0.51519 0.4716 0.43567 0.41199 0.40096 0.39939 0.40374 0.41088 0.41828 0.42413 0.42731 0.42725 0.42373 0.41671 0.40623 0.39244 0.37565 0.35631 0.33502 0.31251 0.28957 0.26698 0.23152 0.20107 0.17518 0.15265 0.13202 0.11169 0.090139 0.06603 0.038401 0.0090494 0.032057 0.068217 0.10401 0.13845
0.225 0.2582 0.24455 0.18419 0.064163 0.10785 0.23888 0.35227 0.35355 0.3515 0.37176 0.41988 0.4942 0.47433 0.44766 0.42751 0.41355 0.4057 0.40216 0.4013 0.40182 0.40268 0.403 0.40212 0.39947 0.3946 0.3871 0.37664 0.36305 0.34643 0.32713 0.30578 0.28326 0.26063 0.23902 0.20704 0.18087 0.15991 0.14275 0.12758 0.11265 0.096549 0.07868 0.060316 0.04826 0.054737 0.078427 0.10886 0.14067
0.60355 0.66114 0.43757 0.28518 0.18128 0.15759 0.20812 0.28402 0.28849 0.28348 0.28086 0.29854 0.35535 0.36824 0.3786 0.38473 0.38558 0.38403 0.38141 0.37848 0.37572 0.37332 0.37114 0.36881 0.36573 0.36118 0.35446 0.34491 0.33214 0.31605 0.29695 0.27552 0.25287 0.23041 0.20984 0.18191 0.16115 0.14684 0.13711 0.12974 0.12282 0.11523 0.10703 0.099974 0.097937 0.10192 0.11424 0.13458 0.15916
0.14316 0.094759 0.20043 0.1292 0.11919 0.13956 0.14724 0.16209 0.1633 0.15527 0.11987 0.10022 0.18066 0.26192 0.31311 0.33852 0.34712 0.34751 0.34416 0.33962 0.33543 0.33234 0.33043 0.32923 0.32787 0.32532 0.32054 0.31266 0.30106 0.28553 0.26632 0.24418 0.22043 0.19699 0.17643 0.15241 0.13794 0.13192 0.13145 0.13341 0.13552 0.13678 0.13741 0.13881 0.14346 0.14828 0.15578 0.16921 0.18689
0.37615 0.31966 0.14891 0.092304 0.086538 0.10017 0.067442 0.069406 0.13552 0.15849 0.13423 0.11785 0.18718 0.254 0.29298 0.3084 0.30919 0.30365 0.2962 0.28946 0.28497 0.2833 0.28409 0.28632 0.28861 0.2895 0.28767 0.28205 0.27188 0.25681 0.23701 0.21317 0.18674 0.16015 0.13726 0.1163 0.10943 0.11424 0.12514 0.13749 0.14887 0.15856 0.16697 0.17537 0.18563 0.19207 0.1972 0.20618 0.21844
0.40452 0.28201 0.15125 0.18865 0.15586 0.12869 0.11553 0.16618 0.23986 0.28463 0.2939 0.30047 0.33319 0.31964 0.30514 0.28914 0.27136 0.25469 0.24105 0.23199 0.22842 0.23014 0.23584 0.2435 0.25101 0.25647 0.25839 0.25558 0.24719 0.23273 0.21216 0.18594 0.15528 0.12259 0.092967 0.072848 0.077315 0.097475 0.12145 0.14413 0.16404 0.18113 0.19616 0.21038 0.22541 0.23342 0.23705 0.24281 0.25074
0.2879 0.46251 0.31709 0.21383 0.19335 0.23049 0.30563 0.40581 0.42478 0.42938 0.42166 0.42008 0.43397 0.36954 0.31164 0.26596 0.22937 0.20113 0.18117 0.17041 0.16936 0.1767 0.18942 0.20409 0.21787 0.22865 0.23492 0.23553 0.22961 0.21652 0.19599 0.16814 0.13358 0.093518 0.050661 0.023005 0.0535 0.091699 0.1265 0.15697 0.18325 0.20598 0.2261 0.24483 0.26361 0.27274 0.27497 0.278 0.28223
0.28478 0.18881 0.15979 0.050172 0.13736 0.29497 0.4518 0.58638 0.55662 0.51262 0.47845 0.46681 0.47122 0.38279 0.30063 0.23555 0.18491 0.14657 0.11999 0.10761 0.11115 0.127 0.14871 0.17124 0.19153 0.20776 0.21873 0.22345 0.22105 0.21084 0.19247 0.16601 0.13217 0.09258 0.05209 0.036105 0.068274 0.10799 0.14529 0.17874 0.20826 0.23431 0.25771 0.27949 0.30086 0.31035 0.31089 0.31126 0.31205
0.36379 0.22519 0.077951 0.18008 0.30383 0.407 0.52356 0.61959 0.54841 0.48416 0.45284 0.45407 0.46633 0.37496 0.28347 0.20864 0.14945 0.10236 0.065456 0.046469 0.058654 0.087374 0.11864 0.148 0.17371 0.19478 0.21044 0.21984 0.22214 0.21664 0.20311 0.18204 0.15513 0.12637 0.1044 0.097502 0.11497 0.14489 0.17787 0.2099 0.23955 0.26659 0.2914 0.31471 0.33746 0.34643 0.34481 0.34236 0.33978
0.088504 0.50253 0.45751 0.42125 0.43206 0.44214 0.47051 0.48929 0.39273 0.34723 0.36645 0.41141 0.4471 0.36505 0.274 0.19803 0.13803 0.089496 0.047241 0.011789 0.034201 0.070488 0.1051 0.13694 0.16541 0.18996 0.2099 0.22432 0.23224 0.23294 0.22629 0.21316 0.19588 0.17882 0.16869 0.16291 0.17298 0.19419 0.22082 0.24893 0.27644 0.30251 0.32707 0.3505 0.37344 0.38101 0.3767 0.37117 0.36516
0.99926 0.88572 0.52411 0.40328 0.37474 0.34943 0.34017 0.29952 0.15306 0.15663 0.27854 0.37446 0.43032 0.35765 0.27186 0.20167 0.14871 0.10871 0.07831 0.060486 0.063008 0.082785 0.10967 0.13829 0.16646 0.19295 0.21659 0.23607 0.2501 0.25776 0.25889 0.25441 0.2466 0.23919 0.23698 0.23068 0.23573 0.25011 0.2704 0.29356 0.31754 0.34122 0.36419 0.38653 0.40863 0.414 0.40649 0.3976 0.38809
0.38195 0.33748 0.070747 0.15978 0.21959 0.22278 0.27458 0.28882 0.16889 0.16875 0.2809 0.36863 0.41586 0.3423 0.26301 0.20362 0.16249 0.13357 0.11279 0.10032 0.098426 0.10765 0.12551 0.14885 0.17526 0.20287 0.22985 0.25431 0.27452 0.28928 0.29821 0.30204 0.3027 0.30317 0.30702 0.29958 0.30055 0.30926 0.32366 0.34158 0.36128 0.38162 0.40201 0.42233 0.44273 0.44524 0.43409 0.42162 0.40853
0.20016 0.20547 0.19026 0.13359 0.058341 0.10468 0.29085 0.42849 0.38852 0.34965 0.35766 0.38008 0.3877 0.30294 0.2325 0.19037 0.16602 0.14971 0.13722 0.12874 0.12618 0.13117 0.14403 0.16395 0.18946 0.21857 0.24903 0.27844 0.30467 0.3262 0.34242 0.35378 0.36178 0.36877 0.37752 0.36851 0.36579 0.36948 0.3784 0.39108 0.40615 0.42257 0.43972 0.45733 0.47538 0.47452 0.45944 0.44322 0.42652
0.21856 0.17169 0.26771 0.25505 0.22829 0.26735 0.4149 0.57996 0.54832 0.47791 0.41747 0.37262 0.32728 0.22795 0.17382 0.15981 0.15779 0.15486 0.14965 0.14466 0.14311 0.14766 0.15989 0.18003 0.20711 0.23917 0.27372 0.30813 0.34005 0.36776 0.39045 0.40831 0.42248 0.43481 0.44751 0.43652 0.43019 0.42921 0.43298 0.44053 0.45084 0.46305 0.47654 0.49098 0.50622 0.50167 0.48249 0.46245 0.44215
0.47425 0.30039 0.26934 0.31864 0.37956 0.4508 0.56237 0.69509 0.63802 0.54273 0.43975 0.3431 0.24316 0.12033 0.094924 0.12479 0.14507 0.15164 0.15043 0.14745 0.14782 0.15515 0.17115 0.19573 0.22753 0.26439 0.30381 0.34323 0.38033 0.4134 0.44154 0.46476 0.48389 0.50042 0.51616 0.50272 0.49274 0.48727 0.48611 0.48868 0.49427 0.50216 0.51179 0.5228 0.53497 0.52655 0.50321 0.47937 0.45555
0.35742 0.15825 0.054879 0.21588 0.41106 0.51756 0.61358 0.73324 0.67703 0.58162 0.46399 0.34278 0.21296 0.058624 0.057247 0.11222 0.13674 0.1425 0.13961 0.13654 0.14018 0.15433 0.17902 0.21222 0.25154 0.2947 0.33948 0.38365 0.42523 0.46265 0.49507 0.52238 0.54524 0.56485 0.58271 0.56636 0.55258 0.5427 0.53681 0.5346 0.53557 0.53918 0.54492 0.55242 0.56139 0.54907 0.52163 0.4941 0.4669
0.33465 0.3411 0.29441 0.35475 0.42236 0.4492 0.527 0.68703 0.6883 0.62616 0.52318 0.41088 0.29993 0.16948 0.12571 0.13013 0.13301 0.12623 0.11569 0.11147 0.12256 0.14982 0.18815 0.23289 0.28116 0.33107 0.38098 0.42924 0.47431 0.51492 0.55033 0.58045 0.60579 0.62736 0.64643 0.62673 0.60899 0.59477 0.58432 0.57754 0.57411 0.57357 0.57551 0.57953 0.58531 0.56919 0.53783 0.50677 0.47638
0.15776 0.40076 0.45048 0.43 0.32517 0.22338 0.33161 0.5925 0.68188 0.67044 0.59844 0.50882 0.41966 0.2766 0.19277 0.15229 0.12543 0.099012 0.075886 0.074336 0.10462 0.1521 0.20604 0.26219 0.31868 0.37441 0.42841 0.47963 0.52696 0.56944 0.60653 0.63815 0.66476 0.68722 0.70663 0.68318 0.66136 0.64286 0.62805 0.61696 0.60937 0.60494 0.60326 0.60395 0.60666 0.58694 0.55189 0.51754 0.4842
0.27458 0.21556 0.42238 0.44075 0.27937 0.10165 0.24593 0.53941 0.66955 0.69815 0.65834 0.59193 0.51726 0.35469 0.23884 0.16563 0.11271 0.064435 0.01791 0.049861 0.11082 0.17501 0.23981 0.30366 0.36562 0.42507 0.48146 0.53411 0.58227 0.62527 0.66271 0.69459 0.72132 0.74369 0.76264 0.73513 0.70917 0.68651 0.66757 0.65247 0.64104 0.63299 0.62797 0.62557 0.62541 0.60236 0.56393 0.52659 0.49057
0.4916 0.50433 0.51587 0.49227 0.39616 0.32354 0.36712 0.55316 0.65866 0.70719 0.69441 0.65066 0.59092 0.41602 0.27941 0.18653 0.12121 0.073936 0.060863 0.099292 0.15887 0.22477 0.2921 0.35834 0.42209 0.48256 0.53924 0.59161 0.63912 0.68127 0.71781 0.74881 0.77465 0.79605 0.81385 0.78208 0.75198 0.72533 0.70256 0.68377 0.66887 0.65758 0.64954 0.64434 0.64159 0.61554 0.57409 0.53407 0.49566
0.26462 0.47041 0.40542 0.33578 0.34049 0.34353 0.3905 0.54495 0.64198 0.70495 0.71542 0.69708 0.66108 0.48687 0.34294 0.2448 0.18374 0.1544 0.15667 0.1874 0.23713 0.29689 0.36065 0.42465 0.48668 0.54548 0.60034 0.65073 0.69614 0.73619 0.77072 0.79982 0.82389 0.84358 0.85966 0.82358 0.78946 0.75907 0.73278 0.71072 0.69275 0.67861 0.66793 0.66029 0.65525 0.62658 0.58251 0.54015 0.49965
0.19463 0.30744 0.17341 0.06353 0.18576 0.20082 0.27418 0.4851 0.61734 0.69663 0.7289 0.74155 0.74241 0.58259 0.442 0.3452 0.28792 0.2637 0.26644 0.29106 0.33207 0.38369 0.44078 0.4994 0.55693 0.61175 0.66294 0.70981 0.75186 0.78873 0.8203 0.84668 0.86826 0.88566 0.89958 0.85926 0.82134 0.78752 0.75812 0.73321 0.71262 0.69607 0.68317 0.67346 0.66649 0.6356 0.5893 0.54497 0.5027
0.21805 0.26845 0.18364 0.11416 0.12158 0.033664 0.17431 0.44338 0.59207 0.67724 0.7298 0.77926 0.82855 0.69457 0.56389 0.46945 0.41158 0.38549 0.38428 0.40243 0.43528 0.47832 0.5273 0.57867 0.6298 0.67893 0.72497 0.76711 0.80478 0.8376 0.86545 0.88847 0.90703 0.92172 0.93319 0.88884 0.84743 0.81058 0.77852 0.75123 0.7285 0.71 0.69531 0.68394 0.67539 0.64271 0.59459 0.54864 0.50492
0.29152 0.035068 0.2583 0.27561 0.24318 0.22403 0.28338 0.45931 0.55643 0.6309 0.70438 0.79607 0.90111 0.80259 0.68791 0.5981 0.53921 0.50974 0.50362 0.51533 0.54041 0.57493 0.61531 0.6585 0.70212 0.74446 0.78434 0.82089 0.85345 0.8816 0.90521 0.92442 0.93959 0.9513 0.96016 0.91211 0.86763 0.82822 0.79398 0.76482 0.74045 0.72048 0.70444 0.69182 0.68208 0.64801 0.59849 0.55127 0.50641
0.55249 0.61259 0.48875 0.42194 0.36007 0.33586 0.36061 0.44267 0.47419 0.5411 0.64424 0.78341 0.94641 0.89031 0.7977 0.71688 0.65961 0.62823 0.6181 0.62414 0.64214 0.66858 0.70046 0.73523 0.77088 0.80588 0.83908 0.86954 0.89656 0.91966 0.93872 0.95386 0.96545 0.97405 0.98026 0.92897 0.8819 0.84045 0.80457 0.77407 0.74857 0.72761 0.71068 0.69721 0.68665 0.65161 0.60109 0.55294 0.50723
0.5537 0.65658 0.45586 0.35456 0.32842 0.31541 0.30833 0.31629 0.31976 0.41173 0.56045 0.74792 0.96345 0.95091 0.88431 0.81694 0.7651 0.73456 0.72231 0.72401 0.73596 0.75512 0.77901 0.80566 0.83345 0.86107 0.88747 0.9117 0.93302 0.95095 0.96532 0.97629 0.98425 0.98975 0.99337 0.93938 0.8903 0.84737 0.81042 0.77911 0.753 0.73154 0.71416 0.70025 0.68924 0.65362 0.60246 0.55371 0.50743
0.2568 0.30812 0.19481 0.15486 0.23317 0.24586 0.2056 0.11776 0.12698 0.29469 0.48857 0.70956 0.96145 0.98558 0.94512 0.89422 0.85129 0.82445 0.81219 0.81114 0.81829 0.83122 0.84802 0.86724 0.88769 0.90829 0.92813 0.94629 0.96201 0.97481 0.98455 0.99139 0.99578 0.99828 0.99949 0.94341 0.89292 0.84912 0.81167 0.78013 0.75392 0.73243 0.71503 0.70107 0.68994 0.65412 0.60269 0.55364 0.50704
0.05693 0.11491 0.12635 0.089429 0.1965 0.23549 0.22198 0.17102 0.15791 0.28678 0.46698 0.68715 0.95116 0.99924 0.98175 0.94837 0.9166 0.89565 0.8852 0.88289 0.88656 0.89446 0.90529 0.91808 0.93202 0.94629 0.96009 0.97256 0.98297 0.99086 0.99613 0.99901 0.99998 0.99968 0.99871 0.9412 0.88996 0.84591 0.80856 0.77733 0.75153 0.73048 0.71346 0.69982 0.6889 0.65321 0.60184 0.55275 0.50607
0.12407 0.1851 0.21792 0.17947 0.19873 0.24221 0.27811 0.31122 0.30343 0.36249 0.49002 0.68165 0.93689 0.99678 0.99804 0.98153 0.96164 0.94764 0.94014 0.93775 0.93916 0.9433 0.94942 0.95698 0.96547 0.9743 0.98277 0.9901 0.99563 0.99893 1 0.99915 0.99694 0.99408 0.99122 0.93298 0.88166 0.83799 0.80132 0.77094 0.74605 0.72587 0.70963 0.69663 0.68622 0.65098 0.59996 0.55109 0.50453
0.4125 0.32275 0.19163 0.13073 0.16252 0.19748 0.2579 0.34426 0.3682 0.41803 0.51421 0.67623 0.91546 0.98174 0.99865 0.99724 0.98838 0.98115 0.97692 0.9752 0.97539 0.97701 0.97975 0.98338 0.98762 0.99202 0.996 0.99886 1 0.99912 0.9963 0.99199 0.98686 0.98173 0.9773 0.91904 0.86831 0.82564 0.79025 0.76124 0.73772 0.71882 0.70372 0.69168 0.68203 0.64753 0.59712 0.54869 0.50242
0.17752 0.26504 0.13298 0.036344 0.093286 0.10152 0.17229 0.28483 0.35034 0.4182 0.50685 0.6527 0.88222 0.95751 0.98855 0.99949 0.99939 0.9976 0.99625 0.99551 0.99533 0.99561 0.9963 0.99734 0.99857 0.99962 0.99999 0.99906 0.99635 0.99168 0.98532 0.97784 0.97008 0.96297 0.95731 0.89972 0.85025 0.80921 0.77564 0.74852 0.72681 0.70957 0.69593 0.68512 0.67648 0.64294 0.59338 0.54557 0.49976
0.25081 0.29486 0.20408 0.092459 0.065353 0.004151 0.080822 0.18842 0.28571 0.36983 0.4597 0.60488 0.83848 0.92916 0.97268 0.99197 0.99719 0.9987 0.99929 0.99955 0.99968 0.99972 0.99965 0.99943 0.99888 0.99763 0.99523 0.99119 0.98514 0.97709 0.96749 0.95713 0.94702 0.93823 0.93166 0.87544 0.82786 0.78905 0.75785 0.73308 0.7136 0.69836 0.68647 0.67713 0.66969 0.63733 0.5888 0.54177 0.49656
0.2052 0.40228 0.33854 0.20123 0.10865 0.041182 0.035614 0.12091 0.21534 0.2904 0.38212 0.54313 0.79487 0.9037 0.95525 0.97744 0.98382 0.98608 0.98745 0.98859 0.98963 0.99046 0.99088 0.99064 0.98944 0.98687 0.98251 0.97595 0.96703 0.95595 0.9434 0.9304 0.91818 0.90799 0.90085 0.84663 0.80157 0.76555 0.73723 0.71525 0.69836 0.68544 0.67554 0.66788 0.6618 0.6308 0.58346 0.53734 0.49281
0.36641 0.50246 0.45928 0.28002 0.11872 0.008801 0.060549 0.11524 0.15064 0.19315 0.30029 0.49412 0.76838 0.8878 0.93877 0.95727 0.96055 0.96115 0.96224 0.96419 0.96673 0.96933 0.97138 0.97227 0.97146 0.96843 0.96278 0.95423 0.9428 0.92898 0.91369 0.89825 0.88413 0.87279 0.86537 0.81378 0.77182 0.73912 0.71415 0.69537 0.68141 0.67107 0.66338 0.65755 0.65296 0.62344 0.57743 0.53232 0.48856
0.22011 0.57965 0.53358 0.35301 0.17912 0.096173 0.10516 0.10462 0.064045 0.11183 0.26946 0.49083 0.77235 0.8841 0.92312 0.93143 0.92799 0.92506 0.92517 0.92805 0.93275 0.93808 0.94282 0.94585 0.94631 0.94353 0.93714 0.92699 0.91335 0.89697 0.87909 0.86134 0.84548 0.8332 0.82578 0.77736 0.73905 0.71019 0.689 0.67378 0.66303 0.6555 0.65018 0.64632 0.64332 0.61538 0.57078 0.52676 0.48383
0.53681 0.63278 0.53522 0.42985 0.28466 0.17911 0.13138 0.080835 0.07208 0.17908 0.33563 0.54372 0.80563 0.88893 0.90558 0.89875 0.88625 0.87881 0.87779 0.88198 0.88961 0.89861 0.90699 0.91303 0.91547 0.91349 0.90675 0.89529 0.87961 0.86077 0.84038 0.82037 0.80286 0.78979 0.78263 0.7379 0.70374 0.67917 0.66216 0.65083 0.64354 0.63899 0.63618 0.63437 0.63301 0.60672 0.5636 0.52071 0.47865
0.39065 0.35264 0.39417 0.45265 0.3732 0.26175 0.20639 0.21504 0.25406 0.33852 0.45872 0.62888 0.85255 0.89372 0.88187 0.85755 0.8353 0.82335 0.82163 0.82787 0.8393 0.85289 0.86574 0.87548 0.88043 0.87965 0.87282 0.86019 0.84254 0.82127 0.79833 0.77606 0.75692 0.74318 0.73648 0.69589 0.66635 0.64651 0.63404 0.62687 0.62323 0.62179 0.62157 0.62187 0.62219 0.59758 0.55598 0.51424 0.47306
0.14428 0.080354 0.27345 0.46982 0.47854 0.40052 0.37888 0.43353 0.45232 0.50346 0.58492 0.71339 0.89298 0.88869 0.84766 0.80639 0.77526 0.75975 0.75829 0.7676 0.78382 0.80287 0.8209 0.83485 0.84267 0.84329 0.8365 0.82275 0.80311 0.77934 0.75376 0.72913 0.70831 0.69393 0.68786 0.65184 0.62736 0.61264 0.60503 0.60223 0.6024 0.60416 0.60658 0.609 0.61099 0.58807 0.54798 0.50741 0.46712
0.21255 0.30299 0.32439 0.52839 0.59466 0.56065 0.57078 0.64495 0.62614 0.63941 0.68393 0.77397 0.91125 0.86638 0.80004 0.74463 0.70668 0.68921 0.68943 0.70306 0.72515 0.75046 0.77421 0.79269 0.80355 0.80565 0.7989 0.78397 0.76226 0.73584 0.70746 0.68028 0.65766 0.64263 0.63733 0.60625 0.58724 0.57799 0.57551 0.57727 0.58133 0.58634 0.59138 0.59591 0.59955 0.57829 0.53971 0.50029 0.46087
0.32943 0.091128 0.41436 0.5956 0.6593 0.6631 0.70278 0.78889 0.74154 0.72605 0.74121 0.79925 0.89954 0.82341 0.73819 0.67268 0.6306 0.61318 0.61676 0.63613 0.66517 0.69745 0.72728 0.75043 0.76431 0.76783 0.76103 0.74482 0.72089 0.69164 0.6602 0.63022 0.60558 0.58981 0.58539 0.55959 0.54643 0.543 0.54587 0.55231 0.56031 0.56854 0.57618 0.58276 0.588 0.56835 0.53125 0.49294 0.45437
0.66776 0.5545 0.53336 0.58265 0.626 0.6669 0.73458 0.8339 0.78293 0.75666 0.75378 0.78775 0.85763 0.76073 0.66357 0.59208 0.54852 0.53323 0.54203 0.56869 0.60571 0.64548 0.68154 0.70928 0.72604 0.7308 0.7238 0.70617 0.67984 0.64753 0.61275 0.57964 0.55267 0.536 0.53253 0.51234 0.50541 0.50808 0.51649 0.52766 0.53958 0.55098 0.56114 0.56969 0.57645 0.55835 0.52266 0.48544 0.44768
0.87224 0.72926 0.47828 0.43753 0.50267 0.58278 0.66782 0.78181 0.75561 0.73734 0.72756 0.74523 0.7913 0.68295 0.57963 0.5053 0.46231 0.45108 0.46706 0.50261 0.54853 0.59607 0.63823 0.67028 0.68963 0.69539 0.688 0.66879 0.63991 0.60432 0.56588 0.52922 0.4995 0.48167 0.47919 0.46494 0.46461 0.47367 0.48773 0.50363 0.51939 0.53385 0.54642 0.55683 0.56501 0.54838 0.51404 0.47784 0.44085
0.49508 0.44152 0.25743 0.21519 0.34942 0.45218 0.53111 0.65953 0.68028 0.68263 0.67386 0.68185 0.71017 0.5973 0.49138 0.41555 0.37401 0.36848 0.39379 0.43981 0.49528 0.55053 0.5984 0.63428 0.65579 0.66227 0.6543 0.63339 0.60183 0.56277 0.52034 0.47965 0.44664 0.42728 0.4258 0.41783 0.42451 0.44019 0.45994 0.48051 0.49997 0.51733 0.53215 0.5443 0.55379 0.53852 0.50546 0.47022 0.43394
0.1762 0.19809 0.15531 0.053423 0.23721 0.31706 0.35957 0.50572 0.58375 0.60944 0.60544 0.6092 0.62555 0.51256 0.40508 0.32667 0.2857 0.28726 0.32439 0.38239 0.44759 0.51 0.56284 0.60189 0.62507 0.63194 0.62324 0.60056 0.56627 0.52361 0.47689 0.43164 0.39466 0.37324 0.37274 0.37147 0.38557 0.40807 0.43349 0.45855 0.4815 0.50156 0.51846 0.53219 0.54287 0.52886 0.49697 0.46263 0.42701
0.15922 0.16997 0.1878 0.12611 0.19477 0.20637 0.1816 0.36202 0.49004 0.53169 0.53309 0.53761 0.54818 0.438 0.3283 0.24357 0.19941 0.20949 0.26172 0.33268 0.40695 0.4754 0.53213 0.57352 0.59783 0.60479 0.59523 0.57078 0.53381 0.48755 0.43634 0.38598 0.34416 0.31994 0.32038 0.32632 0.34832 0.37774 0.40869 0.43799 0.46417 0.48669 0.50545 0.52059 0.53232 0.51945 0.48865 0.45512 0.42011
0.29966 0.27757 0.17659 0.18951 0.2067 0.15826 0.019633 0.2714 0.4139 0.45724 0.46349 0.47401 0.48603 0.38193 0.27008 0.17408 0.11725 0.13844 0.20995 0.29326 0.37469 0.44738 0.50663 0.5494 0.57425 0.58102 0.57056 0.54445 0.50499 0.45526 0.39948 0.34353 0.29586 0.26774 0.26905 0.28291 0.3133 0.34966 0.38586 0.41905 0.44812 0.4728 0.4932 0.50957 0.52221 0.51036 0.48055 0.44776 0.4133
0.32153 0.24177 0.11095 0.25381 0.26211 0.2026 0.12681 0.25661 0.35736 0.38754 0.3988 0.42104 0.44248 0.34925 0.23927 0.13323 0.044585 0.083466 0.17531 0.26662 0.35173 0.42626 0.48643 0.52959 0.5544 0.56074 0.5494 0.52184 0.4802 0.42734 0.36718 0.30533 0.25063 0.21706 0.21908 0.2419 0.28117 0.32429 0.3653 0.40191 0.43347 0.45999 0.48177 0.49919 0.51259 0.50163 0.47271 0.4406 0.40662
0.42252 0.3301 0.23235 0.34912 0.34163 0.28145 0.23337 0.28066 0.31119 0.31955 0.33811 0.37786 0.41592 0.33896 0.23822 0.13686 0.047162 0.07389 0.16411 0.25426 0.33835 0.412 0.47143 0.51396 0.53822 0.54395 0.5318 0.50309 0.45972 0.40428 0.34024 0.27258 0.20975 0.16835 0.17089 0.20418 0.25266 0.30205 0.34723 0.38671 0.4203 0.44831 0.47122 0.48948 0.50351 0.49332 0.46518 0.43367 0.40012
0.66455 0.65451 0.45999 0.45487 0.41209 0.34612 0.30055 0.29644 0.26223 0.24866 0.28012 0.3425 0.40182 0.34476 0.2588 0.17288 0.10905 0.11234 0.17615 0.25558 0.33401 0.40417 0.4613 0.5023 0.52553 0.53053 0.51773 0.48823 0.44371 0.38644 0.3194 0.24663 0.17512 0.12244 0.12505 0.17105 0.22861 0.28338 0.33187 0.37353 0.40865 0.4378 0.46156 0.48048 0.49499 0.48544 0.458 0.42701 0.39384
0.66606 0.73099 0.57856 0.51681 0.44607 0.38016 0.33094 0.2883 0.20235 0.17175 0.22632 0.31427 0.39567 0.3592 0.2895 0.21895 0.16859 0.16251 0.20342 0.26788 0.33744 0.40203 0.45557 0.49428 0.51611 0.52029 0.50702 0.47714 0.43212 0.37394 0.30511 0.22876 0.14957 0.081311 0.082937 0.1445 0.2099 0.26859 0.31933 0.36242 0.39856 0.42846 0.45282 0.47219 0.48705 0.47804 0.45119 0.42067 0.38782
0.42081 0.43687 0.54682 0.49903 0.43469 0.38633 0.33785 0.26659 0.13661 0.090503 0.18415 0.29472 0.39469 0.37677 0.32233 0.26459 0.2224 0.21193 0.23752 0.28755 0.34691 0.40464 0.45364 0.48948 0.50963 0.51299 0.49944 0.46962 0.42476 0.36664 0.29747 0.21978 0.13635 0.052015 0.049586 0.12716 0.19725 0.25789 0.30965 0.35339 0.38999 0.42029 0.44497 0.46463 0.47971 0.47112 0.44479 0.41466 0.3821
0.30031 0.23628 0.44499 0.40386 0.38812 0.3779 0.3412 0.25918 0.10324 0.039322 0.16716 0.28633 0.39771 0.39442 0.35327 0.30623 0.27018 0.25774 0.27335 0.31132 0.36059 0.41094 0.45487 0.48746 0.50577 0.50831 0.49471 0.46534 0.42128 0.36415 0.29611 0.21954 0.13709 0.052496 0.043441 0.12134 0.19104 0.2513 0.30278 0.34636 0.38292 0.41324 0.43802 0.45779 0.47296 0.46471 0.4388 0.40902 0.3767
0.53898 0.4225 0.3257 0.25528 0.32673 0.36721 0.35497 0.28735 0.14869 0.10235 0.18158 0.28962 0.40406 0.41079 0.38071 0.34284 0.31209 0.29917 0.30826 0.33673 0.37687 0.41991 0.45859 0.48776 0.50414 0.50594 0.49248 0.46392 0.4212 0.36589 0.3002 0.22688 0.14978 0.078955 0.068287 0.12701 0.19102 0.2486 0.29857 0.34124 0.37726 0.40729 0.43192 0.45165 0.46682 0.4588 0.43325 0.40376 0.37165
0.46952 0.45955 0.2163 0.093389 0.27451 0.35831 0.37711 0.33908 0.2225 0.17608 0.21436 0.30149 0.41267 0.42529 0.40418 0.37431 0.34849 0.33608 0.34095 0.36213 0.39439 0.43061 0.46415 0.4899 0.50438 0.50551 0.49237 0.46493 0.42398 0.37112 0.3087 0.23998 0.17023 0.11232 0.10143 0.14136 0.19635 0.24941 0.29678 0.33788 0.37292 0.40236 0.42665 0.44619 0.46126 0.4534 0.42815 0.39891 0.36698
0.34301 0.46202 0.2425 0.11102 0.25063 0.34891 0.39515 0.38697 0.28481 0.23415 0.24811 0.31632 0.42184 0.43762 0.42377 0.40096 0.37979 0.36855 0.37078 0.38645 0.41213 0.44224 0.47097 0.49344 0.5061 0.50667 0.49401 0.4679 0.42906 0.37907 0.32047 0.25696 0.19468 0.14625 0.1352 0.16087 0.20584 0.25318 0.29714 0.3361 0.36979 0.39838 0.42215 0.44138 0.45628 0.4485 0.42349 0.39447 0.3627
0.29743 0.45169 0.31908 0.20842 0.24752 0.33512 0.39796 0.41144 0.32053 0.26921 0.27194 0.32857 0.42961 0.44756 0.43979 0.42324 0.40644 0.39676 0.39743 0.40899 0.42929 0.45411 0.4785 0.49795 0.50895 0.50908 0.49702 0.47241 0.43587 0.389 0.33445 0.27622 0.22068 0.17908 0.16785 0.18287 0.21824 0.25931 0.2993 0.33571 0.36775 0.39527 0.41837 0.4372 0.45186 0.4441 0.41929 0.39045 0.35882
0.22552 0.36779 0.30958 0.22958 0.23842 0.31429 0.38086 0.40418 0.3239 0.27808 0.28082 0.33446 0.43439 0.455 0.45265 0.44166 0.42889 0.42095 0.42079 0.42931 0.44531 0.46566 0.48627 0.50305 0.51259 0.51241 0.50105 0.47803 0.44389 0.40022 0.34973 0.29652 0.24681 0.21024 0.19882 0.20567 0.23246 0.2672 0.30293 0.3365 0.36666 0.39295 0.41527 0.43361 0.44797 0.4402 0.41554 0.38686 0.35536
0.17669 0.22927 0.22547 0.17568 0.21248 0.28669 0.34544 0.36604 0.29535 0.26132 0.27394 0.33253 0.43538 0.46003 0.46279 0.45672 0.44756 0.44134 0.44081 0.44713 0.45976 0.47646 0.49388 0.50837 0.5167 0.51635 0.50578 0.4844 0.45267 0.41217 0.36559 0.317 0.27223 0.23948 0.22791 0.22831 0.24763 0.27631 0.30769 0.33827 0.3664 0.39134 0.41278 0.43056 0.44459 0.43677 0.41223 0.3837 0.35232
0.091731 0.10401 0.13928 0.080161 0.18269 0.25597 0.29834 0.30492 0.24015 0.22296 0.25381 0.32352 0.43275 0.46296 0.4707 0.46891 0.46281 0.45814 0.45752 0.46226 0.47233 0.48616 0.501 0.51363 0.521 0.52063 0.5109 0.49116 0.46181 0.42436 0.38147 0.33704 0.29647 0.26672 0.25504 0.25022 0.26312 0.28618 0.31329 0.34082 0.36683 0.39034 0.41084 0.42803 0.4417 0.4338 0.40935 0.38096 0.34971
0.059363 0.073277 0.12543 0.042881 0.169 0.22767 0.25011 0.23479 0.16708 0.17022 0.22575 0.30992 0.42754 0.46437 0.47684 0.47862 0.47497 0.47155 0.47096 0.47462 0.48282 0.49448 0.50735 0.51856 0.52525 0.52499 0.51616 0.49804 0.47098 0.43642 0.39693 0.35623 0.31923 0.2919 0.28017 0.27105 0.27847 0.29641 0.31945 0.34397 0.36784 0.38988 0.4094 0.42597 0.43927 0.43127 0.40691 0.37865 0.34752
0.12853 0.1867 0.18614 0.13157 0.17566 0.20669 0.21313 0.17642 0.087991 0.11434 0.19733 0.29526 0.42139 0.46501 0.48169 0.48621 0.48428 0.48173 0.48118 0.48413 0.49107 0.50124 0.51273 0.52295 0.52924 0.52924 0.52133 0.50479 0.4799 0.44804 0.41167 0.37428 0.34034 0.31504 0.30331 0.29061 0.29334 0.30671 0.32594 0.34755 0.36931 0.38988 0.40841 0.42435 0.43728 0.42917 0.40488 0.37675 0.34576
0.28551 0.33121 0.26687 0.20674 0.19032 0.19388 0.19538 0.15439 0.036453 0.076995 0.177 0.2832 0.41612 0.46566 0.48566 0.49192 0.49092 0.48879 0.48824 0.49079 0.49701 0.5063 0.51696 0.52664 0.53279 0.53318 0.52624 0.5112 0.48835 0.45898 0.42544 0.391 0.35972 0.33613 0.32447 0.30878 0.30751 0.31684 0.33256 0.35142 0.37114 0.39026 0.40781 0.42313 0.43569 0.42747 0.40325 0.37525 0.34441
0.45199 0.4118 0.3307 0.25574 0.19776 0.18387 0.19295 0.17021 0.081796 0.086388 0.17056 0.27647 0.41329 0.46703 0.48903 0.49592 0.495 0.49282 0.4922 0.49462 0.50061 0.50959 0.51996 0.52948 0.53577 0.53669 0.53071 0.51712 0.49615 0.46907 0.43809 0.40627 0.37731 0.35522 0.34368 0.32549 0.32083 0.3266 0.33916 0.35545 0.37323 0.39095 0.40755 0.42226 0.43448 0.42616 0.40201 0.37415 0.34347
0.35708 0.36073 0.35541 0.26918 0.18515 0.16836 0.19418 0.19672 0.13348 0.12033 0.17693 0.27611 0.41395 0.46959 0.49196 0.49826 0.49657 0.49388 0.49312 0.49565 0.50188 0.51109 0.52165 0.53141 0.53808 0.53963 0.53463 0.5224 0.50318 0.47817 0.44949 0.42 0.39309 0.37234 0.36099 0.34073 0.33318 0.33588 0.3456 0.35953 0.3755 0.3919 0.40759 0.42172 0.43362 0.42521 0.40113 0.37343 0.34292
0.082592 0.25674 0.34366 0.24615 0.14652 0.14312 0.1905 0.21385 0.16706 0.15024 0.18983 0.28148 0.4184 0.47351 0.49446 0.49889 0.49561 0.49201 0.49106 0.49397 0.50087 0.51081 0.52203 0.53237 0.53964 0.54193 0.53791 0.52695 0.50931 0.48618 0.45957 0.43216 0.40707 0.38754 0.37644 0.35447 0.34452 0.34456 0.35177 0.36358 0.37787 0.39304 0.40788 0.42147 0.43308 0.4246 0.40061 0.37307 0.34276
0.22211 0.28424 0.31771 0.20459 0.087215 0.11251 0.17974 0.21436 0.17932 0.16769 0.20335 0.29104 0.42637 0.47865 0.49636 0.49768 0.49206 0.48723 0.48611 0.48968 0.49768 0.50881 0.5211 0.53235 0.54042 0.54353 0.54046 0.53069 0.5145 0.49305 0.46828 0.44273 0.41927 0.40086 0.39008 0.36674 0.35479 0.35257 0.3576 0.36752 0.38029 0.39432 0.40838 0.42148 0.43284 0.42431 0.40042 0.37306 0.34297
0.32662 0.36473 0.29792 0.17786 0.031149 0.089409 0.16352 0.19729 0.17066 0.17187 0.21468 0.30327 0.43713 0.48459 0.49734 0.49442 0.48584 0.47953 0.47834 0.4829 0.49243 0.5052 0.51894 0.53136 0.5404 0.54439 0.54225 0.53356 0.51867 0.49872 0.4756 0.45171 0.42973 0.41236 0.40196 0.37755 0.36398 0.35988 0.36303 0.37128 0.3827 0.39571 0.40906 0.42172 0.43288 0.42433 0.40055 0.37339 0.34353
0.38584 0.38201 0.28284 0.18129 0.059511 0.085165 0.14411 0.1646 0.14377 0.16595 0.22395 0.31715 0.44975 0.49072 0.49698 0.48885 0.47683 0.46895 0.46788 0.47378 0.48529 0.5001 0.51562 0.52945 0.53958 0.54449 0.54325 0.53554 0.5218 0.50318 0.48152 0.45911 0.43847 0.4221 0.41214 0.38695 0.37209 0.36644 0.36801 0.37482 0.38506 0.39716 0.40988 0.42217 0.43316 0.42462 0.40098 0.37403 0.34443
0.3502 0.30238 0.25318 0.19381 0.10413 0.093371 0.12374 0.1203 0.10365 0.15639 0.23302 0.33216 0.46325 0.49631 0.49482 0.4807 0.46492 0.45552 0.45486 0.46254 0.47644 0.49366 0.51125 0.52667 0.53799 0.54383 0.54343 0.53661 0.52387 0.50642 0.48605 0.46496 0.44555 0.43013 0.42068 0.39496 0.37913 0.37224 0.37251 0.37811 0.38732 0.39864 0.41082 0.42279 0.43367 0.42517 0.40169 0.37497 0.34565
0.219 0.17183 0.20041 0.19893 0.13403 0.10326 0.1073 0.073468 0.061431 0.15219 0.24424 0.34806 0.4767 0.5006 0.49036 0.4697 0.45002 0.43928 0.43945 0.44937 0.46612 0.48608 0.50595 0.5231 0.53566 0.54243 0.54281 0.53676 0.52489 0.50844 0.4892 0.4693 0.45102 0.43653 0.42765 0.40163 0.38511 0.37728 0.37651 0.38111 0.38947 0.40012 0.41184 0.42356 0.43439 0.42596 0.40266 0.3762 0.34717
0.24233 0.10453 0.13688 0.19943 0.15357 0.11467 0.10464 0.057972 0.056387 0.16109 0.25915 0.36454 0.48924 0.50288 0.48315 0.45559 0.43206 0.42033 0.42184 0.43455 0.45455 0.47755 0.49988 0.51883 0.53266 0.54032 0.54139 0.536 0.52486 0.50926 0.491 0.47216 0.45493 0.44134 0.43309 0.40701 0.39007 0.38156 0.38 0.38381 0.39147 0.40158 0.41293 0.42447 0.43528 0.42698 0.40387 0.37768 0.34897
0.36998 0.083592 0.10221 0.20368 0.16908 0.13145 0.12239 0.10022 0.10196 0.18399 0.27787 0.38118 0.50011 0.50253 0.47279 0.4382 0.41102 0.3988 0.40229 0.41835 0.44202 0.46829 0.49317 0.51397 0.52904 0.53752 0.5392 0.53435 0.52379 0.5089 0.49148 0.4736 0.45734 0.44464 0.43708 0.41114 0.39402 0.38509 0.38297 0.38619 0.3933 0.40299 0.41407 0.42549 0.43635 0.42819 0.40531 0.37942 0.35105
0.4674 0.15205 0.14888 0.21311 0.181 0.15236 0.15393 0.1574 0.15691 0.21552 0.29925 0.39735 0.50869 0.49909 0.45902 0.41741 0.38693 0.37486 0.38107 0.4011 0.42881 0.45851 0.486 0.50861 0.52486 0.53409 0.53627 0.53183 0.52172 0.5074 0.49069 0.47365 0.4583 0.44649 0.43968 0.41409 0.39702 0.3879 0.38543 0.38824 0.39497 0.40435 0.41523 0.4266 0.43756 0.42959 0.40696 0.38139 0.35337
0.59145 0.32455 0.22779 0.21882 0.18394 0.1715 0.1884 0.2113 0.20794 0.24934 0.32152 0.4124 0.51454 0.49228 0.44171 0.39319 0.35987 0.34873 0.35853 0.38318 0.41523 0.44845 0.47851 0.50286 0.5202 0.53007 0.53262 0.52847 0.51868 0.50478 0.48867 0.47237 0.45788 0.44695 0.44095 0.41589 0.39908 0.38999 0.38738 0.38996 0.39644 0.40563 0.41641 0.42779 0.4389 0.43115 0.4088 0.38357 0.35593
0.59359 0.44726 0.28464 0.2071 0.17216 0.18382 0.21834 0.25566 0.25043 0.28093 0.34301 0.42578 0.51743 0.48205 0.42088 0.36561 0.32998 0.32071 0.33508 0.36496 0.4016 0.43832 0.47086 0.49682 0.51512 0.52551 0.52831 0.5243 0.51469 0.5011 0.48546 0.46982 0.45613 0.44609 0.44096 0.41661 0.40027 0.3914 0.38884 0.39135 0.39773 0.40682 0.41758 0.42905 0.44035 0.43287 0.41082 0.38594 0.3587
0.36435 0.46882 0.29706 0.16942 0.14462 0.18806 0.23977 0.28708 0.28216 0.30775 0.36252 0.43717 0.51742 0.46861 0.39678 0.33485 0.29745 0.29114 0.31118 0.34688 0.38822 0.42835 0.46319 0.49059 0.5097 0.52045 0.52337 0.51938 0.50981 0.49639 0.48111 0.46605 0.45313 0.44398 0.43977 0.4163 0.40061 0.39216 0.38982 0.39242 0.39882 0.40793 0.41875 0.43036 0.44191 0.43472 0.413 0.3885 0.36167
0.10858 0.44516 0.27518 0.11091 0.10794 0.18672 0.25102 0.30378 0.30242 0.32886 0.37954 0.44657 0.5149 0.45249 0.36989 0.30124 0.26254 0.26048 0.28739 0.32939 0.37542 0.41874 0.45564 0.48427 0.504 0.51496 0.51785 0.51373 0.50407 0.4907 0.47568 0.46112 0.44892 0.44067 0.43745 0.41502 0.40015 0.3923 0.39035 0.39318 0.39971 0.40893 0.41989 0.4317 0.44356 0.4367 0.41533 0.39123 0.36482
0.29492 0.44559 0.25383 0.062452 0.080431 0.18386 0.25169 0.30524 0.3118 0.34455 0.39415 0.45436 0.51058 0.43454 0.34099 0.26524 0.22555 0.22931 0.26438 0.31298 0.36348 0.40967 0.44832 0.47792 0.49807 0.50908 0.51179 0.5074 0.49753 0.48409 0.46922 0.45508 0.44358 0.43623 0.43406 0.41282 0.39895 0.39186 0.39044 0.39363 0.40042 0.40984 0.421 0.43308 0.44528 0.43879 0.4178 0.39411 0.36814
0.46962 0.47153 0.25198 0.082419 0.08668 0.18221 0.2418 0.29199 0.31205 0.35597 0.40695 0.46122 0.50555 0.41601 0.31124 0.22756 0.18683 0.19838 0.24289 0.29812 0.35268 0.40129 0.44133 0.47163 0.49198 0.50286 0.50523 0.50045 0.49022 0.47659 0.46178 0.44799 0.43715 0.43074 0.42966 0.40976 0.39704 0.39086 0.39012 0.3938 0.40094 0.41064 0.42209 0.43448 0.44707 0.44098 0.42038 0.39713 0.37162
0.49894 0.47768 0.24538 0.12342 0.11676 0.18148 0.2214 0.26554 0.30593 0.36484 0.4189 0.4681 0.50119 0.39855 0.28236 0.18927 0.14678 0.1688 0.22383 0.28526 0.34323 0.39372 0.43475 0.46544 0.48578 0.49635 0.49823 0.49291 0.4822 0.46826 0.45342 0.43992 0.42972 0.42424 0.42432 0.4059 0.39447 0.38934 0.38941 0.39368 0.40127 0.41135 0.42313 0.43589 0.44891 0.44326 0.42308 0.40027 0.37523
0.39068 0.43476 0.20461 0.14819 0.1484 0.17933 0.19057 0.22856 0.29718 0.37313 0.43112 0.47614 0.49912 0.38416 0.25668 0.1522 0.10584 0.14224 0.20815 0.27482 0.33533 0.38707 0.42864 0.45942 0.47951 0.48958 0.49083 0.48483 0.47352 0.45916 0.44419 0.43092 0.42133 0.41681 0.41811 0.4013 0.3913 0.38734 0.38833 0.39331 0.40144 0.41195 0.42413 0.4373 0.4508 0.44561 0.42588 0.40354 0.37898
0.28024 0.36233 0.1242 0.15885 0.17449 0.17413 0.14986 0.18575 0.29021 0.38279 0.44476 0.4865 0.501 0.37501 0.23724 0.1199 0.064653 0.12127 0.19679 0.26708 0.32908 0.38139 0.42305 0.4536 0.47321 0.48262 0.48308 0.47627 0.46423 0.44934 0.43414 0.42104 0.41204 0.40851 0.41109 0.39602 0.38757 0.38491 0.38693 0.3927 0.40144 0.41245 0.42509 0.43872 0.45273 0.44804 0.42877 0.40691 0.38284
0.28165 0.31582 0.017234 0.16913 0.19598 0.16741 0.10177 0.14676 0.28958 0.39551 0.46082 0.50022 0.50832 0.37309 0.22731 0.099253 0.025354 0.10931 0.19045 0.26222 0.32452 0.3767 0.418 0.44801 0.46692 0.47548 0.47502 0.46726 0.45438 0.43886 0.42334 0.41035 0.40192 0.3994 0.40331 0.39011 0.38333 0.38207 0.38521 0.39186 0.40129 0.41286 0.426 0.44014 0.45469 0.45052 0.43173 0.41037 0.38681
0.37231 0.33424 0.091794 0.19164 0.21719 0.16544 0.059189 0.13129 0.29894 0.41248 0.48011 0.51813 0.52214 0.37976 0.22927 0.098983 0.02483 0.1091 0.18942 0.26023 0.32163 0.37298 0.41348 0.44266 0.46066 0.46822 0.46669 0.45788 0.44403 0.42776 0.41184 0.3989 0.39103 0.38955 0.39486 0.38363 0.37863 0.37887 0.38322 0.39081 0.40099 0.41318 0.42687 0.44155 0.45667 0.45306 0.43477 0.41392 0.39088
0.47346 0.3774 0.1873 0.22953 0.24349 0.17754 0.073424 0.15688 0.31983 0.43436 0.50312 0.54066 0.5429 0.39537 0.24333 0.11927 0.063191 0.12008 0.1934 0.26097 0.32033 0.3702 0.4095 0.43758 0.45446 0.46087 0.45815 0.44815 0.43323 0.41611 0.3997 0.38675 0.37942 0.37901 0.38578 0.37663 0.37352 0.37535 0.38098 0.38958 0.40056 0.41342 0.4277 0.44294 0.45868 0.45563 0.43787 0.41754 0.39503
0.48851 0.37738 0.259 0.27949 0.27901 0.20919 0.13667 0.21284 0.35136 0.46123 0.53002 0.56786 0.5704 0.41921 0.26752 0.15149 0.10266 0.13881 0.20162 0.26411 0.32046 0.36829 0.40602 0.43275 0.44836 0.45347 0.44943 0.43814 0.42203 0.40395 0.38696 0.37395 0.36715 0.36784 0.37614 0.36919 0.36805 0.37155 0.37852 0.38818 0.40001 0.41357 0.42848 0.44433 0.4607 0.45825 0.44103 0.42123 0.39925
0.37106 0.30175 0.30812 0.33725 0.32464 0.25726 0.21036 0.28129 0.39096 0.49267 0.56069 0.59941 0.60383 0.44979 0.29885 0.18868 0.1411 0.16176 0.21306 0.26927 0.32186 0.36717 0.40303 0.42819 0.44236 0.44605 0.44059 0.4279 0.4105 0.39136 0.3737 0.36055 0.35428 0.35611 0.366 0.36135 0.36227 0.3675 0.37586 0.38664 0.39935 0.41365 0.42921 0.4457 0.46274 0.4609 0.44423 0.42498 0.40355
0.19011 0.17217 0.34611 0.39856 0.37737 0.31374 0.28371 0.35186 0.43541 0.52788 0.59468 0.63465 0.64197 0.48525 0.33445 0.22727 0.17798 0.18648 0.22668 0.27602 0.32432 0.36675 0.40048 0.4239 0.43648 0.43865 0.43166 0.41748 0.39868 0.37838 0.35995 0.34662 0.34086 0.34388 0.35544 0.35317 0.35623 0.36324 0.37304 0.38496 0.3986 0.41366 0.42991 0.44706 0.46478 0.46358 0.44748 0.42879 0.40791
0.15593 0.14175 0.38806 0.45822 0.43124 0.37012 0.35074 0.41836 0.48163 0.56587 0.63139 0.6727 0.6834 0.5237 0.37198 0.26541 0.21292 0.21148 0.24158 0.28391 0.32762 0.36692 0.39833 0.41986 0.43075 0.43129 0.4227 0.40693 0.38665 0.36507 0.34578 0.3322 0.32695 0.3312 0.34451 0.34472 0.34998 0.35882 0.37009 0.38318 0.39776 0.41361 0.43057 0.4484 0.46682 0.46628 0.45076 0.43264 0.41232
0.20879 0.28507 0.43913 0.50992 0.47894 0.41878 0.40642 0.4764 0.52695 0.60555 0.67001 0.71257 0.72661 0.56341 0.40969 0.30204 0.24568 0.23588 0.25701 0.29255 0.33158 0.36759 0.39654 0.41608 0.42519 0.42403 0.41375 0.39632 0.37445 0.3515 0.33124 0.31735 0.3126 0.31813 0.33327 0.33605 0.34356 0.35426 0.36703 0.38131 0.39684 0.41351 0.43119 0.44972 0.46887 0.469 0.45407 0.43654 0.41678
0.21882 0.42366 0.48754 0.54703 0.51339 0.45342 0.44642 0.52266 0.56932 0.64585 0.70969 0.75316 0.77016 0.60285 0.44626 0.33645 0.27601 0.25911 0.27241 0.30158 0.33599 0.36866 0.39509 0.41254 0.4198 0.41688 0.40487 0.3857 0.36216 0.33773 0.3164 0.30212 0.29786 0.30474 0.32179 0.32722 0.33703 0.34962 0.36389 0.37936 0.39587 0.41336 0.43178 0.45103 0.47092 0.47173 0.45741 0.44047 0.42128
0.34121 0.50649 0.51385 0.56412 0.52904 0.46933 0.46738 0.55497 0.6074 0.68584 0.74953 0.79342 0.81268 0.64073 0.48067 0.36815 0.30374 0.28082 0.28736 0.31072 0.3407 0.37006 0.39392 0.40925 0.41462 0.4099 0.39609 0.37514 0.34984 0.32382 0.3013 0.28654 0.28279 0.29108 0.31014 0.31828 0.33044 0.34492 0.36069 0.37736 0.39484 0.41316 0.43234 0.45232 0.47296 0.47448 0.46078 0.44443 0.42582
0.44762 0.50827 0.50518 0.55852 0.52287 0.46381 0.46721 0.5725 0.64061 0.72478 0.78867 0.8323 0.85295 0.67597 0.51217 0.39677 0.32875 0.30076 0.30157 0.31973 0.34555 0.37169 0.393 0.4062 0.40965 0.4031 0.38748 0.36468 0.33756 0.30984 0.286 0.27069 0.26742 0.27722 0.29838 0.30931 0.32382 0.34019 0.35747 0.37533 0.39378 0.41294 0.43288 0.4536 0.475 0.47723 0.46416 0.44841 0.43039
0.3917 0.42163 0.46321 0.53126 0.49494 0.43631 0.44537 0.57601 0.66916 0.76213 0.82627 0.86884 0.88989 0.7077 0.54017 0.42207 0.35094 0.31881 0.31483 0.32844 0.35043 0.37351 0.39232 0.4034 0.40493 0.39654 0.37907 0.3544 0.32538 0.29585 0.27057 0.25459 0.25182 0.26321 0.28658 0.30035 0.31723 0.33549 0.35423 0.37327 0.39269 0.41268 0.43339 0.45486 0.47704 0.47999 0.46756 0.45242 0.43498
0.21828 0.26912 0.40385 0.48693 0.44856 0.3885 0.40299 0.56813 0.69393 0.79751 0.86161 0.90218 0.92257 0.73518 0.56423 0.44385 0.37027 0.33487 0.327 0.33671 0.35525 0.37544 0.39185 0.40084 0.40047 0.39024 0.37093 0.34436 0.31338 0.28194 0.25507 0.23831 0.23603 0.24912 0.27481 0.29148 0.31072 0.33082 0.35102 0.37121 0.39158 0.4124 0.43387 0.4561 0.47907 0.48276 0.47097 0.45645 0.4396
0.086592 0.10025 0.34919 0.43259 0.39008 0.32415 0.34308 0.55352 0.71636 0.83071 0.89399 0.93155 0.95022 0.75786 0.58403 0.46199 0.38671 0.34893 0.338 0.34444 0.35994 0.37747 0.39158 0.39854 0.39629 0.38425 0.36311 0.33463 0.30165 0.26819 0.23955 0.22188 0.2201 0.23502 0.26315 0.28274 0.30432 0.32624 0.34784 0.36915 0.39046 0.41211 0.43435 0.45734 0.48109 0.48552 0.47438 0.46049 0.44424
0.099431 0.10538 0.3145 0.37623 0.3285 0.24917 0.27128 0.53873 0.7381 0.86158 0.92284 0.95629 0.97221 0.77531 0.59934 0.47644 0.40028 0.36097 0.34778 0.35158 0.36444 0.37954 0.39148 0.39648 0.39241 0.3786 0.35565 0.32527 0.29026 0.25467 0.2241 0.20535 0.20407 0.22097 0.25166 0.27419 0.29808 0.32176 0.34472 0.36712 0.38935 0.4118 0.4348 0.45856 0.48311 0.48829 0.47781 0.46455 0.4489
0.20352 0.23317 0.29944 0.32502 0.27468 0.17323 0.19883 0.53144 0.7607 0.89 0.94765 0.97586 0.98803 0.78722 0.61004 0.4872 0.41105 0.37104 0.35635 0.35811 0.36873 0.38165 0.39157 0.3947 0.38886 0.37332 0.34861 0.31636 0.2793 0.24149 0.2088 0.18876 0.188 0.20706 0.24043 0.26591 0.29204 0.31741 0.34168 0.36513 0.38824 0.41148 0.43525 0.45977 0.48513 0.49105 0.48124 0.46861 0.45356
0.33258 0.33061 0.29318 0.28299 0.23907 0.11839 0.15292 0.53858 0.78526 0.91579 0.968 0.98983 0.99736 0.79339 0.61607 0.49431 0.41908 0.37921 0.36373 0.36401 0.37279 0.38378 0.39182 0.39318 0.38565 0.36845 0.34204 0.30796 0.26885 0.22875 0.19372 0.17217 0.17193 0.19336 0.22955 0.25794 0.28625 0.31322 0.33873 0.36318 0.38714 0.41117 0.43569 0.46097 0.48713 0.49382 0.48468 0.47268 0.45824
0.41502 0.38747 0.28362 0.24879 0.22653 0.12644 0.17368 0.56384 0.81221 0.93874 0.98355 0.99792 0.99995 0.79375 0.61744 0.49785 0.42449 0.38555 0.36997 0.36929 0.3766 0.38592 0.39225 0.39194 0.38281 0.36402 0.33598 0.30013 0.25901 0.21656 0.17898 0.15562 0.15591 0.17996 0.21909 0.25035 0.28072 0.30922 0.33589 0.36129 0.38607 0.41086 0.43612 0.46216 0.48913 0.49658 0.48811 0.47676 0.46292
0.41225 0.39768 0.26062 0.21627 0.23273 0.18718 0.24796 0.60634 0.84124 0.95855 0.99405 0.99995 0.99573 0.78829 0.61425 0.49794 0.42741 0.39018 0.37511 0.37397 0.38019 0.38807 0.39285 0.39099 0.38034 0.36006 0.33048 0.29295 0.24987 0.20504 0.16468 0.13917 0.14001 0.16698 0.20915 0.24319 0.27551 0.30541 0.33317 0.35946 0.38503 0.41055 0.43654 0.46334 0.49112 0.49934 0.49155 0.48084 0.46761
0.33863 0.36193 0.21824 0.17887 0.24959 0.26189 0.34005 0.66155 0.87135 0.97487 0.99935 0.99585 0.98473 0.77711 0.60662 0.49475 0.42798 0.3932 0.37924 0.3781 0.38355 0.39023 0.39363 0.39034 0.37827 0.35659 0.32557 0.28647 0.24153 0.19433 0.15099 0.12286 0.12428 0.15454 0.19982 0.23651 0.27063 0.30183 0.33058 0.3577 0.38402 0.41026 0.43697 0.46452 0.49311 0.50209 0.49498 0.48492 0.4723
0.25379 0.29689 0.15898 0.13622 0.27275 0.33673 0.43377 0.72346 0.90115 0.98735 0.99938 0.98571 0.96708 0.76038 0.59473 0.48847 0.42637 0.39475 0.38244 0.38171 0.38671 0.39242 0.39458 0.38999 0.37661 0.35363 0.32128 0.28074 0.23407 0.18457 0.13807 0.10678 0.1088 0.14278 0.1912 0.23037 0.26612 0.29848 0.32813 0.35602 0.38305 0.40998 0.4374 0.4657 0.49509 0.50484 0.49842 0.489 0.47699
0.19973 0.23419 0.10163 0.10527 0.30248 0.40758 0.52217 0.78629 0.92908 0.99568 0.99421 0.96971 0.94304 0.73833 0.57881 0.47929 0.42277 0.39497 0.3848 0.38486 0.38969 0.39463 0.39573 0.38995 0.37537 0.3512 0.31766 0.27581 0.22757 0.17591 0.12615 0.091019 0.093689 0.13187 0.18339 0.22481 0.262 0.29537 0.32584 0.35443 0.38212 0.40971 0.43782 0.46687 0.49706 0.50759 0.50185 0.49308 0.48168
0.16983 0.20037 0.096345 0.12467 0.3405 0.47282 0.60147 0.84529 0.95366 0.99966 0.98402 0.94815 0.91297 0.71127 0.55913 0.46748 0.41739 0.394 0.38641 0.3876 0.39252 0.39689 0.39706 0.39021 0.37454 0.34931 0.3147 0.27172 0.22211 0.16849 0.11551 0.075715 0.07909 0.12203 0.17647 0.21985 0.25827 0.29252 0.32369 0.35292 0.38123 0.40947 0.43826 0.46804 0.49904 0.51033 0.50528 0.49716 0.48637
0.13622 0.18606 0.14771 0.19037 0.38678 0.53134 0.66928 0.89696 0.97368 0.99921 0.96909 0.92147 0.87731 0.67954 0.53598 0.45328 0.41042 0.39199 0.38737 0.38998 0.39521 0.39919 0.39858 0.39079 0.37414 0.34796 0.31243 0.26849 0.21774 0.16246 0.10647 0.061116 0.065265 0.11346 0.17054 0.21555 0.25496 0.28994 0.32171 0.35151 0.3804 0.40924 0.4387 0.4692 0.501 0.51307 0.5087 0.50123 0.49105
0.1056 0.16145 0.20864 0.27148 0.43859 0.58198 0.72407 0.93896 0.98829 0.99441 0.94987 0.89019 0.83661 0.64355 0.50968 0.43698 0.40211 0.38912 0.38778 0.39206 0.3978 0.40156 0.4003 0.39167 0.37416 0.34715 0.31084 0.26613 0.2145 0.15793 0.099383 0.047704 0.052682 0.10644 0.16566 0.21191 0.25208 0.28761 0.31989 0.35018 0.37961 0.40904 0.43915 0.47037 0.50297 0.5158 0.51212 0.5053 0.49573
0.098653 0.12105 0.26706 0.35257 0.4913 0.62339 0.76492 0.96996 0.99707 0.98552 0.92689 0.85498 0.79149 0.60374 0.48058 0.41889 0.39267 0.38552 0.38774 0.39389 0.40032 0.40399 0.40221 0.39286 0.3746 0.34687 0.30994 0.26465 0.2124 0.15497 0.094597 0.03654 0.042241 0.10118 0.16189 0.20895 0.24961 0.28555 0.31822 0.34896 0.37887 0.40887 0.43961 0.47154 0.50493 0.51853 0.51554 0.50936 0.5004
0.050864 0.12632 0.32398 0.42582 0.53982 0.65414 0.79144 0.98952 1 0.97299 0.90082 0.81659 0.74267 0.56056 0.44903 0.39931 0.38237 0.38138 0.38735 0.39553 0.40279 0.4065 0.40431 0.39435 0.37543 0.34712 0.30969 0.26402 0.21143 0.1536 0.092349 0.029861 0.035571 0.097882 0.15926 0.20667 0.24757 0.28375 0.31672 0.34782 0.37819 0.40872 0.44008 0.47271 0.50689 0.52126 0.51895 0.51342 0.50506
0.10262 0.22151 0.3788 0.48651 0.57963 0.67295 0.80371 0.99789 0.99749 0.9574 0.87245 0.77589 0.69093 0.51452 0.41544 0.37861 0.37144 0.37686 0.38672 0.39703 0.40523 0.40909 0.40659 0.39612 0.37665 0.34787 0.31009 0.26421 0.21156 0.15379 0.092691 0.030343 0.034568 0.096633 0.15775 0.20505 0.24594 0.28221 0.31537 0.34678 0.37755 0.4086 0.44056 0.47389 0.50885 0.52398 0.52235 0.51747 0.50972
0.25042 0.33877 0.42549 0.5319 0.60736 0.67882 0.80223 0.99588 0.99014 0.93948 0.84264 0.73384 0.63719 0.46613 0.38018 0.35714 0.36017 0.37211 0.38592 0.39845 0.40767 0.41177 0.40906 0.39816 0.37825 0.3491 0.3111 0.26519 0.21273 0.15545 0.095457 0.037357 0.039339 0.097392 0.15734 0.20408 0.2447 0.28091 0.31417 0.34582 0.37697 0.4085 0.44105 0.47507 0.51081 0.5267 0.52575 0.52151 0.51436
0.3612 0.42887 0.45571 0.56082 0.62092 0.67126 0.78788 0.98475 0.97882 0.92002 0.81231 0.69153 0.58245 0.41592 0.3437 0.33531 0.34881 0.3673 0.38506 0.39983 0.41013 0.41455 0.4117 0.40046 0.38019 0.35077 0.31269 0.26691 0.21487 0.15845 0.1003 0.047831 0.047916 0.099986 0.15796 0.20372 0.24385 0.27985 0.31312 0.34496 0.37644 0.40843 0.44156 0.47625 0.51277 0.52942 0.52915 0.52555 0.519
0.40632 0.46284 0.46382 0.57356 0.61947 0.65025 0.76186 0.96603 0.96454 0.89986 0.78241 0.6501 0.52785 0.36445 0.30644 0.31357 0.33765 0.36258 0.38421 0.4012 0.41262 0.41741 0.4145 0.40301 0.38246 0.35287 0.3148 0.2693 0.21788 0.16263 0.10681 0.059729 0.058405 0.10415 0.15954 0.20394 0.24335 0.27901 0.31221 0.34418 0.37596 0.40839 0.44208 0.47745 0.51473 0.53214 0.53254 0.52958 0.52363
0.38908 0.42848 0.45045 0.57161 0.60332 0.61628 0.72567 0.94145 0.94834 0.87982 0.75389 0.61078 0.47474 0.31229 0.26893 0.29238 0.32696 0.3581 0.38346 0.40262 0.41516 0.42037 0.41746 0.40578 0.38503 0.35536 0.31741 0.2723 0.22167 0.16781 0.11456 0.072135 0.069739 0.10958 0.16196 0.20468 0.24319 0.27839 0.31143 0.34348 0.37552 0.40837 0.44262 0.47865 0.5167 0.53485 0.53593 0.5336 0.52824
0.32233 0.33013 0.4232 0.55728 0.5737 0.5703 0.68105 0.91285 0.93121 0.86062 0.72762 0.57481 0.42469 0.26007 0.23175 0.2723 0.31701 0.35399 0.38288 0.40412 0.41776 0.42342 0.42056 0.40876 0.38788 0.35819 0.32045 0.27584 0.22613 0.17381 0.12318 0.084637 0.081376 0.11598 0.16512 0.2059 0.24333 0.27796 0.31078 0.34285 0.37514 0.40839 0.44317 0.47985 0.51867 0.53757 0.53931 0.53762 0.53284
0.23313 0.18572 0.39431 0.5333 0.5326 0.51356 0.63003 0.88208 0.91406 0.84291 0.70435 0.54339 0.37961 0.20856 0.1957 0.2539 0.30807 0.35039 0.38252 0.40573 0.42044 0.42656 0.42379 0.41191 0.39096 0.36134 0.32388 0.27986 0.23115 0.18045 0.13238 0.097032 0.093037 0.12308 0.16889 0.20754 0.24375 0.27771 0.31023 0.3423 0.37479 0.40843 0.44374 0.48107 0.52064 0.54028 0.54269 0.54163 0.53744
0.18308 0.044629 0.37522 0.50259 0.4827 0.4476 0.57492 0.85095 0.89765 0.82714 0.68464 0.51754 0.34168 0.15883 0.16192 0.23782 0.30038 0.3474 0.38246 0.40747 0.4232 0.42978 0.42714 0.41524 0.39427 0.36476 0.32764 0.28428 0.23664 0.18759 0.14193 0.1092 0.10456 0.13065 0.17317 0.20955 0.24441 0.27762 0.30979 0.34181 0.37449 0.40849 0.44432 0.4823 0.52262 0.543 0.54607 0.54562 0.54202
0.23402 0.16434 0.37011 0.46803 0.42733 0.37407 0.51848 0.82116 0.88257 0.81359 0.66881 0.498 0.31322 0.11294 0.13224 0.22469 0.29415 0.34512 0.38272 0.40937 0.42605 0.43308 0.43059 0.4187 0.39776 0.36842 0.33169 0.28903 0.2425 0.19508 0.15165 0.12108 0.11585 0.13851 0.17783 0.21186 0.24529 0.27767 0.30945 0.34138 0.37422 0.40859 0.44492 0.48354 0.5246 0.54571 0.54944 0.54962 0.54658
0.33983 0.30904 0.37442 0.43262 0.37064 0.29472 0.46403 0.79427 0.8692 0.80233 0.65689 0.48508 0.29616 0.076448 0.10973 0.2151 0.28954 0.34361 0.38336 0.41144 0.42898 0.43646 0.43412 0.42227 0.40141 0.37227 0.33597 0.29405 0.24863 0.20281 0.16142 0.13263 0.12685 0.14652 0.18279 0.21442 0.24635 0.27785 0.30919 0.34101 0.374 0.4087 0.44554 0.48479 0.52659 0.54843 0.55281 0.5536 0.55114
0.44585 0.41931 0.3801 0.39942 0.31789 0.21131 0.4157 0.77158 0.85774 0.79323 0.64866 0.47855 0.29123 0.063988 0.098645 0.20946 0.28666 0.34292 0.38439 0.4137 0.43201 0.43989 0.43772 0.42595 0.40518 0.37628 0.34044 0.29928 0.25497 0.21066 0.17112 0.1438 0.13752 0.15456 0.18795 0.21717 0.24755 0.27813 0.309 0.34069 0.37381 0.40885 0.44618 0.48605 0.52859 0.55115 0.55618 0.55758 0.55568
0.52136 0.48689 0.38099 0.3713 0.27582 0.12557 0.37836 0.75407 0.84821 0.78601 0.64363 0.47772 0.29745 0.083593 0.10168 0.20795 0.28557 0.3431 0.38584 0.41615 0.43513 0.44338 0.44138 0.42969 0.40905 0.38041 0.34506 0.30465 0.26143 0.21857 0.18069 0.15459 0.14782 0.16253 0.19323 0.22007 0.24888 0.2785 0.30887 0.34041 0.37365 0.40901 0.44684 0.48733 0.5306 0.55388 0.55955 0.56154 0.56021
0.54765 0.51058 0.37404 0.35034 0.25193 0.040284 0.3568 0.7423 0.84045 0.78024 0.6411 0.48146 0.31239 0.11794 0.1166 0.21042 0.28625 0.34413 0.3877 0.41879 0.43833 0.44691 0.44507 0.43349 0.41299 0.38464 0.34977 0.31011 0.26796 0.22644 0.19004 0.16497 0.15773 0.17038 0.19855 0.22307 0.2503 0.27894 0.30879 0.34017 0.37351 0.4092 0.44751 0.48862 0.53261 0.55661 0.56291 0.56551 0.56472
0.52146 0.493 0.35798 0.33704 0.25096 0.047318 0.35393 0.73634 0.83417 0.77538 0.64028 0.48846 0.33309 0.15552 0.13851 0.21646 0.28862 0.34602 0.38999 0.42163 0.44161 0.45047 0.44879 0.43731 0.41698 0.38891 0.35454 0.31563 0.27448 0.23423 0.19915 0.17492 0.16724 0.17803 0.20386 0.22612 0.25178 0.27944 0.30876 0.33997 0.37341 0.40941 0.4482 0.48992 0.53464 0.55934 0.56627 0.56946 0.56922
0.45434 0.43894 0.33211 0.33026 0.27097 0.12901 0.36895 0.73576 0.82896 0.77085 0.6403 0.49735 0.35683 0.19262 0.16362 0.22546 0.29256 0.34872 0.39268 0.42466 0.44497 0.45406 0.45251 0.44115 0.42098 0.39321 0.35933 0.32114 0.28096 0.24187 0.20797 0.18445 0.17633 0.18545 0.2091 0.22919 0.2533 0.27997 0.30876 0.33979 0.37333 0.40964 0.44891 0.49124 0.53668 0.56208 0.56964 0.57341 0.57371
0.36381 0.35538 0.29607 0.328 0.30495 0.20791 0.39768 0.73968 0.8243 0.76604 0.64032 0.50684 0.38144 0.22791 0.18975 0.23677 0.2979 0.35218 0.39577 0.42786 0.44839 0.45765 0.45623 0.44498 0.42498 0.39751 0.36411 0.32661 0.28734 0.24932 0.21647 0.19354 0.185 0.1926 0.21423 0.23223 0.25483 0.28052 0.30878 0.33963 0.37327 0.4099 0.44964 0.49258 0.53873 0.56483 0.573 0.57734 0.57818
0.26679 0.25253 0.25043 0.32881 0.34585 0.28151 0.43463 0.74688 0.81966 0.76038 0.63953 0.51583 0.40533 0.26079 0.2157 0.24973 0.30444 0.35635 0.39923 0.43124 0.45187 0.46125 0.45992 0.44877 0.42894 0.40178 0.36884 0.33201 0.29359 0.25656 0.22463 0.20218 0.19324 0.19945 0.21921 0.23521 0.25634 0.28108 0.30882 0.33949 0.37324 0.41017 0.45039 0.49394 0.5408 0.56758 0.57636 0.58128 0.58264
0.18495 0.14434 0.19753 0.33283 0.38883 0.34863 0.47483 0.75596 0.81446 0.75331 0.63724 0.52336 0.42737 0.29096 0.24082 0.26379 0.31201 0.36116 0.40304 0.43477 0.45539 0.46483 0.46358 0.45252 0.43286 0.40598 0.3735 0.33729 0.29968 0.26354 0.23242 0.21038 0.20103 0.20598 0.224 0.23811 0.25782 0.28163 0.30886 0.33937 0.37322 0.41047 0.45117 0.49531 0.54287 0.57035 0.57972 0.5852 0.58709
0.14776 0.048586 0.14303 0.34196 0.43091 0.40821 0.51442 0.76547 0.80813 0.74435 0.63286 0.52871 0.4468 0.31825 0.26474 0.27849 0.32038 0.36652 0.40715 0.43844 0.45895 0.46839 0.46718 0.45621 0.43671 0.41011 0.37806 0.34245 0.30557 0.27024 0.23985 0.21812 0.20839 0.21217 0.22857 0.2409 0.25925 0.28215 0.30889 0.33925 0.37321 0.41078 0.45196 0.4967 0.54497 0.57312 0.58309 0.58912 0.59152
0.15257 0.031849 0.10292 0.35886 0.47026 0.45936 0.55066 0.77405 0.80016 0.73311 0.62591 0.53132 0.46312 0.3426 0.28724 0.29347 0.32939 0.37237 0.41153 0.44222 0.46253 0.47192 0.47072 0.45983 0.44047 0.41414 0.38249 0.34744 0.31125 0.27665 0.24688 0.22542 0.2153 0.218 0.23291 0.24355 0.2606 0.28265 0.30892 0.33914 0.37323 0.41112 0.45277 0.49811 0.54708 0.57589 0.58645 0.59303 0.59594
