0.4421 0.41386 0.27093 0.15368 0.12178 0.065699 0.067525 0.14886 0.16385 0.14 0.11243 0.086262 0.061908 0.041211 0.026406 0.02068 0.024101 0.030979 0.037952 0.044016 0.048859 0.0524 0.05471 0.055972 0.056408 0.056217 0.055535 0.054456 0.053077 0.051538 0.050051 0.048895 0.048382 0.048775 0.050205 0.052619 0.055814 0.059501 0.063391 0.067249 0.070927 0.074389 0.077736 0.081229 0.085312 0.090592 0.097743 0.10734 0.1197
0.36208 0.49796 0.34888 0.13823 0.094614 0.15343 0.20832 0.25568 0.25301 0.216 0.17679 0.14186 0.11237 0.089973 0.07538 0.068009 0.066139 0.067585 0.070377 0.073062 0.07469 0.074754 0.073129 0.069973 0.065588 0.060297 0.05437 0.048019 0.041442 0.034872 0.028667 0.023442 0.020188 0.01989 0.022419 0.026571 0.031181 0.035481 0.038966 0.041261 0.042051 0.041048 0.037975 0.032568 0.02465 0.014703 0.010507 0.024877 0.046331
0.25571 0.34374 0.26001 0.19084 0.21826 0.25398 0.29235 0.30906 0.27126 0.2088 0.15248 0.11017 0.08946 0.090847 0.1016 0.11163 0.11783 0.12027 0.11969 0.11675 0.11183 0.10523 0.097252 0.088292 0.078734 0.06889 0.058966 0.049088 0.039345 0.029821 0.020665 0.012344 0.0073462 0.010839 0.018015 0.025531 0.032725 0.03935 0.045252 0.050317 0.05448 0.057749 0.060262 0.062361 0.064695 0.068291 0.074448 0.084363 0.098642
0.33734 0.28421 0.26374 0.21419 0.19736 0.24814 0.34626 0.41269 0.37767 0.29772 0.23106 0.18803 0.1686 0.16673 0.17211 0.17708 0.17843 0.17567 0.16947 0.16066 0.14998 0.13805 0.12546 0.11274 0.10037 0.088661 0.077809 0.067954 0.059242 0.051881 0.046161 0.042442 0.041033 0.042007 0.045123 0.049936 0.055984 0.062891 0.070383 0.07828 0.086488 0.095003 0.10392 0.11344 0.12386 0.13553 0.1487 0.16341 0.17948
0.44848 0.2003 0.055357 0.094345 0.15929 0.26114 0.40588 0.53983 0.5568 0.49256 0.42286 0.36554 0.32114 0.28829 0.26415 0.24566 0.23027 0.21631 0.20281 0.18924 0.1754 0.16136 0.14738 0.13389 0.12125 0.10976 0.099598 0.09085 0.083591 0.077888 0.073808 0.07141 0.070739 0.071812 0.074603 0.079043 0.085022 0.092405 0.10105 0.11083 0.12165 0.13347 0.1463 0.16024 0.1754 0.19187 0.20948 0.22773 0.24589
0.54816 0.50334 0.42707 0.31009 0.29024 0.34769 0.43066 0.44909 0.35843 0.2541 0.20244 0.19485 0.20288 0.21046 0.21318 0.21111 0.20543 0.19741 0.18796 0.17759 0.16649 0.15482 0.14285 0.13099 0.11968 0.10933 0.10025 0.092707 0.086901 0.082985 0.08104 0.081067 0.082993 0.086698 0.092051 0.098921 0.10719 0.11677 0.12756 0.13949 0.15252 0.16663 0.18183 0.19819 0.21576 0.23447 0.25396 0.2734 0.29177
0.11786 0.032001 0.30937 0.44271 0.56261 0.68579 0.70516 0.56088 0.33633 0.17698 0.10437 0.090393 0.10153 0.11631 0.12805 0.13555 0.13923 0.14001 0.13854 0.13512 0.12977 0.12252 0.11361 0.10357 0.093078 0.082888 0.0738 0.066666 0.062327 0.061379 0.063884 0.069365 0.077112 0.086488 0.097046 0.10851 0.12072 0.13361 0.14715 0.16132 0.17616 0.19169 0.20797 0.22508 0.24303 0.26171 0.28063 0.29883 0.31516
0.26223 0.33289 0.57397 0.71267 0.80496 0.80342 0.67093 0.43984 0.22381 0.11368 0.080621 0.073247 0.070995 0.070911 0.072992 0.0771 0.082666 0.088664 0.09378 0.096746 0.09663 0.093004 0.085972 0.076051 0.063975 0.05055 0.036705 0.024184 0.018309 0.025073 0.038349 0.053397 0.068939 0.084589 0.10021 0.11575 0.13123 0.14665 0.16207 0.17752 0.19306 0.20875 0.22465 0.24083 0.25727 0.27382 0.28993 0.3046 0.31672
0.72972 0.62664 0.53569 0.48972 0.49279 0.46322 0.37006 0.24487 0.1248 0.048991 0.022468 0.022291 0.020603 0.019 0.024758 0.036693 0.050664 0.064231 0.075778 0.084109 0.088432 0.088448 0.084384 0.076895 0.066911 0.055524 0.044145 0.035115 0.032254 0.037846 0.049377 0.06374 0.079338 0.095444 0.1117 0.12789 0.1439 0.15965 0.17509 0.1902 0.20496 0.21938 0.23345 0.24717 0.26047 0.2731 0.28446 0.29359 0.29955
0.25403 0.24564 0.14015 0.18199 0.21896 0.13995 0.022016 0.098592 0.10826 0.078423 0.054614 0.044227 0.041383 0.042458 0.047506 0.056308 0.067336 0.07882 0.089297 0.097644 0.10307 0.1052 0.10415 0.10049 0.095093 0.089021 0.083402 0.0794 0.078068 0.080092 0.085568 0.094059 0.10488 0.11734 0.13084 0.14494 0.15925 0.17349 0.18744 0.20092 0.21378 0.22589 0.23713 0.24738 0.25642 0.26391 0.26914 0.27119 0.26927
0.37653 0.43953 0.52017 0.41209 0.30056 0.22761 0.19558 0.1804 0.15663 0.13068 0.11431 0.10637 0.10336 0.10315 0.10464 0.1074 0.11123 0.11577 0.12047 0.12462 0.12755 0.12879 0.12822 0.12609 0.12295 0.11945 0.11627 0.11405 0.11336 0.11461 0.11805 0.12371 0.13141 0.14083 0.15157 0.16322 0.17535 0.18759 0.1996 0.21106 0.2217 0.23126 0.23948 0.24606 0.25065 0.25272 0.25141 0.24573 0.23495
0.49653 0.36408 0.3791 0.25755 0.13295 0.042649 0.068651 0.070048 0.071563 0.095821 0.11551 0.12787 0.13508 0.13941 0.14214 0.1439 0.14506 0.14594 0.14671 0.14729 0.14742 0.14683 0.14543 0.14335 0.14093 0.13859 0.13674 0.13576 0.13597 0.13764 0.14095 0.14596 0.15262 0.16074 0.17007 0.18027 0.19097 0.2018 0.21237 0.22231 0.23127 0.2389 0.24481 0.24859 0.24974 0.24754 0.24099 0.22888 0.21035
0.51029 0.26589 0.061272 0.11375 0.19928 0.20675 0.20032 0.18774 0.15797 0.13688 0.13139 0.13452 0.14067 0.14675 0.15128 0.15394 0.15507 0.15522 0.15486 0.15418 0.15315 0.1517 0.14986 0.14782 0.14591 0.14452 0.14395 0.14448 0.14628 0.14947 0.1541 0.16014 0.1675 0.17601 0.18548 0.19561 0.20611 0.21665 0.22685 0.23636 0.2448 0.25178 0.25687 0.25963 0.25949 0.25568 0.24716 0.23271 0.21146
0.69982 0.67712 0.57609 0.45334 0.38755 0.35168 0.30138 0.22609 0.15077 0.11368 0.10899 0.11601 0.12447 0.13141 0.13637 0.13964 0.14163 0.14276 0.14329 0.1433 0.14276 0.14168 0.14021 0.13873 0.13772 0.13767 0.13894 0.14174 0.1461 0.15198 0.15922 0.16766 0.17713 0.18743 0.19837 0.20974 0.22129 0.23277 0.24385 0.25423 0.26354 0.27143 0.2775 0.28134 0.28247 0.28022 0.27368 0.26184 0.24417
0.44623 0.47411 0.39082 0.2364 0.24225 0.25005 0.21682 0.14042 0.058566 0.053658 0.077611 0.091443 0.098232 0.10232 0.10586 0.10939 0.11275 0.1157 0.11801 0.11947 0.11994 0.1195 0.11854 0.11778 0.11802 0.11996 0.124 0.13017 0.13828 0.14797 0.15888 0.17071 0.18322 0.19624 0.20962 0.22322 0.23687 0.25038 0.26349 0.27594 0.28742 0.29762 0.30623 0.31293 0.31735 0.31899 0.3171 0.31078 0.29962
0.30911 0.4283 0.30872 0.1274 0.09339 0.13237 0.20962 0.23414 0.1804 0.12138 0.088318 0.072362 0.065782 0.065425 0.068857 0.073985 0.079426 0.08434 0.088112 0.090285 0.090699 0.089709 0.088267 0.087754 0.089559 0.094547 0.1028 0.11378 0.12676 0.14103 0.1561 0.17167 0.18755 0.20368 0.21999 0.23644 0.25292 0.26928 0.28531 0.30078 0.31541 0.32894 0.34115 0.35178 0.36061 0.36724 0.37096 0.37081 0.36619
0.41894 0.37186 0.21189 0.13343 0.1276 0.18156 0.26397 0.28341 0.20856 0.12188 0.065822 0.035548 0.02521 0.028848 0.036679 0.044823 0.052309 0.058404 0.062252 0.063185 0.061114 0.0569 0.052641 0.051518 0.05621 0.066824 0.081545 0.098556 0.11667 0.13524 0.15397 0.17276 0.19166 0.21074 0.23006 0.24963 0.26937 0.28913 0.30869 0.3278 0.3462 0.36366 0.37998 0.39501 0.40859 0.42036 0.42958 0.4351 0.43599
0.23347 0.30763 0.325 0.34261 0.38391 0.41365 0.42669 0.37066 0.24204 0.12924 0.062222 0.025737 0.0078209 0.011945 0.021323 0.030392 0.038669 0.04495 0.047851 0.046341 0.040018 0.029299 0.016162 0.012953 0.029129 0.049474 0.070714 0.092047 0.11317 0.13401 0.15471 0.17545 0.1965 0.21804 0.2402 0.26296 0.28619 0.30967 0.33311 0.3562 0.37866 0.40025 0.4208 0.44021 0.45836 0.4749 0.48899 0.49925 0.5044
0.4704 0.62169 0.59449 0.454 0.42935 0.49851 0.52957 0.43646 0.26623 0.13786 0.070242 0.037756 0.023871 0.021024 0.025135 0.032938 0.041524 0.048484 0.052081 0.051392 0.046465 0.038688 0.031803 0.032482 0.043292 0.059856 0.07869 0.098308 0.11819 0.13828 0.15878 0.18002 0.2023 0.22583 0.25065 0.27662 0.30349 0.33086 0.35832 0.38548 0.412 0.43762 0.4622 0.48565 0.50787 0.52851 0.54662 0.56057 0.56874
0.14661 0.25019 0.25205 0.079675 0.30072 0.51415 0.56921 0.44249 0.24675 0.11784 0.056526 0.029836 0.024979 0.031434 0.0409 0.051329 0.061495 0.06997 0.075593 0.07786 0.077122 0.074681 0.072642 0.073294 0.078064 0.086917 0.098896 0.11302 0.12874 0.14594 0.16481 0.18566 0.20873 0.23411 0.26163 0.29094 0.32154 0.35285 0.3843 0.41541 0.44575 0.47508 0.50324 0.53017 0.55578 0.57971 0.60088 0.61744 0.6275
0.30117 0.53565 0.6965 0.63052 0.60638 0.63849 0.5871 0.3978 0.19243 0.080847 0.029043 0.009668 0.034478 0.055613 0.072522 0.086399 0.097796 0.10664 0.11262 0.11561 0.11589 0.11429 0.11207 0.11064 0.11116 0.11424 0.12002 0.12844 0.1395 0.15341 0.17053 0.19114 0.21533 0.24294 0.27351 0.30638 0.34079 0.37597 0.41122 0.44594 0.4797 0.51221 0.54334 0.57305 0.60127 0.62759 0.65085 0.66898 0.67988
0.62744 0.76877 0.73458 0.68644 0.73933 0.73378 0.59534 0.34809 0.15025 0.088988 0.076069 0.076806 0.090512 0.10852 0.12485 0.1378 0.14732 0.15369 0.15708 0.15763 0.15557 0.15147 0.14623 0.14098 0.13681 0.13459 0.13498 0.13855 0.14587 0.15755 0.17409 0.19565 0.22205 0.25273 0.28689 0.32356 0.36178 0.40062 0.43929 0.47713 0.51371 0.54874 0.58212 0.61384 0.64382 0.67165 0.69604 0.71478 0.72557
0.26337 0.35361 0.28383 0.55358 0.74647 0.75655 0.5627 0.24175 0.019462 0.12733 0.1582 0.16726 0.17484 0.18426 0.19335 0.20015 0.20392 0.20471 0.20274 0.19818 0.19117 0.18214 0.17183 0.16129 0.15168 0.14414 0.13979 0.13974 0.14509 0.15671 0.17491 0.19945 0.2296 0.26437 0.30262 0.34321 0.38504 0.42714 0.46867 0.509 0.5477 0.58451 0.61937 0.65228 0.68318 0.71165 0.7363 0.75476 0.76461
0.68983 0.74264 0.80942 0.77871 0.83811 0.84893 0.701 0.45055 0.29818 0.27477 0.27368 0.27143 0.26903 0.26775 0.26664 0.26428 0.25979 0.25299 0.24392 0.23257 0.21895 0.20337 0.18651 0.1695 0.15371 0.1407 0.13226 0.13032 0.13648 0.15131 0.17426 0.20412 0.23951 0.27911 0.32165 0.36597 0.41098 0.45573 0.49944 0.54151 0.58155 0.61937 0.65491 0.68822 0.71927 0.74756 0.77167 0.7891 0.79729
0.47348 0.47042 0.61773 0.76638 0.90423 0.99549 0.96601 0.79158 0.57669 0.44682 0.39265 0.36935 0.35516 0.34367 0.3327 0.3211 0.30814 0.29348 0.27694 0.25826 0.23728 0.21421 0.18977 0.16523 0.1423 0.12334 0.11157 0.11053 0.12195 0.14446 0.17537 0.21236 0.25377 0.29829 0.34481 0.3923 0.43978 0.48642 0.53151 0.57452 0.61512 0.65316 0.68864 0.72162 0.75208 0.7795 0.80238 0.81812 0.82408
0.42938 0.28202 0.42462 0.57052 0.73386 0.89006 0.93125 0.82106 0.64662 0.52557 0.46778 0.43912 0.41915 0.40126 0.38349 0.36508 0.34551 0.32438 0.30128 0.27574 0.24744 0.21656 0.18386 0.15068 0.11905 0.092535 0.078131 0.083795 0.10776 0.14236 0.18289 0.22722 0.27418 0.3229 0.37256 0.42233 0.4714 0.51906 0.56468 0.60782 0.64821 0.68575 0.72048 0.75248 0.78171 0.80766 0.82874 0.84226 0.84553
0.19114 0.32081 0.30107 0.28756 0.44579 0.57857 0.55592 0.49092 0.50122 0.50253 0.48943 0.4734 0.45561 0.43663 0.4166 0.39538 0.37252 0.34752 0.31977 0.28871 0.25401 0.21587 0.17506 0.13274 0.090396 0.05144 0.034876 0.063497 0.10631 0.1527 0.20105 0.25086 0.30177 0.3533 0.40488 0.45585 0.50553 0.55329 0.59861 0.64112 0.6806 0.71699 0.75037 0.78082 0.80833 0.83232 0.85114 0.86204 0.86228
0.19249 0.23222 0.16743 0.18765 0.36849 0.41839 0.23742 0.1171 0.3713 0.46421 0.48297 0.47908 0.467 0.45166 0.43435 0.415 0.39291 0.36735 0.33763 0.30327 0.26418 0.22086 0.17438 0.12606 0.077339 0.031768 0.032845 0.079023 0.12886 0.17977 0.23147 0.28379 0.33649 0.38917 0.44132 0.49235 0.54165 0.58866 0.63292 0.6741 0.71205 0.74675 0.77828 0.80675 0.83211 0.85377 0.87002 0.87802 0.87501
0.40679 0.59413 0.63919 0.56346 0.6008 0.63889 0.57806 0.48382 0.46462 0.46846 0.4682 0.46489 0.45887 0.45111 0.44141 0.42874 0.41167 0.38913 0.36053 0.32578 0.28539 0.24063 0.19361 0.14744 0.10748 0.085257 0.094508 0.12843 0.173 0.22193 0.27294 0.32498 0.37742 0.42967 0.48111 0.53115 0.57917 0.62465 0.66717 0.70645 0.74236 0.77491 0.80421 0.83036 0.85329 0.87237 0.88583 0.89076 0.88439
0.71133 0.86606 0.90154 0.81698 0.8075 0.81877 0.78156 0.67544 0.54607 0.46716 0.43921 0.43415 0.43625 0.44012 0.44272 0.44122 0.43309 0.41696 0.39251 0.36036 0.32191 0.27947 0.23639 0.19727 0.16827 0.15646 0.16559 0.19237 0.2304 0.27481 0.32275 0.37256 0.42313 0.47363 0.52329 0.57142 0.6174 0.6607 0.70093 0.73784 0.77132 0.8014 0.82819 0.85179 0.87211 0.88846 0.89902 0.90083 0.89108
0.12802 0.28172 0.57446 0.6937 0.7342 0.72659 0.68215 0.59702 0.484 0.40837 0.38401 0.38782 0.40353 0.42368 0.44285 0.45616 0.45999 0.45279 0.43483 0.40755 0.37329 0.33522 0.29743 0.26472 0.24213 0.2338 0.24129 0.26287 0.29503 0.33431 0.37807 0.42443 0.47203 0.5198 0.56683 0.61235 0.65568 0.6963 0.73383 0.76801 0.79878 0.82616 0.85027 0.87119 0.8888 0.90239 0.91004 0.90876 0.89571
0.33116 0.28292 0.36477 0.48501 0.51525 0.46935 0.39841 0.34274 0.30793 0.29566 0.3054 0.33103 0.367 0.40781 0.44654 0.47665 0.49384 0.49679 0.48647 0.46518 0.436 0.40268 0.36954 0.34115 0.32164 0.31397 0.31915 0.33627 0.36315 0.39729 0.43642 0.47869 0.52262 0.56698 0.61079 0.65316 0.69341 0.73099 0.7655 0.79673 0.82461 0.84916 0.87051 0.88871 0.90362 0.91447 0.9193 0.91504 0.89884
0.12229 0.1824 0.37666 0.39861 0.37784 0.30801 0.19858 0.081263 0.10746 0.17463 0.22514 0.27779 0.33786 0.40104 0.45933 0.50553 0.53537 0.54805 0.54524 0.52992 0.5057 0.47661 0.44701 0.42121 0.4029 0.39455 0.39712 0.41015 0.4322 0.46139 0.49579 0.53368 0.57354 0.6141 0.65429 0.69318 0.73005 0.76434 0.79566 0.82381 0.8487 0.87039 0.88898 0.90451 0.9168 0.92502 0.92716 0.92011 0.90099
0.57048 0.4396 0.38762 0.32204 0.28523 0.25167 0.2156 0.15016 0.096804 0.1254 0.18206 0.25262 0.33248 0.4135 0.48677 0.54517 0.58475 0.60518 0.6086 0.59842 0.57843 0.55276 0.52569 0.50136 0.48321 0.47358 0.47347 0.48272 0.50033 0.52483 0.5546 0.58804 0.62368 0.66024 0.69659 0.73181 0.76514 0.79602 0.82407 0.84909 0.87101 0.88987 0.90577 0.91873 0.92853 0.9343 0.93397 0.92436 0.90259
0.13665 0.22913 0.2398 0.16929 0.13325 0.1229 0.19077 0.2111 0.1761 0.1676 0.20686 0.27814 0.3642 0.45222 0.53208 0.59641 0.64128 0.6664 0.67404 0.66762 0.6509 0.62784 0.60255 0.579 0.56053 0.54942 0.54674 0.55254 0.5661 0.58626 0.61161 0.6407 0.67213 0.70463 0.73709 0.76857 0.79831 0.82576 0.85055 0.87248 0.89149 0.90763 0.92096 0.9315 0.939 0.94254 0.93998 0.92811 0.904
0.12014 0.16862 0.16268 0.11264 0.097656 0.060429 0.14046 0.1796 0.19798 0.23238 0.28281 0.35132 0.43238 0.51658 0.59425 0.65782 0.70307 0.72947 0.73903 0.73487 0.72041 0.69928 0.6753 0.65223 0.6333 0.62077 0.61578 0.61851 0.62845 0.64465 0.66588 0.69082 0.71817 0.74669 0.77531 0.80308 0.82928 0.85336 0.87497 0.89391 0.91014 0.92369 0.93463 0.94295 0.94838 0.94993 0.94543 0.93161 0.90552
0.21035 0.16197 0.024568 0.13074 0.1808 0.14011 0.091771 0.12757 0.24219 0.3256 0.38879 0.45379 0.52525 0.59926 0.6684 0.72577 0.76714 0.79173 0.80108 0.79782 0.78481 0.76515 0.74226 0.71962 0.70035 0.68665 0.67972 0.67982 0.68659 0.69924 0.7167 0.73778 0.76126 0.78597 0.81088 0.83507 0.85784 0.87867 0.89723 0.91333 0.92694 0.93809 0.94685 0.95319 0.95678 0.95663 0.9505 0.93507 0.90735
0.4024 0.3552 0.27411 0.22229 0.19228 0.083395 0.086219 0.25917 0.38817 0.45994 0.51416 0.56985 0.62937 0.6904 0.74755 0.79523 0.82974 0.85022 0.8578 0.85445 0.84236 0.82398 0.80221 0.7802 0.76087 0.74639 0.73794 0.73589 0.73996 0.74951 0.76359 0.78114 0.80102 0.82215 0.84354 0.86432 0.88384 0.90159 0.91727 0.93072 0.94191 0.95089 0.95769 0.96229 0.96432 0.96276 0.95531 0.93861 0.90965
0.27223 0.41843 0.41074 0.30849 0.24954 0.2428 0.36594 0.52204 0.59495 0.6172 0.64607 0.68707 0.73328 0.78049 0.82438 0.86081 0.88692 0.90205 0.907 0.9031 0.89178 0.87476 0.85436 0.83333 0.81437 0.79956 0.79009 0.78636 0.78822 0.79511 0.80622 0.82059 0.83719 0.855 0.87311 0.89071 0.90718 0.92206 0.93508 0.94609 0.95509 0.96211 0.96721 0.97032 0.97107 0.96838 0.95994 0.94233 0.91249
0.26893 0.44381 0.59021 0.53434 0.51557 0.56842 0.68309 0.78732 0.79384 0.76661 0.76924 0.79474 0.82768 0.86149 0.89239 0.91754 0.93505 0.94463 0.94687 0.94251 0.93219 0.9169 0.8983 0.87871 0.86061 0.84597 0.83598 0.83108 0.83119 0.83587 0.84441 0.85597 0.86961 0.8844 0.8995 0.91416 0.92782 0.94006 0.95064 0.95945 0.96648 0.9718 0.97544 0.97733 0.97707 0.97356 0.96444 0.94625 0.9159
0.32503 0.60689 0.81313 0.75829 0.75119 0.80969 0.89864 0.96221 0.93438 0.88356 0.87082 0.88424 0.90541 0.92715 0.94637 0.96135 0.97116 0.97592 0.97608 0.97185 0.96313 0.95013 0.9339 0.91631 0.89959 0.88563 0.8756 0.87 0.86882 0.87172 0.8781 0.88721 0.89822 0.9103 0.92266 0.93466 0.94575 0.9556 0.96398 0.97082 0.97614 0.98 0.98244 0.98337 0.98237 0.97832 0.96882 0.95038 0.91986
0.68835 0.75923 0.79052 0.74409 0.77857 0.84023 0.91629 0.99384 0.99561 0.9576 0.94357 0.94979 0.96149 0.97311 0.98264 0.98937 0.99317 0.99456 0.99386 0.99078 0.98451 0.97455 0.96133 0.94632 0.93151 0.91871 0.90911 0.90325 0.9012 0.90272 0.90731 0.91433 0.92304 0.9327 0.94262 0.9522 0.961 0.96869 0.97513 0.98025 0.9841 0.98675 0.98823 0.98845 0.98698 0.98267 0.97308 0.9547 0.92434
0.46223 0.44187 0.44091 0.51081 0.59891 0.64103 0.72479 0.89671 0.99184 0.99247 0.98595 0.98853 0.99305 0.99683 0.99907 0.99996 0.99999 0.99994 0.99999 0.99937 0.9966 0.9905 0.98097 0.96909 0.95668 0.9455 0.93674 0.93101 0.92847 0.92898 0.93213 0.93739 0.94411 0.95166 0.95941 0.96686 0.97361 0.97941 0.98413 0.98778 0.9904 0.99207 0.99283 0.99259 0.9909 0.98658 0.97719 0.95916 0.92925
0.32529 0.2059 0.081385 0.28118 0.35048 0.28997 0.41669 0.76305 0.96339 0.99983 1 0.99996 0.99918 0.99743 0.99498 0.99267 0.99142 0.99217 0.99483 0.99814 0.99998 0.9986 0.99339 0.98515 0.97557 0.96637 0.9588 0.95355 0.95086 0.95069 0.95272 0.95653 0.96156 0.96727 0.97313 0.97869 0.98365 0.98779 0.99105 0.99345 0.99507 0.996 0.99628 0.99581 0.99413 0.99006 0.9811 0.96368 0.93451
0.016486 0.16074 0.10516 0.25314 0.29529 0.16056 0.31822 0.7263 0.9487 0.99008 0.98883 0.98519 0.98054 0.9755 0.97091 0.96805 0.96813 0.97199 0.97921 0.98794 0.9955 0.9996 0.99927 0.9951 0.98868 0.98177 0.97568 0.9712 0.96864 0.96807 0.96927 0.9719 0.97552 0.97965 0.98387 0.9878 0.9912 0.99393 0.99595 0.99734 0.99818 0.99858 0.9986 0.99811 0.99667 0.99305 0.98477 0.9682 0.94001
0.17129 0.31149 0.37019 0.41588 0.48147 0.49421 0.5799 0.81404 0.95424 0.96632 0.95474 0.94636 0.93907 0.93277 0.92841 0.92754 0.93144 0.94069 0.95434 0.96992 0.98418 0.99441 0.99939 0.99958 0.99657 0.99218 0.98779 0.9843 0.98211 0.98138 0.982 0.98371 0.98615 0.98895 0.99177 0.9943 0.99637 0.9979 0.99891 0.99949 0.99976 0.99985 0.9998 0.99951 0.99849 0.99555 0.98815 0.97264 0.94565
0.57892 0.59136 0.61848 0.58596 0.64502 0.72395 0.80889 0.91939 0.95564 0.92515 0.89953 0.88635 0.87766 0.87185 0.86978 0.87317 0.88323 0.9 0.92179 0.94542 0.96717 0.984 0.99457 0.9993 0.99984 0.99809 0.99556 0.99321 0.99159 0.9909 0.99114 0.99215 0.99364 0.99533 0.99696 0.9983 0.99926 0.9998 0.99999 0.99997 0.99987 0.99984 0.99992 1 0.99961 0.99752 0.99119 0.97693 0.95133
0.3916 0.55805 0.64843 0.62148 0.69484 0.80987 0.90463 0.95772 0.92553 0.86218 0.82527 0.80869 0.79985 0.79589 0.79778 0.80744 0.82575 0.85193 0.88329 0.91593 0.94568 0.96937 0.98562 0.99493 0.99905 1 0.9994 0.99833 0.9974 0.99692 0.99696 0.99744 0.99818 0.99895 0.99959 0.99994 0.99998 0.99972 0.99929 0.99885 0.99857 0.99859 0.99897 0.9996 1 0.99893 0.99383 0.981 0.95695
0.20811 0.36291 0.45985 0.51252 0.63313 0.76723 0.86776 0.90732 0.85268 0.77685 0.7353 0.71756 0.70955 0.70834 0.71548 0.73312 0.76153 0.7987 0.84074 0.88297 0.92096 0.9515 0.97334 0.98714 0.99477 0.99839 0.99975 1 0.99986 0.99971 0.9997 0.99982 0.99996 0.99999 0.99982 0.99936 0.99864 0.99777 0.99689 0.9962 0.9959 0.99614 0.99699 0.99833 0.99966 0.99976 0.99605 0.98478 0.96244
0.24073 0.1885 0.19442 0.35219 0.51229 0.63955 0.73476 0.78575 0.74334 0.67389 0.63456 0.6176 0.6108 0.61267 0.62599 0.65313 0.69328 0.74267 0.79605 0.84806 0.89415 0.93131 0.95848 0.97653 0.98752 0.99372 0.997 0.9986 0.99931 0.99958 0.99962 0.99951 0.99919 0.99863 0.99779 0.99668 0.99538 0.99404 0.99287 0.9921 0.99194 0.99255 0.99401 0.99619 0.9986 1 0.9978 0.98822 0.96771
0.36281 0.19421 0.069975 0.24265 0.39154 0.47813 0.55501 0.6277 0.61434 0.56214 0.52924 0.51371 0.50755 0.5122 0.53239 0.5705 0.6238 0.68624 0.75111 0.81262 0.86636 0.90964 0.94171 0.96368 0.97778 0.98642 0.99154 0.99447 0.99605 0.99679 0.99697 0.99672 0.99608 0.99505 0.99368 0.99205 0.99031 0.98866 0.98734 0.98662 0.98673 0.98786 0.99006 0.99321 0.99682 0.99963 0.99905 0.99128 0.9727
0.44706 0.28394 0.15822 0.21642 0.30692 0.32654 0.37463 0.46926 0.48539 0.45227 0.42622 0.41083 0.40346 0.40992 0.43769 0.48839 0.55606 0.63179 0.70769 0.77794 0.83853 0.88721 0.92362 0.94909 0.966 0.97688 0.98373 0.98793 0.99037 0.99162 0.992 0.9917 0.99081 0.98942 0.98764 0.98562 0.98355 0.98171 0.98038 0.97984 0.98036 0.98211 0.98517 0.98941 0.99432 0.99865 0.99979 0.99391 0.97735
0.42919 0.26149 0.20158 0.24263 0.26682 0.21231 0.22532 0.33786 0.37356 0.35484 0.33274 0.31408 0.3019 0.30842 0.34498 0.41032 0.49312 0.58161 0.66739 0.74512 0.81144 0.86464 0.9047 0.93318 0.95256 0.96545 0.97388 0.97927 0.98255 0.98432 0.98493 0.98463 0.98358 0.98192 0.97982 0.9775 0.97523 0.97331 0.97208 0.97184 0.97288 0.97537 0.9794 0.98482 0.99113 0.99706 1 0.99609 0.98162
0.28745 0.060639 0.24293 0.28942 0.25684 0.14196 0.12014 0.24729 0.29025 0.27925 0.2567 0.22965 0.20638 0.20986 0.2579 0.34045 0.43819 0.53776 0.63149 0.71501 0.78571 0.84241 0.88538 0.91632 0.93781 0.95245 0.9623 0.9688 0.97286 0.97513 0.97599 0.97574 0.97457 0.97271 0.97038 0.96785 0.96547 0.96357 0.96253 0.9627 0.96435 0.96769 0.97278 0.97947 0.98726 0.99486 0.99967 0.9978 0.98547
0.3876 0.28388 0.3458 0.33758 0.2596 0.11253 0.068878 0.19759 0.23943 0.2323 0.20702 0.16759 0.12288 0.1161 0.1825 0.28417 0.39443 0.50196 0.60096 0.6882 0.76178 0.82087 0.86596 0.89883 0.92203 0.93817 0.94927 0.95675 0.96154 0.96428 0.9654 0.96521 0.96397 0.96195 0.95945 0.9568 0.95437 0.95258 0.95183 0.95249 0.95486 0.95912 0.96535 0.9734 0.98273 0.99208 0.99881 0.99902 0.98889
0.59458 0.55217 0.47426 0.38638 0.27927 0.13673 0.092466 0.17894 0.2168 0.2149 0.19035 0.14371 0.074357 0.031381 0.13222 0.24789 0.36443 0.47528 0.57631 0.66502 0.73987 0.80025 0.84669 0.88093 0.90548 0.92285 0.93502 0.94337 0.94881 0.95199 0.95334 0.95323 0.95195 0.94981 0.94719 0.94446 0.94207 0.94046 0.94007 0.9413 0.94445 0.94973 0.95717 0.96663 0.97758 0.98872 0.99742 0.99975 0.99185
0.65509 0.69469 0.5871 0.448 0.32701 0.19776 0.14096 0.17754 0.21304 0.22008 0.20264 0.16206 0.10151 0.058917 0.12816 0.23632 0.34932 0.45798 0.55758 0.64549 0.72009 0.7807 0.82774 0.86284 0.88836 0.90671 0.91977 0.92886 0.93488 0.93845 0.94002 0.93997 0.93865 0.93643 0.93372 0.93097 0.92866 0.92729 0.92733 0.9292 0.93321 0.93956 0.94829 0.95922 0.97183 0.98481 0.99552 1 0.99435
0.59789 0.72612 0.66481 0.51786 0.38764 0.25392 0.17417 0.18073 0.22044 0.23845 0.23136 0.20302 0.1609 0.13286 0.16485 0.2478 0.34809 0.44939 0.5444 0.62943 0.70237 0.76223 0.80921 0.84469 0.87085 0.88993 0.90371 0.91343 0.91994 0.92384 0.92559 0.9256 0.92425 0.92195 0.91918 0.91644 0.91425 0.91318 0.91371 0.91628 0.9212 0.92868 0.93875 0.95121 0.96552 0.98037 0.99311 0.99977 0.99638
0.44703 0.64219 0.6783 0.5706 0.43017 0.27533 0.17372 0.18215 0.23609 0.26394 0.26658 0.25001 0.22153 0.20081 0.21615 0.2747 0.3578 0.44811 0.53601 0.61644 0.68655 0.74484 0.79115 0.82659 0.85309 0.87268 0.88702 0.89724 0.90415 0.90833 0.91022 0.91027 0.90887 0.90651 0.90369 0.90098 0.89896 0.89821 0.89927 0.90259 0.90849 0.91715 0.9286 0.94263 0.95867 0.97543 0.99022 0.99906 0.99795
0.32567 0.46317 0.62938 0.58979 0.43655 0.24978 0.13266 0.18639 0.26032 0.29387 0.30348 0.29633 0.27769 0.26182 0.26866 0.30885 0.37468 0.45229 0.53145 0.60603 0.67237 0.72842 0.77359 0.80863 0.83519 0.8551 0.86984 0.88046 0.88768 0.89207 0.89407 0.89411 0.89266 0.89022 0.88736 0.88469 0.88286 0.88248 0.88411 0.88822 0.89513 0.90502 0.9179 0.93353 0.95134 0.97001 0.98687 0.9979 0.99907
0.14696 0.26468 0.57332 0.58512 0.41631 0.19168 0.065528 0.20756 0.29364 0.32691 0.34004 0.33969 0.3282 0.31585 0.31773 0.34466 0.3952 0.45998 0.52965 0.59762 0.65957 0.71287 0.75651 0.79086 0.81726 0.8373 0.85231 0.86322 0.87068 0.8752 0.87725 0.87727 0.87574 0.87321 0.87031 0.86769 0.86606 0.86606 0.8683 0.87324 0.8812 0.89236 0.90669 0.92395 0.94355 0.96415 0.98308 0.99631 0.99974
0.081874 0.25158 0.57418 0.58632 0.40738 0.16962 0.09665 0.25446 0.33459 0.3618 0.37529 0.3793 0.37285 0.36302 0.36166 0.37888 0.41664 0.46944 0.52961 0.59064 0.64782 0.69805 0.73987 0.7733 0.79936 0.8194 0.83455 0.84564 0.85325 0.85786 0.85991 0.85986 0.85821 0.85558 0.85263 0.85007 0.84864 0.84905 0.85191 0.8577 0.86676 0.87921 0.89502 0.91394 0.93534 0.95789 0.97889 0.9943 1
0.30922 0.45139 0.65046 0.62081 0.44681 0.24994 0.2129 0.3198 0.37962 0.39701 0.40857 0.41487 0.41171 0.40353 0.39981 0.40976 0.4371 0.47926 0.5304 0.58455 0.63684 0.68382 0.72366 0.756 0.78156 0.80146 0.81665 0.82784 0.83553 0.84016 0.84215 0.84199 0.8402 0.83744 0.83441 0.8319 0.83069 0.83151 0.83502 0.84169 0.85185 0.86562 0.88295 0.90354 0.92675 0.95124 0.97431 0.99191 0.99985
0.54943 0.68332 0.77487 0.68676 0.52447 0.36787 0.32842 0.38882 0.42416 0.43085 0.43929 0.44627 0.44494 0.43763 0.43201 0.43639 0.45536 0.48837 0.53128 0.57888 0.62635 0.67005 0.7078 0.73895 0.76392 0.78357 0.79871 0.80991 0.8176 0.82219 0.82408 0.82376 0.8218 0.81887 0.81576 0.81328 0.81228 0.81352 0.81768 0.82525 0.83655 0.85166 0.87052 0.89279 0.91782 0.94426 0.96939 0.98914 0.99931
0.7426 0.86285 0.89381 0.75222 0.59827 0.46637 0.41993 0.44843 0.46404 0.46182 0.46692 0.47342 0.47269 0.46557 0.45832 0.45838 0.47067 0.49601 0.53167 0.57323 0.61614 0.65662 0.69228 0.72217 0.74647 0.7658 0.78081 0.79194 0.79958 0.80406 0.80579 0.80527 0.80309 0.79997 0.79675 0.79429 0.79348 0.79515 0.79997 0.80846 0.8209 0.83737 0.85777 0.88173 0.90859 0.93696 0.96413 0.98603 0.9984
0.73284 0.92365 0.95171 0.78105 0.63392 0.5199 0.47432 0.49004 0.49632 0.48882 0.49103 0.49626 0.49515 0.48763 0.4789 0.4756 0.48265 0.5017 0.53113 0.56732 0.60599 0.64343 0.67704 0.70567 0.72924 0.7482 0.763 0.77402 0.78153 0.78585 0.78738 0.78661 0.78417 0.78082 0.77745 0.77499 0.77437 0.77645 0.78194 0.79135 0.80495 0.82281 0.84475 0.87042 0.89909 0.92938 0.95859 0.98261 0.99715
0.56331 0.86189 0.9213 0.75373 0.61644 0.51894 0.48602 0.5101 0.51974 0.51127 0.51131 0.51473 0.51247 0.50411 0.49403 0.48814 0.49114 0.50516 0.5294 0.5609 0.59578 0.63039 0.66206 0.68945 0.71228 0.73081 0.74536 0.75619 0.76352 0.76764 0.7689 0.76784 0.7651 0.76149 0.75795 0.75545 0.755 0.75749 0.76365 0.77399 0.78877 0.808 0.83151 0.85887 0.88936 0.92157 0.95278 0.97889 0.99558
0.46571 0.72578 0.81557 0.67364 0.54848 0.46534 0.45681 0.5098 0.53469 0.52906 0.52762 0.52883 0.52485 0.5153 0.504 0.49617 0.49615 0.50627 0.52629 0.55383 0.58539 0.61744 0.64731 0.67351 0.6956 0.71367 0.72793 0.73853 0.74563 0.74948 0.75044 0.74904 0.74596 0.74204 0.73829 0.73574 0.73544 0.73833 0.74515 0.75643 0.77238 0.79301 0.81808 0.84714 0.87943 0.91353 0.94673 0.97491 0.99372
0.42688 0.5629 0.67639 0.56338 0.44647 0.36916 0.39512 0.49451 0.54284 0.54249 0.53992 0.5386 0.53245 0.52151 0.50916 0.49996 0.4978 0.50503 0.52174 0.54603 0.57475 0.60455 0.63278 0.65786 0.67922 0.69683 0.71076 0.72109 0.72792 0.73146 0.73206 0.73028 0.7268 0.72255 0.71855 0.71591 0.71574 0.71901 0.72649 0.7387 0.75584 0.77787 0.8045 0.83525 0.86934 0.90532 0.94047 0.97068 0.99158
0.34226 0.40992 0.55092 0.45571 0.3374 0.24553 0.31589 0.4726 0.5466 0.55204 0.54827 0.5441 0.53551 0.52307 0.50987 0.49981 0.4963 0.50151 0.51575 0.53746 0.56382 0.59168 0.61845 0.6425 0.66317 0.68031 0.69388 0.7039 0.71042 0.71361 0.71382 0.7116 0.7077 0.70306 0.69877 0.69601 0.69594 0.69958 0.70772 0.72086 0.73919 0.76262 0.79082 0.82325 0.85911 0.89695 0.93403 0.96624 0.98918
0.20246 0.30169 0.46707 0.37985 0.25752 0.11344 0.24309 0.45354 0.54843 0.55827 0.5528 0.54546 0.53425 0.52033 0.5065 0.49606 0.49187 0.49585 0.50836 0.52812 0.55259 0.57883 0.60432 0.62745 0.64746 0.66413 0.67734 0.68702 0.69318 0.69598 0.69575 0.69307 0.68869 0.68362 0.67901 0.6761 0.6761 0.68009 0.68887 0.70295 0.72247 0.7473 0.77706 0.81117 0.84879 0.88845 0.92744 0.96161 0.98656
0.055842 0.27934 0.41954 0.34263 0.2391 0.055425 0.21224 0.44508 0.55023 0.56166 0.55363 0.54283 0.52892 0.51362 0.49944 0.48907 0.4848 0.48822 0.49968 0.51807 0.54108 0.56599 0.5904 0.61271 0.63212 0.64832 0.66115 0.67047 0.67625 0.67862 0.67792 0.67472 0.66983 0.66429 0.65931 0.65621 0.65626 0.66057 0.66999 0.685 0.70571 0.73194 0.76325 0.79903 0.83839 0.87986 0.92071 0.95681 0.98373
0.31205 0.33647 0.37954 0.32465 0.26937 0.15948 0.24152 0.45029 0.55302 0.56255 0.55095 0.53639 0.51982 0.5033 0.48907 0.47919 0.47537 0.47884 0.48983 0.50735 0.52931 0.55319 0.5767 0.59828 0.61714 0.6329 0.64534 0.65427 0.65964 0.66156 0.66035 0.6566 0.65115 0.6451 0.63972 0.63638 0.63644 0.64107 0.65111 0.66705 0.68895 0.71658 0.74944 0.78687 0.82795 0.8712 0.91388 0.95186 0.9807
0.47091 0.37843 0.31769 0.30461 0.30952 0.25685 0.30247 0.46684 0.55686 0.5611 0.54489 0.52638 0.50724 0.48975 0.47577 0.46677 0.46387 0.4679 0.47893 0.49604 0.51733 0.54043 0.56322 0.58419 0.60254 0.61788 0.62992 0.63847 0.6434 0.64483 0.64308 0.63874 0.6327 0.62609 0.62026 0.61666 0.6167 0.62161 0.63227 0.64913 0.67222 0.70125 0.73565 0.77472 0.8175 0.86248 0.90696 0.94679 0.97751
0.45612 0.34296 0.2195 0.27753 0.33924 0.33046 0.36483 0.48923 0.56108 0.55735 0.53564 0.51303 0.49151 0.47332 0.45992 0.45217 0.4506 0.45563 0.46715 0.48425 0.50517 0.52775 0.54998 0.57044 0.58834 0.60327 0.61493 0.62306 0.62755 0.62847 0.62614 0.62119 0.61451 0.6073 0.60098 0.59707 0.59706 0.60223 0.61349 0.63127 0.65555 0.68597 0.72191 0.76259 0.80704 0.85374 0.89997 0.94161 0.97417
0.35758 0.2568 0.092103 0.25305 0.35393 0.37825 0.41478 0.51182 0.56469 0.55124 0.52336 0.49664 0.47297 0.45439 0.44189 0.43572 0.43584 0.44225 0.45462 0.47205 0.49291 0.51517 0.53699 0.55703 0.57454 0.58909 0.60036 0.60808 0.6121 0.61248 0.60956 0.60395 0.59661 0.58876 0.5819 0.57764 0.57755 0.58296 0.5948 0.6135 0.63897 0.67078 0.70824 0.75052 0.79662 0.845 0.89294 0.93634 0.97069
0.33318 0.24516 0.067281 0.24338 0.35465 0.40126 0.44761 0.53059 0.5667 0.5427 0.50825 0.4775 0.45197 0.43332 0.42203 0.41774 0.41987 0.42796 0.4415 0.45956 0.48058 0.50273 0.52428 0.54398 0.56114 0.57534 0.58623 0.59353 0.59707 0.59691 0.59336 0.58707 0.57902 0.57049 0.56306 0.55841 0.55819 0.56382 0.57624 0.59584 0.6225 0.6557 0.69467 0.73853 0.78625 0.83627 0.88589 0.93101 0.96711
0.40585 0.34124 0.19038 0.24881 0.34342 0.40209 0.46308 0.54347 0.56637 0.53171 0.49055 0.45596 0.42887 0.41047 0.40067 0.39855 0.40293 0.41297 0.42794 0.44686 0.46826 0.49046 0.51185 0.5313 0.54816 0.56202 0.57255 0.57943 0.58248 0.58175 0.57756 0.57056 0.56177 0.55253 0.54447 0.53938 0.53902 0.54483 0.55781 0.57832 0.60617 0.64075 0.68122 0.72664 0.77594 0.82757 0.87883 0.92562 0.96342
0.46704 0.42753 0.28241 0.25698 0.32165 0.38421 0.46335 0.55008 0.5633 0.51831 0.47055 0.43235 0.40402 0.38617 0.37815 0.37841 0.38527 0.39747 0.41407 0.43404 0.456 0.47838 0.49972 0.519 0.5356 0.54915 0.55932 0.56577 0.56833 0.56702 0.56217 0.55445 0.54489 0.53489 0.52617 0.5206 0.52004 0.52602 0.53955 0.56097 0.59 0.62595 0.66791 0.71487 0.76573 0.81892 0.87177 0.92019 0.95964
0.46147 0.45372 0.3289 0.25552 0.29022 0.35148 0.45208 0.55119 0.55742 0.50265 0.44855 0.40706 0.3778 0.36077 0.35475 0.35761 0.36711 0.38164 0.40002 0.4212 0.44385 0.46653 0.48791 0.50707 0.52345 0.53672 0.54653 0.55257 0.55463 0.55274 0.54722 0.53874 0.52838 0.51759 0.50816 0.50207 0.50128 0.5074 0.52147 0.54379 0.57401 0.61133 0.65476 0.70323 0.75562 0.81035 0.86474 0.91473 0.9558
0.38844 0.42419 0.33201 0.23923 0.25009 0.30799 0.43372 0.54822 0.54895 0.48501 0.42494 0.38048 0.35055 0.33458 0.33076 0.33638 0.34867 0.36564 0.38592 0.40842 0.43187 0.45494 0.47644 0.49552 0.51173 0.52473 0.53421 0.53983 0.54139 0.53891 0.5327 0.52346 0.51227 0.50065 0.49047 0.48381 0.48275 0.48899 0.50359 0.52681 0.55822 0.5969 0.64179 0.69175 0.74563 0.80185 0.85775 0.90927 0.95189
0.27441 0.3662 0.30384 0.20989 0.20271 0.25822 0.41306 0.54283 0.53833 0.46575 0.40014 0.353 0.32262 0.30788 0.30644 0.31496 0.33014 0.34962 0.37188 0.39577 0.42009 0.44363 0.4653 0.48437 0.50042 0.51318 0.52233 0.52755 0.52862 0.52554 0.51864 0.50861 0.49658 0.48409 0.47311 0.46585 0.46448 0.47081 0.48592 0.51005 0.54264 0.58269 0.62902 0.68044 0.73578 0.79344 0.8508 0.90381 0.94795
0.15669 0.30938 0.26076 0.17394 0.1502 0.20764 0.39478 0.5366 0.52609 0.44533 0.37463 0.32506 0.29434 0.28095 0.28202 0.29355 0.31168 0.33372 0.35799 0.38332 0.40857 0.43262 0.45452 0.4736 0.48954 0.50207 0.51091 0.51573 0.5163 0.51264 0.50504 0.49422 0.48131 0.46792 0.45611 0.44818 0.44646 0.45286 0.46849 0.49352 0.5273 0.5687 0.61645 0.66932 0.72607 0.78515 0.84392 0.89837 0.94397
0.094774 0.27184 0.21772 0.14043 0.095718 0.16458 0.38279 0.53084 0.51288 0.42429 0.3489 0.29707 0.26605 0.25405 0.25772 0.27234 0.29347 0.31807 0.34436 0.37113 0.39734 0.42194 0.44409 0.46323 0.47906 0.4914 0.49993 0.50436 0.50445 0.5002 0.4919 0.48027 0.46647 0.45216 0.43946 0.43083 0.42872 0.43515 0.45129 0.47723 0.51221 0.55496 0.60411 0.65839 0.71652 0.77697 0.83711 0.89295 0.93996
0.15607 0.25535 0.18265 0.119 0.048775 0.14247 0.37971 0.5265 0.49933 0.40323 0.32351 0.26947 0.23804 0.22739 0.23373 0.25151 0.27564 0.30278 0.33105 0.35926 0.38643 0.4116 0.43403 0.45324 0.469 0.48114 0.4894 0.49345 0.49306 0.48822 0.47923 0.46679 0.45208 0.43681 0.42319 0.4138 0.41126 0.41771 0.43434 0.4612 0.49737 0.54147 0.59201 0.64766 0.70715 0.76892 0.83038 0.88756 0.93594
0.24059 0.24959 0.15335 0.11567 0.054712 0.15306 0.38632 0.52416 0.48607 0.38275 0.29901 0.24271 0.21061 0.20118 0.21022 0.23121 0.25832 0.28795 0.31814 0.34776 0.37587 0.40162 0.42434 0.44364 0.45935 0.47132 0.4793 0.48298 0.48213 0.47672 0.46703 0.45378 0.43815 0.42189 0.40731 0.39711 0.39409 0.40053 0.41766 0.44544 0.48282 0.52825 0.58016 0.63716 0.69795 0.761 0.82374 0.88221 0.93191
0.2919 0.24135 0.12083 0.12872 0.10649 0.19087 0.40184 0.52408 0.47366 0.36345 0.27598 0.21726 0.18407 0.1756 0.18737 0.21159 0.24164 0.27366 0.3057 0.33666 0.36568 0.392 0.41502 0.43443 0.45009 0.4619 0.46962 0.47296 0.47165 0.46568 0.45531 0.44124 0.42468 0.40741 0.39182 0.38077 0.37722 0.38362 0.40125 0.42996 0.46855 0.51531 0.56857 0.62688 0.68895 0.75323 0.8172 0.87692 0.92789
0.30071 0.22373 0.076864 0.15368 0.16606 0.24241 0.42443 0.52627 0.46259 0.34589 0.25497 0.19362 0.15871 0.15079 0.1653 0.1928 0.22571 0.26 0.29377 0.32599 0.35589 0.38275 0.40608 0.42559 0.44122 0.45289 0.46037 0.46336 0.46162 0.4551 0.44405 0.42918 0.41168 0.39337 0.37674 0.36477 0.36065 0.36699 0.38511 0.41477 0.45458 0.50266 0.55725 0.61684 0.68014 0.74561 0.81076 0.87168 0.92388
0.28294 0.20309 0.028533 0.18907 0.22766 0.29932 0.45199 0.53056 0.45317 0.3305 0.23648 0.17231 0.13487 0.1269 0.14417 0.17497 0.21062 0.24704 0.2824 0.3158 0.3465 0.37389 0.3975 0.41713 0.43274 0.44427 0.45153 0.4542 0.45203 0.44497 0.43327 0.41759 0.39915 0.37979 0.36207 0.34914 0.3444 0.35065 0.36926 0.39988 0.44091 0.49032 0.54621 0.60705 0.67153 0.73815 0.80443 0.8665 0.91988
0.26332 0.2017 0.078844 0.2353 0.29017 0.35761 0.48257 0.53663 0.44556 0.31757 0.22093 0.15387 0.11293 0.10403 0.12412 0.15823 0.19647 0.23482 0.27163 0.30608 0.33753 0.3654 0.38929 0.40904 0.42463 0.43605 0.44308 0.44545 0.44288 0.4353 0.42296 0.40649 0.3871 0.36667 0.34782 0.33387 0.32845 0.33459 0.3537 0.38531 0.42757 0.47828 0.53545 0.5975 0.66313 0.73085 0.79822 0.86139 0.91591
0.25886 0.24162 0.17504 0.29212 0.353 0.41522 0.51448 0.54401 0.43973 0.30719 0.20856 0.13881 0.093415 0.082265 0.10529 0.14273 0.18335 0.22341 0.26149 0.29687 0.32898 0.3573 0.38145 0.4013 0.41689 0.42819 0.43503 0.43711 0.43415 0.42608 0.41311 0.39586 0.37554 0.35402 0.334 0.31898 0.31283 0.31882 0.33844 0.37104 0.41456 0.46657 0.52499 0.58821 0.65494 0.72371 0.79212 0.85635 0.91196
0.27176 0.31932 0.28562 0.35769 0.41538 0.4708 0.54633 0.55212 0.43545 0.29924 0.19941 0.12756 0.077081 0.061692 0.087904 0.12862 0.17133 0.21283 0.25198 0.28817 0.32086 0.34957 0.37396 0.39392 0.4095 0.42071 0.42736 0.42916 0.42584 0.4173 0.40372 0.38572 0.36446 0.34184 0.32062 0.30446 0.29752 0.30334 0.32348 0.35711 0.40188 0.45518 0.51482 0.57918 0.64696 0.71675 0.78615 0.8514 0.90805
0.29895 0.41906 0.40328 0.42884 0.47627 0.5233 0.57687 0.56028 0.43235 0.29342 0.19326 0.12028 0.064965 0.042383 0.072241 0.11605 0.16048 0.20313 0.24314 0.27999 0.31317 0.34222 0.36682 0.38688 0.40246 0.41358 0.42005 0.4216 0.41794 0.40894 0.39479 0.37605 0.35387 0.33014 0.30769 0.29033 0.28253 0.28815 0.30883 0.34351 0.38954 0.44412 0.50496 0.57041 0.63921 0.70996 0.78031 0.84652 0.90417
0.34605 0.52898 0.52092 0.50169 0.53436 0.57171 0.60501 0.56776 0.42989 0.28928 0.1897 0.11676 0.058184 0.024474 0.058772 0.10521 0.15086 0.19431 0.23496 0.27232 0.30591 0.33525 0.36003 0.38018 0.39576 0.40679 0.41311 0.41442 0.41043 0.40101 0.3863 0.36685 0.34377 0.31893 0.29521 0.27659 0.26787 0.27326 0.29449 0.33025 0.37756 0.4334 0.49541 0.56191 0.63168 0.70334 0.77459 0.84173 0.90033
0.42374 0.63997 0.63111 0.57212 0.58817 0.61508 0.62973 0.57379 0.42751 0.28627 0.18815 0.11641 0.057133 0.0088411 0.048255 0.096257 0.1425 0.1864 0.22745 0.26517 0.29906 0.32864 0.35358 0.3738 0.38938 0.40033 0.40651 0.4076 0.40331 0.3935 0.37826 0.35812 0.33416 0.30822 0.2832 0.26326 0.25354 0.25866 0.28046 0.31734 0.36594 0.42303 0.48616 0.55368 0.62437 0.6969 0.76901 0.83702 0.89654
0.53148 0.74222 0.72672 0.63624 0.63619 0.6525 0.65015 0.57763 0.42463 0.28385 0.18798 0.1184 0.060792 0.010313 0.041739 0.089334 0.13542 0.17937 0.22059 0.25853 0.29263 0.32238 0.34744 0.36773 0.38331 0.3942 0.40024 0.40113 0.39657 0.38638 0.37065 0.34986 0.32504 0.298 0.27165 0.25033 0.23953 0.24436 0.26675 0.30478 0.35469 0.41301 0.47723 0.54572 0.61728 0.69064 0.76356 0.8324 0.8928
0.65046 0.82421 0.80165 0.69076 0.67706 0.68322 0.66551 0.57863 0.4207 0.28148 0.18857 0.12187 0.067323 0.023813 0.040023 0.084509 0.12963 0.17323 0.21438 0.25238 0.28659 0.31647 0.34163 0.36197 0.37754 0.38837 0.3943 0.39501 0.3902 0.37966 0.36347 0.34206 0.3164 0.28828 0.2606 0.23781 0.22585 0.23034 0.25337 0.2926 0.34382 0.40334 0.46862 0.53803 0.61042 0.68455 0.75824 0.82788 0.8891
0.74869 0.87442 0.85156 0.73323 0.70969 0.70663 0.67524 0.57625 0.41525 0.27871 0.18939 0.12607 0.075122 0.036773 0.042685 0.081738 0.12508 0.16794 0.20879 0.24671 0.28095 0.31089 0.33612 0.3565 0.37207 0.38284 0.38866 0.38921 0.38417 0.37332 0.3567 0.33471 0.30826 0.27907 0.25003 0.22572 0.21251 0.21662 0.24032 0.28078 0.33333 0.39403 0.46033 0.53061 0.60378 0.67865 0.75306 0.82344 0.88546
0.79289 0.8842 0.87448 0.76222 0.73335 0.72236 0.67895 0.57009 0.40791 0.27516 0.19001 0.13039 0.083158 0.048668 0.048224 0.080847 0.12172 0.16348 0.20381 0.24151 0.27569 0.30564 0.3309 0.35131 0.36687 0.3776 0.38333 0.38373 0.37849 0.36736 0.35034 0.3278 0.30059 0.27036 0.23996 0.21407 0.1995 0.20319 0.2276 0.26935 0.32322 0.38509 0.45235 0.52346 0.59737 0.67292 0.74801 0.8191 0.88187
0.76223 0.85035 0.87105 0.77733 0.74779 0.73034 0.67647 0.5599 0.39844 0.27057 0.19011 0.13443 0.090846 0.059453 0.055173 0.081552 0.11945 0.15978 0.1994 0.23675 0.27079 0.30071 0.32597 0.34639 0.36194 0.37263 0.37828 0.37856 0.37313 0.36175 0.34438 0.32133 0.29341 0.26217 0.23041 0.20287 0.18682 0.19004 0.21522 0.25831 0.31351 0.3765 0.44469 0.51658 0.59118 0.66737 0.7431 0.81485 0.87833
0.65789 0.77615 0.84442 0.77912 0.75316 0.73072 0.66789 0.54561 0.38668 0.26477 0.18948 0.1379 0.097875 0.06915 0.062591 0.083507 0.11815 0.1568 0.19553 0.23242 0.26624 0.29607 0.32132 0.34173 0.35727 0.36792 0.3735 0.37368 0.36809 0.35649 0.3388 0.31529 0.2867 0.2545 0.22138 0.19213 0.17449 0.17718 0.20318 0.24768 0.3042 0.36828 0.43735 0.50997 0.58521 0.662 0.73832 0.81069 0.87485
0.50432 0.67064 0.79978 0.76896 0.75005 0.72396 0.65346 0.5273 0.3726 0.25764 0.18796 0.14064 0.10409 0.077799 0.069964 0.086368 0.1177 0.15448 0.19217 0.2285 0.26202 0.29172 0.31692 0.33732 0.35285 0.36347 0.36899 0.36908 0.36336 0.35156 0.33359 0.30967 0.28046 0.24734 0.21288 0.18187 0.1625 0.16461 0.19151 0.23746 0.29531 0.36043 0.43033 0.50363 0.57945 0.65679 0.73367 0.80663 0.87142
0.34112 0.54689 0.74356 0.74874 0.7394 0.71074 0.63369 0.50522 0.35626 0.24919 0.18551 0.14254 0.10941 0.085451 0.077022 0.089829 0.11795 0.15276 0.18929 0.22496 0.25813 0.28765 0.31278 0.33315 0.34866 0.35926 0.36473 0.36474 0.35892 0.34696 0.32875 0.30446 0.27468 0.24069 0.20494 0.17212 0.15087 0.15231 0.18019 0.22766 0.28682 0.35295 0.42362 0.49755 0.57392 0.65177 0.72916 0.80267 0.86806
0.20656 0.42061 0.68246 0.7207 0.72242 0.69195 0.60922 0.47971 0.33781 0.23944 0.18209 0.14358 0.11384 0.092162 0.083631 0.093642 0.11878 0.15155 0.18684 0.22177 0.25453 0.28384 0.30888 0.32921 0.3447 0.35527 0.36071 0.36067 0.35476 0.34266 0.32425 0.29964 0.26936 0.23456 0.19754 0.16289 0.1396 0.14029 0.16926 0.2183 0.27875 0.34584 0.41723 0.49173 0.56859 0.64691 0.72477 0.79879 0.86475
0.11586 0.31102 0.62234 0.68715 0.70046 0.66863 0.58089 0.45127 0.31746 0.2285 0.17775 0.14376 0.11739 0.097991 0.089727 0.097616 0.12006 0.1508 0.18478 0.21891 0.25122 0.28029 0.3052 0.32549 0.34096 0.35151 0.35692 0.35684 0.35086 0.33867 0.32009 0.2952 0.26447 0.22894 0.19072 0.1542 0.12871 0.12854 0.15872 0.20939 0.27111 0.33909 0.41114 0.48616 0.56348 0.64221 0.72051 0.79501 0.8615
0.056866 0.2438 0.56731 0.65032 0.67495 0.64191 0.5496 0.42046 0.29549 0.21649 0.17255 0.14311 0.12011 0.103 0.095288 0.10161 0.12167 0.15044 0.18308 0.21637 0.24817 0.27697 0.30175 0.32197 0.33742 0.34795 0.35335 0.35324 0.34722 0.33495 0.31625 0.29114 0.26002 0.22382 0.18447 0.1461 0.11822 0.11707 0.1486 0.20095 0.26389 0.33271 0.40536 0.48085 0.55857 0.63769 0.71638 0.79132 0.85831
0.077995 0.2385 0.51914 0.61219 0.64728 0.61297 0.51637 0.38791 0.27219 0.20357 0.16657 0.1417 0.12204 0.10725 0.10031 0.10553 0.12352 0.15041 0.1817 0.21411 0.24537 0.27387 0.2985 0.31865 0.33407 0.3446 0.34998 0.34986 0.34382 0.33151 0.31271 0.28743 0.25599 0.21921 0.1788 0.13861 0.10816 0.10587 0.13891 0.19299 0.2571 0.3267 0.39988 0.47579 0.55386 0.63332 0.71238 0.78772 0.85517
0.17102 0.2759 0.47734 0.57447 0.61872 0.58295 0.48225 0.35432 0.2479 0.18993 0.1599 0.13957 0.12325 0.1108 0.10482 0.1093 0.12553 0.15065 0.1806 0.21211 0.24281 0.27099 0.29545 0.31553 0.33091 0.34143 0.34682 0.3467 0.34066 0.32833 0.30948 0.28407 0.25237 0.21508 0.17372 0.13176 0.098552 0.094939 0.12968 0.18552 0.25075 0.32104 0.3947 0.47097 0.54935 0.62911 0.70849 0.78421 0.8521
0.27421 0.32093 0.43988 0.53853 0.59037 0.55292 0.44829 0.32041 0.22297 0.17574 0.15267 0.13682 0.12381 0.11372 0.10884 0.11288 0.12762 0.15111 0.17975 0.21035 0.24047 0.26831 0.29259 0.31258 0.32793 0.33844 0.34384 0.34374 0.33771 0.32539 0.30652 0.28103 0.24913 0.21143 0.16923 0.12558 0.089453 0.084276 0.12095 0.17856 0.24483 0.31574 0.38982 0.46639 0.54504 0.62506 0.70473 0.78078 0.84908
0.36539 0.35357 0.40426 0.50543 0.5631 0.52382 0.41551 0.28694 0.19774 0.16121 0.14498 0.13353 0.12379 0.11606 0.11239 0.11624 0.12975 0.15174 0.17911 0.2088 0.23833 0.26582 0.2899 0.3098 0.32512 0.33563 0.34104 0.34096 0.33497 0.32269 0.30383 0.27831 0.24628 0.20825 0.16532 0.12012 0.080928 0.073883 0.11276 0.17214 0.23934 0.3108 0.38522 0.46204 0.54091 0.62116 0.70108 0.77744 0.84612
0.43138 0.36538 0.36852 0.47595 0.53754 0.49639 0.38485 0.2547 0.17255 0.14653 0.13695 0.12977 0.12326 0.11789 0.1155 0.11936 0.13187 0.1525 0.17866 0.20745 0.23639 0.2635 0.28738 0.30718 0.32246 0.33297 0.3384 0.33837 0.33243 0.3202 0.30139 0.27588 0.24378 0.20551 0.162 0.11541 0.073066 0.063766 0.10517 0.16625 0.2343 0.3062 0.3809 0.45792 0.53697 0.61741 0.69755 0.77419 0.84322
0.46593 0.35342 0.33191 0.45058 0.51404 0.47117 0.35711 0.2245 0.14772 0.13189 0.1287 0.12564 0.12229 0.11927 0.11822 0.12225 0.13395 0.15336 0.17837 0.20628 0.23461 0.26135 0.28502 0.30472 0.31996 0.33047 0.33593 0.33595 0.33008 0.31793 0.2992 0.27374 0.24164 0.20322 0.15925 0.11146 0.065985 0.053936 0.098221 0.16092 0.22968 0.30194 0.37685 0.45403 0.53321 0.6138 0.69413 0.77102 0.84037
0.46901 0.31794 0.29532 0.42958 0.49272 0.44844 0.33288 0.1972 0.12357 0.11748 0.12034 0.12122 0.12095 0.12024 0.12057 0.12489 0.13595 0.15428 0.17821 0.20526 0.233 0.25936 0.28282 0.3024 0.3176 0.32811 0.33361 0.33369 0.3279 0.31585 0.29723 0.27187 0.23981 0.20133 0.15705 0.1083 0.05984 0.044414 0.091994 0.15615 0.22549 0.29802 0.37307 0.45035 0.52963 0.61033 0.69082 0.76794 0.83758
0.44616 0.2618 0.26166 0.41294 0.47349 0.42821 0.3125 0.17364 0.10039 0.10347 0.11199 0.11659 0.1193 0.12087 0.12258 0.1273 0.13787 0.15523 0.17816 0.20438 0.23153 0.25751 0.28075 0.30022 0.31537 0.32589 0.33143 0.33158 0.32589 0.31396 0.29547 0.27025 0.2383 0.19984 0.15538 0.10593 0.054817 0.035251 0.086559 0.15196 0.22173 0.29443 0.36955 0.44688 0.52621 0.607 0.68762 0.76493 0.83484
0.40855 0.19125 0.23603 0.40043 0.45609 0.41032 0.29599 0.15464 0.078468 0.090044 0.10373 0.11183 0.11743 0.1212 0.1243 0.12948 0.13969 0.15621 0.1782 0.20363 0.2302 0.2558 0.27881 0.29817 0.31328 0.3238 0.32938 0.32961 0.32403 0.31224 0.29391 0.26887 0.23708 0.19873 0.15423 0.10434 0.051116 0.026563 0.081993 0.14834 0.21839 0.29116 0.36629 0.44361 0.52296 0.6038 0.68452 0.762 0.83215
0.37328 0.12195 0.22473 0.39157 0.44014 0.39438 0.28308 0.14077 0.058109 0.077362 0.095679 0.10703 0.11538 0.12128 0.12574 0.13144 0.1414 0.15718 0.17831 0.20299 0.22899 0.25422 0.277 0.29624 0.3113 0.32184 0.32747 0.32778 0.32232 0.31069 0.29255 0.2677 0.23612 0.19796 0.15357 0.1035 0.048906 0.018673 0.078365 0.14531 0.21545 0.28819 0.36327 0.44054 0.51987 0.60073 0.68153 0.75914 0.82952
0.36033 0.10475 0.2318 0.38565 0.42519 0.37992 0.27321 0.13214 0.039774 0.065603 0.087926 0.10225 0.11321 0.12116 0.12695 0.13319 0.14298 0.15813 0.17847 0.20244 0.2279 0.25276 0.27531 0.29442 0.30944 0.31998 0.32567 0.32607 0.32075 0.30929 0.29135 0.26675 0.23543 0.19753 0.15336 0.10339 0.048267 0.012632 0.07573 0.14285 0.21291 0.28553 0.36048 0.43766 0.51694 0.59778 0.67863 0.75636 0.82694
0.38074 0.16767 0.25555 0.38182 0.41078 0.36643 0.26565 0.12822 0.02456 0.054965 0.080562 0.097578 0.111 0.12088 0.12794 0.13475 0.14445 0.15906 0.17868 0.20197 0.22691 0.2514 0.27373 0.29272 0.30769 0.31824 0.32398 0.32448 0.3193 0.30803 0.29032 0.26599 0.23497 0.19739 0.15356 0.10394 0.049143 0.011255 0.074115 0.14096 0.21076 0.28316 0.35793 0.43497 0.51415 0.59496 0.67583 0.75366 0.8244
0.42641 0.25449 0.28993 0.37914 0.39647 0.35339 0.25964 0.12793 0.016336 0.045685 0.073677 0.09308 0.10878 0.12047 0.12874 0.13613 0.1458 0.15994 0.17891 0.20158 0.22602 0.25015 0.27225 0.29112 0.30604 0.3166 0.3224 0.323 0.31798 0.3069 0.28945 0.26541 0.23473 0.19754 0.15416 0.1051 0.051351 0.015456 0.073512 0.13961 0.20898 0.28106 0.35559 0.43245 0.51151 0.59225 0.67312 0.75102 0.82192
0.47806 0.33941 0.32846 0.37667 0.38188 0.34036 0.25443 0.12992 0.020067 0.03806 0.067362 0.088826 0.10661 0.11998 0.12938 0.13733 0.14703 0.16078 0.17917 0.20126 0.22521 0.249 0.27087 0.28961 0.30449 0.31506 0.32091 0.32163 0.31676 0.3059 0.28871 0.26499 0.23469 0.19794 0.1551 0.1068 0.054635 0.02204 0.073875 0.13879 0.20756 0.27924 0.35347 0.43011 0.50901 0.58965 0.6705 0.74845 0.81949
0.51812 0.41396 0.36613 0.37356 0.36672 0.32699 0.24939 0.13294 0.029268 0.032441 0.061706 0.08488 0.10454 0.11942 0.12987 0.13838 0.14814 0.16157 0.17944 0.20098 0.22448 0.24793 0.26959 0.2882 0.30303 0.3136 0.31952 0.32036 0.31566 0.30501 0.2881 0.26472 0.23483 0.19858 0.15636 0.10897 0.058733 0.029279 0.075123 0.13847 0.20649 0.27767 0.35155 0.42793 0.50664 0.58717 0.66796 0.74595 0.8171
0.53578 0.47451 0.39951 0.3691 0.35077 0.31304 0.24402 0.13599 0.038591 0.029121 0.056799 0.081304 0.1026 0.11883 0.13024 0.13928 0.14914 0.1623 0.17971 0.20075 0.22381 0.24694 0.26838 0.28687 0.30165 0.31224 0.31822 0.31917 0.31464 0.30424 0.28762 0.2646 0.23514 0.19943 0.15791 0.11155 0.063415 0.03666 0.077152 0.13861 0.20573 0.27635 0.34983 0.42591 0.5044 0.58479 0.66551 0.74351 0.81476
0.52799 0.51994 0.42649 0.3628 0.33393 0.29837 0.23799 0.13839 0.046739 0.028085 0.052724 0.078153 0.10082 0.11824 0.13051 0.14005 0.15002 0.16297 0.17997 0.20056 0.22322 0.24603 0.26726 0.28563 0.30035 0.31095 0.317 0.31807 0.31372 0.30355 0.28724 0.2646 0.23561 0.20046 0.1597 0.11446 0.068496 0.044012 0.079845 0.1392 0.20529 0.27526 0.34829 0.42403 0.50229 0.58251 0.66315 0.74114 0.81246
0.49911 0.55089 0.44595 0.35438 0.31617 0.28294 0.23109 0.13969 0.05338 0.028872 0.04955 0.075472 0.099238 0.11765 0.13069 0.14069 0.15079 0.16358 0.18023 0.2004 0.22268 0.24519 0.26622 0.28446 0.29913 0.30974 0.31586 0.31705 0.31289 0.30296 0.28697 0.26472 0.23621 0.20167 0.1617 0.11766 0.07384 0.051263 0.083088 0.14018 0.20513 0.2744 0.34693 0.42231 0.50029 0.58033 0.66086 0.73882 0.81021
0.45926 0.56915 0.45753 0.34378 0.29758 0.2668 0.22324 0.13965 0.058436 0.030789 0.047321 0.073298 0.097871 0.1171 0.13078 0.14121 0.15146 0.16413 0.18047 0.20027 0.22219 0.24442 0.26524 0.28336 0.29798 0.3086 0.31478 0.3161 0.31213 0.30246 0.28679 0.26495 0.23694 0.20303 0.1639 0.12108 0.079344 0.058383 0.086771 0.14152 0.20525 0.27374 0.34573 0.42072 0.49841 0.57824 0.65865 0.73657 0.808
0.42108 0.5772 0.4615 0.33115 0.27831 0.25007 0.21443 0.13813 0.061922 0.033224 0.046039 0.071654 0.096736 0.11658 0.13082 0.14163 0.15203 0.16462 0.1807 0.20016 0.22175 0.24371 0.26433 0.28233 0.2969 0.30752 0.31377 0.31522 0.31144 0.30203 0.28669 0.26527 0.23778 0.20452 0.16625 0.12469 0.084933 0.065357 0.090798 0.14319 0.20562 0.27329 0.3447 0.41926 0.49664 0.57624 0.65651 0.73437 0.80583
0.39512 0.57764 0.45857 0.3168 0.25857 0.23292 0.20476 0.13514 0.063898 0.03578 0.04566 0.070547 0.09584 0.11612 0.13079 0.14194 0.15251 0.16504 0.18091 0.20006 0.22135 0.24305 0.26348 0.28136 0.29587 0.30651 0.31283 0.31441 0.31082 0.30167 0.28667 0.26567 0.23871 0.20613 0.16874 0.12843 0.090555 0.072179 0.095088 0.14515 0.20621 0.27302 0.34382 0.41793 0.49497 0.57433 0.65444 0.73223 0.8037
0.38568 0.5728 0.44974 0.30118 0.23862 0.21556 0.19436 0.13071 0.064448 0.03824 0.046095 0.069967 0.095186 0.11571 0.13072 0.14217 0.1529 0.16541 0.18109 0.19998 0.22098 0.24244 0.26269 0.28045 0.29491 0.30555 0.31194 0.31365 0.31025 0.30137 0.28672 0.26616 0.23974 0.20783 0.17134 0.13228 0.096169 0.078844 0.099573 0.14737 0.20703 0.27292 0.34308 0.41672 0.4934 0.57251 0.65243 0.73014 0.80161
0.39034 0.56455 0.43615 0.2848 0.21876 0.19823 0.18341 0.12494 0.06368 0.040515 0.047227 0.069892 0.09477 0.11536 0.13061 0.14231 0.1532 0.16571 0.18126 0.19991 0.22065 0.24188 0.26195 0.27959 0.294 0.30465 0.31111 0.31295 0.30975 0.30114 0.28684 0.26671 0.24084 0.20963 0.17403 0.13621 0.10175 0.085353 0.1042 0.1498 0.20804 0.27298 0.34248 0.41562 0.49193 0.57076 0.6505 0.7281 0.79956
0.4038 0.55414 0.41894 0.26822 0.19928 0.18117 0.17212 0.11796 0.061713 0.04259 0.04893 0.070283 0.094582 0.11507 0.13046 0.14237 0.15341 0.16596 0.1814 0.19985 0.22036 0.24136 0.26126 0.27879 0.29314 0.3038 0.31033 0.31229 0.30929 0.30095 0.287 0.26732 0.242 0.21149 0.17679 0.14018 0.10727 0.091706 0.10891 0.15243 0.20922 0.2732 0.342 0.41463 0.49055 0.56909 0.64863 0.72611 0.79755
0.42164 0.54219 0.39914 0.25195 0.18047 0.16464 0.16069 0.10993 0.058687 0.0445 0.051084 0.071092 0.094609 0.11485 0.13027 0.14236 0.15356 0.16616 0.18151 0.19979 0.22008 0.24088 0.26061 0.27803 0.29233 0.303 0.30959 0.31169 0.30888 0.30082 0.28722 0.26799 0.24323 0.21341 0.17961 0.14418 0.11272 0.097905 0.11368 0.15521 0.21057 0.27356 0.34165 0.41374 0.48926 0.56749 0.64681 0.72417 0.79557
0.44137 0.52883 0.37757 0.23644 0.16261 0.14886 0.14938 0.10103 0.054756 0.046311 0.053584 0.072266 0.094832 0.11468 0.13006 0.14227 0.15363 0.1663 0.18161 0.19974 0.21984 0.24044 0.26001 0.27732 0.29157 0.30224 0.30889 0.31112 0.30852 0.30073 0.28749 0.2687 0.2445 0.21538 0.18247 0.14819 0.11808 0.10395 0.11848 0.15814 0.21206 0.27404 0.3414 0.41295 0.48805 0.56596 0.64506 0.72228 0.79363
0.46161 0.51374 0.35483 0.22201 0.1459 0.13404 0.13842 0.091439 0.050107 0.048101 0.056344 0.073749 0.09523 0.11456 0.12982 0.14213 0.15363 0.16639 0.18167 0.19968 0.21961 0.24003 0.25945 0.27665 0.29085 0.30152 0.30824 0.3106 0.30819 0.30067 0.28779 0.26945 0.24581 0.21739 0.18536 0.15219 0.12335 0.10985 0.12328 0.16117 0.21368 0.27465 0.34126 0.41225 0.48692 0.5645 0.64336 0.72043 0.79172
0.48114 0.49634 0.33127 0.20888 0.13053 0.12037 0.12807 0.081404 0.044968 0.049954 0.059295 0.075483 0.09578 0.11448 0.12956 0.14192 0.15357 0.16643 0.18172 0.19963 0.2194 0.23966 0.25893 0.27602 0.29016 0.30084 0.30762 0.31011 0.3079 0.30065 0.28812 0.27024 0.24715 0.21943 0.18826 0.15618 0.12853 0.1156 0.12806 0.1643 0.21542 0.27537 0.34123 0.41164 0.48586 0.56311 0.64172 0.71862 0.78984
0.49836 0.47595 0.30708 0.19711 0.11657 0.10799 0.11858 0.071207 0.03965 0.051951 0.062385 0.077416 0.096459 0.11444 0.12926 0.14166 0.15345 0.16642 0.18174 0.19958 0.21921 0.23931 0.25844 0.27543 0.28952 0.30019 0.30704 0.30965 0.30764 0.30066 0.28849 0.27105 0.24853 0.22148 0.19117 0.16013 0.1336 0.12121 0.13281 0.16749 0.21726 0.27619 0.34128 0.4111 0.48488 0.56177 0.64012 0.71686 0.78799
0.51133 0.45198 0.28232 0.18667 0.10403 0.096998 0.11021 0.061232 0.034607 0.054162 0.065572 0.079498 0.097242 0.11443 0.12895 0.14134 0.15327 0.16638 0.18174 0.19953 0.21904 0.23899 0.25798 0.27487 0.2889 0.29958 0.30649 0.30923 0.30741 0.3007 0.28888 0.27189 0.24992 0.22356 0.19408 0.16405 0.13856 0.12667 0.13751 0.17074 0.21919 0.2771 0.34142 0.41065 0.48396 0.56049 0.63858 0.71514 0.78618
0.51828 0.42415 0.25708 0.17744 0.092836 0.087468 0.1032 0.052045 0.030518 0.056638 0.068823 0.081685 0.098104 0.11444 0.1286 0.14098 0.15303 0.16629 0.18171 0.19947 0.21888 0.23869 0.25755 0.27434 0.28832 0.299 0.30597 0.30883 0.3072 0.30077 0.2893 0.27275 0.25132 0.22563 0.19698 0.16791 0.14342 0.132 0.14216 0.17403 0.22119 0.27809 0.34163 0.41026 0.4831 0.55927 0.63708 0.71345 0.78439
0.51821 0.3926 0.23151 0.16925 0.082854 0.079422 0.097787 0.044522 0.028304 0.059413 0.072113 0.083937 0.099023 0.11446 0.12823 0.14057 0.15275 0.16616 0.18167 0.19941 0.21873 0.23842 0.25715 0.27384 0.28777 0.29844 0.30547 0.30845 0.30702 0.30085 0.28973 0.27362 0.25274 0.22771 0.19986 0.17173 0.14817 0.13719 0.14675 0.17735 0.22326 0.27916 0.34192 0.40994 0.48231 0.55811 0.63563 0.7118 0.78264
0.51142 0.35813 0.2059 0.16195 0.073899 0.07286 0.094132 0.039906 0.028793 0.0625 0.07542 0.08622 0.099975 0.11448 0.12782 0.14011 0.15243 0.166 0.1816 0.19935 0.21859 0.23816 0.25677 0.27337 0.28724 0.29792 0.305 0.3081 0.30686 0.30095 0.29018 0.2745 0.25416 0.22978 0.20272 0.17549 0.15282 0.14225 0.15127 0.18068 0.22539 0.28029 0.34228 0.40969 0.48157 0.55699 0.63422 0.71019 0.78091
0.49965 0.32223 0.18077 0.15539 0.06579 0.067767 0.092319 0.039388 0.032117 0.065892 0.078724 0.088502 0.10094 0.1145 0.12739 0.13961 0.15206 0.1658 0.18152 0.19929 0.21847 0.23793 0.25642 0.27292 0.28674 0.29741 0.30455 0.30777 0.30671 0.30107 0.29064 0.27539 0.25558 0.23185 0.20554 0.17919 0.15735 0.14718 0.15571 0.18402 0.22756 0.28149 0.3427 0.4095 0.48089 0.55592 0.63286 0.70862 0.77921
0.48583 0.28718 0.15689 0.1495 0.058403 0.064133 0.092322 0.043144 0.037672 0.069569 0.082008 0.090759 0.1019 0.1145 0.12693 0.13907 0.15165 0.16557 0.18142 0.19922 0.21835 0.23771 0.25609 0.2725 0.28626 0.29693 0.30412 0.30746 0.30658 0.3012 0.29111 0.27629 0.257 0.2339 0.20834 0.18282 0.16178 0.15199 0.16009 0.18735 0.22978 0.28274 0.34317 0.40935 0.48025 0.55489 0.63153 0.70707 0.77753
0.47341 0.25607 0.13533 0.14426 0.051741 0.061966 0.094009 0.050164 0.044686 0.073497 0.085257 0.092966 0.10283 0.11447 0.12643 0.13849 0.15121 0.16532 0.18131 0.19915 0.21824 0.23751 0.25578 0.2721 0.28581 0.29647 0.30371 0.30716 0.30647 0.30134 0.29158 0.27718 0.25841 0.23593 0.2111 0.18639 0.1661 0.15667 0.16438 0.19068 0.23202 0.28403 0.3437 0.40927 0.47967 0.55391 0.63024 0.70556 0.77588
0.46538 0.23256 0.11752 0.1397 0.046018 0.061287 0.097172 0.059187 0.052575 0.077637 0.088456 0.095105 0.10373 0.11441 0.12589 0.13787 0.15073 0.16504 0.18118 0.19908 0.21814 0.23732 0.25549 0.27172 0.28537 0.29603 0.30332 0.30688 0.30636 0.30149 0.29206 0.27808 0.25981 0.23794 0.21381 0.18988 0.17032 0.16123 0.16859 0.19398 0.23428 0.28537 0.34428 0.40922 0.47913 0.55297 0.62899 0.70408 0.77426
0.4634 0.21991 0.10511 0.13591 0.041736 0.062119 0.10157 0.069294 0.060955 0.081943 0.091589 0.097158 0.10456 0.11432 0.12533 0.13722 0.15022 0.16474 0.18103 0.199 0.21804 0.23714 0.25522 0.27136 0.28495 0.2956 0.30294 0.30661 0.30627 0.30164 0.29254 0.27897 0.2612 0.23992 0.21649 0.19331 0.17443 0.16568 0.17272 0.19726 0.23656 0.28675 0.3449 0.40923 0.47863 0.55207 0.62777 0.70263 0.77266
0.46731 0.21952 0.099496 0.13302 0.039675 0.064461 0.10695 0.07992 0.069581 0.086369 0.094644 0.099112 0.10534 0.11417 0.12472 0.13653 0.14968 0.16442 0.18088 0.19893 0.21795 0.23698 0.25496 0.27101 0.28455 0.29519 0.30257 0.30635 0.30619 0.3018 0.29302 0.27985 0.26257 0.24188 0.21912 0.19667 0.17844 0.17001 0.17676 0.20051 0.23885 0.28815 0.34555 0.40927 0.47817 0.55121 0.62659 0.7012 0.77108
0.47543 0.23003 0.10093 0.1312 0.040599 0.068262 0.11308 0.090726 0.078287 0.090869 0.097608 0.10095 0.10603 0.11398 0.12407 0.13582 0.14912 0.16408 0.18072 0.19885 0.21786 0.23683 0.25471 0.27068 0.28417 0.29479 0.30222 0.3061 0.30611 0.30196 0.2935 0.28073 0.26393 0.24381 0.2217 0.19995 0.18235 0.17422 0.18072 0.20372 0.24115 0.28958 0.34625 0.40935 0.47775 0.55038 0.62544 0.69981 0.76952
0.48536 0.24819 0.10825 0.1306 0.044755 0.073421 0.11979 0.1015 0.086955 0.095399 0.10047 0.10267 0.10663 0.11373 0.12339 0.13507 0.14854 0.16372 0.18054 0.19877 0.21778 0.23668 0.25448 0.27036 0.2838 0.29441 0.30188 0.30586 0.30604 0.30213 0.29398 0.2816 0.26527 0.24571 0.22424 0.20316 0.18616 0.17833 0.1846 0.2069 0.24344 0.29103 0.34697 0.40947 0.47737 0.54959 0.62431 0.69844 0.76799
0.49486 0.27067 0.11964 0.13135 0.051737 0.079793 0.12688 0.11209 0.095497 0.099918 0.10321 0.10425 0.10714 0.11341 0.12266 0.1343 0.14794 0.16335 0.18036 0.19868 0.21771 0.23655 0.25426 0.27006 0.28344 0.29404 0.30155 0.30563 0.30597 0.30229 0.29445 0.28245 0.26659 0.24758 0.22673 0.2063 0.18987 0.18233 0.18839 0.21003 0.24574 0.2925 0.34772 0.40961 0.47701 0.54882 0.62322 0.6971 0.76648
0.50251 0.29499 0.13353 0.13353 0.060855 0.087202 0.13424 0.12241 0.10385 0.10439 0.10582 0.1057 0.10755 0.11304 0.1219 0.13351 0.14732 0.16297 0.18018 0.1986 0.21764 0.23642 0.25405 0.26977 0.28309 0.29368 0.30123 0.30541 0.3059 0.30245 0.29491 0.28329 0.26789 0.24941 0.22916 0.20936 0.19349 0.18623 0.1921 0.21313 0.24802 0.29399 0.3485 0.40979 0.47669 0.54809 0.62216 0.69578 0.76498
0.50793 0.31969 0.14886 0.13716 0.071475 0.095462 0.14175 0.13237 0.11195 0.10877 0.1083 0.107 0.10784 0.11259 0.12109 0.13269 0.14669 0.16258 0.17998 0.19852 0.21757 0.23631 0.25385 0.26949 0.28276 0.29333 0.30091 0.30518 0.30584 0.30262 0.29537 0.28412 0.26917 0.25121 0.23155 0.21236 0.19702 0.19002 0.19573 0.21618 0.25029 0.29548 0.34929 0.40999 0.4764 0.54738 0.62112 0.69448 0.76351
0.51173 0.344 0.16496 0.14218 0.083113 0.10438 0.14929 0.14194 0.11977 0.11304 0.11062 0.10814 0.10802 0.11207 0.12025 0.13185 0.14604 0.16218 0.17979 0.19843 0.21751 0.2362 0.25366 0.26922 0.28243 0.29299 0.3006 0.30497 0.30577 0.30277 0.29582 0.28493 0.27042 0.25297 0.23388 0.21528 0.20045 0.19371 0.19927 0.21918 0.25255 0.29698 0.35011 0.41022 0.47613 0.54671 0.6201 0.69321 0.76205
0.51519 0.36756 0.18142 0.14844 0.095409 0.11379 0.15679 0.15107 0.12727 0.11716 0.11279 0.10913 0.10808 0.11148 0.11936 0.13099 0.14539 0.16178 0.17959 0.19835 0.21745 0.23609 0.25348 0.26896 0.28211 0.29265 0.3003 0.30475 0.30571 0.30293 0.29626 0.28573 0.27165 0.2547 0.23616 0.21813 0.20379 0.19731 0.20274 0.22213 0.25479 0.29848 0.35094 0.41047 0.47589 0.54605 0.61911 0.69195 0.76061
0.51984 0.39012 0.19791 0.15578 0.10809 0.12349 0.16416 0.15972 0.13441 0.12111 0.11479 0.10995 0.10802 0.11081 0.11844 0.13011 0.14473 0.16137 0.17939 0.19827 0.21739 0.23599 0.25331 0.26871 0.28181 0.29233 0.3 0.30454 0.30565 0.30308 0.29668 0.28651 0.27285 0.25639 0.23839 0.22091 0.20705 0.20081 0.20612 0.22503 0.25701 0.29999 0.35179 0.41074 0.47567 0.54542 0.61814 0.69072 0.75919
0.52698 0.41141 0.21409 0.16395 0.12093 0.13334 0.17133 0.16787 0.14119 0.12488 0.11662 0.11061 0.10783 0.11006 0.11748 0.12921 0.14406 0.16097 0.17919 0.19818 0.21733 0.2359 0.25314 0.26846 0.2815 0.292 0.29971 0.30433 0.30558 0.30322 0.2971 0.28727 0.27402 0.25804 0.24056 0.22362 0.21022 0.20423 0.20942 0.22788 0.25921 0.30149 0.35264 0.41103 0.47547 0.54481 0.6172 0.68951 0.75779
0.5373 0.43103 0.2296 0.17274 0.13374 0.14317 0.17824 0.17551 0.14758 0.12844 0.11826 0.1111 0.10752 0.10924 0.11648 0.12831 0.14339 0.16056 0.17899 0.1981 0.21728 0.23581 0.25298 0.26822 0.28121 0.29169 0.29942 0.30413 0.30551 0.30335 0.29751 0.28801 0.27517 0.25965 0.24269 0.22627 0.2133 0.20755 0.21265 0.23068 0.26138 0.30299 0.35351 0.41133 0.47529 0.54422 0.61627 0.68832 0.75641
0.55065 0.44839 0.24404 0.18189 0.14637 0.15284 0.18481 0.18262 0.15358 0.13177 0.11972 0.11143 0.10708 0.10835 0.11545 0.12739 0.14272 0.16015 0.17879 0.19802 0.21723 0.23573 0.25282 0.26799 0.28092 0.29138 0.29914 0.30392 0.30544 0.30348 0.2979 0.28874 0.27629 0.26123 0.24476 0.22884 0.21631 0.21078 0.2158 0.23343 0.26353 0.30448 0.35438 0.41165 0.47513 0.54366 0.61537 0.68714 0.75504
0.56589 0.4628 0.25697 0.19118 0.15868 0.16223 0.19101 0.18919 0.15917 0.13487 0.12099 0.11159 0.10652 0.10738 0.11438 0.12647 0.14206 0.15975 0.1786 0.19795 0.21719 0.23564 0.25267 0.26776 0.28063 0.29107 0.29885 0.30371 0.30537 0.3036 0.29828 0.28944 0.27738 0.26276 0.24678 0.23135 0.21923 0.21393 0.21887 0.23612 0.26565 0.30597 0.35525 0.41198 0.47499 0.54311 0.61448 0.68599 0.75368
0.58111 0.47352 0.268 0.20041 0.17054 0.17122 0.19677 0.19522 0.16434 0.13772 0.12206 0.11158 0.10582 0.10633 0.11328 0.12554 0.14139 0.15935 0.17841 0.19787 0.21714 0.23557 0.25252 0.26754 0.28035 0.29076 0.29857 0.3035 0.30529 0.30372 0.29865 0.29013 0.27844 0.26426 0.24875 0.23379 0.22207 0.21699 0.22187 0.23877 0.26774 0.30745 0.35613 0.41232 0.47486 0.54258 0.61361 0.68485 0.75234
0.59384 0.47983 0.27675 0.20941 0.18184 0.1797 0.20206 0.20072 0.16911 0.14033 0.12294 0.1114 0.10501 0.10521 0.11215 0.1246 0.14073 0.15896 0.17822 0.1978 0.2171 0.23549 0.25237 0.26732 0.28007 0.29046 0.29829 0.30329 0.30521 0.30382 0.299 0.29079 0.27948 0.26572 0.25067 0.23617 0.22484 0.21997 0.2248 0.24135 0.2698 0.30891 0.35702 0.41267 0.47474 0.54206 0.61276 0.68372 0.75101
0.60149 0.48111 0.2829 0.21802 0.1925 0.18759 0.20683 0.20568 0.17347 0.14267 0.12362 0.11105 0.10407 0.10402 0.111 0.12366 0.14008 0.15858 0.17804 0.19773 0.21706 0.23542 0.25223 0.2671 0.2798 0.29016 0.298 0.30308 0.30512 0.30392 0.29934 0.29143 0.28049 0.26714 0.25254 0.23849 0.22753 0.22287 0.22765 0.24389 0.27183 0.31036 0.3579 0.41303 0.47464 0.54156 0.61192 0.68261 0.7497
0.60176 0.4769 0.28624 0.22614 0.20242 0.1948 0.21107 0.21011 0.17742 0.14475 0.1241 0.11053 0.103 0.10276 0.10982 0.12273 0.13944 0.15821 0.17786 0.19767 0.21703 0.23535 0.25209 0.26689 0.27952 0.28986 0.29772 0.30286 0.30503 0.304 0.29967 0.29206 0.28146 0.26852 0.25436 0.24074 0.23015 0.2257 0.23043 0.24637 0.27383 0.3118 0.35878 0.4134 0.47455 0.54107 0.6111 0.68152 0.74841
0.593 0.46696 0.28664 0.23367 0.21156 0.20127 0.21473 0.21402 0.18097 0.14657 0.12437 0.10985 0.10182 0.10143 0.10862 0.1218 0.13881 0.15784 0.17769 0.19761 0.21699 0.23528 0.25196 0.26668 0.27925 0.28957 0.29744 0.30264 0.30493 0.30408 0.29998 0.29266 0.28241 0.26987 0.25613 0.24293 0.2327 0.22845 0.23315 0.2488 0.2758 0.31322 0.35965 0.41377 0.47447 0.5406 0.61029 0.68044 0.74712
0.57444 0.45125 0.28411 0.24057 0.21984 0.20693 0.21781 0.21742 0.18413 0.14813 0.12445 0.10901 0.10052 0.10004 0.1074 0.12087 0.13819 0.15749 0.17753 0.19755 0.21696 0.23521 0.25182 0.26647 0.27899 0.28927 0.29716 0.30242 0.30482 0.30415 0.30027 0.29324 0.28334 0.27118 0.25786 0.24506 0.23518 0.23112 0.2358 0.25118 0.27773 0.31463 0.36052 0.41414 0.4744 0.54014 0.6095 0.67937 0.74585
0.54632 0.42996 0.27875 0.24681 0.22723 0.21176 0.22029 0.22033 0.18691 0.14942 0.12433 0.108 0.099105 0.098595 0.10617 0.11995 0.13759 0.15715 0.17737 0.19749 0.21693 0.23515 0.25169 0.26626 0.27872 0.28897 0.29687 0.3022 0.30471 0.3042 0.30055 0.2938 0.28423 0.27245 0.25953 0.24714 0.23759 0.23372 0.23838 0.25351 0.27963 0.31601 0.36139 0.41452 0.47433 0.53969 0.60872 0.67832 0.74459
0.50983 0.4035 0.27081 0.25238 0.2337 0.2157 0.22217 0.22277 0.18931 0.15046 0.12402 0.10684 0.097579 0.097089 0.10492 0.11905 0.13701 0.15682 0.17722 0.19744 0.2169 0.23508 0.25156 0.26605 0.27845 0.28868 0.29659 0.30197 0.30459 0.30425 0.30082 0.29434 0.28509 0.27368 0.26116 0.24915 0.23993 0.23626 0.24089 0.25579 0.2815 0.31738 0.36225 0.4149 0.47428 0.53925 0.60795 0.67728 0.74334
0.46697 0.37247 0.26066 0.2573 0.23922 0.21876 0.22345 0.22476 0.19136 0.15124 0.12351 0.10553 0.095944 0.095529 0.10366 0.11816 0.13644 0.15651 0.17709 0.1974 0.21687 0.23502 0.25142 0.26585 0.27818 0.28838 0.2963 0.30174 0.30447 0.30428 0.30107 0.29486 0.28593 0.27488 0.26274 0.25111 0.24221 0.23872 0.24335 0.25801 0.28333 0.31874 0.36311 0.41528 0.47423 0.53882 0.60719 0.67626 0.7421
0.42027 0.33769 0.24879 0.2616 0.24379 0.2209 0.22413 0.22631 0.19306 0.15178 0.12282 0.10406 0.094205 0.093921 0.10241 0.11728 0.13589 0.15621 0.17696 0.19735 0.21685 0.23495 0.25129 0.26564 0.27792 0.28808 0.29601 0.30151 0.30434 0.30431 0.3013 0.29536 0.28674 0.27604 0.26428 0.25302 0.24442 0.24112 0.24574 0.26019 0.28513 0.32007 0.36395 0.41566 0.47419 0.5384 0.60645 0.67524 0.74088
0.37258 0.3001 0.23584 0.26533 0.2474 0.22213 0.22423 0.22745 0.19444 0.15207 0.12194 0.10245 0.092365 0.092268 0.10114 0.11642 0.13536 0.15593 0.17684 0.19732 0.21682 0.23489 0.25116 0.26543 0.27765 0.28778 0.29572 0.30127 0.3042 0.30432 0.30152 0.29584 0.28752 0.27717 0.26577 0.25487 0.24657 0.24345 0.24806 0.26231 0.28689 0.32138 0.36479 0.41605 0.47415 0.53799 0.60571 0.67424 0.73966
0.32677 0.2609 0.22258 0.26852 0.25006 0.22245 0.22377 0.2282 0.19549 0.15213 0.12088 0.1007 0.090429 0.090576 0.099887 0.11558 0.13486 0.15566 0.17673 0.19728 0.2168 0.23483 0.25103 0.26523 0.27739 0.28748 0.29543 0.30102 0.30406 0.30433 0.30173 0.29629 0.28828 0.27826 0.26722 0.25667 0.24867 0.24572 0.25033 0.26439 0.28862 0.32267 0.36562 0.41643 0.47412 0.53759 0.60499 0.67324 0.73846
0.28553 0.22157 0.20991 0.27124 0.2518 0.22189 0.22276 0.2286 0.19625 0.15196 0.11965 0.098805 0.0884 0.088848 0.098636 0.11477 0.13438 0.15541 0.17662 0.19726 0.21678 0.23477 0.2509 0.26502 0.27712 0.28718 0.29513 0.30078 0.3039 0.30432 0.30192 0.29673 0.28901 0.27931 0.26862 0.25841 0.2507 0.24792 0.25254 0.26642 0.29031 0.32394 0.36644 0.4168 0.47409 0.53719 0.60427 0.67226 0.73727
0.25117 0.18414 0.19882 0.27354 0.25262 0.22045 0.22124 0.22866 0.19673 0.15157 0.11825 0.09678 0.086284 0.08709 0.097396 0.11398 0.13392 0.15518 0.17653 0.19723 0.21676 0.2347 0.25077 0.26481 0.27685 0.28688 0.29483 0.30052 0.30374 0.3043 0.30209 0.29715 0.28971 0.28034 0.26999 0.26011 0.25267 0.25007 0.2547 0.2684 0.29197 0.32519 0.36725 0.41718 0.47406 0.53681 0.60357 0.67129 0.73608
0.22542 0.15167 0.19034 0.27546 0.25257 0.21818 0.21924 0.22841 0.19695 0.15098 0.11668 0.094625 0.084085 0.085308 0.096171 0.11322 0.13348 0.15497 0.17645 0.19721 0.21674 0.23464 0.25063 0.26461 0.27658 0.28658 0.29453 0.30027 0.30358 0.30428 0.30226 0.29754 0.29038 0.28133 0.27131 0.26175 0.25459 0.25215 0.25679 0.27033 0.2936 0.32642 0.36804 0.41755 0.47404 0.53642 0.60287 0.67032 0.73491
0.20915 0.12887 0.18539 0.27704 0.25169 0.21509 0.21678 0.22789 0.19692 0.15019 0.11497 0.092346 0.081808 0.083506 0.094965 0.11249 0.13308 0.15477 0.17638 0.1972 0.21672 0.23458 0.2505 0.2644 0.27631 0.28627 0.29422 0.3 0.3034 0.30424 0.3024 0.29792 0.29103 0.28228 0.27259 0.26335 0.25646 0.25418 0.25884 0.27222 0.29519 0.32762 0.36883 0.41792 0.47402 0.53605 0.60218 0.66937 0.73375
0.20223 0.12126 0.18457 0.27834 0.25001 0.21124 0.21391 0.22712 0.19666 0.14922 0.1131 0.089949 0.079458 0.081692 0.093782 0.11179 0.1327 0.15459 0.17632 0.19719 0.21671 0.23451 0.25036 0.26419 0.27604 0.28596 0.29391 0.29973 0.30322 0.30419 0.30253 0.29828 0.29166 0.28321 0.27383 0.2649 0.25827 0.25615 0.26083 0.27407 0.29675 0.32881 0.3696 0.41828 0.47399 0.53567 0.6015 0.66842 0.73259
0.20371 0.13023 0.18803 0.27938 0.24759 0.20665 0.21067 0.22612 0.1962 0.14807 0.1111 0.087438 0.077039 0.079871 0.092627 0.11112 0.13234 0.15444 0.17627 0.19718 0.21669 0.23445 0.25022 0.26397 0.27576 0.28565 0.2936 0.29946 0.30303 0.30413 0.30265 0.29861 0.29226 0.2841 0.27504 0.26641 0.26002 0.25807 0.26276 0.27586 0.29827 0.32997 0.37036 0.41864 0.47397 0.53531 0.60082 0.66749 0.73145
0.21219 0.15225 0.19552 0.28019 0.24449 0.20138 0.2071 0.22493 0.19554 0.14676 0.10896 0.084819 0.074558 0.07805 0.091504 0.11049 0.13202 0.1543 0.17624 0.19718 0.21668 0.23438 0.25009 0.26376 0.27548 0.28534 0.29329 0.29918 0.30284 0.30406 0.30275 0.29893 0.29283 0.28496 0.2762 0.26786 0.26173 0.25993 0.26465 0.27762 0.29976 0.33111 0.37111 0.419 0.47396 0.53494 0.60016 0.66656 0.73031
