0.29349 0.57524 0.70165 0.86278 0.66655 0.37776 0.12965 0.15073 0.33656 0.44476 0.51468 0.50734 0.49403 0.49425 0.50666 0.52648 0.54773 0.56389 0.56902 0.5597 0.53753 0.50808 0.47588 0.44235 0.40744 0.37101 0.33333 0.29533 0.25865 0.22557 0.19888 0.18119 0.17371 0.17528 0.1829 0.19333 0.20414 0.21392 0.22204 0.22844 0.23345 0.23772 0.2422 0.24812 0.25689 0.26992 0.28841 0.31321 0.34466
0.21769 0.25211 0.27029 0.4011 0.49651 0.49352 0.43538 0.31707 0.21005 0.15864 0.1675 0.16303 0.14448 0.12029 0.10184 0.10485 0.13501 0.18126 0.2308 0.27401 0.30551 0.32476 0.33347 0.33301 0.32443 0.30891 0.28795 0.26345 0.23757 0.21267 0.19112 0.17504 0.16581 0.16352 0.16699 0.17435 0.18377 0.19382 0.20358 0.21258 0.22075 0.22849 0.23659 0.24631 0.25914 0.27668 0.30021 0.33057 0.36804
0.024184 0.1258 0.20264 0.40038 0.47164 0.45122 0.41321 0.39615 0.48901 0.57469 0.62035 0.55473 0.47739 0.41966 0.38299 0.36227 0.35109 0.34351 0.33497 0.32282 0.30717 0.29009 0.27297 0.25557 0.2371 0.21713 0.19608 0.17556 0.15858 0.14919 0.15086 0.1641 0.18635 0.2142 0.24503 0.27727 0.31012 0.34328 0.37664 0.41016 0.44377 0.47731 0.51057 0.54334 0.5755 0.60711 0.63842 0.66987 0.70202
0.62029 0.46393 0.48569 0.7176 0.62269 0.47707 0.39515 0.29826 0.18606 0.084776 0.067585 0.076305 0.068454 0.052529 0.039153 0.041048 0.061355 0.092534 0.12948 0.16753 0.20231 0.2315 0.25449 0.27103 0.28112 0.28526 0.28451 0.28051 0.27519 0.27055 0.26834 0.26975 0.27534 0.28506 0.29853 0.31525 0.33475 0.35664 0.3806 0.40628 0.43331 0.46121 0.4895 0.51769 0.54536 0.57229 0.59848 0.6241 0.64951
0.096984 0.15146 0.096791 0.089393 0.27235 0.35105 0.38375 0.37267 0.36749 0.37425 0.41774 0.42271 0.42087 0.42323 0.43062 0.44154 0.45301 0.46126 0.46262 0.45487 0.43914 0.41934 0.39847 0.37708 0.35466 0.33068 0.30502 0.27806 0.25067 0.22412 0.20005 0.18034 0.16682 0.16075 0.16227 0.1703 0.18317 0.19921 0.21709 0.23586 0.25481 0.27344 0.29137 0.30837 0.32438 0.33955 0.35418 0.36873 0.38371
0.41633 0.24358 0.093405 0.094608 0.26882 0.31289 0.3032 0.25567 0.21904 0.20386 0.22445 0.23769 0.25528 0.27758 0.30191 0.32711 0.35222 0.3749 0.39119 0.39725 0.39227 0.37905 0.36074 0.33884 0.31397 0.28663 0.25737 0.22685 0.19586 0.1653 0.13633 0.11048 0.089903 0.077357 0.074643 0.080287 0.090491 0.10194 0.11261 0.12139 0.12767 0.13122 0.13211 0.13079 0.12811 0.12544 0.12449 0.12704 0.13434
0.3982 0.25503 0.29212 0.38189 0.19426 0.15366 0.25642 0.3668 0.44574 0.44199 0.40617 0.31818 0.24687 0.20516 0.19126 0.1984 0.21634 0.23556 0.24943 0.2547 0.25204 0.24496 0.23673 0.22883 0.22156 0.21471 0.20796 0.20113 0.19419 0.18726 0.18051 0.17408 0.1681 0.16267 0.15786 0.15364 0.14987 0.14625 0.14233 0.13757 0.13141 0.1234 0.1133 0.10123 0.08784 0.074644 0.064579 0.061918 0.069335
0.17402 0.081598 0.20474 0.22135 0.17862 0.222 0.22076 0.13927 0.10057 0.20532 0.32017 0.36535 0.36891 0.35076 0.3191 0.2789 0.23351 0.18573 0.13859 0.095845 0.062021 0.041991 0.037365 0.04039 0.043498 0.045733 0.050303 0.061007 0.078542 0.10079 0.12512 0.14931 0.17177 0.19149 0.20799 0.2212 0.23133 0.23872 0.24379 0.24688 0.2483 0.24833 0.24721 0.24527 0.24289 0.24058 0.23887 0.23829 0.23927
0.62854 0.49445 0.29199 0.32753 0.42824 0.45721 0.46101 0.45099 0.47335 0.48732 0.50219 0.44805 0.39046 0.34581 0.3109 0.27986 0.24781 0.21249 0.17498 0.13994 0.11452 0.10416 0.10731 0.11759 0.13011 0.14303 0.15649 0.17134 0.18835 0.20762 0.22863 0.2504 0.27186 0.29207 0.31038 0.32646 0.34025 0.35184 0.36144 0.36922 0.37536 0.37995 0.38309 0.38487 0.38545 0.38508 0.38407 0.38281 0.38166
0.26116 0.26223 0.31531 0.59909 0.61082 0.5457 0.51372 0.46842 0.41951 0.33906 0.27811 0.22823 0.22444 0.25425 0.30181 0.35523 0.40464 0.44205 0.46242 0.46484 0.45373 0.43682 0.42025 0.40652 0.39605 0.38845 0.38314 0.37967 0.3777 0.37702 0.37751 0.37904 0.38152 0.38482 0.38888 0.39359 0.39889 0.40469 0.41084 0.41718 0.42345 0.42939 0.43472 0.43919 0.44266 0.44514 0.44675 0.44774 0.44839
0.25954 0.3486 0.22887 0.37786 0.63502 0.67966 0.71922 0.75788 0.79189 0.75742 0.74239 0.67436 0.62908 0.60703 0.59703 0.5926 0.58901 0.5816 0.56629 0.54121 0.50883 0.47477 0.44323 0.41544 0.39129 0.37042 0.35259 0.33768 0.32566 0.31648 0.31004 0.30617 0.30466 0.30528 0.30784 0.31216 0.31812 0.32555 0.33428 0.34406 0.35458 0.36545 0.37626 0.38662 0.39623 0.40494 0.41275 0.41982 0.42636
0.099181 0.23072 0.45887 0.74031 0.69356 0.59347 0.5777 0.61856 0.70256 0.70128 0.65397 0.52339 0.4237 0.36911 0.34396 0.33309 0.32684 0.31985 0.30926 0.29394 0.27483 0.25428 0.23387 0.21385 0.19419 0.17518 0.15752 0.1422 0.1302 0.12226 0.11856 0.11875 0.12218 0.12821 0.13643 0.14662 0.15862 0.1723 0.18739 0.20355 0.22036 0.23734 0.25403 0.27007 0.28521 0.29941 0.31278 0.32559 0.33821
0.48589 0.55461 0.61582 0.7409 0.60086 0.49976 0.51408 0.51308 0.47131 0.3698 0.26687 0.15435 0.082129 0.05195 0.047486 0.048355 0.052045 0.062989 0.079727 0.096212 0.1077 0.11262 0.11132 0.10473 0.093979 0.080478 0.065813 0.051642 0.039475 0.030268 0.023839 0.018767 0.013683 0.010162 0.01498 0.026858 0.04189 0.058557 0.075932 0.093288 0.11004 0.12579 0.14032 0.15367 0.16613 0.17824 0.19069 0.2042 0.21942
0.34847 0.2505 0.29628 0.39742 0.35071 0.27393 0.2171 0.176 0.17726 0.1854 0.1894 0.16284 0.13461 0.11284 0.097725 0.088306 0.083497 0.082514 0.084447 0.087466 0.089347 0.088619 0.084605 0.077044 0.066114 0.052457 0.037113 0.021488 0.0084588 0.01116 0.020991 0.028656 0.033509 0.036034 0.037324 0.03879 0.041583 0.045979 0.05133 0.05656 0.060637 0.062845 0.062963 0.06151 0.060079 0.061483 0.068804 0.083414 0.10458
0.33942 0.18789 0.14291 0.26764 0.30285 0.25819 0.16115 0.073144 0.057139 0.070903 0.10462 0.13342 0.15198 0.16151 0.16434 0.16328 0.16042 0.1567 0.15198 0.14581 0.13829 0.13023 0.12211 0.11382 0.10516 0.096241 0.087585 0.080083 0.074701 0.071993 0.071719 0.072955 0.074609 0.075884 0.076434 0.076296 0.075702 0.07487 0.073855 0.072488 0.070463 0.067523 0.063744 0.059911 0.057907 0.060556 0.070081 0.086584 0.10875
0.20254 0.22976 0.25452 0.24038 0.15402 0.039256 0.1469 0.26226 0.32047 0.3142 0.28909 0.22402 0.16501 0.12418 0.10658 0.11156 0.12863 0.14719 0.16148 0.16946 0.17189 0.17118 0.16945 0.16757 0.16568 0.1637 0.16161 0.15951 0.15763 0.15621 0.15539 0.15516 0.15537 0.15584 0.15642 0.15706 0.15784 0.15888 0.16029 0.16218 0.16457 0.1675 0.171 0.1752 0.18034 0.18676 0.19489 0.20513 0.2178
0.40696 0.45044 0.48924 0.57032 0.39753 0.21432 0.06909 0.17825 0.32071 0.38032 0.38431 0.31135 0.23581 0.18126 0.15085 0.13971 0.13947 0.14396 0.15065 0.15881 0.16823 0.17898 0.19088 0.20323 0.2152 0.22616 0.23571 0.24374 0.25029 0.25554 0.25968 0.26293 0.26547 0.26747 0.26909 0.27049 0.27182 0.27323 0.27483 0.27667 0.27877 0.2811 0.28361 0.2863 0.28922 0.29255 0.29653 0.3015 0.30781
0.36915 0.44655 0.40632 0.49596 0.52416 0.54262 0.56991 0.58283 0.62667 0.62742 0.60041 0.47684 0.35067 0.24511 0.15991 0.091216 0.036759 0.02924 0.069368 0.10879 0.14384 0.17478 0.20274 0.22839 0.25193 0.27332 0.29247 0.30933 0.32387 0.33611 0.34609 0.35389 0.35966 0.3636 0.36597 0.36707 0.3672 0.36659 0.36545 0.36387 0.36192 0.35962 0.35697 0.35406 0.35105 0.34823 0.34599 0.34478 0.34507
0.26367 0.27502 0.19586 0.35326 0.51564 0.60346 0.6705 0.7055 0.75545 0.74454 0.71036 0.5775 0.45191 0.35644 0.28885 0.2442 0.21787 0.20602 0.20492 0.21061 0.22002 0.23207 0.24662 0.26333 0.28166 0.30097 0.32057 0.33974 0.3578 0.37408 0.38805 0.39929 0.4076 0.41297 0.41555 0.41562 0.4135 0.40952 0.40394 0.39699 0.38883 0.37962 0.36958 0.35902 0.34838 0.33825 0.32933 0.32234 0.31799
0.12342 0.078316 0.080878 0.1175 0.19467 0.33624 0.38469 0.3838 0.41035 0.40635 0.36891 0.26728 0.18337 0.1502 0.16147 0.18667 0.20868 0.22311 0.23022 0.23201 0.23179 0.2334 0.23944 0.25056 0.26625 0.2854 0.30666 0.32867 0.35014 0.36995 0.38717 0.40111 0.41133 0.41762 0.42001 0.41866 0.41385 0.40589 0.39505 0.38162 0.36585 0.3481 0.32881 0.30862 0.28841 0.26929 0.25259 0.23973 0.23204
0.48278 0.27456 0.22833 0.37671 0.3877 0.33766 0.33251 0.33688 0.37234 0.38807 0.3731 0.28677 0.20434 0.15226 0.13271 0.13211 0.1343 0.13176 0.12488 0.11898 0.12058 0.13262 0.15332 0.17938 0.20815 0.23785 0.26725 0.2954 0.32154 0.345 0.36516 0.3815 0.39358 0.4011 0.40392 0.40205 0.39558 0.3847 0.36961 0.35052 0.32769 0.30146 0.27229 0.24084 0.20809 0.17542 0.14495 0.12012 0.10616
0.7565 0.65815 0.58994 0.41155 0.15399 0.2672 0.43421 0.54877 0.58466 0.52341 0.45689 0.35869 0.28499 0.2324 0.19192 0.15867 0.12901 0.10026 0.073138 0.056331 0.063515 0.088717 0.11965 0.15161 0.18314 0.21367 0.24296 0.2708 0.29699 0.32117 0.34284 0.36139 0.37614 0.38648 0.39196 0.39229 0.38739 0.37731 0.36222 0.34233 0.31793 0.28937 0.25709 0.22166 0.18377 0.14426 0.10423 0.065829 0.037809
0.40403 0.41865 0.41694 0.54028 0.46156 0.41186 0.42149 0.37123 0.24012 0.069359 0.15631 0.25499 0.29137 0.29434 0.28229 0.26486 0.24641 0.2285 0.21179 0.19713 0.18622 0.18095 0.18208 0.18899 0.20064 0.21607 0.23459 0.25558 0.27838 0.30212 0.32565 0.34768 0.36692 0.38224 0.39279 0.39809 0.39798 0.39257 0.38215 0.36712 0.348 0.3254 0.30008 0.273 0.24541 0.21891 0.19551 0.17767 0.16793
0.46201 0.40735 0.37412 0.32961 0.29405 0.40478 0.56995 0.66845 0.66628 0.56504 0.48366 0.39034 0.33249 0.30045 0.28189 0.26972 0.25952 0.24844 0.23505 0.21941 0.20337 0.18981 0.18087 0.1776 0.18056 0.19008 0.20602 0.22767 0.25371 0.28239 0.31177 0.33991 0.36509 0.386 0.40178 0.41205 0.41683 0.41646 0.41145 0.40238 0.38993 0.3748 0.35773 0.33962 0.32143 0.3043 0.28941 0.27793 0.27089
0.10066 0.19787 0.21071 0.35952 0.58053 0.64453 0.68003 0.63039 0.5308 0.39336 0.293 0.2087 0.17132 0.16386 0.1679 0.17352 0.17588 0.17253 0.16249 0.14631 0.12648 0.10703 0.092859 0.089674 0.10107 0.12509 0.15731 0.19414 0.23299 0.27177 0.30868 0.34215 0.37096 0.39426 0.41172 0.42339 0.4297 0.43128 0.42888 0.42322 0.415 0.40487 0.39342 0.38129 0.36912 0.35763 0.34754 0.33959 0.33445
0.1438 0.30207 0.22502 0.10611 0.36281 0.39622 0.34584 0.268 0.22552 0.17915 0.12415 0.060734 0.046399 0.073232 0.098637 0.11696 0.12828 0.13216 0.12758 0.1141 0.093174 0.068743 0.049596 0.054145 0.083561 0.12319 0.16638 0.21025 0.25289 0.29276 0.32855 0.35922 0.38411 0.40294 0.41586 0.4234 0.42634 0.42556 0.42196 0.41633 0.40933 0.40149 0.39322 0.38488 0.37682 0.36942 0.36314 0.35843 0.35575
0.37285 0.36333 0.20394 0.21567 0.34927 0.28847 0.18613 0.10908 0.1116 0.14213 0.15944 0.14288 0.12378 0.1144 0.11631 0.12757 0.14478 0.16352 0.17918 0.18849 0.1914 0.19128 0.19267 0.1992 0.21283 0.23342 0.25919 0.28761 0.31617 0.34274 0.36567 0.38388 0.3968 0.40442 0.40718 0.40585 0.40142 0.3949 0.38723 0.3792 0.37135 0.36406 0.35748 0.35171 0.34679 0.34282 0.33999 0.33855 0.33884
0.33583 0.060625 0.23447 0.48336 0.39924 0.19275 0.034124 0.071261 0.097229 0.090199 0.078666 0.061383 0.059319 0.078466 0.11002 0.14773 0.18849 0.22891 0.2647 0.29192 0.30958 0.32042 0.3282 0.33554 0.34385 0.35366 0.36471 0.37611 0.38665 0.39505 0.40022 0.40148 0.39858 0.39178 0.38172 0.36937 0.35582 0.34212 0.32923 0.31784 0.30835 0.3009 0.29536 0.29148 0.289 0.28776 0.28775 0.28915 0.29226
0.42631 0.31183 0.40435 0.58743 0.48644 0.31797 0.18844 0.11458 0.10186 0.11257 0.13028 0.13569 0.14763 0.17262 0.20899 0.25289 0.30014 0.34615 0.38597 0.41534 0.43336 0.44317 0.44854 0.45147 0.4527 0.45244 0.45058 0.44685 0.44079 0.43194 0.41993 0.40464 0.38627 0.36541 0.34294 0.31994 0.29759 0.27701 0.25912 0.24455 0.23352 0.22584 0.22099 0.21831 0.2172 0.21732 0.21866 0.22152 0.22642
0.40779 0.3401 0.30223 0.257 0.35752 0.29914 0.20277 0.16768 0.21301 0.27177 0.33313 0.34924 0.35634 0.36904 0.39027 0.41968 0.45446 0.48979 0.51982 0.53963 0.54833 0.5495 0.5469 0.54189 0.53444 0.52424 0.51098 0.4945 0.47473 0.45169 0.42553 0.39663 0.36558 0.33322 0.30062 0.26893 0.2394 0.2132 0.19133 0.17439 0.16242 0.15477 0.15026 0.14762 0.14591 0.14478 0.14457 0.14625 0.15108
0.11486 0.13245 0.40259 0.66172 0.4146 0.11727 0.12735 0.25041 0.33857 0.39865 0.46669 0.47882 0.48107 0.48983 0.50752 0.53328 0.56385 0.59408 0.61795 0.63058 0.63157 0.62517 0.61541 0.60338 0.58864 0.57051 0.54852 0.52253 0.49267 0.45928 0.42288 0.38419 0.34409 0.3036 0.26386 0.22609 0.19156 0.16155 0.13725 0.11949 0.10814 0.10176 0.097973 0.09445 0.089651 0.083214 0.076225 0.071581 0.073655
0.42015 0.51547 0.43224 0.49492 0.42283 0.22338 0.051833 0.11599 0.24615 0.34414 0.426 0.44494 0.45508 0.47544 0.50649 0.54485 0.58589 0.624 0.65307 0.66831 0.66967 0.66207 0.65009 0.63506 0.61658 0.59397 0.56675 0.53488 0.49867 0.45871 0.41579 0.37085 0.32496 0.27925 0.23487 0.19303 0.15504 0.12245 0.097104 0.080833 0.073785 0.072942 0.07368 0.072317 0.06672 0.055921 0.039686 0.018284 0.0086189
0.099597 0.1479 0.2677 0.36037 0.36708 0.33118 0.29942 0.26212 0.24037 0.22239 0.24178 0.27265 0.31867 0.37136 0.42649 0.48319 0.53965 0.59148 0.63248 0.65734 0.66574 0.66281 0.65362 0.63993 0.62161 0.59814 0.56919 0.53487 0.49569 0.45245 0.40615 0.35786 0.3087 0.25976 0.21209 0.16673 0.12484 0.088072 0.059624 0.046008 0.050285 0.062426 0.073708 0.08091 0.083247 0.081243 0.076693 0.07304 0.075212
0.42086 0.29798 0.23284 0.12354 0.065688 0.18103 0.23492 0.22269 0.18036 0.1416 0.16858 0.21309 0.25569 0.29955 0.34987 0.40827 0.47147 0.53254 0.58328 0.61733 0.63386 0.63776 0.63409 0.6247 0.60955 0.58819 0.56044 0.52663 0.4875 0.44404 0.39736 0.3486 0.29878 0.24884 0.19961 0.15182 0.10611 0.063106 0.023408 0.012552 0.043921 0.07043 0.091738 0.10784 0.11914 0.12661 0.13179 0.13672 0.14367
0.17164 0.27197 0.14703 0.142 0.20588 0.18392 0.24675 0.35395 0.40927 0.37309 0.32215 0.25789 0.23395 0.25032 0.29373 0.35219 0.4163 0.47797 0.52995 0.56701 0.58849 0.59847 0.60102 0.59734 0.58705 0.5697 0.54528 0.5144 0.47809 0.43754 0.39393 0.34832 0.30163 0.25467 0.20827 0.16341 0.12162 0.085935 0.063543 0.064197 0.082811 0.10666 0.12964 0.14961 0.166 0.17909 0.18975 0.1992 0.20884
0.30029 0.1847 0.14515 0.33943 0.35057 0.32777 0.40837 0.46496 0.43005 0.28958 0.13 0.034411 0.13404 0.21174 0.27529 0.33227 0.38571 0.43546 0.47921 0.51376 0.53779 0.55318 0.56193 0.56406 0.55884 0.54597 0.52583 0.4995 0.46834 0.43373 0.39681 0.35847 0.31939 0.28025 0.24196 0.20592 0.17432 0.15032 0.13751 0.13764 0.14866 0.16607 0.18571 0.20486 0.22207 0.23683 0.24932 0.26015 0.27019
0.38411 0.54053 0.67314 0.94251 0.96998 0.90475 0.87382 0.80032 0.70043 0.54823 0.43504 0.33739 0.30015 0.29817 0.31005 0.32887 0.35408 0.38583 0.42182 0.45682 0.48592 0.50756 0.52177 0.52808 0.52612 0.51631 0.49986 0.47848 0.45398 0.42779 0.40081 0.37343 0.3458 0.31814 0.29108 0.26581 0.2441 0.22802 0.21942 0.21901 0.22601 0.23834 0.25354 0.26943 0.28443 0.29769 0.30894 0.31841 0.32658
0.48124 0.4766 0.21966 0.33712 0.75453 0.87903 0.91014 0.88591 0.85177 0.74722 0.65105 0.50457 0.39474 0.32452 0.28335 0.26732 0.27688 0.30935 0.35526 0.4021 0.44053 0.46753 0.48363 0.48965 0.4867 0.47654 0.46159 0.44447 0.42741 0.41169 0.39755 0.3844 0.37134 0.35774 0.34361 0.32968 0.31724 0.30781 0.30269 0.30256 0.30723 0.31569 0.32648 0.33804 0.34904 0.35862 0.36636 0.37226 0.37662
0.20514 0.11399 0.14367 0.43247 0.44013 0.3099 0.28996 0.44699 0.5906 0.61564 0.58266 0.45213 0.32245 0.21549 0.13697 0.1146 0.16248 0.23682 0.31075 0.37175 0.41406 0.43837 0.44814 0.44644 0.43618 0.42079 0.40419 0.39021 0.38155 0.37895 0.38116 0.38573 0.39018 0.39276 0.39284 0.39078 0.38762 0.3847 0.38325 0.38407 0.38736 0.39272 0.39932 0.40612 0.41215 0.41669 0.41938 0.42015 0.41922
0.060113 0.16088 0.30831 0.44555 0.42644 0.31196 0.23383 0.28446 0.41699 0.50715 0.53667 0.44255 0.32125 0.21007 0.13001 0.12577 0.18944 0.26667 0.33511 0.38473 0.41207 0.41982 0.41276 0.39493 0.37034 0.34402 0.32217 0.31087 0.31357 0.32912 0.35276 0.37893 0.40328 0.42325 0.43793 0.44765 0.4535 0.45686 0.45905 0.46106 0.46339 0.46605 0.46864 0.47054 0.47112 0.4699 0.46663 0.46131 0.45413
0.24176 0.29076 0.13361 0.18574 0.32324 0.22979 0.15951 0.28134 0.45649 0.57713 0.64838 0.59063 0.5023 0.42433 0.37169 0.3518 0.36185 0.38861 0.41563 0.43023 0.42716 0.4081 0.37678 0.33629 0.29042 0.24573 0.21323 0.20633 0.22948 0.27291 0.32389 0.37381 0.41795 0.45415 0.48196 0.50202 0.51564 0.52435 0.52962 0.53257 0.53394 0.53401 0.53271 0.52974 0.52475 0.5175 0.5079 0.49606 0.48218
0.1856 0.43019 0.4696 0.51715 0.45301 0.3892 0.40512 0.51627 0.65979 0.73838 0.80333 0.75661 0.68963 0.62988 0.58309 0.55168 0.53403 0.52388 0.51205 0.49025 0.45522 0.40872 0.35304 0.28905 0.21788 0.14325 0.080909 0.090232 0.16079 0.24065 0.31708 0.3857 0.44434 0.49213 0.52926 0.55666 0.57577 0.58818 0.59541 0.59867 0.5988 0.59627 0.5912 0.58352 0.57314 0.55999 0.54416 0.52585 0.50531
0.36485 0.19248 0.093081 0.17361 0.47418 0.61332 0.67392 0.6837 0.72604 0.77531 0.86683 0.85672 0.8206 0.7826 0.74644 0.71352 0.68297 0.65134 0.61363 0.5657 0.50745 0.44218 0.37213 0.29745 0.21872 0.14021 0.084206 0.11057 0.18778 0.27231 0.3533 0.42653 0.48972 0.54187 0.58294 0.61368 0.63535 0.64939 0.65719 0.65994 0.65848 0.65331 0.64468 0.63267 0.61733 0.59877 0.57721 0.55296 0.52631
0.53542 0.28463 0.23335 0.38927 0.45623 0.44216 0.35381 0.26162 0.41741 0.63967 0.8444 0.90294 0.90519 0.89111 0.86967 0.84338 0.81189 0.77304 0.72409 0.66377 0.59491 0.52318 0.45244 0.38432 0.32182 0.27234 0.24852 0.26051 0.30397 0.36498 0.43159 0.4962 0.55439 0.60379 0.64349 0.6736 0.69492 0.70853 0.71559 0.71707 0.71372 0.70601 0.6942 0.67842 0.65884 0.63568 0.60927 0.57999 0.54821
0.38683 0.21907 0.2095 0.45203 0.53722 0.52333 0.47353 0.42089 0.5196 0.69222 0.88785 0.95249 0.96666 0.96583 0.95695 0.9413 0.91768 0.88363 0.83679 0.7769 0.7085 0.63935 0.57488 0.51732 0.46896 0.43375 0.41666 0.42104 0.4459 0.48602 0.53445 0.5849 0.6326 0.67447 0.70887 0.73528 0.75393 0.7655 0.77078 0.77049 0.76518 0.7552 0.74076 0.722 0.69912 0.67242 0.64231 0.60926 0.5737
0.12674 0.11917 0.13248 0.20627 0.52134 0.64568 0.68326 0.69213 0.75678 0.83571 0.96824 0.99696 0.9994 0.99964 0.99865 0.99485 0.98516 0.96545 0.93187 0.88317 0.824 0.7633 0.70768 0.65959 0.62035 0.59179 0.5761 0.57478 0.58761 0.6122 0.64467 0.68065 0.71624 0.74849 0.77551 0.79639 0.81097 0.81951 0.82245 0.82021 0.81313 0.80138 0.78505 0.76425 0.73917 0.71015 0.67766 0.64226 0.60444
0.51411 0.46695 0.41167 0.48939 0.45895 0.34393 0.25346 0.38508 0.62034 0.79652 0.9537 0.97812 0.97335 0.9724 0.97781 0.98753 0.99698 0.99965 0.98876 0.96049 0.91813 0.87099 0.82666 0.7881 0.75635 0.73241 0.71739 0.71218 0.71682 0.73014 0.74992 0.77334 0.79753 0.82007 0.83924 0.85404 0.86406 0.86926 0.8698 0.86582 0.85741 0.84456 0.82722 0.80541 0.77929 0.74922 0.71571 0.67938 0.64081
0.2332 0.075339 0.30348 0.58528 0.57824 0.42339 0.31692 0.35005 0.52869 0.69676 0.84887 0.87315 0.86733 0.86852 0.88328 0.9109 0.94566 0.97808 0.99763 0.99699 0.97745 0.94817 0.91771 0.88985 0.86597 0.8469 0.83348 0.8264 0.8259 0.83147 0.84189 0.8554 0.87006 0.88409 0.89612 0.90524 0.911 0.91318 0.9117 0.9065 0.89741 0.88427 0.86686 0.8451 0.8191 0.78919 0.75592 0.71996 0.68198
0.1501 0.05933 0.19831 0.48049 0.4981 0.38231 0.37699 0.42553 0.50947 0.58833 0.68317 0.6901 0.68183 0.68926 0.72023 0.77366 0.84105 0.90904 0.96334 0.99367 0.9996 0.99022 0.97505 0.95887 0.94361 0.93034 0.9199 0.913 0.91004 0.91095 0.91511 0.92155 0.92905 0.93643 0.94274 0.94729 0.94967 0.94958 0.94683 0.94115 0.93221 0.91966 0.90314 0.88247 0.85765 0.82901 0.79709 0.76261 0.72628
0.12002 0.1698 0.32845 0.46185 0.28356 0.04458 0.13966 0.26347 0.35584 0.41189 0.46034 0.44595 0.43441 0.45596 0.51622 0.6067 0.71228 0.81626 0.90294 0.9613 0.99041 0.9995 0.99889 0.99415 0.98776 0.98101 0.9748 0.96988 0.96678 0.96567 0.96638 0.96846 0.97127 0.97414 0.97652 0.97797 0.97821 0.97694 0.97388 0.96865 0.96076 0.94972 0.93503 0.91638 0.89372 0.86729 0.83766 0.80553 0.77169
0.31339 0.49312 0.47827 0.45289 0.28985 0.15845 0.1075 0.13382 0.20232 0.24092 0.23668 0.1788 0.1558 0.21962 0.3337 0.46642 0.60302 0.73104 0.83796 0.91421 0.95912 0.98186 0.99287 0.99799 0.99985 0.99978 0.99862 0.99705 0.99563 0.99468 0.99431 0.99444 0.99488 0.99537 0.99572 0.99572 0.99523 0.99401 0.99174 0.98795 0.98205 0.97341 0.96143 0.94567 0.92599 0.90259 0.87599 0.84691 0.81616
0.7432 0.53545 0.25935 0.17165 0.18799 0.14167 0.049905 0.10247 0.20024 0.24355 0.2327 0.16208 0.12131 0.17927 0.2905 0.41879 0.55114 0.67668 0.78386 0.86333 0.91384 0.9435 0.96191 0.9744 0.98326 0.98948 0.99365 0.99627 0.9978 0.99864 0.99905 0.99924 0.99933 0.99938 0.99949 0.99967 0.9999 1 0.99964 0.99829 0.99529 0.9899 0.98141 0.96929 0.95331 0.93359 0.91062 0.88512 0.85791
0.54134 0.32855 0.055982 0.14087 0.19858 0.18467 0.16815 0.26027 0.36499 0.41325 0.43221 0.38564 0.34689 0.34495 0.38544 0.45995 0.55412 0.653 0.7426 0.81215 0.85892 0.8892 0.91088 0.92813 0.94244 0.9542 0.96353 0.97064 0.97585 0.97951 0.98202 0.98377 0.98512 0.98637 0.98783 0.98967 0.99197 0.99459 0.99721 0.99925 0.99999 0.99861 0.99431 0.98647 0.97476 0.95926 0.9404 0.91887 0.89551
0.40752 0.49521 0.41295 0.56432 0.54312 0.49232 0.49096 0.51457 0.56221 0.57619 0.59393 0.54264 0.49562 0.47408 0.48155 0.51668 0.57295 0.63973 0.70472 0.75767 0.79526 0.82206 0.8441 0.86408 0.88244 0.89882 0.9128 0.92422 0.93324 0.9402 0.94556 0.94987 0.95365 0.95738 0.96148 0.96624 0.9718 0.97801 0.98456 0.99083 0.99605 0.99933 0.9998 0.99674 0.98978 0.97889 0.96448 0.94722 0.92792
0.69429 0.67845 0.719 0.82507 0.70936 0.62187 0.59915 0.5856 0.60732 0.61552 0.64212 0.59782 0.55386 0.52922 0.52543 0.54144 0.57367 0.61552 0.65847 0.69488 0.72229 0.74438 0.76556 0.78713 0.80851 0.82857 0.8464 0.86154 0.87403 0.88422 0.89267 0.90004 0.90698 0.91408 0.92182 0.93051 0.94027 0.95097 0.96224 0.97343 0.98373 0.99219 0.99787 1 0.99811 0.99213 0.98241 0.9696 0.9545
0.28164 0.32412 0.41669 0.31737 0.39495 0.41148 0.38502 0.38468 0.45443 0.51727 0.57778 0.55997 0.53237 0.51622 0.51362 0.52364 0.54375 0.56993 0.59712 0.62085 0.64026 0.6587 0.67929 0.70217 0.72587 0.74869 0.76936 0.78727 0.80246 0.81536 0.82667 0.83718 0.84762 0.85864 0.87068 0.88403 0.89874 0.9146 0.93119 0.94783 0.96365 0.97765 0.98885 0.99642 0.99982 0.99893 0.99404 0.98577 0.97493
0.54204 0.48034 0.36655 0.17611 0.2341 0.23478 0.12684 0.087988 0.2507 0.36895 0.45519 0.46538 0.45883 0.45649 0.46095 0.47141 0.48618 0.50324 0.52048 0.53629 0.55128 0.5684 0.58958 0.61399 0.63952 0.66414 0.68645 0.7059 0.72268 0.73742 0.75101 0.76438 0.77834 0.7935 0.81024 0.82872 0.84885 0.87034 0.89266 0.91509 0.9367 0.95647 0.97336 0.98648 0.99526 0.99951 0.99948 0.99578 0.98917
0.28072 0.39197 0.41691 0.35355 0.27884 0.25715 0.20542 0.14329 0.18378 0.25786 0.33037 0.35414 0.36482 0.37573 0.38768 0.39968 0.41107 0.42196 0.43302 0.44499 0.45922 0.47769 0.50093 0.52721 0.55404 0.57936 0.60193 0.62149 0.63851 0.65396 0.66899 0.6847 0.70194 0.72124 0.74285 0.76669 0.79252 0.81987 0.84814 0.8765 0.904 0.92959 0.95218 0.97085 0.98497 0.99431 0.99909 0.99986 0.99741
0.29373 0.36731 0.24917 0.1123 0.21672 0.24869 0.23182 0.18435 0.16577 0.18101 0.2257 0.25322 0.27569 0.29605 0.3122 0.32309 0.32959 0.33438 0.34103 0.35219 0.36892 0.3912 0.41772 0.44595 0.47333 0.49808 0.5194 0.53748 0.55327 0.56816 0.58365 0.60102 0.62115 0.64444 0.67088 0.70015 0.73174 0.76501 0.79922 0.83349 0.86681 0.89811 0.92627 0.95035 0.96965 0.98392 0.99334 0.99844 1
0.58575 0.46666 0.24538 0.13862 0.18101 0.20958 0.18134 0.12314 0.09571 0.10547 0.14255 0.17634 0.20723 0.232 0.24731 0.25274 0.25099 0.24783 0.25044 0.26321 0.28537 0.31341 0.34382 0.37356 0.40042 0.4232 0.4417 0.45671 0.46976 0.48277 0.49765 0.51594 0.5385 0.56554 0.59669 0.63129 0.66855 0.70759 0.74757 0.78753 0.82644 0.86319 0.89666 0.92587 0.95009 0.96904 0.98285 0.99204 0.99739
0.43646 0.37432 0.1023 0.15782 0.20995 0.19741 0.14884 0.071652 0.01408 0.040912 0.089037 0.13238 0.16705 0.19032 0.19985 0.19583 0.18211 0.16775 0.16564 0.1827 0.21324 0.2482 0.28217 0.31237 0.33738 0.35675 0.37095 0.38139 0.39022 0.40002 0.41324 0.43171 0.45628 0.48681 0.5225 0.56223 0.6049 0.64942 0.69482 0.74009 0.78419 0.82601 0.86439 0.89834 0.92712 0.95039 0.96827 0.98126 0.99013
0.38498 0.38356 0.23801 0.21418 0.22966 0.20652 0.15093 0.082138 0.046593 0.049845 0.088765 0.12735 0.1558 0.17168 0.17257 0.15771 0.1298 0.098964 0.089097 0.11527 0.15719 0.19862 0.23455 0.26358 0.28533 0.30004 0.30871 0.31326 0.31649 0.32174 0.33223 0.35022 0.37645 0.4103 0.45035 0.49495 0.54264 0.59217 0.64248 0.69255 0.74132 0.78767 0.83047 0.86868 0.90156 0.92872 0.95028 0.96671 0.97877
0.38256 0.41118 0.26124 0.14779 0.22587 0.20508 0.13079 0.054604 0.065713 0.097872 0.13229 0.15419 0.1684 0.1736 0.16601 0.1431 0.10483 0.055003 0.021918 0.070422 0.12252 0.16647 0.20132 0.22726 0.24458 0.25382 0.25618 0.25385 0.25018 0.24948 0.25607 0.27296 0.30072 0.3379 0.38217 0.43128 0.48348 0.53741 0.59197 0.64616 0.69894 0.74921 0.79582 0.83773 0.87417 0.90475 0.92953 0.949 0.9639
0.45086 0.48978 0.28202 0.17166 0.25576 0.20811 0.11605 0.040607 0.1103 0.16103 0.19456 0.19958 0.19816 0.19253 0.17838 0.15241 0.11428 0.068659 0.038786 0.068263 0.11273 0.15137 0.18144 0.2026 0.21484 0.21847 0.21443 0.20479 0.19311 0.18473 0.1859 0.20111 0.23061 0.27137 0.31975 0.37292 0.42894 0.48646 0.54446 0.60199 0.65804 0.71151 0.76126 0.80625 0.84567 0.87911 0.90664 0.9287 0.94605
0.58597 0.63488 0.4656 0.41044 0.33688 0.26212 0.20803 0.18011 0.21243 0.24278 0.26649 0.25498 0.23957 0.22446 0.20536 0.17908 0.1459 0.11171 0.09092 0.097822 0.12291 0.15018 0.17273 0.18816 0.19539 0.19403 0.18444 0.16803 0.14784 0.12965 0.12273 0.13556 0.16766 0.21259 0.26491 0.32142 0.38032 0.44047 0.50096 0.56094 0.61942 0.67533 0.72751 0.77489 0.81667 0.85241 0.88216 0.90635 0.92575
0.68016 0.49257 0.35179 0.44567 0.35734 0.31799 0.32715 0.31979 0.32747 0.32852 0.33941 0.31426 0.28796 0.26508 0.24166 0.215 0.18529 0.15673 0.1372 0.13336 0.14307 0.15828 0.17255 0.18218 0.18503 0.17996 0.1666 0.14545 0.11815 0.088712 0.068282 0.077106 0.11414 0.16396 0.21951 0.27817 0.3387 0.40028 0.4622 0.52366 0.58371 0.64124 0.69509 0.74419 0.78768 0.82514 0.85657 0.88243 0.90345
0.57832 0.24773 0.12181 0.27578 0.19728 0.32568 0.40788 0.41426 0.40961 0.39512 0.40294 0.37199 0.33901 0.30999 0.28231 0.25411 0.22539 0.19858 0.17799 0.16726 0.16633 0.17153 0.17828 0.18272 0.18212 0.17479 0.15985 0.13716 0.10718 0.070955 0.03145 0.028025 0.075175 0.12878 0.18543 0.24427 0.30479 0.36645 0.42865 0.4906 0.55131 0.60965 0.66444 0.71454 0.75912 0.7977 0.8303 0.85735 0.87959
0.49656 0.30252 0.25499 0.26168 0.19624 0.35656 0.43062 0.42823 0.42591 0.42514 0.45007 0.42437 0.38887 0.35487 0.32272 0.29187 0.26235 0.23535 0.21306 0.19752 0.18928 0.18695 0.18757 0.18773 0.18457 0.17615 0.16139 0.13999 0.11228 0.079223 0.043507 0.026422 0.061786 0.11068 0.16398 0.22026 0.27886 0.33917 0.4005 0.46195 0.52246 0.58083 0.63581 0.68625 0.73128 0.77042 0.80367 0.83146 0.8545
0.29223 0.38975 0.51078 0.58873 0.46332 0.39798 0.37364 0.34283 0.36723 0.4195 0.48269 0.47035 0.43432 0.39555 0.35853 0.32434 0.29315 0.26532 0.24163 0.22298 0.20997 0.20237 0.19838 0.19522 0.19019 0.18138 0.1677 0.14891 0.1256 0.09939 0.074357 0.061405 0.074897 0.10964 0.15479 0.20574 0.26061 0.31824 0.37763 0.43768 0.49719 0.55485 0.60935 0.65949 0.70439 0.74354 0.77695 0.80503 0.82851
0.84151 0.66011 0.62855 0.75294 0.55563 0.35941 0.23646 0.16627 0.2699 0.40685 0.51216 0.51097 0.47254 0.42807 0.38577 0.34802 0.31514 0.28683 0.26274 0.24272 0.2271 0.21619 0.20902 0.20339 0.19698 0.18805 0.17562 0.15955 0.14053 0.12024 0.10199 0.091846 0.097135 0.11969 0.1552 0.19926 0.24914 0.3031 0.3597 0.4176 0.4754 0.53169 0.58509 0.63435 0.67856 0.71723 0.75034 0.7783 0.80185
0.4552 0.3341 0.49166 0.71702 0.54042 0.32683 0.17328 0.071723 0.25862 0.43207 0.55091 0.54687 0.50079 0.44891 0.40104 0.36008 0.32625 0.29857 0.27558 0.25605 0.23977 0.22726 0.21814 0.21078 0.20332 0.19429 0.1829 0.16909 0.15354 0.1377 0.124 0.11616 0.11855 0.13386 0.16138 0.19864 0.24315 0.29289 0.34614 0.40131 0.45685 0.51122 0.56296 0.61082 0.65386 0.69158 0.72397 0.75145 0.77475
0.36001 0.18102 0.35798 0.58352 0.48958 0.36419 0.30957 0.29699 0.39105 0.50784 0.6001 0.57579 0.51614 0.45529 0.40195 0.35865 0.32523 0.29988 0.27988 0.26274 0.24756 0.23489 0.22483 0.21634 0.20804 0.19882 0.18811 0.17596 0.16303 0.15051 0.14019 0.1345 0.1363 0.1479 0.16999 0.20165 0.24116 0.28663 0.33627 0.38835 0.4412 0.4932 0.54284 0.58884 0.63027 0.66664 0.69794 0.7246 0.74734
0.26942 0.29596 0.27756 0.33942 0.31639 0.34246 0.42585 0.48221 0.55028 0.60118 0.64784 0.5928 0.51607 0.4456 0.38737 0.34304 0.31188 0.29098 0.27606 0.26314 0.25054 0.23883 0.2286 0.21941 0.21039 0.20083 0.19042 0.17937 0.16836 0.1584 0.15083 0.14732 0.14975 0.15992 0.17885 0.20647 0.2418 0.28333 0.32937 0.37819 0.42807 0.47735 0.52453 0.5683 0.60776 0.64242 0.6723 0.69784 0.71978
0.17839 0.23405 0.18141 0.12691 0.05322 0.28419 0.49579 0.61004 0.67216 0.67561 0.67917 0.59321 0.49945 0.41983 0.35764 0.31381 0.28705 0.273 0.26526 0.25814 0.24923 0.23924 0.22934 0.2197 0.20998 0.19989 0.18942 0.17899 0.16936 0.16146 0.15636 0.15515 0.15905 0.16928 0.18679 0.21185 0.24399 0.28212 0.32476 0.3703 0.41705 0.46339 0.50781 0.54905 0.58622 0.61888 0.64707 0.67124 0.69214
0.18806 0.1967 0.10689 0.16318 0.22294 0.35499 0.56014 0.68294 0.7376 0.71279 0.68571 0.57568 0.46758 0.3799 0.31454 0.27263 0.25261 0.24795 0.24928 0.24908 0.24448 0.23659 0.22723 0.21721 0.20672 0.19587 0.18501 0.17479 0.16613 0.16001 0.15728 0.15861 0.16462 0.17598 0.19336 0.21708 0.24697 0.28228 0.32184 0.36418 0.40776 0.451 0.49246 0.53094 0.56558 0.59599 0.62224 0.64483 0.66451
0.24722 0.17471 0.10179 0.27271 0.42522 0.49116 0.61512 0.70301 0.74682 0.71169 0.66863 0.54368 0.42476 0.3298 0.2612 0.22203 0.21124 0.21858 0.23043 0.23761 0.23739 0.23155 0.22267 0.21219 0.20076 0.1889 0.17728 0.1669 0.15893 0.15446 0.15418 0.15837 0.16706 0.18034 0.19851 0.22182 0.25024 0.28331 0.32011 0.35941 0.39982 0.43988 0.47825 0.51379 0.54571 0.57367 0.59781 0.61864 0.63693
0.20144 0.17825 0.27142 0.45602 0.54769 0.56507 0.62097 0.66924 0.71043 0.68251 0.63661 0.50492 0.3782 0.27577 0.20197 0.16503 0.16642 0.18838 0.2113 0.22545 0.22907 0.22489 0.21623 0.20506 0.19245 0.17925 0.16652 0.15561 0.1481 0.14528 0.14772 0.15519 0.16705 0.18284 0.20245 0.226 0.25355 0.28483 0.31918 0.35561 0.39291 0.42978 0.46496 0.49744 0.5265 0.55187 0.57374 0.59266 0.60945
0.22922 0.1933 0.32575 0.52032 0.55298 0.54085 0.55332 0.58529 0.64472 0.64002 0.60133 0.46911 0.33718 0.22669 0.14317 0.10475 0.12285 0.16148 0.19449 0.21419 0.22057 0.21739 0.20854 0.19639 0.18229 0.16739 0.1531 0.14127 0.13403 0.13302 0.13861 0.14987 0.16536 0.18404 0.20549 0.2297 0.25677 0.28661 0.31877 0.3525 0.38677 0.42044 0.45241 0.48174 0.50785 0.53052 0.55 0.56691 0.58209
0.2168 0.18374 0.29376 0.40978 0.45317 0.43507 0.41483 0.46519 0.5688 0.59803 0.57277 0.44466 0.31089 0.19412 0.096768 0.044128 0.088528 0.14245 0.18218 0.20505 0.21278 0.20979 0.20029 0.18683 0.17092 0.15391 0.13755 0.12431 0.11716 0.11829 0.12768 0.14329 0.16276 0.18455 0.208 0.23307 0.25989 0.28851 0.31868 0.34984 0.38116 0.41167 0.44041 0.46658 0.48966 0.50955 0.52657 0.54138 0.55487
0.16793 0.18606 0.22069 0.19538 0.334 0.29326 0.22513 0.33887 0.50329 0.56619 0.55613 0.43552 0.30447 0.18787 0.086867 0.015072 0.077334 0.13492 0.17568 0.19878 0.20631 0.20272 0.19217 0.17714 0.15914 0.13959 0.12053 0.1052 0.097922 0.10182 0.11591 0.13643 0.16006 0.18495 0.21037 0.2363 0.26294 0.29045 0.31875 0.34745 0.37591 0.40332 0.42885 0.45182 0.47185 0.48891 0.50341 0.51606 0.52781
0.48765 0.33435 0.21171 0.093928 0.29642 0.20698 0.020343 0.26634 0.46734 0.54903 0.55138 0.44009 0.31588 0.20628 0.11723 0.069549 0.094052 0.13929 0.17509 0.19563 0.2016 0.19677 0.18488 0.16813 0.14787 0.12543 0.10296 0.084522 0.076784 0.084567 0.10453 0.13036 0.15804 0.18576 0.21293 0.23957 0.26599 0.29241 0.3189 0.34523 0.37089 0.39524 0.4176 0.4374 0.45436 0.46857 0.48051 0.49096 0.50094
0.5858 0.454 0.35634 0.33967 0.38249 0.28552 0.19229 0.30044 0.46842 0.54597 0.55498 0.45309 0.33794 0.23791 0.16066 0.11926 0.12393 0.15235 0.17949 0.19546 0.19888 0.1924 0.17907 0.16067 0.13822 0.11275 0.086177 0.063073 0.054243 0.068054 0.095115 0.12613 0.15736 0.18742 0.21594 0.24304 0.26908 0.29437 0.31907 0.34307 0.366 0.38736 0.40659 0.42324 0.43715 0.4485 0.45785 0.46608 0.47425
0.24988 0.49813 0.5528 0.61547 0.53547 0.41531 0.34937 0.38449 0.49428 0.55179 0.56184 0.46856 0.36315 0.27249 0.20336 0.16323 0.15596 0.16994 0.18745 0.19788 0.19822 0.18996 0.17534 0.15558 0.13132 0.10319 0.072403 0.042548 0.031068 0.055086 0.089469 0.1247 0.15855 0.19023 0.21959 0.24681 0.27227 0.29634 0.31923 0.34093 0.36119 0.37961 0.39576 0.40931 0.42018 0.42867 0.43543 0.44142 0.44777
0.42833 0.5436 0.65693 0.78725 0.63645 0.48413 0.43417 0.45091 0.52276 0.55848 0.56681 0.48166 0.38622 0.3043 0.24112 0.20116 0.18605 0.18893 0.19756 0.20238 0.1996 0.1897 0.17411 0.15352 0.12822 0.098511 0.064969 0.02858 0.011772 0.050264 0.089178 0.12668 0.16191 0.19439 0.224 0.25095 0.2756 0.29831 0.31936 0.33878 0.35641 0.37196 0.38509 0.39558 0.40346 0.4091 0.41327 0.417 0.42152
0.46101 0.49147 0.5894 0.76372 0.60047 0.44859 0.4384 0.47574 0.53636 0.558 0.56544 0.48914 0.40411 0.33064 0.27262 0.23301 0.21271 0.20744 0.20868 0.20848 0.20291 0.1917 0.17562 0.15489 0.12956 0.099934 0.066891 0.033341 0.02396 0.056676 0.094789 0.13224 0.16752 0.19992 0.22921 0.25549 0.27908 0.30031 0.31945 0.3366 0.35166 0.3644 0.37458 0.38207 0.38699 0.3898 0.39137 0.39283 0.39551
0.17318 0.28649 0.41034 0.60148 0.43702 0.31615 0.37971 0.46027 0.52709 0.54451 0.55463 0.48923 0.41541 0.35047 0.29749 0.25884 0.23536 0.22438 0.21994 0.21569 0.2079 0.19588 0.17985 0.15969 0.13537 0.10745 0.077824 0.052444 0.048223 0.071696 0.10556 0.14106 0.17521 0.20676 0.23518 0.26043 0.28271 0.30233 0.31952 0.33441 0.34694 0.35694 0.36424 0.36879 0.37079 0.3708 0.36977 0.36895 0.36977
0.063511 0.094636 0.2571 0.45264 0.25507 0.13827 0.29864 0.41801 0.49447 0.51531 0.53303 0.48146 0.41982 0.36357 0.31576 0.27877 0.2537 0.23906 0.23068 0.22353 0.21428 0.20201 0.18657 0.16761 0.14509 0.11991 0.094716 0.075745 0.073453 0.091161 0.12009 0.15255 0.18472 0.21476 0.24185 0.26573 0.2865 0.30438 0.31959 0.33223 0.34228 0.34961 0.35411 0.35579 0.35492 0.35215 0.34852 0.3454 0.34434
0.01877 0.063345 0.21864 0.40983 0.23511 0.073165 0.24079 0.36378 0.44195 0.47077 0.50125 0.46649 0.41773 0.37017 0.32761 0.2929 0.26756 0.25101 0.24034 0.23154 0.22168 0.20975 0.19539 0.1781 0.15788 0.13583 0.1148 0.10017 0.098713 0.11261 0.13705 0.16605 0.19568 0.22373 0.24911 0.27135 0.29043 0.30648 0.31967 0.33008 0.33771 0.34246 0.34424 0.34312 0.33944 0.33391 0.32767 0.32221 0.31923
0.21073 0.21551 0.2577 0.41909 0.30684 0.16838 0.21757 0.3053 0.37394 0.414 0.46186 0.44589 0.40998 0.37072 0.3333 0.30129 0.27678 0.25985 0.24846 0.23928 0.22969 0.2187 0.20583 0.19055 0.17286 0.15391 0.13642 0.12477 0.12369 0.13484 0.15541 0.18092 0.20772 0.23346 0.25684 0.27724 0.29448 0.30863 0.31978 0.32801 0.33329 0.33553 0.33469 0.33085 0.32441 0.31615 0.30728 0.29944 0.2945
0.43205 0.26531 0.2588 0.40707 0.31934 0.2001 0.19865 0.24162 0.29465 0.35065 0.41919 0.42186 0.39765 0.36576 0.33308 0.30402 0.28122 0.26529 0.25467 0.24638 0.23795 0.22846 0.21746 0.20438 0.18925 0.1732 0.15864 0.14913 0.1482 0.15722 0.17448 0.19665 0.22051 0.24375 0.26494 0.28333 0.29864 0.31084 0.31997 0.32606 0.32907 0.3289 0.32553 0.31907 0.30994 0.29897 0.28745 0.27715 0.27017
0.33911 0.13231 0.20703 0.36577 0.26565 0.1723 0.16316 0.16882 0.20941 0.28939 0.37864 0.39676 0.38184 0.35588 0.32725 0.30115 0.2808 0.26713 0.25869 0.25252 0.24615 0.2387 0.22984 0.21909 0.20648 0.19305 0.18093 0.17302 0.17211 0.17937 0.19378 0.21282 0.23376 0.2544 0.27328 0.28957 0.3029 0.31313 0.32027 0.32428 0.3251 0.32264 0.31685 0.30787 0.29612 0.28247 0.26828 0.25544 0.24631
0.27063 0.06816 0.18775 0.32838 0.18698 0.12224 0.11878 0.086486 0.13028 0.24225 0.34543 0.37257 0.36349 0.3416 0.31608 0.29281 0.27552 0.26529 0.2604 0.25754 0.25405 0.24914 0.24266 0.23429 0.22411 0.21305 0.20297 0.1963 0.19531 0.20108 0.21299 0.22913 0.24722 0.26525 0.28178 0.29592 0.30723 0.31552 0.3207 0.32272 0.32146 0.31682 0.30874 0.29735 0.28308 0.26678 0.24988 0.23441 0.22297
0.20655 0.18655 0.23988 0.31875 0.12025 0.088858 0.098287 0.027879 0.097234 0.22124 0.32273 0.35043 0.34328 0.32338 0.29986 0.27915 0.26549 0.25986 0.25985 0.2614 0.26154 0.25958 0.25567 0.2497 0.24182 0.23289 0.22455 0.21886 0.21774 0.22219 0.23187 0.24535 0.26071 0.27617 0.29034 0.30233 0.31164 0.31801 0.32131 0.32142 0.3182 0.31152 0.30129 0.28762 0.27092 0.25204 0.23241 0.21417 0.20024
0.10692 0.24021 0.31623 0.33209 0.079693 0.095382 0.13289 0.10751 0.14228 0.22767 0.31003 0.33042 0.32159 0.30161 0.27887 0.26039 0.25096 0.25112 0.25725 0.2642 0.26859 0.26992 0.26869 0.2651 0.25939 0.25239 0.24553 0.24063 0.23934 0.2426 0.25028 0.2613 0.27408 0.28704 0.2989 0.30877 0.31612 0.32063 0.32212 0.32043 0.31538 0.3068 0.29458 0.27879 0.2598 0.23841 0.21604 0.1949 0.17822
0.18206 0.31229 0.39517 0.37776 0.14104 0.15124 0.20037 0.19506 0.20854 0.24861 0.3035 0.31182 0.29861 0.27664 0.25341 0.23683 0.23234 0.23959 0.25305 0.2662 0.27529 0.28011 0.28162 0.28034 0.27667 0.2714 0.26583 0.26155 0.26006 0.26224 0.2681 0.27686 0.28721 0.29778 0.3074 0.3152 0.32065 0.32338 0.32317 0.3198 0.31306 0.30273 0.28869 0.27094 0.24982 0.22605 0.20097 0.17679 0.15704
0.32303 0.42803 0.47995 0.47219 0.27621 0.24147 0.27641 0.27058 0.26477 0.26931 0.29834 0.29368 0.27449 0.24885 0.22381 0.20884 0.21029 0.22605 0.24787 0.26778 0.28181 0.29019 0.29441 0.29534 0.29354 0.28983 0.28537 0.2816 0.27988 0.28106 0.28527 0.29193 0.30001 0.30831 0.31578 0.3216 0.32523 0.32628 0.32447 0.31955 0.31127 0.29937 0.28368 0.26419 0.24113 0.21514 0.18743 0.16012 0.13692
0.41049 0.54386 0.53986 0.56787 0.40812 0.33741 0.34668 0.3269 0.30156 0.28104 0.29107 0.27546 0.24964 0.21878 0.19049 0.17693 0.18577 0.21162 0.24256 0.2694 0.28836 0.30021 0.30702 0.31002 0.30995 0.30761 0.30411 0.30075 0.29878 0.29902 0.30171 0.30645 0.3124 0.31857 0.32401 0.32796 0.32987 0.32933 0.32605 0.31972 0.31005 0.29676 0.27963 0.2586 0.23383 0.20585 0.17568 0.14521 0.11816
0.55947 0.57772 0.51059 0.5935 0.49237 0.41505 0.4006 0.35977 0.31607 0.28092 0.2806 0.25747 0.22493 0.18737 0.15397 0.14175 0.1603 0.19781 0.23809 0.2716 0.29518 0.31026 0.31946 0.32436 0.32584 0.32472 0.32203 0.31898 0.31673 0.3161 0.31739 0.32036 0.32435 0.32853 0.33206 0.33424 0.33454 0.33255 0.32791 0.32031 0.30942 0.29492 0.27656 0.25422 0.22801 0.19833 0.16597 0.13249 0.10122
0.64458 0.46146 0.3704 0.52418 0.51338 0.46322 0.43249 0.36819 0.3091 0.26997 0.26809 0.24108 0.20205 0.15639 0.11514 0.10426 0.1363 0.18649 0.23547 0.27488 0.3025 0.32043 0.33175 0.33834 0.34118 0.3411 0.33909 0.33627 0.33373 0.33228 0.33228 0.33363 0.33581 0.33814 0.3399 0.34044 0.33925 0.33592 0.33007 0.32135 0.3094 0.29387 0.27449 0.2511 0.22374 0.19269 0.15854 0.12241 0.086847
0.56296 0.27222 0.18085 0.38858 0.48459 0.48409 0.44241 0.3541 0.28357 0.25153 0.25629 0.22858 0.1838 0.12931 0.075927 0.06662 0.11771 0.1797 0.23564 0.27967 0.31052 0.33078 0.3439 0.35193 0.35593 0.35674 0.35529 0.35262 0.34978 0.34755 0.34637 0.34622 0.34674 0.34737 0.34749 0.34652 0.34398 0.33943 0.33251 0.32281 0.30997 0.29361 0.27343 0.24924 0.22104 0.18901 0.15358 0.11545 0.076086
0.52006 0.21212 0.051571 0.23628 0.43899 0.48789 0.43476 0.32134 0.24305 0.23009 0.24864 0.22283 0.17397 0.11247 0.043998 0.037772 0.10987 0.1792 0.23929 0.28627 0.31937 0.34138 0.35591 0.36511 0.37008 0.37162 0.3706 0.36802 0.36485 0.3619 0.35963 0.35812 0.35713 0.35621 0.35483 0.35249 0.34871 0.34309 0.33522 0.3247 0.31113 0.29412 0.27334 0.24861 0.21988 0.18729 0.15116 0.11192 0.070172
0.43534 0.20256 0.032555 0.13107 0.41458 0.48603 0.41613 0.27458 0.19057 0.21077 0.24842 0.22641 0.17614 0.11349 0.047804 0.047478 0.1165 0.18578 0.24668 0.2948 0.32909 0.35223 0.36778 0.37789 0.38361 0.38572 0.38503 0.38245 0.37896 0.37532 0.37205 0.3693 0.36694 0.36461 0.36189 0.3583 0.35343 0.34686 0.33818 0.32698 0.31284 0.29535 0.2742 0.24916 0.22021 0.18747 0.15124 0.1119 0.06989
0.30478 0.16936 0.050045 0.19289 0.43333 0.48664 0.39422 0.22002 0.12891 0.19974 0.25814 0.2407 0.19156 0.13356 0.084137 0.084163 0.13591 0.19901 0.25766 0.30521 0.33968 0.36331 0.37948 0.39022 0.3965 0.39903 0.39854 0.39592 0.39209 0.38781 0.38362 0.37976 0.37616 0.37257 0.36864 0.36395 0.35812 0.35073 0.34138 0.32963 0.31507 0.29727 0.27592 0.25081 0.22192 0.18941 0.15363 0.11513 0.074882
0.19554 0.18231 0.17634 0.34065 0.48726 0.49414 0.37859 0.17161 0.069431 0.20446 0.2793 0.26548 0.21841 0.16636 0.12762 0.1257 0.16325 0.21748 0.27173 0.31729 0.35102 0.37457 0.39098 0.40208 0.40872 0.41151 0.41114 0.40842 0.40423 0.39936 0.39434 0.38947 0.38477 0.38007 0.37507 0.36942 0.36275 0.35467 0.34477 0.33262 0.31777 0.29983 0.27845 0.25347 0.22489 0.19293 0.15806 0.12112 0.083843
0.066974 0.21121 0.31481 0.49013 0.55433 0.51122 0.38103 0.16329 0.08273 0.23093 0.31231 0.29926 0.2533 0.20542 0.17191 0.16738 0.19434 0.23947 0.28816 0.33071 0.36297 0.38594 0.40223 0.41344 0.42025 0.42317 0.4228 0.41993 0.41539 0.40996 0.40419 0.39843 0.39276 0.38707 0.38114 0.37466 0.3673 0.35865 0.34833 0.33589 0.3209 0.30294 0.2817 0.25703 0.22897 0.19782 0.1642 0.12924 0.095338
0.14262 0.29867 0.43041 0.60884 0.61738 0.5397 0.4112 0.22 0.17106 0.27963 0.35635 0.3399 0.29286 0.24661 0.21496 0.20758 0.22647 0.26333 0.30613 0.34507 0.37533 0.39729 0.41317 0.42425 0.43106 0.43397 0.43353 0.43046 0.42556 0.41961 0.41317 0.40663 0.40011 0.39358 0.38686 0.37968 0.37173 0.36264 0.35202 0.33941 0.32439 0.30654 0.28558 0.26137 0.234 0.20386 0.17171 0.13893 0.10828
0.37848 0.42401 0.49596 0.67564 0.66599 0.57851 0.46897 0.31698 0.27815 0.34587 0.40947 0.38499 0.33427 0.28733 0.25552 0.2453 0.25794 0.28774 0.32485 0.35995 0.38787 0.40852 0.42373 0.43448 0.44112 0.44391 0.44331 0.43999 0.43474 0.42831 0.42128 0.41405 0.40681 0.39957 0.39218 0.38443 0.37603 0.36661 0.35579 0.34313 0.32818 0.31057 0.29 0.26637 0.23982 0.21082 0.18025 0.14967 0.12197
0.52386 0.48233 0.48559 0.6796 0.69182 0.62146 0.54365 0.42744 0.39061 0.42296 0.46863 0.432 0.37511 0.32571 0.2926 0.27978 0.28761 0.31163 0.34363 0.37495 0.40036 0.41949 0.43382 0.44408 0.45041 0.45296 0.45213 0.44853 0.44293 0.43605 0.4285 0.4207 0.41286 0.40502 0.3971 0.3889 0.38016 0.37052 0.35961 0.34699 0.33223 0.31494 0.29486 0.27191 0.24628 0.2185 0.18955 0.16109 0.13597
0.46994 0.42302 0.38741 0.62252 0.68695 0.65871 0.62036 0.53544 0.50052 0.50414 0.53016 0.47831 0.41331 0.36029 0.32538 0.31043 0.31472 0.33424 0.36188 0.38969 0.4126 0.43009 0.44339 0.453 0.45889 0.46111 0.45998 0.45607 0.45012 0.44285 0.43485 0.42656 0.41823 0.40993 0.40159 0.39306 0.38409 0.37434 0.36344 0.35095 0.33646 0.31959 0.30008 0.27788 0.25323 0.22672 0.19937 0.17289 0.15
0.28257 0.28938 0.22266 0.52111 0.6473 0.68115 0.68544 0.62985 0.60095 0.58324 0.59009 0.52132 0.44703 0.38986 0.35319 0.33678 0.33872 0.35498 0.37913 0.40385 0.42438 0.44018 0.45236 0.4612 0.46655 0.46835 0.46685 0.46261 0.45632 0.44869 0.44031 0.43164 0.42293 0.41427 0.40564 0.3969 0.3878 0.37804 0.36724 0.35497 0.34082 0.32443 0.30556 0.28418 0.26055 0.2353 0.20951 0.18486 0.16388
0.18153 0.2187 0.074919 0.39962 0.57816 0.68424 0.72868 0.70254 0.68615 0.65503 0.64462 0.55859 0.47468 0.41344 0.37549 0.3585 0.35928 0.37346 0.39502 0.41718 0.43552 0.44967 0.46066 0.46864 0.47335 0.47465 0.47274 0.46814 0.46152 0.45358 0.4449 0.43593 0.42694 0.41805 0.40924 0.40038 0.39127 0.38158 0.37096 0.359 0.34526 0.32942 0.31124 0.29071 0.26812 0.24412 0.21981 0.19683 0.17751
0.32638 0.29026 0.1269 0.27056 0.49834 0.66853 0.74378 0.74858 0.75229 0.71549 0.6904 0.58791 0.49489 0.43027 0.39193 0.37541 0.3762 0.38946 0.40931 0.42946 0.44589 0.45846 0.46823 0.47529 0.47928 0.48001 0.47765 0.47267 0.46574 0.45753 0.44861 0.43943 0.43027 0.42124 0.41236 0.4035 0.39446 0.38494 0.37459 0.36299 0.34973 0.33448 0.31703 0.29738 0.27584 0.25306 0.23015 0.20868 0.19081
0.48961 0.36169 0.15623 0.13326 0.4388 0.63676 0.72799 0.76649 0.79777 0.76195 0.72476 0.60749 0.50663 0.43986 0.40232 0.38746 0.38944 0.40284 0.42186 0.44055 0.45537 0.46647 0.47501 0.4811 0.48432 0.48443 0.48158 0.47621 0.46898 0.46054 0.45145 0.44215 0.43291 0.42386 0.41501 0.40624 0.39737 0.3881 0.37808 0.3669 0.35418 0.33957 0.32288 0.30412 0.28361 0.26202 0.24042 0.22033 0.20372
0.55845 0.38907 0.14599 0.10988 0.42361 0.58977 0.6817 0.75842 0.82334 0.7931 0.74586 0.61602 0.50918 0.44192 0.40667 0.39476 0.39907 0.41361 0.43258 0.45037 0.46388 0.47363 0.48098 0.48606 0.48845 0.4879 0.48452 0.47877 0.47125 0.46262 0.45343 0.44409 0.43486 0.42589 0.41716 0.40858 0.39996 0.39102 0.3814 0.37071 0.35856 0.34463 0.32872 0.31086 0.29137 0.27092 0.25055 0.23171 0.21621
0.59977 0.4356 0.23883 0.27437 0.44026 0.52456 0.60825 0.73 0.83167 0.80884 0.75267 0.61269 0.50221 0.43648 0.40519 0.39756 0.40526 0.42185 0.44148 0.45887 0.47136 0.4799 0.48609 0.49014 0.49166 0.49041 0.48649 0.48034 0.47257 0.46379 0.45455 0.44525 0.43614 0.42733 0.41882 0.41052 0.40223 0.39368 0.38452 0.37437 0.36284 0.34961 0.3345 0.31754 0.29905 0.27969 0.26048 0.24278 0.22826
0.58888 0.49385 0.38644 0.43317 0.45184 0.43621 0.51446 0.6898 0.82678 0.81004 0.745 0.59726 0.48572 0.42379 0.39825 0.39621 0.40831 0.42771 0.44862 0.46604 0.4778 0.48526 0.49031 0.49333 0.49396 0.49197 0.48749 0.48095 0.47294 0.46407 0.45485 0.44566 0.43674 0.42818 0.41999 0.41204 0.40417 0.39607 0.38743 0.37786 0.36698 0.35448 0.34018 0.32411 0.30659 0.28828 0.27014 0.25348 0.23985
0.4388 0.49794 0.50451 0.54446 0.43494 0.32215 0.41248 0.64823 0.81312 0.79827 0.72338 0.57004 0.46008 0.40435 0.38641 0.39122 0.40855 0.43141 0.4541 0.47193 0.48318 0.48968 0.49365 0.49562 0.49534 0.4926 0.48755 0.48061 0.47239 0.46346 0.45432 0.44532 0.43667 0.42846 0.42066 0.41315 0.40575 0.39818 0.39011 0.38116 0.37096 0.35921 0.34572 0.33053 0.31396 0.29664 0.27951 0.26381 0.25098
0.21666 0.45909 0.57621 0.6077 0.39705 0.1864 0.32428 0.61563 0.79487 0.77559 0.6891 0.53182 0.42597 0.37892 0.3704 0.38316 0.40642 0.43322 0.45806 0.47658 0.48752 0.49316 0.49609 0.49702 0.4958 0.49229 0.48666 0.47934 0.47093 0.46199 0.45299 0.44425 0.43595 0.42816 0.42083 0.41383 0.40698 0.39999 0.39253 0.38424 0.37475 0.36375 0.35108 0.33676 0.32111 0.30474 0.28856 0.27374 0.26162
0.18062 0.44916 0.61781 0.64941 0.37829 0.063964 0.28566 0.5995 0.77536 0.74444 0.64408 0.48389 0.38437 0.34846 0.35109 0.37271 0.40236 0.43341 0.46066 0.48008 0.49085 0.49572 0.49764 0.49753 0.49536 0.49107 0.48485 0.47717 0.46859 0.45968 0.45088 0.44247 0.4346 0.4273 0.42051 0.4141 0.40785 0.40149 0.39469 0.38709 0.37833 0.3681 0.35624 0.34278 0.32802 0.31255 0.29726 0.28325 0.27179
0.29592 0.50275 0.64548 0.69635 0.42155 0.15806 0.31972 0.60218 0.75695 0.70762 0.59098 0.42797 0.33649 0.31415 0.3295 0.3606 0.39687 0.4323 0.46208 0.48252 0.49321 0.49738 0.49831 0.49716 0.49404 0.48896 0.48215 0.47411 0.4654 0.45657 0.44801 0.43999 0.43262 0.42589 0.41972 0.41394 0.40836 0.40267 0.39657 0.38969 0.38167 0.37222 0.36117 0.34855 0.33465 0.32005 0.30559 0.29233 0.28148
0.4805 0.57629 0.65542 0.74847 0.5186 0.3114 0.40186 0.62101 0.74133 0.66838 0.53322 0.36626 0.2837 0.2774 0.30677 0.34759 0.39044 0.43021 0.46251 0.484 0.49466 0.49816 0.49811 0.49593 0.49184 0.48597 0.47858 0.4702 0.46139 0.45266 0.44441 0.43684 0.43003 0.42394 0.41845 0.41337 0.4085 0.40354 0.39817 0.39203 0.38478 0.37611 0.36586 0.35406 0.34099 0.32721 0.31354 0.30099 0.29069
0.62246 0.60405 0.62786 0.78421 0.62967 0.45501 0.49885 0.65098 0.72992 0.63047 0.47519 0.30152 0.22751 0.23991 0.28414 0.33447 0.38355 0.42741 0.46212 0.48462 0.49526 0.49809 0.49708 0.49385 0.48881 0.48213 0.47417 0.46546 0.45657 0.448 0.4401 0.43305 0.42686 0.42147 0.41672 0.4124 0.40829 0.40409 0.39948 0.39411 0.38762 0.37974 0.37028 0.35929 0.34703 0.33404 0.32111 0.30921 0.29942
0.59265 0.54695 0.54571 0.78537 0.72591 0.57943 0.59385 0.68757 0.72424 0.59801 0.42237 0.23757 0.16954 0.20377 0.26295 0.32198 0.37666 0.4242 0.46108 0.48448 0.49505 0.49721 0.49524 0.49097 0.48495 0.47748 0.46896 0.45993 0.451 0.44262 0.43512 0.42864 0.42314 0.4185 0.41454 0.41104 0.40773 0.40433 0.4005 0.39591 0.39021 0.3831 0.37444 0.36423 0.35275 0.34051 0.32828 0.317 0.30769
0.43368 0.41339 0.40963 0.75128 0.79472 0.68114 0.68047 0.72791 0.72578 0.57498 0.38116 0.18042 0.11159 0.17173 0.24452 0.31078 0.37014 0.42083 0.45956 0.48369 0.49411 0.49557 0.49262 0.4873 0.48031 0.47204 0.46296 0.45365 0.44469 0.43655 0.4295 0.42363 0.41887 0.41505 0.41194 0.40929 0.40682 0.40425 0.40124 0.39744 0.39252 0.3862 0.37831 0.36887 0.35814 0.34662 0.33506 0.32435 0.31549
0.27582 0.25801 0.2444 0.69779 0.8337 0.7596 0.75686 0.77052 0.73555 0.56427 0.35756 0.141 0.056541 0.14732 0.23007 0.30144 0.36433 0.4175 0.45769 0.48233 0.4925 0.49321 0.48926 0.48288 0.47492 0.46586 0.45623 0.44664 0.43769 0.42982 0.42327 0.41807 0.4141 0.41114 0.40893 0.40717 0.40558 0.40386 0.40168 0.39869 0.39456 0.38902 0.3819 0.37321 0.3632 0.35237 0.34144 0.33128 0.32284
0.21582 0.18431 0.1271 0.64672 0.84525 0.81594 0.82284 0.81436 0.75348 0.56671 0.3544 0.13364 0.025072 0.13434 0.22047 0.29434 0.35947 0.41437 0.45559 0.48048 0.49027 0.49017 0.48519 0.47775 0.46882 0.45897 0.4488 0.43895 0.43004 0.42247 0.41646 0.41198 0.40885 0.4068 0.40552 0.40469 0.40402 0.40317 0.40184 0.39967 0.39633 0.39156 0.38519 0.37724 0.36793 0.35776 0.34742 0.33778 0.32973
0.23854 0.24179 0.19134 0.61036 0.83303 0.85203 0.87851 0.85806 0.77807 0.58054 0.36929 0.15781 0.062001 0.13455 0.21608 0.28969 0.35572 0.41159 0.45335 0.47822 0.48748 0.4865 0.48047 0.47196 0.46204 0.4514 0.4407 0.43062 0.42177 0.41455 0.40911 0.40539 0.40314 0.40204 0.40174 0.40188 0.40214 0.4022 0.40172 0.40037 0.39783 0.39383 0.3882 0.38095 0.37232 0.36278 0.35302 0.34385 0.33618
0.25543 0.31483 0.28764 0.58155 0.80047 0.87019 0.92377 0.8997 0.80654 0.60201 0.3958 0.19668 0.10749 0.14572 0.2166 0.28749 0.35315 0.40922 0.45105 0.47562 0.48419 0.48225 0.47513 0.46553 0.45463 0.44321 0.432 0.4217 0.41293 0.40607 0.40125 0.39833 0.39701 0.3969 0.39761 0.39874 0.39997 0.40094 0.40133 0.40081 0.39906 0.39582 0.39091 0.38436 0.37638 0.36744 0.35822 0.34952 0.3422
0.27386 0.34695 0.33148 0.54071 0.75102 0.87321 0.9583 0.93687 0.83532 0.62646 0.4267 0.23759 0.14915 0.16332 0.22121 0.28756 0.35175 0.40731 0.44875 0.47272 0.48044 0.47747 0.46922 0.45851 0.44664 0.43444 0.42271 0.41221 0.40355 0.3971 0.39292 0.39084 0.39049 0.39141 0.39315 0.39531 0.39751 0.39941 0.40068 0.40099 0.40003 0.39753 0.39333 0.38745 0.3801 0.37175 0.36304 0.35477 0.34779
0.33504 0.32393 0.31366 0.4715 0.68961 0.86449 0.98189 0.96712 0.86072 0.64934 0.45609 0.27455 0.18539 0.18335 0.22879 0.2896 0.35144 0.40586 0.44647 0.46956 0.47628 0.47219 0.46279 0.45096 0.4381 0.42513 0.4129 0.40221 0.39368 0.38766 0.38417 0.38296 0.3836 0.38558 0.38839 0.39159 0.39479 0.39763 0.39978 0.40092 0.40073 0.39897 0.39547 0.39024 0.3835 0.3757 0.36748 0.35962 0.35296
0.34444 0.25228 0.2469 0.37056 0.62418 0.84791 0.9946 0.98829 0.87944 0.66685 0.47977 0.30473 0.21563 0.20322 0.23822 0.29323 0.35212 0.40486 0.44424 0.4662 0.47175 0.46647 0.45588 0.44292 0.42907 0.41533 0.40261 0.39174 0.38336 0.37779 0.37501 0.37471 0.37638 0.37944 0.38335 0.38761 0.39181 0.3956 0.39864 0.4006 0.40119 0.40014 0.39732 0.39272 0.38657 0.3793 0.37155 0.36408 0.35773
0.29312 0.1648 0.15731 0.25131 0.56604 0.82737 0.99689 0.9989 0.88896 0.67614 0.49501 0.32679 0.23967 0.22148 0.24855 0.29804 0.35363 0.40425 0.44206 0.46265 0.4669 0.46036 0.44853 0.43444 0.41959 0.40508 0.39187 0.38084 0.37262 0.36754 0.3655 0.36614 0.36886 0.37304 0.37805 0.38338 0.38861 0.39334 0.39726 0.40005 0.4014 0.40106 0.3989 0.39491 0.38932 0.38256 0.37525 0.36816 0.36209
0.25659 0.10412 0.091838 0.15785 0.5273 0.80611 0.98961 0.99822 0.88767 0.67539 0.50024 0.34016 0.25753 0.23738 0.25904 0.30365 0.35579 0.40399 0.43993 0.45893 0.46176 0.45389 0.44081 0.42556 0.40972 0.39444 0.38075 0.36956 0.36152 0.35694 0.35567 0.35727 0.36108 0.36638 0.37252 0.37894 0.38518 0.39087 0.39567 0.39927 0.40137 0.40173 0.4002 0.39681 0.39176 0.38548 0.3786 0.37186 0.36607
0.21322 0.079159 0.11878 0.17813 0.51471 0.78608 0.97389 0.98637 0.87494 0.66371 0.4947 0.34476 0.26952 0.25067 0.26921 0.30974 0.35846 0.404 0.43784 0.45508 0.45637 0.44711 0.43275 0.41634 0.39951 0.38346 0.36928 0.35793 0.3501 0.34603 0.34555 0.34814 0.35305 0.35951 0.36679 0.37429 0.38157 0.3882 0.39388 0.39828 0.40111 0.40215 0.40125 0.39842 0.39389 0.38807 0.38159 0.3752 0.36967
0.19124 0.10492 0.18204 0.27043 0.52449 0.76766 0.95107 0.96421 0.85106 0.64102 0.47832 0.34092 0.27609 0.26136 0.27875 0.31605 0.36146 0.40422 0.43577 0.4511 0.45076 0.44007 0.42441 0.40683 0.389 0.37218 0.35752 0.34602 0.33838 0.33485 0.33519 0.33879 0.34483 0.35244 0.36087 0.36947 0.37777 0.38535 0.39189 0.39708 0.40063 0.40233 0.40204 0.39976 0.39572 0.39035 0.38425 0.37817 0.3729
0.29238 0.17432 0.23201 0.35629 0.54501 0.75002 0.9226 0.93329 0.8172 0.608 0.45153 0.32927 0.27792 0.26967 0.28752 0.32237 0.36468 0.40458 0.4337 0.44701 0.44497 0.4328 0.41583 0.39708 0.37824 0.36065 0.3455 0.33385 0.32643 0.32344 0.32462 0.32925 0.33642 0.34522 0.3548 0.36449 0.37381 0.38233 0.38972 0.39569 0.39995 0.40229 0.40258 0.40083 0.39726 0.39231 0.38658 0.3808 0.37577
0.36235 0.2274 0.25663 0.41398 0.56413 0.73183 0.89005 0.89566 0.77524 0.56593 0.41513 0.31071 0.27585 0.27596 0.29548 0.32854 0.36797 0.40501 0.43163 0.44283 0.43903 0.42536 0.40706 0.38713 0.36729 0.34892 0.33327 0.32147 0.31426 0.31184 0.31387 0.31955 0.32788 0.33785 0.34859 0.35938 0.36971 0.37915 0.38739 0.39412 0.39907 0.40203 0.40288 0.40164 0.39852 0.39397 0.38858 0.38309 0.37829
0.32121 0.23 0.25311 0.4403 0.57375 0.71196 0.85507 0.85378 0.7277 0.5167 0.37021 0.2864 0.27086 0.28067 0.30269 0.33449 0.37126 0.40547 0.42953 0.43856 0.43297 0.41778 0.39816 0.37705 0.35621 0.33704 0.32089 0.30893 0.30193 0.30009 0.30298 0.30972 0.31922 0.33038 0.34227 0.35415 0.36548 0.37584 0.3849 0.39237 0.398 0.40156 0.40295 0.4022 0.39951 0.39533 0.39027 0.38506 0.38047
0.2216 0.18079 0.22561 0.43914 0.57047 0.68998 0.81937 0.81034 0.67765 0.46279 0.31809 0.25779 0.2641 0.2843 0.30924 0.34013 0.37445 0.40589 0.42739 0.43423 0.42683 0.41011 0.38916 0.36688 0.34503 0.32506 0.3084 0.29626 0.28947 0.2882 0.29198 0.2998 0.31048 0.32283 0.33587 0.34882 0.36114 0.3724 0.38228 0.39048 0.39675 0.4009 0.4028 0.40251 0.40023 0.39641 0.39165 0.3867 0.38232
0.13965 0.10087 0.18501 0.41744 0.55439 0.66624 0.78462 0.76804 0.62856 0.40736 0.26023 0.22675 0.25681 0.28733 0.31526 0.34546 0.3775 0.40625 0.4252 0.42985 0.42062 0.40239 0.38012 0.35667 0.33381 0.31303 0.29583 0.2835 0.27691 0.27624 0.2809 0.28982 0.30168 0.31522 0.3294 0.34342 0.35672 0.36886 0.37952 0.38843 0.39533 0.40004 0.40244 0.40259 0.4007 0.39721 0.39274 0.38803 0.38385
0.11513 0.020242 0.14633 0.38243 0.52777 0.64169 0.75229 0.7294 0.58409 0.35451 0.1982 0.1958 0.25027 0.29024 0.32086 0.35045 0.38036 0.40651 0.42296 0.42543 0.41439 0.39466 0.37108 0.34648 0.3226 0.301 0.28324 0.27069 0.2643 0.26421 0.26978 0.27981 0.29285 0.30758 0.32289 0.33797 0.35222 0.36522 0.37666 0.38625 0.39376 0.399 0.40188 0.40244 0.40092 0.39774 0.39355 0.38906 0.38506
0.134 0.050494 0.12259 0.33968 0.49399 0.61759 0.72349 0.69643 0.54774 0.30955 0.13387 0.16855 0.24571 0.29341 0.32617 0.35511 0.38299 0.40666 0.42067 0.42099 0.40817 0.38695 0.36209 0.33634 0.31145 0.28901 0.27066 0.25788 0.25166 0.25216 0.25865 0.26979 0.28403 0.29993 0.31637 0.33247 0.34766 0.36151 0.37369 0.38395 0.39204 0.3978 0.40113 0.40208 0.4009 0.39802 0.39408 0.38981 0.38598
0.13482 0.08462 0.11438 0.2923 0.45699 0.59517 0.6988 0.67041 0.52232 0.27884 0.070722 0.14995 0.24415 0.29716 0.33128 0.35944 0.38539 0.40667 0.41832 0.41655 0.40198 0.37931 0.35319 0.32631 0.3004 0.27711 0.25814 0.24509 0.23903 0.24012 0.24754 0.2598 0.27523 0.29231 0.30984 0.32696 0.34306 0.35773 0.37064 0.38153 0.39018 0.39643 0.40019 0.40151 0.40065 0.39805 0.39434 0.39027 0.38661
0.11153 0.089123 0.10969 0.24149 0.42113 0.57538 0.67818 0.65167 0.50925 0.268 0.034296 0.14521 0.24626 0.30169 0.33626 0.36346 0.38754 0.40655 0.41592 0.41212 0.39586 0.37177 0.34442 0.31643 0.28951 0.26535 0.24572 0.23236 0.22643 0.22811 0.23647 0.24986 0.26648 0.28472 0.30334 0.32144 0.33844 0.35389 0.3675 0.37901 0.3882 0.39492 0.39908 0.40075 0.40018 0.39783 0.39434 0.39046 0.38696
0.085556 0.073832 0.097676 0.18854 0.39106 0.55869 0.66101 0.63957 0.50815 0.27828 0.080033 0.15616 0.25223 0.30708 0.34116 0.36717 0.38943 0.40628 0.41348 0.40773 0.38982 0.36437 0.33583 0.30675 0.27883 0.25377 0.23345 0.21972 0.2139 0.21616 0.22547 0.24001 0.25781 0.2772 0.29687 0.31594 0.3338 0.35002 0.3643 0.3764 0.3861 0.39326 0.3978 0.39979 0.3995 0.39739 0.3941 0.39039 0.38703
0.059252 0.057335 0.074485 0.13925 0.37123 0.54497 0.64615 0.63271 0.51702 0.3054 0.14174 0.17954 0.26178 0.31333 0.34599 0.3706 0.39106 0.40586 0.411 0.40338 0.38391 0.35714 0.32745 0.29731 0.26839 0.24241 0.22136 0.20722 0.20146 0.2043 0.21457 0.23026 0.24925 0.26976 0.29047 0.31047 0.32917 0.34612 0.36105 0.37371 0.3839 0.39147 0.39636 0.39866 0.39862 0.39673 0.39362 0.39006 0.38685
0.084013 0.055901 0.044751 0.11313 0.36456 0.53349 0.63217 0.62921 0.53288 0.34272 0.20286 0.2103 0.27431 0.32033 0.35074 0.37373 0.39245 0.40531 0.40849 0.3991 0.37813 0.35011 0.31931 0.28815 0.25824 0.23134 0.20949 0.19487 0.18914 0.19255 0.20379 0.22064 0.2408 0.26242 0.28414 0.30505 0.32454 0.34221 0.35775 0.37095 0.38159 0.38955 0.39478 0.39735 0.39755 0.39585 0.39291 0.38949 0.3864
0.13818 0.069528 0.043697 0.13562 0.37078 0.5229 0.61752 0.62712 0.55262 0.3845 0.2611 0.24439 0.28901 0.32789 0.35538 0.37657 0.39359 0.40463 0.40598 0.39491 0.37251 0.3433 0.31146 0.2793 0.24843 0.22057 0.19788 0.18272 0.17696 0.18093 0.19317 0.21118 0.23251 0.2552 0.2779 0.29969 0.31995 0.33829 0.35442 0.36812 0.3792 0.38753 0.39305 0.39588 0.39629 0.39476 0.39197 0.38869 0.38572
0.1873 0.10289 0.088235 0.19236 0.38604 0.51138 0.60073 0.62472 0.57354 0.4268 0.31551 0.27922 0.30506 0.33582 0.35987 0.37913 0.39449 0.40382 0.40345 0.39081 0.36707 0.33674 0.30391 0.27082 0.23899 0.21017 0.18658 0.17079 0.16495 0.16947 0.18271 0.2019 0.22438 0.24813 0.27178 0.29439 0.31539 0.33437 0.35107 0.36524 0.37673 0.38539 0.3912 0.39426 0.39485 0.39349 0.39083 0.38766 0.3848
0.25272 0.15679 0.14101 0.25806 0.40428 0.49685 0.58056 0.62068 0.59356 0.46717 0.36552 0.31317 0.32166 0.34388 0.36415 0.38138 0.39515 0.40289 0.40093 0.38682 0.36184 0.33046 0.2967 0.26271 0.22997 0.20018 0.17563 0.15912 0.15312 0.15819 0.17246 0.19282 0.21644 0.24122 0.26577 0.28918 0.31088 0.33048 0.34769 0.36232 0.37418 0.38316 0.38922 0.39249 0.39325 0.39202 0.38948 0.38641 0.38365
0.3376 0.21277 0.18834 0.31972 0.41921 0.47726 0.55614 0.61414 0.61129 0.5041 0.41072 0.34522 0.33814 0.35182 0.36816 0.38334 0.3956 0.40186 0.39842 0.38295 0.35681 0.32446 0.28984 0.25502 0.2214 0.19063 0.16506 0.14773 0.14149 0.14711 0.16242 0.18397 0.20871 0.23448 0.2599 0.28407 0.30643 0.3266 0.34432 0.35936 0.37157 0.38084 0.38713 0.39058 0.39149 0.39038 0.38793 0.38496 0.38228
0.41475 0.24588 0.22421 0.37034 0.42557 0.45081 0.52708 0.60479 0.62588 0.53676 0.45087 0.37469 0.35394 0.35944 0.37183 0.385 0.39582 0.40073 0.39594 0.37921 0.352 0.31876 0.28336 0.24777 0.2133 0.18157 0.15493 0.13666 0.13009 0.13623 0.15263 0.17537 0.2012 0.22793 0.25417 0.27906 0.30205 0.32276 0.34094 0.35637 0.3689 0.37843 0.38493 0.38854 0.38958 0.38856 0.3862 0.3833 0.38071
0.45262 0.23666 0.24773 0.40579 0.4198 0.41624 0.49352 0.59274 0.63694 0.56469 0.48584 0.40113 0.36862 0.36653 0.37511 0.38634 0.39584 0.39951 0.39348 0.3756 0.34742 0.31337 0.27726 0.24097 0.20572 0.17304 0.14528 0.12595 0.11893 0.12559 0.1431 0.16705 0.19394 0.22158 0.24861 0.27417 0.29775 0.31896 0.33757 0.35336 0.36619 0.37595 0.38263 0.38638 0.38752 0.38658 0.38429 0.38145 0.37893
0.43612 0.17786 0.26296 0.42419 0.40027 0.37297 0.45623 0.57852 0.64442 0.58772 0.51557 0.42426 0.38183 0.37291 0.37794 0.38736 0.39565 0.39821 0.39106 0.37213 0.34307 0.3083 0.27156 0.23464 0.19867 0.16507 0.13615 0.11562 0.10803 0.1152 0.13387 0.15902 0.18695 0.21545 0.24321 0.26941 0.29352 0.31521 0.33421 0.35034 0.36343 0.3734 0.38024 0.3841 0.38532 0.38445 0.3822 0.37942 0.37696
0.39232 0.077284 0.27646 0.42587 0.36738 0.32113 0.41666 0.56292 0.64848 0.60585 0.54011 0.44391 0.39333 0.37845 0.38028 0.38805 0.39527 0.39683 0.38867 0.36881 0.33895 0.30355 0.26625 0.22879 0.19218 0.15771 0.12761 0.10573 0.097393 0.10507 0.12495 0.1513 0.18023 0.20955 0.23799 0.26477 0.28939 0.31151 0.33088 0.3473 0.36064 0.37079 0.37776 0.38172 0.383 0.38217 0.37996 0.37721 0.3748
0.38791 0.053864 0.29311 0.4135 0.32372 0.2616 0.37707 0.54692 0.64941 0.61922 0.55955 0.45999 0.40292 0.38303 0.38208 0.38842 0.39469 0.39538 0.38632 0.36562 0.33506 0.2991 0.26135 0.22342 0.18625 0.15099 0.11969 0.096327 0.087042 0.095232 0.11638 0.14393 0.17381 0.20389 0.23296 0.26028 0.28536 0.30787 0.32757 0.34427 0.35781 0.36812 0.37521 0.37923 0.38056 0.37975 0.37755 0.37483 0.37246
0.45719 0.19035 0.3137 0.39201 0.27432 0.19597 0.34047 0.53155 0.64758 0.62803 0.57402 0.47248 0.41049 0.38658 0.38332 0.38846 0.39393 0.39386 0.38401 0.36256 0.33139 0.29497 0.25683 0.21853 0.1809 0.14492 0.11246 0.087462 0.076991 0.085693 0.10818 0.13692 0.1677 0.19848 0.22812 0.25592 0.28143 0.3043 0.32429 0.34123 0.35496 0.36541 0.37258 0.37665 0.378 0.37719 0.375 0.37229 0.36995
0.56656 0.32054 0.33628 0.36797 0.22743 0.12671 0.31058 0.51768 0.64334 0.6325 0.58372 0.48141 0.41598 0.38903 0.38398 0.38818 0.393 0.39228 0.38173 0.35963 0.32794 0.29113 0.25269 0.21412 0.17612 0.13952 0.10596 0.079211 0.067255 0.076479 0.1004 0.1303 0.16191 0.19332 0.22348 0.25172 0.2776 0.30079 0.32106 0.33821 0.3521 0.36265 0.36988 0.37398 0.37533 0.37451 0.37231 0.3696 0.36728
0.68088 0.43477 0.35856 0.34782 0.1953 0.059642 0.29107 0.50597 0.637 0.63292 0.58884 0.48686 0.41937 0.39036 0.38406 0.38757 0.39189 0.39063 0.37949 0.35683 0.3247 0.28757 0.24892 0.21016 0.1719 0.13482 0.10025 0.071661 0.057854 0.067619 0.093057 0.12408 0.15646 0.18843 0.21904 0.24767 0.27388 0.29736 0.31786 0.33519 0.34921 0.35985 0.36712 0.37123 0.37256 0.37171 0.36948 0.36675 0.36446
0.78245 0.52876 0.37806 0.33489 0.19047 0.042962 0.28435 0.4967 0.62881 0.62954 0.58962 0.48893 0.42068 0.39057 0.38355 0.38666 0.39062 0.38891 0.37727 0.35414 0.32164 0.28429 0.2455 0.20664 0.16824 0.1308 0.095372 0.064921 0.048815 0.05915 0.086208 0.1183 0.15135 0.18381 0.21481 0.24377 0.27028 0.29401 0.31471 0.3322 0.34633 0.35702 0.36431 0.36841 0.3697 0.3688 0.36652 0.36377 0.36148
0.85646 0.59932 0.39092 0.32739 0.21379 0.10287 0.29009 0.48976 0.61894 0.62264 0.5863 0.48777 0.41995 0.38967 0.38247 0.38544 0.38918 0.38714 0.37508 0.35155 0.31876 0.28125 0.24241 0.20354 0.1651 0.12745 0.091346 0.059115 0.040178 0.051127 0.079899 0.11296 0.1466 0.17946 0.21079 0.24004 0.26679 0.29073 0.31161 0.32922 0.34343 0.35416 0.36145 0.36551 0.36674 0.36578 0.36345 0.36065 0.35836
0.88522 0.643 0.39163 0.31976 0.25371 0.16773 0.30534 0.48467 0.60748 0.61246 0.57913 0.48353 0.41726 0.38769 0.38084 0.38393 0.3876 0.3853 0.3729 0.34904 0.31605 0.27844 0.23962 0.20083 0.16246 0.12475 0.088187 0.054382 0.032018 0.043631 0.074187 0.1081 0.1422 0.17538 0.20698 0.23646 0.26342 0.28754 0.30856 0.32627 0.34054 0.35128 0.35855 0.36255 0.36371 0.36266 0.36025 0.35741 0.3551
0.85534 0.65811 0.37476 0.3067 0.29901 0.22796 0.32588 0.48071 0.59446 0.59925 0.56837 0.47639 0.41271 0.3847 0.37869 0.38214 0.38586 0.3834 0.37072 0.34662 0.31347 0.27584 0.2371 0.19848 0.16029 0.12268 0.085886 0.050851 0.02449 0.036794 0.069129 0.10373 0.13817 0.17159 0.20338 0.23304 0.26018 0.28444 0.30556 0.32335 0.33765 0.34838 0.3556 0.35953 0.36059 0.35945 0.35695 0.35405 0.35172
0.76965 0.64801 0.33804 0.28726 0.34338 0.28107 0.34773 0.47701 0.5799 0.58326 0.55428 0.46654 0.40643 0.38076 0.37604 0.3801 0.38398 0.38143 0.36855 0.34426 0.31102 0.27343 0.23484 0.19645 0.15855 0.12117 0.084406 0.048614 0.017966 0.030831 0.064789 0.099865 0.13451 0.16807 0.19999 0.22979 0.25705 0.28142 0.30263 0.32046 0.33477 0.34547 0.35262 0.35646 0.35741 0.35615 0.35355 0.35057 0.34821
0.65326 0.6226 0.28601 0.26773 0.3838 0.32564 0.36783 0.47273 0.56377 0.5647 0.53711 0.45417 0.39854 0.37594 0.37295 0.37782 0.38197 0.37939 0.36637 0.34195 0.30868 0.27118 0.2328 0.19472 0.15719 0.12019 0.083689 0.047681 0.013388 0.02609 0.061223 0.09651 0.13122 0.16482 0.19682 0.2267 0.25404 0.27848 0.29975 0.31761 0.3319 0.34255 0.34961 0.35333 0.35416 0.35277 0.35004 0.34698 0.34458
0.54669 0.59669 0.23603 0.26205 0.41887 0.36079 0.38407 0.46714 0.54607 0.54381 0.51713 0.43951 0.38921 0.37034 0.36946 0.37532 0.37983 0.37728 0.36417 0.33967 0.30642 0.26907 0.23095 0.19325 0.15616 0.11967 0.083656 0.047967 0.012442 0.02305 0.058476 0.093671 0.12829 0.16185 0.19385 0.22376 0.25115 0.27564 0.29693 0.31479 0.32904 0.33962 0.34658 0.35017 0.35084 0.34931 0.34645 0.34329 0.34084
0.4863 0.58533 0.22371 0.28419 0.44774 0.38611 0.39522 0.45968 0.52683 0.5208 0.49459 0.42276 0.37858 0.36406 0.36562 0.37263 0.37757 0.3751 0.36195 0.33742 0.30424 0.26708 0.22927 0.19199 0.15544 0.11955 0.084216 0.049301 0.015356 0.022134 0.056571 0.091345 0.12572 0.15915 0.19108 0.22099 0.24839 0.27289 0.29418 0.31201 0.3262 0.33669 0.34352 0.34696 0.34747 0.34577 0.34277 0.3395 0.33699
0.48121 0.59776 0.27361 0.33486 0.46965 0.40155 0.40067 0.45 0.50613 0.49592 0.46974 0.40416 0.36685 0.3572 0.36149 0.36977 0.3752 0.37285 0.35969 0.33518 0.30211 0.26518 0.22773 0.19092 0.15496 0.11978 0.085269 0.051465 0.02023 0.023342 0.055501 0.089522 0.1235 0.1567 0.18852 0.21836 0.24574 0.27022 0.29149 0.30927 0.32338 0.33376 0.34045 0.34372 0.34405 0.34218 0.33901 0.33561 0.33304
0.51294 0.63408 0.36386 0.40226 0.4838 0.40748 0.40036 0.438 0.48409 0.46939 0.44283 0.38394 0.35419 0.34989 0.35712 0.36676 0.37272 0.37053 0.3574 0.33294 0.30002 0.26335 0.22629 0.19 0.15468 0.12028 0.086718 0.05424 0.025745 0.026169 0.055224 0.088183 0.12162 0.15452 0.18615 0.21589 0.24321 0.26765 0.28886 0.30657 0.32058 0.33083 0.33736 0.34045 0.34059 0.33852 0.33518 0.33164 0.329
0.56076 0.68719 0.46521 0.4729 0.48942 0.40456 0.39459 0.42376 0.46093 0.44148 0.41411 0.36233 0.34081 0.34225 0.35257 0.36362 0.37014 0.36813 0.35506 0.33068 0.29794 0.26158 0.22494 0.1892 0.15457 0.121 0.08847 0.057428 0.031383 0.029987 0.055665 0.087303 0.12006 0.15257 0.18397 0.21357 0.2408 0.26516 0.2863 0.30391 0.31781 0.32791 0.33427 0.33715 0.33708 0.3348 0.33127 0.32759 0.32486
0.61685 0.74731 0.56098 0.53677 0.48595 0.39374 0.38397 0.40754 0.4369 0.41243 0.38381 0.33957 0.32692 0.33438 0.34789 0.36039 0.36747 0.36565 0.35266 0.3284 0.29587 0.25984 0.22365 0.18849 0.15458 0.12189 0.090441 0.060871 0.036942 0.034324 0.056731 0.08685 0.11882 0.15086 0.18198 0.2114 0.2385 0.26276 0.2838 0.30131 0.31507 0.325 0.33116 0.33383 0.33353 0.33103 0.3273 0.32347 0.32064
0.68105 0.80511 0.64266 0.58767 0.47325 0.37618 0.36927 0.38975 0.41234 0.38254 0.35217 0.31592 0.31273 0.32643 0.34314 0.35707 0.36472 0.3631 0.35021 0.32609 0.2938 0.25811 0.2224 0.18784 0.15468 0.12289 0.092557 0.064445 0.042334 0.038887 0.058312 0.086788 0.11787 0.14938 0.18017 0.20937 0.23631 0.26045 0.28137 0.29874 0.31235 0.3221 0.32806 0.3305 0.32995 0.32721 0.32327 0.31927 0.31634
0.75032 0.85303 0.7064 0.62257 0.45168 0.35319 0.3514 0.37088 0.38764 0.35213 0.31941 0.29166 0.29848 0.31851 0.33838 0.3537 0.36189 0.36047 0.3477 0.32373 0.2917 0.25638 0.22116 0.18723 0.15483 0.12396 0.094756 0.068058 0.047519 0.043507 0.060305 0.087076 0.11719 0.14812 0.17852 0.20747 0.23423 0.25823 0.27901 0.29623 0.30967 0.31922 0.32495 0.32715 0.32635 0.32335 0.31919 0.315 0.31197
0.8148 0.88564 0.75143 0.64097 0.4221 0.32616 0.33131 0.35153 0.36324 0.32155 0.28575 0.26708 0.28441 0.31074 0.33365 0.35029 0.35899 0.35776 0.34511 0.32132 0.28956 0.25464 0.21992 0.18662 0.155 0.12507 0.096983 0.071641 0.052476 0.048083 0.06261 0.087674 0.11676 0.14705 0.17705 0.20571 0.23227 0.25609 0.27671 0.29376 0.30701 0.31635 0.32184 0.32378 0.32271 0.31945 0.31505 0.31067 0.30752
0.86015 0.89974 0.77904 0.64426 0.3858 0.29644 0.30991 0.3323 0.33965 0.29121 0.25141 0.24249 0.27077 0.30323 0.32901 0.34686 0.35603 0.35498 0.34246 0.31886 0.28739 0.25286 0.21866 0.18601 0.15517 0.12617 0.099195 0.075144 0.057196 0.052557 0.065141 0.088539 0.11656 0.14618 0.17572 0.20408 0.2304 0.25403 0.27447 0.29134 0.30439 0.31351 0.31875 0.32041 0.31906 0.31552 0.31086 0.30628 0.303
0.87235 0.8943 0.79171 0.63511 0.34436 0.26532 0.28804 0.3138 0.31743 0.26162 0.2166 0.21829 0.25782 0.2961 0.3245 0.34343 0.35301 0.35213 0.33974 0.31633 0.28516 0.25105 0.21737 0.18536 0.15531 0.12725 0.10136 0.078532 0.061677 0.056893 0.067828 0.089632 0.11658 0.14548 0.17455 0.20257 0.22864 0.25206 0.2723 0.28898 0.30181 0.31068 0.31566 0.31704 0.31539 0.31156 0.30663 0.30183 0.29843
