0.24647 0.42647 0.61159 0.63289 0.43689 0.12801 0.18485 0.311 0.30637 0.23744 0.14935 0.11748 0.16255 0.205 0.21368 0.20398 0.19465 0.19026 0.19183 0.19731 0.20321 0.20616 0.20379 0.1951 0.18061 0.16246 0.14425 0.13057 0.12541 0.12963 0.14036 0.15346 0.16583 0.17625 0.18488 0.1922 0.19882 0.20535 0.21244 0.22072 0.23077 0.24312 0.2582 0.27639 0.29796 0.32314 0.3521 0.38496 0.42178
0.31405 0.10584 0.086704 0.12801 0.11295 0.18545 0.29466 0.33521 0.30139 0.22531 0.12608 0.03376 0.063568 0.12131 0.16976 0.20854 0.24302 0.27157 0.29305 0.30693 0.31309 0.31175 0.30342 0.28894 0.26955 0.24691 0.22291 0.19944 0.178 0.15939 0.14358 0.12987 0.11736 0.10553 0.094084 0.082747 0.071364 0.05992 0.048509 0.037307 0.026681 0.01784 0.015179 0.022481 0.035634 0.052539 0.073296 0.098541 0.12899
0.23118 0.076846 0.019576 0.1994 0.41004 0.54659 0.51075 0.42472 0.32876 0.25759 0.22199 0.19963 0.20832 0.24269 0.26985 0.28996 0.31146 0.33227 0.35125 0.36765 0.3807 0.38954 0.39322 0.39094 0.38222 0.36718 0.34648 0.32121 0.29261 0.26186 0.22996 0.19781 0.16638 0.13682 0.10985 0.08557 0.064006 0.045768 0.033399 0.032217 0.042494 0.058475 0.077039 0.097317 0.11925 0.14307 0.16922 0.19818 0.23052
0.35909 0.27194 0.37854 0.51697 0.36152 0.084743 0.10406 0.1233 0.076944 0.027057 0.014094 0.036306 0.056227 0.078573 0.096769 0.11346 0.13327 0.15543 0.17886 0.20256 0.22567 0.24741 0.26699 0.28373 0.29698 0.30633 0.31165 0.31303 0.31079 0.30527 0.29684 0.28588 0.27319 0.2603 0.24875 0.23935 0.23247 0.22828 0.22694 0.2286 0.2334 0.24149 0.25304 0.26823 0.28724 0.31023 0.33739 0.36885 0.40469
0.46853 0.37689 0.19227 0.065094 0.29427 0.43994 0.47062 0.50091 0.50967 0.50863 0.49409 0.40498 0.32286 0.2655 0.20484 0.15333 0.11524 0.086039 0.063988 0.049258 0.043092 0.045282 0.052932 0.06325 0.07483 0.087036 0.099419 0.11148 0.12264 0.13228 0.13982 0.14481 0.14723 0.14774 0.14733 0.14685 0.14697 0.14837 0.15168 0.15753 0.16647 0.17895 0.19532 0.21584 0.24071 0.27008 0.30407 0.34275 0.38609
0.41713 0.35114 0.4753 0.63201 0.57149 0.38945 0.1747 0.086898 0.12106 0.18274 0.24282 0.24372 0.21696 0.18904 0.1513 0.11526 0.084854 0.057933 0.034525 0.015242 0.0037224 0.013068 0.022052 0.029668 0.036897 0.044427 0.052425 0.060584 0.06829 0.074797 0.079365 0.08139 0.0806 0.077238 0.071824 0.064899 0.057176 0.049917 0.045428 0.046884 0.056078 0.072127 0.093446 0.11906 0.14854 0.18177 0.21879 0.25967 0.30446
0.28676 0.26666 0.29653 0.54471 0.70468 0.8355 0.77769 0.67345 0.57059 0.50499 0.45939 0.36718 0.29751 0.26042 0.22123 0.18455 0.15474 0.12961 0.11 0.097258 0.091753 0.092346 0.09705 0.10397 0.11169 0.11929 0.1262 0.13213 0.13697 0.14064 0.14304 0.14407 0.14382 0.14284 0.1418 0.14113 0.14102 0.14166 0.14323 0.14594 0.15006 0.15586 0.16367 0.17379 0.18658 0.20238 0.22157 0.24453 0.27165
0.40602 0.43925 0.48326 0.54057 0.62048 0.63332 0.50066 0.40104 0.35744 0.37952 0.44571 0.45474 0.43609 0.40864 0.34268 0.27092 0.21386 0.17119 0.1427 0.12725 0.12184 0.12235 0.12522 0.12828 0.13049 0.1316 0.13169 0.13098 0.12969 0.12792 0.1257 0.12296 0.11977 0.1165 0.11357 0.11108 0.10898 0.10712 0.10536 0.10361 0.10181 0.10006 0.098589 0.097929 0.098961 0.10296 0.11147 0.12592 0.14736
0.18566 0.23716 0.41626 0.49972 0.40611 0.29993 0.19811 0.17816 0.21389 0.26726 0.32189 0.3265 0.32285 0.32796 0.30871 0.27747 0.24715 0.21689 0.18752 0.16021 0.13589 0.11512 0.098156 0.085081 0.075777 0.069868 0.066723 0.065627 0.065998 0.067451 0.069721 0.072524 0.075569 0.078696 0.081812 0.084714 0.087142 0.088855 0.089673 0.089514 0.088438 0.086736 0.085076 0.08468 0.087415 0.095477 0.11065 0.13373 0.16476
0.17265 0.26151 0.17561 0.18264 0.60867 0.77254 0.59225 0.40022 0.28065 0.23054 0.21634 0.1954 0.18869 0.1932 0.18269 0.1642 0.14664 0.12938 0.11177 0.093561 0.07519 0.057689 0.042383 0.030569 0.023019 0.019349 0.018542 0.020847 0.027359 0.037953 0.051485 0.066656 0.082352 0.097939 0.11326 0.12831 0.14312 0.15776 0.17237 0.18714 0.20235 0.21831 0.23542 0.25413 0.27497 0.29847 0.32518 0.35563 0.39026
0.49955 0.22265 0.17602 0.53696 0.77984 0.72924 0.47378 0.34859 0.31391 0.31566 0.31065 0.23431 0.14308 0.064676 0.032735 0.062396 0.083631 0.092746 0.092946 0.0873 0.078869 0.07126 0.068524 0.073182 0.084194 0.0986 0.11396 0.12899 0.14322 0.15665 0.16935 0.18132 0.19263 0.20383 0.21568 0.22861 0.24275 0.25815 0.27485 0.29289 0.31236 0.33339 0.35616 0.38084 0.40767 0.43686 0.46863 0.50318 0.54064
0.20867 0.21139 0.38854 0.45566 0.58763 0.79072 0.7817 0.72912 0.68705 0.68123 0.67519 0.55782 0.43767 0.35258 0.27664 0.22797 0.2075 0.2031 0.20674 0.21354 0.22084 0.22748 0.23318 0.23817 0.24284 0.24759 0.25274 0.25843 0.26463 0.27114 0.27752 0.28325 0.28809 0.29272 0.29816 0.30492 0.31317 0.32293 0.33423 0.3471 0.36162 0.37788 0.39603 0.41621 0.43861 0.46343 0.49084 0.52103 0.55411
0.28756 0.27839 0.21167 0.11972 0.0774 0.1081 0.1928 0.31181 0.42944 0.52627 0.56492 0.4579 0.32499 0.22556 0.16807 0.16358 0.18194 0.20071 0.21422 0.22203 0.22513 0.22491 0.22303 0.22127 0.22128 0.22425 0.23059 0.2399 0.25117 0.26307 0.27422 0.28338 0.2899 0.29433 0.29776 0.30089 0.30406 0.30748 0.31135 0.31588 0.32129 0.32781 0.33575 0.34541 0.35716 0.37141 0.3886 0.40916 0.43351
0.56729 0.60866 0.36707 0.24864 0.37536 0.62999 0.70487 0.66791 0.58354 0.50989 0.45128 0.36381 0.318 0.30964 0.28874 0.26029 0.23484 0.21031 0.18516 0.15796 0.12768 0.09408 0.058157 0.026792 0.037865 0.075139 0.11373 0.14977 0.18167 0.20841 0.22931 0.24395 0.25247 0.25607 0.25638 0.2545 0.25108 0.24655 0.24122 0.23535 0.22918 0.22298 0.21709 0.21199 0.20836 0.20715 0.20958 0.21706 0.23094
0.43091 0.16783 0.13897 0.28082 0.40142 0.4512 0.32917 0.2359 0.2384 0.27926 0.30744 0.28107 0.26605 0.28248 0.29061 0.28821 0.2833 0.27434 0.2618 0.24684 0.23085 0.21536 0.20214 0.19312 0.18987 0.19285 0.20104 0.21237 0.22446 0.23521 0.24299 0.24669 0.24605 0.24189 0.23548 0.22758 0.21855 0.20858 0.1977 0.18587 0.17297 0.15879 0.14304 0.12536 0.10532 0.082511 0.056623 0.028492 0.019259
0.24517 0.3128 0.43813 0.52291 0.45934 0.37536 0.27107 0.21011 0.18137 0.18171 0.20527 0.21889 0.23969 0.27147 0.28405 0.28539 0.28821 0.2917 0.29536 0.2988 0.30165 0.30355 0.30421 0.30357 0.30169 0.29885 0.29535 0.29136 0.28683 0.28149 0.27486 0.26647 0.25633 0.24528 0.23436 0.22405 0.21447 0.2056 0.19739 0.18974 0.18257 0.17575 0.1692 0.1629 0.15695 0.15174 0.14806 0.14726 0.15126
0.32809 0.38398 0.30407 0.20194 0.11889 0.10751 0.099329 0.1033 0.11562 0.12745 0.1352 0.12515 0.12164 0.13005 0.13526 0.14135 0.15483 0.17456 0.19804 0.22239 0.24518 0.26473 0.27999 0.29048 0.29615 0.29733 0.29463 0.28875 0.28037 0.27002 0.25805 0.24478 0.23075 0.21714 0.20508 0.19507 0.18727 0.18168 0.17827 0.17697 0.17771 0.18038 0.18488 0.19113 0.1991 0.20887 0.22061 0.23465 0.25144
0.34269 0.10477 0.10044 0.15253 0.13896 0.066574 0.04546 0.079225 0.10151 0.11753 0.12838 0.1137 0.092427 0.076653 0.070273 0.079775 0.099482 0.12254 0.14577 0.16756 0.18698 0.2035 0.21674 0.22637 0.23213 0.23385 0.2316 0.22564 0.21643 0.20453 0.19053 0.17513 0.15927 0.14431 0.13151 0.12165 0.11526 0.11271 0.11416 0.11953 0.12852 0.14072 0.15575 0.1733 0.19317 0.21524 0.23949 0.26595 0.29471
0.31688 0.35449 0.46816 0.43618 0.24623 0.11815 0.061794 0.0083405 0.073529 0.15755 0.24134 0.26908 0.2657 0.25601 0.22677 0.1966 0.17613 0.16291 0.15526 0.15215 0.15287 0.15661 0.16224 0.1683 0.17324 0.17571 0.17478 0.17006 0.16156 0.14964 0.13477 0.11759 0.098894 0.079691 0.06076 0.042666 0.02691 0.020347 0.03067 0.048985 0.070229 0.093417 0.1184 0.14522 0.17397 0.20476 0.23766 0.27273 0.30998
0.17448 0.13722 0.24017 0.20678 0.2313 0.55311 0.59455 0.5296 0.45424 0.40683 0.37374 0.30058 0.24404 0.2128 0.17848 0.14541 0.11796 0.095567 0.080873 0.076959 0.083443 0.096201 0.111 0.12503 0.13655 0.14456 0.14863 0.14876 0.1453 0.13877 0.12974 0.1188 0.10668 0.094347 0.082751 0.072693 0.065213 0.061786 0.063891 0.072076 0.08575 0.10394 0.1259 0.15117 0.17952 0.21081 0.24498 0.28195 0.32161
0.30846 0.27836 0.10252 0.40132 0.75935 0.87036 0.66792 0.4784 0.3527 0.26227 0.16174 0.050838 0.072785 0.12258 0.13368 0.11811 0.093361 0.06754 0.048895 0.046685 0.059111 0.076107 0.092449 0.10625 0.11681 0.12397 0.12798 0.1294 0.12892 0.1272 0.12474 0.1218 0.11861 0.11559 0.11327 0.11195 0.11194 0.11359 0.11737 0.12375 0.13314 0.14587 0.16211 0.18196 0.20545 0.23255 0.2632 0.29732 0.33473
0.30891 0.22382 0.25502 0.48305 0.58051 0.46659 0.21957 0.21198 0.32605 0.39368 0.41034 0.34807 0.29622 0.27244 0.23933 0.20353 0.17384 0.1494 0.13037 0.11679 0.10815 0.10332 0.10073 0.098836 0.096536 0.09343 0.089875 0.086833 0.085497 0.086721 0.09053 0.096137 0.10249 0.10894 0.11534 0.12172 0.12822 0.13509 0.14268 0.15139 0.16165 0.1739 0.18852 0.20586 0.22623 0.24985 0.27687 0.30737 0.3413
0.27767 0.21929 0.19979 0.041266 0.35694 0.68032 0.72151 0.66556 0.60978 0.59782 0.60023 0.51095 0.41569 0.34421 0.26937 0.21115 0.17472 0.15151 0.13571 0.12364 0.11315 0.10299 0.092353 0.080613 0.067329 0.052399 0.036336 0.021504 0.01829 0.031696 0.049172 0.066321 0.081839 0.095431 0.10739 0.11813 0.12807 0.13762 0.14719 0.15722 0.16813 0.18037 0.19434 0.21045 0.22906 0.25049 0.27499 0.30271 0.33373
0.30657 0.25315 0.31393 0.2447 0.23688 0.30055 0.22482 0.20903 0.27806 0.35908 0.40988 0.35571 0.27056 0.19448 0.1294 0.099762 0.10021 0.10963 0.11764 0.12162 0.12142 0.11752 0.11052 0.10107 0.089929 0.078144 0.067246 0.05936 0.056711 0.060056 0.067868 0.07774 0.087832 0.097324 0.10613 0.11441 0.12237 0.13028 0.13845 0.14722 0.15695 0.16802 0.1808 0.19565 0.2129 0.23282 0.25566 0.28156 0.31056
0.34677 0.36347 0.43019 0.5174 0.47565 0.39531 0.29287 0.25562 0.26657 0.30877 0.34299 0.29636 0.22442 0.15735 0.098281 0.076059 0.087823 0.10787 0.12551 0.13851 0.14666 0.15022 0.14971 0.14584 0.13952 0.13178 0.12372 0.11632 0.11036 0.10624 0.10393 0.10304 0.10309 0.10387 0.10539 0.1076 0.1105 0.11418 0.11881 0.12464 0.13197 0.14111 0.15235 0.16597 0.1822 0.20118 0.22305 0.24784 0.27552
0.327 0.22743 0.2874 0.40243 0.38814 0.31107 0.31627 0.34219 0.33394 0.32806 0.3318 0.29426 0.25588 0.22923 0.19581 0.16983 0.15834 0.15707 0.16181 0.16873 0.17496 0.17869 0.17911 0.17619 0.17038 0.16248 0.15337 0.14387 0.1346 0.12595 0.11805 0.11084 0.10433 0.098698 0.094189 0.090866 0.088768 0.08803 0.0889 0.091708 0.096795 0.10444 0.11483 0.12804 0.14406 0.16284 0.18431 0.20837 0.23493
0.072497 0.17014 0.16486 0.45148 0.68105 0.64846 0.42358 0.24777 0.13673 0.092705 0.10269 0.10688 0.10763 0.12072 0.13584 0.14954 0.16304 0.1745 0.18348 0.18984 0.19337 0.19385 0.19128 0.18588 0.17814 0.16867 0.15814 0.14712 0.13601 0.12503 0.11424 0.10363 0.093282 0.083499 0.074579 0.066654 0.059899 0.05473 0.051874 0.052225 0.05641 0.064458 0.075942 0.090331 0.10721 0.12628 0.14736 0.17035 0.19515
0.78203 0.62262 0.41426 0.28974 0.37747 0.39767 0.28572 0.17161 0.076343 0.033091 0.063469 0.072377 0.072079 0.090276 0.11984 0.14784 0.17122 0.18745 0.19658 0.19978 0.19846 0.19389 0.18707 0.17877 0.16953 0.15978 0.14976 0.1396 0.1293 0.11878 0.10789 0.096546 0.084799 0.07296 0.06127 0.049721 0.038227 0.026834 0.016327 0.011699 0.019561 0.032687 0.04764 0.063794 0.080998 0.099212 0.11844 0.13873 0.16016
0.59653 0.41157 0.14616 0.059491 0.063512 0.091303 0.20457 0.23379 0.20703 0.18447 0.19031 0.19584 0.20739 0.2248 0.22601 0.22044 0.21692 0.21262 0.20606 0.19714 0.18664 0.17565 0.16511 0.15569 0.14762 0.14075 0.13466 0.12883 0.12273 0.11592 0.10807 0.099028 0.08893 0.078237 0.067413 0.056705 0.046304 0.036602 0.028576 0.024391 0.026446 0.034018 0.044683 0.056965 0.070217 0.084165 0.098725 0.11394 0.12996
0.32263 0.27015 0.45888 0.58404 0.54691 0.47384 0.33514 0.20654 0.072433 0.06842 0.20147 0.278 0.31118 0.32791 0.30836 0.27497 0.24511 0.21806 0.19323 0.17054 0.15047 0.13386 0.12158 0.11407 0.11094 0.11099 0.11266 0.11451 0.11545 0.11478 0.11211 0.10731 0.10062 0.092722 0.084375 0.076093 0.068278 0.061352 0.055816 0.052223 0.051031 0.052387 0.056025 0.061418 0.068012 0.075379 0.083294 0.091752 0.101
0.088699 0.19536 0.05058 0.30175 0.53545 0.72903 0.67093 0.54707 0.44928 0.42211 0.44972 0.4356 0.41273 0.3944 0.34504 0.28801 0.23947 0.19699 0.15936 0.1261 0.097408 0.074515 0.060099 0.057016 0.063855 0.075522 0.088008 0.099196 0.10802 0.11393 0.11666 0.11619 0.11288 0.10755 0.10115 0.094347 0.087583 0.081229 0.0756 0.070961 0.067495 0.065263 0.06417 0.063983 0.064386 0.06508 0.065906 0.066983 0.068872
0.34056 0.44313 0.50377 0.65956 0.82203 0.95114 0.84592 0.69505 0.57657 0.5339 0.54077 0.49265 0.44386 0.40876 0.34741 0.28238 0.22821 0.18153 0.14059 0.1043 0.071787 0.042377 0.01615 0.013232 0.035441 0.056907 0.076312 0.093093 0.10676 0.11692 0.12328 0.12578 0.12473 0.12101 0.11564 0.10937 0.10268 0.095908 0.089334 0.083138 0.077422 0.072186 0.067321 0.0626 0.057704 0.052262 0.045961 0.038784 0.031686
0.55556 0.42364 0.35428 0.36242 0.57314 0.66429 0.47652 0.26881 0.18576 0.25913 0.36177 0.38963 0.38256 0.36887 0.32191 0.26658 0.21962 0.1796 0.14569 0.1173 0.094019 0.075893 0.063903 0.059837 0.064329 0.075234 0.0893 0.10389 0.11716 0.12787 0.13519 0.13867 0.13842 0.13521 0.13008 0.12377 0.11674 0.10934 0.10181 0.094328 0.086979 0.079771 0.072622 0.065365 0.057752 0.049496 0.040374 0.030554 0.021987
0.32228 0.2092 0.16538 0.40546 0.55462 0.59143 0.4312 0.26477 0.16197 0.1602 0.22394 0.26656 0.28559 0.29144 0.26313 0.223 0.18797 0.15877 0.13556 0.11811 0.10587 0.098178 0.094524 0.094717 0.09872 0.10621 0.11627 0.1275 0.13839 0.14759 0.15402 0.15699 0.15639 0.15293 0.1476 0.14109 0.13386 0.12622 0.11844 0.1107 0.10316 0.095925 0.089081 0.082715 0.076966 0.072102 0.068638 0.067437 0.069677
0.13984 0.27246 0.50697 0.55287 0.42919 0.38873 0.30539 0.18457 0.09593 0.10717 0.16452 0.1963 0.20807 0.20943 0.18558 0.1536 0.1264 0.10551 0.092239 0.087173 0.089259 0.096072 0.10525 0.11536 0.12583 0.13651 0.14723 0.15761 0.16697 0.17454 0.17952 0.18131 0.17981 0.17572 0.17005 0.16347 0.15639 0.14913 0.14192 0.13501 0.12859 0.12286 0.11802 0.11429 0.11191 0.11118 0.11247 0.11618 0.12274
0.34977 0.41186 0.50458 0.44874 0.25091 0.33002 0.3186 0.21683 0.13353 0.13099 0.16637 0.17275 0.16446 0.15222 0.12446 0.092612 0.063628 0.038071 0.024849 0.038993 0.063675 0.089047 0.11268 0.13371 0.1519 0.16741 0.18052 0.19143 0.20017 0.20651 0.2101 0.21057 0.20796 0.20308 0.19703 0.19047 0.18378 0.17723 0.17104 0.16543 0.16062 0.1568 0.15418 0.15296 0.15336 0.15559 0.15987 0.16642 0.17545
0.18315 0.19398 0.27123 0.47507 0.63608 0.63998 0.4913 0.35461 0.25396 0.20436 0.19021 0.16789 0.14924 0.13545 0.11321 0.090388 0.071198 0.055696 0.049927 0.060904 0.083894 0.1111 0.13817 0.16292 0.18431 0.20206 0.21631 0.22735 0.23545 0.2407 0.24299 0.24216 0.23839 0.23266 0.22616 0.21959 0.21328 0.20746 0.20231 0.19799 0.1947 0.19258 0.19182 0.19257 0.195 0.19926 0.20548 0.21381 0.22435
0.28366 0.3255 0.34436 0.42152 0.53125 0.57678 0.44176 0.29124 0.18007 0.13296 0.13387 0.12929 0.12075 0.11722 0.11268 0.11112 0.11294 0.11559 0.12012 0.12901 0.14348 0.16245 0.18353 0.20441 0.2234 0.23959 0.25266 0.2626 0.26954 0.27356 0.27459 0.27253 0.26765 0.26106 0.25409 0.24743 0.24141 0.2362 0.23192 0.2287 0.22666 0.22591 0.22659 0.2288 0.23267 0.23829 0.24578 0.2552 0.26663
0.25526 0.22498 0.073979 0.10029 0.28606 0.41607 0.34404 0.20718 0.084878 0.0016436 0.046846 0.053107 0.045728 0.065353 0.10012 0.13013 0.15392 0.17139 0.1844 0.19551 0.2069 0.21965 0.2337 0.2482 0.26213 0.27459 0.285 0.29301 0.29847 0.30124 0.30113 0.29802 0.2922 0.2849 0.27751 0.27078 0.26501 0.26031 0.25676 0.25443 0.25339 0.25371 0.25546 0.25871 0.26356 0.27006 0.2783 0.28833 0.30021
0.26795 0.13893 0.098107 0.23405 0.35973 0.41634 0.32729 0.21098 0.11451 0.058607 0.058585 0.068757 0.083396 0.11905 0.15729 0.18783 0.21262 0.23073 0.24313 0.25174 0.25867 0.26557 0.27331 0.282 0.29115 0.30006 0.30798 0.31429 0.31854 0.32036 0.31946 0.31563 0.3092 0.30145 0.29387 0.28722 0.28176 0.27758 0.27471 0.27315 0.27293 0.27406 0.27658 0.28053 0.28597 0.29294 0.30153 0.31177 0.32372
0.28522 0.29761 0.36139 0.42222 0.42474 0.40661 0.30244 0.23601 0.20411 0.20033 0.22566 0.23661 0.24727 0.26874 0.27692 0.27906 0.28355 0.28695 0.28824 0.28805 0.28775 0.28867 0.29163 0.29673 0.30342 0.31077 0.31777 0.32352 0.32736 0.32884 0.32762 0.32351 0.3169 0.30912 0.30169 0.29539 0.29044 0.2869 0.28473 0.2839 0.28437 0.28612 0.28914 0.29347 0.29913 0.3062 0.31474 0.32483 0.33657
0.34496 0.24532 0.22631 0.021501 0.22519 0.16857 0.094043 0.21337 0.2887 0.34448 0.40157 0.4039 0.39866 0.40491 0.38522 0.3573 0.33652 0.31954 0.30514 0.29356 0.28571 0.28238 0.28368 0.2889 0.29666 0.30534 0.31352 0.32011 0.32445 0.32618 0.32509 0.32115 0.31482 0.30747 0.30064 0.29505 0.29091 0.28819 0.28682 0.2867 0.28775 0.28991 0.29317 0.29753 0.30305 0.30981 0.31793 0.32754 0.33877
0.67354 0.5233 0.53026 0.53271 0.48647 0.42286 0.31798 0.30371 0.33602 0.39921 0.48051 0.49254 0.48542 0.48324 0.44328 0.39142 0.34848 0.31256 0.28351 0.26225 0.24987 0.24661 0.25123 0.26127 0.27386 0.2865 0.29747 0.30578 0.31107 0.31332 0.31264 0.3092 0.30357 0.29715 0.29138 0.28693 0.28391 0.28224 0.28177 0.28234 0.28384 0.28619 0.28936 0.29338 0.29834 0.30437 0.31166 0.32042 0.33088
0.20651 0.19749 0.4184 0.59439 0.62401 0.52579 0.33788 0.25917 0.27516 0.35127 0.46007 0.50059 0.5066 0.50294 0.44962 0.37994 0.31897 0.26689 0.22538 0.1973 0.18521 0.18853 0.20281 0.22228 0.24227 0.25993 0.27385 0.28366 0.2896 0.29216 0.29186 0.28912 0.28459 0.27957 0.27536 0.27246 0.2709 0.27047 0.27097 0.27218 0.27395 0.27619 0.2789 0.28213 0.28605 0.29087 0.29688 0.30442 0.31385
0.13856 0.058633 0.022868 0.2782 0.47591 0.36697 0.12033 0.046714 0.15983 0.27956 0.42049 0.48795 0.50452 0.49756 0.43265 0.34854 0.27213 0.20443 0.1483 0.11101 0.10346 0.12297 0.15343 0.18426 0.21099 0.23203 0.24717 0.25702 0.26257 0.26485 0.26474 0.26283 0.25977 0.25664 0.25447 0.25355 0.25374 0.25472 0.25619 0.25791 0.25969 0.26146 0.26325 0.26519 0.26752 0.27058 0.27483 0.28076 0.2889
0.37065 0.31877 0.43707 0.5907 0.57251 0.41562 0.22751 0.1686 0.20313 0.30564 0.44672 0.51078 0.52016 0.50391 0.42845 0.3346 0.24862 0.16992 0.098107 0.033778 0.029091 0.079515 0.12344 0.15944 0.1873 0.20736 0.22056 0.22828 0.23205 0.23332 0.23319 0.23231 0.23116 0.23046 0.23084 0.2323 0.23448 0.23695 0.23934 0.24135 0.24282 0.2437 0.24407 0.24414 0.24428 0.24498 0.2469 0.25078 0.25739
0.45653 0.42591 0.55814 0.65833 0.47945 0.2233 0.027647 0.18967 0.29969 0.41243 0.54006 0.57451 0.56157 0.53322 0.45106 0.35507 0.27036 0.19561 0.13195 0.085902 0.07377 0.09497 0.12514 0.15232 0.17313 0.18711 0.19508 0.19856 0.19932 0.19903 0.19886 0.1994 0.20076 0.20314 0.2066 0.21079 0.21514 0.2191 0.22225 0.2243 0.2251 0.22465 0.22308 0.22068 0.21796 0.21563 0.21459 0.21594 0.22076
0.13672 0.20767 0.41386 0.49286 0.44379 0.44085 0.37067 0.37884 0.44122 0.53597 0.6423 0.64122 0.60395 0.56615 0.48308 0.39155 0.31451 0.24908 0.19568 0.15737 0.13777 0.13603 0.14485 0.15613 0.165 0.16964 0.17021 0.16805 0.16501 0.16293 0.16306 0.16573 0.17047 0.17667 0.18374 0.19093 0.19751 0.20287 0.20659 0.20841 0.20822 0.20604 0.20206 0.19664 0.1904 0.18427 0.17951 0.17768 0.18044
0.72369 0.52103 0.35293 0.19488 0.30113 0.5137 0.51404 0.5109 0.53936 0.60679 0.68849 0.66185 0.61135 0.57328 0.49856 0.4184 0.35263 0.29657 0.24937 0.21226 0.18658 0.17187 0.16504 0.16174 0.1583 0.15284 0.14523 0.13671 0.1294 0.1256 0.1268 0.13283 0.14215 0.153 0.16409 0.17438 0.18308 0.18965 0.19373 0.19511 0.1937 0.18957 0.18289 0.17405 0.16371 0.15296 0.14346 0.13753 0.1378
0.53605 0.17167 0.32811 0.56415 0.43502 0.35347 0.40502 0.47707 0.52059 0.57507 0.63763 0.6047 0.5601 0.53658 0.48366 0.42386 0.37376 0.3284 0.28698 0.25064 0.22073 0.19754 0.17977 0.16508 0.15109 0.1363 0.12055 0.10513 0.092828 0.087366 0.091104 0.10258 0.11798 0.13413 0.14929 0.16244 0.17298 0.18049 0.18472 0.18554 0.1829 0.17684 0.16752 0.15524 0.14056 0.1245 0.10895 0.09723 0.094118
0.62498 0.71232 0.71746 0.6726 0.33239 0.16167 0.31082 0.38059 0.41067 0.44841 0.49214 0.46908 0.45011 0.45808 0.44132 0.41033 0.37969 0.34647 0.31138 0.27659 0.24422 0.21543 0.19011 0.16712 0.14497 0.12246 0.099189 0.076063 0.056449 0.048438 0.058228 0.078504 0.10104 0.12222 0.14074 0.15609 0.16792 0.17602 0.18025 0.18054 0.17686 0.16926 0.15781 0.1427 0.12425 0.10305 0.080437 0.059867 0.050593
0.58087 0.68073 0.83823 0.91054 0.6927 0.46545 0.31893 0.27201 0.26732 0.27921 0.2907 0.28057 0.30503 0.3606 0.38871 0.38915 0.37801 0.35647 0.3276 0.29494 0.26159 0.22954 0.19953 0.17125 0.14383 0.11627 0.087842 0.058246 0.027937 0.010097 0.037854 0.067689 0.095145 0.11916 0.13943 0.15583 0.16823 0.17652 0.18062 0.18051 0.17617 0.16766 0.15505 0.13845 0.11801 0.093953 0.066571 0.036387 0.0085527
0.10025 0.1293 0.39194 0.73674 0.70101 0.45952 0.22876 0.16247 0.16538 0.15266 0.097369 0.081831 0.18222 0.28837 0.35161 0.37442 0.377 0.36392 0.33989 0.30943 0.27629 0.24302 0.21096 0.18041 0.15101 0.1222 0.093567 0.065451 0.040801 0.032598 0.050229 0.076384 0.10238 0.1257 0.14558 0.16172 0.17389 0.18194 0.1858 0.18542 0.18084 0.17214 0.15944 0.14292 0.12288 0.099747 0.074322 0.048768 0.032207
0.15773 0.2043 0.29884 0.53319 0.57106 0.34671 0.074456 0.10204 0.16611 0.17937 0.15574 0.13611 0.19636 0.28904 0.35047 0.37584 0.38191 0.37201 0.35047 0.32175 0.28964 0.2569 0.22512 0.19501 0.16663 0.13986 0.11492 0.093021 0.077415 0.073221 0.082376 0.10022 0.12089 0.14089 0.15864 0.17337 0.18458 0.19199 0.19544 0.19488 0.19035 0.18197 0.16997 0.15469 0.13665 0.11671 0.096412 0.078802 0.069514
0.19088 0.12104 0.19767 0.45591 0.53784 0.40144 0.20581 0.19539 0.24293 0.28 0.30424 0.2907 0.30149 0.34968 0.3823 0.39312 0.39292 0.38082 0.35919 0.33145 0.30089 0.27 0.24037 0.2128 0.18754 0.16468 0.14454 0.12813 0.11736 0.11437 0.11984 0.13185 0.14711 0.16289 0.17757 0.1901 0.19979 0.20617 0.209 0.2082 0.2038 0.19596 0.18499 0.17134 0.15568 0.13905 0.12305 0.11009 0.1033
0.21803 0.25797 0.29115 0.44481 0.55105 0.53489 0.40057 0.3369 0.33149 0.35927 0.40165 0.39579 0.39536 0.42116 0.42672 0.41757 0.40573 0.3877 0.36391 0.33646 0.30773 0.27968 0.25361 0.23021 0.2096 0.19175 0.17672 0.16504 0.15769 0.15569 0.15929 0.16747 0.17827 0.18991 0.20119 0.21109 0.21883 0.22384 0.2258 0.22457 0.22019 0.21282 0.20278 0.19058 0.17692 0.1628 0.14958 0.13901 0.13301
0.30765 0.24701 0.1525 0.2599 0.40515 0.45623 0.41706 0.37467 0.35025 0.36986 0.42873 0.4455 0.45543 0.47707 0.46544 0.4384 0.41387 0.3884 0.36143 0.3339 0.30724 0.28282 0.26156 0.2438 0.22932 0.21763 0.20837 0.20155 0.19758 0.19696 0.1998 0.20542 0.21266 0.22056 0.22843 0.23549 0.24098 0.24431 0.2451 0.24319 0.23855 0.23135 0.2219 0.21067 0.19833 0.18575 0.17402 0.16443 0.15825
0.24889 0.2468 0.16228 0.1591 0.15747 0.23197 0.30566 0.28895 0.26214 0.29729 0.39581 0.45472 0.48611 0.51097 0.48845 0.44716 0.41125 0.37865 0.3485 0.32093 0.29669 0.27671 0.26156 0.25111 0.24449 0.24049 0.23809 0.23684 0.23676 0.23811 0.24095 0.24487 0.24924 0.25377 0.25834 0.26247 0.26551 0.26688 0.26621 0.26328 0.25804 0.25062 0.24127 0.23043 0.21867 0.20672 0.19545 0.18582 0.17877
0.23312 0.23153 0.26368 0.24459 0.13375 0.17096 0.21014 0.14374 0.090033 0.19472 0.35655 0.45485 0.50068 0.52464 0.49195 0.43902 0.3939 0.35554 0.32287 0.29555 0.27413 0.25952 0.25212 0.25109 0.25444 0.25989 0.26567 0.27086 0.27528 0.27913 0.28253 0.28531 0.28727 0.28874 0.29013 0.29128 0.2917 0.2909 0.28847 0.28418 0.27796 0.26988 0.26013 0.24907 0.23719 0.22507 0.21341 0.20296 0.19444
0.10525 0.16704 0.38753 0.47322 0.38419 0.3198 0.24989 0.16479 0.12217 0.21927 0.37907 0.47248 0.5095 0.52136 0.47589 0.41304 0.36106 0.31858 0.28405 0.25706 0.23873 0.23074 0.23337 0.24444 0.26014 0.27677 0.29184 0.30415 0.3135 0.32016 0.32443 0.32638 0.32622 0.32482 0.32311 0.32126 0.31895 0.31575 0.3113 0.30535 0.29778 0.28861 0.27797 0.26614 0.25349 0.24051 0.22775 0.21581 0.20528
0.63769 0.46661 0.52917 0.698 0.65224 0.54238 0.40635 0.32879 0.30096 0.34816 0.45726 0.50718 0.51416 0.50371 0.4433 0.3724 0.31584 0.27047 0.23387 0.20626 0.19088 0.19147 0.20764 0.23411 0.2643 0.29323 0.31806 0.33765 0.35195 0.36143 0.3666 0.36782 0.36565 0.36147 0.35671 0.35183 0.34669 0.34095 0.33426 0.32637 0.31712 0.30648 0.2945 0.28139 0.26743 0.25299 0.23853 0.22452 0.21149
0.075734 0.10691 0.41512 0.72058 0.71376 0.61424 0.48296 0.42574 0.41671 0.45977 0.53909 0.54202 0.51178 0.47525 0.40066 0.32452 0.26563 0.21774 0.17711 0.14553 0.13207 0.14558 0.18088 0.22572 0.27116 0.31215 0.34618 0.37246 0.39121 0.40316 0.40902 0.4094 0.4052 0.39827 0.39047 0.38255 0.37451 0.3661 0.357 0.34695 0.33575 0.32331 0.30963 0.29482 0.27908 0.26269 0.246 0.22941 0.2134
0.35309 0.30994 0.38642 0.51903 0.45627 0.42043 0.403 0.42721 0.46825 0.53138 0.60008 0.56607 0.50182 0.44175 0.35715 0.28011 0.22194 0.1721 0.12415 0.080073 0.065627 0.10474 0.16466 0.22717 0.28561 0.33647 0.37794 0.40957 0.43181 0.44553 0.45164 0.45093 0.44458 0.43487 0.42402 0.41305 0.40209 0.39094 0.37931 0.36693 0.35357 0.33909 0.32342 0.30658 0.28869 0.26995 0.2506 0.231 0.21156
0.30423 0.30317 0.35333 0.32933 0.15303 0.1085 0.25372 0.38635 0.48769 0.57619 0.64049 0.57775 0.4858 0.40822 0.32039 0.24898 0.19732 0.1506 0.099782 0.041808 0.029412 0.099926 0.17381 0.24565 0.3115 0.3684 0.41461 0.44968 0.47404 0.48861 0.49437 0.49221 0.48356 0.47099 0.45711 0.4431 0.42921 0.41529 0.40108 0.38628 0.37063 0.35394 0.33607 0.31697 0.29668 0.27529 0.25298 0.23 0.20673
0.06479 0.15571 0.29199 0.26022 0.16778 0.15073 0.23843 0.3887 0.51342 0.61119 0.66506 0.57594 0.46139 0.37268 0.28999 0.23307 0.19664 0.16337 0.12731 0.096919 0.1003 0.14694 0.21316 0.28349 0.35021 0.40878 0.45668 0.493 0.51795 0.53233 0.53706 0.53308 0.52191 0.50644 0.48953 0.47253 0.45576 0.43911 0.42231 0.40507 0.38707 0.36808 0.34791 0.32643 0.30359 0.2794 0.25394 0.22737 0.19999
0.1919 0.21596 0.2203 0.093728 0.13264 0.28925 0.36143 0.46032 0.56105 0.64259 0.67277 0.55468 0.41949 0.32413 0.25638 0.22524 0.21293 0.20035 0.1847 0.17452 0.1839 0.21951 0.27445 0.33773 0.40055 0.45706 0.50381 0.53929 0.56332 0.57647 0.57951 0.57332 0.55948 0.54108 0.52118 0.50127 0.48171 0.46241 0.44309 0.42344 0.40313 0.38186 0.35938 0.33551 0.31011 0.28311 0.2545 0.22433 0.19276
0.36906 0.26742 0.26512 0.25935 0.27331 0.40705 0.48823 0.55826 0.61984 0.66662 0.66009 0.50825 0.35004 0.24843 0.20973 0.21971 0.23849 0.24885 0.25191 0.25585 0.27052 0.30179 0.34821 0.40334 0.45982 0.51169 0.55504 0.58789 0.60968 0.62068 0.62145 0.61274 0.59611 0.57479 0.552 0.52931 0.5071 0.48528 0.46357 0.44163 0.41909 0.39563 0.37095 0.3448 0.31698 0.28735 0.2558 0.22229 0.18683
0.12348 0.073605 0.18446 0.24726 0.34778 0.50267 0.59367 0.65017 0.67532 0.68173 0.63342 0.4453 0.25594 0.13648 0.15679 0.22341 0.27356 0.30476 0.32363 0.33873 0.35834 0.38793 0.42819 0.47566 0.52487 0.57059 0.60899 0.63786 0.65638 0.66451 0.66258 0.65113 0.63168 0.60752 0.58199 0.55669 0.53202 0.50786 0.48394 0.45987 0.43529 0.40982 0.38313 0.35493 0.32497 0.29306 0.25903 0.2228 0.18428
0.088943 0.068072 0.063235 0.10487 0.3285 0.5695 0.68633 0.73215 0.72711 0.70028 0.62062 0.40659 0.18955 0.010211 0.15284 0.25504 0.32353 0.36873 0.3991 0.42254 0.44615 0.47487 0.51034 0.55088 0.59268 0.63155 0.66408 0.68811 0.70265 0.70745 0.70255 0.6883 0.66608 0.63922 0.61115 0.58347 0.55656 0.53031 0.50439 0.47843 0.45203 0.42481 0.3964 0.36648 0.3348 0.30112 0.26533 0.22733 0.18715
0.17328 0.2219 0.20117 0.20202 0.37772 0.65984 0.78366 0.81321 0.78586 0.74311 0.6592 0.45066 0.2625 0.18584 0.24412 0.32506 0.39191 0.44164 0.47808 0.50663 0.5327 0.56045 0.59174 0.62597 0.66059 0.69245 0.71873 0.7375 0.74772 0.74896 0.74103 0.72403 0.6992 0.66987 0.63951 0.60972 0.58085 0.55275 0.52511 0.49753 0.46961 0.44094 0.41116 0.37994 0.34704 0.31227 0.27555 0.23697 0.19686
0.47193 0.33622 0.10376 0.22066 0.51191 0.79468 0.88891 0.89426 0.85323 0.81388 0.75363 0.5742 0.42531 0.37074 0.3817 0.4247 0.47647 0.52234 0.55957 0.58989 0.6166 0.64277 0.67007 0.69846 0.72632 0.75137 0.77143 0.78491 0.7908 0.78853 0.77768 0.75813 0.73096 0.69945 0.6671 0.6355 0.60496 0.57533 0.54627 0.51737 0.48824 0.45847 0.42772 0.39567 0.36211 0.32694 0.29021 0.25224 0.2138
0.65471 0.51555 0.35231 0.4345 0.6711 0.92665 0.97538 0.95375 0.90713 0.88506 0.86354 0.71852 0.59555 0.54815 0.52877 0.53819 0.57063 0.60758 0.64148 0.67067 0.69626 0.72007 0.74336 0.7663 0.78789 0.8066 0.82083 0.82932 0.83115 0.82565 0.8122 0.79043 0.76125 0.72791 0.69392 0.66085 0.62898 0.59813 0.56796 0.53808 0.50807 0.47758 0.44626 0.41386 0.38022 0.34532 0.30941 0.27304 0.2374
0.64934 0.57644 0.43055 0.51402 0.74527 0.98476 0.9968 0.95418 0.91151 0.91612 0.93997 0.83455 0.73776 0.70193 0.66658 0.65174 0.66653 0.69285 0.72097 0.7469 0.76991 0.79066 0.80987 0.82774 0.84368 0.85672 0.86575 0.86983 0.86813 0.85988 0.84428 0.82073 0.78998 0.75523 0.71998 0.6858 0.65293 0.6212 0.59025 0.5597 0.52917 0.49832 0.46685 0.43454 0.40133 0.36731 0.33287 0.2988 0.26655
0.51322 0.33496 0.058618 0.36969 0.69268 0.92785 0.91668 0.8652 0.83913 0.87857 0.95166 0.89581 0.83485 0.82099 0.78385 0.7553 0.75699 0.77345 0.79493 0.81636 0.83581 0.85298 0.86811 0.88134 0.89234 0.90053 0.90521 0.90567 0.90117 0.89083 0.87368 0.8489 0.81707 0.78135 0.74525 0.71032 0.67681 0.64452 0.61312 0.58223 0.55152 0.52065 0.4894 0.4576 0.42525 0.39257 0.36008 0.3287 0.29999
0.26108 0.33004 0.26743 0.33193 0.57848 0.76896 0.73394 0.68419 0.68768 0.76796 0.89111 0.89529 0.88201 0.90102 0.87481 0.84249 0.83652 0.84525 0.86041 0.87691 0.89227 0.90562 0.91681 0.92592 0.93277 0.93708 0.93842 0.93624 0.92982 0.91819 0.90019 0.87479 0.84243 0.80621 0.76968 0.73438 0.70058 0.66806 0.63651 0.6056 0.575 0.54445 0.51374 0.48279 0.45167 0.42066 0.39038 0.36183 0.33654
0.20502 0.25595 0.20686 0.28042 0.46206 0.56561 0.49107 0.44184 0.48237 0.60349 0.77194 0.84205 0.88507 0.94448 0.93843 0.91021 0.90153 0.90512 0.91493 0.92667 0.93786 0.94739 0.95494 0.96055 0.96415 0.96566 0.9648 0.96108 0.95375 0.94172 0.92363 0.89828 0.86596 0.82974 0.7932 0.75791 0.72414 0.6917 0.66031 0.62966 0.59947 0.56951 0.53963 0.5098 0.48015 0.45103 0.42309 0.39736 0.37525
0.31755 0.26748 0.062612 0.23859 0.39129 0.41181 0.27752 0.19338 0.26753 0.42017 0.62301 0.75749 0.85807 0.95916 0.9773 0.95794 0.95019 0.95099 0.95672 0.96422 0.97145 0.97739 0.98173 0.98457 0.98592 0.98579 0.98395 0.97989 0.97275 0.96127 0.94391 0.9193 0.88759 0.85186 0.81573 0.78081 0.7474 0.71534 0.68438 0.65425 0.62471 0.59557 0.56675 0.53824 0.51024 0.48312 0.45756 0.43451 0.41529
0.52385 0.39827 0.2731 0.31566 0.38911 0.38134 0.22598 0.05228 0.1003 0.26158 0.48378 0.67087 0.81947 0.95553 0.99607 0.98689 0.98209 0.98187 0.98468 0.98861 0.99227 0.995 0.99669 0.99756 0.99772 0.99719 0.99568 0.99253 0.9867 0.97676 0.96096 0.93778 0.90727 0.87251 0.83719 0.80298 0.77023 0.73882 0.70853 0.67915 0.65047 0.62237 0.59477 0.56774 0.54149 0.51641 0.49316 0.47264 0.45601
0.55874 0.42965 0.36243 0.34948 0.38405 0.39374 0.26627 0.13934 0.090638 0.18507 0.40117 0.61229 0.7867 0.94361 0.99976 0.9992 0.99782 0.99762 0.99843 0.99942 0.99996 0.99993 0.9996 0.99939 0.99948 0.99984 0.99997 0.99901 0.99564 0.9882 0.97479 0.95371 0.92495 0.89162 0.85749 0.82431 0.7925 0.76197 0.73258 0.70415 0.67652 0.6496 0.62336 0.5979 0.57344 0.55039 0.52937 0.51119 0.49686
0.19795 0.23348 0.24575 0.22503 0.31924 0.35487 0.24225 0.14667 0.14237 0.22045 0.40554 0.59935 0.77012 0.93007 0.99245 0.99716 0.99858 0.99877 0.99815 0.99667 0.99449 0.99219 0.99049 0.99013 0.99133 0.99388 0.99701 0.99949 0.99969 0.99571 0.98544 0.9671 0.94062 0.90914 0.87654 0.84469 0.81406 0.78464 0.75634 0.72902 0.70258 0.67696 0.65218 0.62834 0.60569 0.58461 0.56569 0.54966 0.53739
0.024189 0.11752 0.15239 0.054157 0.24371 0.27534 0.14253 0.080373 0.18767 0.30444 0.47229 0.62552 0.76951 0.91691 0.97656 0.98285 0.98591 0.98638 0.98453 0.98082 0.97622 0.97206 0.96969 0.97013 0.97363 0.9797 0.98714 0.99428 0.99911 0.99946 0.99305 0.97802 0.95428 0.92503 0.89428 0.86401 0.83478 0.80666 0.77961 0.75355 0.72841 0.70418 0.68091 0.65872 0.63785 0.61868 0.60174 0.58767 0.57722
0.091921 0.17049 0.20059 0.14169 0.23439 0.25582 0.12955 0.13256 0.26452 0.39704 0.55568 0.66791 0.77626 0.90214 0.95301 0.95802 0.96153 0.96184 0.95861 0.95267 0.94577 0.94012 0.93772 0.93993 0.94692 0.95783 0.97087 0.98382 0.99425 0.9997 0.99778 0.98656 0.96596 0.93927 0.91064 0.88217 0.85453 0.82787 0.80221 0.77751 0.75377 0.731 0.70927 0.68872 0.6696 0.65225 0.63714 0.62486 0.61604
0.30606 0.28795 0.27852 0.26007 0.31159 0.36778 0.30374 0.29293 0.36704 0.48188 0.62633 0.70425 0.77928 0.88193 0.92186 0.9242 0.92725 0.9268 0.92175 0.91329 0.90403 0.89714 0.89533 0.90028 0.91199 0.92901 0.94887 0.96868 0.98554 0.99677 0.99986 0.99286 0.97573 0.95187 0.92558 0.8991 0.87321 0.84814 0.82397 0.80073 0.77845 0.75717 0.737 0.71807 0.70064 0.68501 0.67162 0.66095 0.65357
0.43155 0.34783 0.29573 0.3157 0.41771 0.52635 0.48026 0.43914 0.45986 0.54361 0.66881 0.72033 0.76981 0.8528 0.88313 0.88293 0.885 0.88305 0.87548 0.86396 0.8521 0.84408 0.84345 0.85212 0.86976 0.89416 0.92195 0.94953 0.97352 0.99104 0.99953 0.99707 0.98367 0.96285 0.93908 0.91474 0.89072 0.86734 0.84475 0.82304 0.80226 0.7825 0.76387 0.74653 0.73072 0.71671 0.7049 0.69572 0.68961
0.22347 0.24662 0.14173 0.26223 0.5026 0.66129 0.60492 0.53286 0.51413 0.56969 0.67601 0.70986 0.74335 0.81308 0.83749 0.83597 0.83679 0.83251 0.82149 0.80613 0.7912 0.78207 0.78315 0.79655 0.82135 0.85433 0.89105 0.92713 0.95878 0.98296 0.99711 0.99938 0.98988 0.97226 0.95113 0.92904 0.90699 0.88538 0.86443 0.84428 0.82503 0.80679 0.78969 0.77389 0.75962 0.74715 0.7368 0.72894 0.72397
0.21719 0.22482 0.11168 0.26574 0.57797 0.74156 0.65537 0.5577 0.51667 0.55497 0.64725 0.67248 0.69958 0.76338 0.78657 0.78537 0.78475 0.77719 0.76158 0.74137 0.72268 0.71232 0.71564 0.73482 0.76806 0.81073 0.85721 0.90232 0.94195 0.97296 0.99289 0.99999 0.99449 0.98014 0.96174 0.94197 0.92195 0.90217 0.8829 0.86434 0.84662 0.82989 0.81429 0.79999 0.78719 0.77614 0.76713 0.76048 0.75651
0.29054 0.24957 0.2262 0.40958 0.65261 0.75594 0.62989 0.5158 0.46947 0.50302 0.5872 0.612 0.64138 0.70639 0.73288 0.73348 0.73108 0.71915 0.69765 0.67136 0.64801 0.63612 0.64222 0.66836 0.71132 0.76472 0.82157 0.876 0.92368 0.96153 0.98721 0.99912 0.99761 0.98657 0.97093 0.95353 0.93557 0.91764 0.90008 0.88312 0.86694 0.85169 0.83755 0.82467 0.81326 0.80354 0.79577 0.79021 0.78712
0.18629 0.10874 0.24087 0.55203 0.69902 0.71068 0.54626 0.4241 0.38591 0.42422 0.50405 0.53463 0.57383 0.64625 0.67959 0.68282 0.67805 0.66057 0.63178 0.59794 0.5687 0.5548 0.56429 0.59874 0.65279 0.71777 0.78532 0.84907 0.90465 0.94913 0.98039 0.99699 0.9994 0.99163 0.97875 0.96371 0.94783 0.93177 0.91591 0.90055 0.88587 0.87208 0.85935 0.84783 0.83774 0.82925 0.82261 0.81802 0.8157
0.33607 0.27723 0.3926 0.65525 0.69874 0.6311 0.43661 0.30806 0.28521 0.33208 0.40722 0.44771 0.50323 0.58794 0.63012 0.63592 0.62794 0.60374 0.56626 0.52321 0.48642 0.4697 0.48332 0.52777 0.5943 0.67147 0.7497 0.82243 0.88548 0.93622 0.97274 0.99381 1 0.99542 0.98524 0.97254 0.95873 0.94451 0.93035 0.91656 0.90337 0.89099 0.87961 0.8694 0.86053 0.85318 0.84757 0.84385 0.8422
0.7665 0.57888 0.57782 0.70086 0.65717 0.55057 0.33767 0.19474 0.18699 0.23936 0.30512 0.35892 0.43663 0.53659 0.58772 0.59518 0.58304 0.55118 0.50378 0.44967 0.40303 0.38216 0.40097 0.45761 0.53797 0.62749 0.71592 0.79693 0.86677 0.92319 0.96455 0.98977 0.99954 0.99801 0.99046 0.98005 0.96826 0.95587 0.94338 0.93113 0.91938 0.90837 0.89829 0.8893 0.88158 0.87528 0.87059 0.86765 0.86658
0.83106 0.64287 0.63559 0.66077 0.58144 0.48869 0.27565 0.10838 0.10726 0.15514 0.20388 0.27695 0.38161 0.49689 0.5551 0.56267 0.54559 0.50563 0.4476 0.38067 0.32093 0.29347 0.31918 0.39097 0.48617 0.58755 0.68511 0.77332 0.84903 0.91041 0.95607 0.98507 0.99815 0.99951 0.99448 0.98628 0.97646 0.96585 0.95498 0.94423 0.93389 0.92419 0.91534 0.9075 0.90084 0.89552 0.89166 0.88939 0.88881
0.38802 0.45455 0.55545 0.52326 0.47546 0.44435 0.25035 0.06796 0.056402 0.084596 0.10831 0.21463 0.34593 0.4725 0.53423 0.54006 0.51764 0.46992 0.40162 0.3209 0.24382 0.20492 0.24078 0.33146 0.44154 0.55326 0.65828 0.75223 0.83269 0.89818 0.94753 0.97987 0.99596 1 0.99735 0.99127 0.98335 0.97447 0.96517 0.95588 0.94688 0.93843 0.93074 0.92399 0.91831 0.91386 0.91075 0.90907 0.9089
0.029538 0.24982 0.42958 0.31251 0.35839 0.41226 0.24349 0.064014 0.039235 0.044873 0.046509 0.19219 0.33578 0.46549 0.52617 0.52842 0.50082 0.44667 0.37005 0.27695 0.17903 0.11782 0.17115 0.28405 0.40676 0.52602 0.63619 0.73415 0.81806 0.88673 0.93909 0.9743 0.99307 0.99958 0.99915 0.99508 0.98898 0.98175 0.97397 0.96607 0.95835 0.9511 0.94451 0.93875 0.93399 0.93032 0.92788 0.9267 0.92685
0.11682 0.24402 0.3626 0.10489 0.27989 0.39555 0.24633 0.073689 0.056732 0.082122 0.10951 0.22099 0.35265 0.47605 0.53104 0.52816 0.49596 0.43749 0.3562 0.25617 0.14238 0.034972 0.12364 0.25465 0.3841 0.5068 0.61932 0.71933 0.80533 0.87621 0.93089 0.96848 0.98959 0.99832 0.99995 0.99776 0.99339 0.98774 0.98141 0.97483 0.96834 0.9622 0.95664 0.95181 0.94787 0.94492 0.94305 0.9423 0.9427
0.29335 0.38209 0.40153 0.20765 0.2932 0.40229 0.26692 0.11288 0.10616 0.15231 0.20465 0.28564 0.39259 0.50268 0.54815 0.53886 0.50281 0.44238 0.36076 0.26187 0.15116 0.0524 0.12151 0.24761 0.37463 0.49589 0.60777 0.70787 0.79458 0.8667 0.92302 0.96249 0.9856 0.9963 0.99981 0.99938 0.99663 0.99247 0.98751 0.9822 0.97686 0.97178 0.96717 0.9632 0.96 0.95767 0.9563 0.9559 0.95648
0.6042 0.53746 0.48544 0.37778 0.37036 0.43807 0.31732 0.18932 0.18204 0.23628 0.30586 0.36775 0.44919 0.54274 0.57604 0.55934 0.52002 0.45956 0.38107 0.28954 0.1948 0.12892 0.16128 0.26185 0.37769 0.4929 0.60132 0.69964 0.78578 0.85822 0.91552 0.9564 0.98116 0.99359 0.9988 0.99999 0.99876 0.99601 0.99234 0.98822 0.98396 0.97986 0.97613 0.97294 0.97041 0.96863 0.96767 0.96754 0.96824
0.76782 0.58342 0.51462 0.47251 0.45445 0.50202 0.39903 0.29179 0.27708 0.33035 0.41021 0.45757 0.51644 0.59304 0.61269 0.58774 0.54541 0.486 0.41245 0.33049 0.25159 0.2015 0.21663 0.29115 0.39104 0.49677 0.59941 0.69434 0.77877 0.85072 0.90839 0.95024 0.97634 0.99026 0.99699 0.99966 0.99984 0.9984 0.99595 0.99293 0.98969 0.9865 0.98358 0.98108 0.97914 0.97783 0.97722 0.97729 0.97804
0.60604 0.45369 0.43874 0.47318 0.51789 0.58598 0.50225 0.40741 0.38218 0.42961 0.51483 0.54972 0.58942 0.65017 0.65563 0.62181 0.57638 0.51831 0.45003 0.37717 0.3104 0.26872 0.27424 0.32842 0.4116 0.50599 0.60125 0.69155 0.77335 0.84411 0.90163 0.94405 0.97117 0.98635 0.99444 0.99845 0.99992 0.9997 0.99838 0.9964 0.99409 0.99174 0.98955 0.98768 0.98626 0.98535 0.985 0.9852 0.98593
0.25533 0.23955 0.27336 0.38951 0.55354 0.6772 0.61248 0.52322 0.4869 0.52732 0.61576 0.64014 0.66402 0.71075 0.70215 0.65907 0.61026 0.55331 0.4898 0.42459 0.36665 0.32994 0.32932 0.36841 0.43631 0.51892 0.60591 0.69077 0.76924 0.83825 0.89518 0.93782 0.96569 0.98192 0.99119 0.99642 0.99907 0.99998 0.9997 0.99868 0.99723 0.99564 0.99411 0.9928 0.99182 0.99123 0.99107 0.99134 0.992
0.11777 0.10983 0.08095 0.27369 0.57233 0.76285 0.71433 0.62605 0.58033 0.61592 0.70839 0.72523 0.73667 0.77146 0.74948 0.69709 0.6446 0.58832 0.52877 0.4697 0.41822 0.38472 0.37988 0.40777 0.4626 0.53394 0.61247 0.69144 0.76614 0.833 0.88898 0.93154 0.95992 0.97702 0.98731 0.99362 0.99735 0.99929 0.99997 0.99983 0.99917 0.99827 0.99733 0.9965 0.99588 0.99555 0.99552 0.99579 0.99631
0.18156 0.13044 0.096871 0.24458 0.5969 0.83252 0.79335 0.70339 0.65233 0.68832 0.78834 0.80181 0.80428 0.82927 0.79499 0.73355 0.67725 0.6212 0.56481 0.5106 0.46399 0.43278 0.42495 0.44448 0.48852 0.54968 0.62003 0.69303 0.76373 0.82817 0.88295 0.9252 0.95389 0.97167 0.98285 0.99012 0.99482 0.99769 0.99926 0.99991 0.99997 0.99969 0.99927 0.99885 0.99853 0.99838 0.99841 0.99861 0.99894
0.28613 0.17814 0.17452 0.33541 0.63743 0.8774 0.83736 0.74481 0.69489 0.73909 0.85216 0.86731 0.86422 0.88148 0.83628 0.76644 0.70641 0.65031 0.59644 0.54614 0.50335 0.47393 0.46404 0.47733 0.51266 0.56498 0.62778 0.69504 0.76171 0.82362 0.87702 0.91878 0.94761 0.96593 0.97785 0.98597 0.99154 0.99526 0.99762 0.999 0.9997 0.99997 0.99999 0.99991 0.99983 0.9998 0.99983 0.9999 0.99998
0.2178 0.10736 0.19566 0.43478 0.67649 0.88924 0.83772 0.74334 0.70334 0.76551 0.89806 0.91999 0.91449 0.92589 0.87133 0.79406 0.73064 0.67441 0.62266 0.57562 0.53597 0.50812 0.49691 0.5056 0.53409 0.57898 0.63508 0.697 0.75981 0.81917 0.87111 0.91226 0.94109 0.95981 0.97236 0.98122 0.98757 0.99205 0.99513 0.99716 0.99843 0.99917 0.99958 0.99978 0.99986 0.99988 0.99984 0.99973 0.99951
0.1825 0.11116 0.25345 0.487 0.68737 0.86193 0.79046 0.69639 0.6772 0.76808 0.92611 0.9591 0.95369 0.96077 0.89851 0.81506 0.74889 0.69269 0.64285 0.59865 0.56173 0.53539 0.52349 0.52893 0.55217 0.59102 0.6414 0.69856 0.75778 0.81469 0.86515 0.90561 0.93433 0.95335 0.96642 0.97593 0.98296 0.98812 0.99184 0.99445 0.99622 0.99738 0.9981 0.99851 0.9987 0.9987 0.99854 0.99819 0.99761
0.36989 0.31128 0.32278 0.47244 0.65857 0.79528 0.69718 0.60618 0.62074 0.75074 0.9382 0.98474 0.98104 0.98496 0.91669 0.82852 0.76042 0.7046 0.65667 0.61509 0.58066 0.55587 0.54384 0.54714 0.56655 0.60068 0.64635 0.69941 0.75542 0.81005 0.85908 0.8988 0.92735 0.94657 0.96008 0.97014 0.97777 0.98353 0.98782 0.99094 0.99314 0.99465 0.99562 0.99619 0.99642 0.99635 0.99601 0.99535 0.99437
0.52315 0.4063 0.30997 0.3958 0.60102 0.69841 0.56591 0.47955 0.54338 0.72043 0.93756 0.99774 0.99632 0.99782 0.92516 0.83385 0.76485 0.70992 0.66403 0.62496 0.59292 0.56978 0.55813 0.56024 0.57704 0.60768 0.64965 0.69932 0.75257 0.80515 0.85284 0.89183 0.92015 0.9395 0.95337 0.9639 0.97205 0.97834 0.98313 0.98669 0.98926 0.99106 0.99223 0.99288 0.9931 0.9929 0.99232 0.99132 0.98988
0.56859 0.39479 0.20846 0.29659 0.5407 0.59246 0.41318 0.32755 0.46036 0.68598 0.92805 0.99936 0.99978 0.99917 0.92366 0.83088 0.76209 0.70867 0.66503 0.62846 0.59876 0.5774 0.56658 0.56834 0.58362 0.6119 0.65113 0.69815 0.74911 0.79992 0.84638 0.88468 0.91275 0.93218 0.94633 0.95725 0.96586 0.97261 0.97782 0.98176 0.98465 0.98667 0.98798 0.98867 0.98881 0.98844 0.98757 0.98616 0.98422
0.55579 0.36803 0.11571 0.24945 0.50577 0.51219 0.27388 0.16773 0.39331 0.6562 0.91329 0.99105 0.99199 0.98927 0.91231 0.81973 0.75232 0.70106 0.65993 0.6259 0.59853 0.57907 0.5695 0.57164 0.58637 0.61331 0.65074 0.69581 0.74497 0.7943 0.83969 0.87734 0.90515 0.92461 0.93899 0.95025 0.95924 0.96638 0.97196 0.97622 0.97936 0.98156 0.98294 0.98362 0.98364 0.98304 0.98182 0.97997 0.97748
0.45486 0.36552 0.20267 0.30669 0.51446 0.49553 0.23018 0.083418 0.36553 0.63742 0.89595 0.97415 0.97379 0.96871 0.89161 0.80083 0.73595 0.68751 0.64914 0.61766 0.59261 0.57519 0.56724 0.57041 0.58545 0.61199 0.64845 0.69226 0.74011 0.78826 0.83275 0.86982 0.89737 0.91683 0.93138 0.94292 0.95224 0.95971 0.9656 0.97013 0.97346 0.97578 0.9772 0.97781 0.97766 0.97678 0.97517 0.97283 0.96975
0.3003 0.37356 0.35138 0.42522 0.5644 0.54755 0.31891 0.20352 0.38463 0.63132 0.87734 0.94984 0.9462 0.93838 0.8623 0.77485 0.71359 0.66856 0.63315 0.60422 0.58146 0.56617 0.56018 0.56497 0.58109 0.60806 0.64434 0.68752 0.73451 0.78179 0.82554 0.8621 0.88941 0.90886 0.92355 0.93531 0.9449 0.95265 0.9588 0.96353 0.96702 0.96941 0.97081 0.9713 0.97094 0.96973 0.9677 0.96481 0.9611
0.1991 0.3889 0.48058 0.54436 0.63182 0.6328 0.44611 0.33987 0.43371 0.63489 0.8575 0.91908 0.91031 0.89937 0.82538 0.74267 0.686 0.64487 0.61254 0.5861 0.56555 0.55247 0.54873 0.55567 0.57357 0.60172 0.63852 0.68165 0.72821 0.77489 0.81807 0.85422 0.88131 0.90072 0.91551 0.92746 0.93727 0.94525 0.9516 0.95649 0.96008 0.96249 0.96383 0.96417 0.96355 0.96198 0.95947 0.956 0.95162
0.23315 0.42137 0.54963 0.61481 0.68565 0.71352 0.55973 0.45428 0.48976 0.6424 0.83562 0.88268 0.8673 0.85293 0.78201 0.70529 0.65405 0.61718 0.58794 0.56383 0.54539 0.53456 0.53334 0.5429 0.5632 0.5932 0.63114 0.67473 0.72124 0.7676 0.81036 0.84616 0.87306 0.89244 0.9073 0.91939 0.92938 0.93754 0.94405 0.94906 0.9527 0.9551 0.95634 0.95648 0.95556 0.95358 0.95056 0.94648 0.94138
0.37779 0.4485 0.53052 0.60517 0.70344 0.76792 0.64397 0.54005 0.53757 0.64804 0.81065 0.84138 0.81842 0.80042 0.73346 0.66384 0.61869 0.58627 0.56 0.538 0.52147 0.51289 0.51443 0.52707 0.55033 0.58277 0.62238 0.66687 0.71367 0.75993 0.80243 0.83796 0.8647 0.88404 0.89895 0.91115 0.92128 0.92957 0.9362 0.94129 0.94495 0.94729 0.94839 0.94829 0.94704 0.94462 0.94105 0.93632 0.93047
0.43849 0.42259 0.4212 0.51522 0.67899 0.78847 0.69511 0.59581 0.56978 0.64763 0.78183 0.79601 0.76491 0.74323 0.68106 0.61949 0.58091 0.55296 0.5294 0.50916 0.4943 0.48794 0.49246 0.50859 0.53532 0.5707 0.61244 0.6582 0.70558 0.75193 0.79429 0.82964 0.85624 0.87554 0.89049 0.90277 0.91299 0.92139 0.92809 0.93321 0.93685 0.9391 0.94003 0.93967 0.93805 0.93516 0.93101 0.92559 0.91896
0.37926 0.35165 0.25444 0.37828 0.62136 0.77737 0.71507 0.6231 0.5841 0.63909 0.749 0.74748 0.70805 0.68274 0.62615 0.5734 0.54168 0.51803 0.49678 0.47786 0.46437 0.46017 0.46788 0.4879 0.51855 0.5573 0.60153 0.64886 0.69704 0.74366 0.78599 0.82121 0.84771 0.86697 0.88193 0.89426 0.90456 0.91302 0.91977 0.92489 0.92848 0.9306 0.93132 0.93067 0.92865 0.92526 0.9205 0.91436 0.90692
0.33932 0.30652 0.11976 0.25426 0.54784 0.74248 0.70867 0.6252 0.58128 0.62225 0.71266 0.69686 0.64911 0.6203 0.57004 0.52674 0.50196 0.48228 0.46279 0.44465 0.43215 0.43003 0.44115 0.46543 0.50041 0.54288 0.58988 0.639 0.68815 0.73517 0.77755 0.81269 0.83912 0.85834 0.87331 0.88567 0.89601 0.9045 0.91126 0.91636 0.91986 0.92183 0.92232 0.92134 0.9189 0.91498 0.90958 0.90271 0.89442
0.3381 0.31581 0.17048 0.20538 0.47533 0.69372 0.6818 0.60631 0.56374 0.59835 0.6739 0.64532 0.58928 0.55716 0.51395 0.48059 0.46266 0.44644 0.42805 0.41004 0.39808 0.39795 0.41271 0.44163 0.48129 0.52774 0.5777 0.62876 0.679 0.7265 0.76902 0.80412 0.83049 0.84968 0.86465 0.87702 0.88737 0.89587 0.90261 0.90765 0.91104 0.91284 0.91307 0.91175 0.90886 0.90439 0.89834 0.89069 0.88153
0.2858 0.33071 0.24193 0.21048 0.41454 0.64024 0.64012 0.57076 0.5347 0.56945 0.63419 0.5941 0.5297 0.49446 0.459 0.43597 0.42462 0.41121 0.39314 0.37451 0.36259 0.36433 0.383 0.41695 0.46159 0.5122 0.56522 0.61829 0.66968 0.71773 0.76042 0.79552 0.82184 0.84101 0.85596 0.86833 0.87867 0.88716 0.89385 0.89881 0.90206 0.90366 0.90362 0.90193 0.89859 0.89355 0.88681 0.87837 0.86832
0.20499 0.32674 0.24676 0.19974 0.36973 0.58866 0.58818 0.52245 0.49759 0.53796 0.59512 0.54439 0.47137 0.43312 0.4062 0.39378 0.38858 0.37723 0.35863 0.33855 0.32606 0.32958 0.35249 0.39185 0.4417 0.49655 0.55264 0.60772 0.66028 0.70889 0.75178 0.78691 0.8132 0.83234 0.84727 0.85962 0.86994 0.87838 0.88501 0.88986 0.89297 0.89434 0.89401 0.89194 0.88812 0.8825 0.87506 0.86581 0.85484
0.25029 0.31345 0.19395 0.15718 0.34207 0.54241 0.52909 0.46462 0.45575 0.50627 0.55824 0.49733 0.41517 0.37391 0.35638 0.35478 0.35521 0.34511 0.32507 0.30262 0.28886 0.29408 0.32163 0.36681 0.42202 0.48108 0.54017 0.5972 0.65088 0.70006 0.74315 0.77832 0.80459 0.8237 0.83859 0.85091 0.86119 0.86958 0.87612 0.88085 0.88378 0.88493 0.88428 0.88182 0.87751 0.87129 0.86314 0.85307 0.84117
0.35009 0.31125 0.13606 0.11798 0.33157 0.50212 0.46469 0.39976 0.41229 0.47653 0.52486 0.45388 0.3618 0.31734 0.31026 0.31964 0.32506 0.31541 0.29305 0.26718 0.25131 0.25818 0.29093 0.34232 0.40293 0.46606 0.52798 0.58682 0.64156 0.69126 0.73456 0.76976 0.79601 0.81509 0.82996 0.84223 0.85245 0.86076 0.86721 0.8718 0.87454 0.87544 0.87448 0.87162 0.8668 0.85998 0.85111 0.84019 0.82734
0.43257 0.33748 0.15835 0.1422 0.33615 0.46688 0.39612 0.32984 0.37025 0.4505 0.49599 0.41486 0.31183 0.26368 0.26842 0.28887 0.2986 0.28868 0.26317 0.23278 0.21374 0.22226 0.26093 0.31889 0.3848 0.45175 0.51625 0.57671 0.63239 0.68255 0.72602 0.76125 0.78749 0.80654 0.82137 0.83358 0.84374 0.85196 0.85829 0.86273 0.86528 0.86592 0.86463 0.86136 0.85604 0.8486 0.83901 0.82724 0.81343
0.50014 0.37349 0.22369 0.20465 0.35153 0.43603 0.32476 0.25668 0.33283 0.42958 0.4723 0.38096 0.26577 0.21297 0.23138 0.26283 0.27618 0.26542 0.23613 0.20005 0.17644 0.18671 0.23228 0.29706 0.368 0.43837 0.5051 0.56695 0.62342 0.67397 0.71758 0.75283 0.77904 0.79806 0.81284 0.825 0.83507 0.8432 0.8494 0.85367 0.85601 0.85639 0.85477 0.85109 0.84526 0.83721 0.82688 0.81427 0.79947
0.53259 0.37659 0.26239 0.26011 0.37395 0.41113 0.25405 0.18305 0.30355 0.41473 0.45419 0.35273 0.22421 0.16506 0.19971 0.24181 0.25805 0.24613 0.21273 0.16989 0.13975 0.15203 0.20575 0.27737 0.35283 0.4261 0.49465 0.55761 0.6147 0.66554 0.70925 0.7445 0.77068 0.78967 0.80439 0.81648 0.82646 0.83448 0.84054 0.84465 0.84677 0.84689 0.84493 0.84083 0.8345 0.82584 0.81478 0.80131 0.78553
0.48738 0.32532 0.25538 0.29748 0.4028 0.39725 0.19359 0.11645 0.2861 0.40657 0.44184 0.33074 0.18817 0.11963 0.17413 0.22592 0.24438 0.23123 0.19388 0.1436 0.10411 0.11893 0.18231 0.26037 0.33958 0.41509 0.485 0.54876 0.60626 0.65729 0.70105 0.73627 0.76242 0.78137 0.79604 0.80804 0.81793 0.82583 0.83175 0.83568 0.83758 0.83743 0.83514 0.83063 0.8238 0.81452 0.80274 0.78841 0.77164
0.36466 0.23292 0.20615 0.32314 0.44077 0.40221 0.16651 0.086281 0.28325 0.40534 0.43536 0.31552 0.1595 0.076545 0.15564 0.21521 0.23518 0.22104 0.18049 0.12312 0.070421 0.088808 0.16314 0.24655 0.32847 0.40546 0.4762 0.54042 0.59815 0.64925 0.69299 0.72817 0.75427 0.77317 0.78778 0.7997 0.80949 0.81726 0.82303 0.82678 0.82846 0.82804 0.82542 0.82051 0.81318 0.8033 0.79079 0.77561 0.75786
0.2332 0.1344 0.12659 0.35267 0.4917 0.43246 0.1953 0.12631 0.2956 0.41101 0.4348 0.30765 0.14136 0.037312 0.14537 0.2096 0.23036 0.21568 0.17325 0.11093 0.041724 0.064891 0.14955 0.23632 0.31962 0.39725 0.46829 0.53263 0.59038 0.64144 0.6851 0.7202 0.74624 0.76509 0.77963 0.79147 0.80114 0.80878 0.8144 0.81796 0.81943 0.81874 0.8158 0.81049 0.80267 0.7922 0.77898 0.76295 0.74421
0.15757 0.070096 0.051439 0.40395 0.55759 0.48818 0.26519 0.19806 0.32128 0.42331 0.44025 0.30765 0.13736 0.025314 0.14413 0.20893 0.22973 0.21502 0.17235 0.10892 0.031593 0.054283 0.14262 0.22988 0.3131 0.39049 0.46128 0.52539 0.58295 0.63385 0.67738 0.71238 0.73834 0.75713 0.7716 0.78334 0.79291 0.80041 0.80587 0.80925 0.8105 0.80955 0.80629 0.80059 0.7923 0.78125 0.76734 0.75047 0.73075
0.12432 0.065183 0.13603 0.48765 0.63652 0.56305 0.35229 0.277 0.35715 0.44184 0.45182 0.31581 0.14878 0.059469 0.15174 0.21291 0.23298 0.21869 0.17733 0.11671 0.05015 0.062361 0.14268 0.22723 0.30885 0.38514 0.45515 0.51871 0.57588 0.6265 0.66984 0.7047 0.73058 0.74929 0.76369 0.77534 0.78479 0.79215 0.79745 0.80065 0.80169 0.80048 0.79692 0.79084 0.78209 0.77049 0.75588 0.7382 0.71751
0.11134 0.12413 0.28583 0.60082 0.72234 0.64794 0.44432 0.35688 0.40017 0.46615 0.46958 0.3321 0.17315 0.10082 0.16702 0.22118 0.23975 0.22615 0.18719 0.13174 0.07782 0.082505 0.14901 0.22811 0.30674 0.38112 0.44985 0.51255 0.56915 0.61939 0.66248 0.69718 0.72296 0.7416 0.75591 0.76746 0.77679 0.78402 0.78916 0.79218 0.79301 0.79155 0.78769 0.78126 0.77207 0.75992 0.74465 0.72617 0.70453
0.20242 0.25443 0.45796 0.72867 0.80566 0.73391 0.5353 0.4354 0.44798 0.4958 0.49351 0.35603 0.2066 0.14389 0.18835 0.23332 0.2496 0.23676 0.20074 0.15109 0.10663 0.10702 0.16017 0.23204 0.30657 0.37834 0.44535 0.5069 0.56276 0.61252 0.6553 0.68981 0.71548 0.73404 0.74827 0.75972 0.76892 0.77601 0.78099 0.78384 0.78446 0.78278 0.77864 0.77186 0.76225 0.74957 0.73367 0.71441 0.69182
0.36081 0.4344 0.63737 0.84975 0.8756 0.8136 0.62178 0.51138 0.49892 0.5303 0.52338 0.38678 0.24601 0.18803 0.21421 0.24883 0.26211 0.24985 0.21684 0.17266 0.13491 0.13254 0.17454 0.23845 0.30805 0.37665 0.44155 0.50172 0.55668 0.60588 0.64831 0.68261 0.70815 0.72662 0.74076 0.75211 0.76119 0.76814 0.77297 0.77564 0.77607 0.77416 0.76976 0.76266 0.75264 0.73947 0.72295 0.70293 0.67944
0.5217 0.62899 0.80245 0.94067 0.92169 0.88161 0.70154 0.58404 0.5518 0.56908 0.55871 0.42326 0.2893 0.23294 0.24337 0.26718 0.27684 0.26484 0.23459 0.1951 0.16213 0.15775 0.19076 0.24671 0.3109 0.37589 0.43838 0.49696 0.55091 0.59947 0.64151 0.67557 0.70097 0.71935 0.7334 0.74463 0.75359 0.7604 0.76508 0.76759 0.76784 0.76572 0.76107 0.75366 0.74327 0.72963 0.71252 0.69178 0.66739
0.6837 0.80258 0.92819 0.98022 0.93588 0.9346 0.77309 0.65271 0.60563 0.61144 0.59876 0.46423 0.335 0.27833 0.27486 0.28786 0.29336 0.2812 0.25325 0.21761 0.18805 0.18206 0.20781 0.25623 0.3148 0.37589 0.43574 0.49259 0.54541 0.59328 0.63489 0.6687 0.69395 0.71223 0.72618 0.7373 0.74614 0.75281 0.75734 0.7597 0.75977 0.75746 0.75257 0.74488 0.73414 0.72006 0.70239 0.68095 0.65571
0.82942 0.92741 0.99356 0.95305 0.91429 0.97132 0.83545 0.7168 0.65953 0.65651 0.64253 0.50838 0.38199 0.32381 0.30789 0.31033 0.31127 0.29848 0.27229 0.23967 0.21256 0.20516 0.22497 0.26648 0.31945 0.37649 0.43355 0.48853 0.54016 0.58729 0.62845 0.66199 0.68708 0.70525 0.7191 0.73012 0.73882 0.74536 0.74976 0.75196 0.75188 0.74938 0.74428 0.73633 0.72527 0.71077 0.69259 0.67049 0.64441
0.90513 0.99048 0.98893 0.85266 0.85879 0.99237 0.88795 0.77566 0.71256 0.70326 0.68881 0.55441 0.4293 0.36893 0.34179 0.33408 0.33017 0.31629 0.2913 0.26098 0.23556 0.22688 0.24174 0.27702 0.32457 0.37753 0.43171 0.48476 0.53514 0.58149 0.62218 0.65544 0.68037 0.69843 0.71217 0.72307 0.73165 0.73806 0.74232 0.74438 0.74415 0.74149 0.7362 0.72802 0.71665 0.70178 0.68311 0.66039 0.63352
0.88748 0.9978 0.92198 0.68311 0.7783 0.9999 0.9302 0.82863 0.76375 0.7505 0.73626 0.601 0.47605 0.4132 0.37594 0.35864 0.34969 0.33431 0.30998 0.2813 0.25702 0.24712 0.25777 0.28749 0.3299 0.37883 0.43012 0.48121 0.53032 0.57587 0.61608 0.64905 0.67381 0.69175 0.70539 0.71617 0.72463 0.73091 0.73504 0.73697 0.7366 0.73379 0.72833 0.71994 0.70831 0.6931 0.67398 0.65067 0.62306
0.81564 0.97282 0.82163 0.4595 0.68966 0.99689 0.96201 0.87508 0.81208 0.79695 0.78344 0.64691 0.52141 0.45613 0.40983 0.38354 0.3695 0.35224 0.32809 0.30049 0.27688 0.26579 0.27284 0.2976 0.33522 0.38027 0.42871 0.47783 0.52567 0.57042 0.61014 0.64282 0.6674 0.68522 0.69874 0.70941 0.71775 0.7239 0.72791 0.72972 0.72923 0.72629 0.72068 0.71211 0.70025 0.68472 0.66519 0.64135 0.61303
0.76485 0.94689 0.73637 0.2104 0.6166 0.98636 0.98336 0.91445 0.85655 0.84128 0.82893 0.69096 0.56463 0.49721 0.44295 0.40837 0.38929 0.36986 0.34543 0.31842 0.29512 0.28287 0.28677 0.30714 0.34034 0.3817 0.42738 0.47459 0.52116 0.56512 0.60436 0.63675 0.66115 0.67884 0.69225 0.7028 0.71101 0.71705 0.72093 0.72263 0.72203 0.71898 0.71325 0.70452 0.69246 0.67666 0.65676 0.63242 0.60346
0.78771 0.94266 0.71213 0.11114 0.58179 0.97043 0.99443 0.94638 0.89622 0.8822 0.87133 0.73205 0.60502 0.536 0.47488 0.43275 0.40875 0.38693 0.36186 0.33502 0.31172 0.29832 0.29944 0.31594 0.34511 0.38302 0.42607 0.47143 0.51678 0.55997 0.59873 0.63082 0.65504 0.6726 0.68589 0.69632 0.70441 0.71033 0.71411 0.71571 0.71502 0.71187 0.70603 0.69718 0.68494 0.66892 0.64869 0.62391 0.59434
0.87208 0.9584 0.74859 0.32387 0.59055 0.94967 0.99566 0.97068 0.93026 0.91851 0.90937 0.76919 0.64195 0.57208 0.50524 0.45635 0.42765 0.40327 0.37723 0.35023 0.32668 0.31213 0.3108 0.32386 0.3494 0.38413 0.4247 0.46831 0.51251 0.55495 0.59324 0.62505 0.64908 0.6665 0.67967 0.68998 0.69796 0.70376 0.70743 0.70894 0.70818 0.70496 0.69904 0.69008 0.67771 0.66149 0.64099 0.61581 0.5857
0.95569 0.96794 0.79841 0.5129 0.62454 0.92303 0.98774 0.98745 0.958 0.94913 0.94188 0.80155 0.67491 0.60511 0.53373 0.4789 0.44576 0.41873 0.39146 0.36399 0.33998 0.3243 0.32078 0.33082 0.35312 0.38494 0.42324 0.46522 0.50831 0.55005 0.58789 0.61941 0.64326 0.66055 0.67359 0.68378 0.69163 0.69733 0.70091 0.70234 0.70151 0.69823 0.69226 0.68323 0.67076 0.65438 0.63364 0.60812 0.57752
0.97471 0.93818 0.81426 0.64097 0.65667 0.88848 0.97178 0.99703 0.97897 0.97315 0.96789 0.82841 0.70348 0.63479 0.56008 0.50015 0.46288 0.43317 0.40446 0.37628 0.35165 0.33483 0.32936 0.33674 0.35617 0.38539 0.42162 0.4621 0.50418 0.54526 0.58268 0.61392 0.63758 0.65473 0.66765 0.67771 0.68545 0.69104 0.69453 0.69589 0.69501 0.6917 0.68569 0.67662 0.66408 0.64758 0.62666 0.60085 0.56982
0.90897 0.84882 0.77397 0.70017 0.66591 0.84399 0.94928 1 0.99283 0.98983 0.98659 0.84923 0.72736 0.66094 0.5841 0.51991 0.47885 0.44647 0.41617 0.38707 0.36168 0.34375 0.33653 0.3416 0.35852 0.38543 0.41981 0.45894 0.50011 0.54058 0.57759 0.60857 0.63204 0.64904 0.66183 0.67177 0.67939 0.68488 0.68829 0.6896 0.68868 0.68535 0.67933 0.67025 0.65767 0.6411 0.62004 0.594 0.5626
0.78159 0.70226 0.68008 0.69427 0.64094 0.7888 0.92221 0.9971 0.99946 0.99864 0.99738 0.86361 0.74635 0.68343 0.60566 0.53803 0.49355 0.45855 0.42653 0.39636 0.3701 0.35108 0.34229 0.34535 0.3601 0.38502 0.41779 0.45573 0.49607 0.53599 0.57263 0.60335 0.62664 0.64349 0.65614 0.66596 0.67346 0.67885 0.68219 0.68345 0.68252 0.67919 0.67318 0.66412 0.65154 0.63493 0.61377 0.58755 0.55585
0.63591 0.5223 0.55221 0.63567 0.57868 0.72434 0.89293 0.98916 0.99885 0.99923 0.99988 0.87133 0.76038 0.70222 0.62469 0.55441 0.50688 0.46933 0.43552 0.40414 0.37693 0.35685 0.34666 0.348 0.36091 0.38414 0.41552 0.45243 0.49206 0.53149 0.56779 0.59826 0.62136 0.63806 0.65058 0.66026 0.66765 0.67295 0.67623 0.67745 0.67651 0.67321 0.66724 0.65821 0.64566 0.62906 0.60785 0.58151 0.54957
0.52435 0.34504 0.41772 0.54242 0.48208 0.65507 0.864 0.97701 0.99113 0.99145 0.99387 0.87232 0.76948 0.71735 0.64115 0.56898 0.51877 0.47876 0.44311 0.41043 0.38219 0.36108 0.34966 0.34955 0.36093 0.38276 0.41299 0.44906 0.48807 0.52707 0.56306 0.59329 0.61621 0.63276 0.64514 0.65469 0.66196 0.66717 0.67039 0.6716 0.67067 0.6674 0.66148 0.65252 0.64004 0.62348 0.60228 0.57586 0.54376
0.47687 0.208 0.30265 0.43575 0.35806 0.58885 0.83788 0.9614 0.97654 0.97531 0.97935 0.86669 0.77379 0.72893 0.65509 0.58171 0.52916 0.48682 0.4493 0.41525 0.38594 0.36382 0.35132 0.35 0.36016 0.38087 0.4102 0.44558 0.4841 0.52273 0.55844 0.58845 0.61118 0.62757 0.63981 0.64923 0.65639 0.66152 0.66469 0.66588 0.66497 0.66175 0.65592 0.64706 0.63467 0.61819 0.59703 0.57061 0.5384
0.47096 0.14174 0.22494 0.34009 0.21615 0.53665 0.8166 0.94295 0.95539 0.95099 0.95649 0.85465 0.77357 0.73712 0.66656 0.5926 0.53805 0.49349 0.4541 0.41861 0.38819 0.36512 0.35166 0.34938 0.35861 0.37849 0.40715 0.44202 0.48015 0.51848 0.55393 0.58372 0.60627 0.6225 0.63459 0.64387 0.65093 0.65597 0.6591 0.66029 0.65942 0.65627 0.65054 0.6418 0.62954 0.61318 0.59212 0.56573 0.53349
0.46881 0.14639 0.19095 0.28438 0.072411 0.50998 0.80132 0.92208 0.92808 0.9188 0.92562 0.83659 0.76915 0.74217 0.67569 0.6017 0.54543 0.49877 0.45751 0.42056 0.389 0.36501 0.35075 0.34772 0.35628 0.37562 0.40384 0.43836 0.47621 0.5143 0.54953 0.57911 0.60148 0.61755 0.62948 0.63863 0.64557 0.65054 0.65363 0.65482 0.654 0.65095 0.64534 0.63675 0.62465 0.60844 0.58752 0.56123 0.52901
0.46366 0.1847 0.19536 0.28914 0.10625 0.51527 0.79218 0.89908 0.89505 0.87921 0.88721 0.81302 0.76094 0.74435 0.6826 0.60904 0.55132 0.50269 0.45958 0.42112 0.38842 0.36355 0.34861 0.34505 0.35322 0.37226 0.40027 0.43461 0.47229 0.51019 0.54523 0.57462 0.5968 0.61269 0.62447 0.63348 0.64032 0.64521 0.64827 0.64948 0.64873 0.64578 0.64031 0.63189 0.61998 0.60397 0.58322 0.55708 0.52495
0.45677 0.22766 0.22499 0.34082 0.24815 0.54932 0.78832 0.87413 0.85685 0.83276 0.84186 0.78454 0.74945 0.74397 0.68746 0.61472 0.55578 0.50526 0.46033 0.42036 0.38651 0.3608 0.34529 0.34142 0.34945 0.36846 0.39646 0.43078 0.46838 0.50616 0.54103 0.57023 0.59223 0.60795 0.61956 0.62843 0.63516 0.63999 0.64302 0.64426 0.64358 0.64075 0.63545 0.62722 0.61552 0.59974 0.57922 0.55327 0.52131
0.42392 0.25326 0.265 0.41092 0.38228 0.60191 0.78822 0.84736 0.8141 0.78011 0.79028 0.75187 0.73522 0.74138 0.69047 0.61881 0.55884 0.50655 0.45982 0.41833 0.38331 0.3568 0.34086 0.33686 0.345 0.36422 0.39243 0.42688 0.4645 0.5022 0.53693 0.56595 0.58775 0.6033 0.61475 0.62348 0.63009 0.63485 0.63787 0.63915 0.63855 0.63586 0.63074 0.62273 0.61128 0.59575 0.57549 0.5498 0.51805
0.34269 0.24659 0.30363 0.48155 0.50092 0.66196 0.79008 0.81898 0.76755 0.72202 0.73324 0.71585 0.71883 0.73695 0.6918 0.62144 0.56057 0.5066 0.45809 0.41507 0.37889 0.35162 0.33535 0.33142 0.33991 0.35958 0.3882 0.42291 0.46065 0.49833 0.53292 0.56177 0.58338 0.59874 0.61002 0.61861 0.62512 0.62981 0.63282 0.63414 0.63364 0.63111 0.62618 0.61841 0.60723 0.592 0.57204 0.54665 0.51518
0.2218 0.20688 0.33449 0.54415 0.60135 0.72114 0.7923 0.78933 0.71809 0.6593 0.67162 0.67736 0.70093 0.73104 0.69168 0.62271 0.56107 0.50548 0.45523 0.41067 0.37331 0.34532 0.32883 0.32516 0.33422 0.35458 0.38379 0.4189 0.45683 0.49453 0.52902 0.55769 0.57911 0.59428 0.60538 0.61382 0.62022 0.62486 0.62787 0.62923 0.62885 0.62648 0.62177 0.61425 0.60337 0.58846 0.56884 0.5438 0.51266
0.094872 0.15091 0.35651 0.59468 0.68269 0.77435 0.79373 0.75895 0.66676 0.59284 0.60635 0.63741 0.68214 0.72401 0.69029 0.62276 0.5604 0.50326 0.45129 0.40519 0.36664 0.33796 0.32135 0.31812 0.32799 0.34925 0.37923 0.41486 0.45306 0.49081 0.52521 0.5537 0.57493 0.5899 0.60082 0.60912 0.61541 0.61999 0.62299 0.62442 0.62416 0.62196 0.61749 0.61025 0.59969 0.58513 0.56589 0.54123 0.51049
0.055944 0.1192 0.3717 0.63133 0.74542 0.81906 0.79382 0.72865 0.61486 0.52365 0.53844 0.5971 0.66311 0.71622 0.68785 0.6217 0.55868 0.50003 0.44635 0.3987 0.35895 0.3296 0.31298 0.31036 0.32126 0.34363 0.37454 0.41081 0.44934 0.48717 0.52149 0.54981 0.57083 0.5856 0.59634 0.60448 0.61067 0.6152 0.61821 0.6197 0.61957 0.61756 0.61333 0.60639 0.59617 0.582 0.56317 0.53894 0.50864
0.12755 0.14657 0.38192 0.6537 0.79094 0.85456 0.79259 0.69948 0.56394 0.4528 0.46901 0.55758 0.64445 0.70801 0.68455 0.61966 0.556 0.49588 0.44051 0.39128 0.35032 0.32031 0.30375 0.30193 0.31408 0.33777 0.36976 0.40676 0.44567 0.48362 0.51787 0.54601 0.56682 0.58138 0.59194 0.59992 0.606 0.61048 0.6135 0.61507 0.61507 0.61327 0.6093 0.60268 0.59282 0.57905 0.56066 0.5369 0.5071
0.18391 0.1976 0.3867 0.66244 0.82125 0.88132 0.79058 0.6727 0.51588 0.38162 0.39933 0.52014 0.62677 0.69968 0.68057 0.61679 0.55247 0.4909 0.43384 0.38303 0.34081 0.31014 0.29375 0.2929 0.30651 0.33171 0.36492 0.40273 0.44208 0.48015 0.51433 0.5423 0.56289 0.57723 0.5876 0.59542 0.60139 0.60582 0.60886 0.61051 0.61066 0.60908 0.60538 0.59909 0.58962 0.57628 0.55836 0.53511 0.50584
0.22077 0.23898 0.3833 0.65898 0.83856 0.90046 0.78858 0.64966 0.47288 0.31183 0.33104 0.48611 0.61058 0.6915 0.67609 0.6132 0.54819 0.48518 0.42645 0.37401 0.33051 0.29917 0.28302 0.28332 0.29861 0.32549 0.36005 0.39875 0.43856 0.47678 0.51089 0.53868 0.55904 0.57316 0.58332 0.59099 0.59685 0.60123 0.60429 0.60603 0.60634 0.60498 0.60157 0.59563 0.58655 0.57367 0.55625 0.53354 0.50485
0.23607 0.25996 0.36836 0.64535 0.84511 0.91335 0.78749 0.63167 0.43741 0.24609 0.26656 0.45684 0.59635 0.6837 0.67125 0.60902 0.54327 0.47885 0.41843 0.36434 0.31949 0.28747 0.27162 0.27325 0.29043 0.31917 0.35517 0.39482 0.43512 0.4735 0.50754 0.53513 0.55526 0.56915 0.5791 0.58661 0.59237 0.59671 0.59979 0.60162 0.6021 0.60097 0.59786 0.59228 0.58362 0.57121 0.55432 0.53218 0.50412
0.22887 0.25854 0.33973 0.62402 0.84286 0.92131 0.7881 0.61979 0.41191 0.18932 0.21001 0.4336 0.58442 0.67648 0.66622 0.60438 0.53783 0.47199 0.40989 0.3541 0.30783 0.27508 0.25962 0.26276 0.28205 0.31279 0.35034 0.39097 0.43178 0.47031 0.50427 0.53167 0.55155 0.5652 0.57495 0.58229 0.58794 0.59223 0.59534 0.59728 0.59792 0.59704 0.59424 0.58903 0.58082 0.5689 0.55255 0.53102 0.50361
0.20568 0.23597 0.29793 0.59765 0.83347 0.92546 0.79093 0.61461 0.39825 0.1513 0.16907 0.41742 0.57506 0.66998 0.6611 0.59938 0.53198 0.46473 0.40093 0.3434 0.29563 0.26209 0.24706 0.25191 0.27351 0.30641 0.34557 0.38722 0.42854 0.46722 0.5011 0.52828 0.5479 0.56131 0.57084 0.57802 0.58356 0.58781 0.59095 0.593 0.59382 0.59318 0.59071 0.58589 0.57812 0.56672 0.55094 0.53004 0.50332
0.17791 0.1952 0.24724 0.56882 0.81818 0.92658 0.79616 0.61618 0.39709 0.14529 0.15486 0.40889 0.5684 0.66432 0.65601 0.59413 0.52583 0.45716 0.39166 0.33234 0.28297 0.24855 0.23401 0.24077 0.2649 0.30008 0.3409 0.38357 0.42541 0.46423 0.49801 0.52496 0.54432 0.55747 0.56678 0.57379 0.57922 0.58344 0.58662 0.58877 0.58978 0.5894 0.58726 0.58284 0.57553 0.56466 0.54947 0.52922 0.50323
0.15605 0.14223 0.19752 0.53962 0.79789 0.92519 0.80362 0.62395 0.40749 0.17197 0.17171 0.40801 0.56444 0.65955 0.65105 0.58875 0.51948 0.44941 0.38221 0.32103 0.26993 0.23453 0.22052 0.22942 0.25628 0.29384 0.33636 0.38006 0.4224 0.46134 0.495 0.52171 0.5408 0.55368 0.56277 0.56961 0.57493 0.57911 0.58233 0.5846 0.5858 0.58569 0.58388 0.57987 0.57304 0.56271 0.54813 0.52856 0.50331
0.14846 0.096077 0.16597 0.51119 0.77328 0.92158 0.81285 0.63689 0.42731 0.21704 0.20991 0.4142 0.5631 0.65573 0.64629 0.58332 0.51304 0.44158 0.37267 0.30958 0.25663 0.22009 0.20666 0.21792 0.24772 0.28775 0.33198 0.3767 0.41951 0.45854 0.49207 0.51853 0.53733 0.54994 0.5588 0.56546 0.57068 0.57483 0.57808 0.58047 0.58187 0.58203 0.58057 0.57698 0.57064 0.56086 0.54691 0.52803 0.50356
0.16961 0.10679 0.16827 0.4834 0.74486 0.91592 0.8232 0.65369 0.45379 0.26896 0.25794 0.42642 0.56418 0.65283 0.6418 0.57793 0.50661 0.43378 0.36318 0.29813 0.24316 0.2053 0.19247 0.20635 0.2393 0.28187 0.32779 0.37349 0.41674 0.45585 0.48923 0.51542 0.53391 0.54625 0.55487 0.56135 0.56646 0.57058 0.57388 0.57639 0.578 0.57844 0.57733 0.57416 0.56832 0.55911 0.5458 0.52763 0.50396
0.23304 0.17081 0.19603 0.45493 0.7132 0.90837 0.83391 0.67291 0.48427 0.32218 0.30921 0.4434 0.56744 0.65085 0.63764 0.57268 0.50028 0.42613 0.35385 0.28678 0.22964 0.19024 0.17802 0.19482 0.23109 0.27624 0.32382 0.37045 0.41411 0.45326 0.48646 0.51236 0.53055 0.54259 0.55097 0.55728 0.56228 0.56636 0.56971 0.57235 0.57416 0.57489 0.57414 0.57141 0.56608 0.55744 0.54478 0.52735 0.50449
0.32701 0.2419 0.22686 0.42376 0.679 0.89917 0.84426 0.69317 0.51651 0.37412 0.36051 0.46383 0.57259 0.64974 0.63385 0.56762 0.49415 0.41872 0.3448 0.27568 0.21619 0.17496 0.16335 0.1834 0.22319 0.2709 0.32009 0.3676 0.41162 0.45078 0.48376 0.50936 0.52722 0.53897 0.54711 0.55323 0.55813 0.56218 0.56558 0.56835 0.57038 0.57139 0.57101 0.56872 0.5639 0.55586 0.54386 0.52717 0.50514
0.42361 0.29905 0.24517 0.38796 0.64325 0.88865 0.85357 0.71323 0.54874 0.42346 0.41025 0.48654 0.57929 0.64943 0.63046 0.56283 0.4883 0.41165 0.33615 0.26497 0.20295 0.15954 0.14854 0.17222 0.21567 0.26591 0.31663 0.36494 0.40926 0.44839 0.48114 0.50642 0.52394 0.53538 0.54327 0.54921 0.554 0.55803 0.56148 0.56439 0.56663 0.56794 0.56793 0.56608 0.56178 0.55434 0.54301 0.52708 0.50589
0.49598 0.33248 0.24352 0.3465 0.60727 0.87727 0.86128 0.73203 0.57964 0.46951 0.45757 0.51052 0.58723 0.64986 0.62749 0.55837 0.48281 0.40501 0.32802 0.25479 0.19007 0.14408 0.13365 0.16138 0.20862 0.26131 0.31345 0.36248 0.40704 0.4461 0.47859 0.50352 0.5207 0.53183 0.53946 0.54522 0.5499 0.5539 0.55741 0.56046 0.56291 0.56452 0.56489 0.56349 0.55972 0.55288 0.54224 0.52707 0.50674
0.5281 0.33977 0.22018 0.29996 0.57278 0.86552 0.86693 0.7487 0.60826 0.51184 0.50196 0.53499 0.59612 0.65095 0.62495 0.55428 0.47773 0.3989 0.32051 0.24528 0.17774 0.12866 0.11875 0.15105 0.20212 0.25713 0.31057 0.36023 0.40496 0.4439 0.47611 0.50068 0.51749 0.5283 0.53568 0.54125 0.54582 0.54979 0.55336 0.55655 0.55923 0.56114 0.56189 0.56095 0.55771 0.55148 0.54152 0.52713 0.50766
0.52038 0.32599 0.17802 0.25117 0.54179 0.85395 0.87016 0.76258 0.63392 0.55024 0.54318 0.55931 0.60566 0.65262 0.62285 0.5506 0.47314 0.39338 0.31372 0.23661 0.16615 0.1134 0.10394 0.14137 0.19625 0.25342 0.30801 0.35819 0.40303 0.4418 0.47369 0.49788 0.51431 0.52479 0.53191 0.53729 0.54176 0.54571 0.54934 0.55267 0.55558 0.55779 0.55893 0.55845 0.55575 0.55013 0.54087 0.52725 0.50865
0.48833 0.303 0.125 0.20594 0.51644 0.843 0.8707 0.77316 0.65615 0.58458 0.58106 0.58301 0.6156 0.65478 0.62119 0.54737 0.46907 0.38852 0.30776 0.2289 0.15554 0.098486 0.089323 0.13253 0.1911 0.2502 0.30577 0.35636 0.40123 0.4398 0.47134 0.49512 0.51116 0.52131 0.52816 0.53336 0.53772 0.54165 0.54534 0.54882 0.55195 0.55448 0.55599 0.55598 0.55382 0.54882 0.54025 0.52742 0.5097
0.45198 0.28551 0.08047 0.1738 0.49861 0.83297 0.86831 0.78007 0.67468 0.61484 0.61555 0.60574 0.62573 0.65736 0.61996 0.5446 0.46557 0.38437 0.30269 0.22231 0.14617 0.084147 0.075091 0.12474 0.18673 0.24749 0.30387 0.35475 0.39957 0.43788 0.46904 0.49239 0.50804 0.51785 0.52443 0.52944 0.53369 0.5376 0.54136 0.54498 0.54835 0.55118 0.55309 0.55354 0.55192 0.54754 0.53968 0.52764 0.5108
0.42167 0.28282 0.084844 0.16497 0.48952 0.82391 0.86282 0.7831 0.68934 0.64106 0.64667 0.62724 0.63585 0.66027 0.61915 0.5423 0.46265 0.38097 0.29858 0.21694 0.13832 0.070783 0.061543 0.11822 0.1832 0.24532 0.3023 0.35335 0.39805 0.43605 0.46679 0.48971 0.50494 0.5144 0.52071 0.52553 0.52968 0.53357 0.53739 0.54117 0.54477 0.54791 0.55021 0.55113 0.55006 0.5463 0.53914 0.52789 0.51193
