0.71334 0.43969 0.1638 0.22603 0.31736 0.32987 0.32899 0.2781 0.22157 0.16747 0.10398 0.079813 0.067627 0.056537 0.04666 0.038798 0.032869 0.028674 0.026129 0.025036 0.025084 0.026161 0.028561 0.032808 0.039225 0.047678 0.057654 0.068451 0.079321 0.089572 0.098614 0.10601 0.1115 0.11496 0.11642 0.11602 0.11396 0.11051 0.10594 0.10055 0.094622 0.088397 0.08202 0.075984 0.071155 0.067879 0.066306 0.066464 0.068257
0.40943 0.39931 0.45507 0.49545 0.44049 0.30504 0.20103 0.13029 0.073685 0.080467 0.15489 0.19608 0.20657 0.19786 0.18025 0.16056 0.14236 0.12711 0.11514 0.1063 0.1003 0.096866 0.095753 0.096689 0.099335 0.10328 0.10807 0.11327 0.11851 0.12349 0.12799 0.13189 0.13512 0.13766 0.13952 0.14075 0.14138 0.1415 0.14117 0.14046 0.13939 0.13793 0.13579 0.1332 0.13114 0.12989 0.12946 0.12986 0.13104
0.68578 0.37903 0.27452 0.32026 0.43162 0.48763 0.51076 0.42622 0.28822 0.18001 0.14784 0.16206 0.17149 0.17019 0.15895 0.14061 0.1186 0.095917 0.074754 0.056701 0.043054 0.034889 0.032258 0.033379 0.035978 0.038765 0.041456 0.044334 0.047862 0.052366 0.057847 0.06401 0.070398 0.076554 0.082117 0.086862 0.090701 0.093664 0.095875 0.097517 0.098791 0.099848 0.10065 0.10151 0.10326 0.10621 0.11044 0.11593 0.12264
0.5588 0.2865 0.097374 0.24668 0.51614 0.63939 0.72405 0.75068 0.74488 0.70002 0.50192 0.36701 0.27796 0.21622 0.17297 0.143 0.12225 0.10734 0.095811 0.086078 0.077309 0.069145 0.061506 0.054467 0.0482 0.042971 0.039131 0.037044 0.036872 0.038388 0.04099 0.043944 0.046581 0.04839 0.049016 0.048244 0.045962 0.04213 0.036756 0.029882 0.021609 0.012305 0.0058231 0.014167 0.027055 0.041438 0.057086 0.073967 0.092061
0.56012 0.87806 0.70577 0.37395 0.29706 0.17409 0.10029 0.18015 0.25262 0.26872 0.1993 0.1485 0.11553 0.092575 0.076391 0.06621 0.061559 0.06147 0.064613 0.069645 0.075436 0.081132 0.086147 0.090132 0.092933 0.094547 0.095085 0.094738 0.093734 0.092329 0.090758 0.08924 0.087946 0.087003 0.086488 0.086439 0.08687 0.087788 0.089219 0.091223 0.09389 0.097295 0.10135 0.10632 0.11306 0.12194 0.13312 0.14666 0.16257
0.24799 0.13525 0.21294 0.21174 0.13749 0.11342 0.20872 0.27287 0.2955 0.28233 0.20261 0.15265 0.1228 0.10251 0.08804 0.078411 0.072952 0.070684 0.070526 0.071557 0.073075 0.074519 0.075412 0.075332 0.073946 0.071055 0.066679 0.061137 0.055167 0.050044 0.047496 0.049031 0.054869 0.063961 0.074986 0.08695 0.099245 0.11154 0.12367 0.13559 0.14729 0.15864 0.16923 0.17917 0.18972 0.20138 0.21438 0.22883 0.24484
0.18734 0.42264 0.47153 0.37644 0.37387 0.40456 0.39498 0.2973 0.15993 0.029461 0.042688 0.052938 0.038125 0.017999 0.015562 0.030701 0.044508 0.05535 0.063694 0.070168 0.07528 0.079349 0.082515 0.084775 0.086052 0.086287 0.08554 0.084085 0.08247 0.0815 0.08207 0.084887 0.090203 0.097779 0.10708 0.11754 0.12866 0.14015 0.15181 0.16356 0.17533 0.18692 0.19778 0.20793 0.21875 0.23067 0.2438 0.25813 0.27362
0.13341 0.087626 0.41783 0.61892 0.6556 0.51721 0.35438 0.2115 0.1611 0.12896 0.087131 0.081852 0.081944 0.077219 0.069713 0.062594 0.057968 0.056769 0.059002 0.064124 0.07142 0.080202 0.089843 0.099764 0.10942 0.11832 0.12604 0.1323 0.13694 0.14003 0.14178 0.14255 0.14275 0.14284 0.14326 0.14437 0.14648 0.14981 0.15449 0.16058 0.16801 0.17651 0.18536 0.19441 0.20468 0.21634 0.22926 0.24323 0.258
0.14286 0.26951 0.31268 0.29512 0.438 0.50473 0.51333 0.45318 0.38429 0.32002 0.2124 0.15053 0.1154 0.093744 0.079455 0.070002 0.06454 0.06276 0.064262 0.068422 0.074522 0.081853 0.089727 0.097456 0.10435 0.10978 0.11319 0.11423 0.11278 0.10899 0.10324 0.096185 0.088665 0.081719 0.076518 0.074208 0.075586 0.0808 0.089395 0.10064 0.11378 0.12808 0.14261 0.15691 0.17163 0.18685 0.20246 0.21823 0.23391
0.23755 0.49492 0.44629 0.18689 0.04893 0.070135 0.073462 0.080098 0.08288 0.077553 0.059969 0.052838 0.050588 0.04968 0.050538 0.054509 0.061427 0.07002 0.079073 0.087798 0.095736 0.10259 0.1081 0.11204 0.11417 0.1143 0.11232 0.10821 0.10204 0.094017 0.084414 0.073623 0.062185 0.050957 0.041516 0.036684 0.039319 0.048932 0.062836 0.07906 0.096528 0.11451 0.13215 0.14901 0.16571 0.18241 0.199 0.21531 0.23111
0.29695 0.084943 0.24247 0.23577 0.092097 0.083481 0.19371 0.24905 0.26652 0.26615 0.20794 0.17007 0.14774 0.13481 0.12797 0.12514 0.12488 0.12605 0.12768 0.12899 0.12947 0.12889 0.12722 0.12466 0.1215 0.1181 0.11484 0.11202 0.10985 0.10841 0.10768 0.10759 0.10808 0.10918 0.11102 0.11386 0.11795 0.12358 0.13089 0.13993 0.15051 0.16222 0.17418 0.186 0.19847 0.21165 0.2253 0.23916 0.25293
0.37204 0.29144 0.36551 0.51993 0.52954 0.45237 0.43944 0.4005 0.31545 0.23776 0.21674 0.24243 0.25796 0.25775 0.24615 0.22797 0.20686 0.18509 0.1639 0.14379 0.12488 0.10711 0.090344 0.074576 0.060086 0.047796 0.039836 0.039155 0.046206 0.058188 0.072441 0.08746 0.10243 0.11692 0.13071 0.14374 0.15608 0.16788 0.17929 0.19047 0.20147 0.21211 0.22175 0.23037 0.23938 0.24913 0.25955 0.27046 0.28169
0.83391 0.59414 0.46573 0.54167 0.64279 0.54442 0.35676 0.10628 0.2258 0.46275 0.49165 0.45761 0.40841 0.35638 0.30658 0.26142 0.22186 0.18802 0.15957 0.13592 0.11643 0.10047 0.08749 0.07701 0.068729 0.06267 0.059351 0.059707 0.06453 0.073814 0.086724 0.10211 0.11886 0.13608 0.15308 0.1694 0.18474 0.19899 0.21211 0.22414 0.23508 0.24478 0.25257 0.25867 0.26487 0.27168 0.27921 0.28742 0.29624
0.6039 0.59154 0.36824 0.082489 0.2033 0.30682 0.23761 0.10583 0.2379 0.38926 0.37824 0.33493 0.28696 0.23896 0.19439 0.15573 0.12364 0.097291 0.075498 0.057714 0.044812 0.03926 0.04246 0.051767 0.063736 0.076487 0.089263 0.10186 0.11435 0.12688 0.13959 0.15253 0.16559 0.17857 0.19119 0.20319 0.21437 0.22458 0.23375 0.24186 0.24888 0.25462 0.25845 0.26067 0.26316 0.26649 0.2708 0.27612 0.28248
0.40483 0.17762 0.047133 0.19626 0.28831 0.23774 0.10681 0.090402 0.23095 0.31163 0.2588 0.19291 0.13578 0.094942 0.075592 0.072789 0.07467 0.074639 0.071614 0.0668 0.062223 0.060172 0.062526 0.069854 0.081347 0.095657 0.11153 0.12798 0.14422 0.15968 0.17395 0.18676 0.19799 0.2076 0.21563 0.22216 0.22731 0.23119 0.23397 0.23576 0.23664 0.23655 0.235 0.23239 0.23046 0.22975 0.2304 0.2325 0.23614
0.85809 0.63127 0.47568 0.31376 0.13505 0.14263 0.34267 0.47446 0.53093 0.52336 0.37724 0.26782 0.19182 0.14084 0.11046 0.095229 0.08882 0.086704 0.086806 0.088476 0.091604 0.096228 0.10244 0.11036 0.12001 0.13128 0.14382 0.15707 0.17031 0.18282 0.19393 0.20316 0.21022 0.21503 0.21767 0.21833 0.21728 0.21479 0.21114 0.20658 0.2013 0.19532 0.18837 0.18091 0.1744 0.16929 0.16574 0.16393 0.16409
0.19154 0.27226 0.23544 0.22148 0.22571 0.2084 0.14232 0.087366 0.25042 0.39288 0.35297 0.27436 0.19828 0.13537 0.087891 0.055092 0.036679 0.033457 0.040833 0.05235 0.065531 0.079752 0.094761 0.11029 0.126 0.14148 0.1563 0.16998 0.18205 0.1921 0.19979 0.20493 0.20746 0.20749 0.20523 0.20096 0.19503 0.18776 0.17945 0.17037 0.1607 0.15046 0.13946 0.12808 0.11733 0.10743 0.098463 0.090687 0.084659
0.21106 0.1078 0.14993 0.35776 0.58915 0.68153 0.74086 0.70516 0.62518 0.52633 0.34782 0.24336 0.17945 0.13445 0.10133 0.078209 0.064099 0.057933 0.058562 0.064656 0.074811 0.087769 0.10249 0.11807 0.13373 0.14873 0.16243 0.17431 0.18392 0.191 0.19538 0.19708 0.1962 0.19298 0.18774 0.18082 0.17261 0.16346 0.15369 0.14355 0.13321 0.12264 0.11162 0.1003 0.089259 0.078294 0.066984 0.054854 0.041424
0.58748 0.68302 0.54201 0.43508 0.39343 0.38536 0.44893 0.40655 0.26376 0.090292 0.032915 0.064731 0.05479 0.029751 0.018076 0.037991 0.058571 0.074886 0.087687 0.09835 0.10806 0.11757 0.12722 0.137 0.14666 0.15583 0.16411 0.17109 0.17639 0.17973 0.18094 0.17996 0.17685 0.17182 0.16518 0.15729 0.14858 0.13951 0.13047 0.12184 0.11385 0.10659 0.099828 0.093625 0.088422 0.084052 0.080247 0.076871 0.074071
0.23537 0.27299 0.3335 0.43142 0.49386 0.47274 0.49391 0.49204 0.4745 0.43838 0.3165 0.24297 0.19897 0.1685 0.14697 0.13352 0.12687 0.12486 0.12545 0.12731 0.12978 0.1326 0.13569 0.13905 0.14263 0.14631 0.1499 0.15306 0.1554 0.1565 0.15596 0.15352 0.1491 0.14279 0.13486 0.12574 0.11598 0.10621 0.097134 0.08947 0.083841 0.080599 0.079586 0.080515 0.083313 0.087523 0.092722 0.098684 0.10541
0.5068 0.47013 0.33889 0.29616 0.29499 0.26518 0.22359 0.25254 0.37186 0.46892 0.40559 0.33617 0.27979 0.23546 0.20124 0.17534 0.15613 0.14216 0.13212 0.12491 0.11972 0.11608 0.11384 0.11305 0.1138 0.11602 0.11936 0.12315 0.12658 0.1288 0.12911 0.12704 0.12236 0.1151 0.10549 0.09395 0.081012 0.067388 0.054088 0.042811 0.036471 0.037904 0.046017 0.057422 0.070215 0.083601 0.097313 0.11134 0.12583
0.82149 0.71575 0.53723 0.46754 0.49263 0.39647 0.27729 0.18279 0.17689 0.20563 0.18122 0.16022 0.1458 0.13472 0.12526 0.11695 0.10941 0.10211 0.094544 0.086536 0.078404 0.071031 0.065859 0.064501 0.067778 0.075015 0.08451 0.09444 0.10331 0.11003 0.11389 0.11451 0.1118 0.10589 0.09709 0.085827 0.072607 0.058027 0.042908 0.02895 0.021374 0.027406 0.041487 0.057585 0.074266 0.091281 0.10866 0.12653 0.1451
0.48957 0.095684 0.11843 0.2601 0.27668 0.21534 0.15285 0.080674 0.040119 0.026355 0.005208 0.015613 0.030031 0.042477 0.054582 0.064808 0.070865 0.071549 0.066821 0.057326 0.043982 0.02775 0.0096213 0.010143 0.029757 0.049011 0.067071 0.083233 0.096891 0.10759 0.11504 0.11916 0.12006 0.11802 0.11349 0.10706 0.099464 0.091569 0.084417 0.079198 0.077066 0.078731 0.08401 0.092292 0.1033 0.11658 0.13175 0.14862 0.16716
0.54347 0.63155 0.47098 0.26205 0.12168 0.10959 0.090047 0.067678 0.066241 0.042055 0.010544 0.036263 0.056547 0.070724 0.081657 0.089835 0.094456 0.094965 0.09156 0.08513 0.077085 0.069281 0.063935 0.063084 0.067449 0.075991 0.086879 0.09845 0.10947 0.11911 0.12682 0.13231 0.1355 0.13653 0.13567 0.13336 0.13012 0.12655 0.12328 0.12094 0.12004 0.1209 0.12343 0.12775 0.13459 0.14404 0.156 0.1704 0.18719
0.26654 0.25223 0.28884 0.39452 0.44044 0.31921 0.24626 0.26084 0.3221 0.36661 0.30993 0.26637 0.23659 0.21366 0.19478 0.17901 0.16572 0.1542 0.14387 0.13442 0.12593 0.11872 0.11327 0.11002 0.10923 0.11089 0.11466 0.11997 0.12611 0.1324 0.13821 0.14307 0.14666 0.14887 0.14973 0.14945 0.14835 0.14682 0.1453 0.1442 0.14387 0.14452 0.14601 0.14861 0.15342 0.16075 0.1707 0.18332 0.19866
0.59074 0.86793 0.75671 0.4453 0.35393 0.65048 0.88236 0.96907 0.97823 0.92377 0.66807 0.50245 0.40059 0.33242 0.28305 0.24535 0.2157 0.19201 0.17294 0.15754 0.14524 0.13565 0.12857 0.12386 0.12143 0.12114 0.12273 0.12588 0.13011 0.13488 0.13966 0.14394 0.14734 0.14966 0.15084 0.15099 0.15037 0.14929 0.14814 0.14728 0.14703 0.14757 0.14875 0.1509 0.15514 0.16189 0.17126 0.18337 0.19831
0.53855 0.60133 0.774 0.72698 0.6298 0.59567 0.6726 0.65915 0.56949 0.49959 0.40749 0.36728 0.33494 0.30014 0.26447 0.23074 0.20065 0.17487 0.15345 0.13613 0.1226 0.11259 0.10587 0.10226 0.10151 0.10326 0.10701 0.11216 0.11807 0.12409 0.12963 0.13423 0.13756 0.13949 0.14004 0.13941 0.13793 0.13599 0.13404 0.13252 0.13181 0.13214 0.13344 0.136 0.14083 0.14825 0.15836 0.17122 0.18691
0.26831 0.25359 0.21524 0.46096 0.51895 0.53613 0.5849 0.51168 0.37223 0.25854 0.2135 0.22541 0.22936 0.21879 0.1986 0.17416 0.14933 0.12637 0.10626 0.08933 0.075717 0.065746 0.060024 0.059076 0.062691 0.069782 0.078933 0.088862 0.098544 0.1072 0.11426 0.11935 0.1223 0.12315 0.12211 0.11954 0.11593 0.11185 0.10791 0.10475 0.10293 0.10286 0.1046 0.10837 0.11484 0.1241 0.13612 0.15083 0.16823
0.31668 0.12553 0.33139 0.47977 0.59632 0.52799 0.4272 0.34851 0.33293 0.33197 0.26194 0.21837 0.19214 0.171 0.14987 0.12842 0.10779 0.08885 0.071662 0.055799 0.040727 0.026217 0.013668 0.013538 0.026568 0.041851 0.057072 0.071319 0.083886 0.094195 0.10181 0.10651 0.10824 0.1072 0.10371 0.098267 0.091456 0.083974 0.076634 0.070393 0.066325 0.065404 0.068041 0.074152 0.083611 0.095975 0.11088 0.12814 0.1477
0.33314 0.26587 0.27343 0.36065 0.41285 0.30274 0.1623 0.061244 0.050765 0.12362 0.16176 0.1664 0.15324 0.13319 0.11276 0.09516 0.081266 0.070485 0.061528 0.053187 0.044821 0.036622 0.030097 0.028497 0.034066 0.044761 0.057536 0.070361 0.081893 0.09119 0.09762 0.10085 0.10083 0.097731 0.091889 0.083754 0.073828 0.062637 0.050777 0.039103 0.029376 0.025454 0.030576 0.041927 0.056316 0.072566 0.0904 0.10984 0.13101
0.039449 0.46431 0.58299 0.50258 0.39809 0.28041 0.19579 0.16915 0.20532 0.22855 0.18407 0.14522 0.11215 0.083917 0.063034 0.051865 0.049454 0.051483 0.054224 0.056066 0.056745 0.056681 0.056716 0.057947 0.061336 0.067201 0.074998 0.083607 0.091755 0.098336 0.10254 0.10391 0.10232 0.097913 0.091005 0.082022 0.071406 0.059573 0.046892 0.033748 0.020906 0.012207 0.017978 0.031549 0.047062 0.063792 0.081773 0.10117 0.12216
0.54106 0.40104 0.28393 0.21847 0.21008 0.30907 0.38088 0.38757 0.36443 0.32066 0.2111 0.13714 0.086188 0.047748 0.01816 0.0092703 0.025635 0.039228 0.049899 0.058431 0.0654 0.071224 0.076302 0.08109 0.086044 0.091455 0.097287 0.10313 0.10833 0.11215 0.114 0.11354 0.1107 0.10565 0.098756 0.09048 0.081324 0.071801 0.062461 0.053983 0.047323 0.043771 0.044465 0.049649 0.058775 0.07097 0.085637 0.10248 0.1214
0.75224 0.66104 0.34044 0.07204 0.15174 0.26541 0.34411 0.36357 0.34994 0.32339 0.2323 0.16868 0.12348 0.090354 0.067748 0.055118 0.051152 0.053445 0.059538 0.067639 0.076541 0.085425 0.09379 0.1014 0.10821 0.11424 0.11946 0.1237 0.12668 0.12808 0.12764 0.12527 0.12106 0.1153 0.1084 0.10084 0.093107 0.085655 0.078915 0.073308 0.069263 0.067193 0.067349 0.070027 0.075674 0.084251 0.095562 0.10941 0.12567
0.14695 0.17223 0.23645 0.09652 0.17097 0.20255 0.18212 0.10988 0.10145 0.18089 0.18575 0.16108 0.12955 0.10071 0.079672 0.068038 0.064655 0.067176 0.073518 0.082195 0.092087 0.10229 0.1121 0.121 0.12863 0.13477 0.13928 0.14204 0.14293 0.14192 0.13904 0.13445 0.12846 0.12149 0.11403 0.10658 0.099597 0.093455 0.088428 0.084715 0.082455 0.081718 0.082423 0.084734 0.089261 0.096179 0.1055 0.11721 0.13126
0.49012 0.63059 0.51174 0.40715 0.34313 0.28431 0.25421 0.20536 0.17373 0.17992 0.15354 0.11935 0.081029 0.047746 0.034788 0.045786 0.061829 0.07625 0.088876 0.10041 0.11134 0.12175 0.13141 0.13997 0.14702 0.15221 0.15526 0.15604 0.1545 0.15077 0.14508 0.13785 0.12956 0.12083 0.11225 0.10441 0.097756 0.09261 0.089111 0.08725 0.086918 0.087924 0.089943 0.092984 0.097656 0.10417 0.11263 0.1231 0.13564
0.47099 0.2923 0.29383 0.21536 0.077514 0.20046 0.2361 0.22984 0.24327 0.25466 0.19445 0.1398 0.095037 0.066045 0.061145 0.072865 0.087918 0.10155 0.1133 0.12369 0.13323 0.14212 0.15023 0.1572 0.16257 0.16587 0.16672 0.16493 0.16049 0.15362 0.14473 0.13439 0.12331 0.11228 0.1021 0.093509 0.087066 0.083067 0.081477 0.081987 0.084146 0.087463 0.091387 0.09579 0.10125 0.10801 0.11623 0.12604 0.1376
0.41161 0.45709 0.49966 0.44885 0.30906 0.1568 0.022504 0.18093 0.34187 0.42921 0.3523 0.27527 0.21799 0.1786 0.15445 0.14234 0.13846 0.1395 0.14326 0.14852 0.15456 0.16082 0.16671 0.17161 0.17486 0.17585 0.17414 0.16949 0.1619 0.15165 0.13925 0.12542 0.11103 0.097087 0.084661 0.074859 0.068604 0.066286 0.067513 0.071328 0.076695 0.082777 0.088875 0.094813 0.1012 0.10836 0.11651 0.1259 0.13676
0.19346 0.35346 0.53155 0.62602 0.62085 0.5373 0.53998 0.57287 0.62042 0.63266 0.48066 0.36986 0.29691 0.24703 0.21253 0.18957 0.17563 0.1686 0.16657 0.16791 0.17129 0.17558 0.17979 0.18301 0.18441 0.18332 0.17924 0.17191 0.16135 0.14789 0.13208 0.11468 0.096618 0.078983 0.063129 0.050876 0.044425 0.044878 0.050609 0.058908 0.067926 0.076707 0.084669 0.091773 0.098745 0.10604 0.11398 0.12292 0.13316
0.4604 0.55892 0.23423 0.11294 0.35107 0.54901 0.69605 0.69872 0.6352 0.56157 0.40964 0.32684 0.27752 0.24172 0.21449 0.19517 0.18315 0.17725 0.17597 0.17782 0.18148 0.18577 0.18964 0.19216 0.19252 0.19004 0.18425 0.17496 0.1622 0.14633 0.1279 0.10765 0.086404 0.065041 0.044558 0.02664 0.017047 0.023731 0.036683 0.04966 0.061465 0.071832 0.080597 0.087962 0.094801 0.10168 0.10906 0.11735 0.12697
0.56476 0.66601 0.37693 0.25236 0.4578 0.57869 0.61123 0.48342 0.29929 0.18051 0.1766 0.19275 0.19009 0.17883 0.16867 0.16367 0.16373 0.1673 0.17293 0.17952 0.18628 0.19246 0.19733 0.2002 0.20041 0.19744 0.19092 0.18071 0.16695 0.15 0.13047 0.10912 0.08678 0.064315 0.042594 0.022846 0.011013 0.020529 0.034895 0.048163 0.059732 0.069532 0.077505 0.083931 0.08974 0.095572 0.10196 0.10941 0.11842
0.33002 0.43552 0.80502 0.96657 0.96592 0.79107 0.64352 0.4629 0.288 0.14544 0.092909 0.098374 0.094056 0.091445 0.10023 0.1166 0.13441 0.1509 0.16543 0.17804 0.18878 0.19753 0.20402 0.20785 0.20861 0.20595 0.19962 0.18959 0.17603 0.15938 0.1403 0.11964 0.098427 0.07783 0.059297 0.044916 0.037611 0.038798 0.045537 0.054035 0.062273 0.069421 0.075094 0.079462 0.083412 0.08761 0.092667 0.099192 0.10775
0.64251 0.62676 0.60426 0.76927 0.82507 0.62137 0.46805 0.38219 0.31568 0.22206 0.10905 0.052473 0.01564 0.028508 0.063436 0.094867 0.12161 0.14409 0.16298 0.17886 0.19201 0.20252 0.21028 0.2151 0.21672 0.21489 0.20947 0.20044 0.18799 0.17257 0.15485 0.13575 0.11634 0.097851 0.081625 0.069044 0.061241 0.058435 0.059531 0.062748 0.066547 0.069941 0.072354 0.073869 0.075339 0.077485 0.081051 0.08679 0.095331
0.17446 0.35613 0.32277 0.4442 0.48093 0.25633 0.085813 0.27236 0.36237 0.34423 0.22745 0.15921 0.126 0.11242 0.11277 0.12256 0.13722 0.15349 0.16951 0.18424 0.1971 0.20773 0.21587 0.22129 0.22374 0.22302 0.21895 0.21147 0.20069 0.18698 0.17096 0.15349 0.13562 0.11846 0.10309 0.090469 0.08118 0.075266 0.072143 0.070814 0.070234 0.069573 0.068269 0.066439 0.064984 0.064812 0.066968 0.07245 0.081866
0.4802 0.1508 0.18288 0.4129 0.51681 0.43405 0.38428 0.43678 0.51399 0.52011 0.37375 0.27172 0.21238 0.17963 0.16374 0.15925 0.16251 0.17058 0.18106 0.1922 0.20281 0.21215 0.21976 0.22531 0.22852 0.22908 0.22668 0.22112 0.21234 0.20058 0.18634 0.17039 0.15368 0.13721 0.12191 0.10853 0.097502 0.088857 0.082236 0.076988 0.072358 0.06767 0.062439 0.056868 0.052016 0.049267 0.050439 0.056929 0.068826
0.29857 0.27403 0.307 0.35732 0.42594 0.47064 0.55221 0.58429 0.58968 0.55228 0.38573 0.27976 0.22351 0.19598 0.18364 0.17951 0.18044 0.18476 0.19122 0.19875 0.20649 0.21387 0.22048 0.226 0.23004 0.23213 0.23177 0.22848 0.22199 0.21236 0.19994 0.18541 0.16965 0.15358 0.13805 0.12372 0.111 0.099948 0.090334 0.081685 0.073399 0.064875 0.055634 0.045861 0.036711 0.030667 0.032122 0.042594 0.059276
0.6422 0.30563 0.11849 0.14229 0.099263 0.31404 0.46113 0.4976 0.46503 0.3825 0.23383 0.16961 0.16162 0.16971 0.17774 0.18341 0.18768 0.19162 0.1958 0.20041 0.20546 0.21089 0.21661 0.22236 0.22766 0.23179 0.23393 0.23331 0.2294 0.22207 0.21157 0.19849 0.18367 0.16799 0.15226 0.13712 0.12298 0.10996 0.097912 0.086479 0.075159 0.063379 0.050584 0.036663 0.021967 0.0090708 0.017186 0.036291 0.058086
0.40425 0.65494 0.60684 0.51174 0.42829 0.36303 0.385 0.39408 0.35324 0.24197 0.072685 0.042195 0.10806 0.14725 0.16942 0.18146 0.18774 0.19102 0.19306 0.195 0.19768 0.20165 0.20714 0.21391 0.22129 0.2282 0.23344 0.23591 0.23485 0.23 0.22154 0.21005 0.19632 0.18123 0.16559 0.15003 0.13498 0.12061 0.10688 0.093555 0.080276 0.066612 0.05218 0.037173 0.022895 0.015946 0.026857 0.046014 0.06828
0.17837 0.44562 0.55285 0.47195 0.32008 0.23581 0.29693 0.37718 0.41091 0.36948 0.23495 0.16739 0.1547 0.16332 0.17385 0.18071 0.18352 0.1835 0.18222 0.18122 0.18191 0.18529 0.19174 0.20086 0.2115 0.2221 0.23102 0.23691 0.23887 0.23661 0.23032 0.22058 0.20822 0.19411 0.17902 0.16362 0.14833 0.13342 0.11896 0.10487 0.09104 0.077362 0.063952 0.051921 0.04389 0.043385 0.052011 0.067652 0.087765
0.24705 0.25155 0.29383 0.31663 0.17708 0.094921 0.22629 0.36859 0.44536 0.44216 0.31837 0.24094 0.20336 0.18809 0.18244 0.17891 0.17438 0.16855 0.16258 0.1583 0.15761 0.16184 0.17113 0.18438 0.19965 0.21474 0.22771 0.23709 0.24204 0.24233 0.23826 0.23049 0.21984 0.20716 0.19323 0.17867 0.16394 0.14936 0.13513 0.12138 0.10822 0.095861 0.084697 0.075963 0.071687 0.073344 0.081363 0.095 0.11304
0.55222 0.42927 0.2966 0.18193 0.13169 0.23695 0.31653 0.36955 0.38255 0.36246 0.27904 0.23606 0.2126 0.19657 0.18363 0.17135 0.15852 0.1454 0.13362 0.12588 0.12506 0.13259 0.14746 0.16692 0.18792 0.20783 0.22468 0.23719 0.24476 0.24738 0.24551 0.23987 0.23131 0.22061 0.20847 0.19548 0.18209 0.16866 0.1555 0.14289 0.13114 0.12057 0.11157 0.10512 0.10281 0.10542 0.11308 0.12544 0.14181
0.58542 0.58216 0.4162 0.32606 0.3007 0.33906 0.36296 0.31117 0.2161 0.15941 0.17484 0.19721 0.20152 0.19309 0.17757 0.15827 0.13697 0.11528 0.09604 0.084319 0.085937 0.10136 0.1253 0.15241 0.17913 0.20314 0.22292 0.23768 0.24718 0.25172 0.25193 0.24859 0.24249 0.23431 0.22464 0.21393 0.20259 0.19101 0.17955 0.16861 0.15856 0.14979 0.14251 0.1375 0.13622 0.1392 0.14648 0.15781 0.17275
0.18724 0.10965 0.37005 0.53958 0.51758 0.45684 0.42762 0.32299 0.17866 0.096797 0.14967 0.18831 0.19979 0.19239 0.17314 0.14714 0.11746 0.085945 0.055138 0.034849 0.047017 0.078084 0.11238 0.14566 0.17596 0.20199 0.22296 0.23859 0.24907 0.25498 0.25711 0.25625 0.25304 0.24797 0.24141 0.23364 0.22499 0.21581 0.20651 0.19754 0.18931 0.18219 0.17622 0.17209 0.17129 0.17428 0.18107 0.19143 0.20504
0.52476 0.69587 0.60588 0.42677 0.44607 0.54528 0.56412 0.47183 0.36342 0.29875 0.24063 0.22849 0.22224 0.20703 0.18229 0.15122 0.11668 0.080449 0.044411 0.020538 0.0442 0.080399 0.11637 0.14986 0.17956 0.20458 0.22449 0.23938 0.24978 0.25654 0.2605 0.26237 0.26255 0.26122 0.25841 0.25421 0.2488 0.24247 0.23565 0.22882 0.22243 0.2168 0.21185 0.2082 0.20753 0.21027 0.21643 0.22579 0.23806
0.4659 0.74601 0.63318 0.30059 0.46141 0.62821 0.63807 0.52508 0.42987 0.40083 0.33013 0.29306 0.26859 0.24302 0.21294 0.17972 0.14589 0.11432 0.089426 0.078686 0.087173 0.10925 0.13651 0.16389 0.18872 0.20967 0.22631 0.23892 0.24832 0.25555 0.26145 0.2665 0.27071 0.27378 0.27539 0.27533 0.2736 0.27047 0.26636 0.26177 0.2572 0.25292 0.24875 0.24531 0.24449 0.24679 0.25217 0.26046 0.27137
0.60423 0.8927 0.99645 0.87858 0.78658 0.6783 0.54941 0.3475 0.30228 0.41655 0.40501 0.36856 0.33255 0.29756 0.26252 0.22803 0.19574 0.16786 0.14715 0.13656 0.13752 0.14826 0.16477 0.18306 0.20028 0.21489 0.2265 0.23565 0.24345 0.25113 0.25941 0.26837 0.27741 0.28566 0.29231 0.29685 0.29918 0.29948 0.2982 0.29589 0.29307 0.29001 0.28642 0.28297 0.28181 0.28348 0.28797 0.29508 0.30455
0.27553 0.57978 0.74164 0.78668 0.80942 0.67766 0.46655 0.15766 0.24512 0.48197 0.49167 0.44924 0.40338 0.36058 0.32108 0.2849 0.25263 0.22536 0.2044 0.19099 0.18559 0.18723 0.19365 0.20215 0.21047 0.21736 0.22279 0.22778 0.23389 0.24251 0.25412 0.26806 0.28293 0.29713 0.30937 0.31889 0.32547 0.32931 0.33089 0.33081 0.32964 0.32765 0.32447 0.32083 0.31914 0.32003 0.32349 0.32933 0.3373
0.21599 0.15704 0.17836 0.36569 0.76316 0.83272 0.74585 0.5959 0.5763 0.66067 0.59046 0.52271 0.46738 0.41987 0.37791 0.34061 0.30776 0.27962 0.25669 0.23945 0.22792 0.2214 0.21841 0.2171 0.21596 0.21435 0.21295 0.21358 0.21853 0.22934 0.24583 0.26623 0.28802 0.30886 0.32706 0.34172 0.35258 0.35992 0.36426 0.36629 0.36661 0.36552 0.36258 0.35856 0.35619 0.35616 0.35847 0.36295 0.36932
0.20433 0.26407 0.40775 0.56586 0.8797 0.99012 0.98716 0.87321 0.79684 0.78855 0.65351 0.56907 0.51193 0.46577 0.42533 0.38899 0.35625 0.32711 0.30177 0.28039 0.26285 0.24857 0.2365 0.22541 0.21443 0.20375 0.19508 0.19163 0.19678 0.212 0.23566 0.26421 0.2939 0.3218 0.34606 0.36575 0.38072 0.39133 0.39822 0.40214 0.40375 0.40336 0.40046 0.39591 0.3927 0.39162 0.39268 0.39569 0.40041
0.41773 0.50876 0.7106 0.80037 0.91445 0.93205 0.90975 0.78846 0.72075 0.74167 0.64034 0.57497 0.53067 0.49395 0.45998 0.42742 0.3962 0.36664 0.33904 0.31357 0.29015 0.26832 0.24729 0.22627 0.20496 0.1844 0.16785 0.16097 0.169 0.19225 0.22594 0.26415 0.30224 0.33715 0.36713 0.39145 0.41012 0.42362 0.43272 0.43823 0.44087 0.44095 0.4379 0.43264 0.42845 0.4262 0.4259 0.42738 0.43036
0.60944 0.56941 0.51529 0.49094 0.68066 0.70917 0.60913 0.408 0.39298 0.55735 0.5656 0.54622 0.52675 0.5063 0.48289 0.45652 0.42816 0.39889 0.36943 0.34016 0.31111 0.28194 0.25207 0.22092 0.18853 0.15663 0.13068 0.12144 0.1376 0.17416 0.22041 0.26882 0.3149 0.35607 0.391 0.41923 0.44097 0.45684 0.4677 0.47443 0.4778 0.4781 0.47469 0.46856 0.46325 0.45972 0.45798 0.45784 0.45904
0.64394 0.60623 0.26999 0.20831 0.5472 0.62124 0.50217 0.21519 0.16855 0.41902 0.48686 0.50445 0.51147 0.50962 0.49833 0.47914 0.45437 0.42597 0.39517 0.36259 0.32842 0.29245 0.25421 0.21315 0.16919 0.12381 0.084223 0.074792 0.1102 0.16495 0.22382 0.28101 0.33352 0.37955 0.41822 0.44937 0.47338 0.49098 0.50308 0.51062 0.51438 0.51464 0.51067 0.5035 0.49696 0.49205 0.48879 0.48697 0.48632
0.45983 0.67002 0.56041 0.47874 0.62026 0.69387 0.6478 0.4791 0.37806 0.42511 0.44298 0.47268 0.49935 0.51287 0.51192 0.4992 0.478 0.45084 0.4193 0.38421 0.3459 0.30433 0.25914 0.20983 0.15597 0.097489 0.036004 0.037151 0.10443 0.17331 0.24019 0.30275 0.35914 0.40812 0.44907 0.48199 0.50735 0.52595 0.53874 0.54666 0.55046 0.55041 0.54567 0.53732 0.52944 0.52306 0.51821 0.51467 0.51214
0.33392 0.34664 0.24919 0.40618 0.65238 0.70892 0.65744 0.50096 0.3943 0.41299 0.4269 0.46615 0.50247 0.52365 0.52866 0.52043 0.50224 0.47659 0.44508 0.40863 0.36774 0.32259 0.27322 0.21963 0.16228 0.10334 0.055903 0.072627 0.13431 0.20307 0.27093 0.3346 0.392 0.44183 0.48348 0.51695 0.54274 0.56162 0.57452 0.58236 0.58588 0.58526 0.57956 0.56991 0.56058 0.55268 0.54618 0.54087 0.53643
0.16846 0.2803 0.2469 0.39277 0.63547 0.63349 0.50942 0.27999 0.18112 0.35934 0.44505 0.49256 0.52596 0.54559 0.55153 0.54552 0.5297 0.50587 0.47531 0.43892 0.3974 0.35133 0.30138 0.24871 0.19598 0.14986 0.12617 0.14234 0.19004 0.25089 0.31451 0.37571 0.43152 0.48025 0.5211 0.55397 0.57927 0.59773 0.6102 0.61756 0.62047 0.61904 0.61223 0.60116 0.59032 0.58083 0.57266 0.56555 0.55919
0.10841 0.27289 0.48596 0.57078 0.67859 0.62425 0.4942 0.28039 0.24193 0.45114 0.52225 0.54866 0.56628 0.57769 0.58112 0.5758 0.56197 0.54033 0.51169 0.47685 0.43669 0.39225 0.34492 0.297 0.25256 0.21884 0.20598 0.22072 0.25904 0.31097 0.36795 0.42432 0.47655 0.52257 0.56133 0.59258 0.61659 0.63398 0.64554 0.65204 0.65407 0.65164 0.64357 0.63099 0.61858 0.60747 0.59761 0.5887 0.58041
0.66745 0.55612 0.50222 0.61003 0.72269 0.69322 0.66485 0.59084 0.5776 0.66597 0.63477 0.61691 0.61382 0.61583 0.61622 0.61131 0.59951 0.58052 0.55466 0.52261 0.48542 0.44448 0.40171 0.35998 0.32357 0.29834 0.29055 0.30344 0.33477 0.37848 0.42805 0.47832 0.52564 0.56775 0.6034 0.63219 0.65423 0.67004 0.68027 0.6856 0.68652 0.68292 0.67349 0.65934 0.64533 0.63259 0.62103 0.61034 0.60013
0.54305 0.237 0.18538 0.45539 0.58889 0.63768 0.73094 0.7636 0.78378 0.82987 0.72552 0.67432 0.65806 0.65528 0.65483 0.65119 0.64184 0.62591 0.60343 0.57503 0.54183 0.50542 0.46794 0.43233 0.40243 0.38274 0.37732 0.38807 0.41358 0.44986 0.49201 0.53561 0.57725 0.61465 0.64647 0.67216 0.69172 0.70553 0.71412 0.71804 0.71766 0.71278 0.70192 0.68618 0.67056 0.6562 0.64296 0.63049 0.61838
0.31018 0.39775 0.26406 0.22937 0.27075 0.43286 0.62993 0.73421 0.79679 0.86063 0.75557 0.70547 0.6924 0.69278 0.69509 0.69417 0.68778 0.67517 0.65639 0.63205 0.60331 0.57177 0.53957 0.50943 0.48461 0.46854 0.46408 0.47251 0.49288 0.52243 0.55744 0.59426 0.62987 0.66211 0.68964 0.71182 0.72856 0.74008 0.7468 0.74915 0.74736 0.74113 0.7288 0.71148 0.69427 0.67831 0.66342 0.64921 0.63525
0.48448 0.53408 0.34584 0.16492 0.078994 0.26577 0.44556 0.54028 0.63281 0.75789 0.72298 0.71036 0.71684 0.72769 0.73589 0.73887 0.73578 0.72654 0.71147 0.69124 0.66698 0.64023 0.61295 0.58753 0.56668 0.55306 0.54881 0.55487 0.5706 0.59404 0.62234 0.65256 0.68211 0.70904 0.73208 0.75055 0.76426 0.77334 0.77806 0.77875 0.77551 0.76789 0.75411 0.73523 0.71648 0.69897 0.68248 0.66657 0.6508
0.71807 0.65627 0.33583 0.22143 0.22164 0.21702 0.24212 0.24799 0.37104 0.59292 0.66404 0.70494 0.73758 0.76166 0.77688 0.78406 0.78417 0.77806 0.76644 0.7501 0.7301 0.70783 0.68499 0.66363 0.64596 0.63408 0.62965 0.63342 0.64498 0.66291 0.68504 0.70904 0.73275 0.75446 0.773 0.78772 0.79837 0.80496 0.80767 0.80668 0.80199 0.79301 0.77783 0.75745 0.73721 0.71822 0.70019 0.68267 0.66515
0.52523 0.57857 0.14425 0.19501 0.28082 0.2242 0.16444 0.07044 0.22949 0.50882 0.63877 0.71265 0.76325 0.79723 0.81799 0.82854 0.83125 0.82777 0.81918 0.80633 0.79021 0.772 0.75314 0.73529 0.72025 0.70971 0.70497 0.70666 0.71453 0.72758 0.74416 0.76246 0.78071 0.79748 0.81173 0.82283 0.8305 0.83467 0.83542 0.83281 0.82673 0.81646 0.79995 0.77816 0.75653 0.73613 0.71665 0.69758 0.67839
0.69614 0.64561 0.41 0.38428 0.44277 0.37669 0.34321 0.33339 0.40725 0.59907 0.68405 0.74821 0.79941 0.83589 0.85882 0.87104 0.87535 0.87382 0.86771 0.8579 0.84522 0.83064 0.81531 0.80056 0.78781 0.7784 0.77338 0.7733 0.77802 0.78685 0.79858 0.8118 0.82513 0.83738 0.84766 0.8554 0.8603 0.86222 0.86115 0.85704 0.84967 0.83823 0.82049 0.79741 0.77449 0.75279 0.73195 0.71141 0.69064
0.32546 0.64587 0.69913 0.61962 0.57658 0.46047 0.42908 0.4755 0.5923 0.76078 0.77729 0.80717 0.84507 0.87686 0.8982 0.91009 0.91487 0.91454 0.91036 0.90309 0.89341 0.88205 0.86989 0.85792 0.84726 0.83893 0.8338 0.83232 0.83446 0.83979 0.84739 0.85626 0.8653 0.87357 0.88033 0.88508 0.8875 0.88742 0.88472 0.8793 0.8708 0.85831 0.83949 0.81524 0.79116 0.76827 0.74616 0.72427 0.70201
0.52736 0.58002 0.64343 0.59364 0.48437 0.31744 0.33245 0.50199 0.70164 0.89564 0.87362 0.87294 0.89398 0.91716 0.93417 0.94404 0.94827 0.94848 0.94572 0.94056 0.93349 0.92499 0.91568 0.90627 0.89758 0.89039 0.88538 0.88296 0.88314 0.88567 0.88994 0.8952 0.90066 0.90558 0.90937 0.91157 0.91189 0.91011 0.90606 0.89953 0.8901 0.87674 0.85699 0.83172 0.80661 0.78265 0.75941 0.73627 0.71263
0.36272 0.36918 0.43712 0.45414 0.34132 0.076162 0.22808 0.50469 0.75165 0.97459 0.94513 0.93001 0.93851 0.95283 0.96431 0.97117 0.97418 0.97447 0.97274 0.96934 0.96453 0.95859 0.95187 0.94485 0.93809 0.93216 0.92758 0.92468 0.92353 0.92403 0.92575 0.92822 0.93085 0.9331 0.93451 0.93468 0.93333 0.93022 0.92512 0.91774 0.90759 0.89354 0.87304 0.84693 0.82093 0.79603 0.77177 0.74751 0.72261
0.10631 0.083593 0.30577 0.42856 0.47159 0.35612 0.38056 0.54126 0.76031 0.99991 0.98472 0.97037 0.97279 0.9801 0.98627 0.98993 0.9915 0.99164 0.99071 0.9888 0.98599 0.98234 0.97802 0.97327 0.96845 0.96393 0.96009 0.95721 0.95537 0.95457 0.95456 0.95504 0.95562 0.95592 0.95558 0.95427 0.95173 0.94769 0.94186 0.93392 0.92329 0.90877 0.88771 0.86092 0.83419 0.8085 0.78336 0.75809 0.73206
0.44414 0.24719 0.13867 0.39698 0.57326 0.50994 0.4778 0.53984 0.72751 0.98778 0.99881 0.99293 0.99365 0.99622 0.99817 0.99916 0.99948 0.99949 0.99925 0.99866 0.99764 0.99609 0.99399 0.99143 0.98857 0.98563 0.98286 0.98048 0.97857 0.97721 0.97625 0.97555 0.97487 0.97394 0.97252 0.97031 0.96707 0.96251 0.95633 0.94812 0.93726 0.92249 0.90107 0.87378 0.84648 0.82015 0.79425 0.76811 0.74108
0.67025 0.36889 0.2532 0.40352 0.52584 0.43764 0.37309 0.44163 0.66743 0.96438 0.99921 1 0.99997 0.99963 0.99891 0.99821 0.99781 0.99789 0.99835 0.99898 0.99958 0.99995 0.99995 0.9995 0.99863 0.99743 0.99604 0.99463 0.99325 0.99201 0.99086 0.98977 0.98859 0.98717 0.98532 0.98279 0.97936 0.97473 0.96855 0.96039 0.94957 0.93477 0.91319 0.88559 0.85788 0.83104 0.80454 0.77767 0.74977
0.82117 0.62607 0.40389 0.41236 0.41938 0.24638 0.10344 0.32735 0.63546 0.95667 0.99481 0.99376 0.99172 0.98989 0.98821 0.98703 0.9866 0.98706 0.9883 0.9901 0.99219 0.99433 0.99628 0.99788 0.99902 0.99971 0.99998 0.99995 0.99964 0.99918 0.99857 0.99783 0.9969 0.99569 0.99405 0.9918 0.98868 0.98441 0.9786 0.9708 0.96028 0.94569 0.92415 0.89642 0.86847 0.84128 0.81431 0.78684 0.75821
0.5987 0.44007 0.38872 0.46718 0.46202 0.30943 0.22886 0.39609 0.67756 0.97178 0.98588 0.97433 0.96931 0.96751 0.96659 0.96615 0.96638 0.96755 0.96967 0.97259 0.97606 0.97982 0.9836 0.98715 0.99031 0.99299 0.99517 0.99689 0.99814 0.99906 0.99964 0.99995 0.99997 0.99965 0.99886 0.99744 0.99514 0.99164 0.98657 0.97943 0.96948 0.95532 0.93402 0.90634 0.87831 0.85091 0.82361 0.79569 0.76648
0.27825 0.07239 0.34761 0.54508 0.57653 0.49603 0.48069 0.5615 0.75578 0.98806 0.96439 0.94018 0.93356 0.93379 0.93525 0.93658 0.93804 0.94017 0.94325 0.94724 0.95197 0.95721 0.96265 0.96805 0.9732 0.97794 0.98221 0.98599 0.98925 0.99207 0.99445 0.99646 0.99808 0.99927 0.99993 0.99987 0.99885 0.99656 0.99257 0.98639 0.97726 0.96374 0.94289 0.91544 0.88747 0.86002 0.83253 0.80429 0.77463
0.36692 0.40158 0.42119 0.5102 0.54729 0.54621 0.58877 0.6579 0.79761 0.97282 0.92025 0.89012 0.88612 0.89078 0.89591 0.89969 0.90271 0.90596 0.91 0.91498 0.92084 0.92738 0.93433 0.94144 0.9485 0.95533 0.96182 0.96791 0.97353 0.97871 0.98342 0.9877 0.99152 0.99482 0.99747 0.99928 1 0.99928 0.99672 0.99179 0.98371 0.97105 0.95082 0.92376 0.89602 0.86865 0.84111 0.81269 0.78273
0.21177 0.34797 0.40254 0.32135 0.36262 0.45464 0.55083 0.64243 0.76297 0.90454 0.84828 0.82543 0.82985 0.84109 0.85057 0.85702 0.86169 0.86606 0.87101 0.87687 0.88368 0.89132 0.89958 0.90824 0.9171 0.92598 0.93476 0.94334 0.95161 0.95954 0.96704 0.97411 0.98067 0.9866 0.99175 0.99589 0.99876 0.99998 0.99915 0.99572 0.98893 0.97732 0.95789 0.93138 0.90402 0.87686 0.84939 0.82093 0.79079
0.042655 0.33808 0.38392 0.13647 0.16162 0.29626 0.41807 0.5344 0.65006 0.78166 0.75214 0.751 0.76877 0.78761 0.80134 0.81019 0.81632 0.82167 0.82739 0.83397 0.84155 0.85008 0.85942 0.86942 0.87992 0.89077 0.90185 0.91303 0.92416 0.93515 0.94584 0.95614 0.9659 0.97494 0.98304 0.98994 0.99532 0.99882 1 0.99832 0.99302 0.98264 0.96417 0.93836 0.9115 0.88468 0.85742 0.82903 0.79887
0.48325 0.59612 0.47948 0.19677 0.084611 0.14119 0.25956 0.37574 0.48006 0.62165 0.64492 0.67495 0.70755 0.73318 0.75014 0.76071 0.76789 0.774 0.78031 0.78741 0.79552 0.80468 0.81485 0.82595 0.83789 0.85058 0.86391 0.87774 0.89187 0.90616 0.92035 0.93426 0.94763 0.96019 0.97164 0.98167 0.98991 0.99597 0.99941 0.9997 0.99607 0.98708 0.96972 0.94475 0.91852 0.89216 0.86522 0.83703 0.80696
0.85914 0.82149 0.55062 0.24767 0.081356 0.025355 0.13133 0.20385 0.28412 0.45972 0.54725 0.60675 0.65052 0.68012 0.69856 0.7099 0.71765 0.7242 0.73087 0.73826 0.74666 0.75618 0.76689 0.77881 0.79196 0.80629 0.82176 0.83822 0.85543 0.87319 0.89114 0.90896 0.92628 0.94271 0.95787 0.97134 0.98273 0.99161 0.99753 0.99997 0.99818 0.99074 0.97461 0.9506 0.92511 0.89932 0.87281 0.84494 0.81509
0.97486 0.84666 0.62555 0.34642 0.14705 0.032162 0.064643 0.051036 0.12105 0.35401 0.48158 0.55401 0.60054 0.62992 0.64778 0.65887 0.66666 0.67336 0.68014 0.68757 0.69597 0.70556 0.7165 0.72894 0.74301 0.75877 0.77621 0.79522 0.81554 0.83687 0.85875 0.88073 0.90229 0.92289 0.94203 0.95922 0.974 0.98592 0.99451 0.99927 0.99946 0.99367 0.9789 0.95596 0.93131 0.9062 0.88022 0.85277 0.82325
0.58156 0.56302 0.66407 0.43828 0.196 0.052089 0.11219 0.1425 0.1866 0.35917 0.45918 0.51912 0.55828 0.58313 0.59852 0.60849 0.61589 0.62244 0.62909 0.6363 0.64442 0.65376 0.6646 0.67723 0.69191 0.70882 0.72803 0.74946 0.77285 0.7978 0.82375 0.85007 0.87608 0.90109 0.92445 0.94558 0.96395 0.97908 0.99049 0.9977 0.99998 0.99596 0.98263 0.96086 0.93715 0.9128 0.88745 0.86051 0.83143
0.32796 0.39977 0.6714 0.49947 0.26838 0.16773 0.23497 0.29279 0.33893 0.43807 0.46933 0.49815 0.52231 0.5395 0.55113 0.55943 0.56613 0.57232 0.57859 0.58533 0.59289 0.60165 0.61205 0.62452 0.63946 0.65721 0.67794 0.70163 0.728 0.75658 0.78666 0.81746 0.84808 0.87768 0.90545 0.93069 0.9528 0.97127 0.98562 0.99537 0.99984 0.99766 0.98588 0.96534 0.94265 0.91914 0.8945 0.86818 0.83964
0.83139 0.7298 0.70099 0.59203 0.43552 0.33886 0.37605 0.42146 0.4616 0.52045 0.48934 0.48341 0.48992 0.4983 0.50575 0.51221 0.51809 0.52374 0.52943 0.53545 0.54215 0.55003 0.55963 0.57157 0.58642 0.60467 0.62663 0.65237 0.68159 0.71376 0.74801 0.78336 0.81872 0.85302 0.88532 0.91479 0.94076 0.96267 0.98004 0.99241 0.99912 0.99886 0.98867 0.96944 0.94783 0.92524 0.90139 0.87576 0.84784
0.95238 0.80832 0.65543 0.6669 0.60523 0.49336 0.49205 0.50894 0.53672 0.57328 0.5011 0.46748 0.45836 0.45873 0.46244 0.46725 0.47231 0.47733 0.48228 0.48735 0.49293 0.4996 0.50806 0.51908 0.53344 0.55182 0.57471 0.60226 0.63419 0.66988 0.70829 0.74824 0.78839 0.82748 0.86439 0.89816 0.92803 0.95344 0.97388 0.98891 0.99792 0.99961 0.99106 0.97319 0.95272 0.9311 0.9081 0.88323 0.85603
0.55752 0.45572 0.45227 0.66119 0.69221 0.58068 0.55072 0.54196 0.56047 0.58781 0.49599 0.44556 0.42562 0.42021 0.42125 0.42489 0.42927 0.43361 0.43768 0.44161 0.44583 0.451 0.45796 0.46767 0.48114 0.49927 0.52275 0.55185 0.58631 0.62543 0.66798 0.71252 0.75749 0.8014 0.84294 0.88102 0.91483 0.94374 0.96726 0.98498 0.99629 0.99996 0.99308 0.97661 0.95732 0.93673 0.91464 0.8906 0.86417
0.37577 0.22464 0.28888 0.59733 0.67839 0.5843 0.54035 0.51832 0.53743 0.56655 0.4725 0.41584 0.39075 0.38252 0.38234 0.38541 0.38932 0.393 0.39609 0.39873 0.40138 0.40478 0.4099 0.41791 0.43006 0.44752 0.47123 0.50161 0.53845 0.58089 0.62752 0.67664 0.7264 0.77511 0.82125 0.86363 0.90134 0.93373 0.96032 0.9807 0.99432 0.99996 0.99478 0.97974 0.96166 0.94213 0.92099 0.89784 0.87226
0.49365 0.44148 0.35945 0.51616 0.59134 0.52 0.46979 0.44726 0.47866 0.51744 0.43316 0.37872 0.35384 0.34581 0.3459 0.34907 0.35274 0.35577 0.35785 0.35909 0.36001 0.36141 0.36438 0.37029 0.38066 0.39701 0.42058 0.45199 0.49103 0.53671 0.58736 0.64099 0.69549 0.74892 0.79959 0.84619 0.88774 0.92356 0.95316 0.97617 0.99206 0.99968 0.99619 0.98258 0.96574 0.9473 0.92716 0.90495 0.88026
0.51132 0.41713 0.39825 0.42276 0.47451 0.42209 0.36143 0.34595 0.39902 0.45044 0.38222 0.33589 0.31564 0.31049 0.3122 0.31604 0.31967 0.32213 0.32318 0.32299 0.32208 0.3213 0.32184 0.32525 0.33337 0.34815 0.37119 0.40336 0.44446 0.49329 0.54789 0.60596 0.6651 0.72313 0.77822 0.82893 0.8742 0.91335 0.94589 0.97146 0.98959 0.99915 0.99733 0.98516 0.96957 0.95225 0.93314 0.91189 0.88815
0.21753 0.26438 0.35016 0.31233 0.3667 0.32799 0.24294 0.23457 0.31405 0.37506 0.32415 0.28955 0.27731 0.27713 0.28149 0.28641 0.29017 0.29214 0.29222 0.29062 0.28787 0.28481 0.28268 0.28319 0.28856 0.30124 0.32335 0.35606 0.39911 0.45104 0.50953 0.57192 0.63555 0.69804 0.75737 0.81202 0.86088 0.90323 0.9386 0.96665 0.98695 0.9984 0.99824 0.98749 0.97316 0.95697 0.93891 0.91866 0.8959
0.36806 0.27115 0.26433 0.18874 0.29149 0.26634 0.14475 0.13277 0.23698 0.29866 0.26277 0.24201 0.24017 0.24637 0.25395 0.26019 0.26418 0.26575 0.26497 0.26207 0.25756 0.25222 0.24725 0.24451 0.24658 0.25657 0.27733 0.31037 0.35534 0.41035 0.47265 0.53923 0.60717 0.67389 0.73725 0.79564 0.8479 0.8933 0.93137 0.96181 0.9842 0.99749 0.99893 0.9896 0.97651 0.96146 0.94446 0.92525 0.9035
0.50779 0.33447 0.19237 0.070219 0.25751 0.24597 0.10724 0.063279 0.17612 0.2258 0.20098 0.1955 0.20564 0.21879 0.22972 0.23729 0.24157 0.24284 0.24134 0.23734 0.23127 0.22376 0.21592 0.20959 0.20775 0.21438 0.23332 0.26657 0.31349 0.37162 0.43765 0.50825 0.58025 0.65094 0.71807 0.77995 0.83541 0.88367 0.9243 0.95699 0.98137 0.99643 0.99944 0.99148 0.97963 0.96571 0.9498 0.93163 0.91092
0.40959 0.3622 0.2178 0.1155 0.26393 0.25358 0.13204 0.060679 0.13318 0.15856 0.14083 0.15241 0.17516 0.19491 0.20881 0.21753 0.22207 0.22315 0.22113 0.21631 0.20897 0.19958 0.18898 0.17887 0.17249 0.17489 0.19147 0.22489 0.27395 0.33525 0.40492 0.47929 0.55506 0.62939 0.69999 0.7651 0.8235 0.87442 0.91743 0.95224 0.97852 0.99526 0.99978 0.99316 0.98252 0.96974 0.9549 0.93778 0.91814
0.27351 0.3604 0.30871 0.2335 0.29834 0.27183 0.16628 0.086914 0.10539 0.098634 0.084086 0.11584 0.15023 0.17511 0.19114 0.20065 0.20539 0.20636 0.20406 0.19872 0.19054 0.17971 0.16672 0.15285 0.14131 0.13836 0.15188 0.18562 0.23713 0.3017 0.37483 0.45267 0.53184 0.60945 0.68317 0.75119 0.81227 0.86563 0.91083 0.94762 0.97566 0.994 0.99996 0.99464 0.98519 0.97352 0.95976 0.94371 0.92513
0.099151 0.34254 0.37129 0.32299 0.34196 0.29245 0.19431 0.10988 0.093765 0.055937 0.035415 0.090686 0.13223 0.15958 0.17652 0.18633 0.19115 0.1921 0.18973 0.18424 0.1757 0.16403 0.14927 0.13204 0.11496 0.10519 0.11462 0.14908 0.20359 0.27147 0.34779 0.42869 0.51081 0.59128 0.66773 0.73832 0.80179 0.85735 0.90454 0.94314 0.97283 0.99267 1 0.99593 0.98764 0.97707 0.96437 0.94938 0.93188
0.25377 0.36048 0.3694 0.37278 0.3822 0.31485 0.22167 0.13658 0.10546 0.065146 0.034825 0.082475 0.12186 0.14819 0.16463 0.17421 0.17896 0.17996 0.17772 0.17243 0.16403 0.15222 0.13658 0.11693 0.094576 0.076187 0.079714 0.11588 0.17405 0.24513 0.32419 0.4076 0.49216 0.57501 0.65377 0.72657 0.79213 0.84963 0.89861 0.93885 0.97005 0.99128 0.99991 0.99704 0.98986 0.98037 0.96872 0.95479 0.93837
0.40312 0.33665 0.30277 0.39045 0.41445 0.34009 0.25443 0.17368 0.13854 0.10941 0.074401 0.090348 0.11846 0.14046 0.15508 0.16391 0.16843 0.16951 0.16758 0.16278 0.15501 0.14377 0.12829 0.10766 0.081554 0.053428 0.047167 0.087186 0.14954 0.22328 0.30437 0.38962 0.47602 0.56073 0.64136 0.716 0.78333 0.8425 0.89306 0.93477 0.96734 0.98986 0.9997 0.99797 0.99187 0.98342 0.97281 0.95993 0.94458
0.38426 0.20067 0.21433 0.39084 0.43617 0.36553 0.29095 0.21748 0.18123 0.15678 0.11229 0.10606 0.12 0.13558 0.14738 0.15505 0.1592 0.16035 0.15884 0.15479 0.14804 0.13802 0.1237 0.10374 0.076725 0.04188 0.017025 0.06562 0.13135 0.20651 0.28861 0.37491 0.46248 0.54851 0.63054 0.70664 0.77541 0.83599 0.88791 0.93091 0.96471 0.98841 0.99937 0.99872 0.99365 0.98622 0.97663 0.96478 0.9505
0.41124 0.20227 0.21602 0.38314 0.44286 0.38395 0.32316 0.25905 0.22297 0.19868 0.14393 0.12261 0.12393 0.13254 0.14102 0.14726 0.15091 0.15211 0.15109 0.14797 0.14256 0.13424 0.12191 0.10409 0.079139 0.045751 0.011524 0.055981 0.12075 0.19525 0.27709 0.36353 0.45158 0.53836 0.62134 0.69849 0.76839 0.83012 0.88317 0.92728 0.96217 0.98693 0.99894 0.99929 0.99522 0.98877 0.98017 0.96935 0.95612
0.57473 0.40007 0.28888 0.36329 0.42971 0.38709 0.34214 0.29014 0.25658 0.23136 0.16796 0.1364 0.12806 0.13034 0.1355 0.14019 0.14325 0.14447 0.14398 0.14188 0.13802 0.13175 0.12198 0.10727 0.086321 0.059303 0.037167 0.060929 0.11827 0.1896 0.26981 0.35545 0.4433 0.53027 0.61374 0.69157 0.76227 0.82487 0.87884 0.92389 0.95973 0.98544 0.9984 0.9997 0.99656 0.99106 0.98343 0.97361 0.96143
0.58936 0.47013 0.30515 0.32125 0.39541 0.36976 0.34218 0.30565 0.27766 0.25264 0.18372 0.14583 0.13088 0.12815 0.13035 0.13354 0.13597 0.13717 0.13719 0.13617 0.13397 0.12998 0.12309 0.11201 0.095816 0.075657 0.060938 0.07555 0.12306 0.18926 0.26658 0.35058 0.43754 0.52419 0.60769 0.68584 0.75703 0.82025 0.87493 0.92074 0.95738 0.98393 0.99775 0.99993 0.99769 0.99309 0.98641 0.97756 0.96641
0.37528 0.39508 0.2323 0.25733 0.34415 0.33161 0.32223 0.3041 0.28436 0.26156 0.19106 0.15032 0.13154 0.12534 0.12521 0.12705 0.12886 0.12998 0.13048 0.13056 0.13009 0.12845 0.1246 0.11734 0.10599 0.09201 0.082784 0.093953 0.13324 0.19349 0.26706 0.34868 0.43419 0.52001 0.60315 0.68125 0.75265 0.81624 0.87141 0.91782 0.95513 0.9824 0.99701 1 0.99859 0.99486 0.98909 0.9812 0.97105
0.20689 0.29512 0.10921 0.1893 0.28413 0.27671 0.28562 0.28713 0.27697 0.25835 0.19038 0.14985 0.12965 0.12154 0.11979 0.12054 0.12172 0.12273 0.12368 0.12484 0.1261 0.12687 0.12608 0.12263 0.11596 0.10743 0.10281 0.11322 0.1468 0.20136 0.27075 0.34949 0.43307 0.51764 0.60003 0.67777 0.74909 0.81282 0.86829 0.91513 0.95296 0.98086 0.99615 0.99989 0.99927 0.99638 0.99148 0.98453 0.97536
0.2436 0.2686 0.034147 0.14278 0.22426 0.21182 0.23881 0.25863 0.25744 0.24433 0.18252 0.1448 0.12521 0.11658 0.11395 0.11384 0.11445 0.11529 0.11666 0.11887 0.12187 0.12502 0.12727 0.12752 0.12526 0.12164 0.12115 0.13216 0.16218 0.2119 0.2771 0.35268 0.43395 0.51692 0.59824 0.67533 0.74631 0.80995 0.86553 0.91264 0.95088 0.97929 0.99519 0.99961 0.99973 0.99763 0.99358 0.98753 0.97933
0.36543 0.28215 0.10055 0.1292 0.17194 0.14452 0.1897 0.22345 0.22883 0.2216 0.1687 0.13583 0.11847 0.1105 0.1076 0.10688 0.10692 0.10758 0.10933 0.11259 0.11731 0.12281 0.12802 0.13184 0.13373 0.13458 0.13794 0.15032 0.17835 0.22426 0.28557 0.35788 0.43662 0.5177 0.59767 0.67384 0.74425 0.8076 0.86312 0.91035 0.94888 0.9777 0.99413 0.99916 0.99997 0.99861 0.99538 0.99021 0.98295
0.45377 0.26665 0.139 0.13744 0.13418 0.081457 0.14584 0.18637 0.19464 0.19276 0.15042 0.12377 0.10986 0.10344 0.10077 0.099595 0.099097 0.099536 0.10165 0.10596 0.11239 0.1202 0.12828 0.13552 0.14131 0.14631 0.15331 0.16751 0.19468 0.23776 0.29563 0.36474 0.44083 0.51982 0.59821 0.67323 0.74286 0.80574 0.86103 0.90825 0.94693 0.97607 0.99295 0.99854 0.99998 0.99934 0.99688 0.99256 0.98622
0.46529 0.18784 0.15378 0.15698 0.11828 0.027138 0.11286 0.15129 0.15841 0.16061 0.12924 0.10955 0.099911 0.095658 0.093518 0.091983 0.09093 0.091125 0.093602 0.098992 0.10715 0.11724 0.12809 0.13858 0.14804 0.15692 0.1674 0.1837 0.2108 0.25189 0.30684 0.37294 0.44634 0.5231 0.59973 0.67341 0.74207 0.80431 0.85923 0.9063 0.94504 0.9744 0.99165 0.99774 0.99977 0.99979 0.99809 0.99459 0.98913
0.43047 0.052125 0.16507 0.18404 0.12531 0.018407 0.093031 0.12097 0.12335 0.12783 0.10671 0.094119 0.089228 0.087467 0.085971 0.084065 0.08241 0.082339 0.085217 0.091746 0.10167 0.114 0.12752 0.14109 0.15402 0.16653 0.18035 0.19891 0.22649 0.26629 0.31883 0.38217 0.45293 0.52738 0.60211 0.6743 0.74184 0.80327 0.85768 0.90449 0.94318 0.97268 0.99024 0.99676 0.99933 0.99999 0.999 0.99629 0.9917
0.47635 0.13354 0.19246 0.21645 0.14751 0.054446 0.084833 0.097129 0.092205 0.096796 0.084182 0.078385 0.078425 0.079195 0.078266 0.075888 0.073547 0.07319 0.076538 0.084314 0.096048 0.11059 0.12667 0.14316 0.15935 0.17528 0.1923 0.2132 0.24165 0.2807 0.33131 0.39217 0.46038 0.5325 0.60524 0.67581 0.74208 0.80259 0.85636 0.9028 0.94135 0.97091 0.9887 0.99561 0.99867 0.99993 0.99962 0.99767 0.99391
0.52183 0.24179 0.23857 0.2534 0.17794 0.08558 0.084581 0.080444 0.067166 0.069487 0.062749 0.063185 0.068094 0.071162 0.070558 0.067522 0.064369 0.063706 0.067644 0.076827 0.09045 0.10716 0.12567 0.14491 0.16414 0.1833 0.20337 0.22663 0.25621 0.29494 0.34405 0.40271 0.4685 0.53831 0.60899 0.67784 0.74274 0.80221 0.85524 0.90121 0.93953 0.96907 0.98703 0.99427 0.99779 0.9996 0.99994 0.99872 0.99578
0.40062 0.25799 0.2937 0.29413 0.21266 0.11329 0.08857 0.070131 0.049586 0.047522 0.04319 0.049284 0.058773 0.06366 0.063018 0.059069 0.054922 0.053929 0.058654 0.06947 0.085056 0.10387 0.12466 0.14645 0.16853 0.1907 0.21368 0.23928 0.27016 0.30891 0.35686 0.41359 0.47712 0.54466 0.61326 0.68032 0.74376 0.80208 0.85428 0.89969 0.9377 0.96716 0.98524 0.99276 0.99669 0.99902 0.99998 0.99946 0.9973
0.16842 0.22289 0.34965 0.33515 0.24739 0.13706 0.093517 0.063701 0.039094 0.032466 0.025962 0.037431 0.050918 0.056951 0.055845 0.050681 0.045279 0.043918 0.049745 0.062486 0.080085 0.10088 0.12378 0.14793 0.17264 0.19762 0.22334 0.25123 0.28351 0.32252 0.36961 0.42466 0.48609 0.55142 0.61795 0.68317 0.74507 0.80216 0.85344 0.89822 0.93585 0.96516 0.9833 0.99106 0.99537 0.99818 0.99973 0.99988 0.99847
0.17534 0.27815 0.39836 0.37029 0.27707 0.15508 0.096721 0.058033 0.032954 0.025713 0.011267 0.028478 0.044867 0.05127 0.0493 0.042607 0.03556 0.033753 0.041205 0.056201 0.075781 0.098389 0.12318 0.14946 0.17658 0.20417 0.23246 0.26256 0.29629 0.33572 0.38219 0.43579 0.49527 0.55848 0.62294 0.6863 0.74661 0.80242 0.85271 0.89678 0.93397 0.96308 0.98123 0.98918 0.99382 0.9971 0.9992 1 0.99931
0.38329 0.4193 0.42801 0.39381 0.29789 0.16611 0.096779 0.050947 0.027795 0.026139 0.0028559 0.023444 0.040826 0.046864 0.043757 0.03529 0.026006 0.023557 0.033531 0.051026 0.072394 0.096545 0.12297 0.15114 0.18045 0.21043 0.24113 0.27333 0.30853 0.3485 0.39453 0.44688 0.50456 0.56574 0.62816 0.68964 0.74832 0.80279 0.85204 0.89535 0.93205 0.9609 0.97901 0.98712 0.99206 0.99576 0.99838 0.9998 0.99982
0.60356 0.51487 0.42694 0.40364 0.30885 0.17069 0.094164 0.042088 0.022081 0.030037 0.012484 0.022879 0.038879 0.044018 0.039748 0.029541 0.017273 0.013633 0.027615 0.047428 0.070156 0.095492 0.12327 0.15308 0.18435 0.21652 0.24944 0.28363 0.32026 0.36084 0.40658 0.45783 0.51386 0.5731 0.63353 0.69314 0.75017 0.80326 0.85141 0.89391 0.93006 0.95861 0.97665 0.98487 0.99009 0.99417 0.9973 0.99931 1
0.73617 0.4954 0.39273 0.40202 0.31155 0.17102 0.091116 0.033518 0.017364 0.035279 0.021831 0.025966 0.039051 0.043051 0.037907 0.026618 0.011765 0.0059984 0.024798 0.045823 0.069235 0.095331 0.12415 0.15536 0.18835 0.22249 0.25746 0.2935 0.33151 0.37275 0.4183 0.46859 0.52309 0.58048 0.63897 0.69672 0.75209 0.80377 0.85079 0.89244 0.928 0.95621 0.97413 0.98244 0.9879 0.99235 0.99595 0.99852 0.99986
0.71834 0.35481 0.33802 0.39329 0.30834 0.16956 0.090493 0.030486 0.018764 0.041657 0.030809 0.031483 0.041379 0.044237 0.038712 0.027583 0.014083 0.010139 0.026027 0.046393 0.0697 0.096114 0.12567 0.15802 0.19252 0.22843 0.26525 0.303 0.34231 0.38421 0.42965 0.4791 0.53218 0.58781 0.64442 0.70033 0.75404 0.80429 0.85015 0.89091 0.92585 0.95368 0.97146 0.97983 0.98549 0.99029 0.99433 0.99745 0.99941
0.62761 0.15043 0.29013 0.381 0.3003 0.16741 0.093876 0.037238 0.02784 0.049699 0.040334 0.038933 0.04591 0.04768 0.042177 0.032139 0.021757 0.019417 0.030657 0.048984 0.071507 0.097838 0.12784 0.16111 0.1969 0.23437 0.27286 0.31219 0.35271 0.39524 0.44063 0.48931 0.54108 0.59503 0.64981 0.70393 0.75597 0.80479 0.84948 0.88933 0.92361 0.95104 0.96864 0.97704 0.98289 0.98799 0.99246 0.99609 0.99865
0.61375 0.16996 0.2767 0.36645 0.28663 0.16378 0.10063 0.050729 0.04122 0.060186 0.051377 0.048372 0.052647 0.053251 0.04785 0.039009 0.030848 0.029032 0.037237 0.053185 0.074509 0.10046 0.13068 0.16464 0.20152 0.24036 0.28034 0.32108 0.36272 0.40586 0.4512 0.4992 0.54974 0.60209 0.65511 0.70746 0.75786 0.80524 0.84874 0.88765 0.92126 0.94826 0.96566 0.97406 0.98008 0.98547 0.99034 0.99446 0.9976
0.65417 0.33421 0.2947 0.34902 0.26563 0.15694 0.10901 0.067176 0.057453 0.074004 0.064775 0.059974 0.061486 0.060651 0.055109 0.047079 0.04017 0.038447 0.044685 0.058507 0.078502 0.10388 0.13413 0.16862 0.2064 0.24642 0.28772 0.32973 0.37237 0.41607 0.46138 0.50874 0.55812 0.60894 0.66026 0.71088 0.75967 0.80562 0.84792 0.88589 0.9188 0.94534 0.96252 0.97091 0.97706 0.98273 0.98797 0.99257 0.99625
0.62543 0.40451 0.31639 0.32779 0.2363 0.14572 0.11786 0.085396 0.076742 0.092008 0.081085 0.073794 0.072208 0.069501 0.063389 0.055655 0.049324 0.047492 0.052401 0.064522 0.083262 0.108 0.13817 0.17303 0.21156 0.25258 0.29503 0.33815 0.38169 0.42587 0.47115 0.51791 0.56618 0.61556 0.66522 0.71416 0.76136 0.80589 0.84699 0.88401 0.91622 0.94228 0.95923 0.96758 0.97386 0.97977 0.98537 0.99041 0.99462
0.5014 0.36784 0.32465 0.30328 0.19922 0.13028 0.12715 0.10572 0.09987 0.11482 0.10053 0.08971 0.084497 0.079402 0.072233 0.064309 0.058104 0.056064 0.060052 0.070901 0.088577 0.1127 0.14273 0.17785 0.21697 0.25885 0.30228 0.34637 0.39069 0.43529 0.48051 0.52669 0.57392 0.62189 0.66997 0.71728 0.76291 0.80604 0.84595 0.88201 0.9135 0.93909 0.95578 0.96408 0.97046 0.9766 0.98253 0.98801 0.99273
0.33057 0.26203 0.32008 0.27808 0.15669 0.11251 0.1379 0.12908 0.1276 0.14268 0.12303 0.10744 0.09797 0.089963 0.081266 0.072745 0.066366 0.06408 0.067447 0.077408 0.094267 0.11787 0.14774 0.18304 0.22265 0.26523 0.30949 0.35441 0.39938 0.44433 0.48946 0.53507 0.58129 0.62793 0.67447 0.72019 0.7643 0.80605 0.84478 0.87988 0.91065 0.93574 0.95216 0.9604 0.96687 0.97323 0.97948 0.98536 0.99056
0.20297 0.16181 0.31103 0.25638 0.11305 0.096584 0.15161 0.15636 0.16029 0.17538 0.14821 0.12656 0.1122 0.1008 0.090174 0.080739 0.073993 0.071475 0.074465 0.083878 0.10019 0.1234 0.15313 0.18857 0.22855 0.27171 0.31666 0.36226 0.40779 0.453 0.498 0.54305 0.5883 0.63365 0.67871 0.72288 0.7655 0.80589 0.84346 0.87761 0.90765 0.93225 0.94839 0.95656 0.9631 0.96966 0.97621 0.98248 0.98815
0.25292 0.18289 0.30414 0.24244 0.078822 0.090064 0.16978 0.18806 0.19781 0.2123 0.1755 0.14658 0.12674 0.11156 0.098676 0.088104 0.080886 0.078193 0.081032 0.090202 0.10622 0.12921 0.15886 0.19439 0.23467 0.27828 0.32378 0.36995 0.4159 0.4613 0.50613 0.55062 0.59492 0.63902 0.68265 0.72533 0.76649 0.80556 0.84198 0.87519 0.90451 0.92861 0.94447 0.95255 0.95916 0.96589 0.97273 0.97937 0.98548
0.38889 0.26903 0.30088 0.2392 0.07881 0.10116 0.19351 0.22417 0.23949 0.25251 0.20418 0.16693 0.14114 0.12187 0.10652 0.094676 0.086962 0.084194 0.087101 0.096307 0.11228 0.13521 0.16484 0.20047 0.24097 0.28493 0.33087 0.37746 0.42374 0.46924 0.51386 0.55777 0.60115 0.64405 0.68629 0.72752 0.76727 0.80504 0.84033 0.87262 0.90122 0.92481 0.94039 0.94838 0.95504 0.96195 0.96905 0.97605 0.98259
0.47241 0.32263 0.29906 0.2472 0.11731 0.13022 0.22317 0.26415 0.28429 0.29481 0.2334 0.18701 0.15493 0.13141 0.11348 0.10032 0.092149 0.089451 0.092651 0.10215 0.11832 0.14134 0.17103 0.20676 0.24743 0.29165 0.3379 0.38481 0.43131 0.47683 0.52119 0.56451 0.60698 0.64871 0.68961 0.72944 0.76782 0.80433 0.83851 0.86989 0.89778 0.92087 0.93616 0.94405 0.95076 0.95782 0.96518 0.97251 0.97946
0.45398 0.31953 0.29584 0.2641 0.17076 0.17112 0.2583 0.30704 0.33087 0.33785 0.26228 0.20623 0.16769 0.13987 0.11935 0.1049 0.096394 0.09395 0.097678 0.10772 0.12429 0.14756 0.17739 0.21322 0.25401 0.29841 0.34487 0.39198 0.4386 0.48407 0.52811 0.57083 0.61241 0.653 0.6926 0.73107 0.76812 0.8034 0.83651 0.86699 0.89419 0.91678 0.93178 0.93957 0.94631 0.95352 0.96113 0.96878 0.97612
0.34481 0.26376 0.28917 0.28506 0.22657 0.21781 0.29761 0.35158 0.37775 0.38021 0.28993 0.22402 0.17903 0.14698 0.12394 0.10833 0.09966 0.097695 0.1022 0.11301 0.13018 0.15383 0.18387 0.21981 0.26069 0.30519 0.35177 0.39898 0.44562 0.49095 0.53464 0.57674 0.61743 0.65691 0.69526 0.73241 0.76818 0.80226 0.83432 0.86393 0.89044 0.91254 0.92725 0.93493 0.94171 0.94906 0.95689 0.96486 0.97257
0.19329 0.17545 0.27794 0.30426 0.27817 0.26542 0.33922 0.3963 0.42338 0.42053 0.3155 0.23986 0.1886 0.1525 0.12711 0.11053 0.10193 0.10071 0.10623 0.11803 0.13597 0.16012 0.19043 0.2265 0.26744 0.31197 0.35858 0.40579 0.45237 0.49749 0.54078 0.58223 0.62204 0.66044 0.69758 0.73346 0.76797 0.8009 0.83194 0.86069 0.88653 0.90815 0.92258 0.93016 0.93696 0.94444 0.95249 0.96075 0.96882
0.10405 0.10467 0.26162 0.31663 0.32055 0.30992 0.38095 0.43967 0.46627 0.45751 0.33826 0.2533 0.19611 0.15623 0.12874 0.11144 0.1032 0.10303 0.10984 0.12282 0.14167 0.16641 0.19706 0.23326 0.27423 0.31872 0.36529 0.41242 0.45884 0.50369 0.54652 0.58731 0.62625 0.66359 0.69955 0.7342 0.76751 0.79932 0.82937 0.85729 0.88247 0.90362 0.91776 0.92524 0.93207 0.93967 0.94793 0.95647 0.96489
0.14764 0.13046 0.23891 0.31912 0.34985 0.34811 0.42068 0.48018 0.50507 0.49007 0.35756 0.264 0.20133 0.15803 0.12873 0.11103 0.10351 0.10472 0.11307 0.1274 0.14728 0.1727 0.20371 0.24006 0.28102 0.32544 0.37188 0.41884 0.46503 0.50954 0.55188 0.59199 0.63005 0.66636 0.70117 0.73464 0.76678 0.79751 0.8266 0.85371 0.87826 0.89895 0.91281 0.92019 0.92704 0.93476 0.94321 0.95202 0.96077
0.18683 0.1805 0.20748 0.311 0.36359 0.37788 0.4566 0.51647 0.53862 0.51732 0.37297 0.2717 0.20413 0.15779 0.12703 0.1093 0.10291 0.10585 0.11599 0.13183 0.15282 0.17897 0.21038 0.24687 0.2878 0.33209 0.37833 0.42506 0.47094 0.51505 0.55685 0.59626 0.63345 0.66874 0.70245 0.73477 0.76579 0.79547 0.82363 0.84997 0.8739 0.89414 0.90773 0.91501 0.92187 0.92971 0.93835 0.94741 0.95648
0.21368 0.18768 0.16791 0.29314 0.36095 0.39841 0.48741 0.54743 0.56607 0.53868 0.38421 0.27628 0.20442 0.15546 0.12361 0.10627 0.10147 0.10654 0.11869 0.13615 0.15831 0.18522 0.21704 0.25367 0.29454 0.33865 0.38464 0.43106 0.47657 0.52022 0.56144 0.60012 0.63645 0.67075 0.70338 0.73459 0.76453 0.79321 0.82047 0.84606 0.86938 0.88919 0.90252 0.9097 0.91659 0.92452 0.93335 0.94266 0.95202
0.23487 0.14618 0.13221 0.26643 0.34304 0.41029 0.51237 0.57223 0.58682 0.55386 0.39119 0.27775 0.20222 0.15105 0.11846 0.10199 0.099314 0.10689 0.12125 0.14041 0.16377 0.19145 0.22368 0.26043 0.30122 0.34511 0.39079 0.43683 0.48191 0.52504 0.56565 0.60359 0.63905 0.67238 0.70397 0.73411 0.76301 0.79071 0.81712 0.84198 0.86472 0.8841 0.89719 0.90428 0.91118 0.91922 0.92822 0.93776 0.94742
0.25651 0.11431 0.12479 0.23047 0.31306 0.41531 0.53128 0.5904 0.60067 0.56286 0.39404 0.27622 0.19763 0.14461 0.11163 0.096543 0.096593 0.10706 0.12377 0.14466 0.16922 0.19766 0.23028 0.26714 0.30782 0.35144 0.39676 0.44237 0.48696 0.52953 0.56948 0.60667 0.64127 0.67365 0.70422 0.73333 0.76123 0.788 0.81358 0.83773 0.85992 0.87889 0.89174 0.89874 0.90566 0.91379 0.92296 0.93273 0.94266
0.32941 0.19079 0.14615 0.18348 0.27682 0.41605 0.54436 0.60178 0.60769 0.566 0.39307 0.27197 0.19084 0.13624 0.10317 0.090069 0.093502 0.10719 0.12634 0.14895 0.17468 0.20385 0.23684 0.27378 0.31432 0.35764 0.40254 0.44767 0.49171 0.53367 0.57294 0.60937 0.64311 0.67455 0.70413 0.73225 0.75918 0.78506 0.80984 0.83332 0.85498 0.87356 0.88618 0.8931 0.90003 0.90826 0.91759 0.92758 0.93778
0.45103 0.30615 0.16791 0.12371 0.24332 0.41532 0.55213 0.60653 0.60829 0.56387 0.38879 0.26539 0.18214 0.1261 0.093162 0.082747 0.090287 0.10747 0.12907 0.15333 0.18017 0.21001 0.24334 0.28033 0.32069 0.36367 0.40812 0.45271 0.49616 0.53748 0.57604 0.61168 0.64456 0.67509 0.70372 0.73088 0.75688 0.7819 0.80593 0.82876 0.8499 0.8681 0.8805 0.88735 0.8943 0.90263 0.91211 0.9223 0.93276
0.57667 0.40719 0.17883 0.051955 0.22426 0.41547 0.55519 0.60506 0.60314 0.55731 0.38186 0.25701 0.17194 0.11444 0.081711 0.074841 0.087244 0.10806 0.13202 0.15784 0.18569 0.21616 0.24978 0.28678 0.32693 0.36953 0.41348 0.4575 0.50032 0.54095 0.57878 0.61362 0.64565 0.67528 0.70298 0.72922 0.75434 0.77853 0.80183 0.82404 0.84469 0.86253 0.87472 0.8815 0.88847 0.89689 0.90652 0.91692 0.92762
0.69365 0.49246 0.19607 0.033012 0.22857 0.41788 0.55418 0.59797 0.59312 0.54733 0.37309 0.24749 0.16076 0.10157 0.06894 0.06674 0.084716 0.10913 0.13529 0.16251 0.19127 0.22228 0.25613 0.29311 0.33302 0.3752 0.41862 0.46202 0.50417 0.54409 0.58115 0.6152 0.64638 0.67512 0.70193 0.72727 0.75154 0.77495 0.79755 0.81918 0.83935 0.85685 0.86885 0.87556 0.88256 0.89107 0.90084 0.91143 0.92237
0.8101 0.58049 0.24502 0.11905 0.25455 0.42278 0.54962 0.58598 0.57922 0.53505 0.36338 0.23758 0.1493 0.08797 0.05499 0.059035 0.083077 0.11084 0.13893 0.16737 0.19691 0.22837 0.2624 0.2993 0.33893 0.38067 0.42352 0.46627 0.50771 0.54689 0.58318 0.61641 0.64675 0.67463 0.70057 0.72506 0.74851 0.77117 0.7931 0.81417 0.83389 0.85107 0.86287 0.86954 0.87656 0.88516 0.89507 0.90585 0.91701
0.92024 0.67773 0.3227 0.20219 0.29226 0.42943 0.5419 0.56983 0.5625 0.52162 0.35367 0.22817 0.13843 0.074367 0.040024 0.052621 0.082686 0.11329 0.14298 0.17243 0.20261 0.23443 0.26857 0.30536 0.34468 0.38593 0.42818 0.47025 0.51095 0.54936 0.58485 0.61727 0.64678 0.67381 0.6989 0.72257 0.74524 0.76719 0.78848 0.80901 0.82831 0.84518 0.85682 0.86343 0.87049 0.87917 0.88922 0.90018 0.91155
0.99121 0.76515 0.40471 0.2749 0.33194 0.43657 0.53126 0.55022 0.54396 0.50816 0.3449 0.22015 0.12921 0.062013 0.024259 0.048724 0.083836 0.11658 0.14748 0.1777 0.20837 0.24045 0.27464 0.31126 0.35023 0.39097 0.43259 0.47394 0.51388 0.5515 0.58619 0.61779 0.64647 0.67268 0.69695 0.71982 0.74175 0.76301 0.78371 0.80373 0.82262 0.8392 0.85067 0.85725 0.86434 0.87311 0.8833 0.89442 0.90601
0.99017 0.81469 0.46842 0.33104 0.36729 0.44286 0.51775 0.52769 0.52448 0.49563 0.33789 0.2144 0.12281 0.053057 0.0084753 0.048578 0.086693 0.12074 0.15243 0.18318 0.21419 0.24643 0.28059 0.317 0.35558 0.39578 0.43674 0.47736 0.51651 0.55331 0.58718 0.61796 0.64583 0.67123 0.69471 0.71682 0.73804 0.75865 0.77877 0.79831 0.81682 0.83313 0.84445 0.851 0.85813 0.86699 0.8773 0.88859 0.90037
0.91205 0.80858 0.49968 0.36671 0.39505 0.44709 0.50125 0.50262 0.50475 0.48477 0.33329 0.21163 0.12032 0.050417 0.01106 0.052676 0.091275 0.12577 0.15783 0.18886 0.22005 0.25235 0.28641 0.32257 0.36072 0.40035 0.44063 0.48048 0.51883 0.55481 0.58785 0.61781 0.64487 0.66948 0.69219 0.71358 0.73411 0.75411 0.77369 0.79278 0.81092 0.82697 0.83816 0.84468 0.85186 0.8608 0.87124 0.88269 0.89467
0.7754 0.74615 0.4927 0.38049 0.41402 0.44836 0.48148 0.47521 0.4853 0.47609 0.33149 0.21227 0.12239 0.055655 0.028151 0.060459 0.097461 0.13161 0.16364 0.19473 0.22595 0.2582 0.2921 0.32794 0.36564 0.40468 0.44425 0.48332 0.52084 0.55599 0.58819 0.61734 0.6436 0.66743 0.68941 0.7101 0.72998 0.74939 0.76847 0.78712 0.80493 0.82073 0.8318 0.83831 0.84553 0.85456 0.86512 0.87673 0.88889
0.60221 0.64165 0.4488 0.3735 0.42444 0.44601 0.45801 0.44543 0.46643 0.46981 0.3326 0.21639 0.12894 0.067237 0.045973 0.070886 0.10504 0.1382 0.16985 0.20076 0.23187 0.26398 0.29764 0.33313 0.37033 0.40875 0.4476 0.48587 0.52255 0.55685 0.58822 0.61655 0.64203 0.66511 0.68637 0.70639 0.72566 0.74451 0.7631 0.78135 0.79884 0.81442 0.82538 0.83188 0.83915 0.84827 0.85895 0.87071 0.88304
0.41129 0.51812 0.37453 0.34914 0.42747 0.43965 0.43034 0.41319 0.44835 0.46592 0.33646 0.2237 0.13933 0.082571 0.064009 0.083028 0.11377 0.14544 0.17639 0.20693 0.2378 0.26966 0.30303 0.33812 0.37479 0.41257 0.45067 0.48813 0.52397 0.55741 0.58794 0.61546 0.64016 0.66251 0.68308 0.70246 0.72114 0.73948 0.75761 0.77548 0.79267 0.80804 0.8189 0.8254 0.83272 0.84193 0.85273 0.86464 0.87714
0.22905 0.40059 0.27995 0.31288 0.42496 0.42911 0.39794 0.37838 0.43124 0.46423 0.34266 0.23365 0.15257 0.099825 0.082069 0.096229 0.12339 0.15324 0.18322 0.21322 0.2437 0.27524 0.30825 0.3429 0.37902 0.41613 0.45347 0.4901 0.52508 0.55766 0.58735 0.61407 0.63801 0.65965 0.67956 0.69832 0.71645 0.73429 0.75199 0.76951 0.78642 0.8016 0.81236 0.81888 0.82626 0.83555 0.84648 0.85852 0.87119
0.096803 0.31068 0.17708 0.27208 0.41906 0.41452 0.36041 0.34102 0.41533 0.46442 0.35069 0.24556 0.16769 0.11794 0.10001 0.11004 0.13368 0.16147 0.19029 0.21958 0.24958 0.28071 0.3133 0.34746 0.383 0.41943 0.45599 0.49179 0.5259 0.55762 0.58647 0.61239 0.63559 0.65653 0.6758 0.69398 0.71158 0.72895 0.74626 0.76344 0.78009 0.79509 0.80578 0.81232 0.81976 0.82914 0.84018 0.85237 0.86519
0.10446 0.26285 0.080151 0.23575 0.41203 0.39638 0.31759 0.30153 0.40099 0.46614 0.35995 0.2587 0.18388 0.13631 0.11772 0.12416 0.14443 0.17005 0.19754 0.22598 0.25539 0.28604 0.31817 0.3518 0.38673 0.42246 0.45824 0.49319 0.52643 0.55729 0.58531 0.61044 0.6329 0.65317 0.67182 0.68945 0.70655 0.72348 0.74041 0.75728 0.77369 0.78854 0.79916 0.80572 0.81322 0.8227 0.83386 0.84617 0.85915
0.1979 0.25743 0.041617 0.21334 0.40596 0.37579 0.26975 0.26095 0.38877 0.46905 0.36986 0.27245 0.20047 0.15454 0.13508 0.13838 0.15547 0.17885 0.2049 0.23239 0.26113 0.29124 0.32284 0.35592 0.39022 0.42522 0.4602 0.49431 0.52668 0.55667 0.58386 0.60821 0.62996 0.64957 0.66764 0.68473 0.70136 0.71788 0.73446 0.75104 0.76723 0.78193 0.7925 0.79909 0.80667 0.81624 0.8275 0.83995 0.85307
0.30071 0.27546 0.097196 0.2111 0.40273 0.35464 0.218 0.2215 0.37934 0.47281 0.37986 0.28623 0.21698 0.17236 0.15199 0.15252 0.16666 0.1878 0.21233 0.23878 0.26677 0.29627 0.32731 0.35981 0.39345 0.42772 0.4619 0.49515 0.52664 0.55577 0.58214 0.60573 0.62677 0.64575 0.66325 0.67984 0.69603 0.71216 0.72841 0.74473 0.76072 0.77528 0.78581 0.79244 0.80009 0.80976 0.82113 0.8337 0.84696
0.38637 0.29135 0.14339 0.22804 0.40395 0.33587 0.16517 0.18734 0.37339 0.4771 0.38949 0.2996 0.23304 0.1896 0.16839 0.16646 0.17786 0.19681 0.21976 0.24512 0.2723 0.30114 0.33158 0.36346 0.39643 0.42996 0.46332 0.49571 0.52633 0.55461 0.58016 0.60299 0.62335 0.64172 0.65867 0.67478 0.69055 0.70632 0.72227 0.73835 0.75415 0.76859 0.77909 0.78577 0.79349 0.80326 0.81474 0.82743 0.84083
0.43081 0.28639 0.17014 0.25845 0.41116 0.3234 0.1191 0.16536 0.37147 0.48161 0.39834 0.31218 0.24838 0.20613 0.18419 0.1801 0.18898 0.20579 0.22716 0.25136 0.27769 0.30583 0.33564 0.36688 0.39916 0.43193 0.46447 0.496 0.52576 0.55318 0.57792 0.60001 0.61971 0.63748 0.65391 0.66956 0.68494 0.70038 0.71605 0.7319 0.74753 0.76187 0.77235 0.77908 0.78689 0.79674 0.80833 0.82115 0.83467
0.42652 0.25275 0.18258 0.29746 0.42584 0.32147 0.1003 0.16318 0.37376 0.48604 0.40607 0.3237 0.26282 0.22183 0.19935 0.19336 0.19992 0.21468 0.23446 0.25749 0.28292 0.31034 0.33948 0.37005 0.40163 0.43364 0.46536 0.49603 0.52491 0.55149 0.57544 0.5968 0.61584 0.63304 0.64897 0.6642 0.6792 0.69433 0.70975 0.72539 0.74087 0.75512 0.76558 0.77237 0.78027 0.79022 0.80192 0.81485 0.8285
0.38925 0.19398 0.19249 0.34299 0.44922 0.33319 0.12699 0.18238 0.37998 0.49001 0.41242 0.33397 0.27622 0.23665 0.21381 0.20617 0.21062 0.22342 0.24163 0.26347 0.28798 0.31464 0.3431 0.37299 0.40385 0.43508 0.46598 0.49579 0.52382 0.54955 0.57272 0.59337 0.61177 0.62842 0.64387 0.65869 0.67335 0.6882 0.70337 0.71882 0.73417 0.74834 0.7588 0.76566 0.77365 0.7837 0.7955 0.80854 0.82231
0.34796 0.13166 0.21583 0.39475 0.48181 0.35893 0.18095 0.21668 0.38936 0.49315 0.41716 0.34286 0.28851 0.25055 0.22754 0.21849 0.221 0.23195 0.24864 0.26928 0.29285 0.31873 0.34648 0.37568 0.40582 0.43627 0.46634 0.4953 0.52247 0.54738 0.56977 0.58972 0.60751 0.62362 0.63862 0.65305 0.66739 0.68197 0.69693 0.71221 0.72744 0.74154 0.75201 0.75895 0.76702 0.77717 0.78908 0.80224 0.81612
0.32613 0.13441 0.26451 0.4528 0.52304 0.39629 0.2434 0.25831 0.40074 0.49502 0.42013 0.35029 0.29963 0.26349 0.24052 0.23026 0.23103 0.24023 0.25544 0.2749 0.29752 0.32261 0.34964 0.37813 0.40753 0.43721 0.46645 0.49456 0.52088 0.54497 0.5666 0.58586 0.60305 0.61865 0.63322 0.64729 0.66133 0.67566 0.69043 0.70556 0.72068 0.73473 0.74521 0.75223 0.7604 0.77065 0.78266 0.79593 0.80992
0.33035 0.22827 0.33929 0.51652 0.57107 0.44124 0.30651 0.30167 0.41272 0.49518 0.42123 0.35623 0.30959 0.27548 0.25272 0.24146 0.24065 0.24822 0.262 0.2803 0.30198 0.32626 0.35257 0.38034 0.409 0.43789 0.46632 0.49358 0.51905 0.54233 0.56322 0.58181 0.59842 0.61352 0.62768 0.64141 0.65518 0.66928 0.68387 0.69887 0.71389 0.7279 0.73841 0.74551 0.75378 0.76414 0.77625 0.78962 0.80372
0.35414 0.35689 0.43326 0.58407 0.62299 0.48947 0.36645 0.34314 0.42387 0.49318 0.42037 0.36072 0.31841 0.28651 0.26415 0.25206 0.24983 0.25589 0.2683 0.28546 0.3062 0.32969 0.35526 0.38231 0.41023 0.43833 0.46594 0.49236 0.517 0.53948 0.55963 0.57757 0.59361 0.60824 0.62201 0.63542 0.64893 0.66283 0.67726 0.69214 0.70709 0.72107 0.73161 0.7388 0.74717 0.75763 0.76985 0.78332 0.79753
0.39111 0.49564 0.53704 0.65233 0.67529 0.53707 0.42077 0.38026 0.4328 0.4886 0.41756 0.36382 0.32613 0.29662 0.27479 0.26204 0.25855 0.2632 0.27432 0.29038 0.3102 0.33288 0.35771 0.38404 0.41121 0.43853 0.46532 0.49091 0.51472 0.53642 0.55585 0.57315 0.58865 0.60282 0.61622 0.62933 0.64261 0.65633 0.67061 0.68539 0.70027 0.71423 0.72481 0.7321 0.74058 0.75114 0.76346 0.77703 0.79134
0.44828 0.63225 0.64065 0.71724 0.72426 0.58083 0.46774 0.41133 0.4383 0.48108 0.41281 0.36561 0.33281 0.30582 0.28466 0.27139 0.26678 0.27014 0.28004 0.29504 0.31395 0.33584 0.35993 0.38553 0.41195 0.43849 0.46447 0.48923 0.51223 0.53316 0.55188 0.56856 0.58353 0.59727 0.61031 0.62315 0.63621 0.64976 0.66392 0.67861 0.69344 0.70739 0.71802 0.72541 0.734 0.74466 0.75708 0.77075 0.78516
0.54021 0.75537 0.73425 0.77435 0.76649 0.61825 0.50612 0.43519 0.43938 0.47031 0.40623 0.36624 0.33854 0.31416 0.29377 0.28011 0.27451 0.27668 0.28544 0.29942 0.31745 0.33855 0.36191 0.38679 0.41246 0.43823 0.4634 0.48734 0.50954 0.52971 0.54774 0.56381 0.57827 0.59159 0.6043 0.61689 0.62975 0.64315 0.6572 0.67182 0.68661 0.70055 0.71124 0.71874 0.72744 0.7382 0.75072 0.76449 0.77899
0.65877 0.85288 0.80912 0.81945 0.79916 0.64759 0.53514 0.45106 0.43526 0.45611 0.39796 0.36586 0.34341 0.32168 0.30213 0.28818 0.28172 0.28281 0.2905 0.30352 0.3207 0.34103 0.36366 0.38781 0.41275 0.43774 0.46211 0.48524 0.50665 0.52607 0.54342 0.55891 0.57287 0.5858 0.5982 0.61054 0.62322 0.6365 0.65046 0.66501 0.67977 0.69372 0.70448 0.71208 0.72089 0.73177 0.74439 0.75825 0.77284
0.76696 0.91314 0.85875 0.84919 0.82031 0.66782 0.55447 0.45858 0.42543 0.43838 0.38822 0.36465 0.34751 0.32843 0.30976 0.29563 0.28841 0.28853 0.29523 0.30733 0.32368 0.34327 0.36518 0.38861 0.41281 0.43703 0.46061 0.48294 0.50357 0.52226 0.53895 0.55386 0.56735 0.5799 0.592 0.60412 0.61664 0.6298 0.64369 0.65819 0.67294 0.68691 0.69773 0.70545 0.71437 0.72536 0.73807 0.75203 0.7667
0.82673 0.92741 0.87974 0.86143 0.82893 0.67861 0.56425 0.45773 0.40959 0.41719 0.3773 0.36281 0.35095 0.33444 0.31667 0.30244 0.29457 0.29382 0.29961 0.31085 0.32641 0.34526 0.36646 0.38919 0.41265 0.43611 0.4589 0.48045 0.50031 0.51827 0.53432 0.54868 0.56171 0.57389 0.58572 0.59764 0.61002 0.62308 0.6369 0.65137 0.66611 0.6801 0.691 0.69884 0.70788 0.71897 0.73179 0.74583 0.76059
0.82056 0.89233 0.87212 0.85551 0.82501 0.68028 0.56502 0.44881 0.38769 0.39273 0.36556 0.36056 0.35383 0.33978 0.3229 0.30863 0.30021 0.29868 0.30363 0.31407 0.32888 0.34702 0.36753 0.38955 0.41228 0.43499 0.457 0.47777 0.49687 0.51413 0.52955 0.54337 0.55596 0.56779 0.57936 0.5911 0.60335 0.61633 0.6301 0.64455 0.65929 0.67331 0.68429 0.69225 0.70142 0.71261 0.72553 0.73966 0.7545
0.75251 0.81144 0.8391 0.83213 0.80946 0.67372 0.55776 0.43249 0.35986 0.36538 0.35342 0.35811 0.35624 0.34449 0.32847 0.3142 0.30533 0.30311 0.30731 0.317 0.33109 0.34854 0.36837 0.38969 0.41171 0.43367 0.45492 0.47491 0.49327 0.50984 0.52464 0.53794 0.5501 0.56161 0.57294 0.58451 0.59664 0.60955 0.62329 0.63773 0.65248 0.66654 0.6776 0.68569 0.69498 0.70629 0.7193 0.73351 0.74844
0.63776 0.69506 0.78619 0.79319 0.78393 0.66027 0.54382 0.40973 0.3264 0.33571 0.34138 0.35568 0.35829 0.34861 0.33339 0.31918 0.30993 0.30711 0.31063 0.31963 0.33305 0.34983 0.36899 0.38963 0.41094 0.43216 0.45265 0.47189 0.48952 0.50541 0.51961 0.5324 0.54415 0.55535 0.56645 0.57787 0.58991 0.60276 0.61647 0.63091 0.64568 0.65979 0.67095 0.67917 0.68858 0.7 0.7131 0.7274 0.7424
