0.14089 0.08571 0.16119 0.37719 0.44224 0.3969 0.41093 0.4778 0.53383 0.50529 0.43682 0.39767 0.38125 0.36271 0.31592 0.28179 0.25976 0.24844 0.24497 0.246 0.24888 0.25196 0.25429 0.25525 0.25428 0.25077 0.24409 0.23356 0.2186 0.19869 0.1734 0.14237 0.10524 0.055644 0.0085298 0.032674 0.068449 0.099734 0.12724 0.15153 0.17301 0.19201 0.20878 0.22353 0.23645 0.24772 0.25751 0.266 0.27337
0.21467 0.16228 0.35436 0.66297 0.72549 0.58076 0.54322 0.55993 0.57442 0.53556 0.46079 0.39163 0.31902 0.23665 0.15681 0.12826 0.14248 0.17028 0.19662 0.21815 0.23508 0.24826 0.25838 0.26571 0.27017 0.27146 0.26919 0.26307 0.25302 0.23926 0.22247 0.20401 0.18638 0.15709 0.13565 0.12895 0.13395 0.1459 0.16103 0.17713 0.19301 0.20808 0.22203 0.23469 0.24603 0.25603 0.26475 0.27231 0.27883
0.4055 0.34059 0.54456 0.65457 0.39731 0.12825 0.1061 0.1071 0.27902 0.42086 0.44284 0.40386 0.33147 0.24073 0.15911 0.13806 0.15604 0.18208 0.20572 0.22617 0.24448 0.26136 0.27688 0.29067 0.30214 0.31074 0.3161 0.31813 0.3171 0.31366 0.30885 0.30419 0.3016 0.27418 0.24539 0.2258 0.21462 0.21027 0.21095 0.21506 0.2213 0.22869 0.23649 0.2442 0.25148 0.25813 0.26407 0.2693 0.27389
0.94462 0.85397 0.83862 0.95159 0.88141 0.67263 0.60685 0.64256 0.71938 0.7392 0.692 0.64105 0.58291 0.50311 0.39276 0.31796 0.27297 0.25076 0.24506 0.25085 0.26406 0.28138 0.30019 0.3185 0.3349 0.34849 0.35883 0.36589 0.3701 0.37223 0.37339 0.37498 0.3786 0.34881 0.31357 0.28633 0.26675 0.2537 0.24585 0.24195 0.24088 0.24173 0.24374 0.24635 0.24915 0.25189 0.25446 0.25684 0.25909
0.59489 0.4269 0.44343 0.63338 0.87512 0.9488 0.97546 0.98142 0.98596 0.91386 0.79814 0.71147 0.63083 0.52858 0.39481 0.30335 0.25223 0.2344 0.23874 0.25508 0.27678 0.30005 0.32265 0.34319 0.36074 0.37477 0.38513 0.39204 0.39612 0.39835 0.39998 0.4025 0.40751 0.37644 0.33892 0.30918 0.28679 0.27052 0.25905 0.25118 0.24592 0.24245 0.24015 0.23856 0.23738 0.23645 0.23575 0.23533 0.23532
0.2385 0.51895 0.40308 0.15715 0.42965 0.4603 0.40326 0.44802 0.60038 0.6846 0.65786 0.5934 0.49629 0.3592 0.19927 0.097344 0.10757 0.16643 0.21917 0.26157 0.2957 0.32353 0.34622 0.36433 0.37806 0.3875 0.3929 0.39477 0.39403 0.39194 0.39006 0.39016 0.394 0.36433 0.32925 0.30188 0.28126 0.26588 0.2543 0.24534 0.23812 0.23201 0.2266 0.22162 0.21699 0.21273 0.209 0.20601 0.20402
0.23225 0.24624 0.65813 0.81534 0.64673 0.40211 0.26275 0.27242 0.45509 0.60826 0.6421 0.61539 0.54161 0.42131 0.2772 0.2004 0.20038 0.2373 0.27736 0.31102 0.33745 0.35759 0.37231 0.38217 0.38737 0.38813 0.38478 0.37803 0.36908 0.35961 0.35169 0.34763 0.34959 0.32457 0.29646 0.27563 0.26029 0.24856 0.23896 0.23045 0.22238 0.21442 0.20639 0.19834 0.19042 0.18291 0.1762 0.17074 0.16701
0.24414 0.2898 0.5683 0.6704 0.38442 0.26106 0.41311 0.56636 0.71673 0.80478 0.81521 0.80884 0.77829 0.702 0.56641 0.47141 0.41639 0.39198 0.38585 0.38811 0.39279 0.39671 0.39818 0.39626 0.39034 0.38019 0.36597 0.34843 0.32905 0.31005 0.2944 0.28548 0.28627 0.26964 0.25274 0.24181 0.23405 0.2274 0.22058 0.21295 0.20426 0.1945 0.18384 0.17257 0.16112 0.15003 0.13999 0.1318 0.12628
0.39931 0.59976 0.67825 0.69449 0.54646 0.413 0.48087 0.66222 0.87233 0.97612 0.97437 0.97078 0.96068 0.90573 0.7651 0.65413 0.57273 0.51724 0.48169 0.45942 0.44462 0.4329 0.4212 0.40744 0.39025 0.36888 0.34321 0.31388 0.28251 0.25194 0.22659 0.21217 0.21378 0.21025 0.20874 0.21013 0.21091 0.20948 0.20527 0.19828 0.18875 0.17705 0.1636 0.1489 0.13353 0.11822 0.1039 0.091891 0.083848
0.29165 0.42167 0.25601 0.13796 0.19426 0.20939 0.396 0.63357 0.86663 0.97857 0.98077 0.98573 0.99229 0.95898 0.83336 0.73085 0.65025 0.58921 0.54427 0.51115 0.48548 0.46341 0.44188 0.41856 0.39175 0.36042 0.32413 0.28324 0.23906 0.19447 0.15536 0.13292 0.13949 0.15641 0.17405 0.18824 0.19672 0.19947 0.19709 0.19029 0.17981 0.1663 0.15038 0.13262 0.11355 0.093787 0.07411 0.055895 0.042193
0.53922 0.58479 0.36879 0.30826 0.37736 0.36724 0.44287 0.58143 0.73099 0.80976 0.82206 0.84445 0.87227 0.87046 0.78591 0.71719 0.66085 0.61449 0.57637 0.54449 0.51653 0.49011 0.46303 0.43341 0.39973 0.36093 0.31645 0.26627 0.21098 0.15198 0.092696 0.050169 0.07601 0.12329 0.1584 0.18162 0.19474 0.19967 0.19801 0.19104 0.1798 0.16515 0.14783 0.12846 0.10756 0.085568 0.062865 0.039779 0.016691
0.69389 0.41557 0.10497 0.46927 0.54196 0.44106 0.38092 0.37969 0.45153 0.52872 0.56531 0.60224 0.64871 0.68643 0.66399 0.64753 0.63052 0.61097 0.58942 0.56657 0.54247 0.51653 0.48782 0.45528 0.41792 0.37501 0.3262 0.27159 0.21179 0.14803 0.083212 0.037022 0.077936 0.13142 0.16865 0.19259 0.20576 0.2104 0.20828 0.20078 0.18906 0.17408 0.15666 0.13754 0.1174 0.096961 0.077114 0.05933 0.046545
0.50445 0.52076 0.48797 0.50765 0.43222 0.30102 0.1792 0.062208 0.16872 0.2684 0.29846 0.32352 0.38467 0.47358 0.52512 0.56586 0.59004 0.59893 0.59626 0.58532 0.56817 0.5458 0.51844 0.48594 0.448 0.40447 0.35556 0.30209 0.24587 0.19067 0.14491 0.126 0.14761 0.17807 0.20257 0.21955 0.22857 0.2306 0.2268 0.2183 0.20612 0.19118 0.17433 0.15638 0.13813 0.12045 0.10435 0.091137 0.082364
0.21443 0.19816 0.3446 0.29355 0.23836 0.28842 0.23594 0.13209 0.11302 0.12748 0.078486 0.054485 0.18348 0.33523 0.44005 0.51651 0.56672 0.59523 0.60723 0.60695 0.59723 0.57983 0.55574 0.52552 0.48949 0.44814 0.40232 0.35363 0.3049 0.26083 0.22886 0.21802 0.23317 0.24423 0.25234 0.25858 0.26071 0.25831 0.25171 0.24154 0.22854 0.21347 0.19711 0.18022 0.16354 0.14788 0.13406 0.12294 0.11536
0.304 0.4043 0.36467 0.29624 0.2753 0.35742 0.33538 0.26746 0.24378 0.24225 0.22284 0.2229 0.27865 0.37866 0.45577 0.52335 0.57459 0.60881 0.62809 0.63496 0.63147 0.6192 0.59931 0.57273 0.54025 0.50283 0.4618 0.41922 0.37817 0.34295 0.31901 0.3116 0.32339 0.31889 0.31107 0.30544 0.29924 0.29117 0.2808 0.26822 0.25382 0.23812 0.22175 0.20532 0.18948 0.17488 0.16213 0.15182 0.14446
0.40805 0.049977 0.48689 0.7057 0.67189 0.58145 0.54326 0.51307 0.50284 0.47741 0.44093 0.43463 0.46251 0.51192 0.53651 0.57341 0.61002 0.63961 0.65977 0.67012 0.67105 0.6633 0.64777 0.62543 0.5973 0.56459 0.52891 0.49241 0.45801 0.42935 0.41044 0.40484 0.41447 0.39661 0.37394 0.35639 0.34128 0.32678 0.31189 0.29622 0.27979 0.26287 0.24588 0.22929 0.2136 0.19931 0.18689 0.17676 0.16926
0.9894 0.78021 0.72283 0.83872 0.81855 0.70213 0.66279 0.66179 0.6716 0.63197 0.5752 0.56368 0.5899 0.62675 0.62361 0.63798 0.65988 0.68195 0.69983 0.71115 0.71483 0.71068 0.69915 0.68106 0.65743 0.62957 0.59911 0.56813 0.53927 0.51554 0.50007 0.49556 0.50362 0.47383 0.43738 0.40832 0.38419 0.3629 0.343 0.32371 0.30472 0.28605 0.26791 0.25062 0.23455 0.22009 0.20757 0.19733 0.18961
0.26236 0.33021 0.36672 0.41658 0.52048 0.51895 0.53306 0.59196 0.64316 0.62269 0.58235 0.59318 0.64282 0.69465 0.69008 0.69775 0.71234 0.72915 0.7445 0.75568 0.76091 0.75943 0.75128 0.73704 0.71766 0.69435 0.66868 0.64254 0.61825 0.59835 0.5854 0.58159 0.58839 0.54781 0.49865 0.45871 0.42578 0.39762 0.37247 0.34922 0.32729 0.30646 0.28677 0.26839 0.25159 0.23665 0.22383 0.21338 0.20549
0.12792 0.093367 0.15026 0.0090759 0.21636 0.2059 0.26558 0.3852 0.45044 0.45873 0.47691 0.54401 0.63826 0.72194 0.73298 0.74618 0.76105 0.77628 0.79025 0.80106 0.8071 0.80745 0.80195 0.791 0.77537 0.75615 0.73471 0.71274 0.69226 0.67542 0.66438 0.66105 0.66677 0.61644 0.55568 0.50562 0.46433 0.42946 0.39902 0.37165 0.34655 0.3233 0.30178 0.28207 0.26432 0.24874 0.23555 0.22493 0.21703
0.13477 0.12784 0.23514 0.22898 0.21764 0.084322 0.10037 0.19072 0.18041 0.21549 0.33707 0.47413 0.61284 0.7287 0.76026 0.78451 0.80417 0.82064 0.8344 0.84492 0.85127 0.85276 0.84922 0.84092 0.82848 0.81279 0.79503 0.77665 0.75937 0.74505 0.73553 0.7325 0.73726 0.67819 0.60697 0.54768 0.49861 0.45735 0.42176 0.39027 0.3619 0.33608 0.31259 0.29139 0.27257 0.25631 0.24277 0.23212 0.22444
0.61959 0.5466 0.50548 0.48788 0.36201 0.18622 0.14055 0.17366 0.13188 0.16713 0.304 0.45048 0.60214 0.73522 0.78209 0.81687 0.84233 0.86107 0.87514 0.88534 0.8916 0.89366 0.89146 0.88523 0.87542 0.86276 0.84818 0.83289 0.81835 0.80613 0.79786 0.79504 0.79889 0.7321 0.6516 0.58403 0.52786 0.48065 0.44015 0.40464 0.37301 0.34459 0.31904 0.29628 0.27637 0.25945 0.24568 0.23518 0.22801
0.5574 0.56403 0.63402 0.6891 0.57347 0.39363 0.34654 0.3705 0.37907 0.36675 0.39332 0.48436 0.61821 0.75235 0.80573 0.84707 0.87672 0.89716 0.91129 0.92088 0.92665 0.92881 0.92745 0.92281 0.91519 0.90511 0.89329 0.8807 0.86854 0.85816 0.85095 0.84827 0.85126 0.77777 0.68916 0.61426 0.55171 0.49907 0.45398 0.41464 0.37983 0.34881 0.32119 0.29685 0.27586 0.25835 0.2445 0.23441 0.22809
0.17493 0.31397 0.56077 0.85901 0.86759 0.67164 0.57474 0.54398 0.52777 0.48706 0.47139 0.53116 0.65012 0.78054 0.83388 0.87709 0.90809 0.92867 0.94201 0.9505 0.95541 0.9573 0.95643 0.95301 0.94722 0.93939 0.93002 0.91983 0.9098 0.90105 0.89479 0.89223 0.89442 0.8152 0.71964 0.63837 0.57018 0.51262 0.4633 0.42034 0.38248 0.3489 0.31922 0.29332 0.27128 0.25329 0.23954 0.23015 0.22507
0.31041 0.082728 0.43678 0.90506 1 0.79621 0.65608 0.57108 0.52011 0.48191 0.4867 0.56067 0.68485 0.81556 0.86579 0.907 0.93636 0.9552 0.96668 0.97349 0.97721 0.9786 0.978 0.97558 0.97139 0.96557 0.95843 0.95044 0.94238 0.93515 0.92978 0.92734 0.92881 0.8448 0.74339 0.65665 0.58352 0.52157 0.46839 0.42205 0.38124 0.34517 0.31343 0.28597 0.26292 0.24456 0.23115 0.2228 0.21938
0.5743 0.50633 0.57074 0.8282 0.90177 0.71757 0.56185 0.43279 0.35432 0.37459 0.45868 0.57667 0.71889 0.85343 0.89911 0.93555 0.96079 0.97616 0.9848 0.98944 0.99175 0.99254 0.99214 0.99062 0.98791 0.98398 0.97892 0.97302 0.96683 0.96106 0.95658 0.95431 0.95514 0.86723 0.76099 0.66963 0.59223 0.52639 0.46968 0.42018 0.37656 0.33802 0.30422 0.27517 0.25113 0.23251 0.21968 0.21275 0.21148
0.71648 0.65798 0.52208 0.66067 0.72263 0.57895 0.4281 0.24292 0.084031 0.27069 0.44531 0.59863 0.75468 0.89151 0.9311 0.96089 0.98024 0.99088 0.99597 0.99817 0.99902 0.99925 0.99908 0.99848 0.99723 0.99515 0.99212 0.98825 0.98389 0.97958 0.97602 0.97402 0.97433 0.88333 0.77319 0.678 0.59694 0.52767 0.46776 0.41528 0.36894 0.32795 0.29204 0.26134 0.23629 0.2175 0.20551 0.20046 0.20189
0.51065 0.4014 0.21647 0.48117 0.58098 0.51648 0.43453 0.30406 0.22116 0.34061 0.49039 0.63795 0.79323 0.92744 0.9592 0.98111 0.99354 0.99875 1 0.99973 0.99926 0.99909 0.99931 0.99973 1 0.99978 0.99879 0.99695 0.99443 0.99162 0.98906 0.98743 0.98738 0.89405 0.78085 0.68253 0.59837 0.52608 0.46326 0.40799 0.35898 0.31551 0.27739 0.24491 0.21876 0.19987 0.18904 0.18639 0.19114
0.46533 0.40721 0.16545 0.319 0.42825 0.48409 0.52324 0.50156 0.47824 0.5039 0.573 0.68771 0.83119 0.95856 0.98115 0.99454 0.99967 0.99935 0.99686 0.99437 0.99287 0.99259 0.99342 0.99503 0.99694 0.99865 0.99975 0.99998 0.99936 0.99812 0.99667 0.99556 0.99533 0.90035 0.78486 0.68403 0.59728 0.52235 0.45688 0.39897 0.34735 0.30134 0.26085 0.22637 0.19894 0.17998 0.17066 0.17107 0.17986
0.53875 0.49739 0.20366 0.13292 0.23897 0.43443 0.57975 0.63552 0.64531 0.63231 0.6469 0.73233 0.86309 0.98219 0.99518 0.99994 0.99798 0.99251 0.98676 0.98253 0.98042 0.9804 0.98212 0.98514 0.98883 0.99258 0.99584 0.99821 0.99957 1 0.9998 0.99939 0.99921 0.9032 0.78609 0.68333 0.59443 0.51722 0.44934 0.38893 0.33473 0.2861 0.24303 0.20624 0.17723 0.15815 0.1508 0.15512 0.16873
0.70073 0.52651 0.18827 0.091674 0.19578 0.41608 0.58802 0.67461 0.70373 0.6856 0.68497 0.76039 0.88461 0.99631 1 0.99652 0.98814 0.97833 0.97008 0.96476 0.96258 0.96321 0.96615 0.97079 0.97644 0.98236 0.98787 0.99247 0.9959 0.99813 0.99933 0.99983 0.99994 0.9035 0.78536 0.68118 0.59057 0.51139 0.44136 0.3786 0.32187 0.27054 0.22464 0.18512 0.15404 0.13469 0.12995 0.13928 0.15854
0.79508 0.49385 0.1485 0.25166 0.34366 0.43937 0.5544 0.62446 0.65823 0.66176 0.68299 0.76926 0.89427 0.99984 0.99491 0.98395 0.9702 0.95717 0.94738 0.94174 0.94006 0.94177 0.94623 0.95274 0.96051 0.96872 0.9766 0.98351 0.98912 0.99329 0.99607 0.99769 0.99839 0.90203 0.78341 0.67828 0.58634 0.50554 0.43361 0.36869 0.30952 0.25545 0.20649 0.16371 0.12982 0.1099 0.10876 0.12455 0.15016
0.79319 0.44794 0.13072 0.36334 0.44761 0.44452 0.4788 0.50154 0.529 0.58025 0.65283 0.76355 0.89298 0.99252 0.97963 0.9623 0.94455 0.92961 0.91937 0.91419 0.91358 0.91679 0.92306 0.93166 0.94172 0.95235 0.96268 0.97202 0.97991 0.98615 0.99069 0.99369 0.99528 0.89949 0.78089 0.67524 0.58236 0.50026 0.42671 0.35986 0.29844 0.24168 0.18953 0.14295 0.10517 0.084049 0.088216 0.1122 0.14449
0.81184 0.56809 0.35343 0.44108 0.47083 0.40674 0.37299 0.32983 0.34633 0.47731 0.61515 0.75094 0.88263 0.97455 0.95432 0.93197 0.91184 0.89641 0.88681 0.88288 0.88387 0.88894 0.89731 0.90819 0.92068 0.93382 0.94671 0.95855 0.96884 0.97728 0.98379 0.98842 0.99121 0.89645 0.77832 0.67256 0.57911 0.49605 0.4212 0.35274 0.28933 0.23014 0.17488 0.12416 0.081053 0.057427 0.070142 0.10385 0.14232
0.59886 0.42758 0.42221 0.47029 0.45211 0.36265 0.28551 0.1559 0.16267 0.4055 0.59076 0.73795 0.86476 0.9463 0.9194 0.8937 0.87294 0.85847 0.85055 0.84856 0.85162 0.85887 0.86954 0.88287 0.89791 0.91367 0.92918 0.9436 0.95638 0.96718 0.97583 0.98234 0.98668 0.89337 0.77611 0.67063 0.57697 0.49331 0.41752 0.34782 0.28284 0.22167 0.16379 0.10921 0.059538 0.030437 0.058085 0.10106 0.14414
0.34683 0.14262 0.39864 0.46088 0.43571 0.3624 0.29351 0.17053 0.17923 0.41201 0.59035 0.72703 0.83982 0.90808 0.87558 0.84844 0.82887 0.81674 0.81142 0.81196 0.81745 0.82713 0.8403 0.85621 0.87389 0.89232 0.9105 0.92757 0.94293 0.9562 0.96719 0.97583 0.98205 0.89057 0.77458 0.66974 0.57623 0.49233 0.416 0.34549 0.27947 0.21702 0.15748 0.10049 0.045876 0.0073756 0.056881 0.10465 0.15003
0.48439 0.26304 0.33892 0.40412 0.4141 0.40125 0.38538 0.33951 0.35587 0.4851 0.60954 0.71631 0.80723 0.86026 0.82378 0.79735 0.78076 0.77221 0.77023 0.77374 0.78195 0.79424 0.81004 0.82862 0.849 0.87015 0.89103 0.91078 0.92879 0.94465 0.95814 0.96916 0.97758 0.88831 0.77392 0.67007 0.57706 0.49328 0.41681 0.34598 0.27954 0.21665 0.15682 0.10008 0.048192 0.027315 0.067531 0.11423 0.15966
0.58381 0.33278 0.23073 0.28172 0.36143 0.44438 0.49082 0.4982 0.52142 0.57677 0.63473 0.70138 0.76592 0.80334 0.76515 0.74173 0.7298 0.72584 0.72776 0.73453 0.74562 0.76065 0.77916 0.80046 0.82357 0.84744 0.87103 0.89349 0.91419 0.93274 0.94889 0.96252 0.97344 0.88671 0.77425 0.67171 0.57952 0.49623 0.42002 0.34935 0.28312 0.22069 0.16201 0.10823 0.065058 0.055058 0.08587 0.12854 0.17245
0.53681 0.26064 0.10488 0.10756 0.30199 0.48094 0.57785 0.62178 0.65035 0.6549 0.65268 0.67776 0.71505 0.73811 0.70106 0.68299 0.67719 0.67855 0.6847 0.69487 0.70892 0.72674 0.748 0.77203 0.79787 0.82444 0.85073 0.87588 0.89932 0.92063 0.93958 0.95602 0.96974 0.88585 0.77561 0.67466 0.58361 0.50114 0.42557 0.35552 0.29008 0.22891 0.17253 0.12327 0.088516 0.083123 0.10804 0.14619 0.18773
0.52248 0.22929 0.075149 0.084634 0.31339 0.51733 0.63871 0.70623 0.73827 0.70644 0.65522 0.64249 0.65445 0.66573 0.63307 0.62257 0.62407 0.63119 0.64166 0.65523 0.67223 0.69284 0.71685 0.7436 0.77212 0.80136 0.8303 0.85813 0.8843 0.90844 0.93031 0.94974 0.96651 0.88573 0.77796 0.67888 0.58924 0.5079 0.43331 0.36428 0.30012 0.2408 0.18738 0.14294 0.11447 0.11115 0.13203 0.16604 0.2049
0.47329 0.20006 0.14635 0.26239 0.40453 0.5544 0.67355 0.75453 0.78811 0.72916 0.63969 0.59486 0.58487 0.58775 0.56286 0.56195 0.57151 0.58451 0.59917 0.616 0.63587 0.65923 0.68595 0.71538 0.74652 0.77834 0.80986 0.84032 0.86923 0.89623 0.92111 0.94369 0.96375 0.88631 0.78125 0.68427 0.59629 0.51633 0.44303 0.37534 0.31281 0.25572 0.20549 0.16542 0.14136 0.13899 0.15688 0.18729 0.22342
0.53135 0.35876 0.28073 0.40165 0.5039 0.58219 0.68494 0.77358 0.80698 0.72686 0.6077 0.53629 0.50792 0.50603 0.49223 0.50254 0.52049 0.53911 0.55765 0.57751 0.60011 0.62615 0.65551 0.68754 0.72121 0.75552 0.78953 0.82256 0.85416 0.88405 0.91201 0.93788 0.96142 0.88753 0.78537 0.69069 0.60459 0.52624 0.45445 0.38836 0.32771 0.273 0.22588 0.18952 0.16855 0.16655 0.18206 0.20937 0.24289
0.62198 0.51345 0.37826 0.48411 0.56654 0.58902 0.67697 0.77222 0.80419 0.70664 0.56392 0.46998 0.4259 0.42264 0.42305 0.44568 0.47182 0.49551 0.51744 0.54002 0.56519 0.59379 0.62571 0.66023 0.69632 0.73299 0.76938 0.8049 0.83916 0.87192 0.90302 0.93228 0.95947 0.8893 0.7902 0.698 0.61395 0.5374 0.46731 0.40299 0.34434 0.29205 0.2478 0.21448 0.1957 0.19376 0.20729 0.23192 0.26298
0.5969 0.4967 0.36972 0.50666 0.57875 0.56909 0.65537 0.75967 0.78961 0.67718 0.51497 0.40066 0.34164 0.33975 0.35719 0.39259 0.42617 0.45408 0.47879 0.50374 0.53128 0.56233 0.5967 0.63358 0.67194 0.71083 0.74948 0.78738 0.82423 0.85986 0.89412 0.92685 0.95782 0.89151 0.79562 0.70604 0.62419 0.54958 0.48132 0.41888 0.36229 0.31233 0.27066 0.23982 0.22261 0.22054 0.23239 0.25466 0.28345
0.50104 0.33861 0.2736 0.48404 0.54173 0.52357 0.62713 0.74414 0.77213 0.6472 0.46856 0.33451 0.25836 0.25956 0.2966 0.34432 0.38401 0.41504 0.44186 0.46881 0.49853 0.5319 0.56858 0.60768 0.64816 0.6891 0.72986 0.77003 0.8094 0.84786 0.88529 0.92156 0.9564 0.89407 0.8015 0.71467 0.63513 0.56256 0.49624 0.43573 0.38118 0.33344 0.29406 0.26523 0.24915 0.24685 0.25723 0.27742 0.30409
0.45366 0.21496 0.18578 0.4377 0.4616 0.45914 0.59964 0.73179 0.75839 0.62393 0.43223 0.2793 0.18016 0.18445 0.24334 0.30171 0.34562 0.37851 0.40673 0.43534 0.46706 0.50261 0.54146 0.58262 0.62502 0.66785 0.71057 0.75288 0.79468 0.83593 0.87653 0.91635 0.95515 0.89688 0.80773 0.72372 0.64659 0.57615 0.51181 0.45325 0.40071 0.35503 0.31766 0.29049 0.27525 0.27265 0.28171 0.30005 0.32477
0.50221 0.29694 0.20456 0.38272 0.34454 0.38804 0.57978 0.72612 0.75201 0.61166 0.41152 0.24384 0.11432 0.11763 0.19959 0.2653 0.31106 0.3445 0.37346 0.40341 0.43697 0.47456 0.51543 0.55844 0.60258 0.6471 0.69161 0.73593 0.78008 0.82405 0.8678 0.9112 0.954 0.89985 0.81418 0.73308 0.65841 0.59016 0.52783 0.47122 0.42062 0.37685 0.34126 0.31546 0.30084 0.29791 0.30579 0.32244 0.34537
0.55748 0.38235 0.25869 0.32928 0.19648 0.33149 0.57283 0.72802 0.75344 0.61105 0.4079 0.23399 0.080577 0.067314 0.16749 0.23522 0.28021 0.31292 0.34202 0.37306 0.40832 0.44783 0.49053 0.53521 0.58087 0.62689 0.67302 0.71921 0.76559 0.81223 0.85909 0.90606 0.95289 0.90291 0.82077 0.74261 0.67046 0.60442 0.54413 0.48944 0.4407 0.3987 0.36468 0.34002 0.32588 0.3226 0.3294 0.34453 0.3658
0.54146 0.37866 0.29335 0.30162 0.036198 0.3193 0.58119 0.73623 0.76066 0.61955 0.4183 0.24696 0.099035 0.058638 0.14825 0.21116 0.25276 0.28359 0.31238 0.34433 0.38119 0.42248 0.46683 0.51295 0.55991 0.60722 0.65479 0.70272 0.75123 0.80046 0.85039 0.90091 0.95177 0.90598 0.8274 0.75223 0.68262 0.61881 0.56053 0.50773 0.46077 0.42042 0.38779 0.36412 0.35033 0.3467 0.35252 0.36626 0.38598
0.45138 0.29917 0.3252 0.34227 0.1733 0.36528 0.60339 0.74809 0.77035 0.63297 0.43707 0.27312 0.1407 0.088632 0.14074 0.19231 0.22825 0.25631 0.28447 0.31725 0.35564 0.39855 0.44435 0.49168 0.53971 0.58811 0.63694 0.68646 0.737 0.78874 0.84169 0.89574 0.95061 0.909 0.834 0.76182 0.69477 0.6332 0.57693 0.52597 0.48071 0.44188 0.41051 0.38768 0.37418 0.3702 0.37512 0.38759 0.40587
0.33136 0.16803 0.3803 0.45797 0.36468 0.44895 0.63447 0.76025 0.77895 0.64704 0.45861 0.30332 0.18272 0.12377 0.14126 0.17747 0.20613 0.23084 0.25824 0.29185 0.3317 0.37609 0.42312 0.47141 0.52027 0.56954 0.61947 0.67045 0.7229 0.77707 0.83299 0.89051 0.94937 0.91194 0.84051 0.77134 0.70684 0.64749 0.59321 0.54405 0.50041 0.463 0.43278 0.41068 0.3974 0.39308 0.39717 0.40847 0.42542
0.25676 0.10675 0.47114 0.61187 0.54435 0.542 0.66764 0.76931 0.78341 0.65834 0.47875 0.33185 0.219 0.15422 0.1454 0.16527 0.18583 0.20694 0.23364 0.26815 0.30942 0.35512 0.40313 0.45214 0.50159 0.55153 0.60237 0.65467 0.70894 0.76546 0.82428 0.88523 0.94802 0.91475 0.84688 0.7807 0.71875 0.66161 0.60928 0.56187 0.51978 0.48371 0.45453 0.43309 0.41999 0.41535 0.41867 0.42889 0.44459
0.34936 0.31135 0.59409 0.76664 0.69619 0.62509 0.69623 0.77234 0.7816 0.66469 0.49495 0.35587 0.24809 0.17812 0.14973 0.15439 0.1668 0.1844 0.21063 0.24619 0.28884 0.33565 0.38439 0.43384 0.48364 0.53405 0.58565 0.63914 0.69512 0.75392 0.81557 0.87989 0.94656 0.9174 0.85307 0.78987 0.73045 0.67549 0.62508 0.57937 0.53878 0.50396 0.47574 0.45489 0.44194 0.437 0.43961 0.44882 0.46336
0.50808 0.53661 0.72701 0.89435 0.80761 0.68722 0.71506 0.76716 0.7723 0.66507 0.50608 0.3743 0.26995 0.19535 0.15224 0.14375 0.14853 0.16305 0.18922 0.22602 0.26998 0.31767 0.36687 0.41651 0.46643 0.5171 0.5693 0.62386 0.68146 0.74246 0.80687 0.87449 0.94499 0.91989 0.85906 0.79881 0.74188 0.68908 0.64056 0.5965 0.55733 0.52371 0.49638 0.47606 0.46325 0.45802 0.45998 0.46827 0.48171
0.60721 0.70578 0.83786 0.97563 0.87111 0.72332 0.72095 0.75254 0.75523 0.65939 0.51197 0.38709 0.28515 0.20639 0.152 0.13258 0.13065 0.14277 0.16946 0.20772 0.25286 0.30119 0.35054 0.40009 0.4499 0.50066 0.55332 0.60884 0.66797 0.73108 0.79819 0.86904 0.94329 0.92219 0.86482 0.80748 0.75303 0.70235 0.65567 0.61321 0.57542 0.54292 0.51643 0.49662 0.48392 0.47843 0.47979 0.48721 0.49964
0.62323 0.78923 0.90048 1.0003 0.88515 0.73283 0.71274 0.72814 0.73082 0.64827 0.51312 0.39482 0.2946 0.21204 0.1488 0.12042 0.11284 0.12352 0.15146 0.19136 0.23751 0.28616 0.33537 0.38456 0.43405 0.48471 0.53769 0.59407 0.65464 0.71981 0.78954 0.86356 0.94147 0.92431 0.87035 0.81587 0.76385 0.71526 0.67038 0.62948 0.59302 0.56159 0.53589 0.51655 0.50396 0.49823 0.49902 0.50564 0.51712
0.57031 0.79103 0.90436 0.96761 0.85384 0.71851 0.69093 0.6944 0.70005 0.63276 0.51042 0.3984 0.2994 0.21329 0.14289 0.10709 0.094932 0.10538 0.13539 0.17701 0.22391 0.27255 0.3213 0.36988 0.41882 0.46924 0.52242 0.57956 0.64151 0.70866 0.78095 0.85805 0.93954 0.92624 0.87563 0.82398 0.77434 0.72779 0.68467 0.64528 0.6101 0.57971 0.55476 0.53585 0.52338 0.51742 0.5177 0.52357 0.53415
0.47172 0.73696 0.855 0.88494 0.7856 0.68531 0.65715 0.65232 0.66428 0.61419 0.50499 0.39893 0.30081 0.21132 0.13488 0.092682 0.076826 0.088594 0.12151 0.16477 0.21205 0.26029 0.30827 0.35598 0.40419 0.45422 0.50749 0.56532 0.62858 0.69765 0.77243 0.85253 0.93751 0.928 0.88066 0.83177 0.78448 0.73992 0.69852 0.66061 0.62666 0.59726 0.57303 0.55454 0.54217 0.53601 0.53581 0.54099 0.55073
0.37913 0.65711 0.76855 0.76515 0.69143 0.63923 0.61365 0.60323 0.62503 0.59391 0.49795 0.39758 0.3001 0.20743 0.12567 0.077544 0.058518 0.073643 0.11013 0.15468 0.20186 0.24931 0.29621 0.34281 0.39012 0.43962 0.49291 0.55134 0.61586 0.68679 0.76399 0.84703 0.9354 0.92958 0.88545 0.83927 0.79426 0.75166 0.71194 0.67546 0.6427 0.61424 0.5907 0.57262 0.56036 0.55402 0.55337 0.55791 0.56685
0.33854 0.57308 0.66519 0.62341 0.58337 0.58635 0.56281 0.54858 0.58392 0.57329 0.49043 0.39547 0.29859 0.20301 0.1165 0.062453 0.040111 0.061431 0.10157 0.14676 0.19328 0.23952 0.28504 0.33032 0.37657 0.42544 0.47865 0.53765 0.60337 0.67611 0.75567 0.84155 0.93322 0.931 0.89 0.84646 0.80369 0.76299 0.7249 0.68981 0.65821 0.63067 0.60779 0.5901 0.57795 0.57145 0.5704 0.57432 0.58253
0.33174 0.49451 0.56408 0.47507 0.47344 0.53202 0.50686 0.48979 0.54255 0.5535 0.4834 0.39365 0.2975 0.1995 0.10893 0.049054 0.021996 0.05337 0.096091 0.14095 0.18619 0.23083 0.27468 0.31845 0.3635 0.41164 0.46472 0.52424 0.59112 0.66562 0.74747 0.83611 0.93099 0.93226 0.89432 0.85335 0.81276 0.77392 0.73742 0.70367 0.67319 0.64654 0.6243 0.607 0.59496 0.58831 0.58688 0.59025 0.59776
0.32215 0.42274 0.48034 0.33573 0.37366 0.48047 0.44773 0.42818 0.50244 0.53557 0.47764 0.39298 0.2979 0.19824 0.10472 0.040756 0.0081716 0.05093 0.093733 0.13713 0.18047 0.22311 0.26505 0.30713 0.35086 0.39821 0.45111 0.51111 0.57913 0.65535 0.73943 0.83075 0.92872 0.9334 0.89842 0.85995 0.82148 0.78445 0.74949 0.71705 0.68766 0.66186 0.64025 0.62331 0.61139 0.60461 0.60284 0.60568 0.61254
0.29663 0.35552 0.42314 0.22693 0.29694 0.43459 0.38703 0.36497 0.46513 0.52028 0.47375 0.3941 0.30059 0.2003 0.1054 0.041965 0.018974 0.054349 0.094265 0.13507 0.17594 0.21625 0.25606 0.2963 0.33863 0.38512 0.43782 0.49829 0.56741 0.64531 0.73155 0.82547 0.92644 0.93441 0.90231 0.86627 0.82985 0.79458 0.76112 0.72995 0.70161 0.67665 0.65563 0.63906 0.62726 0.62038 0.61829 0.62064 0.62688
0.25072 0.29033 0.39467 0.18748 0.25633 0.39612 0.3263 0.30144 0.43213 0.50823 0.4721 0.39743 0.3061 0.20629 0.11159 0.052573 0.036708 0.062186 0.097204 0.13453 0.17244 0.21012 0.24762 0.28591 0.32676 0.37237 0.42484 0.48577 0.55598 0.63552 0.72386 0.8203 0.92416 0.93531 0.90599 0.87231 0.83788 0.80432 0.77231 0.74238 0.71506 0.6909 0.67047 0.65426 0.64259 0.63561 0.63323 0.63513 0.64079
0.1818 0.22853 0.39136 0.23084 0.25652 0.3661 0.26743 0.23931 0.40494 0.49978 0.47287 0.40315 0.3146 0.21628 0.12283 0.068465 0.05473 0.072582 0.10195 0.13519 0.16978 0.20462 0.23965 0.2759 0.31522 0.35992 0.41218 0.47357 0.54486 0.626 0.71639 0.81525 0.9219 0.93612 0.90949 0.87808 0.84559 0.81368 0.78309 0.75435 0.72802 0.70464 0.68479 0.66892 0.65739 0.65033 0.64768 0.64916 0.65428
0.095653 0.18453 0.40757 0.30939 0.28671 0.34535 0.21367 0.18174 0.38503 0.49511 0.47606 0.41121 0.32596 0.22988 0.13797 0.086671 0.072476 0.084188 0.10789 0.13675 0.16779 0.1996 0.23207 0.26621 0.30398 0.34777 0.39982 0.46169 0.53406 0.61677 0.70914 0.81034 0.91968 0.93685 0.91282 0.88361 0.85298 0.82266 0.79344 0.76587 0.74049 0.71788 0.69858 0.68306 0.67166 0.66455 0.66166 0.66274 0.66734
0.055744 0.19032 0.43835 0.39263 0.33202 0.33496 0.17159 0.136 0.37355 0.49423 0.48154 0.42143 0.33985 0.24644 0.15574 0.10575 0.089747 0.096195 0.11454 0.13894 0.16628 0.19497 0.2248 0.2568 0.29301 0.33591 0.38779 0.45016 0.52359 0.60784 0.70213 0.80559 0.9175 0.93752 0.91598 0.88888 0.86006 0.83129 0.80339 0.77694 0.7525 0.73063 0.71187 0.6967 0.68544 0.67827 0.67516 0.67587 0.68
0.1442 0.25294 0.47962 0.47201 0.38389 0.33617 0.1527 0.11736 0.37111 0.49699 0.48908 0.43347 0.35578 0.26517 0.1751 0.12499 0.10641 0.10813 0.1215 0.1415 0.1651 0.19062 0.21777 0.24762 0.28228 0.32433 0.37607 0.43897 0.51348 0.59923 0.69539 0.80101 0.91539 0.93813 0.91899 0.89393 0.86685 0.83957 0.81295 0.78759 0.76405 0.7429 0.72467 0.70983 0.69872 0.69152 0.68821 0.68858 0.69225
0.24435 0.34236 0.52722 0.54584 0.43927 0.34983 0.16592 0.13675 0.37751 0.5031 0.4984 0.44697 0.37321 0.28534 0.19522 0.14397 0.12238 0.11972 0.12846 0.14421 0.16411 0.18646 0.21092 0.23862 0.27177 0.31301 0.36468 0.42814 0.50373 0.59096 0.68891 0.79662 0.91336 0.93871 0.92187 0.89876 0.87335 0.8475 0.82213 0.79782 0.77516 0.7547 0.73699 0.72249 0.71153 0.7043 0.70081 0.70086 0.70411
0.33672 0.43437 0.57661 0.61424 0.49749 0.37571 0.20501 0.1811 0.39175 0.51216 0.50916 0.46153 0.39162 0.30628 0.21553 0.16242 0.13758 0.13079 0.13522 0.14691 0.16319 0.18239 0.20419 0.22978 0.26145 0.30196 0.35362 0.41769 0.49436 0.58304 0.68272 0.79242 0.91142 0.93926 0.92461 0.90338 0.87957 0.85511 0.83093 0.80765 0.78584 0.76606 0.74885 0.73468 0.72388 0.71664 0.71298 0.71274 0.71559
0.41909 0.5151 0.62319 0.67749 0.5583 0.41221 0.2576 0.23504 0.41227 0.5237 0.52105 0.47679 0.41054 0.32747 0.23561 0.18016 0.15193 0.14122 0.14163 0.14947 0.16224 0.17835 0.19753 0.22105 0.25132 0.29118 0.3429 0.40762 0.48539 0.57548 0.67683 0.78843 0.90958 0.93979 0.92723 0.90779 0.88553 0.86241 0.83938 0.81708 0.79609 0.77698 0.76027 0.74642 0.73578 0.72854 0.72473 0.72421 0.7267
0.48638 0.57595 0.66266 0.73537 0.62092 0.45674 0.31549 0.29128 0.43725 0.53717 0.53372 0.49238 0.42955 0.34847 0.25513 0.19706 0.16541 0.15095 0.14758 0.15177 0.16116 0.17427 0.1909 0.21241 0.24136 0.28066 0.33252 0.39795 0.47682 0.56829 0.67124 0.78465 0.90785 0.94031 0.92975 0.91202 0.89124 0.8694 0.84748 0.82614 0.80595 0.78748 0.77125 0.75773 0.74724 0.74001 0.73607 0.7353 0.73743
0.52763 0.61145 0.6913 0.78703 0.68387 0.50627 0.3742 0.34651 0.46493 0.55202 0.54687 0.50801 0.44832 0.36893 0.27388 0.21303 0.17798 0.15994 0.153 0.15374 0.15991 0.17011 0.18425 0.20383 0.23155 0.2704 0.32251 0.3887 0.46868 0.56149 0.66596 0.7811 0.90623 0.94083 0.93217 0.91608 0.8967 0.8761 0.85525 0.83482 0.81541 0.79757 0.78181 0.76861 0.75829 0.75107 0.74701 0.74601 0.74781
0.53245 0.61868 0.70628 0.83118 0.74511 0.55773 0.43103 0.39889 0.49371 0.56771 0.56022 0.52341 0.46655 0.38862 0.29169 0.22802 0.18963 0.16816 0.15786 0.15534 0.15842 0.16581 0.17755 0.19529 0.22191 0.26043 0.31288 0.37988 0.46096 0.55507 0.66101 0.77777 0.90474 0.94136 0.9345 0.91996 0.90194 0.88251 0.86269 0.84316 0.8245 0.80726 0.79197 0.77908 0.76892 0.76173 0.75757 0.75635 0.75785
0.49841 0.5971 0.70591 0.8664 0.80235 0.60832 0.4841 0.44718 0.52226 0.58371 0.5735 0.53837 0.48405 0.40734 0.30847 0.24197 0.20034 0.1756 0.16212 0.15651 0.15666 0.16136 0.17079 0.18678 0.21241 0.25074 0.30364 0.37151 0.45369 0.54905 0.65637 0.77468 0.90337 0.94191 0.93675 0.92368 0.90695 0.88865 0.86983 0.85115 0.83322 0.81657 0.80173 0.78915 0.77916 0.77201 0.76776 0.76634 0.76755
0.43305 0.54868 0.68999 0.89154 0.85339 0.65559 0.53198 0.49048 0.5495 0.59956 0.5865 0.55272 0.50063 0.42496 0.32414 0.25488 0.21014 0.18228 0.16578 0.15726 0.1546 0.15672 0.16393 0.17829 0.20307 0.24135 0.29481 0.36358 0.44686 0.54343 0.65207 0.77182 0.90214 0.94247 0.93891 0.92725 0.91174 0.89453 0.87666 0.85881 0.84158 0.82551 0.81111 0.79884 0.78902 0.78191 0.77758 0.77598 0.77692
0.35017 0.47786 0.65991 0.90598 0.89636 0.69754 0.57358 0.52813 0.57459 0.61486 0.59903 0.56631 0.51619 0.44139 0.33866 0.26675 0.21903 0.1882 0.16885 0.15756 0.15223 0.15188 0.15697 0.16981 0.19389 0.23227 0.2864 0.35613 0.44049 0.53821 0.64809 0.7692 0.90105 0.94306 0.94101 0.93067 0.91634 0.90016 0.88321 0.86616 0.84961 0.83409 0.82012 0.80815 0.79851 0.79145 0.78705 0.78528 0.78597
0.26286 0.3914 0.61864 0.90977 0.92986 0.73258 0.60806 0.55964 0.5969 0.62928 0.61094 0.57905 0.53065 0.45658 0.35202 0.27758 0.22703 0.1934 0.17134 0.15742 0.14955 0.14682 0.14988 0.16133 0.18488 0.22354 0.27844 0.34917 0.43459 0.5334 0.64444 0.76681 0.90009 0.94368 0.94305 0.93396 0.92073 0.90555 0.88947 0.87319 0.8573 0.84233 0.82878 0.81711 0.80765 0.80064 0.79618 0.79426 0.79471
0.17769 0.29816 0.57041 0.90368 0.95304 0.75961 0.63482 0.58469 0.61601 0.64255 0.6221 0.59087 0.54395 0.47051 0.36422 0.2874 0.2342 0.1979 0.17327 0.15685 0.14656 0.14154 0.14267 0.15286 0.17606 0.21516 0.27095 0.34269 0.42914 0.529 0.64111 0.76466 0.89927 0.94433 0.94503 0.93712 0.92495 0.9107 0.89547 0.87993 0.86468 0.85023 0.8371 0.82572 0.81643 0.80948 0.80498 0.80292 0.80315
0.095331 0.20964 0.52012 0.889 0.96558 0.77794 0.65352 0.60315 0.63165 0.65451 0.63242 0.60171 0.55608 0.48318 0.37529 0.29626 0.24055 0.20174 0.17467 0.15588 0.14326 0.13604 0.13533 0.14439 0.16744 0.20718 0.26394 0.33672 0.42417 0.52499 0.63811 0.76274 0.89858 0.94501 0.94695 0.94015 0.92898 0.91564 0.90121 0.88639 0.87175 0.85782 0.84509 0.834 0.82489 0.818 0.81347 0.81127 0.81129
0.032403 0.1429 0.47258 0.86737 0.96765 0.78726 0.66401 0.61499 0.64372 0.66503 0.64183 0.61155 0.56703 0.49461 0.38527 0.30419 0.24614 0.20496 0.17559 0.15452 0.13967 0.13033 0.12785 0.13594 0.15905 0.19961 0.25744 0.33126 0.41966 0.52139 0.63542 0.76106 0.89804 0.94573 0.94882 0.94307 0.93284 0.92035 0.9067 0.89257 0.87852 0.86509 0.85275 0.84195 0.83302 0.8262 0.82164 0.81933 0.81916
0.081868 0.12082 0.43168 0.84053 0.95981 0.78763 0.66636 0.62037 0.65224 0.67406 0.65031 0.62038 0.57682 0.50485 0.3942 0.31125 0.25102 0.20761 0.17604 0.15282 0.13581 0.12441 0.12024 0.12751 0.15093 0.19248 0.25146 0.32632 0.41562 0.51818 0.63304 0.75959 0.89763 0.94648 0.95065 0.94587 0.93653 0.92487 0.91195 0.89848 0.88501 0.87206 0.86011 0.84959 0.84083 0.8341 0.82951 0.82709 0.82675
0.14547 0.13902 0.39967 0.81011 0.94294 0.77941 0.66081 0.61955 0.65733 0.6816 0.65784 0.62821 0.58549 0.51394 0.40215 0.31749 0.25525 0.20974 0.17609 0.1508 0.13171 0.1183 0.1125 0.11912 0.1431 0.18585 0.24603 0.3219 0.41204 0.51536 0.63098 0.75835 0.89735 0.94727 0.95243 0.94856 0.94007 0.92918 0.91698 0.90414 0.89122 0.87874 0.86717 0.85693 0.84835 0.84169 0.83709 0.83458 0.83407
0.18605 0.1646 0.37684 0.77748 0.91814 0.7632 0.64773 0.6129 0.65924 0.6877 0.66442 0.63506 0.59308 0.52193 0.40916 0.32297 0.25887 0.21139 0.17578 0.1485 0.1274 0.11201 0.10464 0.1108 0.13562 0.17973 0.24116 0.318 0.40892 0.51292 0.62921 0.75732 0.8972 0.9481 0.95417 0.95116 0.94346 0.9333 0.92178 0.90955 0.89717 0.88515 0.87394 0.86397 0.85557 0.849 0.8444 0.8418 0.84113
0.19607 0.18022 0.3618 0.7437 0.88667 0.73979 0.62766 0.60088 0.65827 0.69245 0.67008 0.64096 0.59963 0.52891 0.41531 0.32777 0.26196 0.21264 0.17515 0.14597 0.12291 0.10557 0.09666 0.10256 0.12854 0.17417 0.23686 0.31462 0.40625 0.51084 0.62773 0.7565 0.89717 0.94896 0.95588 0.95365 0.9467 0.93724 0.92636 0.91472 0.90287 0.89128 0.88044 0.87074 0.86251 0.85603 0.85143 0.84875 0.84795
0.17732 0.18256 0.35238 0.70949 0.84988 0.71013 0.60117 0.58406 0.65478 0.69595 0.67484 0.64596 0.60521 0.53493 0.42068 0.33193 0.26456 0.21352 0.17426 0.14326 0.11829 0.098994 0.088567 0.09446 0.12191 0.16921 0.23314 0.31177 0.40402 0.50913 0.62653 0.75589 0.89727 0.94986 0.95754 0.95605 0.9498 0.941 0.93074 0.91967 0.90831 0.89716 0.88666 0.87723 0.86918 0.86279 0.8582 0.85546 0.85451
0.13865 0.17436 0.34637 0.67531 0.80912 0.67527 0.56895 0.56307 0.6492 0.69835 0.67875 0.65009 0.60989 0.54007 0.42532 0.33553 0.26674 0.2141 0.17317 0.14042 0.11357 0.092318 0.080372 0.086533 0.11582 0.16488 0.23001 0.30942 0.40222 0.50777 0.6256 0.75546 0.89748 0.95079 0.95917 0.95836 0.95276 0.9446 0.93493 0.92439 0.91352 0.90279 0.89263 0.88346 0.87559 0.86929 0.86471 0.86191 0.86085
0.091336 0.16157 0.34204 0.64145 0.76579 0.63632 0.5317 0.53859 0.64196 0.69979 0.68187 0.6534 0.61371 0.54442 0.42932 0.33864 0.26857 0.21444 0.17193 0.1375 0.10883 0.085578 0.072083 0.078852 0.11034 0.16121 0.22748 0.30758 0.40083 0.50674 0.62493 0.75523 0.8978 0.95175 0.96077 0.96058 0.9556 0.94803 0.93892 0.9289 0.9185 0.90817 0.89835 0.88944 0.88174 0.87554 0.87098 0.86813 0.86695
0.04393 0.15171 0.33822 0.60813 0.72122 0.59444 0.49014 0.51137 0.63353 0.70041 0.68425 0.65595 0.61676 0.54803 0.43274 0.34133 0.27009 0.21459 0.17059 0.13456 0.1041 0.078821 0.063709 0.071508 0.10554 0.15823 0.22553 0.30623 0.39985 0.50604 0.62451 0.75517 0.89823 0.95275 0.96233 0.96272 0.95831 0.9513 0.94273 0.93321 0.92326 0.91333 0.90383 0.89517 0.88765 0.88154 0.87701 0.87412 0.87284
0.010847 0.15112 0.33419 0.57552 0.67669 0.55083 0.44499 0.48222 0.62438 0.70037 0.68594 0.65779 0.6191 0.55099 0.43566 0.34364 0.27138 0.21461 0.16921 0.13167 0.099476 0.072107 0.055262 0.064626 0.10153 0.15595 0.22417 0.30536 0.39925 0.50564 0.62433 0.75528 0.89877 0.95377 0.96386 0.96478 0.9609 0.95442 0.94636 0.93732 0.92781 0.91826 0.90908 0.90066 0.89332 0.88732 0.88281 0.87988 0.87851
0.048879 0.16124 0.32952 0.54384 0.6334 0.50671 0.39695 0.45201 0.61497 0.69981 0.687 0.65898 0.62079 0.55338 0.43814 0.34566 0.27249 0.21456 0.16786 0.12889 0.095021 0.065513 0.046751 0.058377 0.098368 0.15439 0.22339 0.30495 0.39903 0.50554 0.62437 0.75555 0.8994 0.95482 0.96536 0.96676 0.96338 0.95739 0.94982 0.94125 0.93216 0.92297 0.9141 0.90593 0.89876 0.89286 0.88839 0.88543 0.88397
0.094398 0.17839 0.32393 0.51331 0.59247 0.46334 0.3467 0.42168 0.60571 0.69886 0.68748 0.65956 0.6219 0.55526 0.44026 0.34743 0.27347 0.21448 0.16658 0.12628 0.090826 0.059145 0.038187 0.05299 0.09613 0.15354 0.22315 0.30498 0.39916 0.50572 0.62463 0.75597 0.90011 0.95589 0.96683 0.96866 0.96574 0.96023 0.95312 0.94499 0.9363 0.92748 0.91891 0.91098 0.90399 0.89819 0.89375 0.89077 0.88924
0.14148 0.19733 0.31727 0.48414 0.55486 0.42204 0.29486 0.39226 0.597 0.69763 0.68745 0.65959 0.62249 0.55669 0.44206 0.34902 0.27438 0.21444 0.16544 0.12391 0.086988 0.05315 0.029584 0.04875 0.094862 0.1534 0.22346 0.30543 0.39963 0.50617 0.62509 0.75653 0.90092 0.95699 0.96826 0.97049 0.968 0.96293 0.95626 0.94855 0.94026 0.93178 0.92351 0.91582 0.90899 0.9033 0.89891 0.89591 0.89431
0.18689 0.21395 0.30943 0.45652 0.52138 0.38424 0.24204 0.36488 0.58919 0.69622 0.68694 0.65913 0.62262 0.55775 0.44361 0.35048 0.27526 0.21447 0.16448 0.12185 0.083613 0.047732 0.020957 0.045968 0.094582 0.15394 0.22427 0.30628 0.40041 0.50687 0.62575 0.75724 0.9018 0.9581 0.96967 0.97225 0.97015 0.9655 0.95925 0.95194 0.94403 0.93589 0.92791 0.92045 0.9138 0.90821 0.90387 0.90086 0.89919
0.22717 0.22568 0.30029 0.43054 0.49266 0.35141 0.18879 0.34074 0.58255 0.69473 0.686 0.6582 0.62235 0.55849 0.44497 0.35185 0.27617 0.21463 0.16376 0.12017 0.080811 0.04317 0.012325 0.044903 0.095276 0.15514 0.22557 0.30751 0.40149 0.5078 0.62658 0.75806 0.90276 0.95923 0.97105 0.97394 0.97221 0.96794 0.96209 0.95517 0.94762 0.93982 0.93212 0.92489 0.9184 0.91293 0.90863 0.90561 0.90388
0.25906 0.23115 0.28974 0.4062 0.46907 0.32507 0.13572 0.32106 0.5773 0.6932 0.68468 0.65687 0.62172 0.55897 0.44618 0.35318 0.27714 0.21495 0.16331 0.11891 0.07869 0.039814 0.0038575 0.045658 0.0969 0.15694 0.22732 0.30909 0.40285 0.50896 0.62758 0.75901 0.90378 0.96038 0.97239 0.97556 0.97416 0.97026 0.96479 0.95825 0.95105 0.94356 0.93614 0.92913 0.92281 0.91745 0.9132 0.91018 0.90841
0.27973 0.22983 0.27765 0.38342 0.45076 0.30655 0.083678 0.30698 0.57357 0.6917 0.68301 0.65517 0.62079 0.55924 0.44729 0.35452 0.27821 0.21548 0.16319 0.11815 0.077345 0.038031 0.0053091 0.048126 0.099383 0.15932 0.2295 0.31099 0.40448 0.51031 0.62874 0.76006 0.90487 0.96154 0.9737 0.97712 0.97602 0.97247 0.96735 0.96117 0.95431 0.94713 0.93998 0.93319 0.92704 0.92179 0.9176 0.91458 0.91276
0.28712 0.22185 0.26385 0.36203 0.4376 0.29673 0.035967 0.29933 0.57145 0.69025 0.68101 0.65313 0.61959 0.55934 0.44834 0.35589 0.27941 0.21624 0.16342 0.11791 0.076853 0.038076 0.013959 0.05204 0.10264 0.16222 0.23206 0.31321 0.40634 0.51186 0.63004 0.76122 0.90601 0.96271 0.97499 0.97861 0.9778 0.97456 0.96978 0.96394 0.95742 0.95054 0.94365 0.93708 0.93109 0.92595 0.92182 0.91881 0.91695
0.2802 0.20797 0.24814 0.34186 0.42929 0.2957 0.033164 0.29843 0.57092 0.68887 0.67872 0.65079 0.61818 0.55931 0.44936 0.35733 0.28078 0.21726 0.16404 0.11822 0.077257 0.039966 0.022629 0.057077 0.10657 0.1656 0.23498 0.3157 0.40843 0.51359 0.63148 0.76247 0.9072 0.96388 0.97624 0.98005 0.97948 0.97654 0.97209 0.96658 0.96037 0.95378 0.94715 0.94079 0.93497 0.92994 0.92587 0.92287 0.92097
0.25953 0.18951 0.23032 0.32278 0.42534 0.30269 0.077791 0.30404 0.57192 0.68755 0.67616 0.64819 0.61657 0.55918 0.45039 0.35886 0.28232 0.21856 0.16505 0.11912 0.078562 0.043473 0.031264 0.062941 0.11109 0.16939 0.23823 0.31845 0.41072 0.51548 0.63303 0.7638 0.90844 0.96506 0.97746 0.98142 0.98108 0.97842 0.97428 0.96908 0.96317 0.95687 0.95049 0.94434 0.93868 0.93376 0.92975 0.92677 0.92485
0.22766 0.16835 0.21021 0.30482 0.42522 0.31633 0.12536 0.31535 0.57434 0.68629 0.67334 0.64534 0.61481 0.559 0.45145 0.36052 0.28408 0.22016 0.16648 0.1206 0.080741 0.048249 0.039884 0.069398 0.11609 0.17356 0.24177 0.32144 0.41321 0.51752 0.63471 0.76521 0.90972 0.96624 0.97865 0.98273 0.9826 0.9802 0.97634 0.97145 0.96584 0.95981 0.95367 0.94773 0.94223 0.93742 0.93348 0.93052 0.92857
0.18974 0.14686 0.18767 0.28818 0.42837 0.33499 0.17208 0.33129 0.57801 0.68506 0.67027 0.64227 0.61292 0.55879 0.45257 0.3623 0.28604 0.22206 0.16833 0.12266 0.083734 0.053954 0.048472 0.076269 0.1215 0.17805 0.24556 0.32463 0.41586 0.51969 0.63648 0.76669 0.91104 0.96742 0.97981 0.98398 0.98404 0.98188 0.9783 0.97369 0.96836 0.9626 0.95671 0.95096 0.94563 0.94093 0.93706 0.93411 0.93215
0.15431 0.12763 0.16261 0.27333 0.4343 0.35716 0.2173 0.35066 0.58275 0.68384 0.66697 0.639 0.61091 0.55856 0.45376 0.36424 0.28824 0.22428 0.17059 0.12527 0.087459 0.060316 0.057018 0.083428 0.12724 0.18283 0.24959 0.32801 0.41867 0.52199 0.63835 0.76824 0.91239 0.9686 0.98093 0.98518 0.9854 0.98346 0.98014 0.97581 0.97076 0.96526 0.9596 0.95405 0.94887 0.94429 0.94049 0.93757 0.93559
0.13349 0.11303 0.13504 0.261 0.44256 0.38156 0.26077 0.37239 0.58835 0.68259 0.66344 0.63554 0.60883 0.55834 0.45503 0.36633 0.29066 0.22681 0.17326 0.12841 0.091827 0.067137 0.065516 0.09078 0.13324 0.18784 0.25382 0.33157 0.42161 0.52439 0.6403 0.76984 0.91377 0.96978 0.98203 0.98632 0.98668 0.98495 0.98188 0.97781 0.97303 0.96778 0.96235 0.957 0.95197 0.94751 0.94377 0.94088 0.93889
0.13617 0.10443 0.10514 0.25212 0.45282 0.40724 0.30233 0.39555 0.5946 0.68127 0.65967 0.63192 0.60667 0.55814 0.4564 0.36859 0.29332 0.22965 0.17633 0.13205 0.096746 0.074275 0.073958 0.098258 0.13945 0.19306 0.25823 0.33527 0.42468 0.5269 0.64233 0.77149 0.91517 0.97094 0.98309 0.98741 0.9879 0.98636 0.98352 0.9797 0.97518 0.97017 0.96496 0.9598 0.95493 0.95058 0.94692 0.94406 0.94207
0.15734 0.10172 0.073398 0.24769 0.46477 0.43346 0.3419 0.41938 0.60129 0.67983 0.65568 0.62813 0.60445 0.55798 0.45788 0.37102 0.29621 0.23279 0.17977 0.13612 0.10213 0.08163 0.082338 0.10581 0.14582 0.19844 0.26278 0.3391 0.42786 0.52949 0.64443 0.77319 0.91658 0.9721 0.98412 0.98845 0.98904 0.98768 0.98506 0.98149 0.97721 0.97244 0.96745 0.96248 0.95776 0.95352 0.94993 0.94711 0.94511
0.18532 0.10392 0.041194 0.24853 0.4782 0.45972 0.37942 0.44329 0.60823 0.67824 0.65146 0.62419 0.60218 0.55785 0.45946 0.37361 0.29933 0.23622 0.18356 0.14061 0.10789 0.089132 0.09065 0.1134 0.15232 0.20396 0.26747 0.34304 0.43113 0.53217 0.64658 0.77492 0.91802 0.97325 0.98511 0.98943 0.99011 0.98892 0.9865 0.98316 0.97912 0.97459 0.96981 0.96502 0.96046 0.95634 0.95282 0.95003 0.94804
0.21307 0.11054 0.024768 0.25502 0.49288 0.48564 0.41485 0.46683 0.61521 0.67644 0.647 0.62011 0.59988 0.55778 0.46116 0.37637 0.30267 0.23992 0.18768 0.14546 0.11397 0.096726 0.098889 0.121 0.15889 0.20958 0.27226 0.34708 0.43449 0.53491 0.64879 0.77669 0.91946 0.97439 0.98608 0.99037 0.99112 0.99007 0.98786 0.98474 0.98093 0.97662 0.97205 0.96745 0.96303 0.95902 0.95558 0.95284 0.95084
0.23877 0.12222 0.047866 0.26699 0.50864 0.51095 0.44817 0.48965 0.62207 0.67439 0.6423 0.61589 0.59754 0.55775 0.46296 0.37929 0.30621 0.24387 0.1921 0.15062 0.1203 0.10438 0.10705 0.12859 0.16552 0.21529 0.27714 0.3512 0.43792 0.53771 0.65103 0.77848 0.92091 0.97551 0.98701 0.99125 0.99207 0.99115 0.98912 0.98622 0.98263 0.97854 0.97417 0.96975 0.96548 0.96159 0.95822 0.95552 0.95353
0.26366 0.14013 0.084637 0.28373 0.5253 0.53546 0.47938 0.51148 0.62865 0.67205 0.63736 0.61154 0.59517 0.55777 0.46487 0.38236 0.30995 0.24807 0.19679 0.15605 0.12683 0.11205 0.11513 0.13614 0.17219 0.22106 0.28208 0.35539 0.4414 0.54056 0.65332 0.7803 0.92237 0.97662 0.98791 0.99209 0.99295 0.99216 0.9903 0.9876 0.98423 0.98036 0.97618 0.97194 0.96782 0.96403 0.96075 0.95809 0.95611
0.29021 0.16488 0.12345 0.30426 0.54267 0.55902 0.50847 0.53214 0.63482 0.66937 0.63217 0.60705 0.59278 0.55785 0.46689 0.38558 0.31388 0.25249 0.20172 0.16172 0.13352 0.11972 0.12312 0.14365 0.17887 0.22688 0.28709 0.35963 0.44494 0.54345 0.65564 0.78213 0.92383 0.97771 0.98877 0.99287 0.99377 0.9931 0.9914 0.9889 0.98573 0.98207 0.97809 0.97402 0.97004 0.96637 0.96316 0.96055 0.95859
0.32057 0.19592 0.16235 0.32744 0.56057 0.58153 0.53546 0.55146 0.64044 0.66633 0.62672 0.60244 0.59037 0.55798 0.469 0.38893 0.31798 0.25711 0.20688 0.16759 0.14032 0.12738 0.13102 0.1511 0.18554 0.23272 0.29212 0.36392 0.44852 0.54637 0.65798 0.78398 0.92528 0.97878 0.9896 0.99361 0.99453 0.99396 0.99242 0.99011 0.98714 0.98368 0.97989 0.97598 0.97215 0.9686 0.96547 0.9629 0.96096
0.35559 0.23174 0.20033 0.35221 0.5788 0.60291 0.56035 0.56935 0.64542 0.66287 0.62101 0.5977 0.58793 0.55816 0.4712 0.39241 0.32223 0.26191 0.21221 0.17363 0.14721 0.135 0.13883 0.15848 0.19219 0.23857 0.29719 0.36823 0.45212 0.54932 0.66034 0.78583 0.92673 0.97983 0.9904 0.99431 0.99524 0.99476 0.99337 0.99123 0.98846 0.98519 0.98159 0.97785 0.97416 0.97072 0.96767 0.96515 0.96323
0.39455 0.27026 0.23651 0.37762 0.59717 0.6231 0.58318 0.58573 0.64968 0.65898 0.61503 0.59283 0.58547 0.55837 0.47348 0.39599 0.32662 0.26686 0.21772 0.1798 0.15415 0.14257 0.14654 0.16579 0.1988 0.24441 0.30227 0.37257 0.45575 0.55229 0.66271 0.78769 0.92817 0.98087 0.99116 0.99496 0.99589 0.99549 0.99424 0.99227 0.98969 0.98661 0.98319 0.97962 0.97607 0.97273 0.96977 0.9673 0.9654
0.43549 0.30925 0.27011 0.40286 0.61549 0.64203 0.60397 0.60054 0.65313 0.65461 0.60878 0.58783 0.58299 0.55863 0.47584 0.39968 0.33114 0.27196 0.22336 0.18607 0.16113 0.15009 0.15415 0.17301 0.20538 0.25024 0.30735 0.37691 0.45939 0.55527 0.6651 0.78955 0.9296 0.98187 0.9919 0.99557 0.99649 0.99616 0.99504 0.99323 0.99083 0.98794 0.9847 0.98129 0.97788 0.97465 0.97178 0.96936 0.96748
0.47582 0.34654 0.3004 0.42728 0.63359 0.65969 0.62276 0.61376 0.65572 0.64976 0.60224 0.58272 0.58048 0.55893 0.47826 0.40346 0.33577 0.27718 0.22911 0.19243 0.16811 0.15754 0.16166 0.18015 0.21189 0.25605 0.31242 0.38126 0.46304 0.55826 0.66748 0.79141 0.93102 0.98286 0.9926 0.99613 0.99703 0.99677 0.99577 0.99412 0.9919 0.98919 0.98612 0.98287 0.97959 0.97648 0.97368 0.97132 0.96947
0.51278 0.38017 0.32674 0.45037 0.65129 0.67602 0.63957 0.62537 0.65741 0.64439 0.59543 0.57748 0.57795 0.55925 0.48074 0.40732 0.34049 0.2825 0.23496 0.19884 0.1751 0.16492 0.16907 0.1872 0.21835 0.26182 0.31747 0.3856 0.46669 0.56126 0.66987 0.79326 0.93243 0.98382 0.99326 0.99665 0.99753 0.99732 0.99643 0.99493 0.99288 0.99035 0.98745 0.98435 0.98121 0.97821 0.9755 0.97319 0.97136
0.54384 0.40848 0.34862 0.47175 0.66844 0.69102 0.65446 0.63538 0.65815 0.63848 0.58833 0.57212 0.5754 0.5596 0.48327 0.41124 0.34529 0.2879 0.24089 0.2053 0.18206 0.17223 0.17636 0.19415 0.22474 0.26754 0.3225 0.38993 0.47033 0.56424 0.67225 0.7951 0.93382 0.98476 0.99389 0.99713 0.99797 0.99781 0.99703 0.99568 0.99379 0.99143 0.9887 0.98575 0.98275 0.97986 0.97723 0.97498 0.97318
0.56685 0.43017 0.36563 0.49117 0.6849 0.70465 0.66746 0.64379 0.65793 0.63203 0.58095 0.56664 0.57283 0.55997 0.48584 0.41522 0.35015 0.29337 0.24687 0.21177 0.189 0.17944 0.18355 0.20101 0.23106 0.27322 0.3275 0.39424 0.47397 0.56722 0.67462 0.79693 0.93519 0.98568 0.99449 0.99757 0.99837 0.99825 0.99757 0.99636 0.99463 0.99243 0.98986 0.98707 0.9842 0.98142 0.97887 0.97668 0.97491
0.58022 0.44431 0.3775 0.50846 0.70054 0.7169 0.67863 0.65064 0.65672 0.62503 0.57328 0.56105 0.57023 0.56036 0.48844 0.41924 0.35506 0.29889 0.25288 0.21825 0.19589 0.18657 0.19064 0.20776 0.23729 0.27884 0.33246 0.39853 0.47758 0.57019 0.67699 0.79875 0.93654 0.98656 0.99506 0.99797 0.99872 0.99864 0.99805 0.99697 0.9954 0.99336 0.99095 0.98831 0.98557 0.9829 0.98043 0.9783 0.97657
0.58295 0.45039 0.3841 0.52358 0.71528 0.72777 0.68801 0.65594 0.65453 0.61746 0.56533 0.55536 0.56761 0.56076 0.49107 0.42329 0.36002 0.30445 0.25892 0.22473 0.20273 0.1936 0.1976 0.21441 0.24345 0.2844 0.33738 0.40278 0.48117 0.57314 0.67933 0.80055 0.93787 0.98742 0.99559 0.99834 0.99902 0.99897 0.99847 0.99752 0.99609 0.99422 0.99197 0.98947 0.98686 0.9843 0.98192 0.97984 0.97814
0.5747 0.44827 0.38543 0.53655 0.72902 0.73725 0.69566 0.65975 0.65136 0.60932 0.5571 0.54955 0.56497 0.56116 0.49371 0.42737 0.365 0.31004 0.26497 0.23118 0.2095 0.20054 0.20446 0.22095 0.24951 0.28989 0.34225 0.407 0.48474 0.57607 0.68166 0.80233 0.93918 0.98826 0.9961 0.99866 0.99928 0.99925 0.99884 0.998 0.99673 0.995 0.99291 0.99056 0.98807 0.98562 0.98332 0.98131 0.97964
0.55578 0.43818 0.38167 0.54746 0.7417 0.74534 0.70164 0.6621 0.6472 0.60061 0.5486 0.54365 0.56231 0.56158 0.49637 0.43145 0.36999 0.31563 0.27101 0.2376 0.21621 0.20738 0.21121 0.22739 0.25549 0.29532 0.34706 0.41118 0.48828 0.57898 0.68397 0.8041 0.94047 0.98906 0.99657 0.99895 0.9995 0.99949 0.99915 0.99843 0.9973 0.99572 0.99378 0.99157 0.98921 0.98686 0.98465 0.9827 0.98107
0.52711 0.42067 0.3731 0.55647 0.75327 0.75206 0.70602 0.66305 0.64208 0.59135 0.53982 0.53765 0.55963 0.56199 0.49902 0.43554 0.37499 0.32122 0.27704 0.24398 0.22285 0.21411 0.21784 0.23373 0.26138 0.30067 0.35182 0.41532 0.49178 0.58186 0.68626 0.80584 0.94172 0.98984 0.99701 0.9992 0.99968 0.99968 0.99941 0.99881 0.99781 0.99638 0.99458 0.99251 0.99028 0.98804 0.98591 0.98402 0.98244
0.49017 0.39654 0.36015 0.56377 0.76369 0.75742 0.70885 0.66264 0.63601 0.58152 0.53079 0.53158 0.55694 0.5624 0.50168 0.43963 0.37998 0.3268 0.28305 0.2503 0.2294 0.22074 0.22436 0.23995 0.26717 0.30594 0.35652 0.41941 0.49525 0.58472 0.68852 0.80755 0.94296 0.99059 0.99741 0.99941 0.99982 0.99982 0.99962 0.99913 0.99826 0.99697 0.99532 0.99339 0.99128 0.98914 0.9871 0.98527 0.98373
0.44694 0.36684 0.3434 0.56962 0.77296 0.76145 0.71021 0.66095 0.62902 0.57114 0.5215 0.52542 0.55423 0.5628 0.50432 0.4437 0.38495 0.33236 0.28901 0.25657 0.23587 0.22727 0.23076 0.24607 0.27287 0.31114 0.36116 0.42345 0.49868 0.58754 0.69075 0.80924 0.94416 0.99131 0.99779 0.99959 0.99992 0.99992 0.99978 0.99939 0.99865 0.99751 0.996 0.9942 0.99221 0.99018 0.98823 0.98646 0.98496
0.39975 0.33275 0.32355 0.57426 0.78106 0.76416 0.71016 0.65803 0.62113 0.56022 0.51198 0.5192 0.55152 0.5632 0.50695 0.44776 0.3899 0.33789 0.29493 0.26278 0.24225 0.23369 0.23705 0.25207 0.27848 0.31626 0.36573 0.42744 0.50207 0.59032 0.69296 0.8109 0.94534 0.992 0.99813 0.99974 0.99998 0.99998 0.9999 0.99961 0.99899 0.99799 0.99661 0.99495 0.99308 0.99116 0.98928 0.98758 0.98612
0.3512 0.2956 0.30144 0.57796 0.78799 0.7656 0.70879 0.65394 0.61238 0.54878 0.50222 0.51292 0.5488 0.56359 0.50956 0.45178 0.39482 0.34338 0.30081 0.26892 0.24854 0.24 0.24323 0.25797 0.28398 0.32129 0.37023 0.43138 0.50541 0.59307 0.69513 0.81254 0.94649 0.99266 0.99845 0.99985 1 1 0.99997 0.99977 0.99928 0.99841 0.99717 0.99564 0.99389 0.99207 0.99028 0.98864 0.98723
0.30396 0.25684 0.27809 0.58099 0.79378 0.7658 0.70616 0.64877 0.60281 0.53682 0.49225 0.50659 0.54607 0.56398 0.51214 0.45578 0.39971 0.34882 0.30662 0.27497 0.25474 0.2462 0.24929 0.26376 0.28939 0.32624 0.37467 0.43525 0.50871 0.59579 0.69728 0.81414 0.9476 0.99329 0.99873 0.99993 0.99999 0.99998 1 0.99989 0.99951 0.99877 0.99767 0.99627 0.99464 0.99292 0.99122 0.98964 0.98827
0.26058 0.2181 0.25472 0.58358 0.79843 0.76481 0.70236 0.64257 0.59244 0.52437 0.48208 0.50023 0.54336 0.56435 0.5147 0.45973 0.40454 0.35421 0.31237 0.28095 0.26084 0.25229 0.25524 0.26944 0.2947 0.33111 0.37903 0.43907 0.51196 0.59846 0.69939 0.81572 0.94869 0.99389 0.99899 0.99998 0.99994 0.99992 0.99999 0.99997 0.9997 0.99909 0.99812 0.99684 0.99533 0.99371 0.99209 0.99058 0.98926
0.22323 0.18136 0.23277 0.58596 0.80199 0.76268 0.69747 0.63542 0.58133 0.51144 0.47173 0.49385 0.54065 0.56471 0.51723 0.46364 0.40933 0.35954 0.31805 0.28685 0.26684 0.25827 0.26107 0.27501 0.29991 0.33589 0.38332 0.44283 0.51516 0.60109 0.70146 0.81726 0.94975 0.99447 0.99921 1 0.99986 0.99982 0.99994 1 0.99984 0.99935 0.99851 0.99736 0.99596 0.99445 0.99291 0.99147 0.9902
0.19328 0.14922 0.21394 0.58831 0.80449 0.75946 0.69158 0.62739 0.5695 0.49806 0.46122 0.48746 0.53795 0.56506 0.51973 0.46751 0.41406 0.36481 0.32365 0.29266 0.27273 0.26414 0.26679 0.28047 0.30503 0.34058 0.38754 0.44653 0.51831 0.60368 0.7035 0.81877 0.95078 0.99501 0.99941 0.99999 0.99975 0.99969 0.99984 0.99999 0.99994 0.99957 0.99886 0.99783 0.99655 0.99513 0.99368 0.9923 0.99108
0.17097 0.12534 0.20006 0.59079 0.80596 0.75522 0.68475 0.61857 0.55702 0.48424 0.45055 0.48107 0.53528 0.56541 0.52219 0.47132 0.41872 0.37001 0.32918 0.29838 0.27853 0.2699 0.2724 0.28583 0.31004 0.34519 0.39168 0.45017 0.52141 0.60623 0.7055 0.82025 0.95178 0.99553 0.99958 0.99995 0.99961 0.99953 0.99971 0.99994 0.99999 0.99974 0.99915 0.99824 0.99708 0.99576 0.99439 0.99308 0.9919
0.15528 0.11402 0.19277 0.59349 0.80644 0.75 0.67709 0.60903 0.54393 0.47001 0.43977 0.47471 0.53263 0.56574 0.52461 0.47508 0.42333 0.37514 0.33462 0.304 0.28422 0.27555 0.2779 0.29108 0.31496 0.34971 0.39575 0.45374 0.52446 0.60873 0.70746 0.82169 0.95274 0.99601 0.99972 0.99987 0.99943 0.99933 0.99955 0.99985 1 0.99987 0.9994 0.99861 0.99756 0.99634 0.99506 0.99381 0.99268
0.14443 0.11701 0.19295 0.59649 0.80599 0.74389 0.66867 0.59885 0.53026 0.45539 0.42888 0.46837 0.53001 0.56607 0.52699 0.47878 0.42786 0.38019 0.33998 0.30953 0.28981 0.28109 0.28329 0.29622 0.31978 0.35414 0.39975 0.45725 0.52745 0.61119 0.70939 0.82311 0.95367 0.99647 0.99983 0.99978 0.99923 0.9991 0.99935 0.99972 0.99997 0.99995 0.9996 0.99893 0.99799 0.99687 0.99567 0.99449 0.99341
0.13681 0.13155 0.20038 0.5998 0.80464 0.73694 0.65958 0.5881 0.51609 0.4404 0.41791 0.46209 0.52743 0.56639 0.52933 0.48242 0.43233 0.38516 0.34525 0.31497 0.2953 0.28652 0.28857 0.30126 0.32451 0.35849 0.40366 0.46069 0.53039 0.6136 0.71127 0.82448 0.95457 0.99689 0.99991 0.99965 0.99899 0.99883 0.99911 0.99955 0.9999 1 0.99976 0.99921 0.99837 0.99735 0.99624 0.99513 0.9941
0.13167 0.15261 0.21385 0.60343 0.80246 0.72923 0.64991 0.57686 0.50145 0.42508 0.40688 0.45587 0.52489 0.5667 0.53162 0.486 0.43672 0.39005 0.35044 0.3203 0.30067 0.29184 0.29373 0.30619 0.32913 0.36275 0.40751 0.46407 0.53327 0.61597 0.71312 0.82583 0.95544 0.99729 0.99997 0.9995 0.99873 0.99854 0.99885 0.99935 0.9998 1 0.99988 0.99944 0.99871 0.99779 0.99676 0.99571 0.99474
0.1294 0.17632 0.23168 0.60732 0.79949 0.72083 0.63975 0.56522 0.48639 0.40944 0.39582 0.44973 0.5224 0.56701 0.53388 0.48951 0.44103 0.39485 0.35553 0.32554 0.30595 0.29705 0.2988 0.31102 0.33367 0.36693 0.41127 0.46739 0.5361 0.61829 0.71493 0.82713 0.95628 0.99766 1 0.99932 0.99844 0.99822 0.99855 0.99912 0.99965 0.99996 0.99996 0.99963 0.99901 0.99818 0.99723 0.99626 0.99533
0.13108 0.20051 0.25224 0.61143 0.79578 0.7118 0.62917 0.55325 0.47098 0.39351 0.38477 0.44369 0.51997 0.56731 0.53609 0.49296 0.44527 0.39957 0.36053 0.33068 0.31112 0.30216 0.30375 0.31575 0.3381 0.37102 0.41497 0.47064 0.53887 0.62056 0.7167 0.82841 0.95708 0.998 1 0.99911 0.99813 0.99787 0.99822 0.99885 0.99948 0.99989 1 0.99978 0.99926 0.99853 0.99766 0.99676 0.99588
0.13772 0.224 0.27419 0.61568 0.79139 0.70224 0.61826 0.54104 0.45527 0.37732 0.37373 0.43776 0.5176 0.56761 0.53825 0.49634 0.44942 0.4042 0.36543 0.33572 0.31618 0.30716 0.3086 0.32037 0.34245 0.37502 0.41858 0.47382 0.54159 0.62279 0.71843 0.82964 0.95786 0.99832 0.99998 0.99888 0.99779 0.99749 0.99787 0.99856 0.99927 0.99978 1 0.99989 0.99948 0.99884 0.99806 0.99722 0.9964
0.14943 0.24619 0.29651 0.61999 0.78636 0.69219 0.60709 0.52865 0.43931 0.3609 0.36276 0.43196 0.5153 0.56791 0.54037 0.49965 0.45349 0.40874 0.37024 0.34065 0.32114 0.31205 0.31334 0.3249 0.3467 0.37894 0.42213 0.47694 0.54425 0.62497 0.72011 0.83085 0.9586 0.9986 0.99994 0.99863 0.99742 0.99709 0.99748 0.99823 0.99902 0.99964 0.99996 0.99996 0.99966 0.99911 0.99841 0.99764 0.99687
0.16535 0.26676 0.3185 0.62428 0.78076 0.68174 0.59576 0.51617 0.42316 0.34426 0.35187 0.4263 0.51306 0.56821 0.54245 0.50289 0.45748 0.41319 0.37495 0.34549 0.326 0.31684 0.31798 0.32933 0.35085 0.38278 0.42559 0.48 0.54685 0.6271 0.72176 0.83201 0.95931 0.99886 0.99986 0.99835 0.99703 0.99666 0.99707 0.99787 0.99875 0.99946 0.99989 1 0.99979 0.99934 0.99872 0.99802 0.9973
0.18401 0.28556 0.33962 0.62845 0.77464 0.67094 0.58433 0.50368 0.40689 0.32745 0.3411 0.42079 0.51091 0.56851 0.54448 0.50606 0.46139 0.41755 0.37957 0.35023 0.33075 0.32152 0.32252 0.33366 0.35492 0.38653 0.42899 0.48299 0.5494 0.62918 0.72337 0.83315 0.95998 0.99909 0.99977 0.99805 0.99662 0.99621 0.99663 0.99749 0.99844 0.99925 0.99979 1 0.9999 0.99954 0.999 0.99836 0.9977
0.20381 0.3025 0.35954 0.63244 0.76804 0.65988 0.57288 0.49125 0.39055 0.31047 0.33049 0.41546 0.50883 0.56882 0.54646 0.50915 0.46521 0.42182 0.38409 0.35486 0.3354 0.3261 0.32696 0.33789 0.3589 0.39021 0.43231 0.48591 0.5519 0.63122 0.72493 0.83424 0.96063 0.9993 0.99965 0.99772 0.99619 0.99574 0.99617 0.99708 0.99811 0.99901 0.99965 0.99997 0.99996 0.99969 0.99924 0.99867 0.99806
0.22337 0.31756 0.37802 0.63618 0.76102 0.6486 0.56147 0.47897 0.37422 0.29337 0.32007 0.41032 0.50685 0.56913 0.5484 0.51218 0.46895 0.42599 0.38851 0.3594 0.33995 0.33058 0.3313 0.34203 0.36279 0.3938 0.43555 0.48877 0.55433 0.63321 0.72646 0.83531 0.96124 0.99947 0.99951 0.99738 0.99573 0.99524 0.99569 0.99664 0.99775 0.99875 0.99948 0.9999 1 0.99982 0.99944 0.99894 0.99839
0.2416 0.33075 0.39493 0.63961 0.75362 0.63717 0.55018 0.46689 0.35795 0.27616 0.30988 0.40538 0.50495 0.56945 0.5503 0.51514 0.4726 0.43008 0.39284 0.36384 0.3444 0.33495 0.33554 0.34608 0.36659 0.39731 0.43873 0.49157 0.55672 0.63515 0.72794 0.83633 0.96183 0.99962 0.99934 0.99701 0.99525 0.99472 0.99518 0.99618 0.99736 0.99845 0.99928 0.99981 1 0.99991 0.99961 0.99918 0.99868
0.25768 0.34206 0.41019 0.64268 0.74589 0.62565 0.53906 0.4551 0.34183 0.25888 0.29996 0.40066 0.50315 0.56978 0.55215 0.51803 0.47617 0.43407 0.39707 0.36818 0.34875 0.33923 0.33968 0.35003 0.3703 0.40074 0.44184 0.49431 0.55905 0.63705 0.72939 0.83733 0.96238 0.99975 0.99915 0.99662 0.99475 0.99418 0.99464 0.99569 0.99695 0.99812 0.99906 0.99968 0.99997 0.99997 0.99975 0.99938 0.99894
0.27111 0.35154 0.42378 0.64534 0.73787 0.61407 0.52818 0.44367 0.32593 0.24154 0.29036 0.39616 0.50144 0.57011 0.55396 0.52084 0.47966 0.43797 0.4012 0.37242 0.353 0.34341 0.34373 0.35389 0.37393 0.40409 0.44487 0.49698 0.56132 0.63889 0.73079 0.83828 0.9629 0.99985 0.99895 0.99622 0.99424 0.99362 0.99409 0.99518 0.99651 0.99777 0.9988 0.99952 0.99991 1 0.99986 0.99956 0.99917
0.28157 0.35921 0.4357 0.64759 0.72959 0.6025 0.51757 0.43266 0.31034 0.22418 0.28111 0.3919 0.49984 0.57046 0.55573 0.52359 0.48306 0.44177 0.40524 0.37656 0.35715 0.3475 0.34768 0.35766 0.37748 0.40737 0.44783 0.49959 0.56354 0.6407 0.73216 0.83921 0.96339 0.99992 0.99871 0.99579 0.9937 0.99304 0.99352 0.99465 0.99605 0.9974 0.99852 0.99934 0.99982 1 0.99993 0.9997 0.99937
0.28895 0.36511 0.446 0.64939 0.7211 0.59096 0.5073 0.42215 0.29515 0.20682 0.27226 0.38789 0.49834 0.57081 0.55745 0.52627 0.48637 0.44549 0.40918 0.3806 0.3612 0.35148 0.35154 0.36135 0.38094 0.41057 0.45073 0.50214 0.56571 0.64245 0.73348 0.8401 0.96386 0.99997 0.99846 0.99534 0.99314 0.99244 0.99292 0.9941 0.99556 0.997 0.99821 0.99913 0.9997 0.99996 0.99998 0.99982 0.99954
0.2933 0.36932 0.45475 0.65073 0.71242 0.57949 0.4974 0.41219 0.28045 0.18949 0.26385 0.38414 0.49695 0.57118 0.55914 0.52888 0.4896 0.44912 0.41303 0.38455 0.36516 0.35538 0.35531 0.36495 0.38432 0.41369 0.45356 0.50463 0.56783 0.64416 0.73477 0.84096 0.96429 1 0.99819 0.99488 0.99257 0.99182 0.99231 0.99353 0.99506 0.99657 0.99788 0.99889 0.99955 0.99991 1 0.9999 0.99968
0.29474 0.37188 0.46201 0.65162 0.70358 0.56813 0.4879 0.40285 0.26637 0.17223 0.25594 0.38065 0.49566 0.57157 0.56078 0.53141 0.49275 0.45265 0.41679 0.38841 0.36902 0.35918 0.35899 0.36846 0.38762 0.41675 0.45632 0.50706 0.56989 0.64583 0.73602 0.84178 0.96469 1 0.9979 0.99439 0.99198 0.99119 0.99168 0.99294 0.99453 0.99613 0.99753 0.99863 0.99938 0.99982 0.99999 0.99996 0.9998
0.29351 0.37287 0.46786 0.65205 0.6946 0.55689 0.47885 0.39418 0.25302 0.15505 0.24858 0.37744 0.49448 0.57196 0.56239 0.53389 0.49582 0.4561 0.42045 0.39217 0.37279 0.36289 0.36258 0.37189 0.39085 0.41972 0.45901 0.50943 0.5719 0.64745 0.73723 0.84257 0.96507 0.99998 0.99759 0.99389 0.99137 0.99053 0.99103 0.99233 0.99398 0.99566 0.99715 0.99834 0.99919 0.99971 0.99996 1 0.99989
0.28986 0.37238 0.47242 0.65203 0.6855 0.5458 0.47026 0.38622 0.24053 0.13801 0.24179 0.3745 0.49342 0.57237 0.56395 0.53629 0.4988 0.45946 0.42403 0.39584 0.37647 0.36651 0.36609 0.37523 0.39399 0.42263 0.46164 0.51175 0.57386 0.64903 0.7384 0.84333 0.96541 0.99993 0.99725 0.99338 0.99075 0.98986 0.99036 0.9917 0.99342 0.99517 0.99675 0.99803 0.99896 0.99957 0.9999 1 0.99995
0.2841 0.37048 0.47576 0.65157 0.6763 0.53487 0.46215 0.37901 0.22904 0.12114 0.23564 0.37185 0.49246 0.5728 0.56548 0.53863 0.50171 0.46273 0.42751 0.39942 0.38006 0.37004 0.36951 0.37849 0.39706 0.42547 0.46421 0.514 0.57577 0.65056 0.73954 0.84405 0.96573 0.99986 0.9969 0.99284 0.99011 0.98918 0.98968 0.99105 0.99283 0.99466 0.99632 0.9977 0.99872 0.99941 0.99981 0.99998 0.99999
0.27652 0.36726 0.47798 0.65067 0.66699 0.5241 0.45453 0.3726 0.21871 0.10452 0.23016 0.36948 0.49161 0.57324 0.56697 0.5409 0.50453 0.46591 0.4309 0.40291 0.38356 0.37348 0.37284 0.38168 0.40005 0.42823 0.46671 0.5162 0.57764 0.65205 0.74063 0.84475 0.96602 0.99977 0.99653 0.99229 0.98945 0.98848 0.98898 0.99039 0.99223 0.99413 0.99588 0.99734 0.99845 0.99923 0.9997 0.99994 1
0.26745 0.36283 0.47918 0.64935 0.65759 0.5135 0.44742 0.36701 0.20969 0.08823 0.22539 0.36741 0.49087 0.57369 0.56842 0.54311 0.50728 0.46901 0.43421 0.40631 0.38697 0.37684 0.3761 0.38478 0.40297 0.43093 0.46915 0.51835 0.57945 0.6535 0.7417 0.84541 0.96629 0.99966 0.99615 0.99173 0.98878 0.98777 0.98827 0.98971 0.9916 0.99359 0.99542 0.99697 0.99816 0.99902 0.99957 0.99988 0.99999
0.2572 0.35728 0.47946 0.64763 0.64809 0.50306 0.44082 0.36225 0.20212 0.072455 0.22136 0.36561 0.49024 0.57417 0.56983 0.54525 0.50995 0.47202 0.43742 0.40962 0.3903 0.38012 0.37927 0.38781 0.40582 0.43356 0.47153 0.52044 0.58121 0.65491 0.74272 0.84604 0.96653 0.99953 0.99574 0.99115 0.9881 0.98704 0.98754 0.98901 0.99097 0.99302 0.99494 0.99657 0.99785 0.99879 0.99942 0.99979 0.99996
0.24605 0.3507 0.47889 0.6455 0.6385 0.49279 0.43472 0.35833 0.19614 0.057461 0.21809 0.3641 0.48972 0.57465 0.57121 0.54734 0.51254 0.47495 0.44055 0.41285 0.39354 0.38331 0.38236 0.39076 0.4086 0.43613 0.47385 0.52247 0.58293 0.65627 0.74371 0.84664 0.96674 0.99937 0.99532 0.99055 0.9874 0.9863 0.9868 0.9883 0.99031 0.99244 0.99444 0.99616 0.99752 0.99854 0.99924 0.99968 0.99991
0.23431 0.3432 0.47758 0.643 0.6288 0.48268 0.42912 0.35526 0.19185 0.043977 0.2156 0.36288 0.4893 0.57516 0.57256 0.54936 0.51506 0.4778 0.4436 0.41599 0.3967 0.38642 0.38538 0.39364 0.4113 0.43863 0.47611 0.52445 0.58459 0.65759 0.74467 0.84722 0.96692 0.9992 0.99489 0.98994 0.98669 0.98554 0.98604 0.98758 0.98964 0.99184 0.99392 0.99572 0.99718 0.99827 0.99905 0.99955 0.99983
0.22225 0.33487 0.4756 0.64012 0.61899 0.4727 0.424 0.35301 0.18931 0.033635 0.2139 0.36193 0.48899 0.57568 0.57387 0.55132 0.5175 0.48057 0.44656 0.41905 0.39977 0.38945 0.38831 0.39645 0.41394 0.44107 0.47831 0.52638 0.58622 0.65888 0.74559 0.84776 0.96708 0.999 0.99443 0.98932 0.98597 0.98478 0.98527 0.98684 0.98896 0.99123 0.99338 0.99527 0.99681 0.99799 0.99883 0.9994 0.99974
0.21015 0.32581 0.47304 0.63688 0.60906 0.46286 0.41935 0.35158 0.18853 0.029485 0.21296 0.36125 0.48878 0.57621 0.57514 0.55322 0.51987 0.48326 0.44944 0.42202 0.40276 0.3924 0.39118 0.39918 0.41651 0.44344 0.48045 0.52826 0.58779 0.66012 0.74647 0.84827 0.96722 0.99878 0.99396 0.98868 0.98524 0.984 0.98449 0.98609 0.98826 0.9906 0.99283 0.9948 0.99642 0.99768 0.9986 0.99923 0.99963
0.19824 0.31613 0.46996 0.63329 0.59899 0.45312 0.41516 0.35093 0.18947 0.033727 0.21279 0.36084 0.48868 0.57676 0.57639 0.55506 0.52216 0.48586 0.45224 0.42492 0.40568 0.39527 0.39396 0.40184 0.41902 0.44575 0.48254 0.53009 0.58932 0.66133 0.74732 0.84876 0.96733 0.99855 0.99348 0.98803 0.98449 0.98321 0.9837 0.98533 0.98755 0.98996 0.99227 0.99432 0.99602 0.99735 0.99834 0.99904 0.99949
0.18674 0.30592 0.46645 0.62936 0.58877 0.44347 0.41141 0.35103 0.19203 0.043576 0.21335 0.36069 0.48867 0.57732 0.5776 0.55684 0.52439 0.4884 0.45497 0.42773 0.40851 0.39807 0.39668 0.40444 0.42146 0.44801 0.48458 0.53187 0.59081 0.66249 0.74814 0.84921 0.96741 0.99829 0.99298 0.98737 0.98373 0.98241 0.9829 0.98456 0.98683 0.9893 0.99168 0.99382 0.9956 0.99701 0.99807 0.99883 0.99934
0.17582 0.29528 0.46256 0.6251 0.57839 0.43391 0.40807 0.35184 0.19609 0.056195 0.21461 0.36078 0.48875 0.5779 0.57878 0.55857 0.52655 0.49085 0.45761 0.43047 0.41127 0.4008 0.39932 0.40696 0.42383 0.4502 0.48655 0.5336 0.59226 0.66362 0.74893 0.84964 0.96747 0.99802 0.99246 0.98669 0.98296 0.9816 0.98209 0.98377 0.98609 0.98863 0.99109 0.9933 0.99516 0.99665 0.99779 0.99861 0.99917
0.16559 0.28433 0.45837 0.62051 0.56782 0.42439 0.40512 0.35332 0.20148 0.06986 0.21652 0.36111 0.48892 0.5785 0.57993 0.56024 0.52863 0.49323 0.46017 0.43313 0.41396 0.40345 0.4019 0.40942 0.42615 0.45234 0.48848 0.53528 0.59366 0.66471 0.74969 0.85004 0.96751 0.99773 0.99194 0.98601 0.98219 0.98078 0.98126 0.98297 0.98535 0.98795 0.99048 0.99277 0.99471 0.99628 0.99748 0.99837 0.99899
0.15611 0.27316 0.45392 0.61562 0.55707 0.41492 0.40254 0.3554 0.20802 0.083887 0.21905 0.36168 0.48919 0.5791 0.58105 0.56186 0.53065 0.49554 0.46266 0.43572 0.41657 0.40603 0.4044 0.41182 0.4284 0.45442 0.49035 0.53691 0.59502 0.66577 0.75041 0.85042 0.96753 0.99742 0.99139 0.98531 0.9814 0.97995 0.98043 0.98216 0.98459 0.98725 0.98986 0.99223 0.99424 0.99588 0.99716 0.99811 0.99879
0.14735 0.26189 0.44927 0.61043 0.5461 0.40547 0.40031 0.35806 0.21555 0.098041 0.22214 0.36246 0.48953 0.57972 0.58214 0.56342 0.53261 0.49778 0.46508 0.43823 0.41911 0.40854 0.40684 0.41415 0.43059 0.45644 0.49217 0.5385 0.59634 0.66679 0.7511 0.85076 0.96752 0.9971 0.99084 0.9846 0.9806 0.97911 0.97958 0.98135 0.98382 0.98654 0.98922 0.99167 0.99376 0.99548 0.99682 0.99784 0.99857
0.1392 0.25065 0.44449 0.60495 0.53491 0.39602 0.3984 0.36122 0.22388 0.11217 0.22573 0.36344 0.48996 0.58035 0.58319 0.56493 0.5345 0.49994 0.46742 0.44067 0.42157 0.41098 0.40921 0.41642 0.43272 0.45841 0.49395 0.54004 0.59761 0.66777 0.75176 0.85109 0.9675 0.99675 0.99027 0.98388 0.97979 0.97826 0.97873 0.98052 0.98304 0.98582 0.98858 0.9911 0.99327 0.99506 0.99647 0.99755 0.99834
0.1315 0.23955 0.4396 0.59919 0.52349 0.38656 0.3968 0.36485 0.23287 0.12617 0.22977 0.36462 0.49047 0.58099 0.58422 0.56639 0.53632 0.50204 0.4697 0.44303 0.42397 0.41335 0.41152 0.41862 0.4348 0.46032 0.49567 0.54154 0.59885 0.66872 0.7524 0.85138 0.96745 0.9964 0.98969 0.98315 0.97897 0.9774 0.97787 0.97968 0.98225 0.9851 0.98792 0.99051 0.99276 0.99462 0.99611 0.99725 0.99809
0.12404 0.22874 0.43465 0.59318 0.51183 0.37708 0.39547 0.36888 0.24237 0.14 0.23421 0.36599 0.49105 0.58164 0.58522 0.5678 0.53809 0.50407 0.4719 0.44533 0.4263 0.41566 0.41376 0.42077 0.43682 0.46218 0.49734 0.54299 0.60005 0.66963 0.753 0.85166 0.96738 0.99602 0.98909 0.98242 0.97815 0.97653 0.977 0.97884 0.98145 0.98436 0.98725 0.98992 0.99224 0.99418 0.99573 0.99693 0.99783
0.11658 0.21836 0.42968 0.58691 0.49992 0.36758 0.39441 0.37327 0.25227 0.15363 0.239 0.36752 0.4917 0.5823 0.5862 0.56916 0.53979 0.50603 0.47403 0.44756 0.42856 0.4179 0.41595 0.42286 0.43878 0.46399 0.49897 0.5444 0.60121 0.67051 0.75357 0.8519 0.96729 0.99563 0.98849 0.98167 0.97731 0.97566 0.97613 0.97799 0.98064 0.98361 0.98657 0.98931 0.99171 0.99371 0.99533 0.9966 0.99755
0.10887 0.20856 0.42473 0.58042 0.48775 0.35803 0.3936 0.37798 0.26246 0.16702 0.24408 0.36921 0.49242 0.58297 0.58714 0.57047 0.54143 0.50792 0.4761 0.44972 0.43075 0.42008 0.41807 0.42489 0.44069 0.46575 0.50055 0.54577 0.60234 0.67136 0.75412 0.85213 0.96718 0.99522 0.98787 0.98091 0.97647 0.97478 0.97524 0.97713 0.97982 0.98285 0.98587 0.98869 0.99116 0.99324 0.99493 0.99625 0.99726
0.10071 0.19949 0.41981 0.57372 0.47533 0.34845 0.39301 0.38295 0.27285 0.18018 0.24942 0.37104 0.4932 0.58364 0.58806 0.57173 0.54301 0.50976 0.4781 0.45181 0.43288 0.42219 0.42013 0.42686 0.44255 0.46746 0.50208 0.54709 0.60342 0.67218 0.75464 0.85233 0.96704 0.9948 0.98724 0.98014 0.97562 0.97389 0.97435 0.97626 0.979 0.98208 0.98517 0.98806 0.9906 0.99276 0.99451 0.9959 0.99696
0.091906 0.19132 0.41497 0.56683 0.46266 0.33883 0.39263 0.38814 0.28336 0.19307 0.25496 0.37301 0.49403 0.58433 0.58895 0.57295 0.54454 0.51152 0.48003 0.45385 0.43495 0.42425 0.42213 0.42878 0.44435 0.46912 0.50357 0.54838 0.60447 0.67296 0.75513 0.8525 0.96689 0.99436 0.9866 0.97937 0.97477 0.973 0.97345 0.97538 0.97816 0.9813 0.98446 0.98742 0.99004 0.99226 0.99408 0.99553 0.99664
0.082382 0.1842 0.41022 0.55978 0.44974 0.32917 0.39246 0.39352 0.29394 0.2057 0.26067 0.3751 0.49492 0.58502 0.58981 0.57412 0.54601 0.51323 0.4819 0.45581 0.43695 0.42624 0.42408 0.43064 0.4461 0.47074 0.50502 0.54963 0.60549 0.67371 0.75559 0.85266 0.96673 0.99391 0.98595 0.97858 0.9739 0.9721 0.97255 0.9745 0.97732 0.98052 0.98375 0.98678 0.98946 0.99175 0.99364 0.99515 0.99632
0.072072 0.17825 0.40557 0.55259 0.43657 0.31949 0.39247 0.39904 0.30451 0.21805 0.26652 0.3773 0.49586 0.58571 0.59065 0.57524 0.54742 0.51488 0.48371 0.45772 0.4389 0.42818 0.42597 0.43246 0.44781 0.47231 0.50642 0.55083 0.60647 0.67444 0.75603 0.85279 0.96654 0.99345 0.98529 0.97779 0.97303 0.97119 0.97164 0.97361 0.97648 0.97973 0.98302 0.98612 0.98887 0.99123 0.99319 0.99476 0.99598
