0.12371 0.12325 0.15426 0.21938 0.24423 0.17734 0.11545 0.066372 0.042889 0.053695 0.095542 0.1515 0.20497 0.24873 0.27956 0.29354 0.28729 0.26293 0.23011 0.19943 0.17586 0.16121 0.15597 0.15918 0.16861 0.18163 0.19604 0.21027 0.22341 0.23503 0.24502 0.25349 0.26064 0.26674 0.27206 0.27685 0.28133 0.2857 0.29016 0.27727 0.26433 0.25232 0.24104 0.23028 0.21986 0.20959 0.1993 0.18882 0.178
0.37186 0.33453 0.31015 0.17836 0.18799 0.27221 0.28457 0.26123 0.2447 0.24957 0.27029 0.29992 0.33294 0.36215 0.37908 0.37657 0.35202 0.3107 0.26548 0.22875 0.20595 0.19809 0.2031 0.21664 0.23419 0.25233 0.26898 0.28305 0.2941 0.30208 0.30721 0.30983 0.31037 0.30931 0.30712 0.30426 0.30115 0.29817 0.29567 0.27642 0.25846 0.24267 0.22874 0.21637 0.20525 0.19509 0.1856 0.17653 0.1676
0.35338 0.29553 0.22785 0.073762 0.11356 0.21658 0.22417 0.20225 0.20515 0.21858 0.2293 0.2414 0.26074 0.28966 0.32799 0.37178 0.4114 0.43651 0.44616 0.44773 0.44541 0.44016 0.4325 0.42299 0.41226 0.40083 0.38901 0.37695 0.36468 0.35219 0.33947 0.32657 0.3136 0.30076 0.28829 0.27647 0.26562 0.25609 0.24826 0.22805 0.21083 0.19718 0.18671 0.17902 0.17371 0.1704 0.16872 0.16835 0.16902
0.44688 0.1079 0.22703 0.38431 0.32746 0.20471 0.13954 0.094957 0.02609 0.068841 0.15363 0.21544 0.25602 0.28691 0.31811 0.35145 0.38087 0.39945 0.40792 0.41272 0.41624 0.41761 0.41575 0.41014 0.4009 0.38851 0.37361 0.35681 0.33863 0.31944 0.29956 0.27926 0.25876 0.23832 0.21822 0.19876 0.18029 0.16328 0.1483 0.12798 0.11245 0.10224 0.097096 0.096397 0.099236 0.10466 0.11188 0.12035 0.12974
0.26471 0.16311 0.23241 0.44153 0.51161 0.47386 0.4637 0.44223 0.4121 0.38298 0.35472 0.32193 0.28185 0.23902 0.20717 0.20103 0.21719 0.23806 0.25413 0.26666 0.27767 0.28743 0.29546 0.3011 0.30378 0.30312 0.299 0.29147 0.28076 0.26721 0.25122 0.23325 0.21375 0.19317 0.1719 0.15027 0.12853 0.10688 0.085424 0.060372 0.038062 0.018498 0.00403 0.015889 0.030065 0.043393 0.056162 0.068776 0.081659
0.53225 0.14713 0.28293 0.43962 0.33996 0.22576 0.19905 0.17784 0.1835 0.24425 0.2968 0.30586 0.27642 0.22699 0.17558 0.13505 0.11112 0.10299 0.10713 0.12019 0.13881 0.15995 0.18126 0.20088 0.21745 0.22999 0.23797 0.2412 0.23983 0.23429 0.22515 0.2131 0.19884 0.18306 0.16636 0.14929 0.13231 0.11584 0.10027 0.080867 0.064742 0.052197 0.0432 0.037707 0.035538 0.036357 0.039853 0.045922 0.054649
0.53385 0.29075 0.31065 0.46265 0.61852 0.61304 0.58323 0.53842 0.49082 0.4475 0.40428 0.35487 0.29851 0.23882 0.18194 0.13571 0.10758 0.099036 0.1035 0.11479 0.12998 0.1474 0.16556 0.18289 0.19795 0.20964 0.21732 0.22078 0.22017 0.2159 0.20852 0.19861 0.18674 0.17343 0.1591 0.14412 0.12878 0.11332 0.097947 0.077886 0.060016 0.044528 0.031355 0.020929 0.015399 0.017977 0.026315 0.037372 0.050443
0.15134 0.13587 0.27209 0.22811 0.080813 0.17159 0.17481 0.11339 0.10792 0.16333 0.19429 0.19391 0.17587 0.14952 0.12256 0.10957 0.12034 0.14276 0.16385 0.18134 0.19597 0.20796 0.21721 0.22356 0.22699 0.22764 0.22578 0.22181 0.2161 0.20903 0.20087 0.19183 0.18199 0.1714 0.16007 0.14802 0.1353 0.12202 0.1084 0.089117 0.072022 0.058095 0.048399 0.044326 0.046411 0.053477 0.063818 0.07634 0.090606
0.29251 0.095412 0.094799 0.1768 0.13064 0.18286 0.24644 0.24153 0.18115 0.10093 0.064921 0.11844 0.17563 0.21274 0.23214 0.24457 0.25733 0.26834 0.27423 0.27618 0.27505 0.27082 0.26371 0.25432 0.24353 0.23234 0.22168 0.21231 0.20462 0.19868 0.1942 0.1907 0.18762 0.18449 0.18093 0.1768 0.17214 0.16717 0.16234 0.14881 0.13719 0.12843 0.12277 0.12032 0.12101 0.12463 0.13088 0.13948 0.15024
0.47225 0.2398 0.033599 0.22937 0.36066 0.38881 0.41579 0.43585 0.44554 0.44824 0.45201 0.46365 0.48143 0.49715 0.50251 0.49223 0.46478 0.42381 0.37888 0.33867 0.30402 0.27278 0.24359 0.21643 0.19241 0.17326 0.16065 0.15538 0.15681 0.1631 0.17209 0.18192 0.19134 0.19961 0.20642 0.21176 0.21587 0.21912 0.22205 0.21182 0.20218 0.19429 0.18833 0.18441 0.1826 0.18289 0.18529 0.18979 0.19643
0.38702 0.37475 0.29567 0.15454 0.032708 0.071652 0.16407 0.28341 0.37734 0.43383 0.45954 0.46167 0.45099 0.43895 0.4314 0.42534 0.41173 0.38407 0.3455 0.30342 0.26016 0.21546 0.16938 0.12281 0.07763 0.039274 0.034928 0.065771 0.099826 0.13125 0.159 0.18291 0.20308 0.21979 0.23344 0.24446 0.25335 0.26065 0.26693 0.2565 0.24569 0.23586 0.22724 0.22 0.2143 0.2103 0.2082 0.20823 0.21066
0.48546 0.44612 0.7007 0.98459 0.83262 0.5155 0.29885 0.14635 0.13017 0.18027 0.19035 0.15029 0.078573 0.063755 0.15625 0.24911 0.31645 0.34827 0.34906 0.33144 0.30361 0.2697 0.23316 0.19782 0.16824 0.1493 0.14421 0.15187 0.16772 0.18711 0.20693 0.22549 0.24197 0.25605 0.26771 0.27709 0.28442 0.29 0.29417 0.27957 0.2642 0.24944 0.2355 0.22258 0.21094 0.20094 0.19307 0.18794 0.18626
0.19158 0.10111 0.17596 0.17227 0.44827 0.56866 0.51881 0.40593 0.33095 0.30458 0.29951 0.30015 0.304 0.31652 0.34435 0.38516 0.42462 0.4473 0.4503 0.44131 0.42533 0.40433 0.38018 0.35513 0.33162 0.31176 0.29699 0.28778 0.28376 0.28392 0.28696 0.29166 0.29694 0.30199 0.30623 0.30926 0.31082 0.31078 0.30909 0.2875 0.26503 0.24292 0.22119 0.20001 0.17968 0.16082 0.14446 0.13222 0.12623
0.031553 0.09397 0.36893 0.71849 0.78918 0.62351 0.46007 0.27637 0.11279 0.075541 0.16 0.24252 0.32199 0.39882 0.4679 0.52201 0.55397 0.56102 0.55068 0.53514 0.51873 0.501 0.48143 0.46035 0.43885 0.41825 0.39976 0.38421 0.37196 0.3629 0.3566 0.35241 0.34957 0.34736 0.34507 0.34209 0.33793 0.33216 0.32444 0.29567 0.26595 0.23628 0.20641 0.17616 0.14547 0.11444 0.08366 0.055475 0.039757
0.050194 0.091808 0.11891 0.18123 0.27672 0.31864 0.29898 0.20892 0.11418 0.10028 0.14761 0.21082 0.28532 0.36477 0.44014 0.50202 0.54141 0.55452 0.54901 0.53798 0.52653 0.51448 0.50112 0.48638 0.47091 0.45566 0.44155 0.42927 0.41909 0.41099 0.40465 0.39961 0.39529 0.39116 0.38664 0.38125 0.37456 0.36617 0.35575 0.32252 0.28861 0.25511 0.22177 0.18847 0.1553 0.12277 0.092408 0.068651 0.061827
0.099767 0.1272 0.036676 0.12257 0.25166 0.29987 0.31947 0.2923 0.24631 0.22013 0.22034 0.23202 0.2505 0.28033 0.32296 0.37142 0.41305 0.43772 0.44644 0.44802 0.44703 0.44433 0.44038 0.43595 0.43204 0.42942 0.42846 0.42905 0.43075 0.43297 0.43511 0.43668 0.43729 0.43666 0.43461 0.431 0.42574 0.41878 0.41011 0.37587 0.34161 0.30885 0.27763 0.24821 0.22124 0.19785 0.17974 0.16906 0.16774
0.305 0.16124 0.24173 0.34415 0.33274 0.24477 0.22239 0.22942 0.22263 0.18998 0.13703 0.07557 0.037963 0.086322 0.15193 0.21261 0.26043 0.29035 0.3044 0.31009 0.31243 0.31425 0.31819 0.32644 0.34 0.35828 0.37957 0.40179 0.42307 0.4421 0.45808 0.4707 0.47996 0.48609 0.48942 0.49031 0.48916 0.48634 0.48225 0.44882 0.41585 0.3853 0.35727 0.33204 0.31009 0.2921 0.27889 0.27128 0.26991
0.63661 0.44749 0.37103 0.3665 0.23966 0.11729 0.11407 0.1726 0.21934 0.22708 0.2022 0.16469 0.13418 0.12271 0.13078 0.14924 0.16674 0.17474 0.17143 0.16104 0.14963 0.14592 0.1591 0.1909 0.23531 0.28511 0.33499 0.38158 0.42295 0.45819 0.4871 0.50997 0.52739 0.54014 0.54903 0.55488 0.55847 0.56054 0.56179 0.52932 0.49752 0.46867 0.44279 0.42003 0.40059 0.38482 0.37307 0.3657 0.36298
0.40261 0.44 0.42328 0.36061 0.19936 0.14743 0.20506 0.23428 0.24011 0.22857 0.20041 0.1646 0.13522 0.12191 0.12426 0.13371 0.13978 0.13464 0.11648 0.088402 0.058104 0.056133 0.10011 0.1612 0.22691 0.29209 0.35352 0.40915 0.4578 0.49903 0.53298 0.56019 0.58147 0.59781 0.6102 0.61963 0.62706 0.63336 0.63939 0.60742 0.5762 0.54823 0.52346 0.50184 0.48341 0.46828 0.45657 0.44843 0.44395
0.44412 0.32747 0.28844 0.38472 0.41684 0.30122 0.22519 0.20315 0.19768 0.17644 0.13252 0.073876 0.040489 0.092448 0.15546 0.2083 0.24433 0.26135 0.26443 0.26313 0.26446 0.27312 0.29222 0.32222 0.36083 0.40436 0.44911 0.49214 0.53145 0.56596 0.59529 0.61958 0.63936 0.65537 0.66843 0.67942 0.68919 0.69856 0.70834 0.67641 0.64534 0.61777 0.59349 0.57234 0.5542 0.53904 0.52685 0.51766 0.51148
0.17369 0.13141 0.23558 0.40611 0.35083 0.14875 0.046466 0.13313 0.17999 0.19447 0.18981 0.18378 0.20348 0.25887 0.33272 0.40312 0.45395 0.47873 0.48442 0.48462 0.48633 0.49143 0.50061 0.51413 0.53175 0.55266 0.57556 0.59905 0.62185 0.64305 0.66212 0.67892 0.6936 0.70654 0.71824 0.72924 0.74015 0.75159 0.76422 0.73226 0.70127 0.67397 0.65 0.62909 0.61102 0.59565 0.58292 0.57277 0.56519
0.53153 0.38228 0.35043 0.44548 0.44249 0.30097 0.20347 0.17873 0.2175 0.28382 0.35157 0.41239 0.47052 0.53198 0.59578 0.65257 0.68967 0.70059 0.6938 0.68486 0.6797 0.67776 0.67771 0.67883 0.681 0.68436 0.68902 0.69493 0.70186 0.70956 0.71776 0.72633 0.7352 0.74447 0.75428 0.76487 0.77652 0.7896 0.80457 0.77292 0.74229 0.71542 0.69186 0.67122 0.65325 0.63775 0.62461 0.61376 0.60518
0.13981 0.12797 0.2468 0.34146 0.3513 0.2263 0.1268 0.14227 0.22926 0.33001 0.4335 0.53006 0.61476 0.68826 0.75166 0.80216 0.83264 0.8386 0.82852 0.81766 0.81049 0.80486 0.79861 0.79082 0.78179 0.77242 0.76377 0.75673 0.75188 0.7495 0.74964 0.7522 0.75703 0.76397 0.77289 0.78373 0.79651 0.81137 0.82857 0.79788 0.76812 0.74201 0.71905 0.69883 0.68106 0.66555 0.65219 0.64093 0.63176
0.64062 0.32088 0.099591 0.22719 0.25094 0.20299 0.1864 0.20252 0.25505 0.33379 0.41982 0.49799 0.56565 0.62912 0.69507 0.76258 0.81992 0.85362 0.86504 0.86761 0.86688 0.8622 0.85284 0.83914 0.82251 0.8048 0.78788 0.77327 0.76199 0.75459 0.7512 0.75168 0.75571 0.76291 0.7729 0.7854 0.80023 0.81734 0.8369 0.80792 0.77953 0.75449 0.73231 0.7126 0.6951 0.67965 0.66619 0.65472 0.64528
0.45942 0.27058 0.16404 0.12006 0.091612 0.078584 0.059707 0.11139 0.19621 0.26182 0.29821 0.31225 0.32574 0.37071 0.46461 0.58981 0.70934 0.7928 0.83598 0.85496 0.8604 0.85572 0.84296 0.82432 0.80246 0.78011 0.75963 0.74281 0.73074 0.72387 0.7221 0.72502 0.73203 0.74249 0.75583 0.77158 0.78947 0.80936 0.83137 0.8047 0.77805 0.75425 0.73287 0.71362 0.69632 0.68088 0.66732 0.65571 0.64619
0.32435 0.14085 0.12179 0.12024 0.12037 0.15947 0.19658 0.21446 0.22607 0.22453 0.19453 0.12797 0.034016 0.13778 0.31356 0.49423 0.6465 0.74593 0.79378 0.81062 0.81033 0.79858 0.77885 0.75439 0.72856 0.70447 0.68461 0.67063 0.6632 0.66225 0.66709 0.67678 0.6903 0.70674 0.72538 0.74567 0.76734 0.79029 0.81464 0.79055 0.76571 0.74305 0.7223 0.70329 0.68593 0.67028 0.65645 0.64464 0.63506
0.078699 0.073442 0.05154 0.13901 0.27063 0.29974 0.32902 0.34412 0.34546 0.34696 0.35241 0.35917 0.37458 0.41824 0.50036 0.60319 0.69312 0.74464 0.75768 0.74936 0.73017 0.70391 0.67336 0.64167 0.6124 0.58878 0.57316 0.56661 0.56889 0.57878 0.59458 0.61456 0.63725 0.66152 0.68661 0.71206 0.73768 0.76351 0.78976 0.76808 0.74478 0.72292 0.70239 0.68317 0.66535 0.64909 0.63468 0.62243 0.61269
0.47221 0.40606 0.35926 0.28927 0.26205 0.29517 0.3282 0.32801 0.33869 0.39664 0.48016 0.55703 0.61684 0.6644 0.7062 0.74073 0.75719 0.74617 0.71319 0.6725 0.62979 0.58581 0.54202 0.50147 0.46825 0.44629 0.438 0.44338 0.46023 0.48529 0.51531 0.54774 0.5808 0.61343 0.64502 0.67535 0.70443 0.73247 0.7598 0.73997 0.71764 0.69597 0.67505 0.65503 0.63615 0.61876 0.60329 0.59023 0.58011
0.43459 0.38425 0.32325 0.18482 0.1582 0.20637 0.16635 0.039445 0.17648 0.37675 0.54798 0.67138 0.7483 0.78985 0.80609 0.80084 0.77211 0.71982 0.65434 0.58887 0.52621 0.46508 0.40613 0.35303 0.31214 0.29072 0.29276 0.31564 0.35227 0.39573 0.44127 0.4861 0.52879 0.56868 0.60562 0.63967 0.6711 0.70027 0.72762 0.70874 0.68656 0.66431 0.64226 0.62071 0.60008 0.58089 0.56377 0.54942 0.53856
0.36163 0.19167 0.11844 0.33437 0.42362 0.40103 0.3861 0.37565 0.42405 0.53494 0.65372 0.74059 0.78865 0.80738 0.80572 0.78521 0.74209 0.67626 0.5986 0.52172 0.44737 0.37318 0.29854 0.22626 0.16502 0.13462 0.15308 0.2038 0.26465 0.32603 0.38438 0.43836 0.48759 0.53211 0.57218 0.60815 0.64041 0.66941 0.69561 0.67662 0.65368 0.63001 0.60602 0.58216 0.559 0.53726 0.51778 0.50153 0.48948
0.54137 0.29872 0.32394 0.51503 0.61811 0.59817 0.61021 0.62714 0.65248 0.68847 0.72029 0.73406 0.73348 0.73024 0.72837 0.71963 0.69069 0.63607 0.56527 0.49158 0.41786 0.34212 0.26299 0.18068 0.096703 0.016635 0.071468 0.14951 0.22307 0.2912 0.35353 0.41004 0.4609 0.50641 0.5469 0.58271 0.61419 0.64172 0.66568 0.64553 0.62092 0.59503 0.56833 0.54139 0.5149 0.48979 0.46714 0.44824 0.43444
0.73661 0.36637 0.29111 0.29061 0.36472 0.43615 0.51855 0.60759 0.66991 0.68528 0.65673 0.60654 0.56808 0.56479 0.59173 0.62217 0.62972 0.60377 0.55366 0.49507 0.43368 0.36961 0.30335 0.23768 0.17955 0.14356 0.14729 0.18551 0.23858 0.29498 0.34997 0.4016 0.44904 0.49198 0.53033 0.56411 0.59342 0.6184 0.63925 0.61706 0.59004 0.56126 0.5312 0.50048 0.46991 0.44056 0.41382 0.39137 0.37507
0.048385 0.25242 0.31053 0.15815 0.10467 0.13969 0.30867 0.48982 0.58796 0.58097 0.49269 0.37646 0.30683 0.3378 0.42762 0.51397 0.56531 0.57331 0.54935 0.5115 0.46793 0.42055 0.37105 0.32272 0.28106 0.25316 0.24518 0.25808 0.28688 0.32482 0.36659 0.40882 0.44949 0.48741 0.52183 0.55226 0.57843 0.60016 0.61739 0.59253 0.56259 0.53046 0.4966 0.4616 0.4263 0.3919 0.36003 0.33287 0.31303
0.6178 0.54812 0.48139 0.33564 0.21804 0.23217 0.35323 0.49719 0.56741 0.52606 0.39224 0.21063 0.02285 0.15844 0.31182 0.4318 0.50949 0.54241 0.54157 0.52427 0.49895 0.46797 0.43317 0.3975 0.3651 0.34056 0.32774 0.32839 0.34156 0.36438 0.3934 0.42557 0.45851 0.49046 0.52013 0.5466 0.56918 0.58737 0.60083 0.57298 0.5399 0.50429 0.46649 0.427 0.3866 0.34646 0.30839 0.27504 0.25011
0.50645 0.46533 0.48024 0.53203 0.52245 0.49492 0.55509 0.62794 0.64934 0.59073 0.46953 0.33187 0.23528 0.2355 0.31034 0.3993 0.47116 0.51303 0.52786 0.52756 0.51828 0.50157 0.47897 0.45308 0.42745 0.40582 0.39138 0.38611 0.39041 0.40326 0.42273 0.44655 0.47255 0.49885 0.52388 0.54639 0.5654 0.58015 0.59007 0.55921 0.52307 0.48415 0.44264 0.39889 0.35347 0.30737 0.26225 0.22096 0.18846
0.18608 0.13794 0.028788 0.25642 0.44484 0.57344 0.69593 0.75055 0.73058 0.65201 0.5413 0.43288 0.35593 0.32612 0.34295 0.38982 0.44361 0.48553 0.50999 0.52231 0.52548 0.51992 0.5068 0.48856 0.46855 0.45018 0.43637 0.42913 0.42932 0.43671 0.45025 0.46831 0.4891 0.51083 0.5319 0.55092 0.56675 0.57846 0.58533 0.55169 0.51285 0.4711 0.42651 0.37921 0.32954 0.27811 0.22602 0.17548 0.13169
0.066569 0.13521 0.084565 0.090804 0.36943 0.60539 0.74827 0.77203 0.70959 0.60381 0.48938 0.39454 0.33528 0.31397 0.32636 0.36434 0.41407 0.45907 0.49096 0.5118 0.52303 0.52466 0.51791 0.50528 0.49004 0.47543 0.46411 0.45786 0.45756 0.46322 0.47412 0.48909 0.50664 0.52521 0.54331 0.55956 0.57281 0.58208 0.58655 0.55057 0.50955 0.46569 0.41893 0.36927 0.31683 0.26188 0.20484 0.1465 0.088975
0.23625 0.264 0.36669 0.54786 0.68395 0.70957 0.7377 0.70165 0.60248 0.47334 0.34802 0.2545 0.21041 0.21629 0.25722 0.31719 0.38164 0.43616 0.47418 0.49904 0.51325 0.51764 0.51393 0.50491 0.49382 0.48361 0.47649 0.47378 0.47597 0.48294 0.49404 0.50829 0.52448 0.5413 0.55748 0.57178 0.58314 0.59063 0.59345 0.55561 0.51302 0.46785 0.41997 0.36935 0.31605 0.26026 0.20226 0.14247 0.081707
0.21418 0.28689 0.58892 0.84264 0.82832 0.70654 0.66518 0.60451 0.49873 0.36854 0.23964 0.12805 0.051626 0.09431 0.1838 0.27662 0.36018 0.42293 0.46228 0.48527 0.49695 0.49964 0.49592 0.4889 0.48173 0.47687 0.47577 0.47893 0.48618 0.49698 0.51055 0.52603 0.54244 0.55876 0.57398 0.58711 0.59725 0.6036 0.60547 0.56626 0.52267 0.47693 0.42891 0.37862 0.32623 0.27214 0.21708 0.16261 0.1128
0.64425 0.52615 0.59725 0.65781 0.58229 0.52362 0.53063 0.49851 0.41781 0.318 0.22485 0.14863 0.095459 0.10655 0.18418 0.27916 0.36412 0.42317 0.45496 0.46922 0.47308 0.47026 0.46419 0.45833 0.45559 0.45757 0.46455 0.47583 0.49031 0.50691 0.52468 0.54284 0.56065 0.57744 0.59249 0.60509 0.6146 0.62038 0.6219 0.58173 0.53761 0.49187 0.44444 0.39541 0.34513 0.29428 0.24411 0.19706 0.15797
0.42439 0.37643 0.38267 0.26878 0.1543 0.28242 0.3704 0.36917 0.31132 0.24292 0.19769 0.18136 0.18173 0.20212 0.25361 0.3254 0.39172 0.43314 0.44811 0.44747 0.4393 0.42827 0.41864 0.41424 0.41746 0.42855 0.44599 0.46748 0.49089 0.51463 0.53769 0.55943 0.57942 0.59731 0.61274 0.62531 0.63462 0.64028 0.64193 0.60108 0.55674 0.51138 0.46497 0.41771 0.37007 0.32293 0.27781 0.23724 0.2053
0.20486 0.22019 0.2458 0.22333 0.13372 0.18933 0.25869 0.25114 0.18966 0.11973 0.11456 0.17068 0.22883 0.28048 0.33331 0.38694 0.428 0.44368 0.43572 0.41608 0.39314 0.3724 0.35923 0.35803 0.3702 0.39356 0.42396 0.45733 0.49066 0.52215 0.55091 0.57657 0.59906 0.61838 0.63449 0.64733 0.65675 0.6626 0.6647 0.62334 0.57896 0.53414 0.48893 0.44356 0.39859 0.35496 0.31419 0.27853 0.2511
0.51226 0.1554 0.040444 0.19019 0.23661 0.21221 0.21837 0.2013 0.1445 0.058568 0.071082 0.17603 0.27108 0.34716 0.40485 0.44411 0.45948 0.44689 0.41351 0.37281 0.33339 0.30201 0.28645 0.29227 0.31833 0.35784 0.40329 0.44921 0.49243 0.53139 0.56556 0.59495 0.61986 0.64061 0.65751 0.67075 0.68045 0.68665 0.6894 0.6476 0.60321 0.55895 0.5149 0.47131 0.42874 0.3881 0.35077 0.31863 0.29403
0.25792 0.12604 0.14556 0.21148 0.25071 0.21313 0.19927 0.19943 0.18577 0.16136 0.17132 0.24105 0.33332 0.41392 0.46823 0.49143 0.48149 0.44114 0.38243 0.31985 0.26187 0.21779 0.20191 0.22244 0.26974 0.32872 0.3895 0.44697 0.49875 0.54397 0.58261 0.61509 0.642 0.66396 0.68154 0.69517 0.70518 0.7118 0.71526 0.673 0.62855 0.58477 0.54172 0.49965 0.45907 0.42082 0.38608 0.35638 0.33351
0.2526 0.12873 0.16861 0.20256 0.19191 0.14259 0.14406 0.18333 0.21292 0.23624 0.27231 0.33511 0.41498 0.48589 0.52796 0.53252 0.49871 0.43343 0.35178 0.26778 0.18778 0.12303 0.1103 0.16265 0.23773 0.31503 0.38793 0.45376 0.51151 0.56102 0.60271 0.63727 0.66552 0.68829 0.70631 0.7202 0.73045 0.73747 0.74161 0.69882 0.65421 0.61075 0.56847 0.5276 0.48858 0.45213 0.41925 0.39116 0.36926
0.082695 0.080256 0.1221 0.13384 0.12426 0.030562 0.07785 0.14994 0.20872 0.28102 0.35891 0.43534 0.5079 0.56451 0.5902 0.57636 0.52275 0.43841 0.34011 0.24093 0.14316 0.045709 0.051401 0.14679 0.23836 0.32399 0.402 0.47135 0.53164 0.58304 0.62608 0.66155 0.69035 0.7134 0.73153 0.74547 0.75584 0.76315 0.76787 0.72444 0.67954 0.63621 0.59445 0.55445 0.51656 0.48139 0.44976 0.42266 0.40118
0.1592 0.11269 0.050802 0.11249 0.17397 0.11036 0.089047 0.11595 0.20033 0.3273 0.44724 0.54038 0.60841 0.65093 0.661 0.63255 0.56591 0.47113 0.36653 0.26702 0.17927 0.11999 0.12992 0.19576 0.27631 0.35674 0.43194 0.49968 0.55904 0.60988 0.65255 0.68773 0.71624 0.73901 0.75687 0.77062 0.78093 0.7884 0.79357 0.74938 0.70403 0.66063 0.61915 0.5797 0.54256 0.50822 0.47735 0.45075 0.42928
0.2304 0.2069 0.18397 0.24597 0.26262 0.15754 0.063851 0.098623 0.24544 0.41163 0.5538 0.65337 0.71468 0.7445 0.74245 0.70511 0.63292 0.53582 0.43334 0.34284 0.2732 0.23497 0.23881 0.27963 0.34057 0.40821 0.47504 0.53718 0.5927 0.64087 0.68164 0.71542 0.74287 0.76481 0.78204 0.79533 0.80539 0.81286 0.81831 0.77324 0.7273 0.68365 0.64221 0.60303 0.56629 0.5324 0.50188 0.47539 0.45363
0.39658 0.38823 0.40909 0.42381 0.33853 0.1683 0.084537 0.21511 0.38083 0.5455 0.68104 0.77131 0.82089 0.83927 0.82941 0.78908 0.71758 0.62339 0.52607 0.44396 0.38457 0.35222 0.34978 0.37448 0.41804 0.4713 0.52725 0.58138 0.63107 0.67498 0.71263 0.7441 0.76983 0.79046 0.80671 0.8193 0.82892 0.83622 0.84179 0.79573 0.74906 0.705 0.66339 0.62422 0.5876 0.55383 0.52334 0.49665 0.47433
0.37318 0.43856 0.5093 0.56947 0.49541 0.35598 0.34294 0.44215 0.57626 0.70812 0.81426 0.88164 0.91483 0.92329 0.91029 0.87266 0.80708 0.71926 0.62785 0.55174 0.4973 0.46582 0.45756 0.47054 0.50001 0.53986 0.5845 0.62963 0.67237 0.71102 0.7447 0.77319 0.79667 0.81561 0.83059 0.84227 0.85128 0.85824 0.86377 0.81663 0.76913 0.72451 0.68255 0.64318 0.60643 0.57251 0.54177 0.51462 0.49155
0.35639 0.32686 0.43513 0.6694 0.74086 0.65217 0.64203 0.6955 0.77799 0.86205 0.92736 0.96469 0.97984 0.98143 0.97092 0.94224 0.88802 0.81021 0.72613 0.65532 0.604 0.57214 0.55904 0.56305 0.5812 0.60938 0.64335 0.67945 0.71488 0.74776 0.77698 0.80206 0.82294 0.8399 0.85341 0.864 0.87225 0.87875 0.88409 0.8358 0.78738 0.74208 0.69963 0.65987 0.62278 0.58849 0.55726 0.52945 0.50545
0.15258 0.013682 0.26773 0.67904 0.93226 0.89778 0.88474 0.89856 0.93169 0.96833 0.99236 0.99978 0.99953 0.99979 0.99904 0.9867 0.95015 0.88693 0.81282 0.74837 0.70038 0.66856 0.65191 0.64914 0.65831 0.67668 0.70117 0.72879 0.75706 0.78411 0.80869 0.83014 0.84822 0.86305 0.87493 0.88431 0.8917 0.89762 0.90264 0.85316 0.80377 0.7577 0.71463 0.67433 0.63672 0.60187 0.56997 0.54132 0.51625
0.37803 0.22309 0.29657 0.69255 1.0001 0.9994 0.99627 0.99513 0.99848 0.99939 0.98909 0.97202 0.96274 0.96972 0.98761 0.99987 0.98779 0.94424 0.88347 0.82735 0.78393 0.75328 0.73459 0.72696 0.72921 0.7396 0.75597 0.77602 0.79763 0.81909 0.83911 0.85692 0.87214 0.88476 0.89495 0.90306 0.90951 0.91478 0.91938 0.86869 0.81828 0.77138 0.72759 0.68663 0.64836 0.6128 0.58007 0.55042 0.52415
0.18578 0.095878 0.3687 0.71515 0.93072 0.93611 0.95814 0.97129 0.96895 0.94832 0.91197 0.87719 0.86687 0.8902 0.93638 0.98141 1 0.98066 0.93641 0.89073 0.85337 0.82527 0.80607 0.79534 0.79253 0.79667 0.80635 0.8199 0.8356 0.85192 0.86764 0.88196 0.89439 0.90482 0.91332 0.92014 0.92562 0.93018 0.93428 0.88241 0.83096 0.78318 0.73861 0.69689 0.65785 0.62143 0.58774 0.55696 0.52938
0.41739 0.378 0.45408 0.61714 0.73231 0.74968 0.80948 0.85734 0.86524 0.83121 0.77229 0.72318 0.71877 0.76848 0.85224 0.93651 0.98997 0.99769 0.97209 0.93843 0.90844 0.88416 0.86588 0.85364 0.84746 0.84698 0.8514 0.85958 0.87021 0.882 0.89383 0.90491 0.91473 0.92307 0.92993 0.93548 0.94 0.94383 0.94739 0.89435 0.84188 0.7932 0.74779 0.70524 0.66533 0.62796 0.59319 0.56117 0.53219
0.38371 0.4221 0.36686 0.38225 0.46913 0.51416 0.61908 0.70859 0.73053 0.6828 0.59689 0.52854 0.53338 0.61964 0.74845 0.87484 0.96377 0.99882 0.99235 0.97139 0.94958 0.93013 0.91398 0.90166 0.89363 0.89001 0.89053 0.8945 0.90097 0.90891 0.91734 0.92553 0.93296 0.93937 0.94471 0.94906 0.95265 0.95576 0.95875 0.9046 0.85114 0.80155 0.75527 0.71185 0.67099 0.63258 0.59663 0.56328 0.53279
0.53006 0.4059 0.20792 0.15009 0.22767 0.29584 0.44983 0.57759 0.61137 0.54878 0.42763 0.32043 0.33146 0.46682 0.64354 0.80871 0.929 0.98852 0.9998 0.99114 0.97771 0.96375 0.95072 0.93953 0.93099 0.92559 0.92348 0.92434 0.92756 0.93237 0.93795 0.94365 0.94898 0.95368 0.95763 0.96089 0.96361 0.96602 0.96845 0.91326 0.85884 0.80837 0.76121 0.71687 0.67501 0.63549 0.59829 0.56352 0.53145
0.62483 0.41715 0.17693 0.061785 0.054557 0.14349 0.34041 0.49336 0.53851 0.47162 0.32482 0.14833 0.14337 0.34476 0.55885 0.75051 0.89303 0.97125 0.9972 0.99946 0.99407 0.98587 0.97669 0.96764 0.95976 0.9538 0.9502 0.949 0.94985 0.95224 0.95553 0.95918 0.96274 0.96595 0.9687 0.97099 0.97293 0.97471 0.97659 0.92045 0.86513 0.8138 0.76576 0.72048 0.67759 0.6369 0.59838 0.56213 0.52839
0.4503 0.44222 0.24449 0.12823 0.11511 0.14199 0.30591 0.45748 0.51274 0.46046 0.32993 0.16342 0.11115 0.29871 0.51221 0.70938 0.86137 0.95062 0.987 0.9981 0.99994 0.9975 0.99267 0.98659 0.98035 0.97489 0.97085 0.96852 0.96784 0.9685 0.97006 0.97209 0.97422 0.97621 0.97796 0.97942 0.98069 0.9819 0.98328 0.92628 0.87014 0.81799 0.76909 0.72286 0.67892 0.63703 0.59714 0.55933 0.52386
0.50299 0.53128 0.35941 0.23699 0.21049 0.22348 0.32906 0.45391 0.511 0.48076 0.38953 0.28327 0.24074 0.33522 0.50711 0.68828 0.83666 0.92885 0.97105 0.9886 0.99663 0.99974 0.99957 0.99709 0.99334 0.98927 0.98569 0.98308 0.98162 0.9812 0.98157 0.98242 0.98346 0.98452 0.98546 0.98626 0.98697 0.9877 0.98864 0.93089 0.87401 0.82109 0.77135 0.7242 0.67919 0.63607 0.59477 0.55536 0.51809
0.91326 0.57881 0.35926 0.23884 0.24346 0.28819 0.36936 0.46008 0.50726 0.49298 0.43772 0.37574 0.3501 0.40338 0.52984 0.68344 0.81847 0.90675 0.95053 0.97222 0.98534 0.99368 0.99835 0.99997 0.99937 0.99745 0.9951 0.99295 0.99138 0.99049 0.99017 0.99025 0.99055 0.99093 0.99129 0.99159 0.99188 0.99224 0.9928 0.93442 0.87688 0.82325 0.77272 0.72466 0.67859 0.63424 0.5915 0.55045 0.51132
0.87899 0.46085 0.22792 0.090472 0.23469 0.3257 0.39614 0.45534 0.48391 0.47601 0.44928 0.42443 0.4217 0.46481 0.56125 0.68713 0.80414 0.88389 0.92601 0.94991 0.96716 0.98041 0.99002 0.99609 0.99916 1 0.99951 0.99847 0.99738 0.99653 0.99598 0.9957 0.99558 0.99555 0.99554 0.99553 0.99553 0.99561 0.99588 0.93699 0.87889 0.82462 0.77335 0.72441 0.67729 0.63171 0.58753 0.54481 0.50379
0.60319 0.3202 0.1982 0.11874 0.25701 0.34202 0.39667 0.42766 0.43319 0.42424 0.42135 0.43208 0.45703 0.50588 0.58744 0.69134 0.79005 0.85913 0.89761 0.92241 0.94308 0.96096 0.97554 0.98633 0.99345 0.99753 0.99943 0.99999 0.99988 0.99954 0.99918 0.99889 0.99866 0.99848 0.99832 0.99816 0.99803 0.99795 0.99802 0.93874 0.88017 0.82534 0.77339 0.72361 0.67548 0.62869 0.58307 0.53867 0.49571
0.27457 0.097402 0.21816 0.27231 0.30713 0.33976 0.37223 0.37684 0.35662 0.34156 0.36132 0.40816 0.46283 0.52474 0.60148 0.69012 0.77281 0.83114 0.86523 0.89029 0.91396 0.93632 0.9559 0.97155 0.98301 0.99066 0.99533 0.99792 0.99921 0.99978 0.99997 1 0.99995 0.99986 0.99975 0.99962 0.99948 0.99936 0.99933 0.93978 0.88085 0.82555 0.77298 0.72242 0.67332 0.62534 0.5783 0.53222 0.48732
0.32951 0.19548 0.25569 0.33474 0.32899 0.3213 0.33484 0.31467 0.26457 0.23745 0.28239 0.36567 0.44807 0.52434 0.60132 0.67999 0.74989 0.79873 0.82876 0.85406 0.88066 0.90743 0.93202 0.95262 0.96856 0.98001 0.98772 0.99265 0.99567 0.99748 0.99855 0.99918 0.99956 0.9998 0.99993 0.99999 1 0.99996 0.99993 0.94025 0.88106 0.82537 0.77225 0.72097 0.67096 0.62183 0.57341 0.52568 0.47883
0.54967 0.36521 0.28717 0.31997 0.30898 0.29609 0.30273 0.26298 0.17854 0.12415 0.20257 0.31883 0.42188 0.50928 0.58762 0.65961 0.71979 0.76116 0.78821 0.81423 0.84396 0.8752 0.90478 0.93034 0.95081 0.96616 0.97709 0.98459 0.98959 0.99291 0.99512 0.99662 0.99767 0.99843 0.99899 0.9994 0.99969 0.99986 0.99993 0.94024 0.8809 0.82491 0.77133 0.7194 0.66853 0.61832 0.56856 0.51921 0.47044
0.60422 0.3788 0.2366 0.25232 0.25847 0.27533 0.29041 0.24455 0.13974 0.013167 0.14741 0.28025 0.39179 0.48408 0.56229 0.62906 0.68201 0.71817 0.74378 0.77141 0.80467 0.84049 0.87504 0.90547 0.93041 0.94968 0.96391 0.97411 0.98128 0.98632 0.98989 0.99248 0.9944 0.99588 0.99704 0.99796 0.99865 0.99914 0.99944 0.93985 0.88047 0.82427 0.77032 0.71782 0.66617 0.61495 0.56392 0.51301 0.46236
0.54757 0.28886 0.12104 0.15208 0.191 0.26462 0.29823 0.26094 0.1697 0.081881 0.14164 0.25677 0.36239 0.45233 0.52751 0.58924 0.63681 0.66997 0.69593 0.72629 0.7636 0.80413 0.84357 0.87872 0.90799 0.93109 0.94862 0.96158 0.97104 0.97796 0.98307 0.98693 0.98991 0.99227 0.99419 0.99575 0.99699 0.99792 0.99853 0.93918 0.87987 0.82356 0.76931 0.71633 0.66398 0.61184 0.55962 0.50724 0.45478
0.54125 0.24394 0.028211 0.046295 0.14284 0.26686 0.31542 0.29077 0.22042 0.15633 0.1691 0.24644 0.3351 0.41638 0.48535 0.54146 0.58496 0.6172 0.64538 0.67966 0.72157 0.76692 0.81109 0.85072 0.8841 0.91087 0.9316 0.94733 0.95915 0.96807 0.97486 0.98014 0.98433 0.98773 0.99055 0.99288 0.99478 0.99626 0.99731 0.93831 0.87917 0.82285 0.7684 0.71502 0.66207 0.6091 0.5558 0.50205 0.44788
0.57655 0.25555 0.058554 0.10377 0.1777 0.28269 0.33102 0.31456 0.25898 0.20562 0.19721 0.2415 0.30904 0.37752 0.43752 0.48719 0.52759 0.56084 0.59306 0.63242 0.67944 0.72961 0.77828 0.82205 0.85923 0.88943 0.91324 0.93168 0.94587 0.95685 0.96543 0.97226 0.97779 0.98237 0.98622 0.98944 0.99212 0.99426 0.99585 0.93731 0.87844 0.82221 0.76766 0.71398 0.66053 0.60683 0.55256 0.49756 0.44182
0.62344 0.33067 0.17884 0.22333 0.25771 0.3047 0.33816 0.32353 0.27681 0.22994 0.21224 0.23458 0.2825 0.33641 0.38544 0.42786 0.46602 0.50212 0.54011 0.58558 0.63803 0.6929 0.7457 0.79321 0.83381 0.86716 0.89384 0.9149 0.93145 0.94453 0.95497 0.96345 0.97044 0.9763 0.98128 0.98552 0.98908 0.99198 0.99421 0.93624 0.87775 0.8217 0.76714 0.71327 0.65942 0.60511 0.55 0.4939 0.43674
0.64279 0.40346 0.29216 0.31742 0.32269 0.32071 0.33393 0.31668 0.27471 0.23262 0.21214 0.22206 0.25433 0.29355 0.33029 0.36487 0.40172 0.44252 0.48785 0.54021 0.59817 0.65742 0.71388 0.76463 0.8082 0.84436 0.8737 0.89724 0.91609 0.93128 0.94363 0.95383 0.96237 0.96962 0.97584 0.98118 0.98572 0.98949 0.99245 0.93516 0.87714 0.82137 0.76691 0.71294 0.65881 0.60401 0.5482 0.49115 0.43278
0.514 0.34389 0.32875 0.35795 0.35214 0.32267 0.31882 0.29739 0.25747 0.2191 0.19969 0.20393 0.22459 0.24972 0.27322 0.29951 0.33628 0.38377 0.43778 0.49739 0.56062 0.62373 0.68323 0.73664 0.78272 0.82132 0.85305 0.87892 0.89999 0.91727 0.93157 0.94354 0.95369 0.96241 0.96996 0.9765 0.98212 0.98683 0.99063 0.93411 0.87666 0.82126 0.76699 0.71303 0.65872 0.60358 0.54721 0.4894 0.43001
0.25014 0.18047 0.29143 0.33876 0.34678 0.30961 0.29588 0.27095 0.23128 0.19566 0.17966 0.18259 0.1947 0.20629 0.21546 0.23302 0.27152 0.32794 0.39153 0.45821 0.52607 0.59226 0.65408 0.70952 0.7576 0.79826 0.83211 0.86013 0.88333 0.90266 0.9189 0.93269 0.94452 0.95477 0.96372 0.97154 0.97831 0.98407 0.98879 0.93313 0.87634 0.82141 0.76742 0.71357 0.65921 0.60384 0.54709 0.48869 0.42852
0.17752 0.093838 0.21885 0.27564 0.31699 0.28492 0.26898 0.24244 0.20191 0.16814 0.15718 0.16167 0.16736 0.16573 0.15871 0.16653 0.2098 0.27762 0.35087 0.42368 0.49506 0.56336 0.62667 0.68347 0.73303 0.77535 0.81105 0.84104 0.86626 0.88759 0.90577 0.9214 0.93494 0.94678 0.95719 0.96635 0.97436 0.98123 0.98696 0.93225 0.8762 0.82182 0.76821 0.71458 0.66029 0.60483 0.54784 0.48906 0.42836
0.28863 0.1655 0.13153 0.19813 0.27427 0.25257 0.24111 0.21521 0.17317 0.14062 0.13655 0.14502 0.14642 0.13254 0.10627 0.10123 0.15499 0.23607 0.31754 0.39461 0.46799 0.53722 0.60114 0.65863 0.70914 0.75274 0.79002 0.82179 0.84891 0.87218 0.89228 0.90974 0.92503 0.9385 0.95043 0.961 0.9703 0.97836 0.98517 0.9315 0.87627 0.82253 0.76938 0.71607 0.66195 0.60654 0.54948 0.49052 0.42952
0.38513 0.22074 0.06081 0.14546 0.22629 0.21568 0.2138 0.19037 0.1463 0.11472 0.12045 0.13568 0.13603 0.11404 0.068237 0.038888 0.115 0.20713 0.29297 0.37151 0.44503 0.51392 0.57754 0.63504 0.68601 0.73053 0.76912 0.80249 0.8314 0.85655 0.87852 0.89782 0.91487 0.93001 0.9435 0.95551 0.96617 0.97548 0.98345 0.93088 0.87656 0.82353 0.77094 0.71804 0.66421 0.60898 0.552 0.49305 0.43201
0.532 0.30614 0.12593 0.13828 0.17563 0.1771 0.18784 0.1677 0.12051 0.089732 0.10989 0.13489 0.13847 0.11662 0.069221 0.026841 0.10309 0.19388 0.27786 0.35446 0.42611 0.49339 0.55582 0.61272 0.66369 0.7088 0.74845 0.78325 0.81383 0.84077 0.86458 0.88571 0.90452 0.92135 0.93643 0.94995 0.962 0.97263 0.98182 0.93042 0.87706 0.82482 0.77287 0.72048 0.66705 0.61212 0.55538 0.49663 0.43579
0.7103 0.41051 0.2087 0.14319 0.12202 0.14054 0.16436 0.14718 0.094744 0.064185 0.10522 0.14203 0.15225 0.13736 0.10418 0.081766 0.12201 0.19622 0.27179 0.34309 0.41095 0.47543 0.53589 0.59162 0.64219 0.68758 0.72808 0.76415 0.79628 0.82494 0.85055 0.87348 0.89405 0.91257 0.92928 0.94432 0.95782 0.96982 0.98029 0.93012 0.87779 0.82641 0.77518 0.72338 0.67045 0.61595 0.55959 0.50122 0.4408
0.80469 0.47798 0.26005 0.13748 0.065925 0.11091 0.14513 0.13035 0.070551 0.039666 0.10756 0.15555 0.17357 0.16755 0.14735 0.134 0.15635 0.21026 0.27319 0.33659 0.39908 0.45975 0.51758 0.57167 0.6215 0.66691 0.70805 0.74525 0.77883 0.80914 0.83649 0.86119 0.88352 0.90374 0.92207 0.93868 0.95366 0.96706 0.97887 0.92999 0.87875 0.82829 0.77784 0.72672 0.67439 0.62043 0.56459 0.50675 0.44696
0.75315 0.49334 0.28835 0.13541 0.0094855 0.093175 0.1323 0.1207 0.057363 0.034683 0.11851 0.17398 0.19883 0.20071 0.18983 0.18147 0.19403 0.23074 0.27982 0.33382 0.38987 0.446 0.50068 0.55276 0.60156 0.64679 0.68842 0.72661 0.76154 0.79342 0.82246 0.8489 0.87296 0.89488 0.91486 0.93304 0.94953 0.96438 0.97757 0.93002 0.87991 0.83044 0.78084 0.73048 0.67883 0.62551 0.57032 0.51317 0.45419
0.58669 0.46426 0.30374 0.1551 0.042553 0.08933 0.12757 0.1223 0.070234 0.06394 0.13848 0.19606 0.22548 0.23335 0.22892 0.22356 0.22993 0.25331 0.28937 0.33357 0.38263 0.43376 0.48495 0.53476 0.58234 0.62721 0.66921 0.70828 0.74447 0.77785 0.80852 0.83666 0.86242 0.88603 0.90766 0.92743 0.94546 0.96177 0.97639 0.93021 0.88129 0.83285 0.78416 0.73463 0.68374 0.63117 0.57672 0.5204 0.46238
0.41031 0.40186 0.30497 0.19013 0.088515 0.096113 0.13153 0.13652 0.10391 0.10566 0.16584 0.22052 0.25176 0.26353 0.26343 0.25989 0.26193 0.27514 0.29985 0.33467 0.37668 0.42264 0.47015 0.51754 0.56376 0.60818 0.65042 0.69029 0.72766 0.76246 0.79471 0.8245 0.85195 0.87723 0.9005 0.92187 0.94144 0.95926 0.97533 0.93055 0.88286 0.8355 0.78778 0.73913 0.68908 0.63734 0.58375 0.52836 0.47144
0.3317 0.31658 0.28979 0.22526 0.12466 0.10772 0.14346 0.16103 0.14613 0.1511 0.19775 0.24591 0.27632 0.29008 0.29272 0.29025 0.28908 0.29453 0.30977 0.33611 0.37137 0.41223 0.45605 0.50097 0.54577 0.58966 0.63209 0.67268 0.71114 0.74731 0.78108 0.81247 0.84157 0.8685 0.8934 0.91637 0.9375 0.95684 0.9744 0.93105 0.88462 0.83837 0.79167 0.74396 0.69482 0.64397 0.59133 0.53698 0.48127
0.31078 0.20952 0.26224 0.24944 0.14525 0.11928 0.16198 0.19225 0.19095 0.19678 0.23119 0.27064 0.29807 0.31223 0.31643 0.31455 0.31098 0.31051 0.31809 0.33707 0.36616 0.40219 0.44243 0.48492 0.52831 0.57164 0.61421 0.65546 0.69496 0.73242 0.76765 0.80061 0.83131 0.85987 0.88639 0.91096 0.93365 0.95451 0.97358 0.93169 0.88654 0.84145 0.79581 0.74909 0.70091 0.65103 0.5994 0.54617 0.49175
0.23927 0.082542 0.23485 0.25534 0.14302 0.12862 0.18583 0.22715 0.23522 0.24019 0.26339 0.29313 0.31611 0.32948 0.33441 0.33284 0.3275 0.32262 0.32415 0.33696 0.36061 0.3922 0.42909 0.46927 0.51131 0.5541 0.59679 0.63865 0.67913 0.71783 0.75446 0.78893 0.82121 0.85136 0.87948 0.90563 0.92989 0.95229 0.97288 0.93246 0.88862 0.84471 0.80016 0.75448 0.70731 0.65845 0.6079 0.55585 0.50279
0.2349 0.056322 0.22394 0.24091 0.11222 0.1381 0.21416 0.26339 0.27674 0.27925 0.29209 0.31198 0.32973 0.34155 0.34667 0.34528 0.33874 0.33066 0.32757 0.33538 0.35437 0.38203 0.41588 0.45394 0.49473 0.53703 0.57983 0.62228 0.66369 0.70356 0.74154 0.77746 0.81127 0.84299 0.87268 0.90041 0.92622 0.95017 0.97229 0.93335 0.89084 0.84814 0.80471 0.7601 0.71398 0.66619 0.61677 0.56595 0.5143
0.28416 0.16092 0.23414 0.21505 0.052299 0.15492 0.24621 0.29901 0.31375 0.31231 0.31551 0.32605 0.33842 0.34835 0.35336 0.35214 0.3449 0.33465 0.32818 0.33207 0.34721 0.37149 0.40266 0.43884 0.47852 0.5204 0.56334 0.60636 0.64865 0.68964 0.7289 0.76623 0.80153 0.83478 0.86602 0.8953 0.92266 0.94814 0.9718 0.93436 0.89319 0.85171 0.80943 0.76591 0.72088 0.6742 0.62595 0.57641 0.52618
0.22977 0.23769 0.26016 0.20602 0.039676 0.18594 0.28081 0.33225 0.34487 0.33816 0.33247 0.3346 0.34195 0.34996 0.35476 0.35379 0.34629 0.33476 0.32596 0.32692 0.33897 0.36043 0.38933 0.42391 0.46266 0.50422 0.54732 0.5909 0.63403 0.67608 0.71658 0.75526 0.79199 0.82673 0.8595 0.89031 0.9192 0.94622 0.97142 0.93547 0.89564 0.8554 0.81428 0.77189 0.72798 0.68244 0.63538 0.58714 0.53836
0.21868 0.30183 0.30225 0.24654 0.14041 0.23096 0.31612 0.36154 0.36912 0.35609 0.34231 0.33724 0.3403 0.34664 0.35126 0.35065 0.34332 0.33121 0.32101 0.31989 0.32958 0.34879 0.37583 0.4091 0.44713 0.48847 0.53179 0.5759 0.61985 0.66291 0.70458 0.74456 0.78267 0.81887 0.85312 0.88544 0.91585 0.94439 0.97113 0.93666 0.89819 0.8592 0.81926 0.77801 0.73522 0.69085 0.64501 0.59809 0.55076
0.3712 0.36482 0.35781 0.32758 0.2466 0.28339 0.34978 0.3856 0.38593 0.36587 0.34488 0.334 0.33373 0.3388 0.34336 0.34324 0.3364 0.32434 0.31348 0.31103 0.31903 0.33652 0.36213 0.39441 0.43191 0.47316 0.51674 0.5614 0.60611 0.65013 0.69291 0.73414 0.77359 0.8112 0.8469 0.8807 0.91261 0.94266 0.97093 0.93794 0.90082 0.86308 0.82432 0.78423 0.7426 0.69939 0.65479 0.60919 0.56332
0.54102 0.40887 0.41105 0.41613 0.34412 0.33516 0.37941 0.40356 0.39523 0.36775 0.34047 0.32523 0.32268 0.32695 0.33161 0.33209 0.32602 0.31449 0.30359 0.30046 0.30733 0.32362 0.34822 0.37982 0.41702 0.4583 0.50219 0.54738 0.59283 0.63776 0.6816 0.72401 0.76476 0.80373 0.84085 0.8761 0.90948 0.94102 0.9708 0.93929 0.90351 0.86702 0.82946 0.79053 0.75005 0.70804 0.66468 0.62041 0.57596
0.60537 0.39977 0.44333 0.48723 0.42258 0.37958 0.40309 0.41508 0.39738 0.36238 0.32976 0.31156 0.30779 0.31173 0.31661 0.31777 0.31267 0.30204 0.29159 0.2883 0.29457 0.31013 0.33411 0.36535 0.40246 0.44389 0.48814 0.53387 0.58002 0.6258 0.67064 0.71419 0.75617 0.79647 0.83497 0.87164 0.90646 0.93948 0.97075 0.9407 0.90625 0.87101 0.83464 0.79688 0.75757 0.71675 0.67463 0.63167 0.58865
0.48293 0.32412 0.44606 0.52733 0.47553 0.41236 0.41969 0.42034 0.39314 0.35074 0.3137 0.29385 0.28979 0.29381 0.29899 0.30086 0.29684 0.28738 0.27775 0.27472 0.28083 0.29609 0.31984 0.35103 0.38826 0.42996 0.47461 0.52086 0.56767 0.61426 0.66005 0.70467 0.74785 0.78942 0.82927 0.86732 0.90356 0.93802 0.97078 0.94216 0.90904 0.87504 0.83986 0.80326 0.76512 0.72548 0.6846 0.64296 0.60132
0.23741 0.22096 0.42241 0.53219 0.50079 0.43163 0.42901 0.42001 0.38358 0.33406 0.29344 0.27307 0.26953 0.27391 0.2794 0.28193 0.27903 0.27088 0.26235 0.2599 0.26623 0.28158 0.30547 0.33689 0.37444 0.41652 0.4616 0.50838 0.55581 0.60315 0.64983 0.69548 0.73979 0.78259 0.82374 0.86314 0.90077 0.93664 0.97086 0.94366 0.91185 0.87908 0.84509 0.80965 0.77267 0.73422 0.69457 0.65422 0.61394
0.22613 0.18624 0.37998 0.50462 0.4998 0.4376 0.43166 0.41509 0.36996 0.31364 0.27017 0.25026 0.24786 0.25274 0.25847 0.26155 0.25971 0.25293 0.24564 0.24404 0.25091 0.26671 0.29108 0.323 0.36104 0.4036 0.44914 0.49641 0.54443 0.59247 0.63999 0.6866 0.73201 0.77599 0.81839 0.8591 0.89808 0.93535 0.971 0.9452 0.91468 0.88313 0.85031 0.81602 0.7802 0.74293 0.7045 0.66542 0.62648
0.40637 0.22628 0.32346 0.45193 0.47653 0.43197 0.42877 0.40677 0.35359 0.29082 0.24512 0.22644 0.2256 0.23102 0.23681 0.24026 0.23935 0.2339 0.22791 0.22731 0.23499 0.25158 0.27673 0.30941 0.34811 0.39121 0.43723 0.48498 0.53353 0.58222 0.63052 0.67805 0.72449 0.76961 0.81323 0.85521 0.89551 0.93413 0.97119 0.94676 0.91751 0.88717 0.85551 0.82237 0.78769 0.75159 0.71436 0.67652 0.63888
0.47746 0.24448 0.2543 0.38358 0.43618 0.41734 0.42178 0.39621 0.33569 0.26683 0.21937 0.20256 0.20353 0.20937 0.215 0.21856 0.21838 0.21411 0.20939 0.20991 0.21863 0.2363 0.26255 0.2962 0.33569 0.37938 0.42589 0.47408 0.52312 0.5724 0.62143 0.66982 0.71725 0.76347 0.80826 0.85147 0.89305 0.933 0.97143 0.94834 0.92034 0.89119 0.86068 0.82867 0.79512 0.76017 0.72412 0.68752 0.65114
0.43555 0.21775 0.17548 0.30922 0.38427 0.39673 0.41213 0.38444 0.31729 0.2427 0.19386 0.17944 0.18234 0.18839 0.19357 0.19695 0.1972 0.19388 0.19032 0.192 0.20197 0.22102 0.24863 0.28345 0.32382 0.36815 0.41511 0.46371 0.51319 0.56301 0.61271 0.66192 0.71029 0.75755 0.80347 0.84787 0.89069 0.93194 0.97172 0.94994 0.92317 0.89518 0.8658 0.83491 0.80248 0.76866 0.73378 0.69837 0.66322
0.34844 0.1741 0.094955 0.23686 0.32621 0.37324 0.40108 0.37226 0.29918 0.2192 0.16928 0.15772 0.16259 0.1686 0.173 0.17587 0.17621 0.17351 0.17091 0.17375 0.18517 0.20587 0.23509 0.27124 0.31256 0.35753 0.40492 0.45388 0.50375 0.55405 0.60437 0.65434 0.70361 0.75187 0.79886 0.84442 0.88845 0.93094 0.97204 0.95154 0.92597 0.89913 0.87086 0.84107 0.80974 0.77704 0.7433 0.70906 0.6751
0.27565 0.15365 0.026579 0.17108 0.26745 0.34985 0.38969 0.36022 0.28183 0.19682 0.14608 0.13786 0.14471 0.15043 0.15374 0.15573 0.15575 0.15327 0.15135 0.15533 0.16839 0.19103 0.22207 0.25965 0.30196 0.34754 0.39532 0.44458 0.49478 0.54551 0.5964 0.64709 0.6972 0.74641 0.79445 0.84112 0.88631 0.93002 0.9724 0.95315 0.92875 0.90303 0.87586 0.84714 0.8169 0.7853 0.75267 0.71957 0.68677
0.23456 0.16356 0.035492 0.11178 0.21453 0.32921 0.37873 0.34865 0.26555 0.17581 0.12443 0.12013 0.12897 0.1342 0.13616 0.13694 0.13617 0.13342 0.13182 0.13688 0.15181 0.17666 0.20971 0.24879 0.29207 0.33821 0.38632 0.43581 0.48628 0.53739 0.58881 0.64016 0.69106 0.74119 0.79022 0.83795 0.88427 0.92917 0.97278 0.95475 0.9315 0.90688 0.88078 0.85312 0.82394 0.79341 0.76188 0.72989 0.69822
0.23166 0.17922 0.063765 0.055322 0.1766 0.31334 0.36876 0.33779 0.25045 0.15626 0.10429 0.10461 0.11551 0.12014 0.12061 0.11988 0.11784 0.11419 0.11245 0.11854 0.13561 0.16297 0.19815 0.23873 0.28292 0.32954 0.3779 0.42756 0.47825 0.52969 0.58157 0.63354 0.6852 0.73619 0.78618 0.83494 0.88234 0.92838 0.9732 0.95635 0.93421 0.91067 0.88561 0.859 0.83086 0.80138 0.77092 0.74001 0.70942
0.24886 0.1895 0.078551 0.016158 0.16406 0.30335 0.36015 0.32778 0.23665 0.13818 0.085483 0.09126 0.1043 0.10836 0.10734 0.10491 0.10113 0.095875 0.093376 0.10046 0.12005 0.15018 0.18754 0.22955 0.27454 0.32156 0.37007 0.41984 0.47067 0.52239 0.5747 0.62725 0.67962 0.73142 0.78232 0.83206 0.8805 0.92765 0.97364 0.95793 0.93688 0.91438 0.89036 0.86476 0.83763 0.80919 0.77976 0.74991 0.72037
0.26242 0.20074 0.10149 0.073196 0.17868 0.29927 0.35312 0.31881 0.22429 0.1217 0.06773 0.079963 0.095183 0.098813 0.096505 0.092394 0.086491 0.078795 0.074722 0.082811 0.10541 0.13854 0.17804 0.22134 0.26698 0.31425 0.36283 0.41261 0.46354 0.51549 0.56818 0.62126 0.6743 0.72688 0.77865 0.82933 0.87877 0.92698 0.9741 0.95951 0.93951 0.91803 0.895 0.87039 0.84427 0.81683 0.78842 0.75958 0.73106
0.27369 0.22305 0.14898 0.14114 0.2097 0.30016 0.34779 0.31109 0.21366 0.10716 0.050783 0.070599 0.087906 0.091325 0.08812 0.082614 0.07445 0.063454 0.056603 0.065827 0.092097 0.12832 0.16978 0.21414 0.26025 0.30762 0.35615 0.40589 0.45685 0.50898 0.56201 0.61558 0.66924 0.72257 0.77516 0.82673 0.87714 0.92637 0.97458 0.96106 0.94209 0.9216 0.89955 0.87591 0.85076 0.82429 0.79687 0.76903 0.74149
0.2807 0.25941 0.21418 0.20842 0.24516 0.30455 0.34422 0.30489 0.20509 0.095227 0.034473 0.063099 0.082154 0.085591 0.082031 0.07572 0.065606 0.050698 0.039188 0.049919 0.080652 0.11983 0.1629 0.208 0.25434 0.30166 0.35004 0.39964 0.45058 0.50284 0.55617 0.6102 0.66445 0.71847 0.77184 0.82427 0.8756 0.92582 0.97508 0.9626 0.94462 0.92509 0.90398 0.88129 0.85709 0.83158 0.80512 0.77824 0.75165
0.26622 0.30639 0.28331 0.26872 0.27766 0.31093 0.3424 0.30044 0.19898 0.086862 0.018795 0.057451 0.077595 0.081223 0.077908 0.07163 0.060455 0.041959 0.022933 0.03603 0.071781 0.11333 0.15747 0.20295 0.24927 0.29636 0.34446 0.39385 0.44473 0.49708 0.55067 0.60512 0.65992 0.71459 0.76871 0.82195 0.87416 0.92532 0.97559 0.96411 0.94709 0.9285 0.90831 0.88654 0.86326 0.83868 0.81316 0.78721 0.76154
0.24437 0.36008 0.3447 0.31607 0.30322 0.31808 0.3423 0.29792 0.1956 0.082996 0.0047896 0.053655 0.073908 0.077803 0.075298 0.069989 0.059079 0.038951 0.010837 0.026648 0.066263 0.10904 0.15356 0.19898 0.245 0.29169 0.3394 0.38852 0.43927 0.49167 0.5455 0.60032 0.65563 0.71093 0.76574 0.81976 0.87281 0.92487 0.97612 0.9656 0.9495 0.93182 0.91253 0.89165 0.86927 0.8456 0.82099 0.79594 0.77116
0.31276 0.41587 0.38953 0.34563 0.31991 0.32516 0.34379 0.29736 0.19501 0.083919 0.012011 0.051619 0.070805 0.074936 0.073717 0.070244 0.060964 0.041993 0.015853 0.026099 0.064649 0.10704 0.15116 0.19607 0.2415 0.28762 0.33484 0.38361 0.43419 0.48662 0.54064 0.59581 0.6516 0.70747 0.76295 0.8177 0.87155 0.92447 0.97666 0.96706 0.95186 0.93505 0.91664 0.89663 0.87512 0.85233 0.8286 0.80443 0.7805
0.47707 0.46558 0.41192 0.35433 0.32711 0.33171 0.34669 0.29866 0.19699 0.088928 0.025362 0.051079 0.06803 0.072287 0.072721 0.071796 0.065209 0.049281 0.029488 0.034092 0.066894 0.10727 0.1502 0.19416 0.23874 0.28412 0.33075 0.3791 0.42948 0.4819 0.53608 0.59158 0.64781 0.70422 0.76033 0.81577 0.87037 0.92412 0.9772 0.9685 0.95416 0.9382 0.92062 0.90146 0.8808 0.85887 0.83599 0.81267 0.78957
0.63046 0.49869 0.40922 0.34101 0.32536 0.33761 0.35075 0.30152 0.20103 0.09664 0.037784 0.051596 0.065359 0.069592 0.071966 0.074134 0.070922 0.058735 0.043773 0.045859 0.072317 0.10952 0.15058 0.19318 0.23666 0.28115 0.32709 0.37499 0.42512 0.4775 0.53183 0.58762 0.64426 0.70118 0.75787 0.81397 0.86929 0.92382 0.97776 0.9699 0.95639 0.94125 0.9245 0.90615 0.88632 0.86521 0.84317 0.82067 0.79837
0.71097 0.50721 0.38252 0.30646 0.31625 0.34293 0.35565 0.30553 0.20646 0.1056 0.048849 0.052639 0.062591 0.066661 0.071221 0.076892 0.07744 0.069084 0.057779 0.058763 0.079973 0.11345 0.15213 0.19303 0.2352 0.27866 0.32385 0.37123 0.4211 0.47342 0.52787 0.58392 0.64094 0.69833 0.75557 0.81228 0.86828 0.92356 0.97832 0.97128 0.95857 0.94422 0.92825 0.9107 0.89167 0.87137 0.85013 0.82843 0.8069
0.7176 0.49004 0.33705 0.25323 0.30252 0.34788 0.36103 0.3102 0.21253 0.11462 0.058305 0.05369 0.059551 0.063372 0.070368 0.079854 0.084351 0.079694 0.071327 0.071851 0.089013 0.1187 0.15468 0.19362 0.2343 0.27662 0.32098 0.36782 0.4174 0.46964 0.52419 0.58048 0.63785 0.69568 0.75343 0.81072 0.86736 0.92335 0.97889 0.97263 0.96068 0.94709 0.93189 0.91511 0.89686 0.87734 0.85688 0.83595 0.81517
0.68238 0.4538 0.28244 0.1853 0.28796 0.35274 0.36652 0.31506 0.21859 0.12287 0.065969 0.054311 0.056087 0.059665 0.069388 0.082925 0.091424 0.090268 0.084373 0.084753 0.098806 0.12491 0.15804 0.19483 0.23387 0.27497 0.31846 0.36473 0.414 0.46616 0.52079 0.57729 0.63498 0.69321 0.75144 0.80927 0.86652 0.92317 0.97946 0.97394 0.96273 0.94988 0.93541 0.91938 0.90188 0.88312 0.86341 0.84323 0.82317
0.63763 0.40948 0.23229 0.10787 0.2771 0.35775 0.3718 0.31965 0.22407 0.12981 0.071735 0.054172 0.052071 0.055541 0.06835 0.086098 0.098552 0.10067 0.09691 0.097301 0.10892 0.13176 0.16202 0.19654 0.23386 0.27368 0.31625 0.36194 0.4109 0.46295 0.51765 0.57435 0.63233 0.69094 0.7496 0.80794 0.86575 0.92304 0.98003 0.97522 0.96472 0.95257 0.93882 0.92351 0.90673 0.88871 0.86974 0.85028 0.83091
0.59896 0.36579 0.20113 0.030346 0.2741 0.36305 0.37657 0.32365 0.2286 0.13513 0.07558 0.053057 0.047406 0.051066 0.0674 0.089429 0.1057 0.11084 0.10894 0.10941 0.11908 0.13898 0.16643 0.19865 0.23419 0.27268 0.31433 0.35943 0.40807 0.46001 0.51476 0.57164 0.62989 0.68883 0.74791 0.80671 0.86505 0.92294 0.9806 0.97647 0.96664 0.95517 0.94211 0.92749 0.91143 0.89411 0.87585 0.85709 0.8384
0.56175 0.32322 0.19494 0.064775 0.28112 0.36863 0.38064 0.32681 0.23196 0.13876 0.077578 0.050859 0.042022 0.046391 0.066745 0.093007 0.11288 0.12077 0.12049 0.12104 0.12909 0.14636 0.17112 0.20105 0.23478 0.27194 0.31266 0.35718 0.4055 0.45733 0.51213 0.56916 0.62765 0.68691 0.74636 0.80559 0.86443 0.92288 0.98118 0.97769 0.9685 0.95769 0.94528 0.93134 0.91596 0.89933 0.88176 0.86368 0.84563
0.50831 0.27479 0.20497 0.14211 0.29741 0.37436 0.38388 0.32905 0.2341 0.14076 0.077903 0.04758 0.035886 0.041789 0.066635 0.096935 0.12011 0.13045 0.13155 0.13216 0.13882 0.15373 0.17595 0.20363 0.23558 0.27141 0.31122 0.35516 0.40317 0.4549 0.50973 0.5669 0.62561 0.68515 0.74494 0.80458 0.86388 0.92285 0.98175 0.97888 0.9703 0.96011 0.94835 0.93506 0.92033 0.90437 0.88747 0.87004 0.85262
0.42601 0.21284 0.21916 0.21375 0.31983 0.37995 0.38624 0.33037 0.23512 0.14135 0.076844 0.043337 0.028994 0.037707 0.067333 0.10131 0.12742 0.1399 0.14214 0.14274 0.14817 0.16096 0.1808 0.20632 0.23652 0.27105 0.30998 0.35337 0.40108 0.45271 0.50756 0.56485 0.62376 0.68356 0.74366 0.80366 0.86339 0.92286 0.98232 0.98003 0.97204 0.96245 0.9513 0.93863 0.92455 0.90924 0.89298 0.87618 0.85937
0.32521 0.13501 0.23267 0.27626 0.34453 0.38507 0.38777 0.3309 0.23522 0.14088 0.074801 0.038395 0.021384 0.034815 0.069076 0.10623 0.13485 0.14913 0.15228 0.15279 0.15709 0.16795 0.18557 0.20903 0.23755 0.27083 0.3089 0.35177 0.39922 0.45074 0.50562 0.56302 0.6221 0.68212 0.7425 0.80284 0.86296 0.92289 0.98289 0.98114 0.97371 0.9647 0.95414 0.94208 0.92862 0.91393 0.89829 0.8821 0.86588
0.24441 0.045304 0.24723 0.32808 0.36803 0.38938 0.38855 0.33083 0.2347 0.13977 0.072291 0.033244 0.013165 0.033925 0.072035 0.11173 0.14242 0.15816 0.16196 0.16229 0.16552 0.17461 0.19018 0.21169 0.23861 0.27071 0.30798 0.35037 0.39756 0.44899 0.50389 0.56138 0.62061 0.68084 0.74147 0.80212 0.8626 0.92296 0.98346 0.98223 0.97533 0.96686 0.95687 0.9454 0.93253 0.91844 0.90341 0.88782 0.87216
0.22463 0.050557 0.26627 0.36841 0.38774 0.39259 0.38873 0.33038 0.2339 0.13847 0.069927 0.028742 0.0049718 0.035653 0.076286 0.11786 0.15015 0.16697 0.17119 0.17123 0.17344 0.18089 0.19455 0.21425 0.23967 0.27066 0.30719 0.34914 0.3961 0.44746 0.50237 0.55994 0.6193 0.6797 0.74056 0.80148 0.8623 0.92305 0.98402 0.98328 0.97688 0.96894 0.95949 0.94858 0.93629 0.92279 0.90835 0.89332 0.87821
0.2474 0.14066 0.29054 0.39682 0.40199 0.3945 0.38846 0.3298 0.23313 0.13745 0.068359 0.026242 0.0067383 0.040041 0.081813 0.12461 0.15803 0.17558 0.17998 0.17961 0.18081 0.18674 0.19864 0.21665 0.24068 0.27065 0.30651 0.34806 0.39483 0.44612 0.50104 0.55869 0.61816 0.67871 0.73976 0.80093 0.86205 0.92317 0.98458 0.98429 0.97838 0.97094 0.96201 0.95165 0.93991 0.92698 0.9131 0.89863 0.88405
0.27224 0.22163 0.31692 0.41315 0.40985 0.39501 0.38788 0.32928 0.23268 0.1371 0.068158 0.027118 0.016295 0.046631 0.088522 0.13197 0.16605 0.18398 0.18831 0.18743 0.18761 0.19212 0.20239 0.21886 0.24161 0.27066 0.30593 0.34714 0.39375 0.44498 0.49991 0.55761 0.61718 0.67786 0.73908 0.80046 0.86185 0.92331 0.98513 0.98527 0.97981 0.97285 0.96443 0.95459 0.94339 0.931 0.91767 0.90374 0.88967
0.29718 0.28906 0.3402 0.41736 0.41102 0.39411 0.38713 0.329 0.23275 0.13767 0.069666 0.031569 0.026615 0.054843 0.096277 0.13987 0.17419 0.19216 0.1962 0.19467 0.19384 0.197 0.20578 0.22084 0.24245 0.27068 0.30543 0.34635 0.39283 0.44402 0.49897 0.55671 0.61635 0.67714 0.7385 0.80007 0.86171 0.92347 0.98568 0.98622 0.98119 0.97469 0.96675 0.95741 0.94673 0.93487 0.92207 0.90865 0.89508
0.33878 0.34092 0.35536 0.40962 0.40567 0.39187 0.38629 0.32901 0.2334 0.13924 0.072895 0.038567 0.037297 0.064199 0.10492 0.14825 0.18242 0.20011 0.20363 0.20134 0.19948 0.20136 0.20877 0.22256 0.24315 0.27067 0.305 0.3457 0.39207 0.44324 0.4982 0.55598 0.61567 0.67654 0.73802 0.79976 0.86161 0.92366 0.98622 0.98714 0.98251 0.97644 0.96896 0.96011 0.94993 0.93859 0.92629 0.91338 0.90029
0.39689 0.37624 0.35886 0.39034 0.39436 0.38842 0.3854 0.32933 0.23461 0.1417 0.077554 0.046988 0.048203 0.074356 0.11429 0.15705 0.19071 0.20781 0.21059 0.20743 0.20453 0.2052 0.21134 0.224 0.24371 0.27064 0.30463 0.34516 0.39148 0.44263 0.4976 0.55541 0.61514 0.67607 0.73764 0.79951 0.86156 0.92386 0.98675 0.98802 0.98378 0.97812 0.97109 0.96269 0.953 0.94215 0.93035 0.91793 0.9053
0.45391 0.3947 0.34916 0.36025 0.37795 0.38394 0.38445 0.32986 0.23622 0.14481 0.083164 0.056067 0.059232 0.085076 0.12424 0.16618 0.19902 0.21523 0.21708 0.21294 0.20897 0.20848 0.21348 0.22515 0.24411 0.27057 0.30431 0.34474 0.39103 0.44219 0.49717 0.55499 0.61474 0.67571 0.73735 0.79934 0.86155 0.92408 0.98727 0.98887 0.98499 0.97972 0.97311 0.96517 0.95594 0.94557 0.93425 0.9223 0.91012
0.49525 0.3968 0.32676 0.32048 0.35763 0.37865 0.38339 0.33048 0.23799 0.14819 0.089201 0.065332 0.070304 0.096186 0.13463 0.17556 0.20728 0.22235 0.22308 0.21787 0.21281 0.21122 0.21518 0.22599 0.24435 0.27046 0.30404 0.34443 0.39073 0.4419 0.4969 0.55472 0.61447 0.67546 0.73715 0.79923 0.86158 0.92432 0.98778 0.98968 0.98614 0.98125 0.97505 0.96753 0.95876 0.94885 0.93799 0.9265 0.91475
0.51683 0.3845 0.29404 0.27258 0.33483 0.37279 0.38216 0.331 0.23965 0.15146 0.095178 0.074483 0.08135 0.10756 0.14535 0.18511 0.21546 0.22916 0.22859 0.2222 0.21604 0.21341 0.21644 0.22653 0.24443 0.27031 0.30382 0.34422 0.39056 0.44177 0.49678 0.55459 0.61433 0.67532 0.73704 0.79918 0.86165 0.92457 0.98828 0.99046 0.98724 0.98271 0.97689 0.96979 0.96145 0.95198 0.94158 0.93052 0.9192
0.52097 0.3615 0.25512 0.21846 0.31127 0.36662 0.38068 0.33122 0.24088 0.15418 0.10069 0.083324 0.092316 0.11909 0.15629 0.19474 0.22351 0.23561 0.2336 0.22595 0.21867 0.21504 0.21725 0.22675 0.24433 0.2701 0.30363 0.34412 0.39054 0.44179 0.4968 0.55459 0.61431 0.67528 0.737 0.79919 0.86176 0.92483 0.98877 0.99121 0.98829 0.9841 0.97865 0.97195 0.96402 0.95499 0.94502 0.93439 0.92347
0.51173 0.33279 0.21569 0.16038 0.28884 0.36037 0.37886 0.33094 0.24139 0.15599 0.10541 0.091733 0.10316 0.1307 0.16735 0.20439 0.23138 0.24169 0.23809 0.22911 0.22069 0.21612 0.21761 0.22666 0.24406 0.26984 0.3035 0.34412 0.39064 0.44195 0.49696 0.55473 0.61441 0.67534 0.73704 0.79925 0.86189 0.9251 0.98925 0.99193 0.98929 0.98541 0.98032 0.974 0.96648 0.95786 0.94831 0.9381 0.92758
0.49298 0.3033 0.18262 0.10104 0.26949 0.35427 0.37664 0.33001 0.24092 0.15657 0.10911 0.099641 0.11386 0.14234 0.17845 0.21398 0.23902 0.24737 0.24206 0.23167 0.22212 0.21665 0.21753 0.22627 0.24362 0.26955 0.3034 0.34422 0.39087 0.44224 0.49726 0.55499 0.61461 0.67548 0.73716 0.79937 0.86206 0.92539 0.98972 0.99261 0.99023 0.98666 0.9819 0.97595 0.96882 0.9606 0.95146 0.94165 0.93151
0.4673 0.27583 0.16243 0.04532 0.25495 0.3485 0.37398 0.32827 0.23925 0.15565 0.11164 0.10703 0.12439 0.15393 0.18951 0.22344 0.24639 0.25264 0.24549 0.23365 0.22295 0.21664 0.21701 0.22558 0.24304 0.26921 0.30335 0.34441 0.39122 0.44267 0.49769 0.55537 0.61492 0.67572 0.73734 0.79953 0.86226 0.92568 0.99017 0.99327 0.99113 0.98784 0.98341 0.97781 0.97105 0.96323 0.95448 0.94505 0.93529
0.43487 0.24983 0.15761 0.03242 0.24628 0.3432 0.37086 0.32567 0.23626 0.15303 0.11291 0.11392 0.13475 0.16544 0.20047 0.23271 0.25345 0.25746 0.24839 0.23503 0.2232 0.2161 0.21607 0.22461 0.2423 0.26884 0.30335 0.3447 0.39169 0.44322 0.49824 0.55586 0.61532 0.67603 0.73758 0.79974 0.86248 0.92598 0.99061 0.99389 0.99198 0.98896 0.98483 0.97957 0.97318 0.96573 0.95736 0.94831 0.93891
0.39405 0.22212 0.16418 0.078012 0.24358 0.33844 0.36731 0.32217 0.23185 0.14857 0.11291 0.12036 0.14494 0.17682 0.21127 0.24175 0.26015 0.26181 0.25075 0.23583 0.22286 0.21504 0.21472 0.22336 0.24143 0.26845 0.30341 0.34509 0.39229 0.44389 0.49891 0.55646 0.61582 0.67643 0.73789 0.79999 0.86273 0.92628 0.99104 0.99448 0.99278 0.99002 0.98618 0.98124 0.9752 0.96811 0.96012 0.95143 0.94238
0.34334 0.18936 0.17542 0.12427 0.2459 0.33425 0.36338 0.31782 0.22604 0.14221 0.11172 0.12645 0.15497 0.18805 0.22186 0.2505 0.26647 0.26569 0.25255 0.23605 0.22195 0.21347 0.21296 0.22186 0.24044 0.26805 0.30352 0.34557 0.39299 0.44469 0.49969 0.55716 0.61641 0.67689 0.73825 0.80029 0.863 0.92659 0.99145 0.99503 0.99353 0.99101 0.98745 0.98283 0.97712 0.97038 0.96275 0.95442 0.9457
0.28356 0.15042 0.1864 0.16473 0.25164 0.33062 0.35915 0.31272 0.2189 0.1339 0.10948 0.13228 0.16486 0.19909 0.2322 0.25893 0.27238 0.26908 0.25381 0.23569 0.22047 0.21139 0.21083 0.22011 0.23935 0.26764 0.30369 0.34615 0.39381 0.4456 0.50058 0.55796 0.61707 0.67742 0.73866 0.80061 0.86329 0.9269 0.99185 0.99556 0.99423 0.99194 0.98865 0.98433 0.97894 0.97254 0.96525 0.95727 0.94888
0.22177 0.10811 0.19494 0.19807 0.25904 0.32749 0.35473 0.30702 0.2106 0.12368 0.10642 0.138 0.17463 0.20992 0.24225 0.26698 0.27785 0.27197 0.25452 0.23477 0.21844 0.20883 0.20832 0.21815 0.23816 0.26725 0.30394 0.34684 0.39474 0.44661 0.50157 0.55885 0.61782 0.67802 0.73913 0.80098 0.8636 0.92721 0.99223 0.99605 0.9949 0.99281 0.98978 0.98574 0.98067 0.9746 0.96764 0.95999 0.95192
0.17881 0.072521 0.20068 0.22384 0.26654 0.32482 0.35026 0.30095 0.20138 0.11161 0.10288 0.14374 0.18429 0.22052 0.25197 0.27465 0.28287 0.27434 0.25469 0.23328 0.21587 0.2058 0.20547 0.21598 0.23691 0.26687 0.30425 0.34762 0.39578 0.44774 0.50266 0.55982 0.61865 0.67868 0.73963 0.80137 0.86392 0.92752 0.9926 0.99652 0.99551 0.99363 0.99084 0.98707 0.9823 0.97655 0.96992 0.9626 0.95484
0.1831 0.066236 0.20402 0.24199 0.27301 0.32256 0.34591 0.29478 0.1916 0.097786 0.099291 0.14963 0.19386 0.23087 0.26134 0.28189 0.28741 0.27621 0.25431 0.23124 0.21277 0.20231 0.20229 0.21364 0.23561 0.26653 0.30465 0.3485 0.39692 0.44896 0.50384 0.56088 0.61954 0.6794 0.74019 0.80179 0.86426 0.92783 0.99295 0.99695 0.99608 0.99439 0.99183 0.98833 0.98384 0.9784 0.97209 0.96508 0.95762
0.22508 0.091252 0.20542 0.25271 0.27774 0.32071 0.34186 0.28881 0.18172 0.082367 0.096221 0.15579 0.20336 0.24096 0.27033 0.28869 0.29147 0.27756 0.2534 0.22865 0.20914 0.19838 0.19881 0.21114 0.23428 0.26624 0.30513 0.34948 0.39816 0.45028 0.50511 0.56202 0.62049 0.68016 0.74078 0.80224 0.86461 0.92814 0.99328 0.99736 0.99662 0.9951 0.99275 0.9895 0.9853 0.98015 0.97415 0.96744 0.96028
0.26904 0.12195 0.20504 0.25641 0.28041 0.31927 0.33827 0.28338 0.17231 0.06556 0.094311 0.16236 0.2128 0.25076 0.27893 0.29504 0.29505 0.2784 0.25197 0.22554 0.20502 0.19403 0.19505 0.20853 0.23294 0.26601 0.30571 0.35057 0.39951 0.4517 0.50646 0.56322 0.62151 0.68098 0.7414 0.80271 0.86497 0.92845 0.9936 0.99773 0.9971 0.99575 0.99361 0.99061 0.98667 0.98181 0.97611 0.9697 0.96282
0.29377 0.14616 0.20272 0.25358 0.28104 0.31828 0.33534 0.27885 0.16408 0.047723 0.09422 0.1694 0.22218 0.26027 0.28712 0.30092 0.29814 0.27874 0.25002 0.22191 0.2004 0.18927 0.19103 0.20581 0.23162 0.26585 0.30639 0.35176 0.40095 0.45321 0.50789 0.5645 0.62258 0.68184 0.74206 0.8032 0.86534 0.92875 0.9939 0.99808 0.99755 0.99635 0.99441 0.99164 0.98796 0.98338 0.97796 0.97184 0.96524
0.29291 0.16036 0.19811 0.24477 0.27987 0.31778 0.33323 0.27556 0.1578 0.02977 0.096492 0.17697 0.23151 0.26948 0.29489 0.30634 0.30074 0.27859 0.24758 0.21778 0.19531 0.18414 0.1868 0.20304 0.23034 0.26578 0.30717 0.35305 0.40249 0.4548 0.5094 0.56583 0.62371 0.68274 0.74275 0.80371 0.86571 0.92905 0.99418 0.99839 0.99796 0.9969 0.99515 0.9926 0.98917 0.98486 0.97972 0.97388 0.96755
0.26874 0.16436 0.19092 0.23055 0.27733 0.31785 0.33209 0.27381 0.15426 0.016488 0.10143 0.18511 0.24078 0.27838 0.30225 0.3113 0.30287 0.27796 0.24465 0.21317 0.18975 0.17864 0.18237 0.20023 0.22912 0.26581 0.30805 0.35445 0.40413 0.45647 0.51098 0.56723 0.62488 0.68368 0.74347 0.80423 0.8661 0.92934 0.99445 0.99868 0.99833 0.9974 0.99583 0.99349 0.9903 0.98626 0.98139 0.97582 0.96975
0.22767 0.15965 0.18101 0.21153 0.27401 0.31854 0.33202 0.27385 0.1541 0.023618 0.10903 0.19382 0.24999 0.28697 0.30918 0.31579 0.30453 0.27688 0.24126 0.20808 0.18376 0.17281 0.17778 0.19741 0.22798 0.26596 0.30906 0.35595 0.40585 0.45822 0.51262 0.56868 0.6261 0.68465 0.74421 0.80477 0.86648 0.92962 0.99469 0.99893 0.99865 0.99786 0.99645 0.99432 0.99136 0.98757 0.98296 0.97766 0.97185
0.17711 0.14869 0.16851 0.18837 0.27056 0.31988 0.3331 0.27583 0.15768 0.043002 0.11905 0.20308 0.25914 0.29523 0.31569 0.31984 0.30575 0.27536 0.23744 0.20255 0.17733 0.16665 0.17307 0.19464 0.22695 0.26623 0.31018 0.35756 0.40767 0.46005 0.51433 0.57019 0.62736 0.68565 0.74497 0.80533 0.86687 0.9299 0.99492 0.99916 0.99895 0.99826 0.99702 0.99508 0.99235 0.9888 0.98445 0.9794 0.97384
0.12387 0.13432 0.15386 0.16186 0.26768 0.32192 0.33534 0.27981 0.16499 0.064919 0.1311 0.21282 0.2682 0.30318 0.32179 0.32346 0.30655 0.27343 0.23321 0.1966 0.17049 0.16022 0.16828 0.19193 0.22605 0.26663 0.31142 0.35926 0.40957 0.46195 0.51609 0.57174 0.62865 0.68668 0.74575 0.80589 0.86726 0.93017 0.99513 0.99936 0.9992 0.99862 0.99753 0.99578 0.99327 0.98995 0.98585 0.98105 0.97574
0.0737 0.11937 0.13788 0.13318 0.26604 0.32462 0.33873 0.28576 0.17568 0.087736 0.14475 0.223 0.27716 0.3108 0.32749 0.32667 0.30695 0.27111 0.22859 0.19024 0.16326 0.15352 0.16344 0.18933 0.2253 0.26718 0.31278 0.36107 0.41155 0.46391 0.51791 0.57333 0.62998 0.68774 0.74655 0.80646 0.86764 0.93043 0.99531 0.99954 0.99942 0.99894 0.99799 0.99642 0.99411 0.99103 0.98717 0.98262 0.97754
0.032193 0.10635 0.12195 0.10449 0.26622 0.32796 0.34319 0.29354 0.18922 0.11096 0.15962 0.23355 0.286 0.31811 0.3328 0.32948 0.30699 0.26846 0.22363 0.1835 0.15565 0.14659 0.15862 0.18688 0.22473 0.26789 0.31427 0.36298 0.41361 0.46594 0.51978 0.57496 0.63134 0.68882 0.74736 0.80704 0.86803 0.93068 0.99548 0.99968 0.9996 0.99921 0.99839 0.997 0.9949 0.99203 0.98841 0.9841 0.97925
0.018413 0.097237 0.10841 0.080643 0.26863 0.33184 0.34863 0.30295 0.20497 0.13433 0.17536 0.24437 0.29471 0.3251 0.33775 0.33194 0.30669 0.26549 0.21835 0.17641 0.14767 0.13946 0.15385 0.1846 0.22434 0.26875 0.31589 0.36499 0.41575 0.46802 0.52169 0.57663 0.63273 0.68992 0.74819 0.80762 0.86842 0.93091 0.99563 0.9998 0.99975 0.99944 0.99875 0.99752 0.99562 0.99297 0.98957 0.98549 0.98087
0.036493 0.093363 0.10079 0.071724 0.27343 0.33616 0.3549 0.31376 0.22235 0.15766 0.19168 0.2554 0.30327 0.33179 0.34235 0.33407 0.3061 0.26226 0.2128 0.16899 0.13936 0.13218 0.1492 0.18255 0.22417 0.26979 0.31764 0.3671 0.41796 0.47017 0.52365 0.57833 0.63414 0.69104 0.74902 0.80821 0.8688 0.93114 0.99576 0.99989 0.99986 0.99963 0.99906 0.99799 0.99627 0.99384 0.99066 0.9868 0.9824
0.051382 0.095433 0.10297 0.085654 0.28054 0.34078 0.36186 0.32571 0.24085 0.18078 0.20834 0.26655 0.31167 0.33819 0.34663 0.3359 0.30526 0.25881 0.20703 0.16129 0.13072 0.12479 0.14472 0.18075 0.22422 0.271 0.31952 0.3693 0.42025 0.47236 0.52564 0.58006 0.63557 0.69217 0.74987 0.80879 0.86917 0.93135 0.99587 0.99995 0.99994 0.99978 0.99933 0.99841 0.99687 0.99464 0.99168 0.98804 0.98385
0.061989 0.10372 0.11654 0.11558 0.28959 0.34554 0.36936 0.33853 0.26004 0.20357 0.22513 0.27774 0.31989 0.34431 0.35062 0.33747 0.30421 0.25519 0.20108 0.15334 0.12177 0.11734 0.14048 0.17924 0.22451 0.27239 0.32153 0.3716 0.42259 0.4746 0.52767 0.58182 0.63703 0.69331 0.75072 0.80938 0.86954 0.93155 0.99596 0.99999 0.99999 0.99989 0.99955 0.99877 0.99741 0.99537 0.99262 0.9892 0.98523
0.072847 0.11825 0.13977 0.15239 0.30002 0.35026 0.37724 0.35197 0.27957 0.22591 0.2419 0.28891 0.32792 0.35015 0.35434 0.33882 0.303 0.25146 0.19501 0.14518 0.11254 0.1099 0.13655 0.17805 0.22505 0.27396 0.32367 0.37398 0.42501 0.47689 0.52974 0.5836 0.63849 0.69446 0.75157 0.80997 0.8699 0.93174 0.99603 1 1 0.99996 0.99972 0.99908 0.99789 0.99605 0.9935 0.99029 0.98652
0.08926 0.13879 0.16968 0.19139 0.31114 0.35477 0.38535 0.3658 0.29915 0.24771 0.25849 0.29998 0.33574 0.35575 0.35783 0.33999 0.30168 0.24766 0.18889 0.13687 0.10303 0.10254 0.13299 0.17722 0.22585 0.27571 0.32593 0.37646 0.42748 0.47922 0.53183 0.5854 0.63997 0.69562 0.75243 0.81055 0.87026 0.93192 0.99608 0.99998 0.99998 1 0.99985 0.99935 0.99832 0.99666 0.99431 0.99131 0.98774
0.1148 0.16482 0.20366 0.23014 0.32215 0.35891 0.39356 0.37982 0.31857 0.26886 0.27481 0.31091 0.34336 0.36112 0.36112 0.34103 0.3003 0.24388 0.18278 0.12846 0.093263 0.095352 0.12989 0.17677 0.22692 0.27765 0.32831 0.37901 0.43001 0.48159 0.53395 0.58721 0.64146 0.69678 0.75328 0.81113 0.8706 0.93208 0.99611 0.99994 0.99993 1 0.99994 0.99957 0.9987 0.99722 0.99506 0.99226 0.98889
0.15005 0.19545 0.23971 0.26702 0.33229 0.36251 0.40177 0.39386 0.33764 0.2893 0.29075 0.32165 0.35077 0.36627 0.36425 0.34198 0.29892 0.24016 0.17676 0.12002 0.083263 0.088468 0.12731 0.17671 0.22827 0.27976 0.33082 0.38165 0.43259 0.484 0.53609 0.58904 0.64296 0.69795 0.75414 0.81171 0.87094 0.93222 0.99612 0.99988 0.99986 0.99996 0.99999 0.99974 0.99902 0.99772 0.99575 0.99314 0.98997
0.1933 0.22946 0.27622 0.30078 0.3408 0.36546 0.40988 0.40775 0.35621 0.30897 0.30624 0.33214 0.35796 0.37124 0.36724 0.34289 0.2976 0.23659 0.17093 0.11165 0.073043 0.082037 0.12533 0.17708 0.22989 0.28207 0.33345 0.38436 0.43523 0.48643 0.53825 0.59088 0.64446 0.69912 0.75499 0.81227 0.87126 0.93235 0.99611 0.99979 0.99975 0.99989 1 0.99987 0.9993 0.99816 0.99638 0.99396 0.99098
0.24186 0.26543 0.31175 0.33035 0.34701 0.36766 0.41781 0.42138 0.37416 0.32781 0.32122 0.34236 0.36494 0.37603 0.37014 0.3438 0.29639 0.23323 0.16537 0.10346 0.06262 0.076251 0.124 0.17788 0.23179 0.28454 0.33619 0.38715 0.43791 0.48889 0.54043 0.59273 0.64597 0.70028 0.75584 0.81283 0.87157 0.93247 0.99608 0.99967 0.99961 0.99978 0.99997 0.99995 0.99953 0.99855 0.99696 0.99472 0.99192
0.29256 0.30183 0.34505 0.35484 0.35035 0.36907 0.42553 0.43464 0.39141 0.34579 0.33563 0.35227 0.37172 0.38069 0.37298 0.34476 0.29535 0.23016 0.16019 0.095598 0.052012 0.071339 0.12337 0.17911 0.23396 0.2872 0.33904 0.39 0.44063 0.49138 0.54262 0.59459 0.64748 0.70145 0.75668 0.81339 0.87188 0.93257 0.99602 0.99953 0.99945 0.99964 0.9999 1 0.99971 0.9989 0.99747 0.99542 0.9928
0.34176 0.33716 0.37499 0.37352 0.35037 0.36967 0.43299 0.44744 0.40787 0.36286 0.34944 0.36186 0.37829 0.38522 0.3758 0.34582 0.29453 0.22744 0.1555 0.088244 0.041234 0.067563 0.12349 0.18079 0.2364 0.29002 0.342 0.39293 0.44339 0.49389 0.54482 0.59645 0.64899 0.70261 0.75752 0.81393 0.87217 0.93265 0.99595 0.99937 0.99925 0.99947 0.9998 1 0.99984 0.99919 0.99794 0.99607 0.99362
0.38535 0.37008 0.40063 0.38582 0.34673 0.36953 0.44018 0.45973 0.4235 0.37901 0.36261 0.37111 0.38466 0.38966 0.37863 0.34701 0.29399 0.22516 0.15142 0.081639 0.030306 0.065185 0.12437 0.1829 0.23911 0.29301 0.34506 0.39591 0.44618 0.49642 0.54703 0.59831 0.65049 0.70377 0.75834 0.81446 0.87244 0.93271 0.99586 0.99918 0.99903 0.99927 0.99966 0.99996 0.99994 0.99944 0.99835 0.99665 0.99438
0.4193 0.39953 0.42126 0.39138 0.33925 0.36873 0.4471 0.47144 0.43825 0.39422 0.37513 0.38 0.39085 0.39403 0.38151 0.34839 0.29378 0.22339 0.14807 0.076079 0.019248 0.064416 0.12601 0.18543 0.24207 0.29615 0.34821 0.39895 0.44901 0.49896 0.54925 0.60018 0.65199 0.70492 0.75916 0.81498 0.8727 0.93276 0.99574 0.99897 0.99879 0.99904 0.99949 0.99989 0.99999 0.99963 0.99871 0.99719 0.99509
0.44084 0.42476 0.43643 0.39007 0.32789 0.36743 0.45376 0.48254 0.45209 0.40848 0.38699 0.38853 0.39686 0.39835 0.38446 0.34998 0.29395 0.22218 0.14555 0.071898 0.0078659 0.06536 0.1284 0.18838 0.24528 0.29944 0.35146 0.40204 0.45186 0.50152 0.55146 0.60204 0.65349 0.70606 0.75997 0.81549 0.87295 0.9328 0.99561 0.99874 0.99851 0.99878 0.99929 0.99977 1 0.99979 0.99903 0.99767 0.99574
0.44977 0.44536 0.446 0.38195 0.31275 0.36582 0.46019 0.49299 0.46499 0.42179 0.39817 0.3967 0.4027 0.40264 0.38752 0.35182 0.29455 0.2216 0.14398 0.069432 0.0028962 0.067982 0.1315 0.19172 0.24873 0.30288 0.35479 0.40518 0.45474 0.50409 0.55368 0.60389 0.65498 0.70719 0.76077 0.81599 0.87319 0.93281 0.99546 0.99848 0.99821 0.99849 0.99905 0.99963 0.99997 0.9999 0.9993 0.9981 0.99634
0.44921 0.46126 0.45014 0.36737 0.29413 0.36415 0.46639 0.50278 0.47694 0.43413 0.40867 0.4045 0.40838 0.40692 0.39071 0.35395 0.2956 0.2217 0.14343 0.068941 0.014828 0.072127 0.13528 0.19544 0.2524 0.30645 0.3582 0.40836 0.45764 0.50666 0.5559 0.60574 0.65645 0.70831 0.76155 0.81647 0.8734 0.93281 0.99528 0.9982 0.99789 0.99817 0.99879 0.99945 0.9999 0.99997 0.99952 0.99848 0.99688
0.44539 0.47261 0.44937 0.34691 0.27249 0.36268 0.47239 0.51187 0.48793 0.44553 0.41849 0.41193 0.41392 0.41121 0.39406 0.35639 0.29715 0.22251 0.14396 0.070529 0.02611 0.07757 0.13967 0.19951 0.25628 0.31015 0.36168 0.41158 0.46056 0.50924 0.55812 0.60758 0.65792 0.70942 0.76233 0.81694 0.87361 0.93279 0.99509 0.9979 0.99754 0.99783 0.99849 0.99923 0.9998 1 0.9997 0.99882 0.99738
0.4458 0.47982 0.44451 0.32146 0.24858 0.36169 0.47822 0.52027 0.49796 0.45598 0.42763 0.419 0.41932 0.41553 0.39758 0.35917 0.29921 0.22407 0.1456 0.074113 0.037635 0.084071 0.14464 0.20391 0.26036 0.31397 0.36524 0.41484 0.46349 0.51182 0.56033 0.60941 0.65938 0.71051 0.76309 0.81739 0.87379 0.93275 0.99487 0.99758 0.99717 0.99746 0.99816 0.99898 0.99966 0.99999 0.99983 0.99911 0.99782
0.45614 0.48338 0.43666 0.29231 0.22346 0.36145 0.48389 0.52795 0.50702 0.4655 0.43611 0.42572 0.42459 0.41988 0.4013 0.3623 0.30181 0.22639 0.14834 0.079459 0.049217 0.091409 0.15011 0.20862 0.26462 0.3179 0.36885 0.41813 0.46644 0.5144 0.56253 0.61123 0.66082 0.71159 0.76383 0.81783 0.87396 0.9327 0.99464 0.99723 0.99678 0.99706 0.9978 0.9987 0.99948 0.99994 0.99993 0.99936 0.99823
0.47777 0.48388 0.42715 0.26122 0.19868 0.3622 0.4894 0.53491 0.51512 0.47409 0.44393 0.43208 0.42974 0.42429 0.40522 0.3658 0.30495 0.22946 0.15215 0.086264 0.060832 0.099398 0.15604 0.2136 0.26906 0.32193 0.37252 0.42145 0.46939 0.51698 0.56472 0.61303 0.66225 0.71266 0.76456 0.81825 0.87412 0.93263 0.99438 0.99687 0.99636 0.99664 0.99742 0.99839 0.99928 0.99986 0.99998 0.99956 0.99858
0.50756 0.48194 0.4174 0.23071 0.17653 0.36417 0.49477 0.54114 0.52227 0.48177 0.45109 0.43809 0.43478 0.42877 0.40936 0.36967 0.30865 0.23329 0.15697 0.09423 0.072471 0.10789 0.16236 0.21884 0.27366 0.32606 0.37624 0.42479 0.47235 0.51955 0.5669 0.61483 0.66366 0.71371 0.76527 0.81866 0.87426 0.93254 0.99411 0.99648 0.99592 0.99619 0.99701 0.99805 0.99904 0.99974 1 0.99973 0.99889
0.54004 0.47807 0.40882 0.20438 0.16017 0.36749 0.49997 0.54664 0.52847 0.48855 0.45761 0.44376 0.43972 0.43331 0.41372 0.37393 0.31289 0.23784 0.16272 0.1031 0.084121 0.11677 0.16902 0.22431 0.27839 0.33026 0.38001 0.42815 0.47531 0.52211 0.56907 0.6166 0.66505 0.71474 0.76596 0.81905 0.87438 0.93243 0.99382 0.99607 0.99545 0.99572 0.99657 0.99768 0.99876 0.99959 0.99998 0.99985 0.99917
0.56959 0.47269 0.40263 0.1869 0.15323 0.37223 0.505 0.55139 0.53372 0.49445 0.4635 0.4491 0.44455 0.43793 0.41831 0.37856 0.31766 0.2431 0.16931 0.11265 0.095771 0.12594 0.17597 0.22998 0.28326 0.33455 0.38382 0.43152 0.47827 0.52467 0.57122 0.61836 0.66643 0.71575 0.76664 0.81942 0.87448 0.9323 0.9935 0.99565 0.99497 0.99523 0.99611 0.99729 0.99846 0.9994 0.99993 0.99994 0.9994
