0.10103 0.22281 0.30171 0.13479 0.099995 0.15639 0.23201 0.32953 0.41063 0.41138 0.36137 0.30217 0.24689 0.2034 0.16996 0.14343 0.12231 0.10622 0.095185 0.08904 0.087083 0.088205 0.091254 0.09532 0.099782 0.10424 0.10847 0.11231 0.11569 0.11855 0.12083 0.1225 0.12348 0.12371 0.12312 0.12163 0.11916 0.11568 0.11112 0.10548 0.098726 0.090875 0.081937 0.07194 0.060935 0.049028 0.036501 0.024357 0.017102
0.35555 0.17092 0.090736 0.26226 0.34262 0.29244 0.18304 0.080889 0.11306 0.19802 0.22252 0.209 0.17943 0.14964 0.1237 0.10132 0.082079 0.06605 0.053706 0.045595 0.04192 0.042203 0.045441 0.050628 0.057005 0.06404 0.071355 0.078683 0.085855 0.092773 0.099394 0.1057 0.1117 0.11741 0.1228 0.12789 0.13265 0.13706 0.14111 0.1448 0.14815 0.15124 0.15418 0.15714 0.16036 0.16411 0.16872 0.17453 0.18185
0.23814 0.25492 0.44577 0.37344 0.32465 0.27716 0.10203 0.087863 0.19938 0.21334 0.18732 0.16906 0.1583 0.14807 0.13506 0.11931 0.10231 0.085637 0.070509 0.057706 0.047589 0.040171 0.035206 0.032293 0.030968 0.030823 0.031619 0.033354 0.036237 0.040584 0.046659 0.054566 0.064228 0.07543 0.087874 0.10122 0.11513 0.12929 0.1434 0.15725 0.17068 0.18362 0.19605 0.20802 0.21963 0.23103 0.24239 0.25385 0.26557
0.19528 0.032721 0.18406 0.11451 0.18796 0.2173 0.18157 0.1523 0.12299 0.060264 0.036311 0.09051 0.12288 0.13205 0.12555 0.10965 0.089034 0.066955 0.045562 0.026495 0.012939 0.014809 0.024946 0.03459 0.042767 0.049698 0.055853 0.061747 0.067859 0.07456 0.082083 0.090518 0.09983 0.1099 0.12054 0.13154 0.14271 0.15385 0.1648 0.17544 0.18569 0.19552 0.20489 0.21384 0.22239 0.23057 0.23841 0.24591 0.25305
0.37884 0.61818 0.74542 0.54306 0.36318 0.17659 0.1485 0.24199 0.2862 0.2639 0.22674 0.20304 0.18969 0.18306 0.17971 0.17771 0.17645 0.17556 0.17474 0.17385 0.17292 0.1721 0.17155 0.17132 0.17138 0.17159 0.17183 0.17198 0.17201 0.17193 0.17178 0.17166 0.17165 0.17181 0.17224 0.17299 0.17413 0.17571 0.17774 0.18024 0.18319 0.18651 0.19014 0.19393 0.19774 0.20139 0.20467 0.20736 0.20917
0.31295 0.44147 0.63171 0.5451 0.33302 0.085221 0.081106 0.14551 0.17164 0.15322 0.12806 0.12164 0.12454 0.12837 0.13137 0.13413 0.13753 0.14199 0.14747 0.15358 0.15975 0.16538 0.16994 0.17302 0.17438 0.17395 0.1718 0.1681 0.16314 0.15722 0.15071 0.144 0.13752 0.13171 0.12705 0.12398 0.12284 0.12378 0.12677 0.13156 0.13778 0.14499 0.15276 0.16068 0.16841 0.17565 0.18212 0.18759 0.1918
0.3962 0.51668 0.62187 0.54698 0.31528 0.22134 0.3246 0.27235 0.1149 0.0547 0.12159 0.12696 0.09828 0.061155 0.029939 0.024968 0.042965 0.06107 0.076148 0.088505 0.098704 0.10712 0.11385 0.11879 0.1217 0.12231 0.12041 0.11589 0.10876 0.099125 0.087182 0.073181 0.05742 0.040245 0.022128 0.0057266 0.01805 0.037317 0.05662 0.07546 0.093555 0.1107 0.12674 0.14157 0.15513 0.16736 0.17825 0.18777 0.19585
0.16681 0.28803 0.36645 0.32682 0.34359 0.36065 0.37497 0.45538 0.52392 0.47207 0.3639 0.26222 0.18124 0.12412 0.085959 0.063163 0.054085 0.055431 0.062336 0.071522 0.081554 0.091792 0.1018 0.11115 0.11941 0.12617 0.13113 0.13408 0.135 0.13401 0.1314 0.1276 0.1232 0.11887 0.11538 0.11346 0.11368 0.11631 0.12125 0.12813 0.13644 0.14563 0.15524 0.16487 0.17425 0.18314 0.19141 0.1989 0.2055
0.65616 0.6225 0.33713 0.29395 0.45778 0.49414 0.41847 0.28957 0.14437 0.066252 0.097542 0.11624 0.1151 0.10721 0.099298 0.09338 0.089998 0.089331 0.091423 0.096089 0.10291 0.11135 0.12081 0.13073 0.1406 0.14996 0.15844 0.16577 0.1718 0.17648 0.17987 0.1821 0.18335 0.18386 0.18386 0.18365 0.18346 0.18353 0.18402 0.18505 0.18666 0.18885 0.19155 0.19467 0.19812 0.20176 0.20546 0.20907 0.21241
0.3427 0.43023 0.46426 0.23379 0.15187 0.19424 0.22492 0.21782 0.19542 0.16168 0.12594 0.095381 0.073352 0.061434 0.057484 0.059041 0.064335 0.072124 0.08151 0.091824 0.10258 0.11345 0.12415 0.1345 0.14431 0.15344 0.16174 0.16911 0.17553 0.18096 0.18544 0.18901 0.19174 0.19372 0.19506 0.19588 0.19632 0.19653 0.19665 0.19682 0.19715 0.19773 0.19866 0.19996 0.20168 0.2038 0.2063 0.20911 0.21212
0.12047 0.11586 0.19859 0.24298 0.34407 0.4456 0.41867 0.35696 0.28185 0.19351 0.12734 0.086761 0.063987 0.054561 0.053902 0.057992 0.064113 0.070862 0.077701 0.084508 0.091328 0.098226 0.10522 0.11225 0.1192 0.12591 0.13218 0.13788 0.14292 0.14725 0.1509 0.15394 0.15642 0.15847 0.16016 0.1616 0.16288 0.16408 0.16531 0.16664 0.16814 0.1699 0.17199 0.17448 0.17745 0.18095 0.18505 0.18977 0.19511
0.50174 0.5093 0.61962 0.75336 0.75962 0.66621 0.53145 0.42558 0.32098 0.20686 0.13265 0.10079 0.088714 0.082287 0.076425 0.070201 0.064143 0.059105 0.055905 0.055104 0.056813 0.060631 0.065844 0.071691 0.077531 0.082896 0.087508 0.091253 0.094156 0.096339 0.097981 0.099276 0.10041 0.10154 0.1028 0.10426 0.10598 0.10795 0.11019 0.11267 0.1154 0.11841 0.12175 0.12551 0.12981 0.13479 0.1406 0.1474 0.1553
0.3445 0.41447 0.57479 0.51628 0.35762 0.18647 0.073082 0.035477 0.014095 0.069011 0.10146 0.10794 0.097827 0.082354 0.066379 0.051153 0.037266 0.025895 0.019925 0.021934 0.028585 0.035962 0.042504 0.047688 0.051381 0.053638 0.05463 0.054598 0.053831 0.052634 0.051315 0.050167 0.049444 0.049334 0.049929 0.051204 0.053039 0.055249 0.057645 0.06007 0.062441 0.064771 0.067177 0.069886 0.073218 0.077558 0.083297 0.090779 0.10024
0.47795 0.44273 0.25413 0.12385 0.14045 0.21875 0.25221 0.25361 0.22244 0.16997 0.14081 0.13309 0.12871 0.12299 0.11531 0.10596 0.095843 0.085886 0.076811 0.06902 0.062602 0.057385 0.053034 0.049193 0.045564 0.041949 0.038243 0.034409 0.030462 0.026474 0.022608 0.019189 0.016772 0.016012 0.017134 0.019615 0.022644 0.025552 0.02787 0.029277 0.029578 0.028703 0.026761 0.024188 0.022065 0.022393 0.027064 0.03615 0.048716
0.36342 0.33344 0.047492 0.24462 0.086434 0.26537 0.40471 0.4074 0.35392 0.27519 0.21785 0.18458 0.16214 0.14622 0.13372 0.12251 0.11165 0.10083 0.090094 0.079663 0.069818 0.060811 0.052818 0.045916 0.040071 0.035137 0.030875 0.026991 0.0232 0.01928 0.01513 0.010846 0.0070473 0.0060035 0.0090873 0.013652 0.018284 0.022451 0.025835 0.028212 0.029436 0.029461 0.028387 0.026565 0.024803 0.024593 0.027714 0.034937 0.045817
0.11549 0.040141 0.122 0.39937 0.54389 0.46548 0.28068 0.14484 0.089662 0.094497 0.097217 0.098942 0.10092 0.10199 0.10111 0.09774 0.091893 0.083888 0.07429 0.063831 0.053354 0.04374 0.03585 0.030397 0.02762 0.026995 0.027512 0.02828 0.028797 0.028904 0.028689 0.028399 0.028382 0.028983 0.03043 0.032745 0.035754 0.039176 0.04272 0.046146 0.049299 0.052127 0.054685 0.057149 0.059802 0.063026 0.06725 0.072894 0.080288
0.37815 0.47872 0.43509 0.39268 0.32825 0.25852 0.27546 0.26833 0.21349 0.14693 0.10838 0.093208 0.088466 0.088059 0.087955 0.085729 0.080486 0.07226 0.061587 0.04924 0.036084 0.023016 0.011282 0.0070322 0.01465 0.023064 0.030341 0.036327 0.041123 0.044914 0.047923 0.050391 0.052553 0.05463 0.0568 0.059189 0.061852 0.064788 0.067946 0.071259 0.074662 0.078119 0.081633 0.085258 0.089094 0.093288 0.098013 0.10345 0.10977
0.10616 0.24012 0.27034 0.15258 0.3001 0.41898 0.38623 0.26563 0.12586 0.079777 0.11593 0.13347 0.13433 0.12949 0.12327 0.11631 0.10851 0.099787 0.090347 0.080678 0.071483 0.063552 0.057605 0.054107 0.053097 0.054169 0.056682 0.060002 0.06364 0.067277 0.070734 0.073936 0.076881 0.079613 0.082198 0.084711 0.087222 0.089785 0.092436 0.0952 0.098088 0.10111 0.10429 0.10765 0.11124 0.11511 0.11932 0.12395 0.12903
0.65957 0.63909 0.48356 0.41639 0.46378 0.49776 0.41293 0.3006 0.21988 0.18097 0.1694 0.16539 0.1599 0.15377 0.14709 0.13936 0.13061 0.12119 0.11165 0.10259 0.094603 0.088146 0.083465 0.080594 0.079392 0.079607 0.080936 0.083062 0.085691 0.088571 0.091506 0.09436 0.097057 0.099571 0.10191 0.10411 0.10623 0.10831 0.11042 0.1126 0.1149 0.11733 0.11992 0.1227 0.12568 0.12887 0.13229 0.13593 0.13976
0.21668 0.18627 0.30715 0.36814 0.33329 0.28132 0.1812 0.14033 0.16732 0.16812 0.15707 0.15005 0.14289 0.1353 0.12663 0.11611 0.10399 0.091259 0.079416 0.070191 0.065043 0.064401 0.06736 0.07238 0.078135 0.083804 0.088988 0.093548 0.097487 0.10087 0.10377 0.10629 0.1085 0.11048 0.1123 0.11404 0.11576 0.11752 0.11935 0.12131 0.1234 0.12565 0.12806 0.13064 0.13337 0.13624 0.13924 0.14232 0.14541
0.39227 0.59109 0.70649 0.53083 0.41392 0.40099 0.36061 0.29265 0.21984 0.15518 0.13092 0.13056 0.12849 0.12074 0.10831 0.092046 0.072916 0.052017 0.030561 0.010661 0.013741 0.031376 0.047624 0.061672 0.073401 0.082891 0.090339 0.096021 0.10025 0.10337 0.10566 0.10743 0.10889 0.11024 0.11162 0.11313 0.11485 0.1168 0.11898 0.1214 0.12401 0.1268 0.12974 0.1328 0.13595 0.13918 0.14246 0.14573 0.14893
0.59223 0.53816 0.52128 0.52149 0.4948 0.57542 0.54317 0.44681 0.33953 0.25495 0.22053 0.20625 0.19108 0.17491 0.15838 0.14136 0.12432 0.10821 0.094298 0.083857 0.077757 0.075987 0.077566 0.081068 0.085205 0.08909 0.092241 0.09449 0.095894 0.09665 0.097025 0.097301 0.097739 0.098548 0.099864 0.10175 0.1042 0.10717 0.11054 0.11424 0.11815 0.1222 0.12633 0.13049 0.13467 0.13884 0.143 0.14713 0.15119
0.12153 0.20479 0.44377 0.34496 0.13788 0.26647 0.44379 0.49345 0.45915 0.37564 0.3122 0.27442 0.24568 0.22273 0.20283 0.18405 0.16614 0.14957 0.13493 0.12259 0.1127 0.10515 0.099605 0.095593 0.092563 0.090004 0.087544 0.084993 0.082364 0.079834 0.077696 0.076284 0.075898 0.07673 0.078825 0.082081 0.086291 0.091207 0.096582 0.10221 0.10792 0.11361 0.11922 0.12472 0.13012 0.13544 0.14071 0.14597 0.15122
0.24415 0.16636 0.18127 0.26837 0.37883 0.40662 0.34394 0.2632 0.17643 0.14618 0.18171 0.20997 0.21396 0.2035 0.18693 0.16884 0.15201 0.13777 0.12632 0.11722 0.1098 0.10342 0.097588 0.091925 0.086176 0.080178 0.073882 0.067369 0.060886 0.054864 0.04993 0.046837 0.04623 0.04831 0.05272 0.058794 0.065872 0.073438 0.081139 0.088745 0.096123 0.10321 0.10999 0.1165 0.12281 0.12898 0.13512 0.1413 0.14761
0.29893 0.37808 0.33116 0.18291 0.237 0.20737 0.18274 0.23679 0.29504 0.29904 0.26842 0.22978 0.18954 0.15416 0.12573 0.1054 0.093614 0.088903 0.088413 0.089406 0.090074 0.089468 0.087191 0.083168 0.077493 0.070348 0.06197 0.052625 0.042617 0.032327 0.022408 0.01467 0.013968 0.020924 0.03045 0.040467 0.050368 0.059911 0.068982 0.077528 0.085538 0.093041 0.10009 0.10679 0.11325 0.1196 0.126 0.13259 0.1395
0.28249 0.54153 0.64472 0.45122 0.23357 0.084317 0.1638 0.24406 0.31401 0.32391 0.27973 0.21416 0.14689 0.090968 0.047521 0.016512 0.020047 0.039542 0.055848 0.068239 0.076823 0.081789 0.083394 0.081977 0.077948 0.071769 0.063934 0.054943 0.045304 0.035567 0.026501 0.019619 0.017735 0.021906 0.029337 0.03782 0.04646 0.054883 0.062912 0.070464 0.077513 0.084081 0.090235 0.096083 0.10177 0.10748 0.11341 0.11976 0.12674
0.18222 0.14575 0.14391 0.29664 0.43329 0.47531 0.48543 0.53591 0.55827 0.47897 0.36523 0.26393 0.18359 0.12779 0.091663 0.070411 0.061427 0.061965 0.067889 0.075424 0.082224 0.087069 0.089424 0.089186 0.086542 0.081879 0.075716 0.06864 0.061267 0.054214 0.048105 0.043554 0.041082 0.040924 0.042888 0.046457 0.051036 0.056118 0.061334 0.06644 0.071297 0.075853 0.080135 0.084244 0.088348 0.092671 0.097476 0.10305 0.10966
0.31731 0.16323 0.15152 0.21928 0.22096 0.35085 0.54241 0.6343 0.6093 0.46917 0.32384 0.21943 0.15478 0.1224 0.10806 0.1011 0.097164 0.095258 0.095198 0.096516 0.09839 0.099914 0.10034 0.099229 0.096453 0.092172 0.086751 0.080667 0.074427 0.068498 0.063275 0.059062 0.056065 0.054373 0.053949 0.054629 0.056159 0.058243 0.060596 0.062982 0.065238 0.067284 0.069136 0.07091 0.072825 0.075195 0.078404 0.082866 0.08896
0.61993 0.66289 0.77932 0.86068 0.86499 0.77047 0.63093 0.53741 0.44056 0.29889 0.16533 0.061258 0.014734 0.060024 0.087025 0.10136 0.10811 0.11086 0.11179 0.11197 0.1117 0.11085 0.10912 0.10629 0.10229 0.097272 0.091568 0.085584 0.079732 0.074355 0.069689 0.065865 0.062921 0.060831 0.05951 0.058829 0.058616 0.058678 0.058809 0.058827 0.058592 0.058034 0.057184 0.0562 0.055406 0.055306 0.056566 0.059887 0.065811
0.10166 0.26047 0.55787 0.49331 0.22415 0.10371 0.18058 0.24166 0.31171 0.3165 0.26469 0.20187 0.15258 0.12631 0.1165 0.11442 0.11515 0.11658 0.11773 0.11806 0.11725 0.11515 0.11169 0.107 0.1013 0.09498 0.088495 0.082311 0.076808 0.07221 0.068575 0.06582 0.06378 0.062267 0.061096 0.060103 0.059131 0.058028 0.056642 0.054828 0.05246 0.049459 0.045819 0.041676 0.03742 0.033901 0.032607 0.035229 0.042438
0.1234 0.28232 0.43906 0.29918 0.1749 0.15712 0.20963 0.26267 0.32342 0.33049 0.28532 0.22509 0.17126 0.13593 0.11785 0.11151 0.11165 0.11429 0.11684 0.11784 0.11666 0.11323 0.1078 0.10085 0.093018 0.085017 0.077587 0.071357 0.066722 0.063743 0.062164 0.061545 0.061425 0.061423 0.061269 0.060784 0.059846 0.058357 0.056224 0.053347 0.049619 0.044931 0.039179 0.032281 0.024213 0.015192 0.0075576 0.012863 0.025956
0.13343 0.18061 0.36541 0.37808 0.4332 0.52687 0.50432 0.46504 0.41127 0.30943 0.2061 0.12388 0.070119 0.057272 0.071447 0.088504 0.1019 0.11093 0.11576 0.11662 0.11382 0.10787 0.099416 0.089305 0.078522 0.068187 0.059499 0.053522 0.050788 0.050945 0.05297 0.055765 0.058517 0.060751 0.062227 0.062851 0.062595 0.061459 0.059442 0.056532 0.052709 0.047951 0.04226 0.035714 0.028607 0.021901 0.018453 0.022325 0.032639
0.37004 0.24219 0.38258 0.57989 0.547 0.388 0.37884 0.43348 0.41943 0.32201 0.21733 0.13725 0.087128 0.074084 0.085347 0.10085 0.11286 0.11985 0.12186 0.11934 0.11282 0.10293 0.090413 0.076165 0.06125 0.047032 0.035509 0.029603 0.031011 0.037159 0.044619 0.051634 0.057527 0.062092 0.065318 0.06728 0.068081 0.067827 0.066614 0.064533 0.061675 0.05816 0.054169 0.050016 0.046232 0.043674 0.043476 0.046658 0.053563
0.39099 0.38473 0.69024 0.77911 0.63299 0.40566 0.3402 0.36546 0.3768 0.3409 0.28973 0.24123 0.19919 0.17088 0.15568 0.14893 0.14573 0.14249 0.13723 0.12911 0.11799 0.1041 0.087943 0.070155 0.051474 0.032662 0.014435 0.0027657 0.01813 0.031705 0.043296 0.052913 0.060651 0.066661 0.071112 0.074182 0.076039 0.07684 0.076729 0.075849 0.074351 0.072413 0.070269 0.068232 0.066718 0.066252 0.067404 0.07068 0.076373
0.50774 0.64701 0.91877 0.85279 0.6508 0.38257 0.16805 0.071372 0.15996 0.2463 0.27753 0.27429 0.25318 0.2303 0.21119 0.196 0.18353 0.17217 0.16052 0.14764 0.13312 0.11695 0.099471 0.081324 0.06348 0.047404 0.035573 0.031487 0.035672 0.043983 0.053044 0.061441 0.068694 0.074694 0.079474 0.083128 0.085772 0.087523 0.088503 0.088843 0.088687 0.088208 0.087614 0.087162 0.087158 0.087947 0.089882 0.093273 0.098322
0.28428 0.19766 0.28659 0.3577 0.27562 0.19248 0.25764 0.27131 0.27493 0.27674 0.27971 0.28075 0.27286 0.26077 0.2471 0.23263 0.21798 0.20335 0.18856 0.1733 0.15733 0.14067 0.12364 0.10685 0.091263 0.078037 0.068422 0.063299 0.062598 0.065226 0.069746 0.075003 0.080282 0.085199 0.089573 0.093331 0.096459 0.098977 0.10093 0.10239 0.10345 0.10424 0.10493 0.10571 0.1068 0.10845 0.1109 0.11434 0.11892
0.080425 0.018905 0.21235 0.3588 0.40635 0.34635 0.29622 0.2557 0.23911 0.24838 0.26519 0.2784 0.28085 0.27687 0.26882 0.2576 0.2444 0.23017 0.21537 0.20008 0.18429 0.1681 0.15182 0.13601 0.12138 0.1087 0.098664 0.091683 0.087777 0.086563 0.087419 0.089688 0.092816 0.096393 0.10012 0.1038 0.10729 0.11048 0.11333 0.11584 0.11802 0.11995 0.12175 0.12356 0.12553 0.12785 0.13068 0.13415 0.13834
0.18674 0.29809 0.42001 0.51462 0.56775 0.46282 0.26906 0.14311 0.15206 0.22099 0.26488 0.28579 0.28906 0.28496 0.27782 0.26869 0.25825 0.24683 0.23447 0.22108 0.20668 0.1915 0.17593 0.16055 0.14602 0.13298 0.12197 0.11334 0.10722 0.10351 0.10194 0.10216 0.10377 0.10643 0.1098 0.11359 0.11756 0.12151 0.12531 0.12886 0.13214 0.13517 0.13801 0.14075 0.14352 0.14644 0.14962 0.15316 0.15708
0.30292 0.32171 0.36879 0.51222 0.6133 0.52595 0.38919 0.34353 0.33721 0.32154 0.3095 0.30156 0.28939 0.27788 0.26919 0.26262 0.25684 0.25044 0.24238 0.23217 0.21986 0.20588 0.19089 0.17565 0.16089 0.14731 0.13547 0.12576 0.1184 0.11344 0.11077 0.11017 0.11134 0.11394 0.1176 0.122 0.1268 0.13176 0.13666 0.14136 0.1458 0.14994 0.15381 0.15748 0.16104 0.16457 0.16816 0.17187 0.17567
0.3404 0.29756 0.39891 0.52395 0.43897 0.19558 0.038685 0.16578 0.2524 0.29167 0.29132 0.27496 0.25459 0.24193 0.23835 0.23998 0.24258 0.24313 0.24008 0.23308 0.22258 0.20944 0.19466 0.17923 0.16407 0.15 0.13765 0.12753 0.11994 0.11499 0.11261 0.1126 0.1146 0.11824 0.12308 0.12874 0.13487 0.14116 0.14739 0.15339 0.15907 0.16438 0.16934 0.17398 0.17838 0.1826 0.18671 0.19074 0.19465
0.25976 0.49358 0.6284 0.5193 0.41865 0.21426 0.053388 0.11756 0.19384 0.22506 0.21025 0.18516 0.17248 0.17865 0.19486 0.21187 0.2247 0.23139 0.2317 0.22628 0.21627 0.20297 0.18766 0.17155 0.1557 0.14105 0.12842 0.11846 0.11159 0.10794 0.10735 0.10944 0.11366 0.11949 0.12642 0.13402 0.14194 0.14989 0.15765 0.16509 0.17211 0.17867 0.18477 0.19046 0.19578 0.20081 0.20559 0.21013 0.21439
0.085503 0.18591 0.049194 0.29822 0.48218 0.3952 0.26588 0.24327 0.22292 0.15761 0.078334 0.036289 0.08504 0.13427 0.17199 0.19854 0.21488 0.22219 0.2218 0.21516 0.20377 0.18907 0.17238 0.15489 0.13776 0.12209 0.109 0.099479 0.094186 0.093225 0.096076 0.10185 0.10963 0.11867 0.12841 0.13844 0.14847 0.15828 0.16772 0.17669 0.18511 0.19297 0.20028 0.20708 0.21343 0.21938 0.22499 0.23025 0.23513
0.25151 0.19796 0.62524 0.67278 0.69083 0.65165 0.53 0.44307 0.36828 0.2696 0.19287 0.15921 0.1603 0.17736 0.19606 0.2101 0.21755 0.21829 0.21304 0.2028 0.1887 0.17179 0.15306 0.13351 0.1142 0.096436 0.081863 0.072391 0.069502 0.073065 0.081344 0.092344 0.10465 0.11745 0.13027 0.14287 0.15508 0.16678 0.1779 0.18839 0.19822 0.2074 0.21596 0.22394 0.23141 0.23841 0.245 0.25118 0.25691
0.52988 0.73209 0.6931 0.45157 0.48732 0.65486 0.72506 0.71405 0.64829 0.51872 0.40418 0.32831 0.28015 0.2544 0.24182 0.2343 0.22711 0.21803 0.20631 0.1919 0.17507 0.15616 0.13557 0.11381 0.09159 0.070057 0.051292 0.039627 0.040569 0.052125 0.06798 0.084869 0.10163 0.11785 0.13341 0.14826 0.16239 0.17579 0.18845 0.20037 0.21157 0.22205 0.23187 0.24108 0.24973 0.25789 0.2656 0.27287 0.27965
0.33245 0.47241 0.39929 0.19899 0.25229 0.54256 0.72228 0.76586 0.73489 0.62351 0.51103 0.42517 0.35823 0.31123 0.2789 0.2551 0.23577 0.21842 0.20161 0.18446 0.1664 0.14701 0.12606 0.10357 0.079766 0.055115 0.030205 0.0060956 0.018882 0.041716 0.063446 0.083968 0.10332 0.1216 0.13889 0.15529 0.17084 0.18558 0.19955 0.21274 0.22519 0.23693 0.24799 0.25844 0.26833 0.27772 0.28666 0.29515 0.30315
0.20072 0.35121 0.38273 0.37135 0.51712 0.56412 0.51917 0.5005 0.53211 0.52985 0.49183 0.44101 0.38439 0.33512 0.29558 0.26383 0.238 0.21646 0.19778 0.1806 0.16375 0.14624 0.12745 0.10721 0.085869 0.064447 0.045231 0.033967 0.038268 0.053654 0.072484 0.091876 0.11094 0.12939 0.14716 0.16422 0.18059 0.19626 0.21123 0.2255 0.23908 0.25198 0.26426 0.27595 0.2871 0.29778 0.30802 0.31783 0.32715
0.072412 0.22868 0.59533 0.62357 0.55357 0.41138 0.19448 0.057435 0.24792 0.37474 0.41621 0.40806 0.37108 0.32833 0.28934 0.25636 0.2297 0.20868 0.192 0.17797 0.16495 0.15156 0.13701 0.12117 0.10465 0.088821 0.075925 0.06885 0.069725 0.077972 0.09107 0.10671 0.1235 0.14068 0.15787 0.17485 0.19149 0.20769 0.22339 0.23854 0.25311 0.26711 0.28055 0.29346 0.3059 0.31789 0.32948 0.34066 0.35136
0.37218 0.46437 0.54288 0.5037 0.5054 0.44977 0.34315 0.27084 0.28121 0.33243 0.36491 0.36405 0.33447 0.29633 0.26037 0.23037 0.20763 0.19174 0.18106 0.17334 0.16643 0.15872 0.14943 0.13854 0.12675 0.11533 0.10595 0.10031 0.099628 0.10407 0.11284 0.12477 0.13879 0.15411 0.17017 0.18661 0.20316 0.21961 0.23582 0.25169 0.26715 0.28216 0.29672 0.31084 0.32455 0.33787 0.35082 0.36339 0.37549
0.18974 0.33293 0.11917 0.15184 0.17825 0.24226 0.2743 0.2922 0.33161 0.34749 0.34172 0.31979 0.28256 0.24358 0.21024 0.18562 0.17081 0.16456 0.16382 0.16516 0.16596 0.16467 0.16078 0.15452 0.14673 0.1386 0.13152 0.12679 0.12538 0.12774 0.13375 0.14292 0.15458 0.16812 0.183 0.19876 0.21507 0.23163 0.24824 0.26473 0.281 0.29698 0.31262 0.32793 0.34289 0.35754 0.37185 0.38579 0.39927
0.66845 0.62837 0.40691 0.1981 0.067688 0.049581 0.045285 0.18665 0.31497 0.34429 0.31417 0.26854 0.21895 0.17557 0.14302 0.12486 0.12223 0.1306 0.14316 0.15504 0.16377 0.16849 0.16929 0.16684 0.16216 0.15651 0.15115 0.14724 0.14571 0.1471 0.1516 0.15906 0.16915 0.1814 0.19536 0.21059 0.2267 0.24338 0.26035 0.27743 0.29448 0.31139 0.3281 0.34457 0.36079 0.37673 0.39238 0.40767 0.42249
0.51225 0.46389 0.52854 0.34083 0.20806 0.20268 0.22992 0.28884 0.35479 0.34148 0.28305 0.21972 0.15975 0.10813 0.068243 0.054253 0.072596 0.10074 0.1267 0.14728 0.16185 0.1707 0.17462 0.17466 0.17208 0.16814 0.16411 0.16107 0.15991 0.16119 0.16521 0.172 0.18137 0.193 0.20651 0.2215 0.2376 0.25448 0.27187 0.28957 0.3074 0.32525 0.34302 0.36066 0.37811 0.39533 0.41228 0.42887 0.44497
0.47246 0.34566 0.46339 0.46389 0.47106 0.49407 0.47503 0.4543 0.42712 0.35442 0.2743 0.20567 0.14453 0.090404 0.0428 0.025017 0.058628 0.093937 0.12343 0.1461 0.16206 0.17196 0.17679 0.17774 0.1761 0.17316 0.17014 0.16806 0.16771 0.16964 0.1741 0.18115 0.19065 0.20235 0.21594 0.23107 0.24741 0.26467 0.28259 0.30096 0.31963 0.33844 0.35729 0.3761 0.39477 0.41325 0.43146 0.44929 0.46657
0.37516 0.1712 0.090163 0.2827 0.54316 0.67656 0.62342 0.54051 0.45867 0.36128 0.28537 0.22976 0.1808 0.1389 0.10716 0.092292 0.097627 0.11506 0.13484 0.15191 0.16442 0.17215 0.17564 0.1759 0.17411 0.17152 0.16928 0.16831 0.16928 0.17256 0.1783 0.18645 0.19685 0.20927 0.22343 0.23908 0.25593 0.27375 0.29234 0.3115 0.33106 0.35089 0.37086 0.39084 0.41074 0.43045 0.44987 0.46886 0.48724
0.17582 0.034218 0.17983 0.34944 0.57572 0.6712 0.5759 0.45794 0.36716 0.30734 0.27967 0.25736 0.22724 0.19602 0.16935 0.15126 0.14401 0.14606 0.1531 0.16094 0.167 0.17023 0.17064 0.16891 0.1661 0.16339 0.16185 0.16227 0.16511 0.17047 0.17825 0.18823 0.20016 0.21382 0.22899 0.24546 0.26307 0.28165 0.30105 0.3211 0.34166 0.36257 0.38369 0.40488 0.42599 0.4469 0.46747 0.48755 0.50692
0.058866 0.17005 0.45896 0.55392 0.56555 0.52303 0.39127 0.23394 0.13524 0.20084 0.26003 0.27769 0.26561 0.24225 0.21765 0.19661 0.18174 0.17335 0.16975 0.16843 0.16721 0.16488 0.16117 0.15661 0.15219 0.14911 0.14841 0.1507 0.15608 0.16424 0.17474 0.18712 0.20105 0.21631 0.23276 0.2503 0.26886 0.28836 0.3087 0.32976 0.35142 0.37349 0.39582 0.41823 0.44055 0.46263 0.48431 0.50539 0.52564
0.51409 0.5715 0.70886 0.55826 0.43669 0.41482 0.35457 0.23845 0.15473 0.2155 0.27947 0.30421 0.29697 0.27586 0.25113 0.22745 0.2074 0.19188 0.18032 0.17129 0.16328 0.15527 0.14702 0.13912 0.13273 0.12926 0.12982 0.13471 0.14344 0.15512 0.16885 0.18398 0.20014 0.21717 0.23503 0.25376 0.27339 0.29393 0.31534 0.33754 0.36039 0.38371 0.4073 0.43096 0.45449 0.4777 0.50041 0.5224 0.54341
0.25094 0.5766 0.61471 0.30079 0.1141 0.31969 0.41519 0.41153 0.37585 0.34656 0.34283 0.34064 0.32326 0.29814 0.2712 0.2451 0.22154 0.20124 0.18399 0.16894 0.15508 0.14168 0.12873 0.11706 0.10836 0.10466 0.10725 0.11584 0.12888 0.14465 0.16186 0.17978 0.19812 0.21686 0.2361 0.25603 0.27679 0.29847 0.32107 0.34452 0.36866 0.39331 0.41821 0.44314 0.46787 0.49217 0.51584 0.53864 0.5603
0.43026 0.43162 0.48783 0.34044 0.22751 0.31176 0.41847 0.46156 0.46738 0.43465 0.40113 0.37381 0.34192 0.31008 0.28023 0.25238 0.2268 0.2036 0.18253 0.16299 0.14428 0.12592 0.10805 0.091882 0.080106 0.076345 0.082428 0.09634 0.11459 0.13463 0.15511 0.17547 0.19564 0.21582 0.23628 0.25734 0.27924 0.30212 0.32601 0.35082 0.37637 0.40241 0.42868 0.45489 0.48079 0.50612 0.53067 0.55418 0.57636
0.098821 0.068419 0.19062 0.20963 0.23798 0.31358 0.34482 0.37719 0.4411 0.45711 0.42984 0.39145 0.34936 0.31245 0.28098 0.25283 0.22684 0.20244 0.17921 0.15665 0.13422 0.11151 0.088599 0.06666 0.049586 0.045752 0.058456 0.079643 0.10324 0.12689 0.14979 0.17182 0.19322 0.2144 0.23581 0.25788 0.28091 0.30506 0.33033 0.35661 0.38365 0.41116 0.43882 0.46632 0.49335 0.51965 0.54499 0.56909 0.59167
0.13277 0.070182 0.11508 0.058113 0.14699 0.22424 0.15671 0.21648 0.38084 0.448 0.43108 0.3895 0.34398 0.30641 0.27619 0.24982 0.22521 0.2013 0.17756 0.1536 0.12902 0.10348 0.076755 0.049046 0.021884 0.016593 0.042659 0.070553 0.097453 0.12284 0.14669 0.16929 0.19114 0.2128 0.23487 0.25782 0.28197 0.30745 0.33422 0.36207 0.39069 0.41972 0.44879 0.47754 0.50565 0.53285 0.55887 0.58346 0.6063
0.31173 0.22064 0.22517 0.22578 0.23985 0.23569 0.14658 0.23992 0.39128 0.4375 0.41066 0.36806 0.32607 0.29336 0.26793 0.24573 0.22433 0.20257 0.18 0.15643 0.13177 0.10597 0.079165 0.052045 0.027839 0.024435 0.046456 0.072702 0.098501 0.12295 0.14599 0.16796 0.18944 0.2111 0.23356 0.2573 0.2826 0.30951 0.33788 0.36739 0.39766 0.42824 0.45871 0.48868 0.51781 0.54581 0.57241 0.59735 0.62031
0.21225 0.050431 0.3442 0.47865 0.52937 0.52824 0.45406 0.42977 0.4441 0.41402 0.36614 0.32782 0.29704 0.2747 0.25749 0.24164 0.22507 0.2069 0.18697 0.16541 0.14254 0.1188 0.095059 0.073191 0.057397 0.054356 0.065482 0.084237 0.10533 0.12654 0.14721 0.16751 0.18796 0.20922 0.23192 0.25645 0.28299 0.31145 0.34153 0.3728 0.40476 0.4369 0.46874 0.49986 0.52992 0.5586 0.58566 0.61082 0.63379
0.2947 0.31275 0.62291 0.78764 0.84569 0.8043 0.65053 0.52511 0.43321 0.34445 0.29206 0.27128 0.2599 0.25234 0.24576 0.23773 0.22708 0.21351 0.19724 0.17877 0.15874 0.13801 0.11779 0.10002 0.087555 0.0834 0.088353 0.10006 0.11534 0.13207 0.1494 0.16733 0.18634 0.20704 0.22997 0.2554 0.28334 0.3135 0.34541 0.3785 0.41217 0.44584 0.47899 0.51119 0.54205 0.57131 0.59869 0.62395 0.64678
0.34781 0.49537 0.82262 0.88383 0.94735 0.88974 0.68004 0.4853 0.32566 0.21638 0.19277 0.20714 0.22071 0.2294 0.23394 0.23403 0.22962 0.22105 0.20894 0.19403 0.17719 0.15945 0.14206 0.12668 0.11527 0.10955 0.11014 0.11613 0.12583 0.13781 0.15142 0.16672 0.18419 0.2044 0.22775 0.25433 0.28388 0.31591 0.34976 0.38472 0.42009 0.45523 0.4896 0.52274 0.5543 0.58399 0.61156 0.63678 0.65934
0.384 0.55083 0.58183 0.67523 0.84476 0.83226 0.63197 0.41187 0.20373 0.055003 0.098534 0.15507 0.18895 0.21021 0.22376 0.23083 0.23211 0.22837 0.22044 0.20915 0.19543 0.18031 0.16498 0.15086 0.13941 0.13188 0.12884 0.13004 0.13472 0.14217 0.15216 0.16497 0.18115 0.20121 0.22537 0.25343 0.28488 0.31895 0.35483 0.39166 0.42868 0.4652 0.50066 0.53462 0.56672 0.59669 0.62432 0.64936 0.67152
0.33721 0.39556 0.033009 0.43655 0.67246 0.7375 0.61462 0.43132 0.24269 0.10679 0.099342 0.14006 0.17367 0.19876 0.21696 0.22865 0.23435 0.23479 0.23069 0.2228 0.21193 0.19901 0.18513 0.1715 0.15937 0.14978 0.1434 0.14038 0.14058 0.14394 0.15071 0.1615 0.17696 0.1975 0.22303 0.25302 0.28665 0.32293 0.36086 0.39952 0.43808 0.47584 0.51225 0.54686 0.57935 0.60946 0.63699 0.66172 0.68336
0.58915 0.57242 0.44935 0.35901 0.45953 0.60687 0.59341 0.47485 0.32722 0.20535 0.15607 0.15751 0.17567 0.19628 0.21433 0.22782 0.23633 0.24003 0.23924 0.23438 0.22599 0.21483 0.20184 0.18812 0.17481 0.16294 0.15327 0.14631 0.14246 0.14222 0.1464 0.15595 0.17159 0.19345 0.22106 0.25346 0.28954 0.32811 0.36808 0.40846 0.44842 0.48726 0.52443 0.55952 0.59223 0.62232 0.64961 0.67389 0.6949
0.36299 0.40157 0.41906 0.15392 0.22441 0.45574 0.51614 0.43863 0.31999 0.22528 0.18577 0.1796 0.18692 0.20037 0.21516 0.2282 0.23808 0.24414 0.24607 0.24376 0.23742 0.22757 0.21497 0.20065 0.18572 0.17124 0.15818 0.14738 0.13974 0.13643 0.13883 0.14825 0.16526 0.18951 0.21994 0.25519 0.2939 0.33478 0.37669 0.41863 0.45979 0.4995 0.53724 0.57262 0.60537 0.63528 0.66219 0.68591 0.70617
0.20375 0.3429 0.44898 0.18954 0.18005 0.35971 0.40929 0.32095 0.20898 0.1763 0.1867 0.19469 0.19938 0.20698 0.21769 0.2292 0.23956 0.24731 0.25141 0.2512 0.24646 0.23744 0.22475 0.20933 0.19231 0.17486 0.15815 0.14341 0.13212 0.12623 0.12791 0.13868 0.15857 0.18635 0.22028 0.25869 0.30009 0.34317 0.38683 0.43012 0.47225 0.5126 0.55069 0.58616 0.61878 0.64836 0.67475 0.69777 0.71719
0.59978 0.55959 0.45999 0.25991 0.25244 0.34712 0.34533 0.215 0.03918 0.12078 0.18403 0.20489 0.20896 0.21255 0.21998 0.23009 0.24073 0.24983 0.25571 0.25717 0.25359 0.24493 0.23167 0.21468 0.19511 0.17425 0.1535 0.1345 0.11947 0.11151 0.11389 0.12801 0.15252 0.18487 0.22278 0.26444 0.3084 0.35348 0.39863 0.44299 0.48583 0.52657 0.56478 0.60015 0.63245 0.66153 0.68728 0.70951 0.72799
0.49343 0.51073 0.28459 0.1542 0.30607 0.41443 0.38998 0.27298 0.15588 0.16149 0.1989 0.21331 0.2139 0.21483 0.22064 0.23037 0.24169 0.25213 0.25955 0.26231 0.25947 0.25075 0.23648 0.2175 0.19497 0.17025 0.14495 0.12109 0.10186 0.092362 0.09765 0.11777 0.14856 0.18615 0.22811 0.27283 0.31908 0.36582 0.41213 0.45725 0.5005 0.54138 0.57948 0.61454 0.64636 0.67481 0.69978 0.72112 0.73859
0.35016 0.39693 0.23649 0.17499 0.39908 0.52678 0.4883 0.39091 0.29451 0.23678 0.22191 0.21764 0.21282 0.21282 0.21918 0.23004 0.24279 0.25476 0.26357 0.26735 0.26491 0.25578 0.24018 0.21889 0.19308 0.16414 0.13374 0.10413 0.079615 0.06922 0.081231 0.11042 0.14845 0.19123 0.23686 0.28418 0.33226 0.38024 0.42734 0.47287 0.51624 0.55699 0.59476 0.62931 0.66048 0.68816 0.71225 0.73261 0.74901
0.30738 0.19663 0.30943 0.38777 0.52478 0.60891 0.54058 0.44536 0.35609 0.27514 0.23076 0.21226 0.20475 0.20673 0.21607 0.22964 0.24461 0.25836 0.26851 0.27309 0.27079 0.26102 0.24392 0.22022 0.19108 0.15785 0.12207 0.085715 0.053531 0.043499 0.069224 0.10922 0.15386 0.20088 0.24937 0.29862 0.34796 0.39671 0.44419 0.48978 0.53297 0.57333 0.61055 0.64441 0.67478 0.70156 0.72468 0.74399 0.75925
0.32427 0.23024 0.34894 0.49509 0.59216 0.60307 0.50263 0.4101 0.33557 0.26091 0.21313 0.19347 0.19013 0.19808 0.21269 0.2302 0.24797 0.26367 0.2751 0.28034 0.27803 0.26755 0.249 0.22309 0.19098 0.154 0.1135 0.070698 0.027384 0.023993 0.069218 0.11693 0.16578 0.21549 0.26575 0.31614 0.36613 0.41515 0.46259 0.5079 0.55061 0.59033 0.62678 0.65979 0.68921 0.715 0.73705 0.75524 0.76933
0.41315 0.33397 0.3638 0.50413 0.56721 0.51346 0.3947 0.30934 0.25426 0.20162 0.16898 0.16269 0.17208 0.18976 0.21105 0.23303 0.25378 0.27144 0.28407 0.28987 0.28754 0.27647 0.25676 0.22917 0.19496 0.15562 0.11277 0.068325 0.028624 0.040034 0.085285 0.13421 0.18429 0.23497 0.28587 0.33659 0.38661 0.4354 0.4824 0.52709 0.56904 0.60789 0.64339 0.67538 0.70375 0.72843 0.74935 0.76637 0.77926
0.2738 0.079904 0.28855 0.48618 0.49431 0.40044 0.28023 0.19737 0.15083 0.11519 0.10726 0.1286 0.15724 0.1858 0.21343 0.23946 0.26291 0.28235 0.29607 0.30241 0.30015 0.28875 0.26839 0.23996 0.20495 0.16532 0.12373 0.085013 0.062336 0.075541 0.11349 0.15964 0.20866 0.25886 0.3094 0.35969 0.40916 0.45727 0.50345 0.54721 0.58815 0.62592 0.6603 0.69113 0.71832 0.74182 0.76155 0.77737 0.78904
0.18963 0.26826 0.39891 0.46924 0.40294 0.30631 0.21063 0.13457 0.082623 0.024575 0.054515 0.11096 0.15464 0.19013 0.22176 0.25059 0.2761 0.297 0.31166 0.31854 0.31652 0.30516 0.28479 0.25648 0.22208 0.18419 0.14669 0.11615 0.10343 0.11641 0.14892 0.19119 0.23788 0.28653 0.33589 0.38511 0.43353 0.48053 0.52555 0.56811 0.6078 0.64431 0.67741 0.70697 0.7329 0.75515 0.77364 0.78824 0.79868
0.30235 0.46077 0.51578 0.42003 0.27737 0.21279 0.16466 0.12072 0.10484 0.076504 0.086343 0.12967 0.16992 0.20476 0.23705 0.26708 0.29386 0.31581 0.33125 0.33867 0.33709 0.32618 0.30642 0.27913 0.24649 0.21167 0.17919 0.15547 0.14798 0.16029 0.18875 0.22714 0.27087 0.3173 0.36485 0.41248 0.4594 0.50494 0.54851 0.58962 0.62786 0.66294 0.69464 0.72283 0.74742 0.76837 0.7856 0.79896 0.80818
0.65005 0.48658 0.51345 0.35644 0.14137 0.11484 0.098899 0.10261 0.15419 0.15966 0.15748 0.1748 0.20033 0.22896 0.25924 0.28913 0.31643 0.33903 0.35506 0.36303 0.36205 0.35194 0.33331 0.30769 0.27752 0.24625 0.21844 0.19962 0.19492 0.20629 0.23146 0.26618 0.30672 0.35049 0.39578 0.44141 0.48648 0.53026 0.57213 0.61158 0.64821 0.68172 0.71191 0.73864 0.76184 0.78146 0.7974 0.80952 0.81754
0.47561 0.2118 0.48354 0.34166 0.092034 0.056187 0.018589 0.10734 0.21057 0.23516 0.22693 0.22733 0.23895 0.26028 0.28757 0.31656 0.34384 0.36671 0.38314 0.39163 0.39136 0.38227 0.3651 0.34152 0.31408 0.28625 0.26231 0.24683 0.24356 0.2538 0.27607 0.30734 0.3446 0.38547 0.4282 0.47153 0.51447 0.55624 0.5962 0.63382 0.6687 0.70054 0.72913 0.75435 0.77611 0.79437 0.80902 0.81991 0.82674
0.46861 0.27078 0.49537 0.34557 0.10604 0.089043 0.12219 0.18996 0.28082 0.30146 0.2862 0.27703 0.28004 0.2962 0.32102 0.34897 0.37589 0.39874 0.41536 0.42427 0.42473 0.41677 0.40121 0.37976 0.35498 0.3302 0.30927 0.29602 0.29334 0.30228 0.32187 0.34988 0.38387 0.4217 0.46166 0.50246 0.54307 0.58265 0.62054 0.6562 0.68922 0.7193 0.74623 0.76989 0.79019 0.80707 0.82044 0.83012 0.8358
0.47662 0.51966 0.53754 0.37171 0.20144 0.20802 0.25779 0.3026 0.35362 0.35285 0.33071 0.31936 0.32041 0.33496 0.35866 0.38584 0.41225 0.43482 0.45141 0.46059 0.46171 0.45485 0.44086 0.42146 0.3991 0.37686 0.3582 0.34637 0.34375 0.35126 0.36829 0.39319 0.42396 0.45869 0.49576 0.53389 0.572 0.60925 0.64495 0.67855 0.70963 0.73789 0.76312 0.78519 0.80402 0.81954 0.83164 0.84013 0.8447
0.38463 0.54204 0.53347 0.41942 0.34345 0.35973 0.38589 0.39693 0.40417 0.3802 0.35772 0.35319 0.35916 0.37576 0.39984 0.42663 0.45244 0.47449 0.49081 0.50007 0.50169 0.49581 0.48327 0.4657 0.44541 0.42523 0.40823 0.39723 0.39428 0.40027 0.41484 0.43676 0.46437 0.496 0.53013 0.56549 0.60102 0.63585 0.66928 0.70075 0.72983 0.75623 0.77974 0.80022 0.81757 0.83174 0.84259 0.84994 0.85344
0.33425 0.36223 0.38213 0.38591 0.42662 0.48272 0.47211 0.4382 0.40821 0.37592 0.36793 0.38054 0.39721 0.4186 0.44412 0.47077 0.49587 0.51717 0.53297 0.54209 0.54401 0.53891 0.52759 0.51158 0.49301 0.47444 0.45861 0.44801 0.44449 0.4489 0.4611 0.48015 0.5047 0.53326 0.56444 0.597 0.62989 0.66225 0.69335 0.72265 0.74972 0.77424 0.79601 0.8149 0.8308 0.84364 0.85328 0.85952 0.862
0.30251 0.15112 0.15604 0.24258 0.43166 0.54064 0.48747 0.40381 0.3513 0.3406 0.36811 0.40651 0.4368 0.46393 0.49116 0.51765 0.54186 0.56217 0.57719 0.58591 0.58791 0.58336 0.57302 0.55829 0.5411 0.52376 0.50873 0.49823 0.49395 0.49676 0.50667 0.52299 0.54457 0.57015 0.5984 0.62816 0.6584 0.68826 0.71703 0.74415 0.76918 0.79183 0.81188 0.8292 0.84367 0.85521 0.86368 0.86886 0.87039
0.34309 0.16541 0.048763 0.12326 0.4197 0.53598 0.42887 0.29092 0.23571 0.29258 0.37278 0.43816 0.48054 0.51228 0.54062 0.56659 0.58964 0.6087 0.6227 0.63079 0.63263 0.6284 0.61879 0.60506 0.58896 0.57254 0.55801 0.54741 0.54228 0.54351 0.55123 0.56493 0.58369 0.60636 0.63175 0.65875 0.68637 0.71375 0.74018 0.76513 0.78815 0.80895 0.8273 0.84307 0.85615 0.86643 0.87378 0.87795 0.87858
0.35118 0.24044 0.18978 0.24913 0.44747 0.51044 0.34656 0.13877 0.10996 0.27909 0.40016 0.48185 0.53035 0.56381 0.59198 0.61683 0.63838 0.65594 0.66868 0.67592 0.67739 0.67327 0.66417 0.65121 0.63594 0.62021 0.60599 0.59514 0.58913 0.58882 0.59446 0.6057 0.62176 0.64165 0.66427 0.68858 0.71362 0.73855 0.76269 0.7855 0.80654 0.82551 0.8422 0.85647 0.8682 0.87728 0.88355 0.88678 0.88657
0.39792 0.37563 0.38127 0.41938 0.52871 0.53652 0.35924 0.18421 0.19884 0.34414 0.46027 0.54027 0.58666 0.61813 0.64448 0.6675 0.68719 0.70301 0.7143 0.72051 0.72144 0.71725 0.70847 0.6961 0.68149 0.66627 0.65224 0.64108 0.63418 0.63242 0.63612 0.64504 0.65856 0.67581 0.69577 0.71748 0.74001 0.76256 0.78446 0.80517 0.82427 0.84147 0.85655 0.86937 0.8798 0.88773 0.89299 0.89533 0.89435
0.29559 0.36076 0.53135 0.5919 0.65984 0.6376 0.48391 0.3777 0.3882 0.46633 0.54781 0.61126 0.64814 0.67416 0.69716 0.71765 0.73516 0.74904 0.75874 0.76379 0.76405 0.75967 0.75109 0.73918 0.7251 0.71029 0.69638 0.6849 0.67717 0.67406 0.67596 0.68275 0.69389 0.70864 0.72608 0.7453 0.76542 0.78566 0.80539 0.82407 0.8413 0.85679 0.87031 0.88173 0.89092 0.89776 0.90208 0.90359 0.9019
0.035878 0.26065 0.62184 0.73877 0.78338 0.73355 0.59935 0.53887 0.56292 0.60433 0.64899 0.68923 0.71207 0.73028 0.74882 0.76628 0.78135 0.79318 0.8012 0.80503 0.80455 0.79991 0.79147 0.77994 0.76633 0.75189 0.73809 0.72633 0.71786 0.71354 0.71381 0.71863 0.72758 0.74 0.75506 0.77192 0.78973 0.80777 0.82541 0.84214 0.85757 0.87141 0.88345 0.89354 0.90155 0.90737 0.9108 0.91156 0.90923
0.23986 0.31248 0.64096 0.79523 0.80998 0.72872 0.62531 0.63071 0.69938 0.73302 0.75006 0.76741 0.77506 0.78461 0.7982 0.81237 0.82489 0.8346 0.84093 0.84354 0.84233 0.83743 0.82911 0.81796 0.80481 0.79076 0.77711 0.76515 0.75605 0.75068 0.7495 0.75255 0.75949 0.76976 0.7826 0.79723 0.81286 0.82881 0.84445 0.85932 0.87303 0.8853 0.89593 0.90476 0.91167 0.91653 0.91914 0.91921 0.91632
0.22974 0.31131 0.58927 0.73474 0.69707 0.57953 0.54167 0.65334 0.79351 0.84004 0.84051 0.83948 0.83373 0.83525 0.84405 0.85496 0.86494 0.87258 0.87728 0.87873 0.87686 0.87176 0.86361 0.85288 0.84024 0.82664 0.81323 0.80117 0.7916 0.78535 0.78291 0.78439 0.78952 0.79782 0.80861 0.82116 0.83474 0.8487 0.86247 0.87557 0.88765 0.89844 0.90773 0.91538 0.92126 0.92523 0.92709 0.92655 0.92316
0.070328 0.17042 0.52109 0.61369 0.5016 0.31006 0.3873 0.63765 0.85348 0.92042 0.91338 0.90056 0.88524 0.88053 0.88526 0.89318 0.90076 0.90644 0.90964 0.91007 0.90768 0.90249 0.89462 0.8844 0.87238 0.85933 0.84627 0.83427 0.82439 0.81744 0.81395 0.81405 0.81757 0.82409 0.833 0.84363 0.85531 0.86742 0.87941 0.89086 0.9014 0.9108 0.91884 0.92539 0.93031 0.93346 0.93465 0.93356 0.92974
0.081398 0.19695 0.52004 0.54571 0.40323 0.086529 0.29269 0.63162 0.89164 0.97299 0.96474 0.94751 0.92761 0.91917 0.9209 0.92628 0.9317 0.93563 0.93753 0.93715 0.93441 0.92931 0.92187 0.9123 0.90103 0.88867 0.87611 0.86434 0.85433 0.84688 0.84254 0.84148 0.8436 0.84853 0.85573 0.8646 0.87452 0.88491 0.89525 0.90515 0.91426 0.92235 0.92923 0.93476 0.93881 0.94122 0.9418 0.94023 0.93606
0.38422 0.45234 0.56028 0.55245 0.48643 0.33415 0.39011 0.66393 0.91522 0.99784 0.99319 0.9791 0.95989 0.95039 0.9503 0.95367 0.95726 0.95971 0.96057 0.95961 0.95677 0.95197 0.94515 0.93642 0.92606 0.91456 0.90269 0.89131 0.88137 0.87363 0.86864 0.86664 0.86755 0.87108 0.87676 0.88403 0.89234 0.90114 0.90997 0.91843 0.92622 0.9331 0.93891 0.9435 0.94675 0.9485 0.94855 0.94657 0.9421
0.71467 0.60192 0.48386 0.52609 0.55823 0.52576 0.54215 0.71709 0.92148 0.99521 0.99966 0.99588 0.98207 0.97387 0.97301 0.97492 0.97703 0.97832 0.97845 0.97723 0.97456 0.97032 0.96435 0.95666 0.94741 0.93695 0.92595 0.91517 0.90549 0.89767 0.89225 0.8895 0.8894 0.89173 0.89606 0.90191 0.90876 0.91611 0.92354 0.93068 0.93725 0.94303 0.94786 0.9516 0.95413 0.95529 0.95487 0.95256 0.94787
0.76619 0.50556 0.22827 0.41905 0.51676 0.59677 0.64018 0.75067 0.9006 0.96607 0.98723 0.99991 0.99495 0.98967 0.98885 0.98976 0.99078 0.99126 0.99101 0.98986 0.98767 0.98426 0.9794 0.97298 0.96504 0.95583 0.9459 0.93592 0.92671 0.91901 0.91337 0.91008 0.90917 0.91048 0.91363 0.91822 0.92375 0.9298 0.93596 0.9419 0.94736 0.95214 0.95607 0.95905 0.96094 0.96159 0.96079 0.9582 0.95335
0.83904 0.51144 0.078756 0.26699 0.37516 0.56703 0.6583 0.73324 0.84315 0.9139 0.96121 0.99442 0.99984 0.99815 0.99777 0.99806 0.99837 0.99842 0.99817 0.99744 0.99606 0.99379 0.99029 0.98538 0.97898 0.97124 0.96257 0.95359 0.94506 0.93768 0.93201 0.92838 0.92685 0.92732 0.92948 0.93296 0.93734 0.94222 0.94723 0.95209 0.95654 0.96042 0.96356 0.96586 0.96719 0.9674 0.96628 0.96348 0.95854
0.85325 0.58195 0.18569 0.11499 0.20642 0.48575 0.60098 0.65135 0.74728 0.84682 0.92878 0.98316 0.99827 0.9998 0.99991 0.99984 0.99978 0.99981 0.99994 1 0.99978 0.99895 0.9971 0.99394 0.98931 0.98323 0.97604 0.96826 0.96059 0.95373 0.94823 0.94444 0.94248 0.94229 0.94362 0.94615 0.94951 0.95336 0.95736 0.96125 0.96481 0.96788 0.97032 0.97203 0.97288 0.97272 0.97134 0.96841 0.96344
0.72652 0.59119 0.26621 0.13239 0.15234 0.39718 0.48251 0.50698 0.6245 0.77911 0.89811 0.96971 0.99159 0.99513 0.99545 0.99519 0.99512 0.99552 0.99645 0.99769 0.99894 0.99985 0.99991 0.99875 0.9961 0.9919 0.98638 0.97999 0.97339 0.96722 0.96207 0.95831 0.95609 0.95541 0.95606 0.9578 0.96029 0.96324 0.96635 0.96939 0.97216 0.97452 0.97635 0.97755 0.978 0.97755 0.97599 0.97298 0.96804
0.58703 0.60709 0.40213 0.25408 0.21387 0.31449 0.31973 0.31565 0.50727 0.73001 0.87647 0.95666 0.9808 0.98457 0.98466 0.98433 0.98458 0.98575 0.98786 0.99064 0.99372 0.99665 0.99889 0.99996 0.99952 0.99739 0.99373 0.98891 0.98354 0.97825 0.97362 0.97005 0.96774 0.96672 0.96686 0.96794 0.9697 0.97188 0.97422 0.97652 0.97861 0.98037 0.98167 0.98245 0.98257 0.9819 0.98021 0.97718 0.97233
0.39486 0.49923 0.44327 0.3164 0.24797 0.24634 0.15217 0.13573 0.45512 0.71676 0.86796 0.94512 0.96634 0.96843 0.96782 0.96755 0.96846 0.97079 0.97446 0.97912 0.98433 0.98957 0.99422 0.99775 0.9997 0.99983 0.9982 0.99512 0.99115 0.98689 0.98294 0.97972 0.97747 0.97627 0.97603 0.9766 0.97777 0.9793 0.98099 0.98266 0.98417 0.98541 0.98629 0.98671 0.98658 0.98576 0.98402 0.98103 0.97631
0.2731 0.30352 0.39506 0.33891 0.28156 0.26674 0.19951 0.23674 0.51183 0.74353 0.87184 0.93447 0.94811 0.9469 0.94526 0.9452 0.94711 0.95096 0.95656 0.96342 0.97104 0.97884 0.98613 0.99231 0.99685 0.9994 0.99997 0.99877 0.99634 0.99326 0.99014 0.98741 0.98536 0.98411 0.98364 0.98383 0.98452 0.98553 0.98668 0.98783 0.98886 0.98968 0.99021 0.99037 0.99005 0.98914 0.9874 0.98451 0.97999
0.2225 0.1028 0.3526 0.38221 0.37912 0.41171 0.41414 0.46343 0.64077 0.79772 0.88294 0.92275 0.92561 0.92011 0.91731 0.9177 0.92094 0.92668 0.93452 0.94388 0.95417 0.96474 0.97487 0.98388 0.99116 0.99629 0.99918 1 0.99924 0.99747 0.9953 0.99319 0.99147 0.99031 0.98972 0.98966 0.99 0.9906 0.99132 0.99205 0.9927 0.99319 0.99344 0.99341 0.99299 0.99205 0.99037 0.98764 0.98336
0.22698 0.11592 0.34567 0.44272 0.51473 0.60094 0.63064 0.67443 0.78215 0.85885 0.89377 0.90729 0.89815 0.88814 0.88437 0.88552 0.89044 0.8984 0.90877 0.92087 0.93403 0.94757 0.9607 0.97269 0.98284 0.99067 0.99601 0.99896 0.99998 0.99963 0.99852 0.99715 0.99588 0.99492 0.99435 0.99414 0.99424 0.99454 0.99493 0.99535 0.9957 0.99594 0.99602 0.99586 0.9954 0.99449 0.99294 0.9904 0.98641
0.37793 0.27343 0.33375 0.47424 0.63088 0.77375 0.8116 0.84192 0.89944 0.90858 0.8969 0.88542 0.86508 0.85115 0.84688 0.84918 0.85613 0.86658 0.87973 0.89478 0.91099 0.92765 0.94391 0.959 0.97214 0.98277 0.99064 0.99582 0.99871 0.99987 0.99992 0.99939 0.99867 0.99802 0.99756 0.99732 0.99728 0.99739 0.99756 0.99774 0.9979 0.99797 0.99794 0.99773 0.99729 0.99648 0.99509 0.99281 0.98915
0.37707 0.25036 0.26553 0.45815 0.69896 0.89839 0.93669 0.95179 0.97442 0.93465 0.88672 0.85508 0.82599 0.8094 0.80533 0.80924 0.81853 0.83174 0.84786 0.86601 0.8854 0.90528 0.92479 0.94306 0.95928 0.97278 0.98326 0.99073 0.99556 0.99831 0.99961 1 0.99991 0.99967 0.99942 0.99926 0.99918 0.99918 0.99922 0.99927 0.9993 0.9993 0.99922 0.99904 0.99867 0.99801 0.99685 0.99486 0.99158
0.26755 0.11534 0.17548 0.40899 0.72003 0.96165 0.99548 0.99829 1 0.93098 0.86001 0.81516 0.78084 0.76332 0.7603 0.76629 0.77823 0.79439 0.81363 0.83498 0.85763 0.88081 0.90362 0.92515 0.94449 0.96091 0.97405 0.98386 0.99069 0.99508 0.99768 0.99906 0.9997 0.99995 1 0.99999 0.99997 0.99996 0.99996 0.99995 0.99995 0.99993 0.99989 0.99979 0.99956 0.9991 0.99821 0.99657 0.9937
0.28912 0.19892 0.16889 0.35654 0.71118 0.96342 0.98738 0.98335 0.97681 0.89664 0.81604 0.76556 0.73 0.71348 0.71242 0.72094 0.73578 0.75505 0.77749 0.80209 0.82804 0.85456 0.88071 0.90551 0.928 0.94738 0.96319 0.97537 0.98422 0.9903 0.99425 0.99669 0.99811 0.99892 0.99935 0.99958 0.9997 0.99977 0.9998 0.99983 0.99986 0.9999 0.99996 1 0.99997 0.99976 0.99918 0.99792 0.99551
0.25783 0.25655 0.15647 0.3341 0.68948 0.91199 0.92071 0.91555 0.91096 0.83453 0.7561 0.70715 0.67425 0.6606 0.66236 0.67383 0.69176 0.71422 0.73989 0.76775 0.797 0.82686 0.85634 0.88443 0.91006 0.93238 0.95087 0.96542 0.97631 0.9841 0.98944 0.99297 0.99523 0.99666 0.99755 0.99809 0.99843 0.99864 0.99879 0.99892 0.99906 0.99924 0.99945 0.99969 0.99991 1 0.99978 0.99893 0.99701
0.16456 0.22416 0.07135 0.36285 0.66253 0.82094 0.81073 0.80841 0.81229 0.75013 0.68303 0.64156 0.61469 0.60553 0.61083 0.62556 0.64672 0.6724 0.70127 0.73235 0.76485 0.798 0.8308 0.86213 0.89089 0.91612 0.93727 0.95416 0.96709 0.97659 0.98334 0.988 0.99114 0.99325 0.99464 0.99557 0.99619 0.99663 0.99697 0.99727 0.99758 0.99795 0.99838 0.99887 0.99939 0.99982 1 0.99961 0.9982
0.16326 0.25768 0.18947 0.43071 0.63103 0.70739 0.67692 0.67821 0.69261 0.65039 0.60057 0.57094 0.55263 0.54918 0.55856 0.57676 0.6012 0.63006 0.66205 0.69625 0.73193 0.76831 0.80435 0.83888 0.8707 0.8988 0.92255 0.94176 0.9567 0.9679 0.97605 0.98186 0.98592 0.98875 0.9907 0.99207 0.99304 0.99377 0.99436 0.9949 0.99545 0.99606 0.99677 0.99757 0.99843 0.99925 0.99985 0.99995 0.99909
0.34129 0.4326 0.40981 0.51113 0.59655 0.59004 0.53982 0.54166 0.56411 0.54272 0.51293 0.4977 0.48952 0.49248 0.50623 0.52801 0.55571 0.58764 0.62262 0.65981 0.69854 0.73805 0.77725 0.8149 0.8497 0.88059 0.90688 0.92835 0.94526 0.95813 0.96769 0.97465 0.97965 0.98323 0.98579 0.98764 0.98902 0.9901 0.991 0.99184 0.99269 0.99361 0.99464 0.99579 0.99703 0.99828 0.99935 0.99997 0.99967
0.61314 0.65837 0.61818 0.58666 0.56233 0.48475 0.41759 0.41406 0.43814 0.43414 0.42424 0.42428 0.42677 0.43636 0.45454 0.47986 0.51071 0.54555 0.58334 0.62335 0.665 0.70751 0.74976 0.79041 0.8281 0.86167 0.89042 0.91408 0.93289 0.94741 0.95835 0.96646 0.97241 0.97677 0.97997 0.98236 0.98419 0.98567 0.98694 0.98813 0.98933 0.99061 0.99201 0.99356 0.99523 0.99693 0.99851 0.99966 0.99996
0.87193 0.8438 0.77573 0.64487 0.52688 0.39803 0.32212 0.30776 0.32445 0.3308 0.33825 0.35298 0.36574 0.38165 0.40409 0.43282 0.46663 0.50417 0.54453 0.58716 0.63156 0.67694 0.7221 0.76562 0.80606 0.84221 0.8733 0.89906 0.91972 0.93583 0.94812 0.95737 0.96427 0.96942 0.97329 0.97625 0.97859 0.98052 0.98221 0.9838 0.9854 0.98709 0.98891 0.9909 0.99302 0.99522 0.99732 0.99905 0.99997
0.99844 0.8917 0.85416 0.67335 0.48204 0.32428 0.25524 0.23062 0.23111 0.23767 0.25814 0.28577 0.30758 0.3291 0.35544 0.38735 0.42387 0.46383 0.5065 0.55153 0.59849 0.64657 0.69449 0.74073 0.78378 0.82236 0.85569 0.88344 0.90586 0.92349 0.9371 0.94746 0.9553 0.96126 0.96582 0.96939 0.97226 0.97469 0.97685 0.97889 0.98093 0.98307 0.98535 0.98781 0.99043 0.99315 0.99581 0.99813 0.99968
0.9223 0.74949 0.85279 0.66709 0.42149 0.25231 0.20873 0.18327 0.16472 0.15874 0.18631 0.22424 0.25322 0.27931 0.30907 0.34384 0.38277 0.42481 0.46951 0.5167 0.56602 0.61661 0.66711 0.71591 0.76141 0.80227 0.83768 0.86732 0.89141 0.91049 0.92536 0.93681 0.94559 0.95235 0.95762 0.96181 0.96526 0.96822 0.97088 0.97342 0.97595 0.97857 0.98135 0.98432 0.98747 0.99074 0.99397 0.99691 0.99911
0.70523 0.45682 0.80793 0.6365 0.3511 0.17575 0.17135 0.15719 0.12896 0.098098 0.12444 0.1695 0.20331 0.23276 0.2654 0.30265 0.3436 0.38737 0.4338 0.48289 0.53435 0.58727 0.64016 0.69133 0.73909 0.78207 0.81942 0.85081 0.87646 0.89692 0.91299 0.92549 0.93518 0.94275 0.94873 0.95358 0.95763 0.96115 0.96436 0.96742 0.97048 0.97363 0.97694 0.98045 0.98416 0.988 0.99183 0.9954 0.99827
0.54806 0.1586 0.76898 0.60249 0.29153 0.097291 0.13638 0.13997 0.1184 0.062659 0.073499 0.12219 0.15824 0.18981 0.22476 0.26408 0.30663 0.35173 0.39955 0.45029 0.50368 0.55871 0.6138 0.66712 0.71695 0.76187 0.801 0.83401 0.86111 0.88286 0.90007 0.91357 0.92415 0.93252 0.93922 0.94473 0.9494 0.95352 0.9573 0.96094 0.96455 0.96826 0.97213 0.97621 0.9805 0.98494 0.9894 0.99361 0.99716
0.63083 0.33995 0.76119 0.5792 0.26508 0.026443 0.10253 0.1235 0.11925 0.05796 0.033954 0.082452 0.11812 0.15068 0.18745 0.22838 0.27204 0.31806 0.36695 0.41908 0.47418 0.53111 0.58816 0.64343 0.69512 0.74178 0.78253 0.81701 0.84543 0.86838 0.88666 0.90111 0.91256 0.92171 0.92913 0.93532 0.94063 0.94537 0.94976 0.95399 0.95819 0.96249 0.96695 0.97163 0.97652 0.98158 0.98667 0.99154 0.99579
0.80178 0.61543 0.77029 0.56231 0.26882 0.028847 0.070689 0.1061 0.12103 0.067864 0.0079045 0.049979 0.082852 0.11556 0.15372 0.19576 0.24001 0.28651 0.33614 0.38942 0.44599 0.5046 0.56339 0.62037 0.6737 0.7219 0.76408 0.79988 0.82951 0.85356 0.87283 0.88819 0.90046 0.91037 0.91852 0.92538 0.93135 0.93673 0.94175 0.9466 0.95143 0.95634 0.96142 0.96672 0.97223 0.97793 0.98367 0.98922 0.99417
0.84698 0.78063 0.76057 0.53825 0.27855 0.058017 0.040941 0.090422 0.11993 0.075552 0.015905 0.024086 0.052136 0.084628 0.12386 0.1664 0.21065 0.25719 0.30725 0.36143 0.41925 0.4793 0.53958 0.59803 0.65277 0.70231 0.74574 0.78271 0.81342 0.83846 0.85865 0.87485 0.88791 0.89857 0.90742 0.91497 0.92161 0.92765 0.93332 0.93881 0.94428 0.94983 0.95555 0.96149 0.96765 0.974 0.98041 0.98664 0.9923
0.72393 0.82166 0.70503 0.50101 0.27977 0.06322 0.014168 0.080911 0.11543 0.076141 0.025078 0.0053487 0.025661 0.058353 0.098208 0.14047 0.18407 0.2302 0.28039 0.33523 0.39408 0.45532 0.51684 0.57651 0.63242 0.68308 0.72757 0.76555 0.79721 0.82314 0.84416 0.86116 0.87496 0.88634 0.89589 0.90412 0.91144 0.91815 0.92448 0.93065 0.93678 0.943 0.94937 0.95597 0.96279 0.9698 0.97689 0.98381 0.99018
0.54821 0.7778 0.59946 0.45718 0.27659 0.058067 0.024596 0.079969 0.10785 0.069093 0.027411 0.014954 0.0054769 0.038156 0.077275 0.11811 0.16033 0.20562 0.25567 0.31095 0.37058 0.43275 0.49524 0.55586 0.6127 0.66427 0.70964 0.74847 0.78095 0.80766 0.82944 0.84715 0.86166 0.87373 0.88396 0.89288 0.90087 0.90826 0.91529 0.92213 0.92895 0.93585 0.9429 0.95017 0.95767 0.96536 0.97313 0.98075 0.98784
0.48134 0.69926 0.45354 0.41935 0.28314 0.074832 0.055688 0.085165 0.097651 0.055114 0.025661 0.029284 0.018722 0.028098 0.061791 0.099491 0.1395 0.18353 0.23318 0.28867 0.34882 0.41165 0.47483 0.53614 0.59367 0.64593 0.69199 0.73151 0.76467 0.79207 0.81451 0.83289 0.84806 0.86078 0.87168 0.88127 0.88995 0.89803 0.90575 0.9133 0.92081 0.92841 0.93615 0.94411 0.9523 0.96067 0.96913 0.97746 0.98528
0.54338 0.61884 0.27592 0.39763 0.30913 0.12056 0.087183 0.092134 0.085966 0.035831 0.025911 0.042768 0.035752 0.031239 0.052463 0.084711 0.12163 0.164 0.21301 0.26847 0.32889 0.39209 0.45567 0.5174 0.57537 0.6281 0.67467 0.71472 0.74844 0.7764 0.79943 0.81841 0.83419 0.84755 0.85909 0.86935 0.87871 0.88749 0.89591 0.90417 0.91239 0.9207 0.92915 0.93781 0.94669 0.95576 0.96492 0.97395 0.9825
0.63451 0.56816 0.075471 0.3971 0.35156 0.17653 0.1166 0.098948 0.076317 0.018485 0.034849 0.056018 0.050617 0.040851 0.049136 0.073791 0.10676 0.14712 0.19525 0.25043 0.31083 0.37408 0.43777 0.49965 0.55782 0.61081 0.6577 0.69813 0.73228 0.76071 0.78424 0.80375 0.8201 0.83405 0.84622 0.85714 0.86718 0.87665 0.88579 0.89477 0.90372 0.91274 0.92191 0.93128 0.94086 0.95063 0.9605 0.97024 0.97951
0.73367 0.59002 0.1428 0.4189 0.40129 0.23221 0.14395 0.10772 0.076255 0.032075 0.051638 0.069262 0.06331 0.05093 0.050145 0.066538 0.094934 0.13297 0.17999 0.23461 0.29466 0.35766 0.42115 0.48291 0.54104 0.59408 0.64112 0.68178 0.71623 0.74503 0.76898 0.78896 0.80582 0.82034 0.83312 0.84467 0.85538 0.86556 0.87541 0.88512 0.8948 0.90455 0.91445 0.92453 0.93483 0.94531 0.95588 0.96633 0.97632
0.85107 0.67559 0.33748 0.45938 0.45174 0.28491 0.17225 0.12373 0.09273 0.063328 0.072475 0.082294 0.073841 0.059485 0.053192 0.062463 0.086151 0.12166 0.16729 0.22103 0.28039 0.34281 0.40581 0.46717 0.52503 0.57793 0.62494 0.66569 0.70032 0.72938 0.75367 0.77406 0.7914 0.80644 0.8198 0.83198 0.84336 0.85424 0.86481 0.87525 0.88567 0.89616 0.90678 0.91759 0.9286 0.93979 0.95107 0.96223 0.97295
0.94452 0.74766 0.48867 0.5107 0.50144 0.33717 0.20672 0.15172 0.12418 0.098328 0.094784 0.094618 0.082136 0.065908 0.056542 0.060842 0.080329 0.11322 0.15719 0.20969 0.26801 0.32951 0.39172 0.45244 0.5098 0.56236 0.60919 0.64988 0.68457 0.7138 0.73835 0.75909 0.77685 0.79239 0.8063 0.8191 0.83114 0.84271 0.854 0.86518 0.87634 0.88757 0.89893 0.91047 0.9222 0.9341 0.94608 0.95796 0.96939
0.95378 0.73812 0.58009 0.56508 0.55243 0.3939 0.25181 0.19237 0.16489 0.13419 0.11681 0.10559 0.08806 0.070005 0.05925 0.060913 0.077269 0.10762 0.14965 0.20054 0.25746 0.31772 0.37885 0.43867 0.49533 0.54738 0.59386 0.63436 0.66901 0.69832 0.72305 0.74408 0.76221 0.77821 0.79266 0.80605 0.81874 0.831 0.84301 0.85493 0.86684 0.87881 0.89091 0.90318 0.91563 0.92824 0.94093 0.95351 0.96566
0.85678 0.62465 0.6129 0.61768 0.60731 0.45868 0.30845 0.24277 0.21015 0.16916 0.13721 0.11456 0.091448 0.071734 0.060932 0.062075 0.076652 0.10473 0.14459 0.19352 0.24867 0.30737 0.36715 0.42585 0.48161 0.53297 0.57896 0.61915 0.65365 0.68294 0.70779 0.72905 0.74751 0.76393 0.77889 0.79286 0.80619 0.81914 0.83187 0.84452 0.85717 0.8699 0.88274 0.89574 0.90891 0.92223 0.93562 0.94891 0.96177
0.68494 0.42333 0.60214 0.66589 0.66642 0.53119 0.37375 0.29864 0.25649 0.20179 0.1549 0.12093 0.092132 0.071137 0.061554 0.06397 0.078082 0.10428 0.14181 0.18846 0.24153 0.29838 0.35656 0.41393 0.46861 0.51912 0.5645 0.60426 0.6385 0.6677 0.6926 0.71402 0.73278 0.74959 0.76503 0.77956 0.79352 0.80714 0.82059 0.83397 0.84737 0.86085 0.87443 0.88816 0.90205 0.91607 0.93017 0.94416 0.95772
0.52455 0.17483 0.5709 0.70735 0.72666 0.6072 0.44263 0.35574 0.30123 0.23086 0.16908 0.12421 0.089976 0.068333 0.061321 0.066468 0.081159 0.10591 0.14107 0.1852 0.23591 0.29065 0.34702 0.40286 0.4563 0.50583 0.55046 0.58969 0.62358 0.65261 0.67748 0.69903 0.71802 0.73519 0.75109 0.76617 0.78074 0.79503 0.80919 0.82331 0.83745 0.85167 0.86599 0.88045 0.89506 0.90979 0.92458 0.93927 0.95353
0.48898 0.071909 0.54304 0.73912 0.78234 0.68028 0.50952 0.41033 0.34227 0.25548 0.1792 0.1241 0.084891 0.063533 0.060635 0.069592 0.085533 0.10922 0.14206 0.18352 0.23165 0.28408 0.33845 0.3926 0.44465 0.49307 0.53684 0.57543 0.6089 0.63768 0.66247 0.68408 0.70328 0.72077 0.73711 0.75271 0.76788 0.78284 0.79769 0.81254 0.82743 0.84239 0.85745 0.87263 0.88795 0.90339 0.91887 0.93424 0.94919
0.54081 0.25289 0.53198 0.75806 0.82714 0.74392 0.56948 0.45952 0.37817 0.27512 0.18507 0.12048 0.076849 0.057098 0.060069 0.073452 0.090925 0.11381 0.14445 0.18318 0.22859 0.27855 0.33076 0.38309 0.43363 0.48083 0.52363 0.5615 0.59446 0.62292 0.64757 0.6692 0.68856 0.70635 0.72309 0.7392 0.75496 0.77057 0.78612 0.80169 0.81732 0.83302 0.84881 0.86472 0.88074 0.89687 0.91304 0.92909 0.94472
0.52601 0.33191 0.53356 0.76153 0.85594 0.79288 0.61884 0.5014 0.40819 0.28975 0.18683 0.11347 0.065893 0.049671 0.060325 0.078166 0.097119 0.11936 0.14792 0.18394 0.22656 0.27393 0.32388 0.37427 0.42319 0.46907 0.51082 0.54789 0.58026 0.60834 0.6328 0.6544 0.67389 0.69194 0.70907 0.72567 0.742 0.75825 0.77449 0.79078 0.80713 0.82357 0.84009 0.85671 0.87344 0.89026 0.90711 0.92383 0.94013
0.39025 0.30834 0.53418 0.74797 0.86589 0.82391 0.65544 0.5351 0.4323 0.29982 0.18509 0.10357 0.05214 0.042463 0.062115 0.083823 0.10395 0.12556 0.15219 0.18557 0.22539 0.27012 0.31771 0.36607 0.41329 0.45777 0.49839 0.53458 0.56631 0.59396 0.61817 0.6397 0.65928 0.67757 0.69506 0.71213 0.72902 0.74589 0.76281 0.77981 0.79689 0.81405 0.83129 0.84863 0.86605 0.88355 0.90107 0.91846 0.93543
0.20684 0.22515 0.52388 0.71712 0.85673 0.83582 0.67867 0.56082 0.45123 0.30638 0.181 0.091809 0.035793 0.03771 0.065981 0.090445 0.11128 0.13221 0.157 0.18784 0.2249 0.26697 0.31216 0.35845 0.4039 0.44691 0.48634 0.52159 0.55261 0.57976 0.60368 0.6251 0.64474 0.66324 0.68107 0.69859 0.71603 0.73352 0.7511 0.7688 0.7866 0.80448 0.82244 0.84048 0.85859 0.87677 0.89495 0.91299 0.93062
0.16705 0.16889 0.49942 0.67043 0.83033 0.82919 0.68922 0.57959 0.4663 0.31099 0.17631 0.080217 0.017265 0.038421 0.072141 0.097991 0.11899 0.13911 0.16215 0.19057 0.22495 0.26439 0.30717 0.35134 0.39497 0.43646 0.47464 0.5089 0.53916 0.56577 0.58936 0.61063 0.6303 0.64897 0.66712 0.68508 0.70305 0.72114 0.73938 0.75777 0.77628 0.79488 0.81354 0.83228 0.85107 0.86991 0.88875 0.90744 0.9257
0.23701 0.19908 0.45974 0.61124 0.78998 0.80585 0.68882 0.59315 0.47935 0.31567 0.17338 0.072401 0.0060577 0.04588 0.080478 0.10636 0.12698 0.14612 0.16747 0.1936 0.22539 0.26225 0.30264 0.34468 0.38647 0.42639 0.46328 0.4965 0.52596 0.55199 0.5752 0.59629 0.61595 0.63479 0.65323 0.6716 0.69009 0.70877 0.72766 0.74674 0.76594 0.78525 0.80461 0.82403 0.84349 0.86299 0.88247 0.9018 0.9207
0.24403 0.2487 0.40233 0.54485 0.73944 0.76823 0.67977 0.60356 0.49246 0.32264 0.1749 0.073139 0.027433 0.058526 0.090657 0.11542 0.13514 0.15312 0.17281 0.19677 0.22611 0.26047 0.2985 0.33842 0.37835 0.41668 0.45224 0.48438 0.513 0.53841 0.56121 0.58209 0.60172 0.62069 0.63941 0.65818 0.67717 0.69643 0.71596 0.7357 0.7556 0.7756 0.79565 0.81575 0.83587 0.85602 0.87613 0.89608 0.91561
0.1865 0.27475 0.32386 0.47827 0.68208 0.71881 0.66461 0.61295 0.50761 0.33397 0.18314 0.08491 0.051461 0.074322 0.10226 0.12499 0.14336 0.16002 0.17807 0.19998 0.22699 0.25895 0.29469 0.33251 0.37058 0.40731 0.44151 0.47254 0.50028 0.52504 0.5474 0.56804 0.58762 0.60669 0.62566 0.64482 0.6643 0.68413 0.70428 0.72468 0.74526 0.76594 0.78668 0.80744 0.82822 0.849 0.86974 0.8903 0.91044
0.12334 0.27875 0.22302 0.41949 0.62029 0.65969 0.64583 0.62318 0.5264 0.3511 0.19914 0.10577 0.076671 0.091929 0.11488 0.13493 0.15156 0.16674 0.18315 0.20312 0.22793 0.25762 0.29114 0.3269 0.36313 0.39825 0.43107 0.46096 0.4878 0.51188 0.53377 0.55415 0.57364 0.5928 0.61201 0.63154 0.65149 0.67187 0.69264 0.71369 0.73494 0.75629 0.77769 0.79912 0.82054 0.84194 0.86329 0.88446 0.90519
0.15177 0.27754 0.1023 0.37565 0.55515 0.59248 0.62577 0.63566 0.54978 0.37458 0.22243 0.13239 0.1026 0.11054 0.12815 0.14504 0.15963 0.1732 0.18799 0.20612 0.22888 0.2564 0.28779 0.32155 0.35596 0.38947 0.42091 0.44964 0.47555 0.49893 0.52033 0.54041 0.5598 0.57903 0.59847 0.61835 0.63875 0.65968 0.68104 0.70273 0.72464 0.74666 0.76872 0.79078 0.81283 0.83486 0.8568 0.87856 0.89988
0.25218 0.29726 0.024363 0.34996 0.48664 0.51849 0.60665 0.65128 0.57796 0.404 0.25157 0.16227 0.12884 0.12961 0.14174 0.15518 0.1675 0.17935 0.19252 0.20892 0.22976 0.25525 0.2846 0.31642 0.34904 0.38095 0.41101 0.43858 0.46354 0.48619 0.50708 0.52685 0.54611 0.56539 0.58504 0.60525 0.6261 0.64756 0.66951 0.69183 0.71437 0.73704 0.75975 0.78245 0.80512 0.82774 0.85028 0.87262 0.89451
0.38211 0.36095 0.16458 0.33942 0.41419 0.43937 0.59078 0.6704 0.61045 0.43827 0.28476 0.19378 0.15504 0.14874 0.15539 0.16519 0.17508 0.18513 0.19671 0.21146 0.23052 0.2541 0.28153 0.31147 0.34235 0.37268 0.40135 0.42775 0.45175 0.47366 0.49401 0.51345 0.53258 0.55189 0.57172 0.59226 0.61354 0.63552 0.65804 0.68097 0.70415 0.72746 0.7508 0.77412 0.7974 0.82061 0.84373 0.86663 0.88909
0.53851 0.46404 0.28907 0.33699 0.33776 0.35847 0.58063 0.69297 0.64625 0.47588 0.32031 0.2258 0.18082 0.16762 0.16886 0.17493 0.1823 0.1905 0.20052 0.21373 0.23112 0.25293 0.27853 0.30667 0.33585 0.36463 0.39193 0.41715 0.44018 0.46133 0.48114 0.50023 0.5192 0.53853 0.55854 0.57939 0.60109 0.62356 0.64665 0.67018 0.69399 0.71792 0.74188 0.76581 0.78968 0.81347 0.83715 0.86061 0.88362
0.70289 0.5794 0.39476 0.33707 0.26014 0.28387 0.57874 0.71863 0.68408 0.51524 0.35673 0.25752 0.20588 0.18597 0.18194 0.18429 0.18908 0.19542 0.20393 0.21568 0.23154 0.2517 0.27558 0.30201 0.32954 0.3568 0.38273 0.40677 0.42883 0.44921 0.46846 0.48719 0.50599 0.52533 0.5455 0.56664 0.58875 0.61171 0.63535 0.65947 0.68388 0.70842 0.73299 0.75752 0.78197 0.80633 0.83056 0.85456 0.8781
0.83777 0.67903 0.47759 0.33965 0.19307 0.23446 0.58728 0.74678 0.72255 0.55483 0.39281 0.28829 0.22991 0.20359 0.19448 0.19316 0.19537 0.19987 0.20691 0.2173 0.23175 0.25038 0.27265 0.29744 0.32338 0.34915 0.37374 0.39661 0.4177 0.4373 0.45597 0.47433 0.49294 0.51227 0.53259 0.55402 0.57652 0.59996 0.62413 0.64883 0.67383 0.69898 0.72414 0.74926 0.77427 0.79918 0.82395 0.84848 0.87255
0.91045 0.74553 0.53976 0.35056 0.16971 0.23849 0.60735 0.77662 0.76027 0.59326 0.42755 0.31758 0.25266 0.22027 0.20633 0.20144 0.20113 0.20381 0.20945 0.21858 0.23173 0.24896 0.26972 0.29296 0.31737 0.34168 0.36495 0.38666 0.40677 0.42559 0.44368 0.46165 0.48007 0.49938 0.51984 0.54154 0.56442 0.58832 0.61302 0.63828 0.66387 0.6896 0.71534 0.74102 0.7666 0.79205 0.81734 0.84239 0.86697
0.90883 0.77377 0.5869 0.37704 0.21857 0.30001 0.63855 0.80717 0.79596 0.62937 0.46014 0.34496 0.2739 0.23587 0.21737 0.20907 0.20631 0.20724 0.21155 0.21952 0.23149 0.24743 0.26678 0.28855 0.31148 0.33438 0.35635 0.37691 0.39604 0.41408 0.43158 0.44916 0.46738 0.48666 0.50724 0.5292 0.55245 0.57681 0.60202 0.62782 0.65398 0.68028 0.7066 0.73283 0.75895 0.78492 0.81073 0.83628 0.86136
0.83827 0.76601 0.62273 0.4211 0.31253 0.39427 0.67885 0.83731 0.82849 0.66218 0.48995 0.37011 0.29347 0.25024 0.2275 0.21597 0.21087 0.21014 0.21321 0.22011 0.23101 0.24577 0.26382 0.28419 0.30571 0.32724 0.34793 0.36736 0.38552 0.40278 0.41968 0.43686 0.45486 0.4741 0.4948 0.517 0.54061 0.56541 0.59113 0.61747 0.64417 0.67104 0.6979 0.72468 0.75132 0.77781 0.80412 0.83016 0.85573
0.71013 0.72596 0.64489 0.47732 0.42265 0.50093 0.72507 0.86578 0.85684 0.69092 0.51648 0.39276 0.31121 0.26331 0.23666 0.22211 0.2148 0.2125 0.21442 0.22036 0.23029 0.24398 0.26082 0.27988 0.30005 0.32024 0.33969 0.35799 0.37519 0.39167 0.40798 0.42475 0.44252 0.46171 0.48252 0.50497 0.52892 0.55415 0.58035 0.60721 0.63446 0.66187 0.68928 0.71658 0.74374 0.77072 0.79752 0.82403 0.85007
0.53793 0.65762 0.64547 0.53673 0.53547 0.60869 0.77342 0.89128 0.88021 0.715 0.53939 0.41272 0.32703 0.27499 0.24479 0.22744 0.21807 0.21433 0.21519 0.22027 0.22935 0.24206 0.25778 0.27561 0.29447 0.31338 0.33161 0.34881 0.36506 0.38075 0.39646 0.41282 0.43037 0.4495 0.47041 0.49309 0.51738 0.54303 0.5697 0.59707 0.62485 0.65279 0.68072 0.70854 0.73619 0.76366 0.79093 0.81791 0.84441
0.34217 0.56827 0.6154 0.59154 0.64367 0.71056 0.82011 0.9125 0.89791 0.734 0.55843 0.42989 0.34086 0.28523 0.25184 0.23194 0.22068 0.21561 0.21554 0.21987 0.22818 0.24002 0.25471 0.27136 0.28899 0.30665 0.32369 0.33981 0.35512 0.37003 0.38514 0.40109 0.4184 0.43747 0.45846 0.48137 0.50599 0.53204 0.55918 0.58704 0.61533 0.64379 0.67223 0.70055 0.72869 0.75663 0.78435 0.81178 0.83873
0.15425 0.46971 0.54931 0.63773 0.74233 0.80157 0.86168 0.92826 0.90945 0.74766 0.57348 0.4442 0.35266 0.294 0.2578 0.23559 0.22262 0.21637 0.21548 0.21915 0.2268 0.23785 0.25159 0.26715 0.28359 0.30005 0.31592 0.33098 0.34536 0.3595 0.37402 0.38954 0.40662 0.42562 0.4467 0.46981 0.49475 0.5212 0.54879 0.57714 0.60592 0.63488 0.66381 0.69262 0.72123 0.74963 0.7778 0.80567 0.83305
0.062202 0.37397 0.44895 0.67542 0.82784 0.878 0.89524 0.93754 0.91451 0.75587 0.58451 0.45565 0.36245 0.30131 0.26265 0.2384 0.22391 0.21661 0.21501 0.21813 0.22522 0.23557 0.24843 0.26296 0.27827 0.29356 0.30831 0.32232 0.33579 0.34916 0.36308 0.37819 0.39502 0.41395 0.4351 0.45842 0.48367 0.51051 0.53853 0.56735 0.59662 0.62606 0.65548 0.68476 0.71382 0.74267 0.77127 0.79956 0.82736
0.14451 0.2888 0.32779 0.70784 0.89764 0.93714 0.91858 0.93957 0.91292 0.75863 0.59158 0.4643 0.37024 0.30715 0.26641 0.24036 0.22453 0.21634 0.21417 0.21684 0.22344 0.23318 0.24523 0.25879 0.27302 0.28719 0.30084 0.31384 0.32639 0.33901 0.35234 0.36702 0.38361 0.40246 0.42369 0.44721 0.47276 0.49997 0.52842 0.55769 0.58743 0.61735 0.64723 0.67696 0.70647 0.73575 0.76477 0.79347 0.82168
0.20368 0.22685 0.22886 0.73912 0.94999 0.97721 0.93022 0.93384 0.90466 0.75607 0.59481 0.47023 0.37609 0.31157 0.26908 0.24149 0.22452 0.21559 0.21296 0.21529 0.2215 0.23069 0.24201 0.25465 0.26785 0.28094 0.29352 0.30551 0.31718 0.32905 0.34178 0.35605 0.37239 0.39116 0.41245 0.43616 0.46201 0.48958 0.51844 0.54816 0.57836 0.60873 0.63907 0.66924 0.69918 0.72887 0.75829 0.78739 0.816
0.24725 0.22809 0.24757 0.7719 0.98391 0.9974 0.9294 0.92017 0.8899 0.74842 0.59439 0.47359 0.38008 0.3146 0.27069 0.2418 0.22389 0.21437 0.21141 0.21349 0.2194 0.22811 0.23875 0.25054 0.26275 0.27479 0.28633 0.29735 0.30814 0.31927 0.33142 0.34526 0.36135 0.38004 0.40139 0.42529 0.45142 0.47935 0.50861 0.53876 0.5694 0.60022 0.63099 0.66159 0.69194 0.72203 0.75185 0.78133 0.81032
0.31896 0.31455 0.37725 0.80582 0.9991 0.99779 0.91604 0.89865 0.8689 0.73599 0.59059 0.47452 0.3823 0.31629 0.27127 0.24132 0.22265 0.21271 0.20954 0.21148 0.21715 0.22546 0.23548 0.24645 0.25772 0.26875 0.27929 0.28935 0.29928 0.30967 0.32124 0.33466 0.35051 0.3691 0.39052 0.4146 0.441 0.46928 0.49893 0.5295 0.56056 0.59181 0.62301 0.65402 0.68477 0.71525 0.74545 0.7753 0.80466
0.42792 0.44473 0.53304 0.8377 0.99589 0.97927 0.89067 0.86967 0.84208 0.71917 0.58369 0.47323 0.38287 0.31671 0.27086 0.24008 0.22084 0.21063 0.20737 0.20926 0.21478 0.22273 0.23219 0.2424 0.25276 0.26283 0.27238 0.2815 0.29059 0.30026 0.31124 0.32425 0.33985 0.35835 0.37983 0.40409 0.43076 0.45937 0.4894 0.52037 0.55185 0.58351 0.61512 0.64652 0.67766 0.70852 0.73908 0.76929 0.79901
0.54392 0.57751 0.6784 0.86298 0.97532 0.94349 0.85435 0.83384 0.80993 0.6984 0.57403 0.46991 0.38188 0.31592 0.26951 0.23811 0.21849 0.20815 0.20494 0.20687 0.2123 0.21996 0.22889 0.23838 0.24789 0.25701 0.2656 0.27381 0.28207 0.29102 0.30143 0.31403 0.32937 0.34779 0.36932 0.39375 0.42069 0.44962 0.48002 0.51138 0.54326 0.57532 0.60732 0.63911 0.67062 0.70184 0.73275 0.76331 0.79337
0.6345 0.68749 0.79867 0.87743 0.93907 0.89268 0.80853 0.79196 0.77303 0.67416 0.56194 0.46478 0.37949 0.314 0.26726 0.23545 0.21562 0.20531 0.20225 0.20432 0.20972 0.21714 0.22559 0.23441 0.24308 0.25129 0.25896 0.26628 0.27372 0.28196 0.29181 0.30399 0.31909 0.33741 0.35899 0.38359 0.41079 0.44004 0.4708 0.50254 0.5348 0.56725 0.59962 0.63178 0.66365 0.69522 0.72647 0.75736 0.78775
0.68019 0.76073 0.88759 0.87838 0.88948 0.82955 0.75499 0.745 0.73203 0.64698 0.54781 0.45807 0.3758 0.31104 0.26417 0.23213 0.21225 0.20213 0.19934 0.20162 0.20707 0.21429 0.2223 0.23047 0.23835 0.24569 0.25246 0.2589 0.26554 0.27308 0.28236 0.29413 0.30898 0.32722 0.34885 0.37362 0.40106 0.43063 0.46173 0.49383 0.52647 0.55929 0.59202 0.62454 0.65675 0.68865 0.72023 0.75144 0.78215
0.67302 0.79352 0.94398 0.86519 0.82944 0.75707 0.6957 0.69399 0.68758 0.61739 0.532 0.45 0.37097 0.30711 0.26029 0.22819 0.20844 0.19863 0.19624 0.19882 0.20436 0.21142 0.21903 0.22659 0.23371 0.24019 0.24609 0.25168 0.25752 0.26438 0.2731 0.28446 0.29907 0.31722 0.3389 0.36382 0.39151 0.42138 0.45281 0.48527 0.51826 0.55144 0.58453 0.61738 0.64993 0.68214 0.71403 0.74555 0.77657
0.61196 0.79097 0.97003 0.83913 0.76226 0.67835 0.63268 0.63999 0.64037 0.58596 0.5149 0.44079 0.36511 0.30229 0.25567 0.22367 0.2042 0.19486 0.19296 0.19591 0.2016 0.20854 0.21578 0.22275 0.22914 0.23481 0.23985 0.2446 0.24967 0.25585 0.26401 0.27497 0.28933 0.30739 0.32912 0.35421 0.38214 0.41229 0.44406 0.47685 0.51019 0.54371 0.57713 0.61031 0.64317 0.6757 0.70789 0.73971 0.77102
0.5014 0.76462 0.96985 0.80288 0.69145 0.59646 0.56799 0.58407 0.59109 0.55324 0.49688 0.43067 0.35837 0.29667 0.25038 0.21862 0.19958 0.19083 0.18954 0.19293 0.19881 0.20566 0.21256 0.21898 0.22466 0.22953 0.23375 0.23768 0.24199 0.24749 0.2551 0.26566 0.27978 0.29775 0.31953 0.34478 0.37294 0.40338 0.43545 0.46858 0.50225 0.53609 0.56984 0.60333 0.63649 0.66931 0.70179 0.73389 0.76549
0.35363 0.72909 0.94812 0.75975 0.62049 0.51429 0.50354 0.52722 0.54038 0.51979 0.47829 0.41984 0.35085 0.29034 0.24446 0.21307 0.1946 0.18659 0.18599 0.18989 0.196 0.20279 0.20937 0.21526 0.22027 0.22437 0.22778 0.23092 0.23447 0.23931 0.24637 0.25653 0.27041 0.2883 0.31013 0.33552 0.36391 0.39463 0.42701 0.46045 0.49444 0.5286 0.56265 0.59644 0.62989 0.66299 0.69575 0.72812 0.75999
0.19977 0.69792 0.90899 0.71309 0.55258 0.4344 0.44111 0.47035 0.48887 0.48618 0.45948 0.40849 0.3427 0.28336 0.23798 0.20706 0.1893 0.18214 0.18235 0.18682 0.19319 0.19994 0.20622 0.21161 0.21597 0.21932 0.22194 0.2243 0.22712 0.2313 0.23782 0.24758 0.26121 0.27902 0.3009 0.32645 0.35507 0.38606 0.41873 0.45247 0.48676 0.52122 0.55556 0.58964 0.62337 0.65674 0.68976 0.72239 0.75452
0.15973 0.6791 0.85557 0.66569 0.49037 0.35894 0.38227 0.41427 0.43715 0.45295 0.44077 0.39681 0.33401 0.27582 0.23098 0.20065 0.18372 0.17754 0.17863 0.18372 0.19039 0.19713 0.20313 0.20803 0.21175 0.21439 0.21625 0.21784 0.21993 0.22345 0.22944 0.2388 0.2522 0.26993 0.29186 0.31756 0.3464 0.37765 0.4106 0.44463 0.47922 0.51396 0.54859 0.58293 0.61692 0.65055 0.68382 0.7167 0.74908
0.29042 0.67236 0.78981 0.61954 0.43575 0.28957 0.3283 0.35968 0.3858 0.42067 0.42245 0.38496 0.32491 0.2678 0.22352 0.19385 0.17788 0.17279 0.17486 0.18062 0.18761 0.19435 0.20009 0.20453 0.20764 0.20958 0.21069 0.21153 0.2129 0.21578 0.22122 0.23019 0.24336 0.26101 0.283 0.30886 0.33791 0.36941 0.40263 0.43694 0.4718 0.50682 0.54171 0.57632 0.61056 0.64443 0.67793 0.71105 0.74367
0.44035 0.67068 0.71291 0.57585 0.38968 0.22735 0.28027 0.30717 0.33535 0.38986 0.40478 0.37309 0.31548 0.25936 0.21565 0.18672 0.17182 0.16794 0.17106 0.17754 0.18487 0.19162 0.19711 0.2011 0.20362 0.20488 0.20527 0.20538 0.20604 0.20828 0.21319 0.22176 0.2347 0.25227 0.27432 0.30033 0.32959 0.36134 0.39482 0.4294 0.46453 0.4998 0.53494 0.56979 0.60427 0.63837 0.6721 0.70545 0.7383
0.5648 0.665 0.6258 0.53524 0.35216 0.17272 0.23897 0.25731 0.28636 0.36107 0.388 0.36133 0.30582 0.25057 0.20743 0.17929 0.16556 0.16302 0.16726 0.17448 0.18217 0.18894 0.19419 0.19775 0.1997 0.2003 0.19998 0.19938 0.19934 0.20094 0.20532 0.2135 0.2262 0.24371 0.26582 0.29198 0.32145 0.35343 0.38717 0.422 0.45738 0.4929 0.52828 0.56336 0.59806 0.63238 0.66633 0.69989 0.73296
0.65462 0.64895 0.52974 0.49808 0.32244 0.12551 0.20497 0.2107 0.23948 0.33484 0.3723 0.34978 0.29602 0.2415 0.19888 0.17159 0.15915 0.15804 0.16347 0.17147 0.17952 0.18632 0.19134 0.19448 0.19588 0.19585 0.19484 0.19353 0.19281 0.19378 0.19761 0.2054 0.21788 0.23532 0.25749 0.2838 0.31348 0.3457 0.37968 0.41475 0.45036 0.48612 0.52172 0.55702 0.59193 0.62646 0.66061 0.69438 0.72765
