0.30782 0.31946 0.26009 0.20586 0.1573 0.27309 0.40526 0.38247 0.33461 0.27967 0.22214 0.17401 0.15511 0.17014 0.19819 0.22128 0.2329 0.233 0.22404 0.2089 0.18994 0.16894 0.14764 0.12771 0.1103 0.096063 0.085379 0.078351 0.074685 0.073693 0.074492 0.076261 0.078389 0.080503 0.082435 0.084175 0.085837 0.087636 0.08987 0.092911 0.097192 0.10319 0.11142 0.12238 0.13654 0.15401 0.17475 0.1991 0.22741
0.74736 0.54084 0.41273 0.49793 0.48569 0.44717 0.42242 0.3415 0.2778 0.20207 0.11759 0.065981 0.10502 0.16164 0.20616 0.23669 0.25434 0.26072 0.25819 0.24932 0.23614 0.22007 0.20239 0.18453 0.16743 0.15145 0.13673 0.12337 0.11137 0.10067 0.091155 0.082632 0.074878 0.067652 0.060711 0.053814 0.046736 0.039281 0.031345 0.02316 0.016413 0.017008 0.02761 0.04399 0.064511 0.088908 0.11712 0.14939 0.18608
0.27849 0.33947 0.40333 0.52883 0.68726 0.8824 0.94794 0.71144 0.52619 0.39455 0.30354 0.24734 0.22059 0.21542 0.22304 0.23583 0.24788 0.25549 0.25735 0.2538 0.24566 0.23371 0.21901 0.20294 0.18654 0.1703 0.15452 0.13949 0.12546 0.11266 0.10125 0.09135 0.082981 0.076106 0.07062 0.066374 0.063211 0.061023 0.059828 0.059841 0.061524 0.065565 0.072759 0.083842 0.099375 0.11954 0.14427 0.17382 0.20843
0.43857 0.46378 0.28708 0.20955 0.27214 0.38802 0.39543 0.25747 0.15859 0.086499 0.054662 0.089972 0.13105 0.1619 0.1877 0.21219 0.23306 0.24692 0.25279 0.2515 0.2442 0.2319 0.21585 0.19766 0.17855 0.1592 0.14011 0.12176 0.10469 0.08946 0.076751 0.067276 0.061641 0.060013 0.0619 0.066375 0.072535 0.079761 0.087745 0.096433 0.10597 0.11664 0.12886 0.14314 0.16004 0.17976 0.20239 0.22852 0.25874
0.7311 0.39396 0.29654 0.38619 0.44341 0.47402 0.45382 0.35121 0.31372 0.30535 0.29985 0.28921 0.27568 0.2661 0.26715 0.27817 0.29072 0.29706 0.29464 0.28439 0.26811 0.24734 0.22362 0.1986 0.17331 0.14816 0.12334 0.099064 0.075553 0.053085 0.032091 0.0144 0.014268 0.029572 0.045719 0.061179 0.075839 0.08981 0.10329 0.11652 0.12979 0.14346 0.1579 0.17357 0.1909 0.20996 0.23068 0.25366 0.27953
0.59341 0.74785 0.60879 0.55139 0.48596 0.36612 0.22274 0.27578 0.35269 0.37287 0.3499 0.30468 0.26655 0.26605 0.30192 0.34483 0.37334 0.38201 0.37452 0.35672 0.33317 0.3065 0.27855 0.25097 0.22464 0.19981 0.17661 0.1553 0.1363 0.12015 0.10743 0.098668 0.09409 0.093464 0.096129 0.10124 0.10801 0.11587 0.12445 0.13359 0.14324 0.15348 0.16446 0.17643 0.18963 0.20396 0.21927 0.23609 0.25503
0.17488 0.264 0.43791 0.44222 0.26263 0.41471 0.76125 0.77967 0.71809 0.65597 0.6099 0.57945 0.55901 0.54167 0.52214 0.49895 0.47383 0.44914 0.42597 0.40385 0.38152 0.35782 0.33272 0.30737 0.28274 0.25924 0.23711 0.2166 0.19799 0.18153 0.16742 0.15579 0.14666 0.13996 0.1355 0.13306 0.13233 0.13304 0.13491 0.13772 0.1413 0.14554 0.15038 0.15584 0.16197 0.16854 0.17538 0.183 0.19204
0.16798 0.25879 0.33248 0.41357 0.47745 0.54775 0.52005 0.35567 0.24897 0.16979 0.10807 0.081438 0.077013 0.069003 0.098816 0.175 0.25634 0.32046 0.3608 0.37939 0.38106 0.37047 0.35193 0.32947 0.30583 0.28236 0.25977 0.23853 0.21896 0.2013 0.18569 0.17222 0.16088 0.15159 0.14423 0.13861 0.13451 0.13168 0.12986 0.12878 0.12818 0.1278 0.12741 0.12679 0.12573 0.12378 0.12066 0.11667 0.11242
0.42975 0.64683 0.62656 0.51651 0.37136 0.24506 0.091673 0.13973 0.1896 0.19545 0.20787 0.25582 0.32063 0.37557 0.41066 0.42963 0.43888 0.44077 0.43515 0.42218 0.40289 0.37859 0.3512 0.32308 0.29583 0.27007 0.24605 0.22397 0.20399 0.18626 0.17087 0.15786 0.14718 0.13871 0.13225 0.12752 0.12423 0.12204 0.1206 0.11959 0.11869 0.11759 0.11599 0.11358 0.10998 0.10456 0.096701 0.086089 0.072325
0.26894 0.21383 0.24458 0.34553 0.4672 0.64575 0.76738 0.65218 0.58069 0.56656 0.58804 0.62281 0.65395 0.66975 0.66356 0.63535 0.59131 0.54025 0.48932 0.4421 0.39916 0.35958 0.32283 0.28917 0.25867 0.23102 0.206 0.18353 0.16374 0.14679 0.13288 0.12212 0.11449 0.10975 0.10752 0.10725 0.10838 0.1104 0.11287 0.11547 0.11794 0.12012 0.12189 0.12319 0.12393 0.12385 0.12276 0.12104 0.11933
0.29116 0.14577 0.19607 0.2615 0.29604 0.30687 0.20836 0.084439 0.2179 0.34346 0.42472 0.4647 0.47568 0.47358 0.46895 0.46237 0.44962 0.42874 0.40135 0.37022 0.33736 0.30381 0.2705 0.23862 0.20877 0.181 0.15531 0.13187 0.11103 0.093384 0.07976 0.071055 0.067739 0.069287 0.074312 0.081303 0.089128 0.097083 0.10479 0.11206 0.11887 0.12529 0.13144 0.13755 0.14382 0.15025 0.15683 0.16416 0.17292
0.25241 0.30362 0.34008 0.30061 0.31665 0.50683 0.65104 0.55192 0.45044 0.36907 0.29309 0.20784 0.11221 0.041165 0.10562 0.1823 0.23876 0.27252 0.28632 0.28471 0.2721 0.25196 0.22731 0.20077 0.17396 0.14756 0.12186 0.097071 0.073379 0.051037 0.030608 0.014948 0.017426 0.031933 0.047143 0.061454 0.074595 0.086548 0.097393 0.10728 0.11641 0.12508 0.13363 0.14249 0.15211 0.16268 0.17436 0.18789 0.20403
0.45057 0.26224 0.19472 0.33177 0.43877 0.57558 0.72106 0.64931 0.55044 0.44692 0.35142 0.27357 0.21884 0.18844 0.18053 0.19147 0.21295 0.23399 0.24713 0.25012 0.24384 0.23021 0.21161 0.19044 0.16834 0.14612 0.12425 0.1031 0.083142 0.06502 0.049914 0.039977 0.037784 0.043029 0.052336 0.062962 0.07356 0.083559 0.092761 0.10119 0.10903 0.11661 0.1244 0.13303 0.1432 0.15539 0.17005 0.18807 0.2103
0.7488 0.47755 0.22864 0.16737 0.25588 0.4587 0.63733 0.5544 0.42976 0.30162 0.17775 0.062374 0.046787 0.13299 0.19744 0.23763 0.2574 0.26315 0.26042 0.25259 0.24125 0.22705 0.21073 0.1934 0.17589 0.15857 0.14169 0.12557 0.11062 0.097326 0.086272 0.078051 0.073088 0.071398 0.072473 0.075449 0.079421 0.083658 0.087693 0.091327 0.094639 0.097995 0.10207 0.10786 0.11656 0.12919 0.14656 0.16953 0.19871
0.17768 0.40764 0.53077 0.60424 0.61393 0.63453 0.63239 0.49082 0.39316 0.3306 0.29071 0.26501 0.25432 0.26052 0.27466 0.28395 0.28299 0.2739 0.26105 0.2474 0.23392 0.22035 0.20649 0.19268 0.1792 0.16605 0.15327 0.14097 0.12935 0.11865 0.10914 0.10108 0.094617 0.089769 0.08635 0.08399 0.08219 0.08043 0.078264 0.07543 0.071968 0.068421 0.06612 0.067393 0.075029 0.090734 0.11457 0.14606 0.18484
0.30647 0.23242 0.36405 0.4032 0.20066 0.066446 0.17739 0.11209 0.070441 0.15075 0.22616 0.27195 0.28863 0.28405 0.26839 0.25065 0.23641 0.22693 0.22056 0.21507 0.20897 0.20154 0.19285 0.18359 0.1743 0.1651 0.15601 0.14706 0.13829 0.12981 0.12173 0.11417 0.10718 0.10078 0.094832 0.089108 0.083241 0.076778 0.06921 0.060027 0.048767 0.035169 0.020111 0.015587 0.035988 0.065749 0.10148 0.143 0.19062
0.27646 0.5132 0.62892 0.69221 0.54557 0.43576 0.38793 0.28857 0.22857 0.20957 0.21616 0.21943 0.20157 0.16272 0.11952 0.10083 0.11636 0.14163 0.16124 0.17268 0.17739 0.17729 0.17413 0.16952 0.16446 0.15927 0.154 0.14859 0.14301 0.13722 0.13127 0.12518 0.11901 0.11277 0.10643 0.09987 0.092931 0.085392 0.077053 0.067854 0.058159 0.049448 0.045605 0.052229 0.070954 0.099347 0.13531 0.17812 0.22768
0.78629 0.76189 0.59735 0.40054 0.1802 0.2754 0.40368 0.36584 0.3231 0.29482 0.27373 0.24929 0.2123 0.16185 0.11057 0.085385 0.098042 0.12114 0.13867 0.14898 0.15398 0.15557 0.15524 0.15422 0.15316 0.15217 0.1511 0.14975 0.14799 0.14571 0.14288 0.13953 0.13572 0.13154 0.12709 0.12245 0.11772 0.11305 0.1087 0.10515 0.10321 0.10412 0.10946 0.12082 0.13935 0.16536 0.19856 0.23896 0.28662
0.43567 0.42329 0.37343 0.30398 0.25307 0.22734 0.23867 0.2576 0.29982 0.33002 0.3409 0.3336 0.30993 0.27374 0.23249 0.19512 0.16756 0.15037 0.14083 0.13615 0.13451 0.13478 0.13629 0.13879 0.14205 0.14566 0.14922 0.15238 0.15494 0.15675 0.15777 0.15805 0.15769 0.15684 0.15568 0.15444 0.15337 0.15278 0.15306 0.1547 0.15836 0.16482 0.175 0.18985 0.21028 0.23658 0.26872 0.30716 0.35231
0.21784 0.22244 0.24818 0.22093 0.24616 0.22582 0.23335 0.25951 0.29457 0.32259 0.33698 0.33296 0.31012 0.27299 0.22914 0.18653 0.15116 0.12598 0.11118 0.1052 0.10566 0.11015 0.11683 0.12468 0.13309 0.14159 0.14978 0.15737 0.16415 0.17004 0.175 0.17911 0.18249 0.18531 0.18782 0.19026 0.19294 0.19621 0.20044 0.2061 0.21372 0.22389 0.23729 0.25468 0.27675 0.30357 0.33496 0.37155 0.41388
0.67833 0.62191 0.54651 0.54476 0.48724 0.46762 0.42727 0.32283 0.29018 0.28917 0.288 0.27303 0.24239 0.20046 0.15359 0.10812 0.070002 0.046545 0.045093 0.057971 0.074003 0.089596 0.10409 0.11766 0.13062 0.14301 0.15478 0.16579 0.17594 0.18517 0.19349 0.20097 0.20772 0.21393 0.2198 0.22559 0.2316 0.23814 0.24557 0.2543 0.26477 0.27749 0.29302 0.31197 0.3349 0.36163 0.39177 0.42597 0.46481
0.50466 0.25683 0.097968 0.11016 0.2224 0.22755 0.11298 0.15927 0.22731 0.25078 0.24718 0.22831 0.20133 0.17035 0.13697 0.10257 0.070992 0.050128 0.048879 0.061965 0.07872 0.095138 0.11044 0.12489 0.13887 0.15249 0.16572 0.17842 0.19049 0.20186 0.21251 0.22248 0.23185 0.24076 0.24938 0.25793 0.26664 0.27579 0.28569 0.29668 0.30914 0.32348 0.34019 0.35975 0.3826 0.40834 0.43637 0.4673 0.50171
0.57643 0.26175 0.19098 0.33532 0.40853 0.42495 0.35694 0.26258 0.23469 0.21227 0.18498 0.16044 0.14722 0.14539 0.14609 0.14188 0.1324 0.12197 0.11515 0.11398 0.11791 0.12528 0.13467 0.14537 0.15706 0.16939 0.18204 0.19472 0.20725 0.21948 0.23134 0.24281 0.25392 0.26475 0.2754 0.28602 0.29678 0.3079 0.3196 0.33215 0.34584 0.36103 0.37807 0.39736 0.41922 0.44301 0.46795 0.49463 0.52354
0.74197 0.88663 0.8858 0.91248 0.79736 0.69164 0.55468 0.34355 0.22684 0.15298 0.092435 0.040299 0.043046 0.088099 0.12599 0.14939 0.15909 0.15991 0.15741 0.1555 0.15596 0.15896 0.16414 0.17126 0.18008 0.19019 0.20122 0.21284 0.2248 0.23692 0.2491 0.26124 0.27333 0.28537 0.2974 0.30948 0.32171 0.33421 0.34714 0.36067 0.37501 0.39039 0.40707 0.42534 0.44537 0.46634 0.48729 0.50874 0.53112
0.55299 0.68528 0.73334 0.7523 0.61171 0.52388 0.46585 0.32585 0.23275 0.17015 0.1251 0.093783 0.083337 0.09817 0.12393 0.14686 0.16227 0.17104 0.17595 0.17942 0.18278 0.18649 0.19079 0.19616 0.20292 0.21102 0.22026 0.23045 0.24138 0.25289 0.26485 0.27714 0.28968 0.30242 0.31534 0.32843 0.3417 0.35518 0.36892 0.38301 0.39755 0.41265 0.42846 0.44514 0.46271 0.48015 0.49638 0.51178 0.52675
0.25701 0.12124 0.25262 0.29943 0.15577 0.092234 0.2072 0.20638 0.17504 0.14814 0.13199 0.12309 0.11862 0.11935 0.12628 0.13822 0.15283 0.16779 0.18134 0.19253 0.2012 0.2076 0.21251 0.21716 0.22253 0.22902 0.23672 0.24557 0.25546 0.26626 0.27782 0.29004 0.30278 0.31597 0.32953 0.34336 0.35742 0.37164 0.38598 0.40039 0.41488 0.42943 0.44408 0.45883 0.47357 0.48708 0.49812 0.50697 0.51389
0.30896 0.25957 0.20914 0.21509 0.15539 0.099827 0.10532 0.094871 0.070683 0.059899 0.067245 0.075565 0.079449 0.083576 0.094513 0.11442 0.13993 0.16581 0.18815 0.20529 0.21724 0.22484 0.22955 0.23323 0.23733 0.24252 0.24904 0.2569 0.26602 0.27629 0.28757 0.29974 0.31269 0.32629 0.34043 0.35497 0.36977 0.38469 0.39957 0.41427 0.42866 0.44263 0.45606 0.46884 0.48068 0.49021 0.49602 0.49824 0.49697
0.21639 0.14073 0.11044 0.12482 0.087777 0.10316 0.114 0.078335 0.039577 0.010164 0.018491 0.019497 0.0038178 0.028418 0.068634 0.11165 0.15139 0.18392 0.20793 0.22407 0.23391 0.23916 0.24172 0.24364 0.24641 0.25063 0.25644 0.2638 0.27259 0.28268 0.29396 0.30631 0.31963 0.33379 0.34865 0.36402 0.37969 0.39543 0.41099 0.42611 0.44056 0.45411 0.46653 0.47757 0.48683 0.49274 0.49376 0.48986 0.48094
0.093158 0.098374 0.16828 0.12927 0.074744 0.10759 0.1206 0.074749 0.033463 0.024424 0.047412 0.066325 0.082196 0.10341 0.13422 0.16959 0.20132 0.22452 0.23872 0.24589 0.24847 0.24843 0.24753 0.24745 0.24922 0.25303 0.25877 0.26621 0.27517 0.28551 0.29714 0.30999 0.32397 0.33897 0.35482 0.37128 0.38809 0.40491 0.42141 0.43724 0.45205 0.46553 0.47735 0.48718 0.49447 0.49757 0.49476 0.48591 0.47074
0.6836 0.37908 0.26026 0.26088 0.20832 0.18416 0.1747 0.1316 0.10558 0.09925 0.11086 0.1344 0.16425 0.19586 0.22536 0.24896 0.26356 0.2687 0.26673 0.26107 0.25456 0.24887 0.24504 0.2439 0.24566 0.24998 0.25638 0.26448 0.27408 0.28507 0.29742 0.31113 0.32614 0.34234 0.35954 0.37746 0.39575 0.414 0.43179 0.44869 0.46428 0.47817 0.48997 0.49928 0.50551 0.50689 0.50166 0.48963 0.47043
0.62244 0.30787 0.25436 0.26834 0.20071 0.17941 0.20626 0.18177 0.15633 0.14575 0.15854 0.19235 0.23591 0.27622 0.3037 0.31446 0.31003 0.2955 0.27704 0.25964 0.24617 0.23742 0.23321 0.23311 0.23642 0.24228 0.25001 0.25923 0.26982 0.28179 0.29522 0.31016 0.3266 0.34442 0.36338 0.38316 0.40331 0.42338 0.44284 0.46122 0.47803 0.49285 0.50526 0.51485 0.52102 0.52197 0.51593 0.50278 0.48223
0.37324 0.31015 0.24968 0.18039 0.067135 0.075993 0.16716 0.14735 0.11405 0.12368 0.17483 0.23798 0.29616 0.33784 0.35559 0.34888 0.3242 0.29151 0.26002 0.23564 0.22049 0.21367 0.21301 0.2166 0.22301 0.2312 0.24065 0.25121 0.26298 0.27617 0.29098 0.30753 0.32582 0.34569 0.36685 0.38888 0.41129 0.43352 0.45502 0.47525 0.49372 0.50997 0.5236 0.53423 0.5413 0.54305 0.53775 0.52545 0.50607
0.36588 0.15583 0.10492 0.21526 0.19743 0.16622 0.15271 0.075243 0.03416 0.12574 0.21576 0.2924 0.34871 0.37777 0.37592 0.34674 0.30109 0.25269 0.21305 0.18851 0.17926 0.18081 0.18791 0.19732 0.2076 0.21825 0.22931 0.24111 0.25409 0.26868 0.28518 0.30374 0.32431 0.34667 0.37043 0.39509 0.42007 0.44477 0.4686 0.49099 0.51145 0.52953 0.5449 0.55722 0.566 0.56955 0.56623 0.55631 0.54001
0.53077 0.37584 0.27879 0.30738 0.31025 0.31751 0.31495 0.24862 0.22788 0.25642 0.30916 0.36063 0.39405 0.39876 0.37115 0.3169 0.24958 0.18566 0.14031 0.12325 0.12994 0.14645 0.1637 0.17901 0.19243 0.20471 0.21676 0.22947 0.24363 0.25981 0.27835 0.29935 0.32264 0.34789 0.37459 0.40217 0.42997 0.45735 0.48369 0.50844 0.53111 0.55132 0.56878 0.58323 0.59429 0.60035 0.59984 0.59328 0.58115
0.2894 0.37708 0.30993 0.3124 0.4106 0.52087 0.57808 0.48017 0.42127 0.40372 0.41318 0.43038 0.43601 0.41585 0.36474 0.2884 0.20043 0.11627 0.053395 0.053573 0.090379 0.12269 0.14691 0.16485 0.17896 0.19126 0.20339 0.21666 0.23203 0.2501 0.27113 0.29502 0.32146 0.34993 0.37984 0.4105 0.44124 0.47137 0.5003 0.52748 0.55247 0.57494 0.59467 0.6115 0.62517 0.6341 0.63683 0.63406 0.62652
0.25862 0.28845 0.17612 0.27102 0.45509 0.64027 0.76461 0.65008 0.56189 0.51654 0.50119 0.49753 0.486 0.45139 0.38801 0.30174 0.20663 0.11853 0.055638 0.056438 0.09068 0.11986 0.14077 0.15562 0.16716 0.17773 0.18917 0.20289 0.21978 0.24027 0.26431 0.29157 0.3215 0.35342 0.38665 0.42043 0.45408 0.48692 0.51838 0.54793 0.57521 0.59993 0.62195 0.64122 0.65757 0.66948 0.67552 0.67656 0.67352
0.63821 0.5506 0.41353 0.37103 0.44373 0.6545 0.8238 0.71198 0.62074 0.57665 0.56313 0.55967 0.54726 0.51187 0.44869 0.36435 0.27411 0.19539 0.14259 0.12182 0.12377 0.13308 0.14187 0.14891 0.15545 0.16324 0.17386 0.18848 0.20762 0.23125 0.25891 0.28994 0.32356 0.35899 0.39547 0.43225 0.46865 0.50402 0.53782 0.56958 0.59898 0.62582 0.65001 0.67161 0.69053 0.70528 0.71445 0.71905 0.72009
0.39026 0.26387 0.12977 0.096895 0.35593 0.60663 0.74903 0.64079 0.58084 0.57351 0.58892 0.60507 0.60581 0.5799 0.52389 0.4446 0.35696 0.27727 0.21669 0.17829 0.1578 0.14779 0.14269 0.14047 0.14142 0.14669 0.15742 0.17416 0.19672 0.22436 0.25615 0.29113 0.32842 0.36719 0.40668 0.44618 0.48502 0.52263 0.55848 0.59218 0.62346 0.65216 0.6783 0.70198 0.72322 0.74052 0.75247 0.76016 0.76471
0.13629 0.19827 0.28538 0.3439 0.41946 0.51916 0.52625 0.43675 0.45568 0.51568 0.57612 0.62218 0.64386 0.63327 0.58784 0.51393 0.42607 0.34068 0.2693 0.21596 0.17884 0.1536 0.13656 0.12623 0.1229 0.12755 0.14063 0.16152 0.18886 0.22122 0.25732 0.29614 0.33679 0.3785 0.42057 0.46235 0.50323 0.54266 0.58021 0.6155 0.64831 0.67857 0.70633 0.73177 0.75496 0.77441 0.78867 0.79891 0.80629
0.11543 0.19589 0.38194 0.49784 0.47232 0.3902 0.20258 0.17075 0.31846 0.44101 0.53804 0.61041 0.65337 0.66031 0.62751 0.55983 0.47149 0.38002 0.29862 0.23303 0.18307 0.14604 0.1196 0.10344 0.098888 0.10689 0.12598 0.1533 0.18639 0.22355 0.26363 0.30573 0.34912 0.39317 0.43724 0.48076 0.52318 0.56399 0.60279 0.63927 0.67325 0.70468 0.73369 0.76051 0.78524 0.80637 0.82242 0.83461 0.84411
0.61574 0.51965 0.5145 0.61863 0.58379 0.46815 0.27968 0.18432 0.2784 0.39108 0.49336 0.57803 0.63746 0.66167 0.64267 0.58229 0.49436 0.39794 0.30823 0.23265 0.17226 0.12533 0.090782 0.070993 0.071087 0.089416 0.11838 0.15315 0.19163 0.23276 0.27585 0.32032 0.36563 0.41126 0.45667 0.50133 0.54473 0.58643 0.62603 0.66327 0.69799 0.73021 0.76007 0.78784 0.81366 0.83599 0.85329 0.86681 0.87775
0.23588 0.25961 0.49628 0.715 0.72385 0.62606 0.47337 0.31894 0.30772 0.3676 0.45039 0.53454 0.60555 0.6462 0.64146 0.58917 0.50278 0.40298 0.30691 0.22335 0.1541 0.097603 0.05279 0.029939 0.050524 0.085709 0.12397 0.16413 0.20601 0.24945 0.29421 0.33993 0.38621 0.43262 0.47866 0.52383 0.56768 0.60975 0.64969 0.68725 0.72231 0.7549 0.7852 0.8135 0.83996 0.86299 0.88101 0.89528 0.907
0.45969 0.35797 0.48782 0.72888 0.72564 0.58515 0.43172 0.31886 0.30767 0.34232 0.40565 0.4868 0.56876 0.62586 0.63542 0.59172 0.50826 0.40729 0.3076 0.21917 0.14457 0.082685 0.033066 0.026853 0.06481 0.10487 0.14539 0.18682 0.22945 0.27333 0.31833 0.36418 0.41051 0.45691 0.5029 0.548 0.59174 0.6337 0.67353 0.711 0.74599 0.77856 0.8089 0.83731 0.86397 0.88723 0.90546 0.91992 0.93181
0.24701 0.35223 0.54056 0.73179 0.63629 0.3898 0.20448 0.23018 0.26576 0.29798 0.35438 0.44065 0.53759 0.61171 0.63503 0.60029 0.5216 0.42255 0.32329 0.23519 0.16275 0.10867 0.079775 0.083443 0.10895 0.14277 0.18005 0.21947 0.26067 0.30342 0.34744 0.39243 0.43799 0.48367 0.52899 0.57347 0.61662 0.65802 0.69733 0.73431 0.76886 0.80103 0.83103 0.85917 0.88562 0.90867 0.92663 0.94079 0.9523
0.26501 0.41456 0.6523 0.80603 0.62668 0.32916 0.059557 0.16156 0.20429 0.23356 0.29915 0.40458 0.52124 0.61135 0.64658 0.62062 0.54857 0.45473 0.35997 0.27675 0.21108 0.16644 0.14548 0.14698 0.16452 0.1914 0.22367 0.25947 0.2979 0.3384 0.38054 0.4239 0.46801 0.51238 0.55651 0.59989 0.64201 0.68245 0.72086 0.75699 0.79075 0.82219 0.85151 0.87903 0.90489 0.92734 0.94462 0.95802 0.96866
0.44773 0.67726 0.8621 0.91451 0.68706 0.43465 0.22708 0.14407 0.12807 0.15818 0.25723 0.39199 0.52674 0.62768 0.6708 0.65233 0.58803 0.50178 0.41401 0.3372 0.27743 0.23717 0.21674 0.21411 0.22522 0.24583 0.27285 0.30441 0.33936 0.37695 0.41659 0.45774 0.49989 0.54249 0.585 0.62687 0.6676 0.70674 0.74392 0.7789 0.81157 0.84197 0.87032 0.8969 0.92185 0.94334 0.95958 0.97182 0.98118
0.87644 0.98477 0.98022 0.90261 0.66808 0.46673 0.26511 0.1009 0.023497 0.12373 0.26404 0.41607 0.5564 0.6584 0.7033 0.68991 0.63366 0.55648 0.47697 0.40666 0.35111 0.31222 0.28993 0.28283 0.28827 0.30323 0.32518 0.35235 0.38354 0.41785 0.4546 0.49317 0.53299 0.57346 0.61401 0.65407 0.69311 0.73066 0.76634 0.79989 0.83122 0.86034 0.88744 0.91282 0.93658 0.95682 0.97171 0.98247 0.99018
0.80864 0.91781 0.84807 0.7181 0.56706 0.45615 0.29402 0.13817 0.12758 0.21074 0.33657 0.47671 0.60474 0.69618 0.73613 0.72525 0.67734 0.61072 0.54079 0.47743 0.42566 0.38731 0.36273 0.35145 0.35188 0.36174 0.37894 0.40182 0.42917 0.46005 0.49371 0.52947 0.56671 0.60481 0.64315 0.68116 0.71827 0.754 0.78796 0.81988 0.84964 0.87727 0.90293 0.92688 0.94921 0.96798 0.98125 0.99026 0.99605
0.51775 0.63017 0.54766 0.41309 0.45044 0.48609 0.43059 0.31279 0.30041 0.35379 0.44688 0.55706 0.65858 0.72969 0.75945 0.7499 0.7118 0.6581 0.59981 0.54468 0.4973 0.45986 0.43343 0.41859 0.41467 0.42001 0.43283 0.45163 0.47523 0.50268 0.53317 0.566 0.60053 0.63609 0.67206 0.70784 0.74284 0.77658 0.80866 0.83878 0.86682 0.89279 0.91683 0.9392 0.95992 0.97701 0.98848 0.99554 0.99918
0.26556 0.46976 0.30818 0.064802 0.35218 0.51941 0.58752 0.49853 0.47224 0.49964 0.55969 0.63353 0.70076 0.74587 0.76348 0.75683 0.73204 0.69485 0.65091 0.60579 0.56396 0.52828 0.50079 0.48316 0.4756 0.47699 0.48588 0.5009 0.52092 0.54501 0.57236 0.60224 0.63399 0.66693 0.70043 0.73386 0.76665 0.79828 0.82834 0.85655 0.88274 0.90693 0.92924 0.94988 0.96887 0.98415 0.99369 0.99865 0.99999
0.78012 0.60832 0.4271 0.26503 0.32186 0.51688 0.69209 0.64596 0.61557 0.62088 0.64886 0.68459 0.71464 0.73251 0.74024 0.74175 0.73611 0.71993 0.69319 0.65981 0.62469 0.59169 0.56399 0.54436 0.53387 0.53191 0.53732 0.5489 0.56559 0.58648 0.61077 0.63774 0.66671 0.69701 0.728 0.75903 0.78953 0.81897 0.84695 0.87315 0.89742 0.91975 0.94024 0.95908 0.97625 0.98963 0.99714 0.99992 0.99886
0.47255 0.52628 0.40173 0.27465 0.2828 0.49264 0.74256 0.73985 0.71324 0.70056 0.69759 0.69497 0.68769 0.68073 0.68533 0.70427 0.72551 0.73488 0.72754 0.70699 0.67932 0.64972 0.62255 0.60165 0.58891 0.58418 0.58659 0.59509 0.60872 0.62662 0.648 0.67215 0.6984 0.72608 0.75455 0.78317 0.81135 0.83858 0.86442 0.88858 0.91089 0.93131 0.94994 0.96694 0.98224 0.99368 0.99914 0.9997 0.99621
0.22366 0.32114 0.23119 0.03883 0.22369 0.48608 0.76482 0.78505 0.76165 0.73289 0.6995 0.65812 0.61378 0.58657 0.59954 0.64906 0.70537 0.74335 0.75603 0.74831 0.72819 0.70233 0.67623 0.6547 0.64032 0.63339 0.63326 0.63908 0.64995 0.66508 0.68372 0.70519 0.72881 0.75394 0.77993 0.80616 0.83203 0.85704 0.88075 0.90285 0.92318 0.94169 0.95845 0.9736 0.98704 0.99654 0.99995 0.99831 0.9924
0.3377 0.30348 0.29747 0.22755 0.29359 0.51711 0.77624 0.7951 0.76948 0.72444 0.66032 0.57838 0.49451 0.4517 0.49095 0.58718 0.68407 0.75031 0.78129 0.78508 0.77188 0.74972 0.72501 0.70335 0.68788 0.67925 0.67706 0.68056 0.68899 0.70161 0.71771 0.73664 0.75776 0.78042 0.80401 0.82789 0.8515 0.87431 0.89591 0.91599 0.93435 0.95096 0.96587 0.9792 0.9908 0.99841 0.99982 0.99604 0.98778
0.14727 0.27019 0.32818 0.34513 0.38329 0.55301 0.77885 0.78644 0.75489 0.69386 0.59986 0.47486 0.34152 0.28397 0.38048 0.53679 0.67176 0.76081 0.80584 0.81856 0.81102 0.79217 0.76898 0.74756 0.73147 0.72162 0.71778 0.71935 0.72565 0.73601 0.74979 0.76636 0.78511 0.80542 0.82669 0.84831 0.86971 0.89039 0.90992 0.92801 0.94446 0.95921 0.97232 0.98388 0.9937 0.99949 0.99899 0.99317 0.98267
0.26439 0.23628 0.21807 0.30729 0.39511 0.5607 0.77471 0.77718 0.74137 0.66893 0.55262 0.39082 0.19358 0.10728 0.31428 0.51971 0.67729 0.77864 0.83146 0.84968 0.84614 0.82998 0.80829 0.7874 0.77109 0.76044 0.75535 0.75534 0.75981 0.76818 0.77984 0.79423 0.81077 0.82886 0.84793 0.86738 0.88665 0.90526 0.92279 0.93895 0.95355 0.96651 0.97789 0.98775 0.99589 0.99995 0.99766 0.98993 0.97735
0.2431 0.12882 0.055355 0.21447 0.34787 0.54223 0.77401 0.78368 0.7499 0.67652 0.55677 0.39157 0.20006 0.14986 0.34749 0.54897 0.70443 0.80518 0.85883 0.87891 0.87759 0.86343 0.84315 0.82299 0.80679 0.79572 0.78974 0.78847 0.79141 0.79803 0.80779 0.82019 0.83468 0.8507 0.86768 0.88506 0.90231 0.91893 0.93455 0.94886 0.96168 0.97294 0.98267 0.99093 0.99749 0.99995 0.99601 0.98654 0.97207
0.41417 0.21921 0.10331 0.15385 0.28729 0.52072 0.78836 0.81377 0.78878 0.72618 0.62364 0.49082 0.36676 0.34552 0.46134 0.61797 0.75032 0.83915 0.88752 0.90621 0.90553 0.89274 0.87376 0.8545 0.83871 0.82753 0.82099 0.81876 0.82043 0.82554 0.83363 0.84422 0.85682 0.8709 0.88593 0.90136 0.91668 0.93143 0.94522 0.95777 0.9689 0.97855 0.98674 0.99351 0.99861 0.99962 0.9942 0.98318 0.96703
0.34717 0.17354 0.086592 0.11698 0.25737 0.52207 0.82276 0.86336 0.85005 0.80458 0.72843 0.63371 0.55277 0.53557 0.60108 0.70782 0.80737 0.87731 0.91618 0.93117 0.92998 0.91809 0.90036 0.88215 0.867 0.85599 0.84916 0.84625 0.8469 0.85073 0.85733 0.8663 0.87718 0.88947 0.90269 0.91629 0.9298 0.94277 0.95484 0.96572 0.97527 0.98342 0.99017 0.99558 0.99936 0.99907 0.99234 0.97997 0.96239
0.23071 0.10421 0.030317 0.13158 0.29159 0.55891 0.87314 0.92011 0.9164 0.88819 0.8378 0.77441 0.71955 0.70208 0.73513 0.8002 0.86663 0.91549 0.94301 0.95314 0.95084 0.93964 0.92317 0.90615 0.89185 0.88125 0.87438 0.87101 0.87086 0.87362 0.87894 0.88646 0.89578 0.90643 0.91796 0.92986 0.94167 0.95298 0.96343 0.97276 0.98083 0.98758 0.99303 0.99719 0.9998 0.99837 0.99053 0.97704 0.95827
0.2254 0.089298 0.1374 0.22951 0.36848 0.6174 0.92704 0.96921 0.97017 0.95608 0.9275 0.88884 0.85253 0.83572 0.84802 0.882 0.92027 0.94963 0.96614 0.97143 0.96801 0.95753 0.94241 0.92674 0.91348 0.90348 0.89677 0.89315 0.8924 0.89428 0.89849 0.90473 0.91264 0.9218 0.93178 0.9421 0.95234 0.96209 0.97103 0.97892 0.98562 0.99109 0.99534 0.99841 0.99998 0.99759 0.98884 0.97445 0.95476
0.22745 0.16424 0.22188 0.315 0.43259 0.66814 0.96762 0.99716 0.998 0.99439 0.98355 0.96506 0.94433 0.93092 0.93172 0.94502 0.96245 0.97641 0.98399 0.98545 0.98141 0.97192 0.95835 0.94417 0.9321 0.92286 0.91648 0.91278 0.91161 0.91277 0.91604 0.92116 0.92781 0.93562 0.94417 0.95305 0.96182 0.97014 0.97768 0.98423 0.98968 0.99398 0.99717 0.99926 0.99997 0.99678 0.98731 0.97225 0.95191
0.54407 0.30106 0.23818 0.33174 0.44727 0.68979 0.97996 0.99406 0.99217 0.99627 0.99983 0.9984 0.99217 0.98538 0.98259 0.98485 0.98956 0.99357 0.99544 0.99482 0.99105 0.98301 0.97122 0.9587 0.94793 0.93958 0.93366 0.93003 0.92859 0.92919 0.93166 0.93581 0.94134 0.94792 0.95519 0.96273 0.97016 0.97714 0.9834 0.98873 0.99303 0.99628 0.99853 0.99979 0.99976 0.99596 0.98597 0.97047 0.94974
0.35327 0.11745 0.16798 0.2721 0.4139 0.67952 0.95555 0.95509 0.95066 0.96087 0.97612 0.98925 0.99694 0.9997 1 0.99988 0.99992 0.99997 0.99995 0.99944 0.99709 0.99106 0.98132 0.97058 0.96121 0.95384 0.94848 0.94503 0.94344 0.94362 0.94544 0.94874 0.95328 0.95877 0.96486 0.97119 0.97739 0.98315 0.98823 0.99244 0.9957 0.99802 0.99944 1 0.9994 0.99514 0.98481 0.9691 0.94824
0.40556 0.17556 0.10716 0.16725 0.37198 0.64616 0.89294 0.88127 0.87661 0.89208 0.9165 0.94168 0.9624 0.97682 0.98565 0.99064 0.99347 0.99548 0.99754 0.99947 0.99978 0.99634 0.98891 0.98007 0.97216 0.96582 0.96109 0.95792 0.95629 0.95615 0.95744 0.96002 0.9637 0.96821 0.97325 0.97847 0.98354 0.98819 0.99219 0.99538 0.99772 0.9992 0.99992 0.9999 0.99886 0.99431 0.98384 0.96812 0.94738
0.34325 0.23117 0.024964 0.14621 0.36413 0.59621 0.7966 0.77928 0.77743 0.79721 0.828 0.86225 0.89436 0.92146 0.94296 0.95932 0.9715 0.98089 0.98876 0.99536 0.9995 0.9992 0.99428 0.98741 0.98099 0.9757 0.97165 0.96882 0.96723 0.96689 0.96775 0.96973 0.97266 0.9763 0.98039 0.98461 0.98866 0.99229 0.99531 0.99758 0.99909 0.99986 0.99997 0.9995 0.99816 0.99347 0.98302 0.96749 0.94711
0.42763 0.32934 0.19952 0.27039 0.37982 0.52882 0.67614 0.66028 0.66332 0.68565 0.7194 0.75898 0.79984 0.83951 0.87655 0.90926 0.93629 0.95768 0.97458 0.98778 0.99673 1 0.99774 0.99285 0.98789 0.98366 0.98031 0.97787 0.9764 0.97593 0.97646 0.97794 0.98022 0.9831 0.98634 0.98965 0.99278 0.99549 0.99762 0.99907 0.99984 0.99998 0.99961 0.99879 0.99727 0.99258 0.98232 0.96717 0.94737
0.75467 0.59506 0.40881 0.38382 0.37957 0.44372 0.54559 0.53788 0.54574 0.56766 0.60016 0.64045 0.68637 0.73742 0.79181 0.84473 0.89092 0.92791 0.95632 0.97754 0.99201 0.9991 0.99955 0.99661 0.99308 0.98987 0.98722 0.9852 0.9839 0.98338 0.98367 0.98473 0.98645 0.98866 0.99114 0.99364 0.99593 0.99781 0.99914 0.99986 0.99998 0.99959 0.99882 0.99777 0.99619 0.99162 0.9817 0.96711 0.94807
0.90541 0.7678 0.55151 0.44446 0.34967 0.34852 0.42104 0.4256 0.43589 0.45341 0.47973 0.51508 0.56131 0.62178 0.69465 0.77062 0.83899 0.894 0.93547 0.96556 0.9859 0.99689 0.99999 0.9989 0.9967 0.99447 0.9925 0.99092 0.98983 0.98933 0.98944 0.99017 0.99142 0.99304 0.99486 0.99663 0.99816 0.99929 0.9999 0.99996 0.99952 0.99869 0.99761 0.99642 0.99488 0.99057 0.98112 0.96723 0.94915
0.8473 0.78423 0.61813 0.46035 0.30018 0.25471 0.31611 0.3342 0.34337 0.3525 0.36729 0.39085 0.4314 0.49899 0.59136 0.69236 0.78453 0.85856 0.91362 0.95278 0.97897 0.99372 0.9993 0.99992 0.99894 0.99761 0.99629 0.99515 0.99431 0.99387 0.99387 0.99434 0.99519 0.99631 0.99753 0.99865 0.9995 0.99995 0.99992 0.9994 0.99847 0.99727 0.99597 0.99473 0.99333 0.98937 0.98052 0.96748 0.95051
0.56573 0.67758 0.62245 0.44295 0.24195 0.16781 0.23762 0.26913 0.2749 0.27359 0.2723 0.27568 0.30244 0.37528 0.48886 0.6159 0.73174 0.82425 0.89235 0.94009 0.97171 0.9899 0.99769 0.99982 0.99993 0.99941 0.99871 0.99801 0.99744 0.99709 0.99705 0.99731 0.99784 0.99852 0.99921 0.99975 1 0.99984 0.99923 0.9982 0.99685 0.99535 0.9939 0.99268 0.99151 0.98801 0.97986 0.9678 0.95208
0.248 0.55474 0.58416 0.40219 0.18355 0.085141 0.18588 0.229 0.2321 0.22304 0.20564 0.17996 0.17924 0.25759 0.39556 0.54772 0.68479 0.79354 0.87305 0.92827 0.96459 0.98569 0.99536 0.99875 0.9998 1 0.99987 0.99959 0.9993 0.9991 0.99904 0.99916 0.99942 0.99972 0.99996 0.99998 0.99967 0.99897 0.99784 0.99636 0.99466 0.99292 0.9914 0.99027 0.9894 0.98644 0.9791 0.96811 0.95377
0.33411 0.53223 0.53471 0.36117 0.14988 0.01437 0.16032 0.20679 0.20971 0.20062 0.17698 0.12508 0.067043 0.15816 0.32264 0.49452 0.64743 0.76851 0.85686 0.91794 0.95794 0.98133 0.99244 0.99684 0.99865 0.99948 0.99986 0.99999 0.99999 0.99996 0.99993 0.99996 1 0.99998 0.99981 0.99937 0.99857 0.99737 0.99579 0.99391 0.99191 0.99 0.98845 0.98748 0.98698 0.98463 0.97817 0.96836 0.9555
0.59159 0.5749 0.49128 0.33674 0.16327 0.076728 0.1591 0.19367 0.19793 0.197 0.18234 0.13457 0.048375 0.11379 0.28378 0.46206 0.62247 0.75064 0.84459 0.90955 0.95202 0.97694 0.98906 0.99419 0.99659 0.99794 0.99879 0.99931 0.99961 0.99976 0.9998 0.99977 0.99964 0.99935 0.99882 0.99797 0.99673 0.99508 0.99309 0.99087 0.98861 0.98658 0.98506 0.9843 0.98423 0.98256 0.97705 0.96849 0.9572
0.72639 0.56868 0.43473 0.31003 0.19135 0.13819 0.17091 0.18193 0.18802 0.20046 0.20386 0.18012 0.13597 0.15608 0.28661 0.45308 0.61122 0.74065 0.83664 0.90332 0.94697 0.97265 0.9853 0.99087 0.9937 0.99547 0.99673 0.99762 0.99823 0.99858 0.99872 0.99867 0.9984 0.99787 0.99704 0.99581 0.99417 0.99213 0.98977 0.98724 0.98478 0.98266 0.98122 0.98072 0.98112 0.98019 0.97569 0.96845 0.9588
0.57939 0.46172 0.3417 0.25368 0.19971 0.17671 0.17905 0.16558 0.17533 0.20392 0.2277 0.22943 0.21462 0.22974 0.32251 0.46567 0.61322 0.73845 0.83302 0.89929 0.94281 0.96847 0.9812 0.98695 0.99004 0.99215 0.99378 0.99502 0.99592 0.9965 0.99675 0.9967 0.99634 0.99562 0.9945 0.99295 0.99095 0.98855 0.98586 0.98306 0.98043 0.97826 0.97693 0.97673 0.97765 0.97749 0.97406 0.96819 0.96024
0.27767 0.32076 0.22708 0.16645 0.18321 0.189 0.17119 0.1407 0.1594 0.20551 0.2484 0.2727 0.28149 0.30328 0.37514 0.49435 0.62648 0.74328 0.83342 0.89731 0.9395 0.96442 0.97679 0.98246 0.98568 0.98805 0.99 0.99158 0.99278 0.99358 0.99397 0.99395 0.99351 0.99263 0.99127 0.98942 0.98709 0.98436 0.98137 0.97834 0.97557 0.97339 0.9722 0.97233 0.9738 0.97445 0.97213 0.96767 0.96147
0.024756 0.24824 0.14468 0.069926 0.15473 0.17822 0.14206 0.10651 0.14352 0.2064 0.26495 0.30803 0.33697 0.36955 0.43256 0.53267 0.64815 0.75384 0.83723 0.89711 0.93691 0.96043 0.97207 0.97745 0.98067 0.98323 0.98546 0.98736 0.98885 0.98989 0.99043 0.99047 0.98998 0.98895 0.98738 0.98525 0.98262 0.97959 0.97633 0.9731 0.97021 0.96804 0.96702 0.96751 0.96956 0.97105 0.96986 0.96685 0.96244
0.26851 0.24821 0.12664 0.014513 0.13135 0.15357 0.09374 0.068807 0.13412 0.20877 0.27793 0.33569 0.382 0.42692 0.48843 0.57523 0.67519 0.76862 0.8437 0.8983 0.93484 0.95644 0.96702 0.97193 0.97506 0.97774 0.98023 0.98243 0.98422 0.9855 0.9862 0.98631 0.98579 0.98464 0.98287 0.98049 0.97759 0.97428 0.97077 0.96735 0.96437 0.96224 0.96141 0.96228 0.96492 0.96728 0.96725 0.96571 0.9631
0.47921 0.24226 0.11937 0.071171 0.12389 0.13296 0.047559 0.055844 0.13747 0.21415 0.28813 0.35655 0.4177 0.47538 0.53977 0.61824 0.70491 0.78605 0.85199 0.90045 0.9331 0.95234 0.96163 0.96593 0.96887 0.97164 0.97437 0.97686 0.97895 0.98047 0.98134 0.98153 0.98099 0.97974 0.97779 0.97518 0.97201 0.96845 0.96472 0.96113 0.95807 0.95599 0.95536 0.95662 0.95988 0.96311 0.96426 0.96421 0.96343
0.51564 0.19376 0.099857 0.11393 0.13815 0.14286 0.084191 0.092315 0.15379 0.22246 0.29603 0.37155 0.4453 0.51551 0.58534 0.65927 0.73515 0.8047 0.86127 0.9031 0.93143 0.94804 0.95585 0.95944 0.96215 0.96498 0.96793 0.97071 0.97309 0.97486 0.97591 0.97617 0.97563 0.97429 0.97218 0.96935 0.96594 0.96213 0.95818 0.95444 0.95132 0.9493 0.94889 0.95056 0.95444 0.95856 0.96089 0.96234 0.96339
0.5538 0.16523 0.10162 0.16246 0.17809 0.18934 0.15986 0.14352 0.17697 0.23204 0.30159 0.38156 0.46603 0.5482 0.62482 0.6969 0.76429 0.82337 0.87075 0.90582 0.92962 0.94342 0.94966 0.95248 0.95493 0.95781 0.96096 0.96403 0.9667 0.96872 0.96995 0.97031 0.96977 0.96834 0.96607 0.96304 0.9594 0.95535 0.9512 0.94731 0.94414 0.9422 0.94201 0.94408 0.94859 0.9536 0.95713 0.96009 0.96296
0.62286 0.22261 0.15846 0.22868 0.23818 0.25209 0.23267 0.19085 0.19981 0.24048 0.30451 0.38734 0.48112 0.57442 0.65834 0.73035 0.7912 0.84105 0.87978 0.90819 0.92743 0.93839 0.94302 0.94506 0.94724 0.95016 0.95352 0.95688 0.95983 0.96211 0.96351 0.96396 0.96343 0.96192 0.95951 0.95628 0.95241 0.94814 0.94379 0.93977 0.93655 0.93468 0.93472 0.9372 0.94234 0.94825 0.95297 0.95742 0.96213
0.69811 0.36268 0.25822 0.30645 0.30419 0.31203 0.29082 0.22683 0.21693 0.24541 0.30438 0.38965 0.49171 0.59519 0.68632 0.75928 0.81512 0.85699 0.88779 0.90986 0.92468 0.93284 0.93589 0.93717 0.93911 0.94207 0.94566 0.9493 0.95254 0.95506 0.95665 0.9572 0.95667 0.95509 0.95253 0.94911 0.94502 0.94053 0.93599 0.93183 0.92857 0.92677 0.92704 0.92993 0.9357 0.94249 0.9484 0.95435 0.96088
0.7597 0.51686 0.36406 0.37914 0.36099 0.35654 0.3274 0.24736 0.225 0.24513 0.301 0.38923 0.49891 0.61147 0.70923 0.7836 0.83558 0.87063 0.89432 0.91054 0.92119 0.92671 0.92826 0.92884 0.93056 0.9336 0.93741 0.94134 0.94488 0.94764 0.9494 0.95005 0.94953 0.94787 0.94517 0.94156 0.93725 0.93254 0.92781 0.92352 0.92021 0.91849 0.91898 0.92228 0.92867 0.93634 0.94343 0.95087 0.9592
0.68604 0.59469 0.43572 0.42996 0.39737 0.37814 0.33891 0.25063 0.22245 0.23882 0.29457 0.38693 0.50376 0.62413 0.72759 0.8034 0.85232 0.88159 0.89903 0.90998 0.91683 0.91991 0.92011 0.92007 0.92162 0.92477 0.92882 0.93305 0.93687 0.93989 0.94182 0.94255 0.94204 0.9403 0.93746 0.93365 0.92913 0.9242 0.91928 0.91485 0.9115 0.90984 0.91055 0.91425 0.92125 0.9298 0.93806 0.94698 0.95709
0.54402 0.55912 0.4503 0.44963 0.40847 0.37447 0.32527 0.23683 0.20916 0.22659 0.28577 0.38371 0.50716 0.63392 0.7419 0.81881 0.86521 0.88963 0.90169 0.90802 0.91149 0.91242 0.91143 0.91088 0.91233 0.91562 0.91993 0.92446 0.92858 0.93183 0.93394 0.93475 0.93424 0.93242 0.92943 0.92543 0.92068 0.91553 0.91042 0.90586 0.90245 0.90086 0.90178 0.90587 0.91347 0.92287 0.93229 0.94267 0.95456
0.42843 0.4344 0.4125 0.43973 0.3965 0.34844 0.28975 0.20784 0.18613 0.20954 0.27582 0.38058 0.50988 0.64144 0.75256 0.83005 0.87424 0.89459 0.90213 0.90452 0.9051 0.90419 0.90223 0.90129 0.90272 0.90619 0.91078 0.91563 0.92004 0.92353 0.92579 0.92669 0.92616 0.92426 0.92112 0.91692 0.91195 0.90657 0.90126 0.89655 0.89309 0.89155 0.89267 0.89713 0.90532 0.91558 0.92613 0.93795 0.95159
0.29625 0.27079 0.34731 0.41086 0.36967 0.30788 0.23879 0.16685 0.1554 0.18981 0.2664 0.37851 0.51253 0.64714 0.75992 0.83731 0.87947 0.89645 0.90026 0.89942 0.89762 0.89523 0.89251 0.89132 0.89281 0.89651 0.90142 0.90658 0.91128 0.915 0.91742 0.91838 0.91784 0.91585 0.91255 0.90815 0.90295 0.89734 0.89182 0.88696 0.88342 0.88193 0.88324 0.88807 0.89683 0.90791 0.9196 0.93284 0.94821
0.19137 0.11439 0.28364 0.37708 0.33961 0.26475 0.18202 0.11788 0.12007 0.17066 0.25942 0.37834 0.51547 0.65129 0.76424 0.84079 0.881 0.89521 0.89608 0.89269 0.88904 0.88552 0.88229 0.881 0.88265 0.88662 0.89186 0.89735 0.90235 0.90629 0.90886 0.90988 0.90932 0.90722 0.90376 0.89914 0.8937 0.88786 0.88212 0.8771 0.87349 0.87203 0.87351 0.87869 0.88801 0.8999 0.91269 0.92734 0.9444
0.1881 0.059384 0.24057 0.34936 0.31682 0.23252 0.13373 0.06546 0.085442 0.15651 0.25669 0.3806 0.51889 0.65404 0.76571 0.84069 0.87897 0.89095 0.88959 0.88434 0.87937 0.8751 0.8716 0.87036 0.87225 0.87656 0.88215 0.88798 0.89327 0.89743 0.90013 0.9012 0.9006 0.8984 0.89476 0.88993 0.88424 0.87815 0.87219 0.867 0.86329 0.86185 0.8635 0.86901 0.87886 0.89155 0.90543 0.92145 0.9402
0.27607 0.14518 0.22168 0.3315 0.30551 0.2195 0.11314 0.018962 0.063493 0.15195 0.25941 0.38546 0.5227 0.65537 0.76443 0.83717 0.87354 0.88377 0.88088 0.87441 0.86863 0.86399 0.86047 0.85944 0.86166 0.86635 0.87232 0.8785 0.88407 0.88845 0.89127 0.89238 0.89174 0.88941 0.88559 0.88053 0.87459 0.86824 0.86205 0.85667 0.85286 0.85142 0.85321 0.85904 0.86942 0.88288 0.89782 0.9152 0.93559
0.35454 0.19442 0.21789 0.32071 0.30178 0.22155 0.12517 0.044111 0.071572 0.1594 0.26777 0.39267 0.52668 0.6552 0.76047 0.8304 0.86487 0.87382 0.87004 0.86297 0.8569 0.85223 0.84893 0.84827 0.85091 0.85603 0.8624 0.86894 0.87479 0.87937 0.88231 0.88345 0.88275 0.88029 0.87627 0.87097 0.86477 0.85815 0.85171 0.84614 0.84221 0.84076 0.84268 0.8488 0.85968 0.87389 0.88988 0.90859 0.93061
0.32212 0.1845 0.21703 0.31153 0.2976 0.22601 0.14899 0.088415 0.10219 0.17743 0.28102 0.40165 0.53042 0.65336 0.75386 0.82051 0.85315 0.86127 0.85719 0.85012 0.84422 0.83989 0.83703 0.83688 0.84002 0.84562 0.85242 0.85932 0.86545 0.87022 0.87326 0.87442 0.87365 0.87105 0.86683 0.86128 0.8548 0.84791 0.84121 0.83542 0.83136 0.82988 0.83191 0.83831 0.84967 0.86461 0.88162 0.90165 0.92526
0.17468 0.13274 0.21215 0.29938 0.28605 0.22165 0.16785 0.12805 0.13929 0.20225 0.29769 0.41159 0.53345 0.64965 0.7446 0.80765 0.83857 0.84628 0.84249 0.83596 0.83068 0.827 0.82482 0.82531 0.82905 0.83516 0.84241 0.84967 0.85607 0.86102 0.86416 0.86532 0.86447 0.86171 0.85728 0.85147 0.84471 0.83752 0.83055 0.82454 0.82033 0.81881 0.82092 0.82758 0.8394 0.85506 0.87306 0.89437 0.91955
0.13522 0.10337 0.20237 0.28208 0.26377 0.20246 0.17632 0.16228 0.17649 0.23013 0.31608 0.42158 0.53528 0.64384 0.73272 0.79196 0.82133 0.82907 0.82609 0.82062 0.81637 0.81365 0.81234 0.81361 0.81801 0.82468 0.83239 0.84001 0.84668 0.85181 0.85503 0.85617 0.85523 0.85231 0.84765 0.84157 0.83451 0.82702 0.81976 0.81351 0.80913 0.80755 0.80974 0.81663 0.82889 0.84523 0.86421 0.88679 0.91351
0.24241 0.12925 0.18953 0.2602 0.23133 0.16694 0.17563 0.19194 0.21155 0.25828 0.33459 0.43072 0.5354 0.63574 0.7182 0.77359 0.80163 0.80982 0.80817 0.80422 0.80139 0.7999 0.79965 0.80181 0.80694 0.81421 0.82239 0.83037 0.83731 0.84259 0.84587 0.84699 0.84594 0.84285 0.83795 0.83159 0.82422 0.81641 0.80886 0.80236 0.79779 0.79613 0.79837 0.80548 0.81815 0.83516 0.8551 0.87891 0.90715
0.25573 0.14722 0.17622 0.23713 0.19335 0.11658 0.17154 0.21839 0.24353 0.28482 0.35185 0.4382 0.53338 0.62519 0.70109 0.75269 0.77968 0.78876 0.7889 0.7869 0.78583 0.78582 0.7868 0.78995 0.79587 0.80376 0.81243 0.82077 0.82796 0.83339 0.83673 0.83781 0.83664 0.83335 0.82821 0.82155 0.81386 0.80573 0.79787 0.79109 0.78632 0.78455 0.78683 0.79414 0.8072 0.82486 0.84573 0.87076 0.90048
0.1959 0.13546 0.16622 0.21874 0.15952 0.054649 0.17287 0.243 0.27201 0.30854 0.3668 0.44335 0.52888 0.61207 0.68144 0.72943 0.7557 0.76609 0.76846 0.7688 0.76979 0.77149 0.77384 0.77806 0.78482 0.79336 0.80252 0.81123 0.81866 0.82423 0.8276 0.82863 0.82733 0.82384 0.81843 0.81148 0.80345 0.79498 0.78679 0.77973 0.77474 0.77285 0.77513 0.78262 0.79606 0.81434 0.83612 0.86234 0.89352
0.12992 0.1042 0.16465 0.21182 0.14488 0.014235 0.18744 0.26671 0.29674 0.32865 0.37869 0.44567 0.52165 0.59631 0.65931 0.70397 0.7299 0.74203 0.74705 0.75008 0.75339 0.75697 0.76082 0.7662 0.77384 0.78304 0.7927 0.80176 0.80942 0.81511 0.81851 0.81947 0.81803 0.81433 0.80865 0.80138 0.79301 0.78419 0.77566 0.76829 0.76306 0.76103 0.76331 0.77095 0.78474 0.80362 0.82629 0.85368 0.88629
0.083917 0.068802 0.1757 0.21979 0.15916 0.086843 0.21679 0.28979 0.31759 0.34472 0.38702 0.44483 0.51153 0.57791 0.63484 0.67651 0.7025 0.7168 0.72485 0.73086 0.73672 0.74235 0.74778 0.75439 0.76294 0.77282 0.78297 0.79238 0.80026 0.80606 0.80947 0.81036 0.80876 0.80483 0.79887 0.79127 0.78255 0.77336 0.76448 0.75679 0.7513 0.74912 0.75136 0.75913 0.77325 0.79272 0.81626 0.84479 0.87881
0.051722 0.071425 0.19994 0.23928 0.19383 0.15796 0.25628 0.3119 0.33447 0.35652 0.39155 0.44067 0.49848 0.55693 0.60814 0.64724 0.67375 0.69063 0.70204 0.7113 0.71989 0.72768 0.73479 0.74266 0.75215 0.76272 0.77336 0.7831 0.79119 0.79709 0.80049 0.80129 0.79952 0.79536 0.78911 0.78118 0.77209 0.76252 0.75326 0.74524 0.73948 0.73711 0.7393 0.74719 0.76161 0.78164 0.80603 0.83569 0.87109
0.08437 0.14007 0.23307 0.26219 0.23474 0.22458 0.2997 0.33228 0.34735 0.36404 0.3922 0.43315 0.48254 0.53348 0.57939 0.61636 0.64385 0.66372 0.67881 0.69153 0.703 0.71305 0.72189 0.73105 0.74149 0.75275 0.76388 0.77394 0.78222 0.7882 0.79159 0.79229 0.79034 0.78593 0.77938 0.7711 0.76164 0.75168 0.74204 0.73366 0.7276 0.72504 0.72715 0.73513 0.74985 0.77041 0.79563 0.82639 0.86315
0.20609 0.23173 0.26655 0.28017 0.27322 0.28411 0.34192 0.35003 0.35624 0.36741 0.38909 0.4224 0.46386 0.50773 0.54878 0.58411 0.61305 0.6363 0.65533 0.67169 0.68613 0.69851 0.70912 0.71959 0.73099 0.74293 0.75454 0.76492 0.77337 0.77942 0.78278 0.78336 0.78122 0.77656 0.76969 0.76106 0.75121 0.74085 0.73081 0.72206 0.71569 0.7129 0.71493 0.72297 0.73796 0.75904 0.78507 0.81691 0.855
0.35262 0.3177 0.28981 0.28721 0.30549 0.33487 0.37939 0.36432 0.36127 0.3669 0.38246 0.40864 0.44265 0.47987 0.51651 0.5507 0.58158 0.60858 0.63179 0.6519 0.66939 0.68412 0.69652 0.70831 0.72066 0.73328 0.74535 0.75603 0.76465 0.77075 0.77406 0.77451 0.77217 0.76725 0.76006 0.75106 0.74082 0.73004 0.71959 0.71045 0.70376 0.70073 0.70263 0.71073 0.72596 0.74755 0.77436 0.80727 0.84667
0.46325 0.37778 0.29319 0.28064 0.33067 0.37596 0.40992 0.37458 0.36266 0.3629 0.37267 0.39219 0.41919 0.45016 0.48281 0.51637 0.54967 0.58077 0.60836 0.6323 0.65286 0.66995 0.68413 0.69724 0.71053 0.72381 0.73633 0.74729 0.75606 0.76219 0.76544 0.76576 0.76321 0.75801 0.7505 0.74112 0.73047 0.71927 0.70839 0.69885 0.69181 0.68852 0.69029 0.69841 0.71387 0.73594 0.76353 0.79747 0.83817
0.49801 0.40197 0.27065 0.26181 0.34961 0.40717 0.43237 0.38056 0.36076 0.35586 0.3602 0.37346 0.39382 0.41885 0.44791 0.48135 0.51758 0.5531 0.58519 0.613 0.63661 0.65604 0.67198 0.68639 0.70061 0.71453 0.72748 0.7387 0.7476 0.75376 0.75694 0.75711 0.75434 0.74886 0.74101 0.73126 0.72019 0.70855 0.69723 0.68728 0.67986 0.67629 0.6779 0.68603 0.7017 0.72424 0.75258 0.78755 0.82951
0.4588 0.39414 0.22149 0.23684 0.36395 0.4288 0.44646 0.38235 0.35602 0.34636 0.34556 0.35293 0.36692 0.38623 0.41206 0.44589 0.48554 0.52577 0.56246 0.59411 0.62073 0.64245 0.66012 0.67579 0.69091 0.70545 0.71881 0.73028 0.7393 0.74546 0.74856 0.74857 0.74557 0.7398 0.73161 0.72147 0.70997 0.69789 0.68612 0.67573 0.66793 0.66405 0.66549 0.6736 0.68946 0.71245 0.74153 0.7775 0.82072
0.38188 0.37144 0.15231 0.21713 0.37538 0.44151 0.45251 0.38031 0.34899 0.33498 0.32935 0.33111 0.33892 0.35263 0.37549 0.41024 0.4538 0.49899 0.5403 0.57573 0.60528 0.62922 0.64856 0.66545 0.68144 0.69658 0.71033 0.72203 0.73114 0.7373 0.74031 0.74014 0.73691 0.73084 0.7223 0.71176 0.69984 0.6873 0.67507 0.66423 0.65602 0.65182 0.65306 0.66114 0.67717 0.70059 0.73039 0.76735 0.81179
0.31633 0.35962 0.090845 0.21658 0.38511 0.44611 0.45127 0.37505 0.34028 0.32237 0.31222 0.30861 0.31028 0.31835 0.33844 0.37466 0.42263 0.47297 0.51887 0.55796 0.59031 0.61639 0.63733 0.6554 0.67222 0.68794 0.70205 0.71395 0.72315 0.72928 0.73218 0.73184 0.72836 0.72199 0.7131 0.70216 0.6898 0.67679 0.66408 0.65277 0.64415 0.63961 0.64063 0.64865 0.66484 0.68866 0.71917 0.75711 0.80276
0.30994 0.38196 0.12077 0.24162 0.39359 0.44347 0.44377 0.36728 0.33052 0.30917 0.2948 0.28603 0.28152 0.28374 0.30116 0.33941 0.39229 0.44792 0.4983 0.54089 0.5759 0.60399 0.62645 0.64564 0.66326 0.67951 0.69396 0.70605 0.71531 0.72141 0.72419 0.72366 0.71993 0.71325 0.704 0.69266 0.67985 0.66637 0.65317 0.64139 0.63232 0.62742 0.62819 0.63615 0.65247 0.67669 0.70789 0.74679 0.79364
0.38961 0.44411 0.21635 0.28575 0.40054 0.43442 0.4311 0.35779 0.32033 0.29601 0.27777 0.26405 0.25321 0.24913 0.26387 0.30479 0.36307 0.42404 0.47872 0.52459 0.56207 0.59205 0.61594 0.6362 0.65456 0.67132 0.68608 0.69834 0.70764 0.71369 0.71634 0.71561 0.71163 0.70464 0.69502 0.68327 0.67001 0.65605 0.64235 0.63007 0.62055 0.61526 0.61578 0.62364 0.64007 0.66468 0.69656 0.73641 0.78443
0.53422 0.53359 0.32072 0.33793 0.4052 0.41964 0.41437 0.34734 0.31028 0.28344 0.26175 0.24335 0.22599 0.21492 0.22678 0.27112 0.33528 0.40152 0.46025 0.50913 0.54888 0.5806 0.60583 0.62707 0.64613 0.66336 0.67841 0.6908 0.70013 0.70612 0.70864 0.7077 0.70345 0.69615 0.68617 0.674 0.66028 0.64583 0.63162 0.61884 0.60884 0.60315 0.60338 0.61113 0.62767 0.65265 0.6852 0.72597 0.77515
0.69938 0.63198 0.41861 0.38957 0.40662 0.39963 0.39457 0.33658 0.30081 0.27194 0.24732 0.22464 0.20061 0.18155 0.19013 0.2388 0.30926 0.38058 0.44298 0.49456 0.53635 0.56965 0.5961 0.61826 0.63798 0.65563 0.67094 0.68345 0.6928 0.69871 0.70108 0.69993 0.69541 0.68779 0.67744 0.66485 0.65068 0.63573 0.621 0.60769 0.59721 0.59109 0.59102 0.59864 0.61526 0.6406 0.6738 0.7155 0.76581
0.84712 0.72178 0.50326 0.43526 0.40383 0.37471 0.37255 0.32607 0.29225 0.26187 0.23497 0.20862 0.17797 0.14962 0.1541 0.20829 0.28536 0.36137 0.42701 0.48092 0.5245 0.55922 0.58679 0.60979 0.6301 0.64814 0.66368 0.67629 0.68563 0.69145 0.69366 0.6923 0.68751 0.67956 0.66884 0.65584 0.6412 0.62575 0.61049 0.59665 0.58565 0.5791 0.57871 0.58617 0.60286 0.62855 0.66239 0.70499 0.75643
0.95269 0.78842 0.57076 0.4719 0.39613 0.34505 0.34907 0.31617 0.28477 0.2534 0.22501 0.19588 0.15913 0.12001 0.11894 0.18027 0.26396 0.34409 0.41241 0.46827 0.51337 0.54932 0.57789 0.60165 0.6225 0.64089 0.65662 0.66931 0.67863 0.68435 0.6864 0.68481 0.67975 0.67148 0.66038 0.64696 0.63185 0.61589 0.6001 0.58571 0.57419 0.56717 0.56644 0.57373 0.59048 0.61649 0.65098 0.69447 0.74703
0.99925 0.82189 0.61913 0.498 0.38314 0.31074 0.32483 0.30714 0.2784 0.24657 0.21759 0.18685 0.14521 0.094329 0.084924 0.15561 0.24547 0.32886 0.39923 0.4566 0.50295 0.53996 0.56941 0.59384 0.61517 0.63388 0.64978 0.66252 0.6718 0.67741 0.67928 0.67747 0.67213 0.66354 0.65207 0.63822 0.62265 0.60617 0.58984 0.57489 0.56282 0.55532 0.55422 0.56133 0.57812 0.60446 0.63956 0.68395 0.7376
0.97062 0.81863 0.64812 0.5134 0.36506 0.27185 0.30063 0.29911 0.27301 0.24124 0.21263 0.18167 0.13716 0.075561 0.052674 0.13554 0.23025 0.3158 0.3875 0.44595 0.49326 0.53115 0.56134 0.58637 0.60813 0.6271 0.64314 0.65592 0.66514 0.67063 0.67232 0.67028 0.66466 0.65574 0.6439 0.62963 0.61358 0.59659 0.5797 0.56418 0.55155 0.54356 0.54207 0.54897 0.56579 0.59244 0.62816 0.67342 0.72816
0.85376 0.78261 0.65918 0.51909 0.34275 0.22856 0.2774 0.2921 0.26837 0.23714 0.20986 0.18015 0.13531 0.068103 0.02512 0.12156 0.21862 0.30497 0.37724 0.4363 0.48429 0.52286 0.55369 0.57923 0.60136 0.62056 0.63671 0.6495 0.65866 0.66401 0.66551 0.66323 0.65733 0.64809 0.63587 0.62118 0.60467 0.58716 0.56971 0.5536 0.5404 0.53188 0.53 0.53667 0.5535 0.58045 0.61679 0.66292 0.71872
0.65294 0.72469 0.65514 0.51712 0.31804 0.1812 0.25636 0.28607 0.26419 0.23391 0.2089 0.1818 0.13913 0.073886 0.02362 0.11498 0.21074 0.29639 0.36843 0.42764 0.47603 0.51511 0.54645 0.57243 0.59486 0.61426 0.63049 0.64326 0.65233 0.65754 0.65885 0.65633 0.65016 0.64059 0.628 0.61289 0.5959 0.57787 0.55985 0.54316 0.52936 0.52031 0.518 0.52443 0.54125 0.5685 0.60544 0.65243 0.7093
0.40408 0.65961 0.63977 0.51035 0.29384 0.13033 0.23899 0.2809 0.26013 0.23115 0.20925 0.18595 0.14739 0.089064 0.048159 0.11612 0.2066 0.29 0.36104 0.41996 0.46847 0.50789 0.53962 0.56595 0.58864 0.60818 0.62446 0.6372 0.64618 0.65124 0.65235 0.64959 0.64313 0.63324 0.62028 0.60476 0.5873 0.56874 0.55015 0.53285 0.51845 0.50884 0.50608 0.51225 0.52906 0.55659 0.59414 0.64198 0.69989
0.20443 0.60115 0.61705 0.50203 0.27416 0.076774 0.22684 0.27643 0.25583 0.22847 0.21043 0.19186 0.15867 0.10867 0.075249 0.12384 0.20595 0.28571 0.35501 0.41322 0.46159 0.50118 0.53319 0.55979 0.58268 0.60233 0.61863 0.63132 0.64019 0.64508 0.64599 0.64299 0.63625 0.62604 0.61272 0.59678 0.57885 0.55977 0.5406 0.52269 0.50767 0.49748 0.49425 0.50015 0.51693 0.54474 0.58288 0.63157 0.69052
0.25925 0.55688 0.59056 0.49524 0.26347 0.021101 0.22113 0.27244 0.25097 0.22551 0.21202 0.19887 0.1717 0.12977 0.10168 0.13622 0.2084 0.28335 0.35026 0.40737 0.45537 0.49496 0.52715 0.55395 0.57698 0.5967 0.613 0.62562 0.63436 0.63909 0.63979 0.63654 0.62952 0.61899 0.60532 0.58896 0.57057 0.55096 0.53121 0.51267 0.49702 0.48623 0.48252 0.48812 0.50486 0.53295 0.57168 0.62122 0.68119
0.41197 0.52546 0.56291 0.49222 0.26519 0.03612 0.22225 0.26866 0.24524 0.22196 0.21364 0.20642 0.18553 0.15095 0.12691 0.15137 0.21339 0.28273 0.3467 0.40238 0.44979 0.48924 0.5215 0.54841 0.57154 0.59129 0.60756 0.62009 0.62869 0.63324 0.63373 0.63024 0.62295 0.6121 0.59807 0.58131 0.56245 0.54232 0.52198 0.50281 0.48651 0.47511 0.47089 0.47617 0.49286 0.52122 0.56054 0.61092 0.67191
0.51902 0.49875 0.53561 0.49393 0.27982 0.091154 0.22947 0.26475 0.23839 0.21761 0.21503 0.21408 0.19949 0.1715 0.15074 0.16792 0.22035 0.28361 0.34424 0.39818 0.4448 0.48398 0.51621 0.54317 0.56634 0.58609 0.6023 0.61473 0.62318 0.62755 0.62782 0.62409 0.61652 0.60537 0.59098 0.57382 0.5545 0.53384 0.51292 0.49311 0.47614 0.46411 0.45936 0.46431 0.48094 0.50956 0.54947 0.60068 0.66268
0.56187 0.4668 0.50927 0.50002 0.30485 0.14492 0.24118 0.26038 0.23019 0.2123 0.21602 0.22154 0.21312 0.19105 0.1731 0.18491 0.22872 0.28577 0.34274 0.39473 0.44039 0.47917 0.51128 0.53823 0.56139 0.5811 0.59723 0.60953 0.61783 0.622 0.62206 0.61809 0.61025 0.59879 0.58405 0.56649 0.54672 0.52554 0.50403 0.48357 0.46593 0.45324 0.44795 0.45254 0.4691 0.49798 0.53847 0.59052 0.65352
0.54121 0.4219 0.48407 0.50917 0.33627 0.19592 0.25541 0.25517 0.22049 0.20596 0.2165 0.2286 0.22614 0.2094 0.19396 0.20177 0.23803 0.28895 0.34211 0.39196 0.43652 0.47478 0.50669 0.53357 0.55668 0.57632 0.59234 0.6045 0.61262 0.61661 0.61644 0.61223 0.60412 0.59236 0.57728 0.55933 0.53911 0.51741 0.49531 0.4742 0.45587 0.44251 0.43664 0.44087 0.45734 0.48648 0.52756 0.58044 0.64443
0.46393 0.36071 0.4604 0.51967 0.37024 0.24312 0.27028 0.24877 0.20917 0.1986 0.21645 0.23513 0.23835 0.22646 0.21329 0.2181 0.24785 0.29294 0.34222 0.3898 0.43315 0.47081 0.50244 0.52918 0.55219 0.57173 0.58762 0.59963 0.60757 0.61135 0.61097 0.60652 0.59814 0.58609 0.57068 0.55234 0.53167 0.50946 0.48677 0.465 0.44597 0.43191 0.42546 0.42929 0.44567 0.47507 0.51674 0.57045 0.63542
0.34473 0.28548 0.4391 0.52992 0.40377 0.28576 0.28426 0.2409 0.19615 0.19031 0.21592 0.24107 0.24963 0.24216 0.23111 0.23367 0.25787 0.29751 0.34295 0.38821 0.43024 0.46722 0.4985 0.52505 0.54793 0.56733 0.58307 0.59491 0.60267 0.60624 0.60564 0.60095 0.59231 0.57997 0.56423 0.54552 0.52441 0.50169 0.47841 0.45598 0.43623 0.42146 0.41439 0.41782 0.43409 0.46374 0.50601 0.56055 0.62649
0.209 0.20635 0.42146 0.5387 0.43487 0.32335 0.29626 0.23134 0.18142 0.18123 0.21499 0.24639 0.25993 0.25648 0.24741 0.24831 0.26783 0.30248 0.34421 0.38711 0.42777 0.46399 0.49487 0.52118 0.54388 0.56312 0.57869 0.59034 0.5979 0.60127 0.60045 0.59552 0.58663 0.574 0.55794 0.53886 0.51732 0.4941 0.47023 0.44713 0.42665 0.41116 0.40345 0.40645 0.42261 0.45252 0.49539 0.55075 0.61766
0.10839 0.14985 0.40867 0.54526 0.46233 0.35565 0.30561 0.22 0.165 0.17161 0.21379 0.2511 0.2692 0.26941 0.26223 0.26193 0.27754 0.30769 0.34588 0.38644 0.4257 0.46111 0.49152 0.51755 0.54004 0.55908 0.57447 0.58593 0.59328 0.59644 0.59539 0.59023 0.58109 0.56818 0.55181 0.53237 0.51041 0.48669 0.46224 0.43846 0.41725 0.40101 0.39264 0.3952 0.41123 0.4414 0.48486 0.54106 0.60892
0.14305 0.15797 0.4011 0.54927 0.48561 0.38276 0.31206 0.2069 0.14697 0.16177 0.21246 0.25522 0.27746 0.28096 0.27557 0.27448 0.28684 0.31301 0.34788 0.38616 0.424 0.45855 0.48845 0.51415 0.53639 0.55522 0.5704 0.58165 0.58879 0.59173 0.59047 0.58508 0.57569 0.56252 0.54584 0.52605 0.50367 0.47946 0.45443 0.42998 0.40802 0.39101 0.38196 0.38405 0.39996 0.43038 0.47445 0.53148 0.60029
0.23619 0.217 0.39793 0.55077 0.50468 0.40501 0.31574 0.19228 0.12744 0.1521 0.21115 0.2588 0.28469 0.29117 0.28748 0.28591 0.29564 0.31832 0.35012 0.38622 0.42262 0.4563 0.48565 0.51098 0.53294 0.55153 0.56649 0.57752 0.58444 0.58716 0.58568 0.58006 0.57044 0.557 0.54003 0.5199 0.49711 0.47241 0.4468 0.42168 0.39896 0.38117 0.37141 0.37302 0.38879 0.41947 0.46416 0.52201 0.59177
0.3255 0.28329 0.39726 0.55004 0.51987 0.42303 0.31714 0.17659 0.10658 0.1431 0.21003 0.26188 0.29093 0.30005 0.29799 0.29623 0.30385 0.32352 0.35254 0.38655 0.42155 0.45432 0.48308 0.50801 0.52967 0.548 0.56272 0.57352 0.58022 0.58272 0.58102 0.57518 0.56532 0.55163 0.53438 0.51391 0.49073 0.46555 0.43937 0.41357 0.39009 0.3715 0.36101 0.3621 0.37772 0.40867 0.45398 0.51267 0.58336
0.40192 0.3368 0.39676 0.54752 0.5318 0.43765 0.31704 0.16058 0.084631 0.13531 0.20922 0.26449 0.29619 0.30764 0.30714 0.30542 0.31142 0.32855 0.35507 0.38712 0.42076 0.4526 0.48075 0.50525 0.52658 0.54463 0.55909 0.56965 0.57612 0.57841 0.57648 0.57042 0.56034 0.54641 0.52888 0.50808 0.48452 0.45888 0.43213 0.40566 0.3814 0.36199 0.35074 0.35131 0.36677 0.39799 0.44393 0.50346 0.57507
0.45773 0.36981 0.39434 0.54375 0.54121 0.44983 0.31652 0.14545 0.061917 0.12932 0.20883 0.26667 0.3005 0.31398 0.31496 0.31352 0.31833 0.33335 0.35767 0.3879 0.4202 0.45113 0.47865 0.50269 0.52366 0.54141 0.5556 0.56591 0.57215 0.57421 0.57208 0.5658 0.5555 0.54133 0.52353 0.50243 0.47849 0.45239 0.42508 0.39793 0.3729 0.35264 0.34061 0.34063 0.35593 0.38743 0.434 0.49437 0.56691
0.48467 0.3798 0.38861 0.53934 0.54893 0.46062 0.31681 0.13289 0.039145 0.12567 0.20894 0.26846 0.30389 0.31911 0.32151 0.32054 0.32455 0.33787 0.36027 0.38884 0.41987 0.44988 0.47674 0.5003 0.52089 0.53833 0.55224 0.56229 0.5683 0.57014 0.56779 0.56131 0.55079 0.53639 0.51833 0.49693 0.47263 0.44608 0.41822 0.39041 0.36458 0.34347 0.33063 0.33008 0.3452 0.37699 0.42421 0.48542 0.55887
0.47889 0.36715 0.37912 0.5349 0.55577 0.47106 0.31917 0.12503 0.019418 0.12472 0.20958 0.26986 0.30639 0.32306 0.32683 0.32651 0.33009 0.34209 0.36285 0.38991 0.41973 0.44884 0.47503 0.49809 0.51829 0.53539 0.549 0.5588 0.56456 0.56618 0.56362 0.55693 0.54621 0.53159 0.51329 0.4916 0.46694 0.43996 0.41156 0.38308 0.35646 0.33447 0.3208 0.31965 0.33459 0.36667 0.41456 0.47662 0.55097
0.44244 0.33436 0.36625 0.531 0.56245 0.48204 0.3247 0.12393 0.021104 0.12658 0.21075 0.27089 0.30802 0.32588 0.33097 0.33146 0.33494 0.34599 0.36539 0.39109 0.41977 0.44799 0.47351 0.49605 0.51583 0.53258 0.54589 0.55542 0.56094 0.56233 0.55957 0.55268 0.54176 0.52693 0.50839 0.48642 0.46143 0.43402 0.40509 0.37594 0.34853 0.32565 0.31112 0.30934 0.3241 0.35649 0.40505 0.46795 0.5432
0.38141 0.28539 0.35111 0.52818 0.56953 0.49426 0.33419 0.13052 0.042016 0.13106 0.2124 0.27155 0.30881 0.32761 0.33398 0.33544 0.33911 0.34955 0.36785 0.39235 0.41997 0.44731 0.47215 0.49416 0.51351 0.52989 0.5429 0.55215 0.55743 0.5586 0.55563 0.54855 0.53743 0.5224 0.50364 0.4814 0.45609 0.42827 0.39882 0.36901 0.34079 0.31701 0.30159 0.29916 0.31373 0.34643 0.39568 0.45944 0.53557
0.30409 0.22557 0.33534 0.52686 0.57741 0.50817 0.34793 0.14413 0.065653 0.13773 0.21445 0.27182 0.30878 0.3283 0.3359 0.33849 0.34264 0.35277 0.37022 0.39368 0.4203 0.44679 0.47095 0.49241 0.51132 0.52733 0.54002 0.54899 0.55402 0.55497 0.5518 0.54453 0.53323 0.518 0.49903 0.47654 0.45091 0.4227 0.39273 0.36228 0.33326 0.30856 0.29222 0.28911 0.30348 0.33651 0.38646 0.45108 0.52809
0.22278 0.16218 0.32086 0.52734 0.58625 0.52391 0.36574 0.16302 0.089506 0.14606 0.2168 0.2717 0.30795 0.32798 0.3368 0.34065 0.34554 0.35565 0.37248 0.39505 0.42075 0.44643 0.4699 0.49081 0.50926 0.52489 0.53724 0.54593 0.55072 0.55145 0.54808 0.54063 0.52915 0.51374 0.49456 0.47183 0.4459 0.41731 0.38685 0.35575 0.32593 0.30029 0.283 0.27919 0.29335 0.32672 0.3774 0.44287 0.52075
0.16353 0.10815 0.30967 0.5298 0.59607 0.54134 0.38703 0.18533 0.11293 0.1555 0.21931 0.27115 0.30635 0.32671 0.33672 0.34198 0.34785 0.3582 0.37464 0.39645 0.42131 0.44619 0.46899 0.48933 0.50732 0.52256 0.53458 0.54298 0.54751 0.54803 0.54446 0.53684 0.52519 0.5096 0.49023 0.46727 0.44106 0.4121 0.38115 0.34943 0.3188 0.29221 0.27394 0.2694 0.28334 0.31708 0.36849 0.43482 0.51356
0.16702 0.090445 0.3035 0.53425 0.60667 0.56014 0.41098 0.20952 0.13559 0.16553 0.22187 0.27016 0.30399 0.32451 0.33571 0.34251 0.34959 0.36044 0.37668 0.39788 0.42196 0.44608 0.46821 0.48798 0.50549 0.52033 0.53201 0.54012 0.5444 0.5447 0.54095 0.53315 0.52134 0.50559 0.48604 0.46287 0.43638 0.40706 0.37565 0.3433 0.31188 0.28432 0.26505 0.25974 0.27345 0.30757 0.35974 0.42694 0.50652
0.2214 0.11864 0.30344 0.54055 0.61775 0.57978 0.43665 0.23444 0.15725 0.17573 0.22433 0.2687 0.30089 0.32145 0.33383 0.3423 0.3508 0.36236 0.37861 0.39932 0.42269 0.44608 0.46754 0.48675 0.50377 0.5182 0.52954 0.53736 0.54139 0.54147 0.53754 0.52957 0.51761 0.50171 0.48198 0.45861 0.43187 0.40221 0.37034 0.33739 0.30517 0.27663 0.25632 0.25021 0.26369 0.29821 0.35115 0.41922 0.49964
0.27954 0.16037 0.30974 0.54842 0.62893 0.59971 0.4631 0.25924 0.1777 0.18574 0.22657 0.26673 0.29708 0.31755 0.33114 0.3414 0.35151 0.36401 0.38042 0.40076 0.4235 0.44619 0.46699 0.48562 0.50215 0.51617 0.52716 0.53468 0.53847 0.53834 0.53422 0.5261 0.51399 0.49794 0.47805 0.45449 0.42751 0.39753 0.36522 0.33167 0.29867 0.26914 0.24776 0.24081 0.25406 0.28899 0.34273 0.41167 0.49292
0.31677 0.19665 0.32178 0.55743 0.63976 0.61929 0.48947 0.28329 0.19679 0.19529 0.22847 0.26425 0.29257 0.31286 0.32768 0.33986 0.35177 0.36538 0.38212 0.4022 0.42437 0.44639 0.46653 0.48459 0.50063 0.51423 0.52487 0.5321 0.53563 0.53529 0.531 0.52272 0.51047 0.49429 0.47425 0.45051 0.4233 0.39302 0.36029 0.32617 0.29238 0.26186 0.23938 0.23154 0.24455 0.27993 0.33448 0.40429 0.48635
0.32405 0.22192 0.33837 0.56703 0.6498 0.63798 0.51502 0.3061 0.21438 0.20416 0.22994 0.26122 0.28738 0.30743 0.3235 0.33774 0.35162 0.36652 0.38372 0.40364 0.4253 0.44667 0.46618 0.48365 0.4992 0.51238 0.52266 0.52959 0.53288 0.53234 0.52787 0.51945 0.50706 0.49075 0.47058 0.44668 0.41925 0.38868 0.35555 0.32086 0.2863 0.25478 0.23116 0.22241 0.23516 0.27102 0.3264 0.39709 0.47994
0.30083 0.23593 0.35806 0.57657 0.65862 0.65524 0.53911 0.32734 0.23039 0.21219 0.23087 0.25764 0.28153 0.30129 0.31868 0.33509 0.35109 0.36742 0.38522 0.40508 0.42627 0.44703 0.46591 0.48281 0.49785 0.51061 0.52054 0.52717 0.53021 0.52946 0.52483 0.51626 0.50375 0.48732 0.46703 0.44297 0.41536 0.38451 0.351 0.31576 0.28044 0.24791 0.22312 0.21341 0.2259 0.26226 0.3185 0.39007 0.47369
0.25159 0.24197 0.37943 0.58536 0.66585 0.67066 0.56125 0.34675 0.24474 0.21925 0.23121 0.25347 0.27504 0.29449 0.31325 0.33196 0.35023 0.36813 0.38664 0.4065 0.42729 0.44746 0.46572 0.48205 0.49659 0.50892 0.51849 0.52482 0.52762 0.52667 0.52187 0.51317 0.50055 0.48401 0.4636 0.43941 0.41161 0.38051 0.34663 0.31087 0.2748 0.24125 0.21527 0.20455 0.21677 0.25366 0.31078 0.38322 0.46761
0.18273 0.2462 0.40113 0.59272 0.67118 0.68388 0.58106 0.36413 0.2574 0.22527 0.23089 0.24872 0.26794 0.28707 0.30727 0.32841 0.34908 0.36867 0.38797 0.40791 0.42835 0.44795 0.4656 0.48136 0.4954 0.50731 0.51651 0.52255 0.5251 0.52395 0.519 0.51017 0.49744 0.4808 0.46028 0.43597 0.408 0.37667 0.34244 0.30618 0.26937 0.23482 0.2076 0.19582 0.20777 0.24522 0.30324 0.37656 0.46169
0.102 0.25606 0.42195 0.59798 0.67437 0.69467 0.59828 0.37939 0.26834 0.23019 0.22988 0.24339 0.26025 0.27907 0.3008 0.32449 0.34768 0.36905 0.38923 0.40932 0.42943 0.4485 0.46555 0.48075 0.49429 0.50576 0.51461 0.52035 0.52266 0.52132 0.51621 0.50725 0.49442 0.47769 0.45708 0.43266 0.40454 0.37298 0.33844 0.30169 0.26417 0.2286 0.20012 0.18723 0.19889 0.23694 0.29589 0.37008 0.45594
0.047377 0.27696 0.44076 0.60054 0.67526 0.70287 0.61272 0.39246 0.27758 0.234 0.22815 0.23748 0.252 0.27055 0.2939 0.32026 0.34606 0.3693 0.39043 0.41072 0.43055 0.4491 0.46557 0.4802 0.49324 0.50428 0.51277 0.51821 0.52028 0.51875 0.51349 0.50442 0.4915 0.47468 0.454 0.42947 0.40121 0.36946 0.33461 0.2974 0.25918 0.22261 0.19284 0.17877 0.19014 0.22884 0.28874 0.36378 0.45036
0.12409 0.30935 0.45649 0.59993 0.6738 0.7084 0.62432 0.40334 0.28515 0.2367 0.22571 0.23099 0.24321 0.26153 0.28662 0.31576 0.34428 0.36946 0.39158 0.41211 0.4317 0.44975 0.46564 0.47971 0.49225 0.50287 0.51099 0.51614 0.51798 0.51626 0.51085 0.50167 0.48866 0.47178 0.45101 0.4264 0.39803 0.36609 0.33096 0.29331 0.25442 0.21685 0.18576 0.17046 0.18152 0.22091 0.28178 0.35768 0.44494
0.23331 0.34911 0.46817 0.5958 0.66998 0.71127 0.63305 0.41207 0.29112 0.23831 0.22256 0.22395 0.23391 0.25207 0.27901 0.31107 0.34237 0.36953 0.3927 0.4135 0.43286 0.45044 0.46577 0.47928 0.49133 0.50151 0.50928 0.51414 0.51574 0.51384 0.50829 0.49901 0.48591 0.46896 0.44814 0.42345 0.39497 0.36287 0.32748 0.28941 0.24988 0.21132 0.17888 0.16228 0.17303 0.21315 0.27501 0.35176 0.43969
0.34158 0.3903 0.47493 0.58793 0.6639 0.71155 0.63899 0.41871 0.29556 0.23887 0.21872 0.21638 0.22412 0.24222 0.27115 0.30622 0.34037 0.36954 0.39378 0.41488 0.43405 0.45117 0.46594 0.47891 0.49045 0.50021 0.50763 0.51219 0.51356 0.51148 0.5058 0.49641 0.48325 0.46624 0.44537 0.42062 0.39205 0.3598 0.32417 0.28572 0.24556 0.20603 0.17221 0.15424 0.16466 0.20557 0.26845 0.34604 0.43461
0.4372 0.42737 0.47608 0.57629 0.65571 0.70934 0.64223 0.42337 0.29857 0.23846 0.21422 0.20831 0.21389 0.23201 0.26309 0.30129 0.33833 0.36952 0.39484 0.41627 0.43526 0.45193 0.46615 0.47858 0.48963 0.49897 0.50602 0.5103 0.51144 0.50919 0.50337 0.49389 0.48066 0.46361 0.44269 0.4179 0.38925 0.35687 0.32103 0.28221 0.24146 0.20098 0.16577 0.14635 0.15643 0.19818 0.2621 0.34051 0.42969
0.51074 0.45614 0.47109 0.56099 0.64561 0.70481 0.64294 0.4262 0.30025 0.23713 0.20912 0.19977 0.20324 0.2215 0.25489 0.29631 0.33626 0.36948 0.39589 0.41765 0.43648 0.45272 0.46641 0.4783 0.48886 0.49777 0.50448 0.50847 0.50938 0.50695 0.50102 0.49145 0.47816 0.46106 0.44012 0.41528 0.38657 0.35409 0.31805 0.2789 0.23759 0.19618 0.15955 0.1386 0.14832 0.19099 0.25596 0.33517 0.42494
0.55616 0.47394 0.45972 0.54228 0.63387 0.69815 0.64131 0.42733 0.30073 0.23498 0.20347 0.19079 0.19221 0.21073 0.24661 0.29136 0.33422 0.36945 0.39693 0.41904 0.43772 0.45354 0.4667 0.47805 0.48813 0.49663 0.50298 0.50669 0.50737 0.50478 0.49872 0.48907 0.47573 0.4586 0.43763 0.41277 0.38402 0.35144 0.31523 0.27578 0.23393 0.19162 0.15358 0.131 0.14035 0.18399 0.25003 0.33003 0.42036
0.57209 0.47956 0.44193 0.52057 0.62076 0.68957 0.63754 0.42694 0.30015 0.23211 0.19734 0.18143 0.18082 0.19976 0.23834 0.28647 0.33224 0.36944 0.39799 0.42043 0.43897 0.45438 0.46702 0.47785 0.48745 0.49552 0.50153 0.50495 0.50542 0.50267 0.49649 0.48676 0.47337 0.45622 0.43524 0.41037 0.38158 0.34893 0.31257 0.27284 0.2305 0.18732 0.14784 0.12356 0.13251 0.1772 0.24432 0.32509 0.41595
0.56175 0.47307 0.41794 0.4964 0.60659 0.67929 0.63188 0.42521 0.29864 0.22862 0.1908 0.17174 0.16911 0.18865 0.23012 0.28171 0.33034 0.36948 0.39905 0.42183 0.44023 0.45524 0.46737 0.47768 0.4868 0.49446 0.50012 0.50327 0.50352 0.50061 0.49432 0.48452 0.47109 0.45392 0.43294 0.40806 0.37925 0.34654 0.31006 0.27008 0.22728 0.18327 0.14236 0.11627 0.1248 0.17062 0.23884 0.32034 0.41171
0.53169 0.45556 0.38817 0.47042 0.59164 0.66753 0.62455 0.42232 0.29635 0.22463 0.18395 0.16177 0.15712 0.17745 0.22205 0.27713 0.32857 0.36957 0.40014 0.42324 0.4415 0.45611 0.46774 0.47754 0.48619 0.49344 0.49876 0.50163 0.50167 0.4986 0.4922 0.48234 0.46887 0.4517 0.43072 0.40584 0.37703 0.34429 0.3077 0.2675 0.22428 0.17948 0.13715 0.10914 0.11723 0.16426 0.23357 0.31579 0.40762
0.48985 0.4289 0.35322 0.44338 0.57621 0.65452 0.61579 0.41846 0.29343 0.22027 0.17689 0.1516 0.14488 0.16624 0.2142 0.27278 0.32694 0.36973 0.40126 0.42465 0.44279 0.45701 0.46814 0.47743 0.48561 0.49245 0.49743 0.50004 0.49987 0.49664 0.49014 0.48022 0.46672 0.44955 0.42858 0.40373 0.37492 0.34215 0.30548 0.26509 0.22149 0.17594 0.13222 0.10219 0.1098 0.15813 0.22854 0.31144 0.40371
0.44347 0.39551 0.3138 0.41611 0.56057 0.64045 0.60584 0.41381 0.29004 0.21565 0.16972 0.14129 0.13243 0.15508 0.20665 0.26871 0.32549 0.36998 0.4024 0.42608 0.44408 0.45791 0.46855 0.47734 0.48506 0.4915 0.49615 0.49848 0.49811 0.49473 0.48814 0.47815 0.46464 0.44747 0.42652 0.4017 0.37291 0.34014 0.30341 0.26286 0.21891 0.17267 0.12758 0.09541 0.10251 0.15224 0.22374 0.30728 0.39996
0.39777 0.35811 0.2707 0.38954 0.54494 0.62553 0.59493 0.40856 0.28631 0.21092 0.16257 0.13094 0.11979 0.14408 0.19948 0.26496 0.32424 0.37033 0.40359 0.42753 0.44537 0.45883 0.46899 0.47728 0.48454 0.49058 0.4949 0.49697 0.4964 0.49288 0.48618 0.47615 0.46262 0.44546 0.42454 0.39975 0.371 0.33824 0.30147 0.26079 0.21654 0.16966 0.12324 0.088825 0.095374 0.1466 0.21918 0.30332 0.39636
0.35558 0.31965 0.22474 0.36463 0.52952 0.60992 0.58325 0.40285 0.28238 0.20618 0.15555 0.12064 0.107 0.13332 0.19279 0.26159 0.3232 0.37078 0.40482 0.42898 0.44668 0.45976 0.46943 0.47724 0.48404 0.48969 0.49368 0.49549 0.49472 0.49106 0.48428 0.4742 0.46065 0.44351 0.42263 0.39789 0.36919 0.33645 0.29967 0.25889 0.21437 0.16691 0.11922 0.082447 0.088391 0.14122 0.21485 0.29956 0.39293
0.31798 0.28314 0.17671 0.34235 0.51444 0.59377 0.57099 0.39686 0.27839 0.20159 0.14881 0.11053 0.094106 0.12295 0.18665 0.25861 0.3224 0.37135 0.4061 0.43046 0.44799 0.46069 0.46989 0.47721 0.48357 0.48883 0.4925 0.49405 0.49309 0.48929 0.48242 0.4723 0.45875 0.44163 0.4208 0.39612 0.36747 0.33478 0.29799 0.25714 0.2124 0.16442 0.11552 0.076296 0.081574 0.13612 0.21077 0.296 0.38966
0.28511 0.25158 0.12732 0.32363 0.49982 0.57721 0.55833 0.39071 0.27445 0.19724 0.14249 0.10075 0.081126 0.11312 0.18117 0.25609 0.32185 0.37204 0.40743 0.43194 0.4493 0.46162 0.47036 0.4772 0.48312 0.488 0.49134 0.49265 0.49149 0.48756 0.48061 0.47045 0.4569 0.43981 0.41903 0.39441 0.36584 0.3332 0.29644 0.25555 0.21063 0.16219 0.11216 0.070398 0.074933 0.13131 0.20693 0.29263 0.38654
0.2566 0.22776 0.077826 0.30921 0.48569 0.56034 0.5454 0.38452 0.27067 0.19326 0.13675 0.091504 0.068094 0.10402 0.17642 0.25403 0.32156 0.37286 0.4088 0.43345 0.45062 0.46256 0.47084 0.47721 0.48269 0.48719 0.49022 0.49127 0.48993 0.48587 0.47884 0.46865 0.45511 0.43805 0.41733 0.39279 0.36429 0.33173 0.29501 0.2541 0.20905 0.16021 0.10916 0.064786 0.068486 0.1268 0.20334 0.28945 0.38358
0.23157 0.21378 0.028175 0.29959 0.47206 0.54323 0.53233 0.37839 0.26713 0.18975 0.13172 0.08304 0.055044 0.095897 0.17248 0.25247 0.32155 0.37381 0.41024 0.43497 0.45194 0.46351 0.47132 0.47722 0.48227 0.4864 0.48912 0.48993 0.48841 0.48422 0.47712 0.46689 0.45336 0.43635 0.41569 0.39124 0.36283 0.33035 0.2937 0.2528 0.20766 0.15849 0.10651 0.059502 0.062255 0.1226 0.19999 0.28647 0.38077
0.2086 0.21039 0.02189 0.29486 0.45887 0.52593 0.5192 0.3724 0.26392 0.18679 0.12755 0.075672 0.042012 0.089028 0.16942 0.25143 0.32181 0.3749 0.41172 0.4365 0.45326 0.46445 0.47181 0.47725 0.48187 0.48563 0.48805 0.48862 0.48692 0.48261 0.47543 0.46519 0.45167 0.4347 0.41412 0.38975 0.36145 0.32907 0.2925 0.25164 0.20644 0.15702 0.10423 0.054603 0.056272 0.11873 0.19689 0.28367 0.37811
0.1863 0.21675 0.072632 0.29469 0.44605 0.50849 0.5061 0.36661 0.26107 0.18444 0.12436 0.069773 0.028931 0.083727 0.1673 0.25091 0.32236 0.37612 0.41327 0.43805 0.45458 0.46539 0.4723 0.47728 0.48149 0.48488 0.487 0.48733 0.48546 0.48103 0.47379 0.46352 0.45002 0.43311 0.4126 0.38833 0.36014 0.32787 0.2914 0.25061 0.2054 0.15579 0.10233 0.050159 0.050582 0.1152 0.19404 0.28106 0.3756
0.16453 0.231 0.11866 0.29838 0.4335 0.4909 0.49306 0.36105 0.25863 0.18274 0.12223 0.06574 0.016356 0.080293 0.16614 0.25092 0.32318 0.37748 0.41487 0.43962 0.4559 0.46632 0.47279 0.47732 0.48111 0.48415 0.48597 0.48607 0.48403 0.47949 0.47218 0.4619 0.44842 0.43156 0.41114 0.38698 0.35891 0.32676 0.29041 0.24971 0.20453 0.1548 0.10079 0.046257 0.045249 0.11203 0.19144 0.27864 0.37323
0.14613 0.25118 0.16414 0.30502 0.42106 0.47319 0.48013 0.35575 0.25661 0.18171 0.12121 0.063897 0.0030046 0.078941 0.16595 0.25146 0.32429 0.37898 0.41652 0.4412 0.45722 0.46726 0.47328 0.47737 0.48075 0.48343 0.48496 0.48484 0.48262 0.47798 0.47061 0.46031 0.44686 0.43007 0.40974 0.38569 0.35774 0.32574 0.28952 0.24893 0.20382 0.15404 0.099632 0.042997 0.040362 0.10923 0.18909 0.2764 0.37101
0.1382 0.27579 0.20743 0.31359 0.40862 0.45533 0.46733 0.35071 0.255 0.18135 0.12131 0.064376 0.009768 0.079736 0.16674 0.25251 0.32568 0.38061 0.41823 0.4428 0.45854 0.46818 0.47376 0.47742 0.4804 0.48273 0.48398 0.48363 0.48125 0.4765 0.46908 0.45877 0.44535 0.42862 0.40839 0.38446 0.35665 0.32479 0.28872 0.24827 0.20326 0.1535 0.098837 0.040489 0.036049 0.1068 0.18698 0.27434 0.36892
0.14962 0.30378 0.24829 0.32313 0.396 0.43732 0.45466 0.34592 0.25378 0.18162 0.12247 0.067067 0.01985 0.082575 0.16846 0.25407 0.32733 0.38237 0.41999 0.4444 0.45985 0.46911 0.47425 0.47747 0.48006 0.48205 0.48301 0.48244 0.4799 0.47505 0.46758 0.45726 0.44388 0.42722 0.40708 0.38328 0.35562 0.32392 0.28802 0.24773 0.20286 0.15317 0.0984 0.038832 0.032474 0.10476 0.18511 0.27246 0.36698
