0.28654 0.19372 0.31947 0.43832 0.4301 0.39946 0.40836 0.37024 0.26612 0.1557 0.082607 0.04911 0.037022 0.031789 0.028043 0.023598 0.017847 0.011824 0.0079382 0.0082166 0.010462 0.013213 0.017322 0.02371 0.032324 0.042511 0.053495 0.064584 0.075234 0.08507 0.093883 0.10162 0.10834 0.11424 0.11956 0.12459 0.12964 0.13503 0.14104 0.14793 0.15595 0.16528 0.17613 0.18869 0.2032 0.21994 0.23926 0.2616 0.28751
0.34069 0.25799 0.29733 0.31775 0.40317 0.47662 0.47167 0.40496 0.30175 0.1972 0.11877 0.076122 0.067954 0.076424 0.085753 0.091788 0.094805 0.095959 0.096311 0.096558 0.097013 0.097709 0.098551 0.09947 0.10047 0.10163 0.10302 0.10467 0.10657 0.10864 0.11082 0.11307 0.11536 0.11769 0.12011 0.12265 0.12535 0.12822 0.13126 0.13444 0.13775 0.14116 0.1447 0.14848 0.15274 0.15794 0.1648 0.17434 0.18789
0.45945 0.59054 0.68479 0.61227 0.43764 0.26707 0.18706 0.15133 0.11992 0.12536 0.14047 0.13964 0.12989 0.12471 0.12998 0.14205 0.15493 0.16483 0.17035 0.17156 0.16924 0.16433 0.15769 0.15002 0.1419 0.1338 0.12606 0.11896 0.11269 0.10739 0.10317 0.10007 0.098088 0.097158 0.097138 0.097797 0.098826 0.099844 0.10042 0.10009 0.098353 0.094695 0.08858 0.079454 0.066748 0.049877 0.028272 0.0034972 0.032348
0.74512 0.51051 0.30911 0.26899 0.21876 0.10476 0.10133 0.23854 0.2978 0.28719 0.24956 0.21633 0.19872 0.19716 0.20662 0.21948 0.22942 0.23307 0.2298 0.22061 0.20716 0.19112 0.17385 0.1564 0.13951 0.12372 0.1094 0.096849 0.086374 0.078333 0.073123 0.071056 0.07216 0.076087 0.082214 0.089831 0.098286 0.10704 0.11566 0.12385 0.13142 0.13834 0.14478 0.15117 0.15825 0.16716 0.17937 0.19652 0.22024
0.23375 0.29734 0.22776 0.28337 0.3562 0.38057 0.33886 0.24903 0.15283 0.13364 0.19732 0.26098 0.30417 0.32704 0.33329 0.32693 0.31137 0.28939 0.26341 0.23555 0.20746 0.18032 0.15476 0.13102 0.10906 0.088627 0.069351 0.05085 0.032833 0.015496 0.0084046 0.024422 0.043103 0.06242 0.082134 0.10213 0.12231 0.14262 0.16304 0.18357 0.20431 0.2254 0.2471 0.26975 0.29382 0.3199 0.34867 0.38089 0.41736
0.54055 0.47611 0.20416 0.04593 0.059119 0.063075 0.21116 0.28826 0.28436 0.25705 0.24927 0.26474 0.29085 0.31417 0.32574 0.32238 0.30568 0.27979 0.24958 0.21912 0.19116 0.16705 0.1471 0.13088 0.11765 0.10666 0.097421 0.089929 0.08471 0.082729 0.085003 0.092051 0.10364 0.11905 0.13745 0.15816 0.18064 0.20455 0.22968 0.25592 0.28326 0.31176 0.34157 0.37292 0.40611 0.44149 0.47951 0.52065 0.5654
0.63615 0.69172 0.57148 0.48304 0.49521 0.49683 0.42962 0.32416 0.2314 0.18936 0.19822 0.22839 0.25624 0.27023 0.26721 0.24924 0.22096 0.18776 0.15499 0.12748 0.1092 0.10198 0.10408 0.1115 0.12071 0.12974 0.13785 0.14508 0.15185 0.15878 0.16653 0.17568 0.18669 0.1998 0.21512 0.23261 0.25217 0.27368 0.29703 0.32215 0.34903 0.37772 0.40833 0.44104 0.47609 0.51377 0.55443 0.59846 0.64623
0.31331 0.70487 0.79699 0.75577 0.65571 0.51728 0.33771 0.1416 0.047659 0.16714 0.2352 0.26352 0.26783 0.25634 0.23386 0.20396 0.16929 0.13211 0.09521 0.063537 0.048438 0.059436 0.083069 0.10819 0.13147 0.15207 0.17 0.18557 0.19927 0.21163 0.22323 0.23458 0.24614 0.25831 0.2714 0.28565 0.30125 0.31832 0.33699 0.3574 0.37966 0.40397 0.43054 0.45963 0.49158 0.52673 0.5655 0.60828 0.65546
0.33605 0.1993 0.24501 0.31058 0.18119 0.052433 0.23664 0.33109 0.34384 0.32089 0.29131 0.26477 0.24489 0.23429 0.23143 0.23059 0.22667 0.21797 0.20588 0.19328 0.18312 0.1775 0.17716 0.18159 0.18954 0.19964 0.21071 0.22196 0.23293 0.24341 0.25338 0.26293 0.27224 0.28149 0.29092 0.30075 0.3112 0.32253 0.33497 0.3488 0.36432 0.3819 0.40192 0.42486 0.45123 0.48156 0.51639 0.55623 0.60151
0.6165 0.564 0.34095 0.15856 0.19623 0.21426 0.16938 0.15548 0.1839 0.18074 0.12986 0.056519 0.040425 0.10683 0.16304 0.2026 0.22641 0.23766 0.24037 0.23831 0.23443 0.2307 0.22825 0.2276 0.22883 0.23173 0.23595 0.24104 0.2466 0.25229 0.25786 0.26317 0.26812 0.27271 0.27702 0.28117 0.28533 0.28977 0.29478 0.30076 0.30818 0.31764 0.3298 0.34546 0.36541 0.39046 0.42135 0.45867 0.50283
0.4421 0.6287 0.64594 0.51941 0.42978 0.37897 0.33894 0.33674 0.3545 0.34922 0.31712 0.27672 0.24236 0.21956 0.20773 0.20328 0.20291 0.20486 0.20832 0.21261 0.21707 0.22118 0.22472 0.2277 0.2303 0.23273 0.23513 0.23756 0.23995 0.24216 0.24402 0.24535 0.24599 0.24581 0.24478 0.2429 0.24028 0.23712 0.23373 0.2306 0.22841 0.22812 0.23096 0.23834 0.25172 0.27235 0.30107 0.33828 0.38396
0.38745 0.37383 0.24448 0.28237 0.40415 0.45283 0.42965 0.389 0.34412 0.29343 0.24636 0.20951 0.1786 0.14926 0.12386 0.10912 0.10965 0.12238 0.14039 0.15864 0.17472 0.18785 0.19805 0.20574 0.21146 0.21575 0.21901 0.2215 0.22331 0.22441 0.22468 0.22392 0.22195 0.21859 0.21368 0.20711 0.19884 0.18886 0.17727 0.16435 0.1507 0.13751 0.12704 0.12286 0.1291 0.14821 0.17984 0.22222 0.27364
0.22813 0.26645 0.3195 0.30591 0.24719 0.12548 0.03635 0.12051 0.12674 0.098058 0.10458 0.12403 0.12279 0.099861 0.067491 0.047096 0.059362 0.085837 0.11122 0.13235 0.1492 0.16247 0.17294 0.18133 0.18822 0.194 0.19889 0.20296 0.20615 0.20832 0.2093 0.2089 0.20692 0.20318 0.19751 0.18976 0.17977 0.16736 0.15232 0.13442 0.11339 0.088958 0.060918 0.029647 0.015124 0.052659 0.098662 0.15013 0.20688
0.12016 0.13435 0.27667 0.31127 0.32004 0.27853 0.22194 0.19155 0.16984 0.15491 0.16962 0.19346 0.20281 0.19486 0.17714 0.15845 0.1446 0.13733 0.1355 0.1371 0.14065 0.14539 0.15103 0.15743 0.1644 0.17164 0.17877 0.18541 0.1912 0.19585 0.19914 0.2009 0.20101 0.19939 0.19597 0.1907 0.18353 0.1744 0.16328 0.15019 0.13532 0.1192 0.10321 0.090467 0.086643 0.097431 0.12324 0.16063 0.20659
0.51941 0.54899 0.31287 0.22029 0.2455 0.30915 0.36771 0.40538 0.40416 0.36933 0.32301 0.28238 0.24969 0.2216 0.19652 0.17443 0.15559 0.14022 0.12857 0.12092 0.11745 0.1181 0.12247 0.12977 0.13901 0.14917 0.15939 0.16903 0.17764 0.18493 0.19077 0.1951 0.19793 0.1993 0.19927 0.19791 0.19531 0.19155 0.18673 0.18106 0.17488 0.1688 0.1638 0.16134 0.16329 0.17156 0.18757 0.21181 0.24399
0.23156 0.26905 0.2331 0.068819 0.028754 0.14362 0.29074 0.3852 0.39286 0.34417 0.28063 0.225 0.1831 0.15439 0.13528 0.12035 0.10574 0.090891 0.077874 0.069904 0.069436 0.076194 0.087716 0.10151 0.11591 0.12991 0.14293 0.15467 0.16495 0.17376 0.18115 0.18722 0.19211 0.19599 0.199 0.2013 0.20298 0.20416 0.20493 0.20544 0.20589 0.20665 0.20825 0.21141 0.21704 0.22611 0.23953 0.25797 0.28181
0.46172 0.62143 0.61282 0.51331 0.43435 0.39607 0.365 0.32126 0.26698 0.21515 0.16622 0.12006 0.086739 0.076596 0.079206 0.077798 0.066936 0.048044 0.024487 0.00097949 0.025239 0.048211 0.069109 0.087847 0.10449 0.11918 0.13206 0.14327 0.15299 0.1614 0.16871 0.17517 0.18101 0.18646 0.19172 0.19691 0.20212 0.20738 0.21267 0.21801 0.22342 0.22903 0.23506 0.24186 0.24989 0.25971 0.27187 0.28688 0.30518
0.52533 0.48389 0.44747 0.4038 0.37999 0.33809 0.25352 0.15236 0.10331 0.11202 0.099263 0.056649 0.011616 0.048798 0.080937 0.095728 0.095956 0.087234 0.076106 0.068705 0.068634 0.075167 0.085219 0.096284 0.10704 0.11693 0.12579 0.13363 0.14058 0.14683 0.15265 0.15834 0.16419 0.17048 0.17736 0.18492 0.19311 0.20182 0.21087 0.22007 0.22926 0.23836 0.24735 0.25636 0.26557 0.27528 0.28585 0.29765 0.31111
0.33398 0.20433 0.11727 0.098536 0.18803 0.23628 0.20631 0.1233 0.09865 0.14441 0.16142 0.15076 0.13786 0.13796 0.14642 0.15252 0.15148 0.14405 0.13342 0.12302 0.11519 0.11084 0.10967 0.11079 0.11324 0.11629 0.1195 0.12263 0.1257 0.12886 0.13244 0.1368 0.14231 0.14923 0.15766 0.16753 0.17857 0.19046 0.20278 0.21515 0.22722 0.23872 0.24946 0.25938 0.26849 0.27694 0.28495 0.29284 0.30103
0.33027 0.20301 0.14606 0.093223 0.17016 0.25197 0.30786 0.32501 0.31628 0.30423 0.28987 0.2715 0.25268 0.23702 0.22509 0.21442 0.20228 0.18775 0.1718 0.15622 0.14255 0.1316 0.12347 0.11777 0.11388 0.11119 0.10924 0.1078 0.10688 0.10679 0.10801 0.11113 0.11662 0.12469 0.13523 0.14786 0.16199 0.17701 0.1923 0.20727 0.22143 0.23437 0.24577 0.25542 0.26322 0.26919 0.27346 0.27633 0.27826
0.31131 0.44911 0.31619 0.19187 0.15743 0.21491 0.32352 0.3983 0.40792 0.37906 0.34516 0.32035 0.30267 0.28668 0.26964 0.25089 0.23048 0.20903 0.18772 0.1679 0.15058 0.13617 0.12453 0.11515 0.10739 0.10067 0.094592 0.089022 0.08421 0.080819 0.079855 0.082365 0.088957 0.099518 0.11335 0.12952 0.14707 0.16517 0.18305 0.20004 0.21557 0.22912 0.24028 0.24872 0.25423 0.2567 0.25618 0.2529 0.24734
0.38481 0.1837 0.21591 0.19016 0.15495 0.22944 0.30428 0.32423 0.2986 0.2694 0.2623 0.2714 0.28116 0.28222 0.27274 0.25492 0.23213 0.20754 0.18375 0.16251 0.14458 0.12987 0.1177 0.1072 0.09756 0.088155 0.078629 0.068973 0.059697 0.052155 0.048784 0.052094 0.062355 0.077725 0.096225 0.11643 0.13731 0.15805 0.17794 0.1963 0.21254 0.22608 0.23642 0.24313 0.24585 0.24436 0.23855 0.22848 0.21449
0.437 0.53009 0.49064 0.42378 0.3695 0.32646 0.27575 0.19863 0.1016 0.057253 0.12862 0.19327 0.23421 0.25206 0.25071 0.23576 0.21322 0.18841 0.16532 0.14609 0.13106 0.11932 0.10943 0.10007 0.090297 0.079544 0.067508 0.054097 0.039486 0.024666 0.015673 0.02545 0.0445 0.066162 0.088983 0.11226 0.13541 0.15782 0.17889 0.19797 0.21443 0.22765 0.23704 0.24207 0.24228 0.23729 0.22681 0.21064 0.18877
0.32813 0.34723 0.27721 0.30122 0.3471 0.3317 0.27783 0.22069 0.16485 0.12744 0.13907 0.17622 0.2076 0.22252 0.21997 0.20384 0.18044 0.15631 0.13645 0.12289 0.11472 0.1094 0.10449 0.098422 0.090457 0.08041 0.068378 0.05463 0.039704 0.025263 0.018868 0.030169 0.04965 0.071777 0.095107 0.11891 0.14256 0.16542 0.18684 0.20613 0.22259 0.23553 0.24431 0.24834 0.24709 0.24013 0.2271 0.20773 0.18185
0.22143 0.31543 0.20744 0.19584 0.23111 0.1926 0.15815 0.18939 0.20765 0.20007 0.19051 0.19179 0.19836 0.19907 0.18768 0.1651 0.13743 0.1129 0.098412 0.095291 0.098731 0.10311 0.10522 0.10398 0.099394 0.092006 0.082614 0.072254 0.062408 0.05539 0.054251 0.060895 0.074373 0.092449 0.11328 0.13557 0.15834 0.18074 0.20196 0.22119 0.23768 0.25068 0.25952 0.2636 0.26244 0.25568 0.24314 0.22485 0.20121
0.33382 0.16113 0.17039 0.2537 0.22411 0.12656 0.066849 0.13535 0.17658 0.18895 0.19004 0.19053 0.18972 0.1808 0.15924 0.12637 0.088816 0.058394 0.052799 0.069423 0.088958 0.10393 0.113 0.11658 0.11569 0.11155 0.10545 0.098746 0.09291 0.089551 0.090199 0.095833 0.1065 0.12148 0.13969 0.16004 0.18149 0.20308 0.2239 0.24308 0.25981 0.27333 0.28296 0.28817 0.28856 0.28397 0.27449 0.26058 0.24328
0.5609 0.58023 0.45402 0.3896 0.32482 0.2329 0.15127 0.11766 0.12195 0.14107 0.16372 0.1823 0.18858 0.17783 0.15025 0.10985 0.062878 0.017869 0.032488 0.068203 0.096403 0.11649 0.1292 0.13573 0.1375 0.13598 0.13258 0.12869 0.12558 0.12447 0.12637 0.132 0.14159 0.15492 0.17141 0.19027 0.2106 0.2315 0.25204 0.27134 0.28859 0.30303 0.31405 0.32117 0.32412 0.32289 0.31778 0.30953 0.29939
0.14147 0.29215 0.40275 0.38769 0.33385 0.22846 0.10664 0.034782 0.048514 0.097184 0.15314 0.19482 0.21198 0.20483 0.1793 0.14379 0.10857 0.08681 0.088397 0.10569 0.12572 0.14236 0.15391 0.16055 0.16319 0.16308 0.16148 0.1596 0.15853 0.1592 0.16238 0.16862 0.17817 0.19098 0.20671 0.2248 0.24452 0.26506 0.28557 0.30523 0.32324 0.3389 0.35166 0.36109 0.36703 0.36956 0.36908 0.36638 0.36269
0.21418 0.19733 0.19656 0.2921 0.33769 0.24678 0.11653 0.055807 0.074925 0.13615 0.20182 0.24756 0.26644 0.26139 0.24014 0.21153 0.18402 0.16483 0.15768 0.16079 0.16905 0.17792 0.18486 0.18909 0.19086 0.19096 0.19034 0.18995 0.19062 0.19306 0.1978 0.20524 0.21555 0.22874 0.24456 0.26258 0.28224 0.30282 0.3236 0.34382 0.36276 0.37978 0.39437 0.40619 0.41512 0.42127 0.42507 0.42726 0.42889
0.1287 0.23782 0.28409 0.38177 0.39312 0.25676 0.056702 0.10353 0.20263 0.26682 0.30989 0.33407 0.34014 0.33067 0.31061 0.28548 0.26041 0.23964 0.2257 0.21869 0.21666 0.21709 0.21798 0.21836 0.2181 0.21761 0.21752 0.21845 0.22095 0.22544 0.23221 0.24146 0.25327 0.26758 0.2842 0.30279 0.32288 0.34388 0.36518 0.38611 0.40604 0.42441 0.44076 0.4548 0.46644 0.4758 0.48326 0.48947 0.49532
0.76965 0.82932 0.74102 0.64184 0.55186 0.40905 0.29717 0.3335 0.40089 0.42984 0.42997 0.41941 0.40576 0.3896 0.37051 0.34878 0.32592 0.30415 0.28559 0.27128 0.26104 0.25385 0.24867 0.24483 0.24218 0.24095 0.24145 0.244 0.24877 0.25587 0.26529 0.27702 0.29099 0.30707 0.32508 0.34473 0.36565 0.38736 0.40935 0.43106 0.45196 0.47155 0.48945 0.50541 0.51933 0.53134 0.54177 0.55115 0.56021
0.3657 0.60944 0.79377 0.82728 0.8017 0.73249 0.65341 0.61362 0.59005 0.54981 0.49919 0.45801 0.43275 0.41806 0.40613 0.39181 0.37377 0.35321 0.33235 0.3131 0.29659 0.28312 0.27263 0.26506 0.26049 0.25906 0.26085 0.26579 0.27364 0.28412 0.29692 0.31178 0.3285 0.34688 0.36672 0.38781 0.40983 0.43242 0.45519 0.47767 0.49943 0.52006 0.53922 0.5567 0.57242 0.58649 0.59917 0.6109 0.62228
0.2657 0.40525 0.57447 0.73244 0.84593 0.86057 0.80909 0.73766 0.65139 0.55364 0.46816 0.41856 0.40435 0.40813 0.41339 0.41179 0.40158 0.38435 0.36302 0.34056 0.31935 0.30095 0.28635 0.27619 0.27088 0.27053 0.27492 0.28349 0.29553 0.31031 0.32722 0.3458 0.36573 0.38677 0.40875 0.43148 0.45476 0.47831 0.50184 0.52502 0.54747 0.56888 0.58897 0.60755 0.62457 0.64009 0.65436 0.66771 0.68063
0.1279 0.14528 0.28519 0.51364 0.66672 0.71227 0.71216 0.66813 0.56307 0.43026 0.33002 0.30299 0.33022 0.36945 0.39869 0.41226 0.41095 0.39775 0.37665 0.3518 0.32685 0.30467 0.28732 0.2762 0.27202 0.27475 0.28361 0.29743 0.3149 0.3349 0.35656 0.37929 0.40272 0.42662 0.45086 0.47531 0.49986 0.52434 0.54855 0.57226 0.59519 0.6171 0.63776 0.65702 0.67483 0.69127 0.7065 0.72081 0.73461
0.204 0.32113 0.36634 0.41962 0.42324 0.44128 0.52447 0.54192 0.43696 0.26611 0.12762 0.15635 0.2509 0.32602 0.37495 0.4004 0.40595 0.39555 0.37396 0.34643 0.31796 0.29276 0.27409 0.26414 0.26371 0.27217 0.28784 0.30865 0.33273 0.35867 0.38548 0.41256 0.43957 0.46633 0.49279 0.51889 0.54462 0.5699 0.59463 0.61867 0.64183 0.66392 0.6848 0.70433 0.72248 0.7393 0.75495 0.76966 0.78375
0.38943 0.53978 0.49328 0.3473 0.15868 0.18948 0.40716 0.49422 0.41937 0.25588 0.10409 0.12537 0.22374 0.30124 0.35389 0.38339 0.39144 0.38096 0.35686 0.32532 0.2927 0.26478 0.24632 0.24033 0.24716 0.26467 0.28961 0.31894 0.35044 0.38263 0.41465 0.44598 0.4764 0.50584 0.53431 0.56187 0.58857 0.61445 0.63948 0.66361 0.68672 0.70871 0.72945 0.74886 0.76692 0.78368 0.79927 0.81387 0.82776
0.4033 0.52641 0.56833 0.40959 0.24463 0.24891 0.41921 0.51847 0.48353 0.36843 0.26076 0.22384 0.25114 0.29815 0.34005 0.36616 0.37195 0.35782 0.32838 0.29058 0.2522 0.22118 0.20473 0.20682 0.22566 0.25579 0.29195 0.33059 0.36962 0.40786 0.44471 0.47989 0.51333 0.54507 0.57522 0.60393 0.63133 0.65753 0.6826 0.70656 0.72935 0.75092 0.7712 0.79015 0.80774 0.82404 0.83914 0.85322 0.86648
0.48674 0.6212 0.6126 0.49881 0.43461 0.42892 0.4891 0.54301 0.52146 0.43627 0.34341 0.28851 0.28052 0.3026 0.33223 0.35179 0.35186 0.33092 0.29323 0.24622 0.19908 0.16319 0.15153 0.16872 0.20542 0.25075 0.29858 0.34604 0.3918 0.43525 0.47617 0.51452 0.55037 0.5839 0.61529 0.64477 0.67253 0.69876 0.72359 0.74709 0.76928 0.79016 0.80968 0.82784 0.84463 0.86012 0.8744 0.8876 0.8999
0.59859 0.48451 0.34159 0.35004 0.43494 0.47371 0.49852 0.51737 0.49648 0.42713 0.34615 0.29549 0.28627 0.30472 0.32969 0.34351 0.3365 0.30706 0.25935 0.2005 0.13957 0.092822 0.092984 0.13799 0.19613 0.25556 0.31296 0.36726 0.4181 0.46543 0.50932 0.54994 0.58748 0.62218 0.65431 0.68412 0.71188 0.73781 0.76211 0.78488 0.80621 0.82612 0.84463 0.86172 0.87744 0.89182 0.90497 0.91701 0.92808
0.098013 0.27471 0.11213 0.20521 0.34532 0.39954 0.42228 0.43846 0.42245 0.35762 0.28439 0.25529 0.27273 0.30697 0.3356 0.34615 0.33288 0.29599 0.23997 0.17107 0.095253 0.018075 0.061511 0.13638 0.20767 0.2747 0.33726 0.39533 0.44905 0.4986 0.5442 0.58608 0.6245 0.65972 0.69203 0.72173 0.74911 0.77442 0.7979 0.81969 0.83991 0.85863 0.87588 0.89168 0.90608 0.91913 0.93092 0.94156 0.95117
0.53454 0.46147 0.33199 0.24414 0.25523 0.27427 0.30248 0.34218 0.33539 0.2575 0.17721 0.19137 0.25963 0.31957 0.35586 0.36546 0.34855 0.30824 0.25046 0.18303 0.11705 0.080547 0.11156 0.17476 0.24274 0.30899 0.37169 0.43024 0.48451 0.53457 0.58057 0.6227 0.66118 0.69627 0.72824 0.75738 0.78401 0.80839 0.83078 0.85135 0.87026 0.88757 0.90337 0.91769 0.93057 0.9421 0.95235 0.96142 0.96942
0.36763 0.40159 0.30932 0.21516 0.16169 0.142 0.18672 0.27322 0.27813 0.17246 0.037898 0.15472 0.27382 0.35351 0.39582 0.40562 0.38795 0.34879 0.29594 0.23947 0.19303 0.17444 0.19341 0.23898 0.29598 0.35589 0.41482 0.47106 0.52383 0.57284 0.61803 0.65945 0.69723 0.73156 0.76269 0.79087 0.81641 0.83958 0.86063 0.87978 0.89718 0.91293 0.92711 0.93979 0.95103 0.96089 0.96946 0.97683 0.98309
0.097205 0.168 0.20303 0.15612 0.096054 0.025179 0.12628 0.26621 0.29202 0.20127 0.12634 0.21839 0.33371 0.41487 0.45753 0.46688 0.44984 0.41391 0.36775 0.32135 0.28581 0.2714 0.28251 0.31487 0.36018 0.41149 0.46436 0.51631 0.56598 0.61267 0.65602 0.6959 0.73232 0.76535 0.79518 0.82203 0.84618 0.86788 0.8874 0.90495 0.92068 0.93473 0.94718 0.95811 0.96758 0.97568 0.98247 0.98806 0.99251
0.15946 0.083423 0.14886 0.11001 0.10104 0.11301 0.201 0.34083 0.38986 0.3454 0.30988 0.35455 0.43553 0.5023 0.5387 0.5454 0.52843 0.49525 0.45413 0.41386 0.38299 0.36836 0.37295 0.39501 0.42976 0.47205 0.51783 0.56433 0.60981 0.65322 0.69393 0.73161 0.76609 0.79736 0.82551 0.85073 0.87323 0.89326 0.91107 0.92688 0.94083 0.95308 0.96371 0.97281 0.98045 0.98671 0.99168 0.99542 0.99802
0.44734 0.24431 0.12818 0.017672 0.15611 0.26815 0.37458 0.4937 0.54901 0.52996 0.50195 0.51627 0.56263 0.60786 0.63303 0.63456 0.61623 0.5843 0.54601 0.50876 0.47933 0.46282 0.46167 0.47529 0.50081 0.53453 0.57299 0.6135 0.65415 0.69365 0.73115 0.76611 0.79822 0.82737 0.85355 0.87687 0.89752 0.91571 0.93169 0.94564 0.95774 0.96811 0.97686 0.98409 0.98985 0.99425 0.99736 0.99924 0.99999
0.40837 0.2372 0.19184 0.18409 0.32478 0.481 0.59988 0.6924 0.73253 0.71663 0.68543 0.67808 0.69632 0.71969 0.73164 0.72649 0.70571 0.6739 0.63694 0.60096 0.57149 0.55262 0.54648 0.55308 0.57065 0.59655 0.62794 0.66238 0.69793 0.73317 0.76708 0.79898 0.82843 0.85518 0.87915 0.90039 0.91904 0.93528 0.94932 0.96135 0.97153 0.97999 0.98684 0.99217 0.99605 0.99858 0.99984 0.99987 0.99877
0.14628 0.25625 0.43686 0.49256 0.59788 0.72922 0.82465 0.87945 0.89422 0.87351 0.83986 0.8201 0.81914 0.82481 0.8248 0.81332 0.7902 0.75831 0.72222 0.68693 0.65704 0.636 0.62572 0.62652 0.63737 0.65635 0.68121 0.70978 0.74023 0.77109 0.80124 0.82988 0.85646 0.88063 0.90224 0.92127 0.93781 0.95201 0.96406 0.97413 0.98237 0.98891 0.99385 0.9973 0.99932 1 0.99942 0.99765 0.99473
0.5401 0.63857 0.76316 0.81108 0.86379 0.93195 0.9746 0.98946 0.98836 0.97289 0.9471 0.92641 0.91656 0.91148 0.90357 0.88818 0.86422 0.83318 0.79845 0.76415 0.7342 0.71161 0.69814 0.69433 0.6996 0.71263 0.73163 0.75475 0.7803 0.80683 0.83319 0.8585 0.88212 0.90362 0.92278 0.93953 0.9539 0.96602 0.97605 0.98414 0.99044 0.99507 0.99813 0.99972 0.99992 0.9988 0.99644 0.99289 0.98822
0.51546 0.83952 0.98264 0.98932 0.99603 0.99916 0.98447 0.97504 0.98626 0.99923 0.99667 0.98692 0.97849 0.97095 0.96109 0.94585 0.92379 0.89545 0.86335 0.83097 0.80178 0.77853 0.76291 0.75562 0.75644 0.76449 0.77838 0.79658 0.81756 0.83995 0.86262 0.88462 0.90526 0.92407 0.94075 0.95519 0.96738 0.97741 0.98542 0.99155 0.99594 0.99869 0.99992 0.9997 0.99812 0.99526 0.99118 0.98594 0.97958
0.60828 0.83649 0.94451 0.95124 0.94613 0.89842 0.83508 0.82788 0.8883 0.95456 0.98817 0.99836 1 0.9983 0.99327 0.98319 0.96656 0.94337 0.91562 0.88645 0.8591 0.83623 0.81953 0.80987 0.80731 0.81131 0.82088 0.83475 0.85159 0.87013 0.88928 0.90808 0.92582 0.94196 0.95618 0.96832 0.97834 0.98631 0.99233 0.99654 0.99906 0.99999 0.99944 0.99748 0.99419 0.98966 0.98395 0.97709 0.96914
0.44119 0.61484 0.7025 0.77439 0.78281 0.68688 0.56819 0.58338 0.72536 0.85725 0.9301 0.96366 0.98139 0.99258 0.99898 0.99923 0.99175 0.97633 0.95483 0.93029 0.90597 0.88455 0.86783 0.85684 0.85189 0.85277 0.85879 0.86894 0.88211 0.89716 0.91302 0.92879 0.94374 0.9573 0.96912 0.97901 0.98692 0.99286 0.99695 0.99929 1 0.99918 0.99691 0.99329 0.98839 0.98228 0.97501 0.96663 0.95717
0.19543 0.28061 0.43122 0.60819 0.63523 0.4964 0.28044 0.31081 0.54989 0.7343 0.83595 0.89012 0.92676 0.95639 0.97985 0.99499 1 0.99479 0.98129 0.96275 0.94259 0.92364 0.90787 0.89651 0.8901 0.88872 0.89193 0.89899 0.90899 0.9209 0.93377 0.94673 0.95903 0.97013 0.97965 0.98737 0.99322 0.99721 0.99943 0.99998 0.99896 0.99645 0.99257 0.98737 0.98094 0.97334 0.96463 0.95483 0.94396
0.074385 0.066488 0.31458 0.52586 0.57074 0.44612 0.18641 0.13759 0.41748 0.60995 0.71935 0.78718 0.84334 0.89509 0.93969 0.9731 0.99315 0.99997 0.9959 0.9845 0.96947 0.9539 0.93996 0.92908 0.92205 0.91916 0.92027 0.92484 0.93215 0.94134 0.95153 0.96189 0.97175 0.98053 0.98786 0.99351 0.9974 0.99952 0.99995 0.99879 0.99611 0.99202 0.98661 0.97993 0.97207 0.96309 0.95303 0.94192 0.92975
0.22275 0.36503 0.4091 0.49269 0.54109 0.47547 0.30938 0.21581 0.35115 0.49593 0.59069 0.66474 0.7401 0.81601 0.8839 0.93732 0.97375 0.99371 0.99998 0.99652 0.98738 0.97591 0.96453 0.95487 0.94794 0.94426 0.9439 0.94655 0.95165 0.9585 0.96632 0.97436 0.98195 0.98858 0.99385 0.99755 0.99958 0.99993 0.99867 0.99588 0.99165 0.98607 0.97922 0.97117 0.96199 0.95173 0.94044 0.92812 0.91477
0.47984 0.53832 0.44548 0.43917 0.48732 0.474 0.37957 0.29376 0.31719 0.38977 0.45624 0.5324 0.62708 0.72757 0.81873 0.89202 0.94486 0.97815 0.9951 1 0.99722 0.99039 0.98214 0.97432 0.96812 0.96425 0.96299 0.96423 0.96758 0.97247 0.97824 0.9842 0.98975 0.99439 0.99776 0.99963 0.99992 0.9986 0.99575 0.99143 0.98575 0.97877 0.97059 0.96127 0.95087 0.93945 0.92704 0.91364 0.89922
0.54041 0.46087 0.32141 0.34257 0.40374 0.42303 0.37381 0.30405 0.27359 0.28324 0.31979 0.39989 0.51516 0.63868 0.75056 0.84166 0.9096 0.95556 0.98293 0.9962 0.99999 0.99812 0.99343 0.98793 0.98296 0.97944 0.97779 0.97808 0.98009 0.98338 0.9874 0.99154 0.99527 0.9981 0.99971 0.99989 0.99855 0.99567 0.99133 0.98559 0.97855 0.97028 0.96087 0.95039 0.93888 0.92641 0.913 0.89863 0.88326
0.42118 0.27361 0.13193 0.23868 0.31644 0.35082 0.32833 0.27314 0.21429 0.17395 0.18523 0.27938 0.4163 0.55797 0.68532 0.79034 0.87093 0.9281 0.96511 0.98642 0.9967 0.99993 0.99906 0.99623 0.99291 0.99016 0.98856 0.98832 0.98937 0.99139 0.99395 0.99652 0.99862 0.99983 0.99984 0.99846 0.99561 0.99129 0.98556 0.97851 0.97021 0.96076 0.95023 0.93868 0.92618 0.91277 0.89847 0.88325 0.86706
0.35256 0.26998 0.075102 0.16389 0.24903 0.28673 0.28478 0.24596 0.17214 0.084402 0.06287 0.19206 0.34336 0.49278 0.62771 0.74143 0.83137 0.89773 0.94317 0.97185 0.98834 0.99662 0.9997 0.99978 0.99844 0.99681 0.99561 0.9952 0.99562 0.99669 0.99805 0.99928 0.99996 0.99972 0.99828 0.99547 0.99124 0.98559 0.97859 0.97032 0.96087 0.95033 0.93878 0.92629 0.9129 0.89867 0.88359 0.86764 0.85074
0.45589 0.36211 0.1108 0.1232 0.20402 0.23722 0.26384 0.25538 0.19348 0.11429 0.078638 0.17118 0.30625 0.44752 0.58067 0.69729 0.79287 0.86606 0.91845 0.95362 0.97585 0.98899 0.99602 0.99915 0.99999 0.99976 0.99928 0.999 0.99908 0.99946 0.99987 0.99998 0.99943 0.99791 0.99516 0.99106 0.98557 0.9787 0.97053 0.96115 0.95065 0.93913 0.92666 0.91332 0.89915 0.8842 0.86846 0.85189 0.83441
0.55771 0.36736 0.03206 0.116 0.1664 0.18857 0.25972 0.29413 0.25959 0.20539 0.17607 0.21032 0.30314 0.42202 0.545 0.65915 0.75677 0.83433 0.89205 0.93269 0.96005 0.97776 0.98864 0.99486 0.99803 0.99941 0.99988 0.99998 0.99998 0.9999 0.99959 0.99878 0.99718 0.99453 0.99062 0.98536 0.97872 0.97074 0.9615 0.95111 0.93966 0.92725 0.91397 0.89988 0.88504 0.86948 0.85319 0.83612 0.81816
0.65874 0.44534 0.13044 0.13288 0.11598 0.13318 0.26484 0.33829 0.32706 0.28542 0.25547 0.26329 0.3195 0.41157 0.51952 0.62719 0.72377 0.80342 0.86485 0.90987 0.94171 0.96359 0.97815 0.98744 0.99301 0.99613 0.99773 0.99842 0.99855 0.99823 0.99739 0.99584 0.99336 0.98973 0.9848 0.97849 0.97082 0.96183 0.95163 0.94032 0.92801 0.91481 0.9008 0.88607 0.87065 0.85458 0.83785 0.82039 0.80208
0.77978 0.62084 0.26713 0.14637 0.053579 0.10905 0.28245 0.37337 0.37504 0.34041 0.31001 0.30591 0.33965 0.40935 0.5017 0.60081 0.69406 0.77384 0.83748 0.88584 0.92144 0.94708 0.96509 0.97735 0.98533 0.99029 0.99315 0.99459 0.99503 0.99465 0.99345 0.99132 0.9881 0.98363 0.9778 0.97057 0.96197 0.95207 0.941 0.92887 0.9158 0.90189 0.88725 0.87196 0.85606 0.83958 0.82251 0.80477 0.78622
0.77255 0.71743 0.36419 0.18822 0.11153 0.17129 0.31296 0.39229 0.39573 0.36614 0.33801 0.3307 0.35399 0.40925 0.48865 0.5789 0.66745 0.74583 0.8104 0.86111 0.8998 0.92874 0.94993 0.96503 0.9754 0.98222 0.98644 0.98876 0.98964 0.98935 0.98794 0.98538 0.98156 0.97637 0.96975 0.9617 0.95228 0.94157 0.92971 0.91685 0.90309 0.88857 0.87339 0.85762 0.84133 0.82454 0.80723 0.78931 0.77062
0.77188 0.75383 0.47189 0.29535 0.23743 0.26481 0.34428 0.39055 0.38757 0.36281 0.34041 0.33658 0.35861 0.40734 0.47786 0.56022 0.64349 0.71942 0.78387 0.83608 0.87722 0.90903 0.9331 0.95088 0.96355 0.97224 0.97787 0.98115 0.9826 0.98251 0.98103 0.97816 0.97385 0.96807 0.96077 0.952 0.94184 0.93041 0.91786 0.90434 0.88998 0.87492 0.85927 0.84312 0.82653 0.80951 0.79205 0.77405 0.75533
0.64149 0.6974 0.55985 0.41843 0.35749 0.34523 0.36076 0.36594 0.35309 0.33366 0.3202 0.32538 0.35319 0.40189 0.46762 0.54364 0.62164 0.69447 0.75803 0.81105 0.85408 0.88832 0.915 0.93525 0.95013 0.96066 0.96771 0.97202 0.97411 0.97433 0.97287 0.9698 0.96512 0.95884 0.95096 0.94157 0.93076 0.91869 0.90552 0.89142 0.87653 0.86101 0.84497 0.82851 0.81169 0.79453 0.77701 0.75902 0.74037
0.33608 0.51472 0.57523 0.51099 0.45028 0.39697 0.35442 0.32054 0.29803 0.28401 0.28187 0.30076 0.33957 0.39283 0.45697 0.52824 0.60134 0.6708 0.73294 0.78622 0.83066 0.86695 0.89593 0.91846 0.93542 0.94772 0.9562 0.96156 0.96436 0.96496 0.96362 0.96044 0.95549 0.94879 0.94043 0.93048 0.91911 0.90647 0.89275 0.87815 0.8628 0.84689 0.83053 0.81382 0.79685 0.77963 0.76214 0.74424 0.72575
0.066063 0.34231 0.53183 0.56542 0.51269 0.42123 0.32896 0.26208 0.23068 0.22028 0.23095 0.26763 0.32079 0.38109 0.4456 0.51338 0.58208 0.64816 0.70859 0.76174 0.8072 0.84519 0.87619 0.90079 0.91969 0.93369 0.94356 0.94998 0.95352 0.95458 0.95342 0.95021 0.94506 0.93804 0.92925 0.91884 0.90697 0.89384 0.87964 0.86459 0.84885 0.8326 0.81598 0.79911 0.78205 0.76484 0.74745 0.72973 0.71149
0.27953 0.30547 0.4822 0.59999 0.55473 0.4302 0.29758 0.20399 0.16165 0.14904 0.17391 0.23198 0.30044 0.36804 0.43356 0.49862 0.56346 0.62632 0.68495 0.73771 0.78387 0.82327 0.85602 0.88248 0.90317 0.91877 0.92998 0.93747 0.94177 0.94331 0.94239 0.93922 0.93394 0.92666 0.91753 0.90672 0.89442 0.88085 0.86624 0.8508 0.83473 0.8182 0.80138 0.78439 0.76731 0.75018 0.73295 0.7155 0.69759
0.29761 0.25714 0.47792 0.63596 0.5884 0.43675 0.2744 0.16253 0.10572 0.076403 0.1194 0.20075 0.28202 0.35506 0.42108 0.48372 0.54517 0.6051 0.66196 0.71421 0.76083 0.80136 0.83562 0.86374 0.88606 0.90316 0.91566 0.92417 0.92924 0.9313 0.93067 0.92759 0.92223 0.91476 0.90535 0.89419 0.88153 0.86758 0.8526 0.83683 0.82047 0.80372 0.78675 0.7697 0.75266 0.73566 0.71867 0.70154 0.68404
0.090028 0.22568 0.54908 0.68131 0.61765 0.44401 0.26199 0.14577 0.08553 0.013826 0.084118 0.18097 0.26824 0.34312 0.40833 0.46853 0.52698 0.58435 0.6396 0.69127 0.73819 0.77963 0.81517 0.84474 0.86854 0.88703 0.90074 0.91025 0.91609 0.91867 0.91836 0.9154 0.91002 0.90241 0.89277 0.88133 0.86834 0.85407 0.83877 0.82271 0.80612 0.78919 0.77212 0.75506 0.7381 0.72129 0.70459 0.68786 0.67084
0.31545 0.48596 0.67587 0.72837 0.63778 0.44491 0.24885 0.14224 0.10423 0.060262 0.090884 0.17676 0.26028 0.33267 0.39542 0.45294 0.50876 0.56396 0.61782 0.66894 0.71603 0.75819 0.79481 0.82565 0.85078 0.87053 0.88538 0.89584 0.90242 0.90554 0.90556 0.90277 0.8974 0.88969 0.87987 0.86819 0.85493 0.84037 0.8248 0.8085 0.79171 0.77465 0.75752 0.74049 0.72366 0.70709 0.69073 0.67445 0.65798
0.73217 0.80541 0.80018 0.76272 0.64293 0.43172 0.2212 0.13497 0.13408 0.11561 0.12603 0.18606 0.25757 0.32356 0.3823 0.43691 0.49045 0.5439 0.59663 0.64726 0.69444 0.73715 0.77466 0.80659 0.83289 0.85379 0.86969 0.88105 0.88834 0.89199 0.89236 0.88976 0.88444 0.87667 0.8667 0.85482 0.84133 0.82653 0.81074 0.79423 0.77727 0.76011 0.74296 0.72599 0.70934 0.69305 0.67708 0.6613 0.64544
0.98113 0.98599 0.87109 0.77479 0.63364 0.40531 0.1738 0.11891 0.16207 0.16251 0.16516 0.20243 0.25819 0.31517 0.3688 0.42041 0.47202 0.52416 0.57604 0.62625 0.67346 0.71659 0.75481 0.78767 0.81499 0.83693 0.85379 0.86599 0.87397 0.87814 0.87886 0.87645 0.87121 0.86341 0.85333 0.84129 0.82761 0.8126 0.79661 0.77992 0.76284 0.74561 0.72846 0.7116 0.69514 0.67917 0.66364 0.64841 0.6332
0.94287 0.95845 0.87195 0.76552 0.61867 0.37831 0.11669 0.10516 0.18704 0.20043 0.1992 0.21955 0.25966 0.30664 0.3547 0.40344 0.45354 0.50477 0.55606 0.60596 0.65315 0.69657 0.73535 0.76898 0.79719 0.82004 0.83778 0.85076 0.85939 0.86405 0.86512 0.86293 0.85778 0.84997 0.83981 0.82764 0.81379 0.79861 0.78244 0.76562 0.74843 0.73115 0.71404 0.6973 0.68108 0.66546 0.65041 0.63577 0.62126
0.66655 0.76455 0.81743 0.743 0.61011 0.37043 0.096599 0.11591 0.21022 0.22943 0.22517 0.23321 0.25973 0.29709 0.33979 0.38603 0.43508 0.48581 0.53675 0.58641 0.63354 0.67713 0.71634 0.75059 0.77955 0.80321 0.82174 0.83544 0.84466 0.8498 0.85121 0.84924 0.84419 0.8364 0.82619 0.81391 0.79993 0.78459 0.76828 0.75133 0.73406 0.71677 0.69971 0.68312 0.66716 0.65192 0.63736 0.62335 0.60959
0.24076 0.52994 0.73268 0.71472 0.61517 0.39347 0.15317 0.15449 0.23181 0.24962 0.24208 0.24108 0.25671 0.28581 0.32391 0.36827 0.41678 0.46736 0.51815 0.56763 0.61466 0.65832 0.69782 0.73255 0.76215 0.78651 0.80574 0.82009 0.82987 0.83546 0.8372 0.83544 0.83051 0.82275 0.81251 0.80014 0.78604 0.77058 0.75415 0.7371 0.71976 0.70246 0.68548 0.66906 0.65338 0.63853 0.62451 0.61116 0.59818
0.21113 0.42577 0.63478 0.68379 0.63177 0.44001 0.23364 0.20336 0.25039 0.26119 0.24981 0.2421 0.24958 0.2723 0.30704 0.35031 0.3988 0.44954 0.50032 0.54964 0.59651 0.64015 0.67982 0.71492 0.74503 0.76999 0.78984 0.80477 0.81507 0.82108 0.82313 0.82159 0.81678 0.80906 0.7988 0.78637 0.77218 0.75661 0.74007 0.72293 0.70555 0.68826 0.67137 0.65513 0.63974 0.62531 0.61184 0.59917 0.58701
0.50815 0.43967 0.52876 0.65179 0.6519 0.49267 0.30776 0.24854 0.26379 0.26443 0.24878 0.23607 0.23788 0.25639 0.28926 0.33237 0.38133 0.43246 0.48331 0.53247 0.57913 0.62265 0.66238 0.69773 0.72824 0.75371 0.7741 0.78956 0.80032 0.80671 0.80906 0.80773 0.80304 0.79538 0.78511 0.77263 0.75835 0.74269 0.72606 0.70885 0.69143 0.67416 0.65737 0.64132 0.62624 0.61225 0.59934 0.58738 0.57606
0.5485 0.37681 0.4206 0.62302 0.66795 0.53722 0.36514 0.28263 0.27015 0.25987 0.23979 0.2233 0.22163 0.23816 0.27082 0.3147 0.36456 0.41623 0.46718 0.51614 0.5625 0.60581 0.6455 0.681 0.71183 0.73771 0.75856 0.77447 0.78566 0.7924 0.79503 0.79389 0.78934 0.78173 0.77146 0.75894 0.7446 0.72886 0.71215 0.69487 0.67743 0.66019 0.6435 0.62765 0.61288 0.59933 0.58701 0.57578 0.56532
0.39216 0.17804 0.34285 0.60403 0.6758 0.56637 0.40222 0.30261 0.26868 0.24846 0.22394 0.20447 0.20119 0.21796 0.25209 0.29763 0.34871 0.40097 0.45196 0.50064 0.54663 0.58964 0.6292 0.66476 0.6958 0.72201 0.74325 0.75957 0.77113 0.77819 0.78108 0.78013 0.77569 0.76814 0.75788 0.74534 0.73094 0.71513 0.69834 0.68102 0.66355 0.64634 0.62976 0.61411 0.59966 0.58656 0.57484 0.56434 0.55477
0.33229 0.11917 0.35158 0.59878 0.67471 0.57861 0.41951 0.30854 0.25988 0.23158 0.20259 0.18049 0.17719 0.1964 0.23359 0.28153 0.33398 0.38676 0.43768 0.48597 0.5315 0.57413 0.61347 0.649 0.68018 0.70665 0.72821 0.74487 0.75676 0.76411 0.76723 0.76645 0.76213 0.75465 0.74441 0.73184 0.71739 0.70152 0.68467 0.66729 0.64981 0.63263 0.61616 0.60071 0.58658 0.57394 0.56281 0.55306 0.54439
0.47598 0.38851 0.43653 0.60491 0.66586 0.5761 0.42016 0.30268 0.24548 0.21116 0.1774 0.15241 0.15044 0.1743 0.21598 0.26675 0.32055 0.37367 0.42435 0.47213 0.5171 0.55927 0.59832 0.63375 0.66499 0.69164 0.71346 0.7304 0.74258 0.75019 0.75352 0.7529 0.74869 0.74127 0.73105 0.71846 0.70398 0.68804 0.67114 0.65371 0.63621 0.61907 0.6027 0.58746 0.57364 0.56145 0.55093 0.54194 0.53417
0.60816 0.5823 0.53229 0.61523 0.65103 0.56276 0.40861 0.2885 0.22809 0.18959 0.15036 0.12139 0.12196 0.15281 0.2 0.25367 0.30857 0.36175 0.41197 0.45909 0.50341 0.54504 0.58374 0.619 0.65023 0.677 0.69902 0.7162 0.72861 0.73644 0.73997 0.7395 0.7354 0.72803 0.71783 0.70524 0.69071 0.67473 0.65776 0.64029 0.62277 0.60566 0.58939 0.57434 0.56084 0.5491 0.53918 0.53095 0.52409
0.64765 0.66417 0.59962 0.62196 0.63179 0.54259 0.38933 0.26972 0.21067 0.16972 0.12413 0.088718 0.093082 0.13338 0.18641 0.24259 0.29812 0.35101 0.40052 0.44683 0.49039 0.53143 0.56971 0.60474 0.63591 0.66273 0.6849 0.70226 0.71488 0.72291 0.7266 0.72627 0.72226 0.71495 0.70477 0.69217 0.67761 0.66157 0.64455 0.62703 0.60949 0.5924 0.57623 0.56137 0.54818 0.53688 0.52756 0.52009 0.51416
0.57342 0.63765 0.62779 0.61938 0.60902 0.51864 0.36567 0.24928 0.19591 0.1546 0.10248 0.056151 0.066055 0.11788 0.17594 0.23373 0.28926 0.34141 0.38996 0.4353 0.47803 0.5184 0.55623 0.59098 0.62203 0.64886 0.67111 0.68862 0.7014 0.70959 0.71343 0.71322 0.70929 0.70205 0.69189 0.67928 0.66468 0.6486 0.63152 0.61395 0.59638 0.57931 0.56322 0.54854 0.53565 0.5248 0.51607 0.50936 0.50434
0.40417 0.53698 0.62113 0.60431 0.58302 0.49251 0.33927 0.22872 0.18556 0.14675 0.090482 0.028797 0.046168 0.10831 0.1691 0.22719 0.28194 0.33291 0.38023 0.42447 0.46628 0.50595 0.54327 0.5777 0.60858 0.63536 0.65766 0.67527 0.68818 0.6965 0.70047 0.70037 0.69652 0.68933 0.67919 0.66657 0.65195 0.63581 0.61868 0.60105 0.58345 0.56639 0.55037 0.53586 0.52326 0.51283 0.50469 0.49874 0.49465
0.17203 0.42535 0.58971 0.57577 0.55386 0.46472 0.31017 0.20805 0.18 0.14711 0.091893 0.029837 0.044086 0.106 0.16608 0.22291 0.27608 0.32543 0.37127 0.41428 0.45511 0.49403 0.53081 0.56489 0.59556 0.62226 0.64456 0.66223 0.67523 0.68367 0.68774 0.68773 0.68396 0.67681 0.66669 0.65406 0.63941 0.62322 0.60603 0.58835 0.5707 0.55364 0.53769 0.52333 0.511 0.50099 0.49343 0.48823 0.48505
0.11029 0.37619 0.54258 0.53466 0.522 0.43538 0.27754 0.18632 0.17854 0.15452 0.10488 0.055775 0.060134 0.11069 0.16661 0.2207 0.27153 0.31885 0.36301 0.40468 0.44448 0.48264 0.51886 0.55254 0.58297 0.60955 0.6318 0.6495 0.66256 0.67108 0.67524 0.67531 0.67161 0.6645 0.6544 0.64177 0.62708 0.61084 0.59358 0.57583 0.55814 0.54107 0.52516 0.51095 0.49888 0.48927 0.48229 0.47783 0.47556
0.32373 0.39371 0.48415 0.48369 0.48877 0.40508 0.24066 0.16261 0.18005 0.1666 0.12407 0.084286 0.082743 0.1206 0.17011 0.22025 0.26811 0.31306 0.35536 0.39562 0.43437 0.47173 0.50737 0.54064 0.5708 0.59721 0.6194 0.63708 0.65018 0.65876 0.66299 0.66313 0.65948 0.65241 0.64233 0.62968 0.61497 0.59867 0.58135 0.56353 0.54578 0.52868 0.51281 0.49872 0.48689 0.47768 0.47124 0.46752 0.46616
0.44602 0.41071 0.41466 0.42711 0.45646 0.37552 0.2 0.13717 0.18366 0.1809 0.14512 0.11128 0.1061 0.13351 0.17576 0.22116 0.26558 0.30792 0.34825 0.38705 0.42472 0.46129 0.49634 0.52918 0.55904 0.58526 0.60734 0.62498 0.63809 0.64671 0.65099 0.65118 0.64758 0.64055 0.63048 0.61783 0.60307 0.58673 0.56933 0.55143 0.53361 0.51647 0.50062 0.48664 0.47503 0.4662 0.46031 0.4573 0.45684
0.44394 0.38859 0.33327 0.37038 0.428 0.34967 0.15846 0.11276 0.18902 0.1956 0.1655 0.13573 0.12819 0.14759 0.18273 0.22303 0.26372 0.30329 0.34159 0.37891 0.41551 0.45128 0.48574 0.51814 0.54768 0.57368 0.59562 0.6132 0.62629 0.63492 0.63924 0.63948 0.63592 0.62892 0.61886 0.6062 0.59141 0.575 0.55753 0.53954 0.52164 0.50445 0.4886 0.47471 0.46331 0.45483 0.44947 0.44718 0.44761
0.34899 0.33239 0.24054 0.31988 0.40641 0.33152 0.12412 0.096475 0.19612 0.20943 0.18385 0.15718 0.14822 0.1616 0.19026 0.22544 0.2623 0.29904 0.3353 0.37116 0.4067 0.4417 0.47556 0.5075 0.5367 0.56246 0.58424 0.60173 0.61478 0.62341 0.62776 0.62803 0.62451 0.61753 0.60748 0.5948 0.57998 0.56351 0.54595 0.52787 0.50988 0.49263 0.47676 0.46293 0.45173 0.44358 0.43874 0.43715 0.43846
0.22955 0.26807 0.13891 0.28265 0.39413 0.32494 0.11305 0.098264 0.20495 0.2216 0.1994 0.1754 0.16581 0.17471 0.19774 0.22803 0.26111 0.29506 0.32931 0.36375 0.39827 0.4325 0.46577 0.49726 0.52611 0.5516 0.5732 0.59057 0.60356 0.61217 0.61653 0.61683 0.61333 0.60638 0.59634 0.58365 0.56878 0.55225 0.5346 0.51643 0.49833 0.481 0.4651 0.45132 0.44028 0.43245 0.42811 0.4272 0.42938
0.14452 0.22874 0.03344 0.26543 0.39252 0.33199 0.13541 0.11986 0.21518 0.23154 0.21176 0.19031 0.18077 0.18644 0.20471 0.23049 0.25996 0.29121 0.32354 0.35663 0.39018 0.42368 0.45637 0.4874 0.51588 0.54109 0.56248 0.57971 0.59263 0.60121 0.60556 0.60588 0.60241 0.59547 0.58544 0.57273 0.55783 0.54123 0.52349 0.5052 0.487 0.46956 0.45361 0.43986 0.42896 0.42144 0.41757 0.41733 0.42038
0.13487 0.24432 0.081519 0.27164 0.4016 0.3518 0.1791 0.15284 0.22609 0.23885 0.22073 0.20193 0.19307 0.19649 0.21082 0.23257 0.25868 0.28742 0.31796 0.34978 0.3824 0.4152 0.44734 0.4779 0.506 0.53091 0.55208 0.56916 0.58198 0.59051 0.59486 0.59518 0.59173 0.58481 0.57478 0.56207 0.54712 0.53045 0.51261 0.49421 0.47588 0.45833 0.4423 0.42856 0.41778 0.41054 0.40713 0.40755 0.41144
0.21408 0.31528 0.1868 0.29859 0.42023 0.38114 0.22992 0.18926 0.23663 0.24322 0.2263 0.21038 0.20274 0.20472 0.21585 0.23406 0.25715 0.28359 0.31249 0.34315 0.37493 0.40706 0.43865 0.46875 0.49647 0.52107 0.542 0.55891 0.57162 0.58009 0.58441 0.58474 0.58131 0.5744 0.56438 0.55164 0.53665 0.51991 0.50197 0.48344 0.46497 0.44729 0.43118 0.41742 0.40674 0.39975 0.39679 0.39786 0.40258
0.36759 0.41422 0.28264 0.33927 0.44638 0.41591 0.28038 0.22438 0.24563 0.24442 0.22852 0.21582 0.20989 0.21106 0.21964 0.23483 0.25526 0.27967 0.30711 0.33673 0.36773 0.39924 0.4303 0.45994 0.48727 0.51154 0.53222 0.54894 0.56153 0.56993 0.57422 0.57455 0.57113 0.56424 0.55422 0.54147 0.52643 0.50962 0.49157 0.47291 0.45429 0.43647 0.42024 0.40644 0.39584 0.38909 0.38655 0.38824 0.39379
0.5647 0.50706 0.36134 0.38626 0.47757 0.45234 0.32662 0.2554 0.25198 0.2423 0.22759 0.2185 0.21467 0.21553 0.22212 0.23479 0.25294 0.2756 0.30177 0.33048 0.36078 0.39171 0.42227 0.45146 0.47839 0.50233 0.52274 0.53927 0.55172 0.56004 0.5643 0.56461 0.5612 0.55432 0.5443 0.53154 0.51646 0.49957 0.48142 0.46261 0.44383 0.42585 0.40949 0.39562 0.38508 0.37853 0.3764 0.37871 0.38507
0.73678 0.55908 0.41723 0.4338 0.51124 0.48746 0.36652 0.28063 0.25479 0.23679 0.22374 0.21869 0.21726 0.21818 0.22325 0.23387 0.25014 0.27135 0.29647 0.3244 0.35408 0.38448 0.41454 0.44328 0.46981 0.49341 0.51355 0.52987 0.54217 0.55041 0.55462 0.55493 0.55152 0.54465 0.53464 0.52186 0.50674 0.48977 0.4715 0.45255 0.4336 0.41544 0.39893 0.38497 0.37445 0.3681 0.36635 0.36926 0.37642
0.80515 0.54266 0.4486 0.47811 0.54508 0.51918 0.39897 0.29916 0.25346 0.22795 0.21728 0.2167 0.21785 0.21909 0.22305 0.23205 0.24683 0.2669 0.29118 0.31848 0.34762 0.37751 0.40711 0.43541 0.46154 0.48479 0.50464 0.52074 0.53289 0.54103 0.54519 0.54549 0.54208 0.53523 0.52522 0.51242 0.49726 0.48021 0.46183 0.44272 0.42359 0.40524 0.38856 0.37449 0.36397 0.35778 0.3564 0.35989 0.36784
0.73393 0.44768 0.45915 0.51726 0.57719 0.54621 0.42361 0.31073 0.24769 0.21593 0.20861 0.21285 0.21664 0.21837 0.22154 0.22933 0.24301 0.26224 0.28591 0.31269 0.34137 0.37081 0.39995 0.42782 0.45354 0.47644 0.496 0.51187 0.52386 0.5319 0.53601 0.53629 0.53289 0.52605 0.51604 0.50323 0.48803 0.47091 0.4524 0.43314 0.41381 0.39525 0.37838 0.36418 0.35364 0.34759 0.34655 0.35061 0.35933
0.56272 0.28914 0.45765 0.5508 0.60623 0.56794 0.44071 0.31562 0.23752 0.20098 0.19812 0.20748 0.21386 0.21614 0.21878 0.22574 0.23869 0.25738 0.28064 0.30705 0.33533 0.36436 0.39307 0.42051 0.44583 0.46837 0.48762 0.50326 0.51509 0.52302 0.52708 0.52733 0.52394 0.51711 0.50711 0.49429 0.47905 0.46184 0.44322 0.42379 0.40426 0.38548 0.36839 0.35404 0.34344 0.33751 0.3368 0.34141 0.3509
0.42713 0.13045 0.45509 0.57937 0.63145 0.58433 0.45105 0.31458 0.22328 0.18346 0.18629 0.20091 0.20971 0.21252 0.21484 0.22132 0.2339 0.25234 0.27538 0.30154 0.32951 0.35815 0.38645 0.41346 0.43837 0.46055 0.4795 0.4949 0.50656 0.51438 0.51838 0.51862 0.51523 0.50841 0.49842 0.48559 0.47031 0.45303 0.43428 0.41468 0.39495 0.37593 0.35861 0.34407 0.3334 0.32756 0.32715 0.3323 0.34254
0.48687 0.19235 0.45994 0.60414 0.65254 0.59579 0.45578 0.30874 0.20555 0.1638 0.1736 0.19347 0.20437 0.20763 0.20981 0.21611 0.22866 0.24714 0.27015 0.29617 0.32388 0.35218 0.38007 0.40667 0.43118 0.45299 0.47163 0.48679 0.49827 0.50598 0.50992 0.51013 0.50675 0.49994 0.48997 0.47713 0.46181 0.44446 0.42559 0.40581 0.38586 0.36659 0.34902 0.33427 0.3235 0.31772 0.31761 0.32328 0.33427
0.63508 0.34237 0.47468 0.62633 0.66959 0.60301 0.45632 0.29955 0.1852 0.1425 0.16057 0.18544 0.19803 0.20159 0.20376 0.21019 0.22303 0.2418 0.26496 0.29094 0.31845 0.34643 0.37394 0.40012 0.42422 0.44566 0.464 0.47891 0.49021 0.49781 0.50168 0.50188 0.4985 0.49171 0.48175 0.46891 0.45356 0.43613 0.41713 0.39719 0.37701 0.35748 0.33963 0.32465 0.31375 0.30801 0.30816 0.31435 0.32607
0.71736 0.44095 0.49666 0.64693 0.68286 0.60687 0.45416 0.28868 0.16335 0.12014 0.14769 0.17707 0.19085 0.19453 0.1968 0.20364 0.21707 0.23636 0.25983 0.28586 0.31322 0.3409 0.36803 0.3938 0.4175 0.43857 0.45659 0.47125 0.48238 0.48986 0.49367 0.49384 0.49047 0.48371 0.47376 0.46092 0.44554 0.42804 0.40893 0.3888 0.36839 0.34858 0.33045 0.31521 0.30415 0.29843 0.29882 0.3055 0.31795
0.68734 0.46603 0.52222 0.66645 0.69267 0.60818 0.45074 0.27787 0.14144 0.097327 0.13547 0.16858 0.18296 0.18655 0.18901 0.19652 0.21083 0.23086 0.25477 0.28093 0.30817 0.33559 0.36234 0.38771 0.411 0.4317 0.44941 0.46382 0.47476 0.48213 0.48588 0.48603 0.48267 0.47593 0.466 0.45317 0.43776 0.42019 0.40096 0.38065 0.36 0.33991 0.32147 0.30595 0.2947 0.28897 0.28959 0.29676 0.30992
0.55722 0.42302 0.54969 0.68489 0.69926 0.60767 0.44726 0.26875 0.12131 0.074793 0.12439 0.16015 0.17449 0.17777 0.1805 0.18892 0.20437 0.22535 0.24981 0.27616 0.30332 0.33047 0.35687 0.38183 0.40472 0.42505 0.44244 0.4566 0.46736 0.47461 0.4783 0.47844 0.47509 0.46837 0.45847 0.44564 0.43021 0.41258 0.39323 0.37274 0.35185 0.33147 0.3127 0.29687 0.2854 0.27963 0.28046 0.2881 0.30197
0.36503 0.34168 0.57972 0.70173 0.70271 0.60579 0.4446 0.26263 0.10539 0.053575 0.11483 0.15189 0.16554 0.16827 0.17134 0.18093 0.19778 0.21986 0.24496 0.27155 0.29866 0.32556 0.3516 0.37615 0.39864 0.4186 0.43567 0.44959 0.46017 0.4673 0.47093 0.47105 0.46771 0.46102 0.45115 0.43834 0.4229 0.4052 0.38574 0.36507 0.34394 0.32324 0.30413 0.28797 0.27626 0.27043 0.27144 0.27954 0.29412
0.18863 0.28966 0.61354 0.71608 0.70291 0.60274 0.44318 0.26028 0.096324 0.035803 0.10708 0.14388 0.15619 0.15815 0.16165 0.17265 0.19111 0.21444 0.24026 0.26712 0.29417 0.32083 0.34652 0.37067 0.39276 0.41235 0.42911 0.44277 0.45317 0.46019 0.46376 0.46387 0.46055 0.45389 0.44406 0.43126 0.41581 0.39806 0.37848 0.35764 0.33625 0.31525 0.29578 0.27926 0.26728 0.26135 0.26253 0.27108 0.28635
0.2525 0.34415 0.65106 0.72678 0.6996 0.59847 0.44304 0.26182 0.095759 0.027092 0.10124 0.13617 0.14652 0.14749 0.15152 0.16418 0.18446 0.20913 0.23572 0.26286 0.28988 0.31629 0.34163 0.36538 0.38707 0.40629 0.42274 0.43615 0.44637 0.45327 0.45679 0.45689 0.45359 0.44697 0.43717 0.4244 0.40894 0.39114 0.37146 0.35044 0.32881 0.30748 0.28763 0.27073 0.25845 0.2524 0.25373 0.26272 0.27868
0.45197 0.4743 0.68985 0.73254 0.6924 0.59276 0.4439 0.26678 0.10292 0.032794 0.097255 0.12877 0.1366 0.13637 0.14104 0.15561 0.17789 0.20399 0.23135 0.25879 0.28576 0.31193 0.33691 0.36027 0.38156 0.40042 0.41654 0.42971 0.43976 0.44655 0.45001 0.4501 0.44683 0.44025 0.43049 0.41775 0.40229 0.38445 0.36466 0.34348 0.32159 0.29993 0.2797 0.2624 0.24978 0.24358 0.24504 0.25446 0.27111
0.6243 0.61317 0.72563 0.73213 0.68094 0.58528 0.4453 0.2743 0.11521 0.046088 0.094868 0.12166 0.12647 0.12486 0.1303 0.14706 0.17148 0.19904 0.22719 0.2549 0.28182 0.30775 0.33237 0.35533 0.37622 0.39471 0.41053 0.42346 0.43332 0.44001 0.44342 0.44351 0.44026 0.43373 0.42402 0.41131 0.39586 0.37798 0.3581 0.33674 0.31461 0.29262 0.27198 0.25425 0.24127 0.23489 0.23646 0.24631 0.26364
0.7314 0.72674 0.75348 0.72452 0.6649 0.57569 0.44668 0.2834 0.12996 0.060722 0.093729 0.11482 0.1162 0.11302 0.11942 0.13864 0.16532 0.19434 0.22324 0.2512 0.27806 0.30373 0.328 0.35055 0.37104 0.38918 0.40469 0.41737 0.42707 0.43365 0.43701 0.4371 0.43388 0.4274 0.41774 0.40508 0.38964 0.37173 0.35176 0.33024 0.30786 0.28553 0.26448 0.2463 0.23293 0.22633 0.22799 0.23825 0.25627
0.76491 0.80143 0.76911 0.70903 0.64411 0.56375 0.44755 0.29315 0.14535 0.074714 0.09346 0.10826 0.10585 0.10092 0.10851 0.13046 0.15947 0.18992 0.21952 0.2477 0.27447 0.29988 0.32378 0.34593 0.36603 0.3838 0.39901 0.41145 0.42098 0.42746 0.43078 0.43087 0.42769 0.42126 0.41166 0.39904 0.38362 0.36569 0.34564 0.32397 0.30134 0.27867 0.25719 0.23855 0.22475 0.21791 0.21963 0.23031 0.24901
0.73626 0.83483 0.7697 0.68542 0.61858 0.54933 0.44752 0.30283 0.16028 0.087479 0.093734 0.10198 0.095507 0.088614 0.097679 0.12267 0.15402 0.18581 0.21604 0.24439 0.27105 0.29617 0.31971 0.34146 0.36116 0.37858 0.39348 0.4057 0.41506 0.42144 0.42472 0.42481 0.42167 0.4153 0.40577 0.3932 0.37781 0.35986 0.33974 0.31792 0.29506 0.27204 0.25013 0.23099 0.21673 0.20962 0.21139 0.22247 0.24186
0.66936 0.83132 0.75418 0.65392 0.58851 0.53243 0.44635 0.31194 0.17421 0.09888 0.094322 0.096035 0.085279 0.076157 0.087093 0.1154 0.14902 0.18204 0.21281 0.24128 0.26779 0.29262 0.31578 0.33713 0.35644 0.3735 0.38811 0.40009 0.4093 0.41558 0.41882 0.41893 0.41583 0.40953 0.40006 0.38755 0.37219 0.35424 0.33406 0.3121 0.289 0.26565 0.24329 0.22363 0.20888 0.20146 0.20326 0.21474 0.23481
0.59008 0.79902 0.72317 0.61519 0.55429 0.51322 0.44396 0.32016 0.1869 0.10898 0.095107 0.090539 0.075326 0.063602 0.076939 0.10879 0.14455 0.17863 0.20983 0.23835 0.26469 0.28921 0.31199 0.33294 0.35186 0.36857 0.38288 0.39464 0.40368 0.40988 0.41309 0.41321 0.41016 0.40392 0.39453 0.38209 0.36677 0.34883 0.32858 0.30649 0.28316 0.25947 0.23666 0.21647 0.20121 0.19344 0.19524 0.20713 0.22789
0.51747 0.74706 0.67866 0.57031 0.51645 0.49199 0.44038 0.32739 0.19832 0.11794 0.096081 0.08565 0.06589 0.050998 0.067475 0.103 0.14065 0.1756 0.20711 0.23562 0.26175 0.28594 0.30833 0.32887 0.3474 0.36377 0.37779 0.38933 0.39822 0.40433 0.40751 0.40764 0.40465 0.39848 0.38917 0.37681 0.36154 0.34361 0.32332 0.3011 0.27756 0.25353 0.23026 0.20952 0.1937 0.18556 0.18734 0.19962 0.22108
0.46015 0.68376 0.62352 0.52062 0.47565 0.46915 0.43576 0.33362 0.2086 0.12602 0.097327 0.081592 0.057341 0.038395 0.05906 0.098167 0.13736 0.17295 0.20464 0.23307 0.25895 0.2828 0.30479 0.32493 0.34307 0.35909 0.37284 0.38415 0.3929 0.39892 0.40208 0.40224 0.3993 0.39321 0.38399 0.3717 0.35649 0.33858 0.31825 0.29593 0.27217 0.24782 0.22409 0.20278 0.18637 0.17781 0.17955 0.19224 0.21439
0.4169 0.61556 0.56114 0.46765 0.4326 0.44518 0.43032 0.33897 0.21792 0.13346 0.098995 0.07863 0.050241 0.025843 0.052182 0.094414 0.13472 0.17069 0.20243 0.2307 0.2563 0.27978 0.30137 0.3211 0.33886 0.35454 0.36801 0.37911 0.38772 0.39366 0.39679 0.39698 0.3941 0.3881 0.37897 0.36677 0.35163 0.33374 0.31339 0.29096 0.26701 0.24233 0.21814 0.19625 0.17922 0.1702 0.17188 0.18496 0.20782
0.38109 0.54684 0.495 0.41299 0.38802 0.4206 0.42433 0.34358 0.22651 0.14057 0.10126 0.077042 0.045359 0.013448 0.047445 0.091835 0.13272 0.16882 0.20046 0.2285 0.25378 0.27688 0.29807 0.31738 0.33477 0.35011 0.3633 0.3742 0.38266 0.38853 0.39165 0.39186 0.38905 0.38314 0.3741 0.362 0.34693 0.32908 0.30872 0.2862 0.26206 0.23707 0.21242 0.18993 0.17224 0.16273 0.16432 0.17781 0.20138
0.34764 0.48031 0.42845 0.35819 0.34264 0.39598 0.41805 0.34764 0.2346 0.1476 0.10431 0.077056 0.043496 0.0022165 0.045405 0.09047 0.13138 0.16733 0.19873 0.22646 0.25138 0.27409 0.29486 0.31377 0.33078 0.34579 0.35871 0.36941 0.37774 0.38354 0.38664 0.38689 0.38415 0.37833 0.3694 0.35739 0.34241 0.32461 0.30424 0.28165 0.25733 0.23204 0.20693 0.18383 0.16545 0.15539 0.15688 0.17078 0.19508
0.31693 0.41753 0.36444 0.30473 0.29714 0.37191 0.41176 0.35133 0.24241 0.15479 0.10829 0.078796 0.045029 0.01126 0.046268 0.090303 0.13066 0.1662 0.19723 0.22459 0.24912 0.27141 0.29176 0.31026 0.32689 0.34158 0.35424 0.36474 0.37294 0.37867 0.38177 0.38205 0.37939 0.37366 0.36484 0.35294 0.33804 0.3203 0.29995 0.27729 0.25281 0.22723 0.20167 0.17794 0.15885 0.1482 0.14956 0.16386 0.1889
0.2927 0.35942 0.30547 0.25395 0.25217 0.34899 0.40569 0.35479 0.25012 0.16232 0.11326 0.082242 0.049601 0.023148 0.049714 0.091256 0.13054 0.16541 0.19594 0.22286 0.24696 0.26882 0.28875 0.30684 0.3231 0.33747 0.34987 0.36018 0.36826 0.37393 0.37702 0.37735 0.37476 0.36913 0.36043 0.34864 0.33384 0.31617 0.29583 0.27313 0.2485 0.22264 0.19664 0.17228 0.15243 0.14115 0.14234 0.15708 0.18287
0.2769 0.30647 0.25345 0.2072 0.20838 0.32781 0.40006 0.35815 0.25785 0.17029 0.11926 0.087247 0.056404 0.034851 0.055085 0.093204 0.13095 0.16494 0.19485 0.22127 0.24491 0.26633 0.28583 0.30352 0.3194 0.33346 0.34561 0.35573 0.36369 0.36931 0.3724 0.37277 0.37026 0.36474 0.35615 0.34448 0.32979 0.3122 0.2919 0.26916 0.2444 0.21828 0.19184 0.16685 0.14622 0.13424 0.13525 0.15042 0.17698
0.26723 0.2587 0.20964 0.16587 0.16654 0.30896 0.395 0.36149 0.26567 0.17875 0.12622 0.093573 0.064637 0.046277 0.06171 0.095994 0.13186 0.16476 0.19395 0.21981 0.24297 0.26393 0.28299 0.30027 0.3158 0.32954 0.34144 0.35139 0.35923 0.3648 0.36789 0.36831 0.36589 0.36048 0.35201 0.34047 0.3259 0.30839 0.28813 0.26537 0.2405 0.21413 0.18727 0.16164 0.1402 0.12748 0.12826 0.14388 0.17123
0.25918 0.21557 0.17457 0.1318 0.12777 0.29298 0.39064 0.36482 0.27361 0.18768 0.13403 0.10095 0.073707 0.05739 0.069065 0.099458 0.13318 0.16484 0.19322 0.21847 0.24111 0.26161 0.28023 0.29711 0.31227 0.32571 0.33737 0.34714 0.35488 0.3604 0.3635 0.36397 0.36164 0.35634 0.34801 0.3366 0.32214 0.30473 0.28453 0.26176 0.23679 0.2102 0.18293 0.15667 0.13439 0.12086 0.12139 0.13748 0.16563
0.24905 0.17594 0.14802 0.10753 0.094274 0.28034 0.38702 0.36816 0.28163 0.19701 0.14254 0.10911 0.083214 0.068158 0.076786 0.10344 0.13486 0.16515 0.19264 0.21724 0.23935 0.25936 0.27754 0.29402 0.30883 0.32197 0.33339 0.343 0.35063 0.3561 0.35922 0.35975 0.3575 0.35233 0.34413 0.33285 0.31853 0.30123 0.28109 0.25833 0.23328 0.20648 0.17883 0.15194 0.12879 0.1144 0.11464 0.13122 0.16019
0.23532 0.13846 0.12925 0.095816 0.071092 0.27138 0.38415 0.37144 0.28966 0.20665 0.15158 0.1178 0.09289 0.078553 0.08463 0.10778 0.13683 0.16565 0.19219 0.21611 0.23766 0.25719 0.27492 0.291 0.30546 0.31831 0.3295 0.33894 0.34648 0.35191 0.35504 0.35563 0.35348 0.34843 0.34037 0.32923 0.31505 0.29786 0.27781 0.25507 0.22996 0.20297 0.17495 0.14745 0.1234 0.10809 0.108 0.12509 0.1549
0.21876 0.10255 0.11739 0.097064 0.066483 0.26622 0.38199 0.3746 0.29759 0.21644 0.16098 0.12683 0.10255 0.088551 0.092433 0.11236 0.13903 0.16633 0.19186 0.21506 0.23604 0.25508 0.27237 0.28805 0.30216 0.31473 0.3257 0.33498 0.34242 0.34782 0.35097 0.35162 0.34957 0.34465 0.33672 0.32574 0.3117 0.29464 0.27467 0.25197 0.22682 0.19967 0.1713 0.1432 0.11825 0.10193 0.10147 0.1191 0.14978
0.2023 0.070941 0.11199 0.10779 0.081042 0.26474 0.38045 0.37754 0.30532 0.22625 0.17057 0.13599 0.11207 0.098128 0.10008 0.11707 0.1414 0.16714 0.19164 0.2141 0.23449 0.25303 0.26988 0.28516 0.29894 0.31122 0.32197 0.3311 0.33845 0.34383 0.34699 0.34771 0.34577 0.34097 0.33319 0.32236 0.30847 0.29155 0.27168 0.24904 0.22386 0.19656 0.16788 0.13919 0.11332 0.095937 0.095047 0.11326 0.14483
0.19043 0.056672 0.11291 0.12348 0.10525 0.26661 0.3794 0.38016 0.31271 0.23593 0.18019 0.14515 0.12134 0.10726 0.1075 0.12182 0.14389 0.16806 0.1915 0.2132 0.233 0.25104 0.26744 0.28234 0.29578 0.30778 0.31833 0.32731 0.33458 0.33992 0.34311 0.3439 0.34206 0.3374 0.32977 0.3191 0.30537 0.28858 0.26884 0.24626 0.22108 0.19366 0.16469 0.13544 0.10864 0.090111 0.08874 0.10758 0.14005
0.18741 0.074773 0.1198 0.14112 0.13245 0.27127 0.3787 0.38235 0.31964 0.24535 0.1897 0.15418 0.1303 0.11594 0.11464 0.12654 0.14644 0.16906 0.19143 0.21236 0.23157 0.2491 0.26506 0.27957 0.29268 0.30441 0.31475 0.32359 0.33078 0.33611 0.33933 0.34019 0.33845 0.33393 0.32645 0.31595 0.30238 0.28575 0.26613 0.24363 0.21846 0.19095 0.16171 0.13193 0.10421 0.084461 0.082544 0.10205 0.13545
0.19434 0.11118 0.13154 0.15916 0.15989 0.27807 0.37817 0.38399 0.32598 0.25436 0.19896 0.16296 0.13888 0.12415 0.12145 0.13117 0.14902 0.17012 0.19142 0.21158 0.23018 0.2472 0.26273 0.27685 0.28964 0.30111 0.31125 0.31996 0.32707 0.33238 0.33563 0.33657 0.33494 0.33055 0.32324 0.3129 0.2995 0.28303 0.26354 0.24115 0.21601 0.18843 0.15896 0.12868 0.10004 0.078996 0.076457 0.096685 0.13104
0.20798 0.15159 0.14629 0.17691 0.18646 0.2863 0.37762 0.38498 0.33164 0.26285 0.20786 0.17141 0.14704 0.13187 0.1279 0.13565 0.15159 0.17121 0.19145 0.21084 0.22883 0.24535 0.26044 0.27419 0.28665 0.29787 0.30782 0.31639 0.32344 0.32873 0.33202 0.33303 0.33152 0.32727 0.32012 0.30995 0.29672 0.28042 0.26109 0.2388 0.21372 0.1861 0.15643 0.12569 0.096143 0.073726 0.07048 0.091495 0.12682
0.22349 0.19 0.16197 0.19409 0.21164 0.29527 0.37686 0.38524 0.33652 0.27073 0.2163 0.17946 0.15473 0.13909 0.13398 0.13996 0.15411 0.17231 0.19152 0.21013 0.22752 0.24353 0.25819 0.27157 0.28372 0.29469 0.30445 0.3129 0.31988 0.32516 0.32849 0.32958 0.32819 0.32408 0.31709 0.3071 0.29405 0.27793 0.25875 0.23659 0.21158 0.18394 0.15411 0.12294 0.092529 0.068666 0.064612 0.086488 0.12279
0.2378 0.22294 0.17666 0.21062 0.23517 0.30436 0.37569 0.38467 0.34054 0.27791 0.22421 0.18704 0.16193 0.14582 0.13967 0.14406 0.15656 0.17341 0.1916 0.20946 0.22624 0.24176 0.25598 0.26899 0.28084 0.29157 0.30114 0.30948 0.3164 0.32167 0.32504 0.32621 0.32493 0.32097 0.31415 0.30434 0.29148 0.27554 0.25653 0.23451 0.20958 0.18196 0.15199 0.12046 0.089207 0.063834 0.058852 0.081676 0.11897
0.25057 0.24787 0.1888 0.22652 0.25686 0.31304 0.37393 0.38322 0.34366 0.28433 0.23153 0.1941 0.16862 0.15204 0.14497 0.14793 0.15892 0.17448 0.1917 0.2088 0.22499 0.24001 0.25381 0.26646 0.27801 0.2885 0.2979 0.30612 0.31298 0.31825 0.32166 0.32292 0.32176 0.31795 0.3113 0.30167 0.289 0.27325 0.25441 0.23255 0.20773 0.18014 0.15008 0.11822 0.086188 0.059253 0.0532 0.077073 0.11536
0.26271 0.26285 0.19733 0.24188 0.27662 0.32084 0.37141 0.38083 0.34583 0.28993 0.23819 0.20061 0.17477 0.15775 0.14986 0.15156 0.16117 0.17552 0.19179 0.20816 0.22376 0.23829 0.25167 0.26397 0.27522 0.28548 0.29471 0.30283 0.30964 0.31491 0.31836 0.31971 0.31867 0.31501 0.30853 0.29909 0.28661 0.27105 0.25241 0.2307 0.20602 0.17848 0.14837 0.11624 0.083482 0.054949 0.047655 0.072695 0.11197
0.27395 0.26652 0.20181 0.25679 0.29436 0.32738 0.36798 0.37748 0.34704 0.29468 0.24417 0.20653 0.18038 0.16296 0.15434 0.15493 0.16329 0.17652 0.19188 0.20753 0.22256 0.2366 0.24957 0.26151 0.27248 0.28251 0.29158 0.29959 0.30635 0.31163 0.31513 0.31657 0.31565 0.31214 0.30583 0.29659 0.28431 0.26895 0.2505 0.22898 0.20443 0.17698 0.14685 0.1145 0.081096 0.050957 0.042218 0.068559 0.1088
0.28153 0.25804 0.20253 0.27139 0.31002 0.33237 0.36352 0.37314 0.34727 0.29857 0.24943 0.21185 0.18543 0.16766 0.15842 0.15804 0.16527 0.17745 0.19195 0.20691 0.22136 0.23492 0.24749 0.25909 0.26978 0.27959 0.28851 0.29642 0.30314 0.30842 0.31197 0.3135 0.31271 0.30935 0.30321 0.29416 0.28209 0.26694 0.24869 0.22735 0.20297 0.17563 0.14551 0.113 0.079036 0.047319 0.03689 0.064688 0.10586
0.28124 0.23722 0.20055 0.28577 0.32353 0.33559 0.35793 0.36783 0.34654 0.30159 0.25395 0.21654 0.18993 0.17187 0.1621 0.16088 0.1671 0.17832 0.19199 0.20628 0.22018 0.23327 0.24544 0.2567 0.26711 0.27672 0.28548 0.2933 0.29998 0.30527 0.30888 0.31049 0.30983 0.30662 0.30067 0.29181 0.27994 0.26501 0.24697 0.22583 0.20162 0.17441 0.14435 0.11173 0.077305 0.044081 0.031672 0.061106 0.10315
0.26976 0.20449 0.19786 0.30001 0.33487 0.33687 0.35115 0.36157 0.34488 0.30374 0.25774 0.22061 0.19387 0.17558 0.16538 0.16345 0.16878 0.17911 0.19201 0.20565 0.21901 0.23164 0.24341 0.25434 0.26449 0.27389 0.28251 0.29024 0.29688 0.30218 0.30584 0.30756 0.30702 0.30397 0.29819 0.28953 0.27788 0.26316 0.24534 0.22441 0.20039 0.17334 0.14336 0.11069 0.075904 0.041298 0.026569 0.057841 0.10069
0.2469 0.16104 0.1972 0.31414 0.34402 0.33612 0.34314 0.35438 0.34232 0.30503 0.26079 0.22404 0.19725 0.1788 0.16828 0.16575 0.1703 0.17983 0.192 0.20502 0.21784 0.23002 0.2414 0.25202 0.2619 0.2711 0.27958 0.28723 0.29384 0.29916 0.30287 0.30468 0.30427 0.30138 0.29578 0.28732 0.27588 0.26138 0.24379 0.22308 0.19926 0.17239 0.14253 0.10988 0.074829 0.039027 0.021589 0.05492 0.098462
0.21686 0.1093 0.20162 0.32814 0.35096 0.3333 0.3339 0.34632 0.3389 0.3055 0.2631 0.22685 0.20008 0.18155 0.17079 0.16778 0.17166 0.18046 0.19195 0.20437 0.21668 0.22841 0.23942 0.24972 0.25935 0.26836 0.2767 0.28427 0.29085 0.29619 0.29996 0.30187 0.30158 0.29885 0.29343 0.28517 0.27395 0.25968 0.24231 0.22183 0.19824 0.17156 0.14186 0.10927 0.074073 0.037319 0.016753 0.052374 0.096482
0.18887 0.056151 0.21352 0.34194 0.35574 0.32842 0.32346 0.33745 0.33469 0.30518 0.2647 0.22903 0.20237 0.18384 0.17293 0.16955 0.17286 0.18101 0.19186 0.20371 0.21551 0.22681 0.23745 0.24744 0.25683 0.26565 0.27387 0.28136 0.28792 0.29327 0.29711 0.29911 0.29896 0.29638 0.29115 0.28309 0.27208 0.25804 0.24091 0.22067 0.19731 0.17085 0.14133 0.10886 0.073626 0.036213 0.012111 0.050233 0.09475
0.17563 0.05206 0.23376 0.3554 0.35839 0.32154 0.31186 0.32784 0.32974 0.3041 0.2656 0.2306 0.20414 0.18567 0.1747 0.17106 0.1739 0.18147 0.19173 0.20303 0.21435 0.22522 0.2355 0.24519 0.25434 0.26298 0.27108 0.2785 0.28503 0.29041 0.29431 0.29641 0.29639 0.29397 0.28892 0.28106 0.27028 0.25647 0.23958 0.21959 0.19647 0.17024 0.14094 0.10864 0.073475 0.035724 0.0078303 0.048521 0.093264
0.18543 0.11317 0.26155 0.36837 0.35902 0.31274 0.29918 0.31758 0.32412 0.3023 0.26582 0.23158 0.20538 0.18706 0.17613 0.17232 0.17478 0.18184 0.19156 0.20234 0.21318 0.22364 0.23357 0.24297 0.25188 0.26035 0.26833 0.27568 0.2822 0.2876 0.29157 0.29376 0.29387 0.29161 0.28674 0.27909 0.26853 0.25496 0.23832 0.21858 0.19572 0.16974 0.14068 0.1086 0.073601 0.035839 0.0046748 0.047258 0.092024
0.21431 0.18548 0.29509 0.38069 0.35772 0.30218 0.28551 0.30676 0.3179 0.29984 0.2654 0.23197 0.20613 0.18803 0.17722 0.17333 0.1755 0.18212 0.19134 0.20162 0.21201 0.22207 0.23165 0.24076 0.24945 0.25775 0.26562 0.27291 0.27941 0.28484 0.28887 0.29117 0.29141 0.2893 0.28462 0.27718 0.26684 0.25351 0.23712 0.21764 0.19504 0.16933 0.14054 0.10872 0.073986 0.036517 0.0050751 0.046453 0.091026
0.25307 0.26018 0.33235 0.39219 0.35468 0.29 0.27096 0.29546 0.31115 0.29675 0.26436 0.23181 0.20639 0.1886 0.17799 0.17411 0.17608 0.18232 0.19107 0.20088 0.21084 0.2205 0.22974 0.23858 0.24705 0.25519 0.26295 0.27018 0.27667 0.28213 0.28623 0.28862 0.28899 0.28705 0.28255 0.27531 0.2652 0.25211 0.23598 0.21677 0.19444 0.16901 0.14051 0.109 0.074609 0.037693 0.0083948 0.046102 0.090265
0.29609 0.33431 0.37146 0.40276 0.35007 0.2764 0.25567 0.2838 0.30395 0.2931 0.26273 0.23112 0.20618 0.18876 0.17844 0.17467 0.1765 0.18242 0.19076 0.20012 0.20965 0.21894 0.22785 0.23641 0.24467 0.25266 0.26031 0.2675 0.27398 0.27947 0.28363 0.28613 0.28663 0.28484 0.28053 0.2735 0.26361 0.25077 0.23489 0.21595 0.19391 0.16878 0.14059 0.10941 0.075448 0.039293 0.012388 0.046192 0.089734
0.34221 0.40613 0.41092 0.41231 0.34413 0.26161 0.23976 0.27186 0.29637 0.28893 0.26055 0.22991 0.20552 0.18856 0.17859 0.175 0.17678 0.18244 0.1904 0.19934 0.20846 0.21737 0.22597 0.23427 0.24232 0.25016 0.25772 0.26485 0.27133 0.27685 0.28108 0.28368 0.28431 0.28269 0.27856 0.27173 0.26207 0.24947 0.23386 0.2152 0.19345 0.16862 0.14076 0.10996 0.076481 0.041237 0.016508 0.046695 0.089426
0.39226 0.47438 0.44957 0.42081 0.33711 0.24586 0.22338 0.25977 0.28849 0.2843 0.25786 0.22821 0.20444 0.18799 0.17846 0.17513 0.17692 0.18237 0.18999 0.19854 0.20726 0.21581 0.2241 0.23214 0.24 0.24769 0.25515 0.26224 0.26871 0.27427 0.27857 0.28127 0.28204 0.28057 0.27663 0.27001 0.26057 0.24822 0.23288 0.21449 0.19304 0.16854 0.14102 0.11063 0.077686 0.043456 0.020625 0.047574 0.08933
0.44666 0.53815 0.48657 0.42827 0.3293 0.22941 0.20669 0.24761 0.28037 0.27925 0.25469 0.22606 0.20295 0.18708 0.17806 0.17506 0.17693 0.18223 0.18953 0.1977 0.20605 0.21425 0.22223 0.23003 0.23769 0.24525 0.25263 0.25967 0.26615 0.27174 0.27611 0.27891 0.27981 0.2785 0.27474 0.26833 0.25912 0.24702 0.23194 0.21384 0.19269 0.16852 0.14137 0.1114 0.079042 0.045885 0.024697 0.048788 0.089436
0.5039 0.59676 0.52133 0.43475 0.32101 0.21253 0.18982 0.23549 0.27208 0.27385 0.25108 0.22347 0.20107 0.18584 0.17741 0.1748 0.17681 0.182 0.18903 0.19685 0.20483 0.21269 0.22038 0.22793 0.23541 0.24284 0.25013 0.25714 0.26361 0.26925 0.27369 0.2766 0.27762 0.27647 0.27289 0.26668 0.25771 0.24585 0.23104 0.21323 0.1924 0.16856 0.14178 0.11227 0.080529 0.048472 0.028706 0.050291 0.089732
0.56056 0.64979 0.55347 0.44035 0.31254 0.19551 0.17294 0.2235 0.26368 0.26813 0.24706 0.22047 0.19883 0.1843 0.17651 0.17437 0.17657 0.1817 0.18848 0.19597 0.2036 0.21113 0.21853 0.22586 0.23316 0.24045 0.24767 0.25464 0.26112 0.26679 0.27131 0.27432 0.27547 0.27448 0.27108 0.26508 0.25633 0.24473 0.23019 0.21267 0.19215 0.16865 0.14227 0.11323 0.082128 0.051174 0.032647 0.052041 0.090206
0.6122 0.69701 0.58275 0.44519 0.30418 0.17865 0.15619 0.21173 0.25524 0.26214 0.24267 0.21709 0.19624 0.18248 0.17539 0.17377 0.17622 0.18132 0.18789 0.19506 0.20235 0.20957 0.21669 0.22379 0.23092 0.23809 0.24524 0.25218 0.25867 0.26438 0.26897 0.27208 0.27336 0.27252 0.26931 0.26351 0.25499 0.24364 0.22937 0.21214 0.19195 0.1688 0.14282 0.11426 0.083823 0.053956 0.036514 0.053996 0.090845
0.6545 0.73838 0.60907 0.44939 0.29624 0.16228 0.13972 0.20027 0.24682 0.25594 0.23795 0.21337 0.19333 0.18038 0.17405 0.17302 0.17576 0.18087 0.18725 0.19413 0.2011 0.20801 0.21486 0.22174 0.2287 0.23576 0.24284 0.24975 0.25625 0.262 0.26667 0.26988 0.27129 0.27061 0.26757 0.26198 0.25369 0.24258 0.22859 0.21166 0.19178 0.169 0.14342 0.11536 0.085596 0.056792 0.040308 0.056118 0.091635
0.68421 0.77397 0.63236 0.45307 0.28894 0.14674 0.12368 0.1892 0.23846 0.24956 0.23294 0.20931 0.19012 0.17803 0.17252 0.17212 0.1752 0.18036 0.18658 0.19318 0.19984 0.20644 0.21304 0.2197 0.22651 0.23346 0.24047 0.24736 0.25387 0.25966 0.2644 0.26771 0.26926 0.26873 0.26587 0.26048 0.25242 0.24156 0.22784 0.21121 0.19166 0.16923 0.14407 0.11651 0.087435 0.059658 0.044027 0.058374 0.092564
0.69964 0.80401 0.65262 0.45631 0.28249 0.1324 0.10819 0.17859 0.23021 0.24305 0.22766 0.20496 0.18663 0.17544 0.17081 0.17109 0.17455 0.17979 0.18586 0.1922 0.19856 0.20488 0.21122 0.21768 0.22433 0.23118 0.23813 0.245 0.25152 0.25736 0.26217 0.26558 0.26725 0.26688 0.2642 0.25901 0.25117 0.24057 0.22712 0.21079 0.19156 0.1695 0.14477 0.11772 0.089326 0.062539 0.047671 0.060736 0.093618
0.70098 0.82879 0.66983 0.45917 0.27703 0.11965 0.093428 0.1685 0.22212 0.23643 0.22215 0.20034 0.18288 0.17263 0.16893 0.16994 0.17381 0.17915 0.1851 0.1912 0.19727 0.20331 0.20941 0.21567 0.22217 0.22892 0.23581 0.24266 0.2492 0.25509 0.25997 0.26349 0.26529 0.26506 0.26256 0.25758 0.24996 0.2396 0.22643 0.21039 0.1915 0.16981 0.1455 0.11897 0.091258 0.06542 0.051242 0.063178 0.094786
0.69031 0.84863 0.68401 0.46169 0.27263 0.10889 0.079543 0.15899 0.21421 0.22976 0.21645 0.19548 0.1789 0.16963 0.16689 0.16867 0.17299 0.17846 0.18431 0.19018 0.19597 0.20174 0.2076 0.21367 0.22003 0.22668 0.23352 0.24036 0.24691 0.25285 0.25781 0.26143 0.26335 0.26328 0.26095 0.25617 0.24878 0.23866 0.22576 0.21003 0.19147 0.17015 0.14626 0.12025 0.093222 0.068291 0.054739 0.065681 0.096054
0.67154 0.86387 0.69515 0.46386 0.26929 0.10048 0.066737 0.15009 0.20652 0.22306 0.21057 0.19039 0.1747 0.16644 0.16472 0.1673 0.1721 0.17772 0.18348 0.18913 0.19466 0.20017 0.2058 0.21169 0.21791 0.22447 0.23127 0.23809 0.24466 0.25065 0.25568 0.2594 0.26144 0.26152 0.25937 0.25479 0.24762 0.23775 0.22512 0.20969 0.19146 0.17051 0.14706 0.12157 0.095207 0.071143 0.058163 0.068227 0.097412
0.64998 0.87479 0.70323 0.46565 0.26695 0.094653 0.055272 0.14185 0.19909 0.21636 0.20456 0.18512 0.1703 0.16309 0.16242 0.16584 0.17114 0.17693 0.18262 0.18807 0.19334 0.19859 0.204 0.20971 0.21581 0.22228 0.22903 0.23585 0.24244 0.24847 0.25358 0.2574 0.25957 0.2598 0.25782 0.25343 0.24648 0.23686 0.2245 0.20937 0.19147 0.1709 0.14788 0.12291 0.097206 0.07397 0.061517 0.070801 0.098849
0.63157 0.8816 0.70826 0.467 0.26548 0.091448 0.045527 0.13428 0.19192 0.2097 0.19844 0.17967 0.16572 0.15958 0.16 0.1643 0.17011 0.17609 0.18173 0.18698 0.192 0.19701 0.20221 0.20775 0.21372 0.22012 0.22682 0.23363 0.24025 0.24633 0.25152 0.25543 0.25772 0.2581 0.25629 0.2521 0.24537 0.236 0.22391 0.20907 0.19151 0.17131 0.14871 0.12426 0.099213 0.076765 0.064799 0.073392 0.10035
0.62147 0.88441 0.71023 0.46784 0.26475 0.090651 0.038043 0.1274 0.18504 0.20308 0.19224 0.17407 0.16099 0.15594 0.15749 0.16268 0.16903 0.17521 0.18081 0.18587 0.19066 0.19543 0.20042 0.2058 0.21165 0.21797 0.22464 0.23144 0.23808 0.24422 0.24948 0.25349 0.25591 0.25642 0.25479 0.25079 0.24428 0.23515 0.22333 0.20879 0.19156 0.17173 0.14957 0.12563 0.10122 0.079526 0.068013 0.075988 0.10192
0.6226 0.88319 0.70916 0.46811 0.26456 0.091827 0.033462 0.1212 0.17847 0.19655 0.18598 0.16834 0.15611 0.15218 0.15489 0.161 0.16791 0.17429 0.17985 0.18475 0.1893 0.19385 0.19864 0.20386 0.2096 0.21585 0.22248 0.22928 0.23595 0.24214 0.24747 0.25158 0.25412 0.25478 0.25331 0.2495 0.24321 0.23432 0.22277 0.20853 0.19163 0.17217 0.15044 0.12701 0.10323 0.082248 0.071158 0.078583 0.10353
0.63461 0.87781 0.70512 0.46773 0.26474 0.094436 0.032141 0.11568 0.1722 0.19012 0.17969 0.16252 0.15111 0.14832 0.15221 0.15926 0.16673 0.17334 0.17888 0.1836 0.18794 0.19226 0.19686 0.20193 0.20756 0.21374 0.22035 0.22715 0.23384 0.24008 0.24549 0.24969 0.25235 0.25316 0.25185 0.24824 0.24216 0.23351 0.22223 0.20828 0.19171 0.17263 0.15132 0.1284 0.10522 0.084928 0.074235 0.081169 0.10519
0.65433 0.86807 0.6982 0.46665 0.26512 0.097936 0.03368 0.11082 0.16626 0.18381 0.17339 0.15661 0.146 0.14437 0.14947 0.15748 0.16552 0.17236 0.17787 0.18244 0.18657 0.19067 0.19508 0.20001 0.20554 0.21166 0.21824 0.22504 0.23176 0.23805 0.24353 0.24784 0.25061 0.25156 0.25042 0.24699 0.24113 0.23272 0.2217 0.20805 0.1918 0.17309 0.15221 0.12979 0.10721 0.087566 0.077247 0.08374 0.10689
0.67709 0.85371 0.68852 0.46484 0.26554 0.10186 0.037086 0.10658 0.16063 0.17764 0.1671 0.15063 0.1408 0.14034 0.14668 0.15565 0.16428 0.17134 0.17685 0.18127 0.18518 0.18908 0.19331 0.1981 0.20353 0.20959 0.21615 0.22296 0.22971 0.23605 0.24161 0.24601 0.2489 0.24999 0.24901 0.24577 0.24011 0.23194 0.22118 0.20782 0.1919 0.17356 0.1531 0.13117 0.10917 0.090159 0.080194 0.086291 0.10861
0.69818 0.83447 0.67627 0.46227 0.26585 0.10586 0.041391 0.10292 0.15533 0.17163 0.16085 0.14461 0.13552 0.13626 0.14385 0.1538 0.16301 0.17031 0.1758 0.18007 0.18379 0.18749 0.19155 0.1962 0.20154 0.20755 0.21408 0.2209 0.22768 0.23408 0.23971 0.2442 0.24721 0.24843 0.24762 0.24456 0.23912 0.23117 0.22068 0.20761 0.19202 0.17404 0.15399 0.13255 0.11112 0.092707 0.083077 0.088819 0.11036
0.71368 0.81015 0.66166 0.45895 0.26594 0.10965 0.045946 0.099814 0.15035 0.16578 0.15466 0.13856 0.13018 0.13212 0.141 0.15193 0.16171 0.16924 0.17473 0.17887 0.18239 0.1859 0.18979 0.19431 0.19956 0.20552 0.21204 0.21886 0.22568 0.23213 0.23783 0.24242 0.24554 0.2469 0.24625 0.24337 0.23813 0.23042 0.22019 0.20741 0.19213 0.17452 0.15489 0.13393 0.11305 0.095208 0.085897 0.091319 0.11212
0.72078 0.78063 0.64495 0.4549 0.26574 0.11305 0.050376 0.097197 0.14569 0.16012 0.14854 0.1325 0.1248 0.12795 0.13812 0.15004 0.1604 0.16816 0.17364 0.17764 0.18098 0.1843 0.18803 0.19243 0.1976 0.20352 0.21002 0.21685 0.22371 0.23021 0.23598 0.24066 0.2439 0.24539 0.24489 0.2422 0.23717 0.22969 0.21971 0.20721 0.19226 0.175 0.15578 0.13529 0.11495 0.097661 0.088656 0.09379 0.11389
0.7178 0.74592 0.62644 0.45017 0.26518 0.11595 0.054477 0.095024 0.14134 0.15465 0.14252 0.12645 0.11938 0.12376 0.13524 0.14814 0.15907 0.16706 0.17254 0.17641 0.17957 0.18271 0.18628 0.19056 0.19566 0.20153 0.20802 0.21487 0.22175 0.22831 0.23416 0.23893 0.24228 0.2439 0.24356 0.24104 0.23621 0.22896 0.21923 0.20702 0.19239 0.17548 0.15667 0.13665 0.11683 0.10007 0.091354 0.096229 0.11568
0.70401 0.70618 0.60643 0.44479 0.26423 0.11827 0.058151 0.093246 0.1373 0.14939 0.13661 0.12041 0.11393 0.11956 0.13236 0.14624 0.15773 0.16594 0.17142 0.17516 0.17815 0.18111 0.18453 0.18871 0.19372 0.19956 0.20604 0.2129 0.21982 0.22643 0.23235 0.23722 0.24068 0.24243 0.24224 0.2399 0.23527 0.22824 0.21877 0.20684 0.19252 0.17597 0.15755 0.13799 0.11868 0.10243 0.093992 0.098635 0.11746
