0.42877 0.084835 0.44793 0.83433 0.92904 0.97945 0.99474 0.85772 0.71245 0.59325 0.49837 0.42672 0.37539 0.33917 0.3138 0.29588 0.28218 0.27005 0.25807 0.24631 0.23593 0.22849 0.22503 0.22529 0.2273 0.22797 0.2242 0.21402 0.19747 0.17701 0.1574 0.14479 0.14394 0.15482 0.17327 0.19469 0.21596 0.23536 0.25213 0.26612 0.27754 0.28691 0.29484 0.30197 0.30884 0.31588 0.32338 0.33155 0.34052
0.29732 0.23304 0.5391 0.65841 0.58114 0.67672 0.78484 0.70415 0.57402 0.45431 0.353 0.27342 0.22068 0.19887 0.2046 0.2254 0.24903 0.26853 0.28137 0.28765 0.28861 0.28562 0.27961 0.27076 0.25842 0.2413 0.21791 0.18726 0.14943 0.10575 0.058562 0.011554 0.036923 0.079768 0.11809 0.1512 0.17902 0.20183 0.22011 0.23454 0.24594 0.25519 0.26324 0.27095 0.27901 0.28797 0.29819 0.30988 0.32312
0.21459 0.18153 0.39636 0.60793 0.61065 0.52406 0.37298 0.24991 0.24767 0.24836 0.20403 0.13378 0.067543 0.069015 0.12822 0.18846 0.23946 0.27905 0.30746 0.32611 0.33673 0.34071 0.33886 0.33141 0.31824 0.29908 0.27384 0.24312 0.20871 0.17389 0.14367 0.12428 0.12006 0.12907 0.14495 0.16233 0.17831 0.19171 0.20233 0.21052 0.21697 0.22254 0.22821 0.23484 0.24316 0.25366 0.26661 0.28208 0.29997
0.21171 0.07365 0.13435 0.27252 0.36888 0.44136 0.41676 0.33713 0.33057 0.33808 0.32283 0.29535 0.27123 0.25963 0.26424 0.28249 0.30789 0.33436 0.35825 0.37797 0.39302 0.4031 0.40782 0.40666 0.39913 0.38499 0.36448 0.33854 0.30902 0.27854 0.25007 0.22627 0.20877 0.19766 0.19172 0.18909 0.18799 0.18724 0.18627 0.18515 0.18436 0.18476 0.18729 0.19283 0.20201 0.21508 0.23199 0.25242 0.27589
0.66305 0.39295 0.27355 0.33985 0.53795 0.68179 0.69807 0.55996 0.43488 0.36693 0.34429 0.34308 0.3473 0.3512 0.35553 0.36282 0.37437 0.38973 0.40743 0.42577 0.44314 0.45798 0.46873 0.47393 0.47233 0.46316 0.44625 0.42225 0.39272 0.3599 0.32633 0.29433 0.26556 0.24076 0.21986 0.2022 0.18696 0.17341 0.16126 0.15072 0.14261 0.13816 0.13877 0.1454 0.15825 0.17677 0.20004 0.22708 0.25703
0.1963 0.33926 0.67322 0.76514 0.63607 0.56385 0.43974 0.21688 0.021541 0.14871 0.24571 0.29936 0.32775 0.34395 0.35646 0.37028 0.38728 0.40729 0.42925 0.45189 0.47394 0.4939 0.51008 0.52065 0.52389 0.51851 0.50388 0.48031 0.44918 0.41268 0.37341 0.33388 0.29603 0.26097 0.2291 0.20018 0.17372 0.14923 0.12657 0.10629 0.090183 0.08158 0.084019 0.097854 0.12024 0.14819 0.1798 0.21395 0.2499
0.38395 0.51881 0.43013 0.097584 0.32501 0.52897 0.60351 0.49894 0.37927 0.30714 0.27637 0.26315 0.25917 0.26679 0.28773 0.31882 0.35454 0.39051 0.42452 0.45595 0.48467 0.51022 0.53146 0.54673 0.55415 0.5521 0.53963 0.51679 0.48483 0.44596 0.40291 0.35838 0.3145 0.27264 0.23338 0.19666 0.16204 0.12891 0.096704 0.065083 0.034648 0.016788 0.039854 0.072687 0.10757 0.1438 0.18117 0.21953 0.25871
0.61284 0.62547 0.42323 0.1303 0.40537 0.52804 0.58759 0.52598 0.42263 0.31078 0.21207 0.1415 0.11619 0.14452 0.19946 0.25953 0.31617 0.36639 0.41001 0.44816 0.48207 0.51215 0.53774 0.55726 0.56872 0.5703 0.5608 0.54013 0.50948 0.47101 0.42749 0.38168 0.33583 0.29147 0.24941 0.20987 0.17278 0.13801 0.1058 0.077575 0.058047 0.056583 0.074464 0.10246 0.13494 0.1699 0.20651 0.24436 0.28314
0.98983 0.99954 0.99716 0.66037 0.39407 0.35554 0.44716 0.47339 0.41581 0.30853 0.19546 0.11119 0.092061 0.13594 0.19526 0.25388 0.30765 0.35551 0.39799 0.4364 0.47187 0.50456 0.5335 0.5568 0.57224 0.57784 0.57236 0.55566 0.52888 0.49408 0.45388 0.41092 0.36744 0.32508 0.28489 0.24754 0.21353 0.1835 0.15853 0.14031 0.13098 0.13204 0.14314 0.16237 0.18748 0.21674 0.24895 0.2833 0.31919
0.5504 0.61459 0.55524 0.40134 0.25642 0.30236 0.50968 0.59011 0.55597 0.46645 0.37045 0.29876 0.26069 0.25242 0.26517 0.28998 0.32044 0.35311 0.38671 0.421 0.45565 0.48961 0.52097 0.54732 0.56621 0.57574 0.57483 0.56351 0.54286 0.51473 0.48134 0.44494 0.40749 0.37056 0.33533 0.30274 0.27357 0.24861 0.22877 0.21499 0.20809 0.20846 0.21596 0.22987 0.24921 0.27296 0.30019 0.33011 0.36207
0.54475 0.52137 0.42913 0.47248 0.59791 0.71937 0.79536 0.73249 0.63327 0.5345 0.44884 0.38364 0.34026 0.3157 0.30641 0.30919 0.32145 0.34136 0.36756 0.3987 0.43295 0.4679 0.50078 0.52885 0.54983 0.56229 0.56572 0.5605 0.54772 0.52878 0.50518 0.47839 0.44979 0.42065 0.39212 0.36522 0.34088 0.31993 0.30314 0.29118 0.28456 0.28355 0.28817 0.29814 0.31297 0.33202 0.35462 0.38013 0.40791
0.37637 0.43683 0.2033 0.28044 0.60129 0.78579 0.7852 0.62113 0.49692 0.43072 0.3881 0.35269 0.32362 0.30208 0.28915 0.28586 0.29288 0.31011 0.3362 0.36868 0.40446 0.4403 0.47318 0.50073 0.52145 0.53499 0.54184 0.54303 0.5396 0.53218 0.52108 0.50655 0.48908 0.46948 0.44878 0.42809 0.4085 0.39097 0.37631 0.36522 0.35822 0.35567 0.35777 0.36447 0.37553 0.39054 0.40899 0.43036 0.45409
0.57639 0.52061 0.60512 0.69498 0.73369 0.7091 0.53094 0.29368 0.21906 0.24711 0.26495 0.26124 0.24786 0.23335 0.22379 0.22427 0.23763 0.26306 0.29696 0.33497 0.37321 0.40854 0.43868 0.46237 0.47964 0.49182 0.501 0.50905 0.51675 0.52339 0.52746 0.52753 0.523 0.51419 0.50207 0.48793 0.4731 0.45874 0.44588 0.43535 0.4278 0.42376 0.42359 0.42745 0.43525 0.44671 0.46146 0.47903 0.49894
0.10966 0.16843 0.54138 0.92485 0.89343 0.72708 0.456 0.16176 0.050258 0.13381 0.16806 0.17067 0.15833 0.14161 0.13213 0.14195 0.17252 0.21506 0.26094 0.30472 0.34325 0.3746 0.39788 0.4135 0.42357 0.43187 0.4427 0.45895 0.48048 0.50422 0.52599 0.54244 0.55192 0.55445 0.55113 0.54356 0.53336 0.52202 0.51079 0.5007 0.4926 0.48718 0.485 0.48635 0.49127 0.49959 0.51101 0.52513 0.54151
0.80276 0.72119 0.82332 0.98105 0.91925 0.75136 0.51396 0.27173 0.15064 0.12757 0.1282 0.11961 0.09708 0.061887 0.033037 0.068812 0.12794 0.18701 0.24003 0.28406 0.31757 0.33995 0.35153 0.3544 0.35323 0.35536 0.36844 0.39616 0.43568 0.4798 0.52111 0.55455 0.57797 0.59145 0.59646 0.59499 0.58905 0.58045 0.57066 0.56094 0.55232 0.54567 0.54169 0.54082 0.54319 0.54873 0.55716 0.56816 0.58129
0.4805 0.16783 0.35603 0.7561 0.74638 0.64328 0.48766 0.3037 0.19484 0.14948 0.13489 0.12548 0.10818 0.081297 0.062655 0.086995 0.13837 0.19236 0.23931 0.27501 0.29752 0.30615 0.30153 0.28683 0.26974 0.26366 0.28235 0.32833 0.39133 0.45815 0.51892 0.56814 0.60392 0.62689 0.63901 0.64273 0.6404 0.63409 0.6255 0.61606 0.60695 0.59919 0.59361 0.59078 0.5909 0.59395 0.59972 0.6079 0.61808
0.55737 0.52703 0.52315 0.49373 0.43065 0.41598 0.34754 0.2374 0.17758 0.16057 0.16176 0.16568 0.16417 0.15657 0.15164 0.16184 0.18918 0.22384 0.25529 0.2768 0.28471 0.2771 0.25357 0.21669 0.17651 0.15935 0.19454 0.27051 0.36068 0.44868 0.52557 0.58707 0.63221 0.66228 0.67974 0.68736 0.68776 0.68319 0.67549 0.66619 0.6566 0.64784 0.64087 0.63631 0.63445 0.63531 0.63871 0.64436 0.65188
0.24604 0.42427 0.44253 0.18564 0.1532 0.21198 0.16344 0.086036 0.10854 0.15927 0.1963 0.21961 0.23187 0.23538 0.23561 0.23995 0.25199 0.26869 0.28342 0.28995 0.28375 0.26163 0.22145 0.16255 0.088498 0.049465 0.13707 0.24767 0.35791 0.45902 0.54525 0.61374 0.66426 0.69852 0.71922 0.72929 0.73146 0.72801 0.72085 0.71156 0.7015 0.69186 0.68366 0.6776 0.67402 0.67295 0.67426 0.67765 0.68278
0.52932 0.49551 0.42901 0.17984 0.12418 0.17608 0.14866 0.087442 0.12277 0.19593 0.25239 0.28808 0.30827 0.31698 0.31853 0.31817 0.31951 0.32238 0.32334 0.31786 0.30182 0.27195 0.22616 0.16478 0.097036 0.084413 0.16889 0.2785 0.38932 0.49144 0.57882 0.64852 0.70029 0.73577 0.75762 0.76871 0.77169 0.76879 0.76185 0.75244 0.74191 0.73149 0.72224 0.71489 0.70982 0.70709 0.70655 0.70796 0.71095
0.63746 0.51243 0.38726 0.27067 0.20315 0.20866 0.22949 0.22642 0.24455 0.29186 0.34053 0.375 0.39543 0.40427 0.40437 0.39949 0.39287 0.38576 0.37698 0.36391 0.34367 0.31419 0.27543 0.23222 0.20004 0.20667 0.26356 0.35134 0.44878 0.54235 0.62407 0.69003 0.73942 0.77354 0.79472 0.80559 0.80856 0.8057 0.79873 0.7891 0.77814 0.76705 0.75691 0.74847 0.74214 0.73797 0.73584 0.7355 0.73661
0.45908 0.28396 0.091356 0.1386 0.14438 0.17431 0.26518 0.33175 0.37838 0.41995 0.45466 0.47881 0.49319 0.49834 0.4952 0.48602 0.47349 0.45957 0.44462 0.42771 0.40741 0.38284 0.3552 0.32966 0.31686 0.32989 0.3745 0.44373 0.52456 0.60507 0.67696 0.73577 0.78017 0.81096 0.83007 0.83974 0.84209 0.8389 0.8317 0.82181 0.81046 0.79882 0.78796 0.77863 0.77124 0.76586 0.76236 0.76051 0.75996
0.18137 0.20604 0.10276 0.049682 0.035821 0.15825 0.32371 0.44332 0.51846 0.56128 0.58254 0.59289 0.59796 0.59736 0.59014 0.57712 0.5603 0.5419 0.52331 0.50488 0.48626 0.4673 0.44922 0.43577 0.43334 0.44897 0.48597 0.54113 0.60645 0.67285 0.73312 0.78294 0.82076 0.84698 0.8631 0.87094 0.87225 0.86849 0.86097 0.85082 0.83917 0.82711 0.81569 0.80565 0.7974 0.79101 0.78636 0.7832 0.78122
0.27474 0.24111 0.20728 0.19992 0.22438 0.30796 0.46587 0.58932 0.66773 0.704 0.71116 0.70779 0.70329 0.6967 0.68555 0.66943 0.64966 0.62848 0.60789 0.58907 0.57242 0.55809 0.54691 0.5411 0.54437 0.56059 0.59163 0.6356 0.68734 0.74028 0.78871 0.82894 0.8595 0.88057 0.89324 0.89894 0.89901 0.8946 0.88675 0.8764 0.86454 0.8522 0.84038 0.82982 0.82089 0.81368 0.80807 0.80381 0.80058
0.43115 0.1896 0.19899 0.27341 0.32491 0.4586 0.64433 0.7547 0.81387 0.83384 0.82722 0.81311 0.80131 0.79012 0.77608 0.75796 0.73656 0.71398 0.69253 0.67394 0.65905 0.64813 0.64155 0.6404 0.64658 0.66214 0.68792 0.72258 0.76261 0.8034 0.84068 0.87161 0.89497 0.91084 0.92001 0.92353 0.92236 0.91734 0.90923 0.89879 0.88685 0.87438 0.86232 0.85139 0.84196 0.83411 0.82771 0.82252 0.81824
0.36472 0.15077 0.093744 0.17025 0.33759 0.57515 0.80967 0.90126 0.93151 0.93386 0.91853 0.8995 0.88448 0.87122 0.85607 0.83748 0.81591 0.79328 0.77201 0.75414 0.74082 0.73234 0.72872 0.73023 0.73759 0.75166 0.77261 0.79932 0.82937 0.85954 0.88687 0.90933 0.92606 0.93712 0.94306 0.94459 0.94235 0.93686 0.92863 0.91823 0.90636 0.8939 0.88175 0.87061 0.86084 0.8525 0.84547 0.83953 0.83437
0.13488 0.12112 0.080563 0.22754 0.42563 0.69374 0.93052 0.98884 0.99429 0.98998 0.97673 0.96045 0.94701 0.93477 0.92075 0.90358 0.8835 0.86226 0.84224 0.82568 0.81389 0.80723 0.80547 0.80833 0.81576 0.82785 0.84433 0.86422 0.88583 0.90702 0.92585 0.94102 0.95203 0.95895 0.96216 0.96208 0.95905 0.95332 0.94515 0.93496 0.92331 0.91101 0.89892 0.88771 0.87773 0.86905 0.86155 0.85501 0.84911
0.34478 0.32946 0.32796 0.4275 0.57522 0.78792 0.96682 0.98574 0.98685 0.99712 0.99947 0.99332 0.9857 0.97742 0.96692 0.95324 0.93647 0.91812 0.90049 0.88589 0.8758 0.87062 0.87 0.87335 0.88013 0.88998 0.90237 0.91644 0.93107 0.9449 0.95679 0.96604 0.97244 0.9761 0.97724 0.97605 0.9726 0.96689 0.95901 0.9492 0.93794 0.92594 0.91404 0.90289 0.89284 0.88395 0.87611 0.86909 0.8626
0.44423 0.25255 0.2533 0.49067 0.64247 0.78079 0.87812 0.87991 0.91327 0.9622 0.99068 0.99903 0.99989 0.99792 0.99318 0.98505 0.97339 0.95943 0.9453 0.93335 0.9252 0.92134 0.92141 0.92467 0.93035 0.93785 0.94655 0.95576 0.96476 0.97281 0.97935 0.98413 0.98715 0.98852 0.98835 0.98662 0.98316 0.97779 0.97044 0.96119 0.95046 0.9389 0.92732 0.91635 0.90634 0.89736 0.88929 0.88192 0.87496
0.40747 0.2435 0.23724 0.47467 0.58385 0.6321 0.65309 0.69135 0.80058 0.90233 0.95839 0.98095 0.99097 0.99686 0.9998 0.99909 0.99421 0.98598 0.97634 0.96767 0.96169 0.95906 0.9595 0.96226 0.96654 0.97169 0.97713 0.98235 0.98701 0.99079 0.99354 0.99531 0.99621 0.99634 0.99565 0.99396 0.99094 0.98624 0.97964 0.97115 0.96109 0.9501 0.93894 0.92825 0.91839 0.90942 0.90123 0.89362 0.88631
0.46819 0.3839 0.34605 0.42569 0.44679 0.37867 0.32514 0.48709 0.6942 0.8378 0.91119 0.94335 0.96165 0.9763 0.98842 0.99669 0.99995 0.99853 0.99418 0.98925 0.98561 0.98411 0.98464 0.98658 0.98924 0.99208 0.99467 0.99675 0.99826 0.9992 0.99967 0.99985 0.99988 0.99977 0.99937 0.99832 0.99617 0.99245 0.98683 0.97927 0.97003 0.95971 0.94907 0.93876 0.92913 0.92026 0.91205 0.90429 0.89673
0.39728 0.28687 0.30176 0.40071 0.38921 0.24174 0.094031 0.40131 0.63715 0.78225 0.85496 0.89018 0.91531 0.93923 0.96164 0.98004 0.9924 0.99856 1 0.99907 0.99781 0.99727 0.99761 0.99844 0.99929 0.99986 1 0.99972 0.99919 0.99863 0.99823 0.99818 0.99852 0.99916 0.9998 0.99997 0.99911 0.99666 0.99224 0.98576 0.97745 0.9679 0.95787 0.94802 0.9387 0.93001 0.92185 0.91404 0.90631
0.34572 0.070702 0.26107 0.47607 0.52396 0.46875 0.41116 0.4932 0.63383 0.73611 0.79164 0.82463 0.8556 0.88924 0.92267 0.95186 0.97386 0.98795 0.99539 0.9985 0.99948 0.99966 0.99948 0.99887 0.99772 0.99608 0.99412 0.99216 0.99063 0.98981 0.98986 0.99083 0.9926 0.9949 0.99728 0.9992 1 0.9991 0.99607 0.99081 0.98353 0.97483 0.96549 0.95615 0.94721 0.93876 0.93072 0.92293 0.91512
0.49241 0.24344 0.31428 0.59013 0.70422 0.71275 0.66756 0.62103 0.6472 0.68915 0.7203 0.74928 0.78625 0.8301 0.87492 0.91509 0.94679 0.96881 0.98214 0.9891 0.99204 0.99258 0.99149 0.98911 0.98573 0.98186 0.97811 0.97512 0.97351 0.97356 0.97527 0.97842 0.98263 0.98741 0.99218 0.99631 0.99912 0.99999 0.99851 0.99458 0.98842 0.98064 0.97204 0.96328 0.95477 0.94662 0.93877 0.93105 0.92324
0.45948 0.24204 0.37637 0.69341 0.82256 0.85629 0.80938 0.69278 0.63886 0.6295 0.63951 0.66667 0.71101 0.7656 0.82178 0.87265 0.9137 0.94326 0.9621 0.97251 0.97699 0.97743 0.97499 0.97045 0.96458 0.95844 0.95312 0.94966 0.94881 0.95078 0.95524 0.96162 0.96917 0.97716 0.98487 0.99162 0.9967 0.99954 0.99975 0.99724 0.99227 0.98546 0.97764 0.9695 0.96146 0.95366 0.94604 0.93847 0.93071
0.27813 0.10731 0.45215 0.75174 0.84857 0.88638 0.83727 0.68888 0.59146 0.55051 0.54927 0.57975 0.63362 0.69931 0.76639 0.82722 0.87687 0.9133 0.93704 0.95033 0.9558 0.95563 0.95135 0.94421 0.93556 0.92704 0.92032 0.91686 0.91754 0.92235 0.93057 0.9411 0.95278 0.9646 0.97572 0.98541 0.99301 0.99797 0.99997 0.99894 0.9952 0.98941 0.9824 0.97491 0.96738 0.95997 0.95263 0.94524 0.93758
0.56325 0.4298 0.5541 0.73054 0.79158 0.8278 0.77813 0.62159 0.5063 0.45237 0.45185 0.49213 0.55778 0.6345 0.71149 0.78115 0.83833 0.88072 0.90858 0.92407 0.92992 0.92857 0.92192 0.91173 0.89994 0.88886 0.88085 0.87779 0.88067 0.88919 0.90204 0.91753 0.93402 0.9502 0.96509 0.97798 0.98826 0.99546 0.99931 0.99981 0.99734 0.99258 0.98641 0.9796 0.97261 0.9656 0.95858 0.95142 0.94392
0.57573 0.51875 0.54219 0.62788 0.68665 0.72355 0.67343 0.51814 0.39595 0.34039 0.35169 0.40817 0.48708 0.57396 0.65936 0.73635 0.79979 0.84707 0.87815 0.89509 0.90067 0.89756 0.88801 0.87428 0.85895 0.8451 0.83581 0.83348 0.83917 0.85216 0.87044 0.8916 0.91344 0.93437 0.95333 0.9696 0.98268 0.99218 0.99792 0.99998 0.99879 0.99507 0.98975 0.98363 0.97719 0.97063 0.96396 0.95706 0.94975
0.4633 0.43063 0.39544 0.48231 0.575 0.61633 0.56697 0.41252 0.27951 0.22239 0.25523 0.33301 0.42484 0.51993 0.61173 0.69431 0.76259 0.8136 0.84698 0.86459 0.86926 0.86382 0.85084 0.83307 0.81377 0.79685 0.78622 0.7849 0.79395 0.81211 0.83652 0.86392 0.89155 0.91754 0.94074 0.96052 0.97646 0.98829 0.99594 0.99956 0.99964 0.99697 0.99251 0.98708 0.98121 0.97511 0.9688 0.96219 0.95511
0.36955 0.29584 0.17756 0.34622 0.48204 0.53185 0.4914 0.33959 0.18519 0.10649 0.17225 0.2725 0.37388 0.47403 0.56978 0.65608 0.72773 0.7813 0.81605 0.83361 0.83676 0.82846 0.81157 0.78927 0.76552 0.74515 0.73307 0.73295 0.74586 0.76985 0.801 0.83511 0.86885 0.90007 0.92763 0.95096 0.96977 0.98393 0.99347 0.99864 0.99999 0.99835 0.99474 0.99001 0.98471 0.97908 0.97316 0.96687 0.96004
0.32111 0.243 0.0566 0.26933 0.41015 0.4716 0.45508 0.31988 0.15777 0.007861 0.12153 0.23245 0.33605 0.43711 0.53416 0.62231 0.69589 0.75092 0.78616 0.803 0.80411 0.79251 0.77125 0.74395 0.71525 0.69098 0.67722 0.67845 0.69572 0.72614 0.76455 0.80574 0.84578 0.88234 0.91426 0.94112 0.96278 0.97923 0.99063 0.99731 0.9999 0.99928 0.9965 0.99247 0.98775 0.98259 0.97707 0.97111 0.96457
0.32914 0.27206 0.21543 0.25715 0.34799 0.42232 0.44324 0.34038 0.20025 0.094027 0.12437 0.21555 0.31165 0.40922 0.50504 0.59329 0.6675 0.72296 0.75794 0.77347 0.77212 0.75685 0.73088 0.69813 0.66395 0.63524 0.61948 0.62218 0.64428 0.68171 0.72783 0.77633 0.82276 0.86463 0.90087 0.93119 0.95562 0.9743 0.9875 0.99565 0.99944 0.99981 0.99785 0.9945 0.99035 0.98568 0.98057 0.97496 0.96872
0.2406 0.26611 0.28256 0.2437 0.28282 0.37266 0.43751 0.37259 0.25885 0.16978 0.16072 0.21794 0.2992 0.38972 0.48219 0.56907 0.64276 0.69777 0.73182 0.7456 0.74145 0.72229 0.69134 0.65277 0.61254 0.57877 0.56057 0.5648 0.59224 0.63725 0.69144 0.74738 0.80016 0.84724 0.88766 0.92132 0.94841 0.96923 0.98416 0.99373 0.99867 1 0.99884 0.99616 0.99258 0.98839 0.98369 0.97845 0.97252
0.065879 0.2378 0.25811 0.18459 0.20885 0.32166 0.42917 0.39869 0.3069 0.22718 0.20074 0.23116 0.29581 0.37738 0.46509 0.54945 0.62169 0.67552 0.70811 0.7198 0.71269 0.68951 0.65345 0.60878 0.56195 0.52235 0.50114 0.50694 0.54027 0.59343 0.65595 0.71932 0.7783 0.83039 0.8748 0.91163 0.94125 0.9641 0.98068 0.99159 0.99764 0.99989 0.9995 0.99747 0.99445 0.99074 0.98646 0.98159 0.976
0.21016 0.23858 0.19651 0.089231 0.13288 0.27853 0.41815 0.41233 0.33755 0.26629 0.23353 0.24766 0.29824 0.37077 0.45304 0.53411 0.60419 0.65627 0.68701 0.6964 0.68627 0.65912 0.61795 0.567 0.51306 0.46675 0.44176 0.44915 0.48903 0.55089 0.6219 0.69256 0.75747 0.81429 0.86245 0.90224 0.93423 0.95898 0.97711 0.98929 0.99639 0.99952 0.99988 0.99848 0.996 0.99277 0.98891 0.98441 0.97917
0.36741 0.28285 0.18243 0.029657 0.087743 0.25694 0.4071 0.41252 0.35004 0.2883 0.25647 0.26294 0.30375 0.36844 0.44528 0.52265 0.59008 0.63998 0.66861 0.67561 0.66252 0.63158 0.58549 0.52827 0.46679 0.41275 0.38295 0.39193 0.43917 0.51027 0.58978 0.66743 0.73791 0.7991 0.8507 0.89323 0.92741 0.95393 0.9735 0.98687 0.99497 0.99894 1 0.99921 0.99726 0.9945 0.99106 0.98694 0.98205
0.50645 0.34354 0.20194 0.090073 0.11911 0.26267 0.39694 0.39989 0.3456 0.29513 0.26974 0.27509 0.31047 0.36919 0.44107 0.51464 0.5791 0.62655 0.65291 0.65754 0.64169 0.60727 0.55662 0.49335 0.42407 0.36121 0.32518 0.33575 0.39139 0.47222 0.56004 0.64424 0.7198 0.78494 0.83967 0.88468 0.92084 0.94899 0.96989 0.98437 0.9934 0.99815 0.9999 0.99969 0.99826 0.99595 0.99293 0.98919 0.98466
0.54994 0.36227 0.17324 0.12558 0.18173 0.286 0.38551 0.37522 0.32626 0.28923 0.27465 0.28368 0.31733 0.3721 0.43978 0.50964 0.57099 0.61581 0.63985 0.64222 0.62389 0.58643 0.53177 0.46295 0.3859 0.31312 0.2689 0.28109 0.34646 0.43737 0.53309 0.62323 0.70329 0.77193 0.8294 0.87662 0.91458 0.94419 0.96631 0.98181 0.99171 0.99721 0.99959 0.99995 0.99901 0.99715 0.99454 0.99119 0.98701
0.50896 0.34098 0.093224 0.1571 0.24193 0.31157 0.36901 0.33919 0.29434 0.27337 0.27306 0.28913 0.32389 0.37653 0.44086 0.50724 0.56545 0.60758 0.62932 0.62961 0.60915 0.5692 0.51124 0.43764 0.35331 0.26976 0.21464 0.22848 0.30531 0.40637 0.50929 0.60457 0.68848 0.7601 0.81996 0.8691 0.90863 0.93956 0.96279 0.97922 0.98992 0.99611 0.9991 0.99999 0.99954 0.99812 0.99591 0.99294 0.98913
0.4965 0.34921 0.13357 0.21635 0.29165 0.32897 0.34443 0.29269 0.25239 0.25068 0.26711 0.29227 0.33009 0.38207 0.44387 0.50707 0.56219 0.60163 0.62115 0.61957 0.59739 0.55557 0.49516 0.41785 0.3273 0.23282 0.16311 0.17868 0.2691 0.37984 0.4889 0.5884 0.67543 0.74951 0.81135 0.86213 0.90303 0.93512 0.95934 0.97663 0.98806 0.9949 0.99845 0.99986 0.99986 0.99887 0.99706 0.99446 0.99102
0.53965 0.40181 0.27017 0.29353 0.32828 0.33463 0.31141 0.23722 0.20325 0.22466 0.25905 0.2941 0.33613 0.38851 0.44845 0.50879 0.56092 0.59772 0.61514 0.61194 0.58847 0.54542 0.48348 0.40375 0.30865 0.20448 0.11573 0.13311 0.23924 0.35832 0.4721 0.57476 0.66417 0.74015 0.80359 0.85572 0.89779 0.93088 0.95597 0.97403 0.98614 0.99357 0.99766 0.99955 0.99999 0.99942 0.998 0.99578 0.99269
0.55026 0.43643 0.38152 0.36415 0.35207 0.33094 0.27354 0.17553 0.15044 0.19935 0.25104 0.29559 0.34226 0.39572 0.45432 0.51209 0.56136 0.59562 0.61106 0.60651 0.58217 0.53852 0.476 0.39525 0.29776 0.18706 0.076554 0.095109 0.21729 0.3422 0.45899 0.56366 0.65466 0.73202 0.79666 0.84987 0.89291 0.92686 0.95271 0.97145 0.98417 0.99215 0.99674 0.99909 0.99996 0.99978 0.99874 0.99689 0.99417
0.46313 0.41812 0.44624 0.41501 0.36651 0.32478 0.23953 0.11348 0.099869 0.17929 0.24501 0.29764 0.34879 0.40366 0.46128 0.51671 0.56324 0.59506 0.60869 0.60303 0.5782 0.53457 0.47235 0.39196 0.29444 0.18197 0.05824 0.073114 0.2046 0.33167 0.44952 0.55503 0.64687 0.72506 0.79055 0.84457 0.88838 0.92304 0.94956 0.9689 0.98217 0.99066 0.99571 0.99849 0.99976 0.99997 0.9993 0.99781 0.99545
0.30759 0.35789 0.46959 0.44452 0.3773 0.32517 0.22287 0.070768 0.06739 0.16879 0.2424 0.30091 0.35598 0.41227 0.46911 0.52238 0.56632 0.59581 0.60777 0.60123 0.57627 0.53317 0.47206 0.39328 0.29789 0.18851 0.073219 0.077698 0.20166 0.32662 0.44355 0.54877 0.6407 0.71924 0.78522 0.8398 0.88419 0.91944 0.94651 0.96637 0.98014 0.98909 0.99457 0.99775 0.99942 0.99999 0.99969 0.99856 0.99656
0.14719 0.29017 0.46517 0.45598 0.38955 0.33907 0.23446 0.090005 0.079872 0.17004 0.24396 0.30586 0.36401 0.42155 0.47767 0.5289 0.57035 0.59762 0.60806 0.60083 0.57605 0.53393 0.47459 0.39843 0.30688 0.20402 0.10558 0.10267 0.20765 0.32663 0.44084 0.54472 0.63606 0.71449 0.78063 0.83554 0.88035 0.91604 0.94357 0.96389 0.97809 0.98746 0.99334 0.99691 0.99893 0.99987 0.99992 0.99914 0.99749
0.066279 0.25152 0.44317 0.45148 0.40508 0.36744 0.27154 0.14561 0.12033 0.18169 0.24974 0.31273 0.373 0.43146 0.4868 0.53606 0.57512 0.60028 0.60931 0.60158 0.57722 0.53644 0.47938 0.40659 0.32002 0.22531 0.14194 0.13526 0.22072 0.33108 0.44106 0.54267 0.63284 0.71073 0.77674 0.83176 0.87682 0.91284 0.94074 0.96145 0.97603 0.98578 0.99203 0.99595 0.99833 0.99961 1 0.99957 0.99826
0.18085 0.25157 0.40585 0.43025 0.42236 0.40556 0.32161 0.20413 0.16443 0.19997 0.25918 0.32151 0.383 0.44192 0.49637 0.54368 0.58042 0.60356 0.6113 0.6032 0.57946 0.54028 0.48588 0.41697 0.33599 0.24976 0.1783 0.16959 0.23871 0.33919 0.44383 0.54243 0.63089 0.70789 0.77349 0.82843 0.87359 0.90984 0.93802 0.95904 0.97396 0.98405 0.99064 0.99489 0.9976 0.99922 0.99994 0.99984 0.99889
0.27301 0.26101 0.34978 0.39146 0.4389 0.44664 0.37303 0.25629 0.20445 0.22105 0.27143 0.33209 0.39395 0.45287 0.50623 0.55157 0.58607 0.60727 0.61382 0.60546 0.58248 0.5451 0.49358 0.42883 0.35367 0.27556 0.2134 0.20355 0.25972 0.35014 0.44876 0.54376 0.6301 0.70587 0.77084 0.82552 0.87065 0.90701 0.9354 0.95668 0.97189 0.98228 0.98918 0.99375 0.99677 0.9987 0.99975 0.99998 0.99936
0.30016 0.25015 0.27119 0.33903 0.45345 0.48465 0.41791 0.29826 0.23764 0.24218 0.2856 0.34422 0.40577 0.46421 0.51625 0.55959 0.59188 0.61123 0.61666 0.60814 0.58601 0.55055 0.50206 0.44158 0.3722 0.30154 0.24679 0.2363 0.28234 0.36319 0.45544 0.54644 0.6303 0.70459 0.76873 0.82299 0.86797 0.90436 0.93288 0.95436 0.96982 0.98047 0.98765 0.99251 0.99584 0.99807 0.99943 0.99999 0.9997
0.27481 0.21481 0.1715 0.28672 0.46651 0.51521 0.45131 0.3279 0.26279 0.26174 0.30095 0.35763 0.41834 0.47583 0.52632 0.56759 0.59771 0.61528 0.61966 0.61104 0.58983 0.55634 0.51091 0.4547 0.39089 0.32698 0.27828 0.2675 0.30557 0.37766 0.46349 0.55025 0.63138 0.70398 0.7671 0.82081 0.86554 0.90187 0.93045 0.95209 0.96774 0.97863 0.98607 0.9912 0.99481 0.99734 0.999 0.99987 0.99991
0.23599 0.17901 0.069546 0.26048 0.4792 0.53551 0.47027 0.34402 0.27955 0.27899 0.31692 0.37206 0.43148 0.4876 0.53631 0.57544 0.60342 0.61926 0.62266 0.61398 0.59372 0.56221 0.51984 0.4678 0.40928 0.35143 0.30779 0.29698 0.32875 0.39301 0.47258 0.55497 0.63321 0.70394 0.76591 0.81894 0.86332 0.89952 0.92812 0.94985 0.96567 0.97676 0.98444 0.98982 0.9937 0.99651 0.99846 0.99964 1
0.22809 0.17873 0.10335 0.28195 0.49181 0.54397 0.47327 0.3462 0.28825 0.29384 0.33318 0.38722 0.44504 0.49939 0.54609 0.58302 0.60889 0.62306 0.62553 0.61682 0.59751 0.56796 0.52858 0.48056 0.42701 0.37462 0.33533 0.32468 0.35143 0.40879 0.4824 0.56042 0.63565 0.70439 0.7651 0.81736 0.86131 0.89731 0.92586 0.94765 0.9636 0.97487 0.98276 0.98837 0.9925 0.99558 0.99782 0.99929 0.99997
0.24547 0.21183 0.21745 0.34036 0.50301 0.54004 0.45994 0.33472 0.28979 0.30665 0.34958 0.4029 0.45884 0.51109 0.55556 0.59023 0.614 0.62655 0.62814 0.61943 0.60106 0.57342 0.53693 0.49274 0.44384 0.39639 0.36091 0.35058 0.37332 0.42466 0.4927 0.56641 0.63859 0.70527 0.76462 0.81603 0.85948 0.89522 0.92367 0.94548 0.96153 0.97295 0.98103 0.98687 0.99123 0.99457 0.99708 0.99885 0.99983
0.23484 0.24947 0.32352 0.40907 0.5105 0.52414 0.43091 0.31044 0.28571 0.31808 0.36605 0.41889 0.47269 0.52255 0.56463 0.59697 0.61868 0.62967 0.6304 0.6217 0.60425 0.57845 0.54473 0.50418 0.45961 0.41665 0.38458 0.37472 0.39425 0.44036 0.50324 0.5728 0.64194 0.70649 0.76443 0.81493 0.85782 0.89324 0.92156 0.94335 0.95946 0.97102 0.97926 0.9853 0.98989 0.99347 0.99625 0.9983 0.99958
0.16891 0.28183 0.40958 0.46972 0.51221 0.49778 0.38773 0.27489 0.27817 0.32897 0.38262 0.43499 0.48644 0.53366 0.57319 0.60317 0.62284 0.63231 0.63224 0.62354 0.60697 0.58295 0.55186 0.51475 0.47421 0.43536 0.40639 0.39713 0.4141 0.4557 0.51385 0.57945 0.64559 0.70801 0.76448 0.81402 0.8563 0.89137 0.91951 0.94125 0.9574 0.96906 0.97746 0.98368 0.98849 0.9923 0.99534 0.99766 0.99924
0.13572 0.31374 0.47187 0.51399 0.50753 0.46378 0.33289 0.23028 0.26992 0.34019 0.39934 0.45106 0.49994 0.5443 0.58116 0.60875 0.62642 0.63443 0.63358 0.6249 0.60917 0.58682 0.55823 0.52436 0.48758 0.45252 0.42641 0.41785 0.4328 0.47052 0.52439 0.58625 0.64947 0.70976 0.76474 0.81327 0.85491 0.88958 0.91751 0.93918 0.95534 0.96709 0.97562 0.98201 0.98702 0.99106 0.99434 0.99693 0.9988
0.23908 0.34768 0.51064 0.54037 0.4979 0.42655 0.2703 0.18011 0.26416 0.35253 0.41624 0.46695 0.51302 0.55438 0.58848 0.61367 0.62937 0.63597 0.63439 0.62571 0.61078 0.59002 0.56379 0.53296 0.49969 0.46814 0.4447 0.43695 0.45032 0.48472 0.53474 0.59309 0.6535 0.71169 0.76517 0.81267 0.85363 0.88788 0.91557 0.93713 0.95329 0.96509 0.97374 0.9803 0.98549 0.98975 0.99327 0.99613 0.99828
0.34355 0.37828 0.5288 0.55167 0.48671 0.39234 0.20679 0.13121 0.26402 0.36656 0.43332 0.48253 0.52558 0.56379 0.59507 0.61787 0.63166 0.63691 0.63462 0.62595 0.61176 0.5925 0.56849 0.54052 0.51053 0.48225 0.46135 0.45448 0.46667 0.49824 0.54481 0.59989 0.65761 0.71375 0.76574 0.8122 0.85245 0.88624 0.91367 0.9351 0.95124 0.96309 0.97184 0.97854 0.98392 0.98838 0.99213 0.99524 0.99767
0.39619 0.39825 0.5306 0.55285 0.47846 0.3688 0.15691 0.10073 0.27187 0.38261 0.45054 0.49766 0.53749 0.57247 0.6009 0.62133 0.63326 0.63721 0.63425 0.62558 0.61209 0.59424 0.57232 0.54704 0.52013 0.49491 0.47641 0.47052 0.48184 0.51103 0.55452 0.60659 0.66175 0.7159 0.76641 0.81182 0.85135 0.88467 0.91181 0.93309 0.94918 0.96107 0.96991 0.97674 0.98229 0.98695 0.99093 0.99428 0.99698
0.40667 0.4036 0.52017 0.54889 0.47731 0.36306 0.14787 0.11449 0.2885 0.40072 0.46781 0.51222 0.54865 0.58034 0.60592 0.62402 0.63415 0.63686 0.63326 0.62459 0.61176 0.59523 0.57527 0.55251 0.52849 0.50617 0.48997 0.48514 0.49587 0.52306 0.56383 0.61314 0.66588 0.7181 0.76716 0.81152 0.85032 0.88315 0.90999 0.9311 0.94713 0.95904 0.96796 0.97491 0.98061 0.98547 0.98966 0.99325 0.99621
0.39817 0.39351 0.50012 0.54319 0.4856 0.37829 0.18957 0.16416 0.31312 0.42069 0.485 0.52611 0.55898 0.58735 0.61011 0.62593 0.63432 0.63586 0.63166 0.62299 0.61077 0.59547 0.57734 0.55696 0.53567 0.51607 0.50209 0.49839 0.50878 0.53432 0.57269 0.61947 0.66996 0.72033 0.76797 0.81129 0.84935 0.88168 0.90819 0.92913 0.94508 0.95699 0.96598 0.97305 0.9789 0.98393 0.98833 0.99216 0.99538
0.38028 0.36831 0.47098 0.53699 0.50304 0.4119 0.25786 0.2269 0.34387 0.44211 0.50194 0.53922 0.56841 0.59346 0.61344 0.62705 0.63379 0.63421 0.62944 0.62076 0.60911 0.59496 0.57856 0.56041 0.54169 0.52469 0.51287 0.51034 0.52061 0.54481 0.58109 0.62557 0.67394 0.72255 0.76882 0.8111 0.84842 0.88025 0.90643 0.92717 0.94304 0.95494 0.96398 0.97115 0.97714 0.98235 0.98695 0.99101 0.99448
0.34455 0.32892 0.43168 0.5299 0.52717 0.45761 0.33401 0.29262 0.37859 0.46449 0.51847 0.55145 0.57688 0.59864 0.6159 0.62738 0.63254 0.63191 0.62661 0.61792 0.6068 0.59372 0.57894 0.56289 0.5466 0.53208 0.52236 0.52107 0.53141 0.55453 0.589 0.63141 0.67781 0.72474 0.76968 0.81095 0.84754 0.87884 0.90469 0.92522 0.94099 0.95287 0.96196 0.96922 0.97535 0.98072 0.98552 0.98979 0.99351
0.27852 0.2778 0.38093 0.52126 0.55459 0.50879 0.40982 0.35716 0.41529 0.48726 0.53438 0.56272 0.58433 0.60287 0.61751 0.62694 0.63061 0.62899 0.62319 0.6145 0.60386 0.59178 0.57851 0.56444 0.55045 0.53831 0.53064 0.53065 0.54121 0.56351 0.59642 0.63697 0.68154 0.72689 0.77054 0.81083 0.84668 0.87747 0.90296 0.92328 0.93894 0.9508 0.95992 0.96727 0.97352 0.97905 0.98404 0.98853 0.99248
0.18199 0.21966 0.3188 0.51127 0.58203 0.56008 0.48129 0.41835 0.45229 0.5099 0.5495 0.57296 0.59075 0.60615 0.61826 0.62575 0.628 0.62546 0.6192 0.6105 0.60031 0.58916 0.57731 0.56509 0.55331 0.54344 0.53778 0.53912 0.55006 0.57176 0.60334 0.64222 0.68512 0.72897 0.77139 0.81072 0.84585 0.87612 0.90125 0.92135 0.93689 0.94871 0.95786 0.96529 0.97166 0.97734 0.98251 0.98721 0.9914
0.07296 0.16046 0.24826 0.50146 0.60693 0.60768 0.54614 0.47483 0.4883 0.53189 0.56365 0.58209 0.59612 0.60848 0.61817 0.62381 0.62475 0.62135 0.61467 0.60595 0.59617 0.58589 0.57536 0.56491 0.5552 0.54753 0.54384 0.54657 0.55801 0.57931 0.60978 0.64718 0.68853 0.73098 0.77222 0.81061 0.84503 0.87478 0.89956 0.91943 0.93484 0.94662 0.95579 0.96329 0.96977 0.9756 0.98094 0.98584 0.99026
0.018065 0.10531 0.17842 0.49423 0.6275 0.64903 0.60297 0.52573 0.52234 0.55282 0.57669 0.59009 0.60042 0.60987 0.61726 0.62117 0.62088 0.61669 0.60961 0.60088 0.59148 0.58199 0.5727 0.56391 0.5562 0.55065 0.54889 0.55304 0.56511 0.58618 0.61573 0.65182 0.69177 0.73289 0.77301 0.81049 0.84422 0.87345 0.89788 0.91751 0.93279 0.94452 0.9537 0.96126 0.96785 0.97382 0.97934 0.98443 0.98907
0.074942 0.061331 0.13446 0.49172 0.64262 0.68253 0.65096 0.5705 0.55372 0.57231 0.58849 0.5969 0.60366 0.61033 0.61556 0.61786 0.61642 0.6115 0.60406 0.59531 0.58626 0.57751 0.56938 0.56216 0.55635 0.55284 0.553 0.5586 0.5714 0.5924 0.62121 0.65615 0.69481 0.73471 0.77376 0.81037 0.84341 0.87214 0.8962 0.9156 0.93074 0.94241 0.9516 0.95922 0.96591 0.97201 0.97769 0.98298 0.98784
0.08178 0.06316 0.15299 0.49456 0.65167 0.70729 0.6897 0.60886 0.58198 0.59011 0.59894 0.60252 0.60585 0.6099 0.61311 0.61389 0.61141 0.60583 0.59805 0.58928 0.58054 0.57247 0.56542 0.55969 0.5557 0.55418 0.55623 0.5633 0.57693 0.598 0.62623 0.66018 0.69767 0.73643 0.77446 0.81022 0.8426 0.87083 0.89453 0.91369 0.92869 0.9403 0.94949 0.95716 0.96394 0.97018 0.97601 0.98149 0.98656
0.074324 0.11921 0.21647 0.50132 0.65432 0.72295 0.71912 0.64074 0.60681 0.60599 0.60798 0.60694 0.60701 0.6086 0.60992 0.60933 0.60588 0.59969 0.59161 0.58282 0.57436 0.56691 0.56088 0.55656 0.55431 0.55472 0.55863 0.56721 0.58174 0.60301 0.63081 0.6639 0.70034 0.73803 0.7751 0.81005 0.84178 0.86952 0.89286 0.91178 0.92664 0.93818 0.94737 0.95509 0.96196 0.96831 0.9743 0.97996 0.98524
0.13939 0.19367 0.28849 0.50889 0.65047 0.72955 0.73942 0.66624 0.62809 0.61983 0.61556 0.61016 0.60717 0.60647 0.60606 0.60419 0.59986 0.59313 0.58477 0.57596 0.56775 0.56087 0.55578 0.55279 0.55222 0.55451 0.56026 0.57037 0.58588 0.60746 0.63496 0.66732 0.70282 0.73953 0.77568 0.80986 0.84096 0.86821 0.8912 0.90987 0.92458 0.93605 0.94523 0.953 0.95995 0.96642 0.97256 0.9784 0.98388
0.25943 0.27197 0.35234 0.51352 0.64018 0.72739 0.75102 0.68562 0.64578 0.63155 0.62165 0.6122 0.60636 0.60355 0.60155 0.59852 0.59341 0.58618 0.57757 0.56873 0.56074 0.55438 0.55017 0.54845 0.54949 0.5536 0.56117 0.57283 0.58938 0.61137 0.6387 0.67046 0.70511 0.7409 0.7762 0.80963 0.84012 0.86689 0.88953 0.90797 0.92253 0.93392 0.94309 0.95089 0.95792 0.96451 0.9708 0.9768 0.98248
0.39007 0.34382 0.40016 0.51187 0.62367 0.71702 0.75452 0.69925 0.65997 0.64113 0.62625 0.61309 0.60463 0.59989 0.59644 0.59236 0.58655 0.57887 0.57004 0.56116 0.55336 0.54748 0.54408 0.54356 0.54615 0.55204 0.56141 0.57464 0.59229 0.61479 0.64206 0.67331 0.70721 0.74216 0.77665 0.80937 0.83926 0.86558 0.88787 0.90606 0.92047 0.93179 0.94094 0.94877 0.95588 0.96258 0.969 0.97518 0.98105
0.50316 0.40039 0.42787 0.50165 0.60129 0.69913 0.75066 0.70758 0.67078 0.64859 0.62938 0.61287 0.60202 0.59552 0.59077 0.58576 0.57932 0.57125 0.56221 0.55329 0.54565 0.54019 0.53755 0.53817 0.54226 0.54989 0.56104 0.57584 0.59465 0.61774 0.64504 0.67589 0.70912 0.74331 0.77703 0.80907 0.83839 0.86425 0.8862 0.90415 0.91841 0.92965 0.93878 0.94665 0.95383 0.96063 0.96719 0.97353 0.97958
0.57966 0.43577 0.43393 0.48191 0.57355 0.67451 0.74026 0.71114 0.67842 0.65397 0.63107 0.61158 0.59859 0.59051 0.58459 0.57876 0.57176 0.56335 0.55411 0.54515 0.53763 0.53255 0.53062 0.53232 0.53785 0.54718 0.5601 0.57649 0.59649 0.62024 0.64767 0.67821 0.71086 0.74433 0.77735 0.80873 0.8375 0.86292 0.88453 0.90225 0.91635 0.92751 0.93662 0.94451 0.95176 0.95866 0.96535 0.97185 0.97808
0.61153 0.44789 0.41898 0.45296 0.54109 0.64401 0.72424 0.71048 0.68313 0.65737 0.63139 0.60927 0.59437 0.58489 0.57794 0.57138 0.56391 0.5552 0.54578 0.53676 0.52935 0.5246 0.52332 0.52604 0.53297 0.54396 0.55863 0.57662 0.59785 0.62233 0.64996 0.68028 0.71241 0.74525 0.77759 0.80835 0.83659 0.86158 0.88286 0.90034 0.91429 0.92537 0.93445 0.94237 0.94968 0.95668 0.9635 0.97014 0.97656
0.6021 0.43883 0.38553 0.41618 0.50461 0.60854 0.70355 0.7062 0.68514 0.65888 0.63039 0.606 0.58943 0.57872 0.57087 0.56369 0.5558 0.54683 0.53725 0.52816 0.52082 0.51636 0.51568 0.51937 0.52765 0.54027 0.55667 0.57627 0.59876 0.62402 0.65193 0.6821 0.7138 0.74604 0.77776 0.80794 0.83566 0.86023 0.88119 0.89843 0.91223 0.92322 0.93228 0.94021 0.94758 0.95468 0.96162 0.96842 0.97501
0.56361 0.41412 0.33757 0.37374 0.46488 0.56902 0.67914 0.69886 0.68474 0.65863 0.62813 0.60183 0.58382 0.57204 0.56342 0.55571 0.54748 0.53828 0.52854 0.51937 0.51207 0.50786 0.50773 0.51235 0.52194 0.53616 0.55427 0.57548 0.59926 0.62536 0.65361 0.6837 0.71503 0.74673 0.77786 0.80748 0.83471 0.85886 0.87951 0.89652 0.91017 0.92107 0.9301 0.93806 0.94548 0.95267 0.95973 0.96667 0.97344
0.51258 0.38161 0.28019 0.32828 0.42268 0.52636 0.65201 0.68906 0.68219 0.65673 0.62471 0.59683 0.5776 0.56492 0.55563 0.54748 0.53896 0.52957 0.51969 0.51043 0.50314 0.49913 0.4995 0.50501 0.51586 0.53165 0.55146 0.57428 0.59938 0.62635 0.65501 0.68508 0.71609 0.74731 0.7779 0.80697 0.83373 0.85749 0.87782 0.89461 0.9081 0.91892 0.92792 0.93589 0.94337 0.95064 0.95782 0.96491 0.97184
0.4642 0.34977 0.21931 0.28258 0.37871 0.48149 0.62309 0.67732 0.67776 0.65332 0.6202 0.59105 0.57082 0.55738 0.54755 0.53905 0.5303 0.52074 0.51073 0.50136 0.49405 0.4902 0.49103 0.49737 0.50945 0.52679 0.54828 0.57271 0.59914 0.62703 0.65614 0.68626 0.71701 0.74779 0.77786 0.80643 0.83273 0.8561 0.87613 0.8927 0.90604 0.91677 0.92574 0.93372 0.94125 0.94861 0.9559 0.96313 0.97022
0.42746 0.32551 0.16189 0.23927 0.33363 0.43535 0.59333 0.66417 0.6717 0.64854 0.61468 0.58457 0.56354 0.54948 0.53922 0.53044 0.52151 0.51182 0.50167 0.49218 0.48482 0.48109 0.48234 0.48947 0.50275 0.5216 0.54477 0.5708 0.59858 0.62741 0.65702 0.68723 0.71777 0.74816 0.77776 0.80585 0.83171 0.85471 0.87444 0.89078 0.90398 0.91462 0.92356 0.93155 0.93913 0.94657 0.95397 0.96133 0.96858
0.40363 0.312 0.11718 0.20055 0.28799 0.38889 0.56362 0.65006 0.66424 0.64251 0.60825 0.57745 0.55581 0.54127 0.53068 0.52169 0.51264 0.50283 0.49255 0.48292 0.47548 0.47183 0.47345 0.48134 0.49578 0.51612 0.54094 0.56858 0.59772 0.62753 0.65767 0.68803 0.7184 0.74843 0.77759 0.80522 0.83066 0.8533 0.87274 0.88887 0.90191 0.91247 0.92137 0.92938 0.937 0.94452 0.95203 0.95952 0.96692
0.38862 0.308 0.097128 0.1679 0.24226 0.34312 0.53478 0.6354 0.65561 0.63537 0.601 0.56976 0.54768 0.53279 0.52196 0.51283 0.5037 0.4938 0.48339 0.4736 0.46604 0.46244 0.46439 0.473 0.48857 0.51038 0.53684 0.56608 0.59658 0.62739 0.65811 0.68864 0.7189 0.74861 0.77736 0.80455 0.82958 0.85187 0.87104 0.88695 0.89985 0.91033 0.91919 0.9272 0.93487 0.94246 0.95007 0.95769 0.96525
0.3767 0.30957 0.10427 0.14192 0.19686 0.29918 0.50759 0.62054 0.646 0.62723 0.59299 0.56155 0.53921 0.52408 0.5131 0.5039 0.49472 0.48475 0.4742 0.46424 0.45654 0.45295 0.45518 0.46447 0.48115 0.5044 0.53249 0.56332 0.59519 0.62701 0.65834 0.68909 0.71927 0.7487 0.77706 0.80385 0.82849 0.85044 0.86933 0.88503 0.89779 0.90818 0.91701 0.92502 0.93274 0.9404 0.94811 0.95586 0.96356
0.36315 0.31273 0.12395 0.1224 0.15222 0.25846 0.48271 0.60578 0.63559 0.61823 0.58433 0.55289 0.53043 0.51518 0.50413 0.49491 0.48573 0.47571 0.46503 0.45487 0.44699 0.44336 0.44584 0.45578 0.47354 0.49822 0.52791 0.56034 0.59358 0.62643 0.65838 0.68939 0.71951 0.7487 0.7767 0.8031 0.82737 0.84899 0.86761 0.88311 0.89573 0.90603 0.91483 0.92285 0.9306 0.93834 0.94614 0.95401 0.96186
0.34549 0.31504 0.14408 0.10883 0.10894 0.22269 0.46068 0.59135 0.62453 0.60847 0.57509 0.54385 0.52141 0.50612 0.49508 0.48591 0.47676 0.46669 0.45587 0.4455 0.43741 0.43371 0.4364 0.44696 0.46577 0.49186 0.52315 0.55714 0.59176 0.62565 0.65825 0.68954 0.71965 0.74862 0.77629 0.80232 0.82623 0.84753 0.86589 0.88119 0.89367 0.90389 0.91264 0.92067 0.92846 0.93627 0.94417 0.95215 0.96015
0.32373 0.31585 0.16088 0.10127 0.068547 0.19408 0.44192 0.57742 0.61296 0.59804 0.56534 0.53447 0.51217 0.49695 0.48599 0.47691 0.46782 0.45772 0.44675 0.43615 0.42782 0.42401 0.42687 0.43802 0.45785 0.48534 0.5182 0.55377 0.58975 0.62468 0.65796 0.68955 0.71967 0.74845 0.77582 0.8015 0.82507 0.84606 0.86417 0.87927 0.89161 0.90175 0.91047 0.9185 0.92632 0.93419 0.94219 0.95029 0.95842
0.30005 0.31589 0.17495 0.10081 0.038041 0.17509 0.42664 0.56411 0.60099 0.58706 0.55516 0.52481 0.50277 0.4877 0.47687 0.46794 0.45894 0.44881 0.43769 0.42683 0.41824 0.41427 0.41727 0.42897 0.44982 0.47868 0.51311 0.55022 0.58757 0.62356 0.65751 0.68944 0.7196 0.74821 0.77529 0.80064 0.82388 0.84458 0.86244 0.87735 0.88956 0.89961 0.90829 0.91632 0.92418 0.93212 0.9402 0.94842 0.95668
0.27812 0.31664 0.18882 0.10887 0.042756 0.16755 0.41491 0.55148 0.58871 0.5756 0.54461 0.51492 0.49324 0.47839 0.46776 0.45902 0.45013 0.43999 0.42871 0.41757 0.40867 0.40452 0.40762 0.41985 0.44169 0.4719 0.50788 0.54654 0.58525 0.62228 0.65693 0.6892 0.71942 0.7479 0.77472 0.79975 0.82267 0.84309 0.8607 0.87543 0.8875 0.89747 0.90612 0.91415 0.92205 0.93004 0.93821 0.94654 0.95494
0.26229 0.3198 0.20546 0.12569 0.074237 0.1713 0.40656 0.53955 0.57621 0.56376 0.53377 0.50484 0.48361 0.46905 0.45868 0.45016 0.44141 0.43127 0.41981 0.40837 0.39914 0.39477 0.39794 0.41066 0.43347 0.46503 0.50255 0.54273 0.58278 0.62087 0.65622 0.68885 0.71916 0.74751 0.77409 0.79883 0.82145 0.84158 0.85896 0.87351 0.88545 0.89534 0.90395 0.91198 0.91991 0.92796 0.93622 0.94466 0.95318
0.25675 0.32678 0.22707 0.14992 0.10996 0.18398 0.40131 0.52831 0.56354 0.55159 0.52269 0.49463 0.47392 0.45972 0.44965 0.44139 0.4328 0.42265 0.41102 0.39926 0.38966 0.38502 0.38822 0.40143 0.42519 0.45809 0.49712 0.53881 0.5802 0.61933 0.65539 0.6884 0.71881 0.74706 0.77342 0.79787 0.8202 0.84007 0.85722 0.87159 0.8834 0.89322 0.90179 0.90982 0.91777 0.92589 0.93423 0.94277 0.95142
0.26456 0.33835 0.25432 0.17946 0.14532 0.20239 0.39873 0.51771 0.55075 0.53917 0.51142 0.48432 0.46421 0.4504 0.44069 0.43272 0.42431 0.41416 0.40234 0.39024 0.38024 0.37531 0.3785 0.39216 0.41686 0.45108 0.49162 0.53481 0.57751 0.61768 0.65445 0.68786 0.71838 0.74655 0.7727 0.79689 0.81894 0.83854 0.85548 0.86967 0.88136 0.89109 0.89963 0.90765 0.91564 0.92381 0.93223 0.94088 0.94965
0.28659 0.35444 0.28644 0.21222 0.17912 0.22371 0.39833 0.50768 0.5379 0.52656 0.50002 0.47395 0.45448 0.44114 0.43181 0.42417 0.41595 0.40581 0.39379 0.38133 0.3709 0.36562 0.36878 0.38287 0.4085 0.44403 0.48606 0.53072 0.57473 0.61594 0.65342 0.68722 0.71787 0.74597 0.77193 0.79587 0.81765 0.83701 0.85373 0.86775 0.87932 0.88898 0.89747 0.9055 0.91351 0.92174 0.93024 0.93898 0.94788
0.32116 0.37425 0.32171 0.24637 0.21082 0.24599 0.39958 0.49813 0.52499 0.51382 0.48853 0.46355 0.44478 0.43193 0.42304 0.41575 0.40774 0.39761 0.38538 0.37254 0.36164 0.35599 0.35908 0.37357 0.40012 0.43694 0.48045 0.52657 0.57187 0.6141 0.65229 0.6865 0.71729 0.74535 0.77113 0.79483 0.81635 0.83547 0.85198 0.86584 0.87728 0.88686 0.89532 0.90335 0.91139 0.91967 0.92824 0.93709 0.9461
0.36452 0.39638 0.35815 0.28036 0.24011 0.26798 0.40198 0.48897 0.51207 0.50098 0.477 0.45316 0.43513 0.42281 0.41438 0.40747 0.39969 0.38957 0.37712 0.36387 0.35248 0.34642 0.3494 0.36428 0.39174 0.42985 0.47481 0.52237 0.56895 0.61219 0.65109 0.6857 0.71665 0.74466 0.77029 0.79376 0.81503 0.83392 0.85022 0.86392 0.87525 0.88476 0.89318 0.9012 0.90927 0.9176 0.92625 0.93519 0.94432
0.41175 0.41917 0.39384 0.31289 0.26675 0.28888 0.40507 0.48011 0.49914 0.4881 0.46546 0.44279 0.42553 0.41379 0.40585 0.39935 0.3918 0.38169 0.36902 0.35534 0.34342 0.33691 0.33975 0.355 0.38336 0.42275 0.46916 0.51814 0.56597 0.6102 0.6498 0.68483 0.71594 0.74393 0.7694 0.79266 0.8137 0.83236 0.84847 0.86201 0.87322 0.88265 0.89104 0.89906 0.90716 0.91554 0.92426 0.93329 0.94254
0.45754 0.44093 0.42712 0.34289 0.29058 0.30824 0.40846 0.47145 0.48623 0.47521 0.45395 0.43248 0.41602 0.40487 0.39746 0.39139 0.38409 0.37399 0.36108 0.34695 0.33448 0.32748 0.33015 0.34575 0.375 0.41566 0.4635 0.51388 0.56294 0.60816 0.64846 0.6839 0.71518 0.74315 0.76849 0.79154 0.81235 0.83079 0.84671 0.8601 0.8712 0.88056 0.88891 0.89693 0.90505 0.91348 0.92227 0.93139 0.94075
0.49701 0.46013 0.45665 0.36951 0.31149 0.32579 0.4118 0.4629 0.47333 0.46235 0.4425 0.42225 0.40661 0.39608 0.38922 0.38359 0.37655 0.36647 0.35332 0.33872 0.32566 0.31813 0.3206 0.33654 0.36668 0.4086 0.45785 0.50961 0.55987 0.60606 0.64705 0.6829 0.71436 0.74233 0.76754 0.79039 0.81099 0.82922 0.84495 0.85819 0.86918 0.87847 0.88679 0.8948 0.90294 0.91142 0.92028 0.9295 0.93896
0.52622 0.47554 0.48145 0.3921 0.32944 0.34139 0.41485 0.45438 0.46045 0.44955 0.43113 0.41212 0.3973 0.38742 0.38114 0.37597 0.3692 0.35914 0.34573 0.33065 0.31697 0.30888 0.31112 0.32736 0.35839 0.40157 0.45222 0.50533 0.55678 0.60392 0.64558 0.68185 0.71349 0.74146 0.76655 0.78923 0.80962 0.82764 0.84319 0.85628 0.86717 0.87639 0.88467 0.89268 0.90084 0.90937 0.9183 0.9276 0.93717
0.54261 0.48631 0.50081 0.4102 0.34442 0.355 0.41739 0.44582 0.44761 0.43683 0.41987 0.4021 0.38812 0.37891 0.37321 0.36853 0.36205 0.35199 0.33833 0.32275 0.30842 0.29973 0.30169 0.31824 0.35015 0.39458 0.44662 0.50105 0.55367 0.60174 0.64407 0.68075 0.71257 0.74056 0.76554 0.78804 0.80823 0.82605 0.84143 0.85438 0.86516 0.87431 0.88256 0.89056 0.89875 0.90732 0.91632 0.92571 0.93538
0.54504 0.49197 0.51433 0.42353 0.3565 0.36663 0.41927 0.43716 0.4348 0.42423 0.40875 0.39221 0.37908 0.37054 0.36546 0.36128 0.35508 0.34505 0.33112 0.31502 0.30001 0.29068 0.29234 0.30918 0.34197 0.38765 0.44105 0.49679 0.55055 0.59953 0.64252 0.6796 0.71162 0.73961 0.7645 0.78683 0.80683 0.82446 0.83967 0.85248 0.86316 0.87225 0.88046 0.88846 0.89667 0.90528 0.91435 0.92382 0.93359
0.5337 0.49247 0.52183 0.43197 0.36576 0.37634 0.42039 0.42834 0.42204 0.41175 0.39777 0.38247 0.37017 0.36232 0.35788 0.35422 0.34832 0.33831 0.32411 0.30748 0.29176 0.28175 0.28307 0.30019 0.33385 0.38078 0.43552 0.49254 0.54742 0.59729 0.64093 0.67841 0.71062 0.73864 0.76343 0.78561 0.80542 0.82287 0.83791 0.85059 0.86117 0.87019 0.87837 0.88636 0.89459 0.90325 0.91237 0.92193 0.9318
0.50985 0.48808 0.52337 0.43555 0.37235 0.38422 0.42069 0.41932 0.40932 0.39943 0.38696 0.37287 0.36141 0.35427 0.35048 0.34735 0.34175 0.33176 0.31729 0.30012 0.28366 0.27293 0.27389 0.29127 0.32582 0.37398 0.43005 0.48833 0.54429 0.59503 0.6393 0.67718 0.70958 0.73763 0.76234 0.78437 0.804 0.82127 0.83615 0.8487 0.85918 0.86813 0.87628 0.88427 0.89252 0.90122 0.91041 0.92004 0.93002
0.47558 0.47935 0.51915 0.43439 0.37645 0.39038 0.42012 0.41008 0.39665 0.38727 0.37633 0.36343 0.35281 0.34638 0.34326 0.34067 0.33539 0.32543 0.31068 0.29294 0.27573 0.26424 0.26479 0.28242 0.31786 0.36726 0.42465 0.48414 0.54117 0.59276 0.63765 0.67592 0.70851 0.73659 0.76122 0.78311 0.80257 0.81966 0.83439 0.84681 0.85719 0.86609 0.87421 0.88219 0.89046 0.8992 0.90845 0.91816 0.92823
0.43355 0.46701 0.50954 0.42875 0.37824 0.39494 0.41868 0.40059 0.38404 0.3753 0.36589 0.35416 0.34436 0.33865 0.33622 0.33418 0.32923 0.3193 0.30427 0.28597 0.26797 0.25568 0.25578 0.27366 0.31 0.36063 0.4193 0.48 0.53806 0.59048 0.63597 0.67463 0.7074 0.73553 0.76009 0.78183 0.80113 0.81806 0.83263 0.84493 0.85522 0.86405 0.87214 0.88012 0.88841 0.89719 0.9065 0.91628 0.92645
0.38699 0.45191 0.49498 0.41894 0.37796 0.39804 0.41638 0.39084 0.37149 0.36353 0.35566 0.34507 0.33607 0.3311 0.32936 0.32789 0.32327 0.31337 0.29807 0.27919 0.26038 0.24725 0.24687 0.26499 0.30223 0.35409 0.41403 0.4759 0.53497 0.58819 0.63427 0.67331 0.70627 0.73443 0.75893 0.78054 0.79968 0.81645 0.83088 0.84305 0.85325 0.86202 0.87008 0.87806 0.88636 0.89518 0.90455 0.91441 0.92467
0.3397 0.4349 0.47604 0.40536 0.37585 0.3998 0.41324 0.38082 0.35901 0.35196 0.34563 0.33615 0.32795 0.32371 0.32268 0.32179 0.31751 0.30766 0.29208 0.27261 0.25297 0.23896 0.23807 0.25641 0.29456 0.34765 0.40885 0.47186 0.5319 0.58591 0.63256 0.67196 0.70511 0.73332 0.75775 0.77924 0.79822 0.81484 0.82912 0.84118 0.85129 0.86 0.86803 0.876 0.88433 0.89318 0.90261 0.91254 0.92289
0.2961 0.4168 0.45333 0.38842 0.37216 0.40038 0.40931 0.37053 0.3466 0.34061 0.33581 0.32741 0.31999 0.31649 0.31619 0.31589 0.31195 0.30215 0.2863 0.26624 0.24575 0.23081 0.22936 0.24793 0.287 0.34132 0.40374 0.46787 0.52886 0.58362 0.63083 0.6706 0.70393 0.73218 0.75656 0.77793 0.79676 0.81322 0.82737 0.83931 0.84933 0.85799 0.86599 0.87396 0.8823 0.89119 0.90067 0.91068 0.92111
0.26099 0.39834 0.42748 0.3686 0.36715 0.3999 0.40462 0.35999 0.33429 0.32949 0.32621 0.31885 0.3122 0.30944 0.30987 0.31017 0.30659 0.29684 0.28072 0.26008 0.23871 0.22281 0.22076 0.23955 0.27956 0.33509 0.39873 0.46393 0.52584 0.58135 0.6291 0.66921 0.70273 0.73102 0.75534 0.7766 0.79529 0.81161 0.82562 0.83745 0.84739 0.85599 0.86396 0.87192 0.88028 0.88921 0.89874 0.90883 0.91934
0.23866 0.38011 0.3992 0.34639 0.36109 0.39851 0.39923 0.34919 0.32206 0.3186 0.31684 0.31047 0.30456 0.30255 0.30373 0.30465 0.30143 0.29174 0.27536 0.25413 0.23187 0.21497 0.21228 0.23127 0.27223 0.32899 0.3938 0.46007 0.52286 0.57908 0.62735 0.66781 0.7015 0.72984 0.75412 0.77527 0.79382 0.80999 0.82387 0.83559 0.84545 0.854 0.86194 0.8699 0.87827 0.88724 0.89683 0.90697 0.91758
0.23091 0.36263 0.36919 0.32228 0.35422 0.39632 0.3932 0.33817 0.30994 0.30796 0.30769 0.30227 0.2971 0.29584 0.29777 0.29931 0.29647 0.28685 0.27021 0.24839 0.22522 0.20727 0.2039 0.2231 0.26504 0.323 0.38898 0.45626 0.51992 0.57682 0.6256 0.66639 0.70026 0.72864 0.75287 0.77392 0.79234 0.80837 0.82213 0.83374 0.84352 0.85201 0.85993 0.86788 0.87627 0.88528 0.89491 0.90513 0.91582
0.23575 0.3463 0.3382 0.29678 0.34679 0.39347 0.3866 0.32692 0.29794 0.29757 0.29877 0.29425 0.28979 0.28928 0.29199 0.29416 0.2917 0.28215 0.26527 0.24287 0.21878 0.19974 0.19563 0.21505 0.25797 0.31714 0.38426 0.45253 0.51702 0.57458 0.62385 0.66496 0.699 0.72743 0.75162 0.77257 0.79086 0.80676 0.82038 0.83189 0.8416 0.85004 0.85793 0.86588 0.87429 0.88332 0.89301 0.90329 0.91406
0.24865 0.33143 0.30698 0.27039 0.33904 0.39007 0.37947 0.31548 0.28606 0.28743 0.29007 0.28642 0.28264 0.28289 0.28637 0.28919 0.28711 0.27765 0.26054 0.23756 0.21254 0.19237 0.18748 0.2071 0.25103 0.31141 0.37964 0.44887 0.51415 0.57235 0.6221 0.66352 0.69773 0.7262 0.75035 0.7712 0.78937 0.80514 0.81865 0.83006 0.83968 0.84808 0.85594 0.86388 0.87231 0.88138 0.89111 0.90146 0.91231
0.26502 0.3183 0.27636 0.24364 0.33118 0.38622 0.37189 0.30387 0.27431 0.27755 0.28159 0.27875 0.27565 0.27666 0.28093 0.28439 0.28271 0.27335 0.25602 0.23247 0.20652 0.18516 0.17944 0.19928 0.24424 0.30581 0.37513 0.44528 0.51133 0.57015 0.62035 0.66207 0.69644 0.72496 0.74907 0.76983 0.78788 0.80352 0.81691 0.82822 0.83778 0.84612 0.85396 0.8619 0.87034 0.87944 0.88923 0.89964 0.91057
0.28171 0.30712 0.24722 0.21707 0.32342 0.38203 0.36392 0.2921 0.26271 0.26794 0.27334 0.27126 0.26881 0.27058 0.27565 0.27977 0.27849 0.26924 0.25171 0.2276 0.2007 0.17813 0.17152 0.19158 0.23759 0.30036 0.37072 0.44177 0.50856 0.56796 0.6186 0.66061 0.69514 0.72371 0.74778 0.76845 0.78639 0.80191 0.81518 0.8264 0.83588 0.84418 0.85199 0.85992 0.86838 0.87751 0.88735 0.89782 0.90883
0.29704 0.29807 0.22054 0.19126 0.31593 0.3776 0.35563 0.28022 0.25127 0.25859 0.26531 0.26394 0.26212 0.26466 0.27053 0.27532 0.27445 0.26532 0.24759 0.22294 0.19511 0.17128 0.16372 0.18399 0.23109 0.29504 0.36643 0.43834 0.50584 0.5658 0.61686 0.65915 0.69383 0.72245 0.74649 0.76707 0.78489 0.80029 0.81346 0.82458 0.83399 0.84224 0.85003 0.85796 0.86643 0.87559 0.88548 0.89601 0.90709
0.31037 0.29123 0.19738 0.1669 0.30888 0.37301 0.34709 0.26824 0.24 0.24951 0.2575 0.25679 0.25558 0.25889 0.26557 0.27103 0.27059 0.26159 0.24368 0.21851 0.18973 0.16461 0.15604 0.17654 0.22474 0.28986 0.36226 0.43498 0.50316 0.56366 0.61513 0.65769 0.69251 0.72118 0.74518 0.76568 0.78339 0.79868 0.81174 0.82277 0.83211 0.84031 0.84808 0.85601 0.86449 0.87369 0.88362 0.89421 0.90537
0.32166 0.28661 0.17887 0.1448 0.30239 0.36833 0.33835 0.25618 0.22892 0.24071 0.24991 0.2498 0.24918 0.25326 0.26077 0.2669 0.26689 0.25803 0.23997 0.21429 0.18458 0.15813 0.14847 0.16921 0.21855 0.28484 0.3582 0.43171 0.50053 0.56155 0.6134 0.65622 0.69119 0.71989 0.74387 0.76429 0.78189 0.79707 0.81002 0.82097 0.83024 0.8384 0.84614 0.85407 0.86256 0.87179 0.88176 0.89242 0.90365
0.33112 0.28411 0.16598 0.12601 0.29657 0.36365 0.32948 0.24409 0.21803 0.23218 0.24252 0.24297 0.24293 0.24778 0.25612 0.26294 0.26336 0.25466 0.23646 0.21029 0.17966 0.15184 0.14103 0.16202 0.21252 0.27996 0.35425 0.42852 0.49795 0.55947 0.61168 0.65475 0.68986 0.7186 0.74255 0.76289 0.7804 0.79546 0.80831 0.81917 0.82838 0.83649 0.84421 0.85213 0.86065 0.8699 0.87992 0.89064 0.90193
0.33904 0.28348 0.15923 0.11179 0.2915 0.35903 0.32056 0.23198 0.20734 0.22392 0.23535 0.23629 0.23681 0.24244 0.25161 0.25912 0.25998 0.25145 0.23313 0.20651 0.17497 0.14574 0.1337 0.15495 0.20666 0.27524 0.35042 0.42541 0.49543 0.55741 0.60998 0.65329 0.68852 0.71731 0.74122 0.76149 0.77889 0.79385 0.80661 0.81738 0.82652 0.8346 0.84229 0.85021 0.85874 0.86803 0.87809 0.88886 0.90022
0.34571 0.28438 0.1584 0.10338 0.28724 0.35453 0.31164 0.21989 0.19688 0.21594 0.22837 0.22976 0.23082 0.23723 0.24725 0.25545 0.25677 0.24842 0.23 0.20294 0.17051 0.13986 0.1265 0.14803 0.20097 0.27066 0.34671 0.42238 0.49296 0.55538 0.60829 0.65182 0.68718 0.716 0.73989 0.76009 0.77739 0.79225 0.80491 0.8156 0.82468 0.83271 0.84039 0.84831 0.85685 0.86616 0.87626 0.88709 0.89853
0.3513 0.28641 0.1625 0.10144 0.28382 0.3502 0.30279 0.20784 0.18664 0.20824 0.2216 0.22338 0.22496 0.23216 0.24303 0.25193 0.2537 0.24555 0.22705 0.19959 0.1663 0.13419 0.11942 0.14125 0.19545 0.26625 0.34312 0.41944 0.49054 0.55338 0.60661 0.65036 0.68584 0.7147 0.73856 0.75868 0.77589 0.79065 0.80321 0.81383 0.82285 0.83084 0.83849 0.84641 0.85496 0.8643 0.87445 0.88533 0.89683
0.35595 0.2891 0.17012 0.10551 0.28126 0.3461 0.29408 0.19587 0.17666 0.20081 0.21502 0.21713 0.21922 0.22721 0.23894 0.24855 0.25078 0.24283 0.22428 0.19644 0.16232 0.12874 0.11247 0.13461 0.19012 0.26199 0.33965 0.41658 0.48817 0.55142 0.60494 0.6489 0.68449 0.71338 0.73722 0.75727 0.7744 0.78905 0.80153 0.81206 0.82102 0.82898 0.83661 0.84452 0.85309 0.86246 0.87264 0.88358 0.89515
0.35968 0.29201 0.17985 0.11415 0.27953 0.34226 0.28556 0.184 0.16693 0.19366 0.20862 0.21102 0.21361 0.2224 0.23499 0.2453 0.248 0.24027 0.22168 0.19351 0.15858 0.12352 0.10564 0.12812 0.18497 0.25788 0.3363 0.4138 0.48586 0.54948 0.60329 0.64744 0.68314 0.71207 0.73587 0.75586 0.7729 0.78746 0.79984 0.8103 0.81921 0.82712 0.83474 0.84265 0.85122 0.86062 0.87085 0.88184 0.89347
0.36248 0.2947 0.19047 0.12571 0.27864 0.33874 0.27731 0.17226 0.15748 0.18678 0.20241 0.20504 0.20812 0.2177 0.23116 0.24219 0.24536 0.23786 0.21926 0.19077 0.15509 0.11855 0.098931 0.12179 0.18001 0.25394 0.33306 0.4111 0.4836 0.54757 0.60166 0.64599 0.68179 0.71075 0.73453 0.75445 0.7714 0.78587 0.79817 0.80855 0.8174 0.82528 0.83287 0.84078 0.84937 0.8588 0.86906 0.8801 0.8918
0.36425 0.2968 0.20111 0.13885 0.27853 0.33555 0.26938 0.16068 0.14831 0.18018 0.19637 0.19919 0.20273 0.21313 0.22746 0.2392 0.24284 0.23559 0.217 0.18824 0.15184 0.11382 0.092352 0.11562 0.17524 0.25016 0.32995 0.40849 0.4814 0.5457 0.60004 0.64455 0.68044 0.70943 0.73318 0.75304 0.76991 0.78429 0.7965 0.80681 0.81561 0.82345 0.83102 0.83893 0.84753 0.85698 0.86729 0.87838 0.89014
0.36488 0.29798 0.21113 0.15266 0.27917 0.33274 0.26184 0.14931 0.13945 0.17384 0.19051 0.19346 0.19746 0.20867 0.22388 0.23633 0.24046 0.23346 0.21491 0.18591 0.14884 0.10936 0.085903 0.10961 0.17067 0.24654 0.32695 0.40596 0.47924 0.54386 0.59843 0.64311 0.6791 0.70811 0.73183 0.75163 0.76841 0.78271 0.79484 0.80508 0.81382 0.82163 0.82918 0.83709 0.8457 0.85518 0.86552 0.87667 0.88849
0.3643 0.298 0.22013 0.16653 0.28051 0.33034 0.25475 0.13818 0.13091 0.16777 0.18481 0.18785 0.1923 0.20433 0.22042 0.23358 0.23819 0.23147 0.21297 0.18377 0.14608 0.10517 0.079586 0.10378 0.16631 0.24307 0.32407 0.40351 0.47715 0.54205 0.59684 0.64167 0.67775 0.70678 0.73048 0.75022 0.76692 0.78113 0.79318 0.80335 0.81204 0.81982 0.82736 0.83526 0.84389 0.85339 0.86377 0.87496 0.88684
0.36244 0.29667 0.22783 0.18011 0.2825 0.32835 0.24817 0.12732 0.1227 0.16197 0.17927 0.18235 0.18724 0.2001 0.21707 0.23095 0.23605 0.2296 0.21118 0.18182 0.14357 0.10126 0.073405 0.098143 0.16215 0.23977 0.3213 0.40114 0.4751 0.54027 0.59528 0.64025 0.6764 0.70546 0.72913 0.74881 0.76543 0.77956 0.79153 0.80164 0.81028 0.81802 0.82554 0.83344 0.84208 0.85161 0.86202 0.87326 0.8852
0.35932 0.29385 0.2341 0.19319 0.28509 0.32681 0.24215 0.11679 0.11485 0.15642 0.17389 0.17695 0.18228 0.19597 0.21384 0.22842 0.23401 0.22785 0.20954 0.18005 0.14129 0.097658 0.067367 0.092699 0.1582 0.23663 0.31865 0.39886 0.47311 0.53852 0.59372 0.63883 0.67506 0.70413 0.72778 0.7474 0.76395 0.77799 0.78989 0.79993 0.80852 0.81623 0.82373 0.83163 0.84028 0.84983 0.86029 0.87158 0.88357
0.355 0.28946 0.23886 0.20565 0.28824 0.32573 0.23674 0.10665 0.10738 0.15113 0.16865 0.17166 0.17742 0.19196 0.21071 0.22601 0.23209 0.22623 0.20803 0.17846 0.13926 0.094363 0.061478 0.087466 0.15446 0.23365 0.31612 0.39665 0.47117 0.53681 0.59219 0.63742 0.67372 0.70281 0.72643 0.74599 0.76247 0.77643 0.78825 0.79823 0.80677 0.81445 0.82194 0.82984 0.8385 0.84807 0.85856 0.8699 0.88195
0.34959 0.28347 0.24209 0.21743 0.2919 0.32512 0.23198 0.096953 0.10031 0.14609 0.16356 0.16647 0.17265 0.18804 0.20769 0.22369 0.23027 0.22471 0.20666 0.17704 0.13746 0.09139 0.05575 0.08246 0.15095 0.23083 0.31369 0.39451 0.46928 0.53513 0.59067 0.63602 0.67239 0.70149 0.72508 0.74459 0.76099 0.77488 0.78662 0.79654 0.80504 0.81268 0.82015 0.82805 0.83673 0.84633 0.85685 0.86823 0.88034
0.34323 0.27588 0.24383 0.22853 0.29602 0.32498 0.22791 0.087798 0.09367 0.14129 0.15861 0.16138 0.16798 0.18423 0.20477 0.22148 0.22854 0.22331 0.20542 0.17579 0.1359 0.088749 0.050198 0.0777 0.14766 0.22816 0.31138 0.39246 0.46744 0.53348 0.58917 0.63463 0.67105 0.70017 0.72373 0.74318 0.75951 0.77333 0.785 0.79486 0.80331 0.81092 0.81838 0.82628 0.83497 0.84459 0.85515 0.86657 0.87874
0.33605 0.26673 0.24413 0.23896 0.30057 0.32532 0.22456 0.07929 0.08748 0.13673 0.15378 0.15638 0.1634 0.18052 0.20195 0.21936 0.22692 0.22201 0.20431 0.1747 0.13455 0.086449 0.044846 0.073207 0.14459 0.22565 0.30917 0.39048 0.46565 0.53186 0.58769 0.63325 0.66972 0.69885 0.72238 0.74178 0.75804 0.77178 0.78339 0.79319 0.80159 0.80918 0.81662 0.82452 0.83321 0.84286 0.85345 0.86492 0.87714
0.32813 0.25608 0.24309 0.24874 0.30552 0.32612 0.22194 0.071569 0.081773 0.13241 0.14908 0.15146 0.1589 0.17691 0.19923 0.21733 0.22538 0.22081 0.20331 0.17376 0.13343 0.084497 0.039726 0.069009 0.14175 0.2233 0.30708 0.38857 0.46391 0.53027 0.58623 0.63188 0.6684 0.69753 0.72104 0.74038 0.75658 0.77024 0.78178 0.79152 0.79988 0.80744 0.81487 0.82276 0.83148 0.84114 0.85177 0.86328 0.87556
0.31953 0.24402 0.2408 0.25794 0.31083 0.32739 0.22005 0.064809 0.076581 0.1283 0.14451 0.14663 0.15449 0.17339 0.1966 0.21539 0.22393 0.2197 0.20242 0.17296 0.13252 0.082895 0.03489 0.065134 0.13913 0.2211 0.30509 0.38674 0.46223 0.52871 0.58479 0.63052 0.66708 0.69622 0.7197 0.73899 0.75511 0.76871 0.78018 0.78987 0.79819 0.80571 0.81313 0.82103 0.82975 0.83944 0.8501 0.86165 0.87398
0.31023 0.23065 0.23739 0.26659 0.31647 0.32912 0.21888 0.05922 0.071937 0.12441 0.14004 0.14188 0.15017 0.16997 0.19407 0.21353 0.22257 0.21868 0.20164 0.17231 0.13182 0.081644 0.030416 0.061615 0.13675 0.21904 0.3032 0.38498 0.46058 0.52719 0.58337 0.62917 0.66577 0.6949 0.71835 0.73759 0.75365 0.76718 0.77859 0.78822 0.7965 0.804 0.81141 0.8193 0.82803 0.83774 0.84843 0.86003 0.87241
0.30022 0.2161 0.23298 0.27477 0.32242 0.33128 0.21843 0.055024 0.06787 0.12073 0.13569 0.13721 0.14593 0.16664 0.19162 0.21176 0.22128 0.21775 0.20096 0.17179 0.13131 0.08074 0.026425 0.058488 0.1346 0.21714 0.30141 0.38328 0.45899 0.52569 0.58196 0.62782 0.66446 0.6936 0.71702 0.7362 0.7522 0.76566 0.77701 0.78659 0.79482 0.8023 0.80969 0.81758 0.82633 0.83606 0.84678 0.85842 0.87085
0.28944 0.20049 0.22772 0.28253 0.32864 0.33386 0.21866 0.052414 0.064406 0.11724 0.13145 0.13261 0.14177 0.16341 0.18927 0.21007 0.22008 0.2169 0.20038 0.1714 0.13099 0.080175 0.023096 0.055789 0.13268 0.21538 0.29972 0.38166 0.45744 0.52423 0.58057 0.62649 0.66316 0.69229 0.71568 0.73482 0.75075 0.76415 0.77543 0.78496 0.79316 0.8006 0.80798 0.81588 0.82463 0.83439 0.84514 0.85682 0.8693
0.27791 0.18397 0.22175 0.28994 0.33513 0.33684 0.21954 0.051487 0.061566 0.11395 0.1273 0.12808 0.13769 0.16026 0.187 0.20846 0.21894 0.21613 0.19989 0.17112 0.13085 0.079937 0.020679 0.053554 0.13098 0.21377 0.29813 0.3801 0.45594 0.5228 0.5792 0.62517 0.66186 0.69099 0.71435 0.73344 0.74931 0.76264 0.77386 0.78334 0.7915 0.79892 0.80629 0.81418 0.82295 0.83272 0.84351 0.85523 0.86776
0.26569 0.1667 0.21524 0.29705 0.34185 0.3402 0.22102 0.052185 0.059353 0.11084 0.12325 0.12362 0.13369 0.15721 0.18481 0.20692 0.21787 0.21543 0.19949 0.17096 0.13088 0.080011 0.019436 0.051813 0.12951 0.21229 0.29664 0.37861 0.45448 0.52139 0.57785 0.62386 0.66057 0.68969 0.71302 0.73206 0.74787 0.76114 0.7723 0.78173 0.78985 0.79725 0.80461 0.8125 0.82128 0.83107 0.84189 0.85365 0.86622
0.25293 0.14885 0.20836 0.30393 0.34878 0.34391 0.22305 0.054314 0.05776 0.1079 0.11929 0.11923 0.12976 0.15424 0.1827 0.20545 0.21687 0.2148 0.19916 0.17091 0.13106 0.08038 0.019511 0.050589 0.12826 0.21096 0.29524 0.37719 0.45307 0.52001 0.57652 0.62257 0.65929 0.6884 0.7117 0.73068 0.74644 0.75964 0.77075 0.78013 0.78821 0.79559 0.80294 0.81083 0.81961 0.82943 0.84028 0.85207 0.8647
0.23992 0.13058 0.20128 0.31064 0.35591 0.34794 0.22559 0.057588 0.056761 0.10511 0.11542 0.1149 0.12592 0.15137 0.18068 0.20405 0.21594 0.21423 0.19891 0.17096 0.1314 0.081022 0.02083 0.04989 0.12724 0.20975 0.29392 0.37582 0.4517 0.51867 0.5752 0.62128 0.65801 0.68711 0.71037 0.72931 0.74501 0.75815 0.76921 0.77854 0.78659 0.79394 0.80127 0.80917 0.81796 0.8278 0.83868 0.85051 0.86318
0.22708 0.1121 0.19421 0.31724 0.36322 0.35227 0.22856 0.061712 0.056313 0.10249 0.11164 0.11063 0.12215 0.14858 0.17873 0.20271 0.21506 0.21373 0.19874 0.1711 0.13187 0.081916 0.023121 0.049712 0.12642 0.20867 0.2927 0.37452 0.45037 0.51735 0.57391 0.62 0.65674 0.68583 0.70906 0.72795 0.74359 0.75667 0.76767 0.77696 0.78497 0.7923 0.79963 0.80752 0.81633 0.82618 0.83708 0.84896 0.86168
0.21494 0.093569 0.18734 0.32377 0.37068 0.35686 0.23192 0.066425 0.056359 0.1 0.10793 0.10641 0.11846 0.14588 0.17686 0.20144 0.21424 0.21328 0.19863 0.17132 0.13247 0.083039 0.026082 0.050032 0.12581 0.20772 0.29156 0.37327 0.44908 0.51605 0.57263 0.61874 0.65548 0.68455 0.70774 0.72659 0.74217 0.7552 0.76614 0.77538 0.78336 0.79067 0.79799 0.80588 0.8147 0.82457 0.8355 0.84741 0.86018
0.20414 0.075185 0.1809 0.33029 0.37828 0.3617 0.23562 0.071518 0.056835 0.097651 0.1043 0.10225 0.11485 0.14327 0.17507 0.20023 0.21348 0.21289 0.19859 0.17163 0.13318 0.084367 0.029467 0.050818 0.1254 0.20689 0.2905 0.37209 0.44784 0.51479 0.57136 0.61748 0.65422 0.68327 0.70644 0.72523 0.74076 0.75373 0.76462 0.77382 0.78177 0.78905 0.79636 0.80425 0.81308 0.82298 0.83394 0.84588 0.85869
0.19536 0.057483 0.17508 0.33685 0.386 0.36674 0.2396 0.076836 0.057671 0.095426 0.10075 0.09815 0.11131 0.14075 0.17335 0.19908 0.21277 0.21255 0.1986 0.17202 0.13401 0.085878 0.033112 0.052023 0.12518 0.20618 0.28952 0.37096 0.44663 0.51355 0.57012 0.61624 0.65297 0.682 0.70513 0.72388 0.73935 0.75227 0.76311 0.77226 0.78018 0.78745 0.79474 0.80264 0.81147 0.82139 0.83238 0.84436 0.85721
0.18915 0.040368 0.17013 0.34347 0.39382 0.37196 0.24381 0.082261 0.058798 0.093318 0.097266 0.094097 0.10786 0.13831 0.1717 0.19799 0.21211 0.21226 0.19867 0.17247 0.13494 0.087551 0.036909 0.053599 0.12514 0.20558 0.28862 0.36988 0.44546 0.51233 0.56889 0.615 0.65173 0.68074 0.70383 0.72253 0.73795 0.75082 0.76161 0.77072 0.7786 0.78585 0.79313 0.80103 0.80988 0.81981 0.83083 0.84284 0.85574
0.18591 0.024556 0.16623 0.35021 0.40173 0.37734 0.24821 0.087711 0.060154 0.091319 0.093854 0.090094 0.10448 0.13597 0.17013 0.19696 0.21149 0.21202 0.19879 0.17299 0.13595 0.089364 0.040787 0.055491 0.12528 0.20509 0.28779 0.36886 0.44432 0.51115 0.56768 0.61378 0.65049 0.67948 0.70254 0.72119 0.73656 0.74937 0.76011 0.76918 0.77703 0.78426 0.79154 0.79944 0.8083 0.81825 0.82929 0.84134 0.85428
0.18565 0.01698 0.16357 0.35709 0.4097 0.38285 0.25276 0.093125 0.06168 0.089422 0.090509 0.086139 0.10119 0.13371 0.16862 0.19598 0.21092 0.21181 0.19896 0.17357 0.13705 0.091299 0.044703 0.057651 0.12559 0.2047 0.28704 0.36789 0.44323 0.50998 0.56649 0.61257 0.64927 0.67823 0.70125 0.71986 0.73517 0.74793 0.75862 0.76765 0.77548 0.78269 0.78995 0.79785 0.80672 0.81669 0.82776 0.83984 0.85282
0.18804 0.020573 0.16231 0.36413 0.41773 0.38846 0.25741 0.098459 0.063329 0.087621 0.08723 0.08223 0.097976 0.13153 0.16718 0.19505 0.21039 0.21165 0.19917 0.1742 0.13822 0.093337 0.048626 0.060032 0.12605 0.20442 0.28635 0.36697 0.44216 0.50884 0.56531 0.61137 0.64805 0.67698 0.69997 0.71853 0.73379 0.7465 0.75714 0.76613 0.77393 0.78112 0.78838 0.79628 0.80516 0.81515 0.82624 0.83836 0.85138
0.19244 0.031413 0.16252 0.37136 0.42579 0.39414 0.26213 0.10368 0.065058 0.085909 0.084016 0.078365 0.094849 0.12945 0.16581 0.19417 0.20991 0.21153 0.19942 0.17488 0.13946 0.095464 0.052536 0.062592 0.12665 0.20423 0.28574 0.36609 0.44114 0.50773 0.56415 0.61018 0.64683 0.67574 0.69869 0.7172 0.73242 0.74507 0.75567 0.76463 0.77239 0.77956 0.78682 0.79472 0.80361 0.81361 0.82473 0.83688 0.84994
0.19803 0.044497 0.16424 0.37879 0.43388 0.39988 0.26689 0.10878 0.066835 0.084281 0.080868 0.074544 0.091809 0.12745 0.1645 0.19334 0.20946 0.21144 0.19972 0.17561 0.14076 0.097663 0.05642 0.065295 0.1274 0.20413 0.28518 0.36526 0.44014 0.50664 0.563 0.60901 0.64563 0.67451 0.69741 0.71588 0.73105 0.74365 0.75421 0.76313 0.77086 0.77802 0.78526 0.79317 0.80206 0.81209 0.82323 0.83542 0.84852
0.20395 0.056432 0.16745 0.38643 0.44197 0.40566 0.27167 0.11372 0.068631 0.082733 0.077784 0.070765 0.088858 0.12554 0.16326 0.19255 0.20905 0.21139 0.20004 0.17638 0.14211 0.099923 0.060268 0.068112 0.12826 0.20412 0.2847 0.36448 0.43918 0.50557 0.56187 0.60784 0.64443 0.67328 0.69615 0.71457 0.72969 0.74224 0.75275 0.76163 0.76935 0.77648 0.78372 0.79162 0.80053 0.81057 0.82174 0.83396 0.8471
0.2094 0.067346 0.17206 0.39428 0.45005 0.41145 0.27644 0.11851 0.070426 0.08126 0.074766 0.067026 0.086 0.12372 0.16209 0.19181 0.20868 0.21137 0.2004 0.17718 0.1435 0.10223 0.064072 0.071014 0.12925 0.2042 0.28427 0.36374 0.43825 0.50452 0.56076 0.60668 0.64324 0.67205 0.69488 0.71326 0.72833 0.74084 0.75131 0.76015 0.76784 0.77496 0.78219 0.79009 0.79901 0.80907 0.82026 0.83251 0.84569
0.21366 0.077283 0.17796 0.40234 0.45811 0.41723 0.28119 0.12314 0.072205 0.07986 0.071814 0.063328 0.083238 0.12199 0.16097 0.19112 0.20833 0.21137 0.20079 0.17802 0.14494 0.10458 0.067829 0.073982 0.13034 0.20435 0.28389 0.36305 0.43735 0.5035 0.55966 0.60554 0.64206 0.67084 0.69363 0.71196 0.72698 0.73945 0.74987 0.75868 0.76634 0.77344 0.78067 0.78857 0.7975 0.80758 0.81879 0.83107 0.84429
0.21618 0.086003 0.18501 0.41062 0.46614 0.423 0.28588 0.12761 0.073954 0.078531 0.068932 0.059668 0.080576 0.12035 0.15992 0.19047 0.20802 0.21141 0.2012 0.17889 0.14641 0.10696 0.071534 0.076996 0.13153 0.20458 0.28358 0.36239 0.43648 0.5025 0.55858 0.6044 0.64089 0.66963 0.69238 0.71067 0.72564 0.73806 0.74844 0.75722 0.76485 0.77194 0.77916 0.78707 0.796 0.80609 0.81733 0.82964 0.8429
0.2165 0.093509 0.19305 0.41909 0.47412 0.42873 0.29052 0.13191 0.075667 0.07727 0.06612 0.056046 0.078018 0.11879 0.15892 0.18986 0.20775 0.21147 0.20164 0.17979 0.1479 0.10935 0.075186 0.080041 0.13281 0.20488 0.28331 0.36178 0.43564 0.50152 0.55751 0.60328 0.63972 0.66842 0.69113 0.70938 0.72431 0.73668 0.74702 0.75576 0.76337 0.77044 0.77766 0.78557 0.79451 0.80462 0.81589 0.82822 0.84152
0.21432 0.099867 0.20193 0.42776 0.48205 0.43441 0.29509 0.13605 0.077337 0.076078 0.063384 0.052462 0.075569 0.11733 0.15799 0.18928 0.2075 0.21155 0.2021 0.18071 0.14943 0.11176 0.078783 0.083105 0.13418 0.20524 0.2831 0.3612 0.43483 0.50055 0.55645 0.60216 0.63856 0.66722 0.68989 0.7081 0.72298 0.7353 0.74561 0.75431 0.7619 0.76896 0.77617 0.78408 0.79303 0.80316 0.81445 0.82681 0.84014
0.20945 0.10514 0.21151 0.4366 0.48991 0.44004 0.29957 0.14004 0.078961 0.074955 0.060728 0.048915 0.073233 0.11595 0.15711 0.18875 0.20727 0.21166 0.20258 0.18165 0.15097 0.11418 0.082324 0.086178 0.13561 0.20567 0.28294 0.36066 0.43404 0.49961 0.55541 0.60106 0.63741 0.66603 0.68866 0.70682 0.72165 0.73394 0.7442 0.75288 0.76044 0.76749 0.77469 0.7826 0.79157 0.80171 0.81302 0.82541 0.83878
0.20179 0.10943 0.22167 0.44559 0.49768 0.44559 0.30397 0.14386 0.08054 0.0739 0.058156 0.045405 0.071016 0.11466 0.15629 0.18826 0.20708 0.21178 0.20308 0.1826 0.15253 0.1166 0.085808 0.08925 0.13711 0.20616 0.28282 0.36015 0.43328 0.49869 0.55439 0.59997 0.63627 0.66485 0.68743 0.70555 0.72034 0.73258 0.7428 0.75145 0.75899 0.76602 0.77322 0.78113 0.79011 0.80026 0.81159 0.82402 0.83742
0.19137 0.11289 0.23229 0.45472 0.50538 0.45106 0.30827 0.14755 0.082073 0.072917 0.055677 0.041931 0.068923 0.11346 0.15553 0.1878 0.2069 0.21192 0.20359 0.18357 0.1541 0.11902 0.089235 0.092315 0.13867 0.20671 0.28274 0.35968 0.43255 0.49779 0.55337 0.59888 0.63514 0.66367 0.68621 0.70428 0.71903 0.73123 0.74142 0.75003 0.75755 0.76457 0.77175 0.77967 0.78866 0.79883 0.81018 0.82264 0.83607
0.17826 0.11567 0.24327 0.46397 0.51298 0.45645 0.31247 0.15109 0.083564 0.072006 0.053298 0.038494 0.066961 0.11235 0.15482 0.18737 0.20675 0.21209 0.20412 0.18456 0.15569 0.12143 0.092605 0.095366 0.14029 0.2073 0.28271 0.35924 0.43184 0.4969 0.55238 0.59781 0.63401 0.6625 0.685 0.70302 0.71773 0.72988 0.74003 0.74862 0.75612 0.76312 0.7703 0.77823 0.78722 0.79741 0.80878 0.82127 0.83473
0.16265 0.11799 0.25454 0.47331 0.52047 0.46174 0.31658 0.15449 0.085015 0.071171 0.051029 0.035095 0.065134 0.11132 0.15416 0.18698 0.20663 0.21226 0.20466 0.18556 0.15727 0.12383 0.095919 0.098399 0.14195 0.20795 0.28272 0.35883 0.43115 0.49603 0.55139 0.59675 0.63289 0.66133 0.68379 0.70177 0.71643 0.72855 0.73866 0.74722 0.75469 0.76168 0.76886 0.77679 0.78579 0.79599 0.80739 0.8199 0.8334
0.1448 0.12007 0.26601 0.48273 0.52786 0.46693 0.32058 0.15777 0.08643 0.070415 0.048881 0.031735 0.06345 0.11038 0.15355 0.18662 0.20652 0.21246 0.20522 0.18656 0.15887 0.12622 0.099175 0.10141 0.14364 0.20864 0.28276 0.35845 0.43049 0.49518 0.55042 0.59569 0.63178 0.66017 0.68258 0.70053 0.71514 0.72722 0.7373 0.74583 0.75328 0.76026 0.76743 0.77536 0.78437 0.79459 0.80601 0.81855 0.83208
0.12501 0.12214 0.27763 0.49219 0.53513 0.47202 0.32447 0.16093 0.087815 0.069741 0.046866 0.028416 0.061914 0.10953 0.153 0.18629 0.20644 0.21266 0.20578 0.18757 0.16046 0.12859 0.10238 0.1044 0.14538 0.20937 0.28285 0.3581 0.42985 0.49435 0.54946 0.59465 0.63067 0.65902 0.68139 0.69929 0.71386 0.7259 0.73594 0.74444 0.75187 0.75884 0.76601 0.77394 0.78296 0.7932 0.80463 0.8172 0.83077
0.10358 0.12444 0.28934 0.50168 0.54228 0.477 0.32827 0.16398 0.089175 0.069152 0.044996 0.02514 0.060531 0.10876 0.15249 0.18599 0.20637 0.21288 0.20635 0.18859 0.16205 0.13094 0.10552 0.10735 0.14714 0.21015 0.28296 0.35778 0.42923 0.49353 0.54851 0.59361 0.62958 0.65787 0.6802 0.69805 0.71259 0.72458 0.73459 0.74307 0.75048 0.75744 0.7646 0.77253 0.78156 0.79181 0.80327 0.81586 0.82946
