0.47328 0.7547 0.44126 0.15245 0.13437 0.22348 0.17789 0.091153 0.18073 0.25005 0.26371 0.2387 0.20064 0.16935 0.15264 0.14803 0.14952 0.1526 0.15507 0.15608 0.15543 0.15313 0.1492 0.14369 0.13665 0.12816 0.11835 0.10745 0.095689 0.083342 0.070657 0.057833 0.045024 0.032397 0.020392 0.011353 0.013799 0.024455 0.036618 0.048938 0.061001 0.072563 0.083441 0.093495 0.10263 0.11082 0.11806 0.1244 0.12991
0.50644 0.64219 0.32674 0.14574 0.41613 0.61065 0.74265 0.66368 0.45919 0.28555 0.17628 0.13612 0.13426 0.13684 0.13502 0.13043 0.12603 0.12364 0.12381 0.12613 0.12972 0.13354 0.1366 0.1381 0.13752 0.13461 0.12942 0.12225 0.11354 0.10385 0.093767 0.083851 0.074622 0.066589 0.060267 0.056138 0.054512 0.055348 0.058225 0.062519 0.067617 0.073041 0.078496 0.083847 0.089101 0.094365 0.099791 0.10553 0.11166
0.4291 0.61173 0.56613 0.44676 0.27746 0.37959 0.56275 0.52518 0.3667 0.23585 0.14533 0.087801 0.055822 0.040791 0.03579 0.038936 0.049103 0.063241 0.078586 0.093404 0.1067 0.11791 0.12673 0.13301 0.13675 0.13803 0.13709 0.13423 0.12984 0.12435 0.11816 0.11167 0.10519 0.098931 0.093053 0.087636 0.082701 0.078204 0.074055 0.070138 0.066361 0.062728 0.059431 0.056927 0.055951 0.057343 0.061678 0.068965 0.078707
0.30037 0.54497 0.46194 0.4774 0.52073 0.39502 0.2279 0.087662 0.082369 0.10711 0.14064 0.16765 0.17988 0.17959 0.17212 0.16184 0.15158 0.1428 0.13602 0.1312 0.12802 0.12608 0.12498 0.12444 0.12423 0.12418 0.12409 0.12376 0.12296 0.12153 0.11936 0.11642 0.1127 0.10824 0.10304 0.097097 0.090391 0.082874 0.074478 0.065125 0.054734 0.043251 0.0307 0.017416 0.0073532 0.017149 0.033281 0.050497 0.068092
0.25027 0.27237 0.26685 0.38574 0.47664 0.3986 0.3475 0.27102 0.21503 0.21204 0.2237 0.22474 0.21241 0.19275 0.1718 0.15279 0.13657 0.12269 0.11046 0.099505 0.08995 0.08236 0.077563 0.076274 0.078622 0.08394 0.09106 0.098763 0.10606 0.1123 0.11711 0.12038 0.12211 0.1224 0.12134 0.11906 0.1157 0.11139 0.10637 0.10092 0.095458 0.090531 0.086844 0.085171 0.086173 0.090174 0.097039 0.10626 0.11718
0.29717 0.25637 0.10373 0.30694 0.445 0.44188 0.50772 0.50244 0.40609 0.30679 0.22113 0.14951 0.098747 0.07871 0.081404 0.087045 0.087273 0.081416 0.070767 0.056755 0.040649 0.023976 0.012648 0.022074 0.039391 0.057186 0.074138 0.089681 0.10349 0.11542 0.12546 0.13373 0.1404 0.14563 0.14958 0.15242 0.15428 0.15531 0.15572 0.15571 0.15553 0.15546 0.15579 0.15677 0.1586 0.16142 0.16525 0.17 0.17554
0.28875 0.35423 0.34823 0.41497 0.60226 0.75579 0.95453 0.93759 0.74911 0.56217 0.40604 0.28916 0.21467 0.17535 0.15683 0.14667 0.13869 0.13084 0.1228 0.11484 0.10754 0.10161 0.09784 0.096833 0.098817 0.10353 0.11037 0.11857 0.12744 0.13643 0.14519 0.1535 0.16125 0.16838 0.17486 0.18067 0.1858 0.19025 0.19406 0.19727 0.19998 0.20227 0.20425 0.20604 0.20775 0.20945 0.21123 0.21312 0.21513
0.56564 0.53323 0.36435 0.34596 0.21568 0.1793 0.44697 0.63074 0.6494 0.59775 0.51114 0.41447 0.32925 0.26521 0.22163 0.19315 0.17443 0.16159 0.15221 0.14493 0.13914 0.13469 0.13164 0.13016 0.13037 0.13228 0.13577 0.1406 0.14645 0.15299 0.15994 0.16708 0.17425 0.18132 0.18816 0.19467 0.20075 0.2063 0.21125 0.21556 0.21919 0.22215 0.22445 0.22615 0.22731 0.22801 0.22835 0.22841 0.22828
0.31949 0.30942 0.26176 0.167 0.099365 0.086518 0.24518 0.36027 0.34713 0.2805 0.1916 0.10069 0.037329 0.057142 0.089096 0.1071 0.11433 0.11499 0.11222 0.1082 0.10456 0.10256 0.10299 0.10609 0.11157 0.11876 0.12694 0.13546 0.14389 0.15198 0.15962 0.16685 0.17372 0.18027 0.18651 0.19242 0.19793 0.20296 0.20743 0.21127 0.21442 0.21684 0.21853 0.21952 0.21986 0.21965 0.21898 0.21797 0.21675
0.44264 0.74645 0.68792 0.67807 0.68539 0.55906 0.49732 0.43407 0.37977 0.3306 0.26992 0.20532 0.1511 0.11483 0.094853 0.08398 0.075454 0.065765 0.054135 0.041715 0.032139 0.032073 0.042855 0.058663 0.075611 0.091984 0.10696 0.12017 0.13152 0.14113 0.14925 0.15621 0.1623 0.16775 0.17271 0.17724 0.18133 0.18495 0.18803 0.19052 0.19235 0.1935 0.19399 0.19385 0.19315 0.19202 0.19056 0.18891 0.18721
0.79318 0.81745 0.45375 0.34574 0.39659 0.4343 0.44829 0.41215 0.35946 0.29767 0.23331 0.1842 0.15548 0.13814 0.12388 0.11004 0.096429 0.083086 0.070206 0.058748 0.050917 0.049559 0.055436 0.066186 0.078934 0.09177 0.10364 0.11405 0.12284 0.1301 0.13606 0.14101 0.14521 0.14885 0.15207 0.15488 0.15727 0.1592 0.16059 0.16141 0.16161 0.16119 0.1602 0.15869 0.15678 0.15461 0.15231 0.15006 0.14799
0.65445 0.6228 0.45018 0.54694 0.67832 0.67657 0.69285 0.55144 0.34175 0.17601 0.081089 0.10436 0.1482 0.17064 0.17511 0.16897 0.158 0.14565 0.13371 0.12311 0.11447 0.10823 0.1046 0.10348 0.1044 0.10671 0.10975 0.113 0.11614 0.119 0.12156 0.12385 0.12592 0.12779 0.12942 0.13075 0.1317 0.13218 0.13211 0.13144 0.13015 0.12825 0.12581 0.12293 0.11973 0.11637 0.11302 0.10988 0.10713
0.051532 0.27865 0.23276 0.11237 0.12863 0.32757 0.57686 0.70485 0.64589 0.53586 0.43147 0.35204 0.29906 0.26492 0.24103 0.2216 0.20404 0.18759 0.17226 0.15823 0.14574 0.13494 0.12594 0.11872 0.11321 0.10924 0.10659 0.10502 0.1043 0.10423 0.10463 0.10535 0.10623 0.10714 0.10793 0.10844 0.10856 0.10816 0.10718 0.10555 0.10328 0.10039 0.096956 0.093055 0.088802 0.084326 0.079783 0.07536 0.071297
0.40034 0.094783 0.25359 0.33724 0.4282 0.52108 0.64632 0.63095 0.50469 0.38727 0.31263 0.28123 0.26993 0.26029 0.24694 0.23032 0.21207 0.19356 0.17565 0.15888 0.14358 0.12996 0.11813 0.10817 0.10013 0.093981 0.089633 0.0869 0.085517 0.085171 0.085546 0.086354 0.087342 0.088298 0.089037 0.089406 0.089287 0.088592 0.087276 0.085327 0.08277 0.079651 0.076029 0.071957 0.067473 0.062602 0.057366 0.051813 0.046074
0.14897 0.15594 0.24034 0.45701 0.61143 0.57298 0.59268 0.50049 0.32267 0.17272 0.12133 0.1652 0.20636 0.22395 0.22301 0.21086 0.19329 0.17391 0.15468 0.13651 0.11984 0.1049 0.091889 0.081023 0.072561 0.066679 0.063341 0.062215 0.062736 0.064279 0.066307 0.068427 0.070373 0.071963 0.073073 0.073614 0.073537 0.072824 0.071501 0.069631 0.067302 0.064612 0.061638 0.058414 0.054907 0.051024 0.046626 0.041562 0.035703
0.44969 0.4449 0.43343 0.44632 0.34856 0.35734 0.56023 0.63314 0.53857 0.42782 0.34423 0.28993 0.25616 0.23218 0.21072 0.18911 0.16748 0.14661 0.12701 0.10879 0.091921 0.07639 0.062364 0.0503 0.041024 0.035581 0.034471 0.036801 0.040909 0.045477 0.049777 0.053477 0.056439 0.058617 0.059998 0.060588 0.060423 0.059573 0.058155 0.056335 0.054309 0.05227 0.050361 0.048622 0.04697 0.045211 0.043097 0.040389 0.036926
0.9488 0.99491 0.61591 0.28575 0.17866 0.44388 0.52277 0.41392 0.29252 0.26751 0.27394 0.26656 0.24439 0.21636 0.18853 0.16328 0.14122 0.12199 0.10486 0.089053 0.07398 0.059315 0.045002 0.031224 0.01844 0.0083685 0.0096135 0.01797 0.026044 0.032962 0.038623 0.043068 0.046367 0.048588 0.049786 0.05002 0.049373 0.047977 0.046038 0.043846 0.041764 0.040161 0.039313 0.039279 0.039866 0.040705 0.04139 0.041589 0.041114
0.23493 0.33547 0.4473 0.70423 0.81243 0.68333 0.56454 0.34557 0.19065 0.18063 0.20368 0.20711 0.19261 0.17015 0.1474 0.12798 0.11254 0.10008 0.08916 0.078641 0.06787 0.056668 0.045227 0.034019 0.023846 0.016293 0.014266 0.017936 0.023566 0.029077 0.033814 0.03757 0.04028 0.041917 0.042474 0.041961 0.040434 0.038021 0.034972 0.031702 0.028841 0.02716 0.027277 0.029217 0.032399 0.036053 0.039547 0.042471 0.044629
0.61855 0.3303 0.13516 0.43465 0.68041 0.68542 0.66984 0.5159 0.342 0.24135 0.18818 0.15429 0.12694 0.10484 0.090215 0.082961 0.080151 0.078537 0.076116 0.072062 0.066291 0.059159 0.051274 0.043385 0.036316 0.030908 0.027853 0.02731 0.028701 0.031098 0.03371 0.036007 0.037657 0.038442 0.038212 0.036871 0.034377 0.030766 0.026189 0.021007 0.016046 0.013182 0.01469 0.019741 0.026083 0.032477 0.038344 0.043395 0.047518
0.3899 0.08805 0.2727 0.19704 0.079525 0.28361 0.35698 0.26065 0.17466 0.14909 0.12614 0.093456 0.058152 0.029964 0.026242 0.040712 0.053912 0.062573 0.066833 0.067357 0.064958 0.060525 0.054962 0.049115 0.043708 0.039293 0.036217 0.03459 0.03426 0.034868 0.035954 0.037074 0.037851 0.037982 0.037233 0.035429 0.032454 0.028258 0.022865 0.016379 0.0090045 0.0016191 0.0078177 0.01629 0.024556 0.032303 0.039308 0.04543 0.050609
0.16163 0.2916 0.40488 0.49141 0.48003 0.36885 0.27471 0.11492 0.081198 0.12691 0.13043 0.10661 0.075462 0.050793 0.041373 0.045872 0.054332 0.061165 0.064845 0.065336 0.063213 0.059318 0.054562 0.049767 0.045548 0.042262 0.04003 0.038804 0.038427 0.038674 0.03927 0.039923 0.040343 0.040268 0.039476 0.037801 0.035148 0.031518 0.027068 0.022209 0.01787 0.015853 0.017812 0.022963 0.029529 0.036399 0.043001 0.049034 0.05435
0.4412 0.38827 0.44905 0.57889 0.64782 0.54517 0.47761 0.3689 0.2736 0.2239 0.18954 0.15562 0.12445 0.10034 0.084536 0.075909 0.072036 0.070096 0.067968 0.064645 0.060069 0.05478 0.049586 0.045258 0.042284 0.040721 0.040293 0.040609 0.041341 0.042264 0.043216 0.044051 0.044616 0.044752 0.044309 0.043178 0.041315 0.038786 0.035815 0.032829 0.030487 0.029571 0.030638 0.033651 0.03807 0.04323 0.048594 0.053796 0.05861
0.31673 0.33399 0.17289 0.094062 0.2432 0.25371 0.32585 0.38277 0.33705 0.26679 0.20575 0.16256 0.13616 0.11985 0.10763 0.097042 0.0876 0.078992 0.070688 0.062286 0.05383 0.045889 0.039444 0.035525 0.034541 0.035865 0.038362 0.041125 0.043683 0.045872 0.047671 0.049092 0.050125 0.050721 0.050812 0.050339 0.049296 0.047756 0.045909 0.044064 0.042631 0.042033 0.04258 0.044351 0.047182 0.050766 0.054771 0.058908 0.062956
0.32908 0.37946 0.24898 0.18735 0.23251 0.22123 0.29445 0.34841 0.28362 0.18993 0.12059 0.10299 0.11447 0.12261 0.12071 0.11158 0.098926 0.085143 0.071273 0.057668 0.04462 0.032838 0.024006 0.02098 0.024264 0.030339 0.036568 0.041997 0.046421 0.04992 0.052659 0.054791 0.056409 0.057544 0.058181 0.058295 0.05789 0.057027 0.055845 0.054565 0.053462 0.052816 0.052856 0.053696 0.05533 0.057647 0.060483 0.063653 0.06697
0.46755 0.44649 0.20494 0.43625 0.66273 0.59993 0.53846 0.41609 0.26569 0.13483 0.052058 0.085209 0.12565 0.14223 0.14064 0.1284 0.11122 0.092488 0.073811 0.055762 0.038521 0.02222 0.0071342 0.007002 0.019067 0.029432 0.038016 0.044946 0.050449 0.054796 0.058244 0.060989 0.063153 0.064784 0.065877 0.066415 0.066397 0.06587 0.06494 0.063777 0.062597 0.061628 0.06108 0.061107 0.061793 0.06315 0.065123 0.067601 0.070421
0.59458 0.96004 0.96947 0.99352 0.9063 0.69008 0.65414 0.57368 0.43729 0.32528 0.2523 0.21829 0.20471 0.19256 0.17529 0.15366 0.13024 0.10701 0.085064 0.064901 0.046947 0.032106 0.022818 0.022521 0.028824 0.036735 0.044177 0.050625 0.056057 0.060602 0.064408 0.067583 0.070179 0.072193 0.073594 0.074346 0.07444 0.07391 0.072852 0.07142 0.06982 0.068282 0.067042 0.066309 0.066247 0.066951 0.068433 0.070606 0.073295
0.33605 0.82397 0.86813 0.70462 0.32669 0.19431 0.53141 0.66793 0.60952 0.51504 0.42662 0.35456 0.29962 0.25659 0.22013 0.18739 0.15756 0.13059 0.10658 0.085719 0.068371 0.055188 0.046972 0.043984 0.045196 0.048816 0.053401 0.058169 0.062782 0.067097 0.071027 0.074492 0.077403 0.079666 0.081194 0.081922 0.081832 0.080959 0.079405 0.077342 0.075002 0.07266 0.070618 0.069171 0.068566 0.068963 0.070393 0.072741 0.075756
0.80861 0.83851 0.55104 0.50027 0.56301 0.50616 0.6208 0.7154 0.68783 0.6181 0.53277 0.4477 0.37368 0.31331 0.26438 0.22367 0.18899 0.15905 0.13321 0.11122 0.093127 0.079099 0.069239 0.063367 0.060908 0.061032 0.062942 0.066019 0.069797 0.07389 0.077952 0.081683 0.08483 0.0872 0.088649 0.089091 0.088505 0.086938 0.084521 0.081465 0.078063 0.074678 0.071726 0.069623 0.068724 0.069235 0.071148 0.074235 0.078105
0.14958 0.46349 0.30772 0.21391 0.38449 0.43766 0.56231 0.66533 0.66468 0.61827 0.54961 0.47515 0.40619 0.34686 0.29691 0.25447 0.21795 0.18622 0.15863 0.13489 0.11496 0.098862 0.086578 0.077959 0.072711 0.070433 0.070656 0.072849 0.076411 0.080707 0.08514 0.089212 0.092543 0.094868 0.09601 0.09588 0.094467 0.091846 0.088186 0.083759 0.078953 0.074263 0.070278 0.067608 0.066748 0.06792 0.070974 0.075452 0.080741
0.68844 0.51754 0.21129 0.2004 0.13206 0.10119 0.37182 0.54662 0.55784 0.52075 0.47713 0.4345 0.39277 0.3518 0.31223 0.27468 0.23967 0.20755 0.17848 0.15267 0.13032 0.11162 0.096739 0.085752 0.078666 0.075333 0.075349 0.078006 0.082393 0.087572 0.092731 0.097251 0.1007 0.1028 0.10338 0.10238 0.099797 0.095749 0.090452 0.084252 0.077653 0.071337 0.066166 0.06306 0.062723 0.065301 0.070309 0.07689 0.084149
0.47747 0.4318 0.2347 0.35989 0.44239 0.40909 0.44449 0.43649 0.374 0.3396 0.3399 0.34887 0.3487 0.33591 0.31325 0.28451 0.25307 0.22135 0.19091 0.16272 0.1375 0.11584 0.098287 0.085409 0.077659 0.075049 0.076839 0.081684 0.088112 0.094877 0.10107 0.10608 0.10952 0.11118 0.11093 0.10873 0.10465 0.098808 0.091476 0.083066 0.074212 0.065845 0.059254 0.055922 0.056872 0.061914 0.069833 0.079207 0.088886
0.087508 0.32052 0.33713 0.35161 0.45686 0.45281 0.40518 0.257 0.11419 0.12225 0.20423 0.26797 0.30435 0.31615 0.30882 0.2883 0.26014 0.22854 0.19629 0.16519 0.13647 0.11123 0.090664 0.076256 0.06939 0.070034 0.076143 0.085004 0.094506 0.10331 0.11064 0.11604 0.11927 0.12022 0.11886 0.11518 0.10928 0.10132 0.091577 0.080509 0.06885 0.057813 0.049389 0.046221 0.049798 0.058758 0.070546 0.083209 0.095549
0.40007 0.32279 0.1021 0.14413 0.41735 0.50362 0.48027 0.32719 0.18499 0.14906 0.19208 0.24735 0.28868 0.30884 0.30834 0.29164 0.2645 0.2318 0.19695 0.16219 0.1291 0.099141 0.074345 0.058201 0.054697 0.062574 0.075795 0.089935 0.10289 0.11372 0.12197 0.12749 0.13023 0.1302 0.12745 0.12205 0.1141 0.10378 0.091341 0.077229 0.062168 0.047547 0.036435 0.034337 0.043056 0.057539 0.073727 0.089757 0.10471
0.21068 0.36133 0.25448 0.33568 0.52572 0.58232 0.57992 0.4575 0.32948 0.27013 0.26269 0.28281 0.30725 0.32055 0.3173 0.29898 0.27005 0.23492 0.19684 0.15797 0.1198 0.083704 0.051865 0.031613 0.037746 0.058336 0.079772 0.098824 0.11462 0.12687 0.13556 0.14079 0.14269 0.14141 0.13708 0.1298 0.11969 0.10692 0.091719 0.074432 0.0556 0.036288 0.020352 0.022423 0.040106 0.060509 0.080658 0.099604 0.11683
0.29652 0.23321 0.18561 0.39018 0.53139 0.48142 0.43539 0.35048 0.29766 0.29802 0.316 0.33458 0.34701 0.34846 0.33675 0.31297 0.28035 0.24221 0.20109 0.15873 0.11637 0.074986 0.035428 0.003068 0.035715 0.065843 0.091867 0.1135 0.13065 0.14335 0.15179 0.15624 0.15697 0.15422 0.14818 0.13898 0.12678 0.11173 0.094055 0.074047 0.052079 0.028606 0.0042119 0.020769 0.045479 0.069465 0.092199 0.11323 0.1322
0.31659 0.35161 0.33413 0.40152 0.41517 0.29094 0.16952 0.064016 0.1944 0.30072 0.36385 0.39248 0.39767 0.38722 0.36537 0.3348 0.29811 0.25749 0.21462 0.17089 0.12773 0.087258 0.054557 0.044271 0.062134 0.088335 0.11337 0.13467 0.15142 0.16345 0.17091 0.17411 0.17338 0.16901 0.16124 0.15024 0.1362 0.11932 0.099903 0.07842 0.055703 0.033967 0.023109 0.036905 0.060216 0.084765 0.10857 0.1308 0.15093
0.23871 0.20346 0.29741 0.36496 0.3324 0.2829 0.28556 0.26236 0.30282 0.38194 0.4387 0.46016 0.45437 0.43218 0.40094 0.36437 0.3246 0.28286 0.24012 0.19754 0.15704 0.12193 0.097929 0.091638 0.10254 0.12215 0.14323 0.16202 0.17689 0.18725 0.19308 0.19462 0.19221 0.18617 0.17675 0.1642 0.14874 0.1307 0.11059 0.089305 0.068657 0.052757 0.049255 0.061265 0.08203 0.10569 0.12953 0.1522 0.17294
0.20602 0.24595 0.26876 0.2048 0.051588 0.25057 0.43524 0.50964 0.50846 0.52083 0.53534 0.53274 0.51155 0.47867 0.44046 0.40018 0.35923 0.31806 0.27708 0.23727 0.20062 0.17033 0.15045 0.14397 0.14991 0.16355 0.17973 0.19482 0.20678 0.21471 0.21837 0.21794 0.21372 0.20603 0.19516 0.18138 0.16502 0.14656 0.12679 0.10704 0.089744 0.07887 0.078768 0.09003 0.1089 0.13131 0.15459 0.17715 0.19806
0.5659 0.50332 0.35741 0.31721 0.28302 0.34259 0.55162 0.67692 0.66797 0.64304 0.62187 0.59555 0.56094 0.52121 0.48017 0.43959 0.39993 0.36105 0.32299 0.28656 0.25352 0.22647 0.20818 0.20027 0.20198 0.21028 0.22141 0.23224 0.24067 0.24564 0.24679 0.24419 0.23812 0.22887 0.21677 0.20214 0.18539 0.16716 0.14847 0.1309 0.1169 0.10957 0.11136 0.1222 0.13967 0.1608 0.18322 0.20531 0.22601
0.19425 0.17005 0.25518 0.2238 0.29161 0.43108 0.65111 0.76466 0.74279 0.70483 0.66947 0.63264 0.59359 0.55429 0.5163 0.47969 0.44411 0.40917 0.3749 0.34202 0.31208 0.28717 0.26931 0.25958 0.25748 0.26094 0.26716 0.27353 0.27812 0.27984 0.27826 0.2734 0.26549 0.25483 0.24174 0.22659 0.20989 0.19236 0.17514 0.15985 0.14864 0.14379 0.14675 0.15727 0.17361 0.19351 0.21492 0.23626 0.25644
0.41751 0.33707 0.1897 0.11283 0.24896 0.47002 0.6697 0.74196 0.7174 0.69048 0.66356 0.63371 0.60334 0.57429 0.54637 0.51833 0.4896 0.46011 0.43028 0.40104 0.37385 0.3505 0.33259 0.321 0.31545 0.3145 0.31606 0.31801 0.31867 0.31702 0.31264 0.3055 0.29583 0.28391 0.27006 0.25468 0.23831 0.22175 0.20613 0.19295 0.18399 0.18092 0.18462 0.19482 0.21018 0.22889 0.24918 0.26958 0.28901
0.53488 0.38575 0.10172 0.30067 0.43248 0.46617 0.5421 0.58961 0.60104 0.60674 0.60465 0.59763 0.58983 0.58145 0.57037 0.55491 0.5352 0.51224 0.48731 0.46174 0.43712 0.41506 0.39697 0.38365 0.37502 0.37009 0.36733 0.36504 0.36184 0.35684 0.34967 0.34032 0.32899 0.31596 0.30154 0.28613 0.2703 0.25482 0.24075 0.22941 0.22224 0.22045 0.22463 0.23447 0.24891 0.26644 0.28553 0.30484 0.32332
0.45927 0.58131 0.33319 0.41211 0.43797 0.2998 0.25733 0.36003 0.43625 0.47682 0.5059 0.53384 0.56057 0.58101 0.59122 0.59044 0.5807 0.56466 0.54471 0.52276 0.50058 0.47973 0.46151 0.44669 0.43537 0.42692 0.42022 0.41398 0.4071 0.39888 0.38903 0.37757 0.36471 0.35071 0.33587 0.32059 0.30538 0.29098 0.27833 0.26855 0.26279 0.26194 0.26638 0.27581 0.28933 0.30568 0.32352 0.34162 0.35898
0.74825 0.90188 0.58091 0.51459 0.45583 0.23587 0.070139 0.1965 0.27699 0.32997 0.39223 0.46429 0.53174 0.58287 0.61404 0.62709 0.62656 0.61692 0.60161 0.58307 0.56321 0.54355 0.52534 0.50932 0.49573 0.48422 0.47401 0.46418 0.45391 0.44268 0.43031 0.41689 0.40263 0.38779 0.37265 0.35756 0.34301 0.32963 0.31824 0.30976 0.3051 0.30492 0.30945 0.31841 0.331 0.34616 0.3627 0.3795 0.39563
0.75618 0.72197 0.53967 0.57468 0.5885 0.39115 0.2334 0.14778 0.14494 0.20631 0.31054 0.42529 0.52522 0.59848 0.64423 0.66703 0.67333 0.66875 0.65736 0.64183 0.62411 0.60567 0.58763 0.57074 0.55532 0.54123 0.52799 0.51499 0.50166 0.48769 0.47302 0.45782 0.44231 0.42675 0.4114 0.39655 0.38264 0.37019 0.35989 0.35249 0.34868 0.34895 0.35345 0.36186 0.37352 0.38746 0.40266 0.41808 0.43287
0.25411 0.10902 0.21692 0.47091 0.59247 0.38307 0.16541 0.030243 0.11665 0.21273 0.33013 0.45223 0.55756 0.63527 0.68498 0.71143 0.72114 0.71977 0.7113 0.69829 0.68251 0.66529 0.64762 0.63019 0.61338 0.59722 0.58146 0.56574 0.54975 0.53335 0.51664 0.49985 0.48325 0.46709 0.45159 0.43701 0.4237 0.41208 0.40272 0.39619 0.39304 0.3936 0.39794 0.40576 0.41645 0.42917 0.44299 0.45698 0.47037
0.15354 0.05311 0.15739 0.44549 0.60496 0.40801 0.24071 0.22649 0.28785 0.36184 0.4496 0.54319 0.6276 0.69256 0.73575 0.75974 0.76942 0.76934 0.76274 0.75171 0.73767 0.72168 0.70457 0.68694 0.6692 0.65148 0.63372 0.61577 0.59754 0.57908 0.56062 0.54247 0.52494 0.50829 0.49271 0.47841 0.46565 0.45477 0.4462 0.44038 0.43772 0.43843 0.44253 0.44971 0.45941 0.4709 0.48333 0.49587 0.5078
0.37101 0.38171 0.42364 0.61234 0.7473 0.58641 0.49549 0.47291 0.49565 0.54706 0.60632 0.6655 0.71927 0.7625 0.79261 0.80986 0.81688 0.81653 0.81092 0.8014 0.7889 0.77417 0.75781 0.74034 0.72212 0.70334 0.68411 0.66445 0.64443 0.62429 0.60439 0.58512 0.56684 0.54982 0.53423 0.52021 0.50796 0.49774 0.48984 0.4846 0.48229 0.48305 0.48683 0.49334 0.50205 0.51229 0.52333 0.5344 0.54485
0.30471 0.5924 0.62013 0.72333 0.77088 0.59189 0.57924 0.64461 0.68378 0.72315 0.75888 0.78842 0.8136 0.83456 0.84994 0.85877 0.86179 0.86024 0.85502 0.84666 0.83557 0.82214 0.80675 0.78976 0.7715 0.7522 0.73203 0.71117 0.68984 0.66843 0.64741 0.62728 0.60845 0.59118 0.57564 0.56192 0.55016 0.54051 0.53319 0.52841 0.52636 0.52708 0.5305 0.5363 0.54401 0.55303 0.56268 0.57228 0.58125
0.4436 0.59891 0.55343 0.6073 0.53949 0.28885 0.49599 0.75051 0.83439 0.86708 0.88383 0.89149 0.89568 0.89926 0.9022 0.90331 0.90234 0.89934 0.89425 0.88687 0.87712 0.86505 0.85084 0.83468 0.81683 0.79751 0.77694 0.75539 0.73323 0.71096 0.68917 0.66846 0.64927 0.63189 0.61648 0.60309 0.59179 0.58267 0.57584 0.57144 0.56956 0.57018 0.57319 0.57827 0.585 0.59281 0.6011 0.60927 0.61677
0.46891 0.48156 0.37881 0.51998 0.46066 0.21115 0.55148 0.85635 0.94286 0.96308 0.96654 0.96263 0.95611 0.94995 0.94506 0.94083 0.93691 0.93283 0.92791 0.92148 0.91307 0.90247 0.88965 0.87466 0.85765 0.83879 0.81835 0.79665 0.77414 0.75143 0.72923 0.7082 0.68886 0.67152 0.65632 0.64329 0.63245 0.62381 0.61742 0.61333 0.61156 0.61204 0.61461 0.61899 0.62474 0.63138 0.63835 0.64511 0.65119
0.16501 0.17795 0.24334 0.63994 0.78907 0.66566 0.79704 0.96326 0.99733 0.99984 0.99952 0.99667 0.99072 0.9832 0.97596 0.96958 0.96436 0.95992 0.95545 0.95005 0.94305 0.93405 0.92284 0.90934 0.89359 0.87569 0.85589 0.83454 0.81215 0.78944 0.76717 0.74612 0.72684 0.70969 0.69479 0.68216 0.67178 0.6636 0.65761 0.65378 0.65207 0.65238 0.65452 0.65819 0.66301 0.66851 0.67422 0.67963 0.68433
0.23607 0.49278 0.48998 0.78136 0.97019 0.86929 0.9402 0.99763 0.97778 0.9721 0.98298 0.99485 0.9999 0.99853 0.99406 0.98875 0.98403 0.98013 0.97649 0.97228 0.9668 0.95954 0.95018 0.9385 0.92441 0.90793 0.88926 0.86875 0.84696 0.82464 0.80267 0.78187 0.76288 0.74606 0.73156 0.71939 0.70948 0.70175 0.69612 0.69252 0.69085 0.69097 0.69267 0.69567 0.69959 0.70402 0.70852 0.71265 0.71604
0.80777 0.88178 0.66929 0.76396 0.83344 0.7655 0.87071 0.90445 0.87261 0.88486 0.92551 0.96392 0.98755 0.99775 1 0.99844 0.99581 0.99328 0.99086 0.98801 0.98417 0.97882 0.97154 0.96198 0.94994 0.93533 0.91826 0.89907 0.87831 0.8568 0.83546 0.8152 0.79669 0.78037 0.76637 0.75471 0.7453 0.73801 0.73273 0.72933 0.72768 0.72761 0.72889 0.73124 0.73432 0.73774 0.74111 0.74405 0.7462
0.80669 0.71746 0.56745 0.59112 0.48122 0.4665 0.63608 0.68705 0.69329 0.75748 0.84377 0.91463 0.95981 0.98416 0.99548 0.99941 0.99999 0.99944 0.99853 0.99722 0.99515 0.99186 0.98688 0.97975 0.97013 0.9578 0.94278 0.92534 0.90604 0.88571 0.86534 0.84587 0.82807 0.81238 0.799 0.7879 0.77902 0.77217 0.76723 0.76403 0.7624 0.76214 0.76303 0.76477 0.76706 0.76955 0.77188 0.7737 0.77472
0.45514 0.24862 0.47216 0.51805 0.24455 0.17377 0.342 0.39034 0.48244 0.62584 0.75985 0.85921 0.92354 0.96171 0.98269 0.99284 0.99716 0.99888 0.99966 0.99999 0.99981 0.99875 0.99629 0.99188 0.98501 0.97535 0.96279 0.94752 0.93007 0.91128 0.89217 0.87376 0.85685 0.84195 0.82926 0.8188 0.81047 0.80409 0.79948 0.79647 0.79486 0.79443 0.79495 0.79614 0.79772 0.79935 0.80072 0.80153 0.80151
0.4498 0.36606 0.49903 0.54667 0.27564 0.050814 0.1068 0.10184 0.33583 0.5376 0.6948 0.8081 0.88487 0.93425 0.964 0.98008 0.98804 0.99203 0.9945 0.99652 0.99833 0.99965 0.99994 0.99851 0.99472 0.98807 0.97834 0.96561 0.95037 0.93344 0.91588 0.89876 0.88293 0.86895 0.85706 0.84729 0.83954 0.83363 0.82936 0.82654 0.82496 0.82438 0.82458 0.82527 0.8262 0.82706 0.82758 0.82748 0.82654
0.63099 0.70585 0.55459 0.53578 0.26598 0.15499 0.27251 0.27587 0.37325 0.52304 0.65892 0.76716 0.84818 0.90501 0.94155 0.96244 0.97342 0.97934 0.98339 0.98711 0.99099 0.99484 0.99806 0.99986 0.99943 0.99612 0.98955 0.97971 0.967 0.95223 0.93647 0.92084 0.90625 0.89332 0.88231 0.87328 0.86614 0.86071 0.8568 0.85418 0.85264 0.85193 0.85184 0.8521 0.85245 0.85264 0.85241 0.85152 0.84977
0.59056 0.72662 0.59245 0.60687 0.46637 0.40254 0.51757 0.52102 0.50472 0.55859 0.6462 0.73678 0.8158 0.87629 0.91704 0.94103 0.95399 0.96132 0.96672 0.97209 0.97812 0.98464 0.99099 0.99624 0.99943 0.99974 0.99662 0.98995 0.98004 0.96768 0.95395 0.94 0.92681 0.91502 0.90497 0.89672 0.89023 0.8853 0.88174 0.87933 0.87785 0.87705 0.87671 0.8766 0.87646 0.87607 0.8752 0.87363 0.87119
0.38143 0.54398 0.6106 0.77066 0.7637 0.64263 0.70176 0.68118 0.60647 0.5952 0.64095 0.71373 0.7884 0.84944 0.89157 0.91662 0.93033 0.93842 0.9449 0.95189 0.96013 0.96945 0.97909 0.98799 0.99503 0.99918 0.99977 0.99652 0.98966 0.97992 0.96841 0.9563 0.94461 0.93407 0.92503 0.91762 0.91179 0.90737 0.90417 0.90198 0.90057 0.8997 0.89918 0.89875 0.89821 0.89734 0.89594 0.89381 0.8908
0.04997 0.24839 0.56913 0.85925 0.91263 0.75082 0.77232 0.73446 0.63746 0.60136 0.6299 0.69448 0.76573 0.82493 0.86569 0.88971 0.90289 0.91107 0.91838 0.92693 0.93746 0.9497 0.9628 0.97552 0.98658 0.99479 0.99928 0.99965 0.99602 0.98909 0.97994 0.9698 0.95973 0.9505 0.94253 0.93598 0.93082 0.92692 0.92409 0.92212 0.92081 0.91991 0.91924 0.91857 0.9177 0.91645 0.91464 0.91207 0.90863
0.16649 0.3374 0.54774 0.81705 0.84271 0.68391 0.71417 0.68035 0.59198 0.56907 0.60877 0.6775 0.74723 0.80256 0.83939 0.86047 0.87196 0.87968 0.88759 0.8977 0.91059 0.92588 0.94257 0.95926 0.97449 0.9869 0.99546 0.99959 0.99935 0.99536 0.9887 0.98062 0.97224 0.96439 0.95752 0.95184 0.94738 0.94399 0.94153 0.9398 0.9386 0.9377 0.93693 0.93608 0.93498 0.93345 0.93132 0.92845 0.92469
0.33596 0.50012 0.55319 0.70147 0.6212 0.48871 0.5574 0.53612 0.48245 0.50842 0.58252 0.66365 0.73226 0.7816 0.81229 0.82885 0.83776 0.84459 0.85299 0.86468 0.88003 0.89849 0.91887 0.93965 0.95917 0.9759 0.98862 0.99664 0.99988 0.99893 0.99484 0.9889 0.98226 0.97581 0.97006 0.96528 0.9615 0.95863 0.95654 0.95505 0.95397 0.9531 0.95228 0.95133 0.95007 0.94835 0.94604 0.94297 0.93903
0.46842 0.53826 0.56985 0.62076 0.40613 0.26751 0.36093 0.32956 0.33712 0.4446 0.56181 0.65486 0.71997 0.76097 0.78374 0.79468 0.80043 0.80616 0.81503 0.82838 0.8463 0.86803 0.89222 0.91717 0.94105 0.96215 0.97911 0.99107 0.99786 1 0.99853 0.99476 0.9899 0.98487 0.98026 0.97636 0.97326 0.9709 0.96918 0.96792 0.96698 0.96618 0.96536 0.96435 0.96302 0.96123 0.95883 0.95569 0.95168
0.24891 0.48721 0.60674 0.61609 0.32398 0.12448 0.2052 0.091657 0.22209 0.41323 0.55705 0.65222 0.70909 0.73937 0.753 0.75772 0.76011 0.76474 0.77419 0.78932 0.80994 0.83504 0.86311 0.89227 0.92055 0.94606 0.96726 0.98319 0.99354 0.99879 0.99997 0.99838 0.9953 0.99169 0.98821 0.98518 0.98274 0.98088 0.97951 0.9785 0.97771 0.97699 0.97621 0.97523 0.97391 0.97212 0.96976 0.96666 0.96272
0.25958 0.5123 0.63275 0.61809 0.28724 0.10441 0.23075 0.16191 0.26343 0.43831 0.57184 0.65473 0.69785 0.71547 0.71937 0.71782 0.71697 0.7207 0.73092 0.74802 0.77147 0.80004 0.83203 0.86543 0.8981 0.928 0.95343 0.97329 0.98719 0.99553 0.99933 0.99992 0.9986 0.9964 0.99402 0.99184 0.99005 0.98866 0.98763 0.98685 0.98623 0.98562 0.98493 0.98402 0.98278 0.98111 0.97888 0.97594 0.97218
0.49974 0.60793 0.64347 0.61683 0.28818 0.21366 0.39486 0.398 0.41286 0.50739 0.60091 0.65926 0.68424 0.68808 0.68232 0.6749 0.67124 0.67444 0.68572 0.705 0.73141 0.76352 0.79947 0.8371 0.87412 0.90834 0.93794 0.96167 0.97905 0.99044 0.99682 0.99955 0.99995 0.99913 0.99781 0.99645 0.99528 0.99434 0.99363 0.99308 0.99262 0.99215 0.99157 0.9908 0.98973 0.98826 0.98626 0.9836 0.98014
0.42575 0.63466 0.67719 0.68953 0.47661 0.41649 0.58589 0.60765 0.5685 0.59014 0.63409 0.66167 0.6663 0.65629 0.64155 0.62903 0.62324 0.6264 0.63909 0.66077 0.69029 0.72599 0.7659 0.8077 0.849 0.88746 0.92111 0.94861 0.96939 0.98373 0.99262 0.99742 0.9995 1 0.99972 0.99913 0.99853 0.99801 0.9976 0.99727 0.99698 0.99665 0.99624 0.99566 0.99482 0.99364 0.99198 0.98971 0.98666
0.2225 0.63469 0.73505 0.82783 0.73405 0.63435 0.76404 0.77762 0.69775 0.66373 0.66167 0.65812 0.64256 0.61961 0.59704 0.58046 0.57333 0.57703 0.59152 0.61584 0.64858 0.68793 0.73176 0.77766 0.82312 0.86567 0.90324 0.93438 0.95842 0.97562 0.98692 0.99372 0.99741 0.99917 0.99986 1 0.99993 0.99979 0.99965 0.99952 0.9994 0.99924 0.99902 0.99868 0.99815 0.99733 0.99612 0.99433 0.9918
0.40443 0.63932 0.76286 0.92914 0.91775 0.80016 0.90096 0.89937 0.78993 0.71641 0.67718 0.64604 0.61224 0.57802 0.54907 0.5296 0.52199 0.52682 0.5435 0.57071 0.60678 0.64978 0.69747 0.74736 0.79682 0.84331 0.88462 0.91922 0.94638 0.96629 0.9799 0.9886 0.99381 0.99677 0.99835 0.99917 0.99959 0.99978 0.99988 0.99994 0.99998 1 1 0.99995 0.99979 0.99942 0.99873 0.99753 0.99563
0.46344 0.54675 0.73192 0.92272 0.96351 0.87614 0.9789 0.96995 0.84307 0.74424 0.67783 0.62443 0.57541 0.53197 0.4982 0.47699 0.46973 0.47628 0.49554 0.52584 0.56534 0.61197 0.66343 0.71715 0.77044 0.82066 0.86551 0.90338 0.93348 0.95595 0.97173 0.98221 0.98885 0.99292 0.99534 0.99677 0.99761 0.9981 0.99841 0.99862 0.99881 0.99902 0.99927 0.99955 0.99982 0.99999 0.99992 0.9994 0.99823
0.17846 0.38929 0.65991 0.79995 0.86805 0.85872 0.9952 0.99252 0.86049 0.74835 0.66394 0.59391 0.53296 0.48238 0.44521 0.42327 0.41711 0.42592 0.44811 0.4817 0.52468 0.5749 0.63 0.68738 0.74428 0.79798 0.84614 0.88706 0.9199 0.94477 0.96257 0.97471 0.98267 0.98776 0.99094 0.9929 0.99411 0.99485 0.99532 0.99567 0.99601 0.9964 0.99693 0.99759 0.99835 0.99912 0.99974 1 0.99966
0.32992 0.47538 0.57001 0.59679 0.67024 0.77167 0.96054 0.97528 0.84887 0.733 0.63805 0.55636 0.48647 0.43055 0.39108 0.36917 0.3647 0.37624 0.40168 0.43874 0.48523 0.53894 0.59752 0.65833 0.71858 0.77552 0.82673 0.87046 0.90583 0.9329 0.95256 0.96623 0.9754 0.98141 0.98526 0.98769 0.98921 0.99014 0.99074 0.99119 0.99166 0.99225 0.99307 0.99414 0.99544 0.99688 0.99829 0.99941 0.99998
0.7156 0.66878 0.48205 0.37565 0.42827 0.65306 0.89271 0.92931 0.81663 0.70406 0.60409 0.51459 0.43812 0.3781 0.33694 0.31546 0.31307 0.32772 0.35672 0.39737 0.44735 0.50444 0.56629 0.63028 0.6936 0.75348 0.80747 0.85375 0.89141 0.92049 0.94185 0.95691 0.96717 0.97399 0.97843 0.98125 0.98301 0.98408 0.98476 0.98528 0.98586 0.98665 0.98778 0.9893 0.9912 0.99337 0.99563 0.9977 0.99927
0.94407 0.79286 0.42594 0.22581 0.20806 0.54161 0.80962 0.86596 0.77239 0.66779 0.5665 0.47195 0.3905 0.32695 0.28408 0.26292 0.26276 0.28086 0.31367 0.35803 0.41144 0.47171 0.53657 0.60344 0.66953 0.73204 0.78851 0.83708 0.8768 0.90768 0.93056 0.94686 0.95808 0.96562 0.97056 0.97369 0.97562 0.97677 0.97749 0.97805 0.97872 0.9797 0.98115 0.98315 0.98569 0.98866 0.99184 0.99494 0.99759
0.99794 0.80506 0.39684 0.22963 0.14391 0.46382 0.72416 0.79484 0.72368 0.62983 0.52956 0.43183 0.34639 0.27928 0.23392 0.21233 0.21426 0.23611 0.27302 0.32112 0.37783 0.44105 0.50861 0.57803 0.64654 0.71136 0.77 0.82058 0.86211 0.89458 0.91881 0.93619 0.94826 0.9564 0.96174 0.96511 0.96715 0.96831 0.96902 0.96958 0.97033 0.97149 0.97328 0.97578 0.979 0.98282 0.98701 0.9912 0.99501
0.89253 0.67602 0.34634 0.28839 0.24739 0.42278 0.64223 0.72284 0.67612 0.59443 0.49668 0.39723 0.30856 0.23754 0.1882 0.1645 0.16802 0.19397 0.23524 0.28707 0.34685 0.4127 0.48261 0.55421 0.62478 0.69156 0.75205 0.80435 0.84746 0.8813 0.9067 0.92502 0.93779 0.94644 0.95209 0.95561 0.95768 0.95881 0.95945 0.95998 0.96078 0.96212 0.96424 0.96728 0.97122 0.97595 0.98119 0.98655 0.99159
0.66507 0.44183 0.25045 0.31879 0.33383 0.39985 0.56381 0.65419 0.63316 0.56404 0.46988 0.37014 0.27931 0.20434 0.1492 0.12041 0.12442 0.15501 0.20094 0.25634 0.31884 0.38689 0.45873 0.5321 0.60435 0.67273 0.73475 0.7885 0.83292 0.86793 0.89431 0.91342 0.92678 0.93582 0.94169 0.94528 0.94731 0.94834 0.94887 0.94933 0.95015 0.95165 0.95413 0.95772 0.96242 0.9681 0.97446 0.98105 0.98738
0.45767 0.24139 0.13926 0.31828 0.37395 0.37172 0.4859 0.59147 0.59635 0.53927 0.44955 0.35116 0.25978 0.18192 0.12011 0.081699 0.083784 0.12003 0.17081 0.22937 0.29406 0.36381 0.4371 0.51179 0.58532 0.65495 0.71818 0.77309 0.81858 0.85455 0.88175 0.9015 0.91532 0.92464 0.93063 0.93421 0.93614 0.93701 0.93737 0.93772 0.93853 0.94019 0.94302 0.94718 0.95268 0.95936 0.96689 0.97477 0.98246
0.34276 0.23209 0.10763 0.30318 0.37067 0.32297 0.40632 0.53698 0.56587 0.51926 0.43463 0.33929 0.24947 0.17105 0.10453 0.052582 0.046526 0.090491 0.14577 0.20666 0.27278 0.34358 0.41779 0.49336 0.56775 0.63827 0.70239 0.75818 0.80451 0.84123 0.86906 0.88931 0.90347 0.91298 0.919 0.9225 0.92425 0.92489 0.92504 0.92524 0.92601 0.92781 0.93099 0.93574 0.94207 0.94979 0.95854 0.96777 0.97687
0.22582 0.25201 0.15744 0.28567 0.33401 0.24774 0.32771 0.49356 0.54108 0.50234 0.42309 0.3324 0.24627 0.17012 0.10348 0.043805 0.014734 0.069191 0.1269 0.18862 0.25516 0.3263 0.40085 0.47681 0.55167 0.62271 0.68741 0.74381 0.79075 0.82803 0.85634 0.87694 0.89132 0.90091 0.90688 0.91021 0.91172 0.91208 0.91196 0.91196 0.91267 0.91459 0.91812 0.92347 0.93065 0.93946 0.94948 0.96011 0.97068
0.10723 0.20949 0.19077 0.27078 0.28131 0.14786 0.26284 0.46437 0.52087 0.4865 0.41264 0.32791 0.24724 0.17565 0.1129 0.057579 0.02252 0.060393 0.11519 0.17555 0.2413 0.31197 0.38627 0.46215 0.53706 0.60828 0.67327 0.73002 0.77734 0.81499 0.84361 0.86444 0.87894 0.88851 0.89434 0.89743 0.89862 0.89864 0.8982 0.89796 0.89857 0.9006 0.90447 0.91044 0.9185 0.92843 0.93977 0.95184 0.96393
0.039355 0.15079 0.2023 0.26521 0.24388 0.038076 0.23764 0.45109 0.50372 0.46987 0.40118 0.32344 0.24956 0.18398 0.12695 0.078785 0.049205 0.065218 0.11092 0.16747 0.23115 0.30054 0.37399 0.44932 0.52391 0.59498 0.65996 0.71682 0.76431 0.80216 0.83094 0.85187 0.86637 0.87583 0.88144 0.88422 0.88503 0.88465 0.88383 0.88331 0.8838 0.8859 0.89012 0.89671 0.90569 0.91677 0.92946 0.94303 0.95668
0.0259 0.12838 0.21114 0.27956 0.26009 0.10881 0.2686 0.45192 0.4877 0.45087 0.38713 0.31717 0.25106 0.19235 0.14158 0.099751 0.073623 0.078403 0.11318 0.16404 0.22451 0.29186 0.36393 0.43827 0.51216 0.58277 0.64748 0.70422 0.75169 0.78956 0.81837 0.83928 0.85367 0.86294 0.86826 0.87065 0.87102 0.87018 0.86894 0.86809 0.86841 0.87058 0.87514 0.88236 0.89226 0.90454 0.91862 0.93372 0.94897
0.07315 0.15095 0.22933 0.31626 0.3298 0.23532 0.33521 0.46131 0.47062 0.42833 0.36946 0.30793 0.25035 0.19908 0.15468 0.11841 0.095146 0.094516 0.12015 0.1646 0.22105 0.28575 0.35593 0.42888 0.50175 0.57161 0.63581 0.69221 0.73948 0.77723 0.80593 0.82671 0.84091 0.84989 0.85484 0.85679 0.85665 0.85529 0.85357 0.85236 0.85248 0.85469 0.85958 0.86744 0.87829 0.89178 0.90729 0.92397 0.94085
0.14353 0.18542 0.25564 0.36392 0.41985 0.35242 0.40895 0.472 0.45032 0.40152 0.34769 0.29516 0.2467 0.20326 0.16533 0.13425 0.11383 0.11083 0.12993 0.16827 0.22034 0.28193 0.34983 0.42106 0.49261 0.56147 0.62493 0.68081 0.7277 0.76518 0.79366 0.81419 0.82811 0.83673 0.84125 0.84268 0.84198 0.84005 0.83781 0.83617 0.83607 0.83829 0.8435 0.85201 0.86382 0.87856 0.89554 0.91381 0.93237
0.14537 0.20732 0.28118 0.40731 0.5053 0.45116 0.47288 0.47739 0.42506 0.37013 0.32179 0.27875 0.23987 0.20459 0.17322 0.14722 0.12983 0.12623 0.14106 0.17418 0.22187 0.28011 0.34545 0.41467 0.48464 0.55228 0.6148 0.66998 0.71635 0.75343 0.78157 0.80177 0.81532 0.82352 0.82752 0.82839 0.82707 0.82452 0.82169 0.8196 0.81922 0.82144 0.82696 0.83612 0.84891 0.86493 0.8834 0.90331 0.92356
0.062214 0.21944 0.29572 0.43612 0.57418 0.52675 0.51891 0.4731 0.39384 0.33428 0.29211 0.25897 0.23 0.20308 0.17837 0.15749 0.14338 0.1403 0.15256 0.18154 0.22516 0.27999 0.34257 0.40957 0.47776 0.54398 0.60539 0.65971 0.70543 0.74198 0.76968 0.78947 0.80257 0.81028 0.81372 0.81396 0.81197 0.80874 0.80529 0.80269 0.80201 0.8042 0.81001 0.81982 0.83362 0.85093 0.87092 0.8925 0.91448
0.13597 0.23278 0.29081 0.44767 0.62285 0.57811 0.54463 0.45747 0.35665 0.29454 0.25925 0.23635 0.21745 0.199 0.181 0.1653 0.15473 0.15293 0.16388 0.18974 0.22976 0.28125 0.34099 0.40562 0.47186 0.5365 0.59665 0.64997 0.69492 0.73085 0.75802 0.77731 0.78991 0.79706 0.79988 0.79943 0.79673 0.79276 0.78864 0.78549 0.78447 0.78661 0.7927 0.80317 0.81798 0.83661 0.85816 0.88143 0.90515
0.18182 0.23783 0.2615 0.44652 0.65293 0.60755 0.55176 0.4315 0.31452 0.25183 0.22402 0.21156 0.20277 0.19272 0.18143 0.17097 0.16412 0.16416 0.1747 0.19833 0.23526 0.28361 0.3405 0.40267 0.46684 0.52977 0.58854 0.64076 0.68482 0.72004 0.7466 0.76532 0.77735 0.78389 0.78604 0.78487 0.78139 0.77665 0.77181 0.76807 0.76667 0.76871 0.77508 0.78622 0.80205 0.82202 0.84514 0.87012 0.89561
0.1288 0.21836 0.20919 0.44231 0.66887 0.61998 0.54504 0.39855 0.26959 0.20742 0.18732 0.1854 0.18659 0.18474 0.18003 0.17482 0.17184 0.17407 0.18487 0.207 0.24136 0.28681 0.34091 0.40059 0.46261 0.52373 0.58101 0.63203 0.67512 0.70955 0.73543 0.75352 0.76493 0.7708 0.77224 0.77029 0.766 0.76044 0.75483 0.75045 0.74863 0.75057 0.7572 0.76899 0.78587 0.8072 0.83192 0.85863 0.8859
0.092796 0.1704 0.15095 0.4454 0.6759 0.62165 0.53102 0.36374 0.2251 0.16286 0.15013 0.15876 0.1696 0.17556 0.17723 0.1772 0.17815 0.18282 0.19434 0.21553 0.24779 0.29063 0.34205 0.39924 0.45906 0.51831 0.57402 0.62376 0.66581 0.69938 0.72451 0.74193 0.75266 0.75783 0.75851 0.75575 0.75059 0.74417 0.73774 0.73269 0.73041 0.73221 0.73909 0.75154 0.76947 0.79219 0.81852 0.84699 0.87605
0.13952 0.12306 0.14503 0.46155 0.67822 0.61855 0.51636 0.333 0.1854 0.1201 0.11341 0.1326 0.15254 0.16574 0.17344 0.17845 0.18332 0.19056 0.2031 0.22379 0.25437 0.29486 0.34375 0.3985 0.45611 0.51344 0.56753 0.61593 0.65688 0.68952 0.71386 0.73055 0.74056 0.74499 0.74489 0.74127 0.73522 0.72788 0.7206 0.71482 0.71205 0.71368 0.72079 0.7339 0.7529 0.77703 0.80499 0.83523 0.86609
0.22066 0.19509 0.2265 0.48881 0.67785 0.61487 0.50592 0.31136 0.1558 0.081981 0.078131 0.10803 0.13619 0.15581 0.16908 0.17891 0.1876 0.19744 0.2112 0.23171 0.26095 0.29937 0.34588 0.39826 0.45367 0.50906 0.5615 0.6085 0.6483 0.67998 0.70348 0.7194 0.72866 0.73232 0.73139 0.72688 0.7199 0.71162 0.70343 0.69688 0.69358 0.69502 0.70234 0.71612 0.7362 0.76174 0.79136 0.82338 0.85605
0.37088 0.37474 0.34129 0.51874 0.67426 0.61212 0.5013 0.30077 0.14068 0.054295 0.045423 0.086454 0.12134 0.14631 0.16458 0.1789 0.19123 0.20363 0.2187 0.23925 0.26742 0.30401 0.34832 0.39842 0.45167 0.50511 0.55587 0.60146 0.64006 0.67074 0.69337 0.70849 0.71697 0.71983 0.71804 0.71263 0.70467 0.69541 0.68628 0.67892 0.67504 0.67625 0.68378 0.69822 0.71939 0.74637 0.77767 0.81147 0.84595
0.57798 0.58337 0.45133 0.53992 0.66508 0.60932 0.50064 0.29894 0.1398 0.048047 0.018558 0.069759 0.10879 0.13775 0.16031 0.17871 0.19443 0.20925 0.22566 0.24639 0.27372 0.3087 0.35096 0.39888 0.45003 0.50155 0.55062 0.59477 0.63216 0.6618 0.68353 0.69783 0.70551 0.70754 0.70488 0.69852 0.68957 0.67928 0.66917 0.66095 0.65646 0.65741 0.66513 0.68023 0.70251 0.73095 0.76393 0.79954 0.83584
0.76652 0.76982 0.53366 0.54137 0.64753 0.60415 0.49995 0.30064 0.14735 0.061914 0.020986 0.060231 0.099243 0.13058 0.15662 0.17861 0.19739 0.21446 0.23214 0.25314 0.27978 0.31334 0.35372 0.39958 0.44868 0.49831 0.54571 0.58841 0.62457 0.65316 0.67397 0.68742 0.69428 0.69547 0.69191 0.68459 0.67462 0.66327 0.65214 0.64302 0.63787 0.63853 0.64642 0.6622 0.6856 0.71551 0.75019 0.78761 0.82571
0.85566 0.89563 0.57266 0.51536 0.62005 0.59428 0.49491 0.30022 0.15648 0.080913 0.042429 0.05902 0.093194 0.12517 0.15381 0.17883 0.20028 0.21934 0.23821 0.25951 0.28559 0.31788 0.35653 0.40044 0.44758 0.49536 0.5411 0.58235 0.61727 0.64481 0.66469 0.67728 0.6833 0.68363 0.67917 0.67087 0.65984 0.64741 0.63521 0.62515 0.61931 0.61965 0.62769 0.64413 0.66867 0.70007 0.73647 0.7757 0.81562
0.82679 0.94568 0.56231 0.45933 0.58343 0.57836 0.48221 0.29332 0.16254 0.097995 0.062407 0.064328 0.090723 0.12177 0.15213 0.17955 0.20324 0.22402 0.24393 0.26551 0.29112 0.32228 0.35934 0.40141 0.44667 0.49265 0.53676 0.57658 0.61027 0.63674 0.65567 0.6674 0.67258 0.67205 0.66666 0.65736 0.64527 0.63172 0.61842 0.60737 0.60078 0.60077 0.60896 0.62607 0.65176 0.68467 0.7228 0.76384 0.80556
0.73879 0.93285 0.50899 0.37663 0.54113 0.55638 0.46022 0.27743 0.16331 0.11123 0.079131 0.072853 0.091441 0.12048 0.15172 0.18091 0.20637 0.22855 0.24934 0.27117 0.29636 0.3265 0.36209 0.40245 0.4459 0.49016 0.53267 0.57108 0.60354 0.62894 0.64693 0.65779 0.66212 0.66072 0.6544 0.6441 0.63091 0.61623 0.60179 0.58971 0.58233 0.58193 0.59025 0.60804 0.63489 0.66933 0.7092 0.75205 0.79556
0.66619 0.88914 0.432 0.27603 0.49855 0.52969 0.42914 0.25169 0.15829 0.12027 0.092384 0.082109 0.094636 0.12126 0.15267 0.183 0.20975 0.23301 0.25449 0.2765 0.30129 0.33051 0.36475 0.4035 0.44525 0.48783 0.52879 0.56582 0.59707 0.62141 0.63847 0.64845 0.65194 0.64966 0.64241 0.63109 0.61681 0.60095 0.58534 0.57218 0.56398 0.56316 0.57158 0.59005 0.61809 0.65408 0.69569 0.74036 0.78565
0.64466 0.84806 0.36148 0.17175 0.46176 0.50073 0.39094 0.21659 0.1481 0.12541 0.10224 0.090782 0.099537 0.12394 0.15499 0.18586 0.21342 0.23744 0.25941 0.28151 0.30593 0.33429 0.36729 0.40454 0.44468 0.48566 0.52512 0.56079 0.59085 0.61415 0.63027 0.63939 0.64203 0.63888 0.6307 0.61836 0.60296 0.58592 0.56909 0.55482 0.54574 0.54446 0.55298 0.57214 0.60138 0.63893 0.6823 0.72878 0.77584
0.67371 0.82731 0.32888 0.096141 0.4358 0.47276 0.3494 0.17366 0.13423 0.12716 0.10891 0.098309 0.10551 0.12826 0.1586 0.18949 0.21741 0.24186 0.26412 0.28623 0.31028 0.33785 0.36969 0.40553 0.44415 0.4836 0.52162 0.55597 0.58486 0.60713 0.62233 0.63059 0.6324 0.62839 0.61928 0.60593 0.5894 0.57114 0.55308 0.53764 0.52764 0.52586 0.53446 0.55432 0.58478 0.62392 0.66905 0.71733 0.76615
0.72722 0.82262 0.34261 0.12017 0.42348 0.44945 0.31014 0.12525 0.11885 0.12614 0.11266 0.10455 0.11214 0.13395 0.16339 0.19385 0.22172 0.24629 0.26865 0.29068 0.31433 0.34116 0.37194 0.40647 0.44365 0.48165 0.51827 0.55136 0.57911 0.60036 0.61466 0.62208 0.62306 0.6182 0.60817 0.59379 0.57614 0.55665 0.53732 0.52067 0.50969 0.50738 0.51604 0.5366 0.56831 0.60905 0.65596 0.70604 0.75658
0.76347 0.81729 0.38114 0.19758 0.42518 0.43435 0.28038 0.074923 0.10466 0.12293 0.11383 0.10962 0.11919 0.14077 0.16922 0.19888 0.22633 0.25073 0.27301 0.29485 0.31809 0.34422 0.37401 0.40733 0.44317 0.47978 0.51507 0.54692 0.57356 0.59384 0.60724 0.61383 0.614 0.6083 0.59736 0.58197 0.56319 0.54246 0.52182 0.50392 0.49192 0.48903 0.49774 0.51902 0.552 0.59436 0.64304 0.69491 0.74716
0.75257 0.79569 0.42076 0.27541 0.43945 0.42998 0.26714 0.033456 0.094403 0.11801 0.11285 0.11381 0.12659 0.14851 0.17593 0.2045 0.2312 0.25518 0.27719 0.29876 0.32158 0.34704 0.37591 0.4081 0.44267 0.47798 0.512 0.54266 0.56823 0.58754 0.60008 0.60586 0.60524 0.59871 0.58687 0.57048 0.55057 0.52859 0.50661 0.48741 0.47433 0.47083 0.47957 0.50158 0.53586 0.57986 0.63032 0.68396 0.7379
0.69338 0.74874 0.44903 0.34448 0.4639 0.43697 0.27335 0.047878 0.089833 0.11169 0.11018 0.11752 0.13435 0.15698 0.18337 0.21061 0.23628 0.25962 0.28121 0.30242 0.32479 0.34962 0.37763 0.40877 0.44215 0.47623 0.50904 0.53856 0.5631 0.58148 0.59317 0.59816 0.59676 0.58942 0.57671 0.55933 0.53829 0.51504 0.49171 0.47116 0.45696 0.45278 0.46155 0.4843 0.5199 0.56557 0.61781 0.67322 0.72881
0.60071 0.67283 0.46112 0.40291 0.49543 0.45379 0.29551 0.090388 0.090387 0.10412 0.10645 0.12122 0.14253 0.16605 0.19138 0.21711 0.24154 0.26402 0.28506 0.30583 0.32773 0.35195 0.37917 0.40933 0.44161 0.47452 0.50618 0.53462 0.55815 0.57563 0.58651 0.59073 0.58857 0.58045 0.56687 0.54852 0.52636 0.50184 0.47713 0.45519 0.4398 0.43491 0.44368 0.4672 0.50415 0.5515 0.60553 0.66268 0.71991
0.48512 0.56841 0.45591 0.44975 0.53054 0.47732 0.32637 0.13049 0.093426 0.095358 0.10242 0.12544 0.15124 0.17561 0.19982 0.2239 0.24691 0.26838 0.28874 0.309 0.33041 0.35404 0.38052 0.40977 0.44103 0.47285 0.50341 0.53081 0.55339 0.57 0.58008 0.58357 0.58068 0.57179 0.55737 0.53806 0.51479 0.48901 0.46289 0.43952 0.42287 0.41723 0.42598 0.45029 0.48863 0.53768 0.5935 0.65236 0.71119
0.35121 0.44094 0.43482 0.48409 0.56555 0.50385 0.35906 0.1636 0.095816 0.085462 0.099097 0.13067 0.16054 0.18556 0.20857 0.23089 0.25233 0.27265 0.29223 0.31192 0.33283 0.3559 0.38168 0.4101 0.4404 0.4712 0.50073 0.52714 0.5488 0.56458 0.5739 0.57666 0.57307 0.56344 0.54821 0.52796 0.5036 0.47655 0.449 0.42415 0.4062 0.39974 0.40847 0.43358 0.47335 0.52412 0.58172 0.64228 0.70268
0.21078 0.3024 0.40173 0.50546 0.59716 0.53001 0.38869 0.18801 0.095045 0.074735 0.097643 0.1373 0.1705 0.19584 0.21752 0.23798 0.25775 0.27682 0.29553 0.31461 0.335 0.35753 0.38267 0.41031 0.43973 0.46957 0.49813 0.5236 0.54438 0.55936 0.56794 0.57002 0.56574 0.55541 0.53939 0.51823 0.49279 0.46448 0.43549 0.40912 0.38978 0.38245 0.39113 0.41709 0.45832 0.51084 0.57021 0.63245 0.69437
0.10041 0.17342 0.36252 0.51427 0.62289 0.55329 0.41244 0.20304 0.08945 0.064105 0.099263 0.14562 0.18112 0.20636 0.22656 0.2451 0.26311 0.28084 0.29862 0.31705 0.33692 0.35893 0.38348 0.41041 0.439 0.46795 0.4956 0.52018 0.54012 0.55433 0.56222 0.56363 0.5587 0.54768 0.5309 0.50886 0.48237 0.4528 0.42236 0.39442 0.37364 0.36537 0.374 0.40082 0.44356 0.49785 0.55898 0.62287 0.68629
0.10617 0.099033 0.32358 0.5119 0.64138 0.57219 0.42911 0.20879 0.078085 0.055859 0.10485 0.15573 0.19239 0.21704 0.23561 0.25216 0.26836 0.2847 0.30151 0.31926 0.3386 0.36012 0.38411 0.41039 0.43823 0.46635 0.49313 0.51687 0.53602 0.5495 0.55671 0.5575 0.55195 0.54027 0.52276 0.49987 0.47235 0.44154 0.40963 0.38008 0.35778 0.34852 0.35707 0.3848 0.42909 0.48516 0.54805 0.61356 0.67842
0.15621 0.12613 0.2898 0.50056 0.65245 0.58631 0.43893 0.20634 0.060592 0.054134 0.11472 0.16761 0.20425 0.22781 0.24458 0.25909 0.27345 0.28837 0.30417 0.32123 0.34005 0.3611 0.38458 0.41026 0.43739 0.46474 0.49073 0.51367 0.53206 0.54485 0.55142 0.55161 0.54546 0.53317 0.51496 0.49124 0.46273 0.43069 0.39732 0.36612 0.34223 0.33189 0.34036 0.36903 0.41492 0.47279 0.53742 0.60451 0.67078
0.17545 0.17144 0.263 0.48283 0.65703 0.59622 0.44335 0.19799 0.037268 0.062487 0.1286 0.18109 0.2166 0.23858 0.2534 0.26583 0.27834 0.29183 0.3066 0.32296 0.34127 0.36187 0.38488 0.41001 0.43651 0.46315 0.48838 0.51057 0.52825 0.54038 0.54634 0.54596 0.53925 0.52637 0.5075 0.483 0.45352 0.42028 0.38543 0.35255 0.32699 0.3155 0.32386 0.35353 0.40107 0.46076 0.52712 0.59575 0.66338
0.16784 0.19143 0.24215 0.46131 0.65686 0.60334 0.44493 0.18779 0.012616 0.080191 0.14584 0.19595 0.22933 0.24929 0.26199 0.27232 0.28299 0.29504 0.30879 0.32445 0.34226 0.36245 0.38503 0.40966 0.43557 0.46155 0.48608 0.50757 0.52458 0.53608 0.54147 0.54054 0.53331 0.51987 0.50038 0.47513 0.44471 0.4103 0.37399 0.33938 0.31207 0.29935 0.30758 0.33831 0.38756 0.44908 0.51713 0.58727 0.65622
0.15031 0.18246 0.2251 0.43831 0.65422 0.60965 0.44706 0.18186 0.031955 0.10432 0.1657 0.21191 0.24231 0.25985 0.2703 0.27852 0.28737 0.298 0.31074 0.32571 0.34304 0.36283 0.38502 0.4092 0.43458 0.45995 0.48383 0.50466 0.52104 0.53195 0.53679 0.53536 0.52763 0.51367 0.49359 0.46763 0.43633 0.40077 0.363 0.32664 0.2975 0.28344 0.29154 0.32338 0.37439 0.43775 0.50749 0.57908 0.64929
0.12961 0.14972 0.21037 0.41575 0.65156 0.61744 0.45359 0.18742 0.070926 0.13261 0.1875 0.22865 0.2554 0.27019 0.27827 0.28438 0.29144 0.30068 0.31243 0.32673 0.3436 0.36303 0.38487 0.40864 0.43354 0.45835 0.48163 0.50184 0.51762 0.52798 0.53231 0.53041 0.52221 0.50777 0.48713 0.4605 0.42835 0.39168 0.35249 0.31435 0.28329 0.26779 0.27573 0.30876 0.36159 0.4268 0.49818 0.57119 0.64262
0.1048 0.10234 0.19743 0.39515 0.65125 0.62888 0.46796 0.20923 0.11453 0.16362 0.21061 0.24589 0.26847 0.28021 0.28585 0.28986 0.29518 0.30307 0.31386 0.32751 0.34395 0.36305 0.38458 0.40799 0.43245 0.45675 0.47947 0.49911 0.51433 0.52416 0.52802 0.52567 0.51704 0.50215 0.481 0.45375 0.42079 0.38306 0.34245 0.30251 0.26945 0.2524 0.26015 0.29445 0.34917 0.41624 0.48923 0.5636 0.63618
0.082454 0.059774 0.18603 0.37785 0.65526 0.64569 0.49241 0.24687 0.16117 0.19638 0.2345 0.26335 0.28136 0.28986 0.29299 0.29494 0.29856 0.30516 0.31503 0.32807 0.3441 0.36291 0.38415 0.40725 0.43131 0.45515 0.47735 0.49645 0.51116 0.5205 0.52391 0.52115 0.51212 0.49681 0.47519 0.44736 0.41365 0.3749 0.33291 0.29116 0.256 0.23727 0.24483 0.28048 0.33715 0.40607 0.48063 0.55631 0.63
0.088601 0.071088 0.17524 0.36516 0.66504 0.66877 0.52737 0.2964 0.20975 0.23009 0.2587 0.28076 0.29396 0.29906 0.29966 0.29957 0.30158 0.30694 0.31593 0.32839 0.34405 0.3626 0.3836 0.40641 0.43013 0.45354 0.47527 0.49388 0.50809 0.51698 0.51998 0.51683 0.50744 0.49175 0.4697 0.44133 0.40692 0.3672 0.32387 0.28031 0.24296 0.22241 0.22975 0.26686 0.32554 0.39631 0.4724 0.54932 0.62406
0.1401 0.11943 0.16319 0.35863 0.68137 0.69813 0.57158 0.3534 0.25919 0.26409 0.2828 0.29789 0.30612 0.30775 0.30581 0.30375 0.3042 0.3084 0.31657 0.3285 0.34382 0.36213 0.38293 0.4055 0.4289 0.45193 0.47323 0.49138 0.50514 0.5136 0.51621 0.51271 0.50299 0.48695 0.46452 0.43566 0.4006 0.35997 0.31535 0.26998 0.23037 0.20783 0.21492 0.25361 0.31437 0.38697 0.46453 0.54264 0.61837
0.21632 0.16318 0.14773 0.3601 0.70441 0.73291 0.62264 0.4142 0.3085 0.29779 0.30643 0.31451 0.31773 0.31587 0.31141 0.30745 0.30643 0.30953 0.31694 0.32838 0.3434 0.36152 0.38214 0.4045 0.42763 0.45033 0.47122 0.48895 0.50229 0.51036 0.51261 0.50879 0.49876 0.48242 0.45964 0.43034 0.39468 0.35321 0.30735 0.2602 0.21824 0.19354 0.20035 0.24075 0.30366 0.37806 0.45703 0.53627 0.61292
0.29406 0.1881 0.12809 0.37144 0.73364 0.77163 0.67766 0.47593 0.35673 0.33063 0.32929 0.33044 0.32869 0.32336 0.31644 0.31065 0.30826 0.31034 0.31705 0.32804 0.34281 0.36076 0.38124 0.40344 0.42633 0.44872 0.46925 0.48658 0.49954 0.50725 0.50917 0.50506 0.49476 0.47814 0.45505 0.42537 0.38917 0.34691 0.29988 0.25098 0.2066 0.17955 0.18605 0.22831 0.29341 0.36959 0.44991 0.53021 0.60773
0.35363 0.18766 0.10843 0.39401 0.76802 0.81238 0.73377 0.53634 0.40301 0.36214 0.35109 0.34551 0.33892 0.33019 0.32088 0.31336 0.30967 0.31082 0.3169 0.3275 0.34204 0.35987 0.38025 0.4023 0.42499 0.4471 0.46731 0.48429 0.49689 0.50426 0.50588 0.5015 0.49096 0.47411 0.45076 0.42073 0.38405 0.34108 0.29295 0.24235 0.19549 0.16586 0.17201 0.21631 0.28366 0.36156 0.44317 0.52445 0.60278
0.38337 0.1632 0.10392 0.42799 0.80599 0.85315 0.78833 0.59362 0.44657 0.39188 0.3716 0.35957 0.34832 0.33631 0.32471 0.31555 0.31067 0.31097 0.31649 0.32675 0.34111 0.35885 0.37915 0.4011 0.42362 0.44549 0.4654 0.48205 0.49432 0.50139 0.50274 0.49812 0.48738 0.47032 0.44674 0.41642 0.37933 0.33571 0.28656 0.23432 0.18495 0.1525 0.15825 0.20478 0.27442 0.354 0.4368 0.519 0.59807
0.38756 0.13432 0.13327 0.4721 0.84565 0.89192 0.83909 0.64633 0.48674 0.41948 0.39061 0.37253 0.35685 0.34169 0.32792 0.31723 0.31126 0.3108 0.31582 0.3258 0.34003 0.35771 0.37797 0.39984 0.42222 0.44388 0.46352 0.47988 0.49185 0.49863 0.49974 0.49491 0.48398 0.46676 0.44299 0.41243 0.37498 0.3308 0.28073 0.22693 0.17503 0.13948 0.14479 0.19376 0.26572 0.34689 0.43081 0.51385 0.5936
0.38914 0.15115 0.19291 0.52374 0.88484 0.92685 0.88418 0.69334 0.52298 0.44464 0.40795 0.38426 0.36443 0.34632 0.3305 0.31839 0.31144 0.31031 0.31491 0.32466 0.33879 0.35645 0.3767 0.39852 0.42079 0.44227 0.46167 0.47776 0.48945 0.49598 0.49687 0.49186 0.48078 0.46342 0.43951 0.40876 0.371 0.32634 0.27543 0.22019 0.16577 0.12683 0.13162 0.18329 0.25756 0.34025 0.4252 0.50901 0.58937
0.41413 0.22881 0.26961 0.57938 0.92131 0.95631 0.92216 0.73377 0.55484 0.46712 0.4235 0.39471 0.37104 0.35016 0.33244 0.31905 0.31122 0.30951 0.31376 0.32334 0.33742 0.35508 0.37535 0.39715 0.41933 0.44066 0.45985 0.47569 0.48714 0.49344 0.49413 0.48897 0.47776 0.4603 0.43627 0.40538 0.36739 0.32232 0.27069 0.21411 0.15722 0.11459 0.11878 0.17342 0.24998 0.33408 0.41996 0.50445 0.58537
0.46073 0.33008 0.35391 0.63511 0.95285 0.97897 0.95192 0.767 0.58202 0.48675 0.43717 0.40382 0.37664 0.35322 0.33375 0.31919 0.3106 0.3084 0.31237 0.32184 0.33591 0.35362 0.37393 0.39573 0.41785 0.43905 0.45805 0.47368 0.4849 0.491 0.49151 0.48622 0.47492 0.45738 0.43328 0.40229 0.36413 0.31873 0.26648 0.20871 0.14945 0.10282 0.10629 0.16419 0.24299 0.32838 0.4151 0.5002 0.5816
0.497 0.42987 0.43887 0.68697 0.9775 0.99379 0.97273 0.79266 0.60432 0.50339 0.44888 0.41155 0.38122 0.35548 0.33444 0.31884 0.30958 0.30699 0.31076 0.32016 0.33427 0.35206 0.37244 0.39427 0.41635 0.43744 0.45628 0.47171 0.48274 0.48865 0.48902 0.48361 0.47224 0.45466 0.43053 0.39948 0.36121 0.31556 0.26281 0.204 0.14253 0.091576 0.094198 0.15567 0.2366 0.32316 0.41061 0.49623 0.57806
0.48871 0.5167 0.51879 0.73132 0.99362 1.0001 0.98416 0.81054 0.62164 0.517 0.45862 0.41788 0.38477 0.35695 0.3345 0.318 0.30819 0.30529 0.30893 0.31833 0.33252 0.35041 0.37089 0.39277 0.41483 0.43583 0.45454 0.46979 0.48064 0.48639 0.48663 0.48114 0.46972 0.45213 0.428 0.39694 0.35861 0.31281 0.25966 0.19999 0.1365 0.080982 0.082558 0.14791 0.23084 0.31842 0.40648 0.49255 0.57474
0.4196 0.58764 0.58887 0.76512 1 0.99745 0.98608 0.82068 0.634 0.52757 0.46636 0.42282 0.38729 0.35764 0.33394 0.31668 0.30643 0.30331 0.3069 0.31635 0.33065 0.34868 0.36928 0.39123 0.4133 0.43423 0.45282 0.46792 0.47861 0.48422 0.48435 0.4788 0.46736 0.44977 0.42568 0.39466 0.35633 0.31044 0.25702 0.19667 0.13143 0.071199 0.071472 0.14099 0.22571 0.31414 0.40271 0.48914 0.57164
0.30257 0.64557 0.64534 0.7861 0.99609 0.98584 0.97863 0.82323 0.6415 0.53514 0.47214 0.42638 0.38879 0.35756 0.33279 0.31489 0.30431 0.30106 0.30466 0.31422 0.32868 0.34688 0.36762 0.38965 0.41174 0.43264 0.45112 0.46609 0.47664 0.48213 0.48218 0.47658 0.46514 0.44759 0.42357 0.39262 0.35435 0.30846 0.25489 0.19403 0.12737 0.062469 0.061103 0.13497 0.22122 0.31034 0.3993 0.48601 0.56874
0.20721 0.69559 0.68556 0.79292 0.9817 0.96548 0.96217 0.81854 0.64433 0.5398 0.47601 0.42858 0.38929 0.35672 0.33106 0.31265 0.30184 0.29856 0.30224 0.31195 0.32661 0.345 0.36591 0.38805 0.41018 0.43104 0.44944 0.4643 0.47473 0.48012 0.4801 0.47447 0.46306 0.44558 0.42165 0.39082 0.35267 0.30684 0.25323 0.19206 0.12434 0.055142 0.051719 0.1299 0.21737 0.30699 0.39623 0.48314 0.56606
0.26499 0.74125 0.70809 0.78517 0.95728 0.93685 0.93726 0.80704 0.64275 0.54168 0.47801 0.42946 0.38882 0.35514 0.32876 0.30997 0.29905 0.29581 0.29963 0.30956 0.32445 0.34307 0.36415 0.38642 0.40861 0.42945 0.44779 0.46255 0.47288 0.47818 0.47811 0.47248 0.46111 0.44372 0.41992 0.38924 0.35125 0.30557 0.25202 0.19075 0.12236 0.049675 0.043772 0.12586 0.21418 0.3041 0.3935 0.48053 0.56357
0.41216 0.78233 0.71265 0.7634 0.92376 0.9007 0.9046 0.78929 0.63706 0.54094 0.47825 0.42906 0.38741 0.35285 0.32591 0.30688 0.29593 0.29282 0.29686 0.30705 0.3222 0.34107 0.36236 0.38477 0.40702 0.42787 0.44615 0.46083 0.47107 0.47631 0.47621 0.47059 0.45928 0.442 0.41836 0.38788 0.3501 0.30462 0.25126 0.19006 0.12142 0.046557 0.037963 0.12286 0.21162 0.30166 0.39111 0.47818 0.56128
0.55151 0.81557 0.70008 0.72895 0.88247 0.85791 0.86504 0.76591 0.62763 0.53776 0.47681 0.42745 0.38508 0.34987 0.32254 0.30339 0.29252 0.28962 0.29394 0.30443 0.31989 0.33903 0.36054 0.3831 0.40543 0.42629 0.44454 0.45915 0.46932 0.4745 0.47439 0.4688 0.45757 0.44043 0.41697 0.38671 0.34919 0.304 0.25092 0.18997 0.12147 0.046101 0.035145 0.12093 0.20968 0.29965 0.38903 0.47607 0.55918
0.6561 0.83695 0.67218 0.68385 0.83502 0.80955 0.81951 0.73761 0.61484 0.53234 0.4738 0.42469 0.38189 0.34623 0.31866 0.29951 0.28882 0.2862 0.29086 0.30171 0.3175 0.33694 0.35868 0.38141 0.40383 0.42472 0.44294 0.45751 0.46762 0.47276 0.47264 0.4671 0.45597 0.43899 0.41573 0.38573 0.34851 0.30366 0.25096 0.19043 0.12247 0.04823 0.03582 0.12007 0.20837 0.29806 0.38726 0.47419 0.55726
0.72285 0.84397 0.63151 0.63059 0.78323 0.75677 0.76901 0.70509 0.59913 0.52491 0.46933 0.42084 0.37788 0.34197 0.31431 0.29527 0.28485 0.2826 0.28765 0.29889 0.31506 0.33481 0.3568 0.3797 0.40223 0.42315 0.44137 0.45589 0.46596 0.47108 0.47097 0.46549 0.45448 0.43767 0.41464 0.38493 0.34805 0.3036 0.25137 0.19142 0.12432 0.052495 0.039633 0.12022 0.20764 0.29687 0.38579 0.47254 0.55551
0.75712 0.83659 0.58115 0.57187 0.729 0.70076 0.71455 0.6691 0.58091 0.51569 0.46354 0.41597 0.37309 0.33711 0.3095 0.29069 0.28063 0.27881 0.28432 0.296 0.31256 0.33264 0.3549 0.37798 0.40062 0.42159 0.4398 0.4543 0.46434 0.46945 0.46937 0.46397 0.45309 0.43646 0.41369 0.3843 0.3478 0.3038 0.25212 0.19289 0.12695 0.058313 0.045656 0.12135 0.20748 0.29608 0.3846 0.47112 0.55394
0.76595 0.81702 0.52438 0.51048 0.6742 0.64277 0.65716 0.63039 0.56062 0.50491 0.45653 0.41016 0.36757 0.33169 0.30427 0.28579 0.27618 0.27486 0.28088 0.29303 0.31001 0.33045 0.35298 0.37626 0.39901 0.42004 0.43826 0.45274 0.46276 0.46788 0.46783 0.46252 0.45179 0.43537 0.41288 0.38382 0.34774 0.30424 0.25318 0.1948 0.13025 0.06517 0.053017 0.12335 0.20786 0.29565 0.3837 0.4699 0.55254
0.75492 0.78882 0.46444 0.44903 0.62058 0.58403 0.59783 0.58968 0.5387 0.4928 0.44845 0.40348 0.36137 0.32574 0.29864 0.28058 0.2715 0.27075 0.27733 0.29 0.30743 0.32823 0.35104 0.37452 0.3974 0.4185 0.43673 0.45121 0.46122 0.46635 0.46636 0.46115 0.45057 0.43438 0.41218 0.38349 0.34785 0.3049 0.25454 0.1971 0.13413 0.072685 0.061131 0.12615 0.20874 0.29559 0.38306 0.46889 0.55129
0.72757 0.75577 0.40434 0.3899 0.5697 0.52574 0.53751 0.54768 0.51556 0.4796 0.43941 0.39602 0.35454 0.31931 0.29262 0.2751 0.26662 0.2665 0.27369 0.28691 0.30481 0.32599 0.34909 0.37278 0.39579 0.41696 0.43522 0.4497 0.45972 0.46487 0.46494 0.45984 0.44944 0.43348 0.41159 0.38329 0.34813 0.30577 0.25615 0.19976 0.13849 0.080599 0.069647 0.12965 0.21009 0.29586 0.38267 0.46807 0.55019
0.68654 0.72114 0.3468 0.33518 0.52289 0.46909 0.47711 0.50506 0.49161 0.46552 0.42954 0.38785 0.34714 0.31242 0.28626 0.26935 0.26156 0.26213 0.26998 0.28378 0.30216 0.32374 0.34714 0.37104 0.39419 0.41543 0.43372 0.44821 0.45824 0.46343 0.46357 0.4586 0.44838 0.43268 0.41111 0.38322 0.34856 0.30682 0.25801 0.20273 0.14326 0.088739 0.07836 0.13374 0.21188 0.29644 0.38252 0.46744 0.54924
0.63522 0.68736 0.29442 0.28674 0.48117 0.41523 0.41743 0.46245 0.46724 0.45077 0.41897 0.37904 0.33921 0.30512 0.27958 0.26337 0.25632 0.25765 0.26619 0.2806 0.2995 0.32148 0.34518 0.36929 0.39258 0.4139 0.43224 0.44675 0.4568 0.46203 0.46226 0.45741 0.44739 0.43196 0.41073 0.38326 0.34913 0.30805 0.26008 0.20598 0.14836 0.096992 0.087144 0.13833 0.21407 0.29733 0.3826 0.46699 0.54843
0.57901 0.65618 0.25006 0.24643 0.44528 0.36529 0.35921 0.42045 0.4428 0.43554 0.4078 0.36968 0.33081 0.29744 0.2726 0.25716 0.25094 0.25307 0.26235 0.2774 0.29682 0.31921 0.34322 0.36755 0.39098 0.41238 0.43077 0.4453 0.45539 0.46067 0.46098 0.45629 0.44647 0.43131 0.41044 0.38341 0.34983 0.30943 0.26234 0.20946 0.15371 0.10528 0.095925 0.14334 0.21662 0.29849 0.3829 0.46671 0.54776
0.52536 0.62891 0.21728 0.21618 0.41558 0.32037 0.30308 0.37959 0.41861 0.42003 0.39615 0.35983 0.32199 0.28941 0.26536 0.25076 0.24541 0.2484 0.25846 0.27417 0.29413 0.31694 0.34126 0.36581 0.38939 0.41088 0.42931 0.44388 0.454 0.45934 0.45976 0.45521 0.44561 0.43074 0.41023 0.38366 0.35065 0.31096 0.26478 0.21315 0.15928 0.11355 0.10465 0.14869 0.2195 0.29991 0.3834 0.46658 0.54721
0.48217 0.60657 0.20005 0.1978 0.39211 0.28153 0.24959 0.34039 0.39498 0.40438 0.38413 0.34957 0.3128 0.28106 0.25787 0.24418 0.23977 0.24366 0.25453 0.27093 0.29144 0.31467 0.3393 0.36407 0.38779 0.40938 0.42786 0.44247 0.45264 0.45804 0.45857 0.45418 0.4448 0.43023 0.4101 0.384 0.35157 0.31261 0.26737 0.21701 0.16499 0.12176 0.11329 0.15431 0.22267 0.30157 0.38409 0.46661 0.54678
0.45489 0.5899 0.2007 0.19224 0.37456 0.24971 0.19919 0.30331 0.37216 0.38876 0.37183 0.33897 0.30328 0.27245 0.25015 0.23744 0.23402 0.23887 0.25058 0.26768 0.28875 0.3124 0.33735 0.36234 0.38621 0.40788 0.42643 0.44108 0.4513 0.45678 0.45742 0.4532 0.44405 0.42978 0.41004 0.38442 0.35259 0.31437 0.27008 0.22101 0.17082 0.1299 0.12183 0.16014 0.22609 0.30345 0.38496 0.46679 0.54647
0.44396 0.57913 0.21746 0.19857 0.36232 0.22554 0.15227 0.26881 0.35037 0.3733 0.35934 0.32809 0.29349 0.26359 0.24225 0.23056 0.22819 0.23402 0.24661 0.26443 0.28606 0.31015 0.33541 0.36062 0.38463 0.4064 0.425 0.4397 0.44998 0.45554 0.4563 0.45226 0.44335 0.42939 0.41004 0.38492 0.35369 0.31623 0.27292 0.22514 0.17673 0.13793 0.13024 0.16614 0.22975 0.30554 0.38599 0.4671 0.54627
0.44459 0.57385 0.24549 0.21417 0.35453 0.20906 0.10918 0.2373 0.32981 0.3581 0.34675 0.317 0.28347 0.25452 0.23417 0.22355 0.22228 0.22915 0.24263 0.26119 0.28339 0.30791 0.33348 0.3589 0.38306 0.40492 0.42359 0.43834 0.44868 0.45433 0.45522 0.45135 0.44269 0.42904 0.4101 0.38548 0.35487 0.31818 0.27585 0.22936 0.18269 0.14585 0.13853 0.17225 0.2336 0.30781 0.38719 0.46754 0.54617
0.44899 0.57302 0.27968 0.23585 0.35021 0.19955 0.070361 0.20925 0.31062 0.34326 0.33413 0.30576 0.27326 0.24527 0.22595 0.21645 0.21632 0.22426 0.23866 0.25796 0.28074 0.30569 0.33156 0.3572 0.3815 0.40345 0.42219 0.437 0.4474 0.45314 0.45416 0.45048 0.44207 0.42875 0.41021 0.3861 0.35612 0.32021 0.27886 0.23366 0.18867 0.15366 0.14667 0.17845 0.23762 0.31025 0.38853 0.4681 0.54618
0.44909 0.57524 0.31614 0.26079 0.34834 0.19556 0.037187 0.18507 0.29292 0.32887 0.32156 0.29442 0.26291 0.23587 0.2176 0.20926 0.21032 0.21935 0.2347 0.25476 0.27811 0.30348 0.32966 0.3555 0.37995 0.40199 0.42079 0.43566 0.44613 0.45197 0.45313 0.44965 0.44148 0.42849 0.41037 0.38677 0.35743 0.32231 0.28195 0.23802 0.19465 0.16133 0.15468 0.1847 0.24179 0.31284 0.39 0.46878 0.54628
0.43834 0.5791 0.35218 0.28683 0.34792 0.19525 0.020179 0.16519 0.27678 0.315 0.30911 0.28305 0.25247 0.22636 0.20914 0.202 0.20429 0.21446 0.23076 0.25158 0.27551 0.3013 0.32777 0.35382 0.3784 0.40054 0.41941 0.43434 0.44489 0.45082 0.45213 0.44884 0.44094 0.42828 0.41058 0.3875 0.35879 0.32446 0.28509 0.24241 0.20061 0.16887 0.16254 0.19099 0.24609 0.31557 0.3916 0.46956 0.54646
0.41294 0.5835 0.38597 0.31238 0.34808 0.19684 0.03576 0.14993 0.26222 0.30168 0.29682 0.27168 0.24196 0.21675 0.20061 0.19469 0.19825 0.20958 0.22685 0.24844 0.27294 0.29914 0.3259 0.35215 0.37687 0.3991 0.41804 0.43303 0.44365 0.4497 0.45114 0.44805 0.44042 0.4281 0.41082 0.38826 0.3602 0.32665 0.28827 0.24684 0.20654 0.17628 0.17026 0.19728 0.25048 0.31842 0.39331 0.47044 0.54673
0.37302 0.58786 0.41628 0.3363 0.34804 0.19886 0.058197 0.13943 0.24925 0.28896 0.28476 0.26039 0.23143 0.20708 0.192 0.18735 0.19221 0.20473 0.22299 0.24533 0.2704 0.29701 0.32406 0.3505 0.37534 0.39766 0.41667 0.43173 0.44243 0.44858 0.45018 0.44729 0.43992 0.42794 0.41109 0.38906 0.36164 0.32889 0.29149 0.25127 0.21243 0.18355 0.17783 0.20356 0.25496 0.32138 0.39513 0.47141 0.54708
0.32382 0.59198 0.44235 0.35778 0.34722 0.20025 0.07889 0.13348 0.23783 0.27687 0.27297 0.2492 0.22091 0.19738 0.18336 0.17999 0.18619 0.19992 0.21917 0.24228 0.2679 0.29491 0.32223 0.34886 0.37383 0.39624 0.41531 0.43044 0.44122 0.44749 0.44924 0.44656 0.43946 0.42782 0.4114 0.3899 0.36312 0.33116 0.29473 0.2557 0.21827 0.19068 0.18525 0.20981 0.25951 0.32444 0.39704 0.47247 0.5475
0.27731 0.59595 0.46375 0.37632 0.34515 0.20031 0.09695 0.13155 0.22788 0.26542 0.2615 0.23817 0.21045 0.18766 0.17468 0.17263 0.1802 0.19516 0.21541 0.23927 0.26545 0.29284 0.32042 0.34723 0.37232 0.39482 0.41396 0.42916 0.44002 0.4464 0.44831 0.44584 0.43901 0.42772 0.41173 0.39076 0.36463 0.33345 0.29798 0.26013 0.22404 0.19768 0.19253 0.21602 0.2641 0.32758 0.39904 0.4736 0.54799
0.2522 0.59981 0.48036 0.39163 0.34154 0.19864 0.11237 0.1328 0.21933 0.25462 0.25039 0.22734 0.20007 0.17795 0.166 0.16529 0.17426 0.19047 0.21171 0.23632 0.26303 0.2908 0.31864 0.34562 0.37083 0.39341 0.41262 0.42788 0.43884 0.44533 0.4474 0.44514 0.43858 0.42764 0.41208 0.39164 0.36615 0.33576 0.30124 0.26453 0.22975 0.20453 0.19967 0.22219 0.26874 0.33079 0.40112 0.47482 0.54855
0.26339 0.60338 0.49227 0.40366 0.33621 0.19503 0.12535 0.13634 0.21205 0.24449 0.23968 0.21675 0.18981 0.16827 0.15732 0.15797 0.16838 0.18585 0.20809 0.23343 0.26067 0.2888 0.31689 0.34403 0.36935 0.392 0.41128 0.42662 0.43766 0.44427 0.4465 0.44445 0.43817 0.42758 0.41245 0.39254 0.36769 0.33808 0.3045 0.26891 0.23538 0.21125 0.20666 0.2283 0.2734 0.33406 0.40327 0.4761 0.54916
0.30564 0.60612 0.49976 0.41251 0.32913 0.18944 0.13617 0.14137 0.20593 0.23501 0.22939 0.20645 0.17971 0.15864 0.14866 0.1507 0.16258 0.18132 0.20454 0.23061 0.25836 0.28683 0.31516 0.34245 0.36787 0.39061 0.40995 0.42536 0.43649 0.44322 0.44561 0.44378 0.43778 0.42753 0.41284 0.39345 0.36925 0.34041 0.30776 0.27326 0.24093 0.21784 0.21352 0.23434 0.27807 0.33739 0.40548 0.47744 0.54984
0.36103 0.60716 0.50325 0.41843 0.32036 0.18193 0.14511 0.14727 0.20084 0.22618 0.21957 0.19648 0.1698 0.14909 0.14004 0.14348 0.15686 0.17688 0.20108 0.22786 0.25609 0.2849 0.31345 0.3409 0.36641 0.38922 0.40863 0.4241 0.43532 0.44218 0.44473 0.44312 0.4374 0.4275 0.41324 0.39438 0.37081 0.34274 0.311 0.27757 0.24639 0.22428 0.22023 0.24032 0.28274 0.34076 0.40775 0.47884 0.55056
0.415 0.60546 0.50323 0.42178 0.31008 0.17261 0.1525 0.15358 0.19666 0.21799 0.21024 0.18687 0.1601 0.13964 0.13146 0.13635 0.15125 0.17255 0.19772 0.22518 0.25389 0.28302 0.31177 0.33936 0.36497 0.38784 0.40731 0.42286 0.43417 0.44114 0.44386 0.44247 0.43702 0.42748 0.41364 0.39531 0.37237 0.34506 0.31422 0.28183 0.25178 0.2306 0.2268 0.24621 0.28741 0.34416 0.41007 0.48029 0.55133
0.45926 0.59992 0.50022 0.42296 0.29851 0.16165 0.15865 0.16002 0.19328 0.21044 0.20143 0.17766 0.15067 0.1303 0.12295 0.1293 0.14576 0.16834 0.19445 0.22257 0.25174 0.28117 0.31012 0.33783 0.36353 0.38647 0.406 0.42161 0.43301 0.44012 0.443 0.44182 0.43666 0.42746 0.41406 0.39624 0.37394 0.34737 0.31742 0.28605 0.25707 0.23678 0.23324 0.25203 0.29207 0.34759 0.41243 0.48178 0.55215
0.48992 0.58959 0.49475 0.42245 0.286 0.14928 0.16386 0.16641 0.1906 0.20352 0.19317 0.1689 0.14153 0.1211 0.1145 0.12236 0.14041 0.16426 0.19129 0.22005 0.24965 0.27936 0.3085 0.33633 0.36211 0.3851 0.40469 0.42038 0.43187 0.4391 0.44215 0.44119 0.4363 0.42746 0.41448 0.39718 0.3755 0.34967 0.32059 0.29021 0.26227 0.24283 0.23955 0.25777 0.29671 0.35104 0.41483 0.48332 0.55301
0.50568 0.57376 0.48733 0.42069 0.27292 0.13572 0.16843 0.17266 0.18852 0.1972 0.18547 0.16062 0.13273 0.11205 0.10614 0.11555 0.1352 0.16031 0.18824 0.21761 0.24762 0.2776 0.30691 0.33484 0.36069 0.38375 0.40339 0.41914 0.43073 0.43808 0.4413 0.44056 0.43595 0.42745 0.4149 0.39812 0.37705 0.35196 0.32373 0.29432 0.26737 0.24875 0.24572 0.26342 0.30132 0.3545 0.41726 0.4849 0.55391
0.50681 0.55203 0.47844 0.41812 0.25971 0.12126 0.17262 0.17874 0.18697 0.19149 0.17836 0.15286 0.1243 0.10318 0.097875 0.10888 0.13016 0.15652 0.1853 0.21526 0.24565 0.27588 0.30534 0.33338 0.35929 0.3824 0.40209 0.41791 0.42959 0.43707 0.44046 0.43994 0.43561 0.42745 0.41533 0.39905 0.3786 0.35422 0.32683 0.29836 0.27239 0.25455 0.25177 0.26898 0.3059 0.35797 0.41972 0.48651 0.55484
0.4944 0.52434 0.46849 0.41514 0.24689 0.10625 0.17668 0.18463 0.18589 0.18637 0.17185 0.14566 0.11629 0.094504 0.089713 0.10237 0.12531 0.15287 0.18249 0.21299 0.24374 0.2742 0.3038 0.33193 0.3579 0.38105 0.4008 0.41669 0.42846 0.43606 0.43962 0.43932 0.43526 0.42745 0.41575 0.39998 0.38013 0.35647 0.3299 0.30235 0.27731 0.26022 0.25768 0.27446 0.31044 0.36144 0.4222 0.48816 0.55581
0.46997 0.49101 0.45786 0.4121 0.23502 0.09119 0.18082 0.19035 0.18521 0.18181 0.16595 0.13905 0.10876 0.086061 0.081663 0.096048 0.12065 0.1494 0.17979 0.21081 0.24189 0.27256 0.3023 0.3305 0.35652 0.37972 0.39951 0.41547 0.42733 0.43506 0.43878 0.4387 0.43492 0.42745 0.41616 0.4009 0.38165 0.35869 0.33293 0.30627 0.28214 0.26577 0.26347 0.27984 0.31494 0.36491 0.4247 0.48983 0.5568
0.43511 0.45282 0.44688 0.4093 0.22472 0.076884 0.18523 0.19592 0.1849 0.17781 0.16067 0.13307 0.10175 0.077878 0.073737 0.089935 0.11621 0.1461 0.17723 0.20873 0.24011 0.27097 0.30082 0.32909 0.35516 0.37839 0.39823 0.41425 0.4262 0.43405 0.43795 0.43808 0.43458 0.42745 0.41658 0.40181 0.38315 0.36088 0.33591 0.31013 0.28687 0.2712 0.26914 0.28513 0.3194 0.36837 0.42721 0.49152 0.55782
0.39146 0.41096 0.43583 0.40698 0.21664 0.064713 0.19006 0.20138 0.1849 0.17433 0.15602 0.12775 0.095334 0.069996 0.065944 0.084062 0.11201 0.14297 0.1748 0.20673 0.2384 0.26942 0.29937 0.3277 0.3538 0.37707 0.39695 0.41303 0.42507 0.43305 0.43712 0.43747 0.43424 0.42745 0.41698 0.40271 0.38463 0.36304 0.33885 0.31392 0.29151 0.2765 0.27469 0.29034 0.32381 0.37181 0.42972 0.49323 0.55886
0.34077 0.36718 0.42494 0.40534 0.21141 0.056976 0.1954 0.20674 0.18518 0.17136 0.15198 0.1231 0.089569 0.062468 0.058294 0.07846 0.10806 0.14004 0.1725 0.20483 0.23674 0.26792 0.29795 0.32632 0.35246 0.37576 0.39568 0.41182 0.42395 0.43205 0.43628 0.43685 0.4339 0.42744 0.41738 0.4036 0.38609 0.36517 0.34175 0.31765 0.29606 0.2817 0.28011 0.29545 0.32817 0.37525 0.43225 0.49496 0.55992
0.28535 0.32389 0.41442 0.40453 0.2096 0.056354 0.20135 0.21203 0.1857 0.16887 0.14854 0.11915 0.084524 0.055368 0.0508 0.073169 0.10437 0.1373 0.17033 0.20303 0.23516 0.26646 0.29656 0.32497 0.35113 0.37445 0.39441 0.4106 0.42282 0.43105 0.43545 0.43623 0.43355 0.42743 0.41777 0.40447 0.38753 0.36728 0.34459 0.3213 0.30051 0.28677 0.28542 0.30047 0.33248 0.37866 0.43478 0.4967 0.56101
0.22883 0.28424 0.40445 0.40468 0.21158 0.063671 0.20793 0.21724 0.18642 0.16683 0.14569 0.1159 0.08026 0.048799 0.04348 0.068233 0.10098 0.13476 0.16831 0.20131 0.23363 0.26504 0.29519 0.32363 0.3498 0.37315 0.39314 0.40939 0.4217 0.43005 0.43462 0.43561 0.4332 0.42741 0.41815 0.40533 0.38895 0.36934 0.34739 0.32489 0.30487 0.29174 0.29062 0.30539 0.33673 0.38205 0.4373 0.49845 0.56211
0.17871 0.25212 0.39516 0.40585 0.21749 0.077155 0.21515 0.22239 0.18731 0.16519 0.14339 0.11333 0.076833 0.042908 0.036359 0.063706 0.097883 0.13242 0.16642 0.19969 0.23217 0.26366 0.29386 0.32231 0.34849 0.37185 0.39188 0.40819 0.42058 0.42906 0.43379 0.43499 0.43285 0.42738 0.41852 0.40617 0.39035 0.37137 0.35014 0.32841 0.30914 0.29659 0.2957 0.31023 0.34092 0.38542 0.43983 0.50021 0.56322
