0.57992 0.65052 0.7764 0.44793 0.26188 0.24735 0.29175 0.30328 0.30315 0.27531 0.21869 0.14718 0.073749 0.020197 0.019793 0.035822 0.041307 0.040718 0.038237 0.036476 0.036535 0.038426 0.041561 0.045241 0.04891 0.052199 0.054903 0.056937 0.058292 0.058985 0.059039 0.058469 0.05729 0.055519 0.053177 0.050292 0.046903 0.043067 0.038872 0.034473 0.030168 0.026537 0.02462 0.025739 0.030604 0.038941 0.050264 0.064387 0.08144
0.65061 0.57662 0.22245 0.1884 0.34849 0.38808 0.36911 0.26053 0.16096 0.093053 0.048149 0.010061 0.038997 0.074877 0.099456 0.11112 0.11202 0.10631 0.098223 0.090283 0.083448 0.078014 0.073984 0.071203 0.069424 0.068364 0.067755 0.067371 0.067032 0.066594 0.06594 0.064985 0.063674 0.061991 0.059954 0.057612 0.055044 0.052351 0.049655 0.047098 0.044836 0.043046 0.041922 0.041683 0.042577 0.044892 0.048961 0.055178 0.064011
0.11391 0.27628 0.54966 0.63109 0.68722 0.67989 0.59752 0.40368 0.28762 0.26525 0.27193 0.26846 0.24035 0.2056 0.17261 0.14298 0.11733 0.096528 0.081603 0.072828 0.069546 0.070326 0.073352 0.07702 0.080242 0.082438 0.083419 0.083233 0.082048 0.080042 0.077368 0.074134 0.070421 0.066285 0.061774 0.056924 0.051768 0.046339 0.040672 0.034817 0.028866 0.02304 0.017919 0.015 0.016476 0.02239 0.031201 0.04212 0.055036
0.3007 0.30684 0.17274 0.18007 0.11751 0.052135 0.072465 0.15147 0.22321 0.26025 0.26542 0.25624 0.23477 0.21741 0.20748 0.20162 0.19636 0.18998 0.18283 0.17534 0.16741 0.15906 0.15045 0.1418 0.13335 0.12531 0.11781 0.11097 0.10483 0.099367 0.094526 0.090225 0.086387 0.082956 0.079893 0.077178 0.074811 0.072804 0.071184 0.069995 0.069293 0.069149 0.06965 0.070893 0.072987 0.076044 0.080179 0.08551 0.092153
0.43694 0.22913 0.03141 0.12274 0.21004 0.30332 0.33102 0.27179 0.23669 0.24521 0.26504 0.27203 0.25012 0.21546 0.17791 0.14174 0.10997 0.084855 0.067763 0.058499 0.05537 0.05588 0.057805 0.059748 0.061042 0.061484 0.061137 0.060196 0.058897 0.057457 0.056054 0.054832 0.053902 0.053355 0.053254 0.053637 0.054513 0.055864 0.057654 0.059836 0.062356 0.065165 0.068223 0.071495 0.074955 0.078578 0.082336 0.086191 0.090082
0.74775 0.49508 0.25549 0.23071 0.26838 0.22526 0.16219 0.080593 0.17685 0.27567 0.31426 0.30592 0.25849 0.20252 0.15239 0.11259 0.083538 0.06336 0.049665 0.040394 0.034163 0.03013 0.027629 0.026043 0.024838 0.023618 0.022132 0.020238 0.017867 0.015003 0.01169 0.0081196 0.0051435 0.0056739 0.0098128 0.01517 0.021043 0.027219 0.033599 0.040126 0.04677 0.053524 0.060402 0.067441 0.074698 0.082249 0.090191 0.098642 0.10774
0.44232 0.36304 0.18614 0.18198 0.096188 0.042223 0.05265 0.092791 0.18624 0.242 0.24485 0.21397 0.16181 0.11266 0.074964 0.049528 0.034524 0.026583 0.022475 0.020506 0.020252 0.02147 0.023589 0.02596 0.028122 0.029847 0.031072 0.031837 0.032229 0.032357 0.032341 0.03231 0.032409 0.032789 0.033593 0.034934 0.036878 0.039448 0.042631 0.046404 0.050753 0.055692 0.061271 0.067586 0.074779 0.083043 0.092621 0.10381 0.11697
0.38993 0.27896 0.58805 0.5767 0.42128 0.3034 0.253 0.21593 0.19684 0.16216 0.10915 0.048995 0.016846 0.052277 0.073315 0.079536 0.076467 0.069652 0.062937 0.057869 0.054523 0.05251 0.051386 0.050778 0.050407 0.05009 0.049728 0.049284 0.048759 0.048159 0.047487 0.046743 0.045926 0.045044 0.044115 0.043165 0.042229 0.041356 0.040612 0.040089 0.039928 0.040328 0.04157 0.044017 0.048086 0.054218 0.062842 0.074384 0.089297
0.39691 0.69403 0.80236 0.50095 0.37016 0.36788 0.4372 0.47636 0.49227 0.46053 0.39897 0.33276 0.26122 0.20315 0.16041 0.12951 0.10745 0.091921 0.081305 0.074135 0.069181 0.065666 0.063117 0.061216 0.059719 0.058434 0.057221 0.055988 0.054673 0.053228 0.051605 0.049765 0.047676 0.045315 0.042669 0.039729 0.036484 0.032922 0.029024 0.024781 0.020227 0.015588 0.011842 0.011831 0.017447 0.027042 0.039651 0.05532 0.074495
0.21408 0.24699 0.24961 0.47639 0.64391 0.66552 0.60355 0.40103 0.21696 0.094715 0.055115 0.065313 0.06671 0.055197 0.038602 0.023865 0.014759 0.011647 0.013475 0.018818 0.026044 0.033868 0.04139 0.048017 0.053409 0.057436 0.060142 0.061686 0.062285 0.062154 0.061485 0.060437 0.059148 0.057742 0.056337 0.055044 0.053976 0.053247 0.05298 0.05331 0.054399 0.056444 0.059686 0.064423 0.071016 0.079886 0.091527 0.10651 0.12551
0.35744 0.50986 0.63583 0.59583 0.51943 0.47381 0.43894 0.30889 0.22025 0.2074 0.20593 0.19349 0.16923 0.14603 0.12688 0.11166 0.10022 0.092085 0.086721 0.083368 0.081217 0.079706 0.07846 0.077209 0.075746 0.073936 0.071732 0.069165 0.066321 0.063303 0.060223 0.057201 0.054378 0.051918 0.050015 0.048878 0.048713 0.0497 0.051965 0.055584 0.060603 0.067068 0.075065 0.084737 0.096307 0.11009 0.12648 0.14602 0.16934
0.30616 0.30331 0.58336 0.49636 0.37059 0.33367 0.35632 0.31551 0.25228 0.18694 0.13961 0.1145 0.10094 0.098826 0.10466 0.11238 0.11769 0.11932 0.11822 0.11547 0.11148 0.10645 0.10057 0.094016 0.086999 0.079707 0.072309 0.064922 0.057603 0.050347 0.043107 0.035826 0.028469 0.021066 0.013885 0.0084303 0.0098165 0.017063 0.026154 0.036222 0.04716 0.059038 0.072007 0.086277 0.10212 0.11986 0.1399 0.16276 0.18901
0.31475 0.042737 0.3922 0.38438 0.23559 0.10097 0.033427 0.10221 0.12893 0.13294 0.14188 0.15723 0.16363 0.16359 0.16048 0.15569 0.14968 0.14268 0.13552 0.12864 0.12191 0.11522 0.10852 0.1018 0.095075 0.088404 0.081852 0.075495 0.069403 0.063624 0.058204 0.053216 0.048789 0.045139 0.042572 0.041452 0.042109 0.044725 0.049289 0.055664 0.063691 0.073263 0.08435 0.097002 0.11134 0.12758 0.14599 0.16693 0.19088
0.4464 0.29455 0.31645 0.45621 0.52371 0.52096 0.4614 0.2943 0.1669 0.14651 0.18417 0.21318 0.21422 0.19964 0.17823 0.15438 0.13166 0.11279 0.099336 0.091121 0.086912 0.085301 0.08504 0.085191 0.085156 0.084634 0.08356 0.08202 0.080169 0.078171 0.076173 0.074306 0.072693 0.07146 0.070735 0.070646 0.071321 0.072876 0.075416 0.079029 0.083787 0.089749 0.096977 0.10554 0.11552 0.12704 0.14028 0.15546 0.1729
0.22562 0.1675 0.075028 0.095133 0.075942 0.090594 0.15354 0.20185 0.22104 0.22062 0.209 0.19055 0.16047 0.12944 0.10041 0.073391 0.049149 0.029657 0.019694 0.023706 0.033531 0.043375 0.051898 0.058821 0.064141 0.067976 0.070524 0.072036 0.072786 0.073027 0.072979 0.072827 0.072728 0.072811 0.073186 0.073939 0.075137 0.076831 0.079061 0.081853 0.085232 0.089212 0.093808 0.099033 0.10491 0.11145 0.11873 0.12682 0.13587
0.43364 0.25021 0.1072 0.19146 0.18125 0.17103 0.16281 0.12603 0.08969 0.058354 0.035237 0.038272 0.060869 0.079613 0.089191 0.090145 0.085206 0.077651 0.070269 0.064467 0.060554 0.058372 0.057527 0.057522 0.057873 0.058207 0.05832 0.05817 0.05784 0.057484 0.057277 0.057378 0.05791 0.058945 0.060493 0.062519 0.064955 0.067716 0.070719 0.073886 0.07715 0.080447 0.083716 0.086889 0.089886 0.092607 0.09493 0.096707 0.09777
0.47745 0.40277 0.35179 0.3453 0.31456 0.29101 0.29141 0.25272 0.21242 0.16974 0.1319 0.10426 0.082125 0.067097 0.057215 0.050649 0.046779 0.045326 0.045782 0.047271 0.048872 0.049943 0.050146 0.049376 0.047692 0.04527 0.042379 0.039368 0.036652 0.034689 0.033902 0.034553 0.036638 0.039914 0.044032 0.048652 0.053504 0.05839 0.063172 0.067759 0.072089 0.07612 0.079812 0.083121 0.085985 0.088317 0.089988 0.090821 0.090574
0.35155 0.4246 0.39503 0.23105 0.12312 0.11366 0.11164 0.10716 0.091317 0.063098 0.051103 0.053906 0.051171 0.042719 0.033073 0.026493 0.026156 0.030701 0.036659 0.042012 0.045777 0.047467 0.046928 0.044272 0.039802 0.033917 0.027035 0.019532 0.011732 0.0042227 0.0053717 0.013028 0.020829 0.028466 0.035847 0.042916 0.049642 0.056012 0.062032 0.067724 0.073127 0.078287 0.083261 0.088108 0.092887 0.097657 0.10248 0.10742 0.11256
0.64163 0.59788 0.59262 0.41113 0.34661 0.31743 0.30043 0.23949 0.17971 0.13117 0.10279 0.094114 0.094223 0.098367 0.10193 0.1024 0.099815 0.095515 0.09103 0.086925 0.082897 0.078493 0.073406 0.067566 0.061136 0.054452 0.047969 0.042203 0.037693 0.034927 0.034187 0.035399 0.038168 0.041994 0.046447 0.051222 0.056132 0.061075 0.066014 0.070963 0.07597 0.081113 0.086497 0.092244 0.098496 0.10541 0.11318 0.122 0.13214
0.25847 0.45693 0.57664 0.34223 0.22814 0.20718 0.2333 0.21488 0.16991 0.12876 0.12623 0.15416 0.1802 0.19831 0.20796 0.20831 0.20042 0.18726 0.17259 0.15856 0.14562 0.13371 0.12265 0.11232 0.10267 0.09376 0.085709 0.078667 0.072762 0.068067 0.064585 0.062262 0.060991 0.060634 0.061038 0.062061 0.063588 0.065542 0.067894 0.07066 0.073899 0.077709 0.082224 0.087607 0.09405 0.10177 0.11103 0.12211 0.13536
0.28032 0.25692 0.12422 0.091664 0.11067 0.02494 0.084648 0.14558 0.18991 0.23905 0.2869 0.32953 0.34757 0.34943 0.33929 0.31832 0.29003 0.25949 0.23149 0.20784 0.18808 0.17126 0.15657 0.14341 0.13144 0.12048 0.11053 0.1016 0.093724 0.086898 0.081068 0.076154 0.072068 0.068721 0.066034 0.063939 0.062395 0.061389 0.060946 0.061138 0.062078 0.063925 0.066877 0.071159 0.077019 0.084721 0.094551 0.10683 0.12194
0.40602 0.34514 0.33551 0.52671 0.44226 0.31295 0.24184 0.22546 0.27084 0.32739 0.37643 0.41245 0.41025 0.3847 0.34729 0.30522 0.26514 0.23163 0.20657 0.18865 0.17524 0.16415 0.15406 0.1443 0.13462 0.12506 0.11575 0.10687 0.098556 0.090875 0.083828 0.077377 0.071473 0.066064 0.061106 0.056567 0.052437 0.048735 0.045531 0.042964 0.041265 0.040765 0.041864 0.044954 0.050342 0.058239 0.068818 0.082296 0.098982
0.23813 0.086502 0.36578 0.66455 0.66334 0.56775 0.52488 0.48531 0.4834 0.47368 0.44504 0.40017 0.32582 0.24666 0.17659 0.12644 0.1049 0.10608 0.11489 0.12303 0.12817 0.13016 0.12944 0.12651 0.1219 0.11605 0.10941 0.10232 0.095086 0.087889 0.080837 0.073983 0.067346 0.060927 0.054713 0.048679 0.042789 0.036998 0.031263 0.025575 0.020041 0.015181 0.012717 0.015231 0.022353 0.032476 0.045078 0.060264 0.078413
0.25951 0.1384 0.2291 0.14985 0.054388 0.15525 0.16659 0.23768 0.36306 0.43748 0.44682 0.41004 0.32996 0.24251 0.16539 0.10825 0.079154 0.075854 0.083386 0.091928 0.09879 0.10361 0.10645 0.10742 0.10664 0.10427 0.10058 0.095854 0.090416 0.084525 0.078383 0.072143 0.065918 0.059792 0.053824 0.048043 0.042457 0.037048 0.031789 0.026668 0.021754 0.017384 0.01461 0.01539 0.020566 0.029196 0.040614 0.054793 0.072056
0.29644 0.26417 0.48053 0.49437 0.42058 0.40635 0.45153 0.46157 0.48087 0.48911 0.47591 0.44374 0.3775 0.30329 0.23481 0.17817 0.13639 0.10916 0.094041 0.087567 0.086426 0.088083 0.090712 0.093062 0.094361 0.094236 0.092634 0.089721 0.085775 0.081095 0.075956 0.070591 0.065203 0.059955 0.054981 0.050379 0.046218 0.042543 0.039391 0.036812 0.0349 0.033827 0.033872 0.035411 0.038864 0.044621 0.053019 0.064389 0.079123
0.21656 0.42115 0.35946 0.098625 0.089839 0.14764 0.2706 0.31715 0.31348 0.31932 0.3325 0.32458 0.27465 0.20798 0.14306 0.090322 0.056889 0.046244 0.050649 0.058957 0.06705 0.074076 0.079792 0.083986 0.08647 0.087165 0.086158 0.083683 0.080065 0.075645 0.070746 0.065657 0.060635 0.055899 0.051632 0.047973 0.045016 0.042811 0.041376 0.040711 0.040828 0.041769 0.043636 0.0466 0.050907 0.056873 0.06488 0.075375 0.088875
0.21006 0.1916 0.18474 0.37155 0.49138 0.47979 0.39973 0.25344 0.22005 0.28063 0.31902 0.31205 0.26063 0.19763 0.13981 0.093544 0.062705 0.049952 0.051764 0.059357 0.06751 0.074471 0.079698 0.083004 0.084346 0.083798 0.081559 0.077927 0.073258 0.067906 0.062203 0.056457 0.050955 0.045964 0.041731 0.038459 0.036291 0.035276 0.035372 0.036472 0.038462 0.041271 0.044902 0.049442 0.055065 0.062026 0.070667 0.081416 0.094795
0.23194 0.10796 0.63242 0.81945 0.89839 0.92924 0.93434 0.78199 0.63636 0.50477 0.39559 0.31126 0.23779 0.18637 0.15327 0.13058 0.11365 0.10123 0.093554 0.090067 0.089324 0.08976 0.090107 0.089535 0.087614 0.084234 0.079516 0.073717 0.067147 0.060113 0.052893 0.045751 0.038953 0.032791 0.02762 0.023874 0.021982 0.022111 0.02399 0.027119 0.031093 0.035705 0.040918 0.046817 0.053578 0.061458 0.070789 0.081987 0.095561
0.51344 0.56926 0.5021 0.3715 0.29281 0.26833 0.42721 0.5183 0.48695 0.37377 0.24381 0.13251 0.05059 0.04617 0.078745 0.10054 0.11121 0.11445 0.11408 0.11245 0.11033 0.10777 0.10452 0.10031 0.094986 0.088567 0.081221 0.073198 0.064768 0.056162 0.04757 0.039139 0.030995 0.023253 0.016054 0.0097395 0.0058882 0.0078423 0.01277 0.018218 0.023801 0.029541 0.035571 0.042083 0.049314 0.057553 0.067144 0.078498 0.09211
0.20415 0.1981 0.22376 0.33281 0.40224 0.38009 0.40011 0.40317 0.38087 0.32179 0.25243 0.1918 0.14137 0.11433 0.10911 0.11552 0.12404 0.12992 0.13254 0.13253 0.13033 0.12627 0.12063 0.11362 0.10549 0.096506 0.086982 0.077226 0.067507 0.058026 0.048924 0.040296 0.032222 0.024781 0.018099 0.012478 0.0088266 0.0087801 0.011858 0.016158 0.02091 0.025978 0.031439 0.037466 0.044286 0.052181 0.061483 0.072584 0.085949
0.4785 0.28065 0.34161 0.39341 0.2111 0.17089 0.23589 0.19437 0.13598 0.11946 0.11953 0.11899 0.12312 0.13476 0.14696 0.15577 0.1605 0.16158 0.16019 0.15702 0.1521 0.14543 0.13717 0.12757 0.11702 0.1059 0.094608 0.083515 0.072898 0.062941 0.053756 0.045408 0.03795 0.031443 0.025977 0.021693 0.018776 0.017385 0.017507 0.018907 0.021294 0.024483 0.028441 0.033256 0.039105 0.046229 0.054924 0.065543 0.078501
0.21618 0.36657 0.66431 0.61425 0.42276 0.30029 0.24858 0.13457 0.022555 0.054494 0.079369 0.098434 0.13119 0.16592 0.19085 0.20295 0.20435 0.19902 0.191 0.18223 0.17286 0.16264 0.15143 0.13933 0.12661 0.11365 0.10087 0.088638 0.077238 0.066824 0.057463 0.04917 0.041933 0.035739 0.030576 0.026439 0.023326 0.021227 0.020115 0.019943 0.020673 0.022305 0.024903 0.028594 0.033555 0.040003 0.04819 0.058413 0.071023
0.39006 0.42538 0.71106 0.62225 0.51243 0.49322 0.47549 0.38096 0.32304 0.3057 0.30291 0.30122 0.28762 0.27549 0.26659 0.25687 0.24418 0.22924 0.21438 0.20063 0.18752 0.17438 0.1608 0.14669 0.13224 0.11782 0.10385 0.090708 0.07865 0.067802 0.058185 0.049759 0.042455 0.036198 0.030912 0.026533 0.023004 0.020283 0.018353 0.017233 0.016995 0.017767 0.019704 0.022961 0.02768 0.034007 0.042121 0.05225 0.064686
0.28558 0.31331 0.61696 0.46247 0.39565 0.47632 0.54315 0.50495 0.46207 0.41833 0.3816 0.35845 0.33152 0.30974 0.29234 0.27544 0.25758 0.23939 0.22261 0.2076 0.19342 0.1792 0.16447 0.1492 0.13366 0.11829 0.10356 0.089849 0.077407 0.066323 0.056573 0.048064 0.040673 0.034271 0.028735 0.023954 0.019838 0.016332 0.013445 0.011322 0.010325 0.010922 0.013285 0.017247 0.022657 0.029521 0.037962 0.04819 0.060484
0.79058 0.66093 0.38441 0.28982 0.30089 0.18919 0.1222 0.16018 0.1923 0.19089 0.19062 0.21171 0.23216 0.24502 0.24959 0.2468 0.23878 0.2278 0.21609 0.20429 0.19183 0.17823 0.16344 0.14776 0.13173 0.11594 0.10093 0.087107 0.074699 0.063758 0.054213 0.045921 0.038709 0.0324 0.026822 0.021818 0.017247 0.012977 0.0088906 0.0049092 0.0016635 0.00438 0.0091427 0.014632 0.020958 0.028311 0.036908 0.046997 0.058863
0.61423 0.70829 0.7441 0.45565 0.27917 0.15182 0.0899 0.10179 0.11449 0.084631 0.061904 0.097484 0.13763 0.16534 0.18462 0.19803 0.20553 0.20689 0.20345 0.19645 0.18639 0.17373 0.15912 0.14333 0.12717 0.11139 0.096567 0.083114 0.071223 0.060905 0.052042 0.044446 0.037904 0.032206 0.027164 0.022623 0.018474 0.014671 0.01129 0.0087039 0.0078487 0.0095141 0.013152 0.018052 0.02397 0.030914 0.039002 0.048412 0.059377
0.29937 0.16589 0.32937 0.35831 0.12049 0.095537 0.22131 0.24059 0.22192 0.18548 0.14557 0.11766 0.10614 0.11629 0.14067 0.16696 0.18616 0.19518 0.19567 0.19017 0.18028 0.16726 0.1522 0.13614 0.11998 0.10448 0.090212 0.077541 0.066607 0.057371 0.049663 0.043252 0.037882 0.033319 0.02937 0.025902 0.022858 0.020271 0.018278 0.017123 0.017097 0.018394 0.021021 0.024865 0.029813 0.035825 0.04293 0.051228 0.060878
0.12469 0.21812 0.53414 0.49909 0.416 0.3463 0.32289 0.26124 0.20063 0.1355 0.064095 0.010788 0.073039 0.12323 0.16124 0.18711 0.20044 0.20264 0.19725 0.18721 0.17407 0.15889 0.14256 0.12592 0.10974 0.094672 0.081186 0.069571 0.059914 0.052121 0.045967 0.041152 0.037359 0.034306 0.031773 0.029624 0.027812 0.026367 0.025388 0.025016 0.025405 0.026672 0.028879 0.032035 0.036124 0.041134 0.047081 0.054025 0.062078
0.46365 0.33755 0.19334 0.38761 0.46469 0.3789 0.28494 0.24437 0.26038 0.25964 0.24396 0.23819 0.23947 0.24601 0.2501 0.24697 0.23635 0.22049 0.2026 0.18441 0.16619 0.14799 0.13005 0.11273 0.096525 0.081885 0.069199 0.05871 0.050483 0.04439 0.040133 0.037296 0.035442 0.034194 0.033287 0.032572 0.032004 0.031613 0.031481 0.031719 0.032439 0.033739 0.035685 0.03831 0.041623 0.045623 0.050319 0.055745 0.06198
0.33774 0.37355 0.66303 0.61801 0.45024 0.27268 0.16151 0.27522 0.40269 0.46333 0.47152 0.45729 0.41789 0.3769 0.3391 0.30233 0.2664 0.23278 0.20328 0.17789 0.15538 0.13479 0.11561 0.097788 0.081505 0.067093 0.054911 0.045274 0.038366 0.034125 0.032138 0.031722 0.032176 0.032978 0.033824 0.034582 0.035232 0.035824 0.036447 0.037204 0.038197 0.03951 0.041204 0.04331 0.045836 0.048773 0.05211 0.055852 0.06005
0.24015 0.28142 0.43515 0.41008 0.44234 0.48573 0.54443 0.56212 0.6025 0.62506 0.61558 0.58485 0.51815 0.4472 0.38261 0.32474 0.27387 0.23062 0.19538 0.16676 0.14255 0.12116 0.10165 0.083687 0.067285 0.05268 0.040257 0.030556 0.024293 0.021956 0.022874 0.025481 0.028544 0.031457 0.033993 0.03611 0.037851 0.0393 0.040561 0.041736 0.042918 0.044183 0.045577 0.047121 0.048805 0.050598 0.052456 0.054346 0.056273
0.47755 0.32584 0.30619 0.16512 0.12586 0.22011 0.42713 0.55623 0.62241 0.6404 0.62506 0.58916 0.51584 0.438 0.36802 0.30728 0.25591 0.21366 0.17996 0.15288 0.13004 0.10977 0.091126 0.073722 0.057503 0.042601 0.029245 0.017817 0.0096581 0.009338 0.014885 0.020909 0.026284 0.030864 0.034686 0.037833 0.040405 0.04251 0.044251 0.045722 0.047003 0.048153 0.0492 0.050145 0.050951 0.051553 0.051862 0.051782 0.051242
0.22583 0.29701 0.47233 0.34287 0.23847 0.24147 0.32426 0.39678 0.47036 0.51548 0.51839 0.49086 0.42738 0.36094 0.30364 0.25621 0.21739 0.1856 0.15977 0.13832 0.11949 0.10214 0.085668 0.069894 0.054871 0.040787 0.027889 0.016505 0.0078129 0.0079378 0.014494 0.021167 0.027116 0.032265 0.036648 0.040333 0.043395 0.045914 0.047965 0.049619 0.050929 0.051932 0.052632 0.053006 0.05299 0.052479 0.051331 0.049365 0.046384
0.12951 0.23096 0.43642 0.35998 0.26051 0.17694 0.12669 0.19539 0.30515 0.36685 0.37143 0.34356 0.29109 0.24267 0.20762 0.18397 0.16657 0.15143 0.13736 0.12396 0.1108 0.097602 0.084339 0.071155 0.058348 0.046327 0.035615 0.026939 0.021394 0.020042 0.022381 0.026596 0.031333 0.035954 0.040191 0.043938 0.047166 0.049881 0.052105 0.053866 0.055187 0.056073 0.05651 0.056453 0.055817 0.054477 0.052255 0.048918 0.04417
0.20237 0.24855 0.16827 0.12261 0.2379 0.22107 0.19043 0.21843 0.26873 0.27798 0.25102 0.2079 0.15471 0.11516 0.10193 0.10742 0.11513 0.11777 0.11559 0.11034 0.10309 0.094417 0.084774 0.074588 0.064346 0.054596 0.045925 0.038941 0.034221 0.032109 0.032456 0.034622 0.03784 0.041502 0.045208 0.048719 0.051897 0.054665 0.056986 0.058839 0.060211 0.061085 0.06143 0.061193 0.060293 0.058617 0.056016 0.052314 0.047323
0.42535 0.51341 0.48708 0.33198 0.3439 0.396 0.41826 0.35609 0.29705 0.24351 0.19623 0.14948 0.091801 0.03365 0.01719 0.055546 0.080076 0.092904 0.097965 0.098423 0.095915 0.091275 0.085057 0.077788 0.070032 0.062378 0.055398 0.049605 0.045403 0.043018 0.042435 0.043393 0.045483 0.048276 0.051406 0.054594 0.057642 0.060416 0.062826 0.064811 0.066331 0.06735 0.06783 0.067729 0.066991 0.065555 0.063361 0.060383 0.056686
0.26549 0.31151 0.19476 0.20682 0.39274 0.48991 0.50533 0.3791 0.26332 0.20164 0.17934 0.16065 0.1259 0.089255 0.066617 0.065124 0.073597 0.081462 0.0865 0.089055 0.089405 0.087733 0.084315 0.079581 0.074066 0.068338 0.062928 0.058289 0.05476 0.052545 0.051691 0.052102 0.053559 0.055784 0.058492 0.061427 0.064382 0.067193 0.069742 0.071943 0.073734 0.075071 0.075922 0.07626 0.076072 0.075359 0.074162 0.072595 0.070912
0.31869 0.21503 0.32289 0.41395 0.48528 0.5221 0.46795 0.26501 0.09778 0.10448 0.15449 0.17027 0.15363 0.12573 0.10076 0.084957 0.078404 0.077684 0.079611 0.082059 0.083667 0.083791 0.082346 0.079605 0.076022 0.072087 0.068256 0.064904 0.062317 0.060674 0.060053 0.060434 0.06171 0.063711 0.066235 0.069076 0.072046 0.074982 0.077758 0.080276 0.082467 0.084283 0.0857 0.086714 0.087348 0.087659 0.087759 0.087849 0.088254
0.10912 0.13947 0.28122 0.45509 0.57019 0.59427 0.52195 0.30831 0.15135 0.12984 0.15972 0.1709 0.15348 0.12545 0.10007 0.083096 0.074898 0.072841 0.074096 0.076476 0.07849 0.079417 0.079121 0.077818 0.075869 0.073644 0.071467 0.069595 0.068232 0.067518 0.067533 0.068299 0.069777 0.071878 0.074472 0.077409 0.080538 0.083716 0.086823 0.089763 0.092465 0.094886 0.09701 0.098851 0.10046 0.10192 0.1034 0.10512 0.10743
0.20162 0.23209 0.3708 0.51425 0.63062 0.67258 0.61908 0.42357 0.27906 0.20834 0.18176 0.1627 0.12934 0.093891 0.068945 0.059965 0.061344 0.065223 0.068769 0.071533 0.073379 0.074312 0.074502 0.074223 0.073737 0.073237 0.072848 0.072667 0.072786 0.07329 0.074255 0.075725 0.077712 0.080187 0.083083 0.086307 0.089747 0.09329 0.096834 0.10029 0.10359 0.10671 0.10962 0.11237 0.115 0.11763 0.12043 0.12364 0.12758
0.16142 0.14626 0.25642 0.45899 0.61024 0.63741 0.55569 0.36303 0.26033 0.22219 0.19109 0.15244 0.10068 0.050411 0.017231 0.031757 0.049583 0.05967 0.064554 0.066716 0.067556 0.067876 0.068197 0.068833 0.069881 0.071271 0.072869 0.074575 0.07637 0.078294 0.080418 0.082814 0.085532 0.088595 0.091989 0.095666 0.099559 0.10358 0.10766 0.11171 0.11569 0.11955 0.1233 0.12696 0.1306 0.13434 0.13835 0.14285 0.14813
0.11739 0.070373 0.34213 0.52344 0.58099 0.54822 0.39069 0.15221 0.17474 0.23252 0.22151 0.17758 0.1188 0.06843 0.041429 0.044158 0.054235 0.059916 0.061467 0.060942 0.059882 0.059334 0.059927 0.061835 0.064815 0.068414 0.072204 0.07592 0.079473 0.082894 0.086273 0.089712 0.0933 0.097098 0.10113 0.1054 0.10987 0.11448 0.11917 0.12389 0.12858 0.13321 0.1378 0.14235 0.14695 0.1517 0.15676 0.16233 0.16868
0.55608 0.574 0.53612 0.4894 0.56646 0.557 0.40682 0.18975 0.24217 0.30597 0.29188 0.2419 0.17784 0.12562 0.092078 0.075026 0.06719 0.061904 0.056865 0.052266 0.049005 0.048041 0.049818 0.053956 0.059549 0.065687 0.071744 0.077413 0.082633 0.08748 0.092085 0.096584 0.1011 0.10571 0.11049 0.11545 0.12059 0.12587 0.13125 0.13667 0.14211 0.14753 0.15292 0.15833 0.1638 0.16944 0.17538 0.18181 0.18895
0.29606 0.35727 0.20522 0.41604 0.64968 0.73026 0.70682 0.5512 0.47464 0.43337 0.37466 0.30562 0.22994 0.16885 0.12505 0.095021 0.074408 0.059292 0.047549 0.038746 0.033851 0.034179 0.039264 0.047072 0.055815 0.06445 0.072482 0.079764 0.086354 0.092404 0.098091 0.10358 0.109 0.11447 0.12004 0.12577 0.13165 0.13766 0.14378 0.14995 0.15615 0.16234 0.16852 0.17471 0.18096 0.18735 0.19401 0.20108 0.20876
0.23688 0.46691 0.69785 0.69499 0.76671 0.87334 0.94842 0.81258 0.6648 0.53641 0.42815 0.33948 0.25587 0.18989 0.1402 0.10254 0.073803 0.051474 0.033729 0.020028 0.014466 0.021402 0.032812 0.044609 0.055796 0.066037 0.07525 0.083512 0.090998 0.097916 0.10446 0.11081 0.11708 0.12339 0.12979 0.13632 0.143 0.1498 0.15669 0.16364 0.1706 0.17754 0.18446 0.19137 0.19829 0.20531 0.21251 0.22003 0.22801
0.27243 0.119 0.25149 0.47581 0.65193 0.83897 0.9936 0.89139 0.72294 0.55715 0.42812 0.3372 0.25886 0.19703 0.14778 0.10751 0.074822 0.048707 0.028019 0.012655 0.012421 0.024509 0.037377 0.049573 0.060832 0.071088 0.080386 0.088861 0.096706 0.10412 0.11129 0.11834 0.12538 0.1325 0.13973 0.1471 0.15461 0.16223 0.16993 0.17767 0.18539 0.19306 0.20067 0.20821 0.21571 0.22322 0.23081 0.23859 0.24665
0.17013 0.097492 0.084499 0.21167 0.45883 0.70479 0.89095 0.81135 0.64855 0.48778 0.37435 0.30667 0.2507 0.20322 0.16087 0.12281 0.090493 0.065293 0.048001 0.039106 0.038467 0.043764 0.051942 0.061088 0.070294 0.079172 0.087608 0.095638 0.10338 0.11098 0.11855 0.12617 0.13391 0.14181 0.14988 0.1581 0.16647 0.17495 0.18347 0.19199 0.20046 0.20883 0.21708 0.22519 0.23317 0.24105 0.24889 0.25676 0.26472
0.18668 0.17446 0.28791 0.31218 0.4227 0.59929 0.73288 0.64011 0.48207 0.34443 0.27443 0.25588 0.23872 0.21408 0.18346 0.15069 0.12045 0.096127 0.079278 0.06962 0.065922 0.066675 0.070388 0.075856 0.08226 0.089116 0.096184 0.10339 0.11076 0.11833 0.12617 0.13428 0.14267 0.15133 0.16024 0.16934 0.17859 0.18793 0.19729 0.20661 0.21581 0.22485 0.23368 0.24228 0.25065 0.2588 0.26676 0.27458 0.28228
0.29444 0.40303 0.25826 0.2458 0.42663 0.53251 0.58369 0.46357 0.29501 0.15682 0.14462 0.19936 0.22821 0.22833 0.21049 0.18354 0.15496 0.12994 0.11118 0.09881 0.091734 0.088741 0.088778 0.090993 0.094745 0.099582 0.10523 0.11154 0.11846 0.12596 0.13402 0.1426 0.15164 0.16107 0.17083 0.18083 0.19099 0.20121 0.21141 0.22151 0.23142 0.24109 0.25046 0.25949 0.26817 0.2765 0.28447 0.29212 0.29944
0.75784 0.75112 0.54363 0.42149 0.45875 0.48016 0.49213 0.38436 0.23328 0.08134 0.087183 0.17995 0.23096 0.24544 0.23632 0.21364 0.186 0.15979 0.13874 0.12362 0.11358 0.1076 0.10481 0.10452 0.10619 0.10942 0.11393 0.11954 0.12614 0.13365 0.14199 0.15108 0.1608 0.17104 0.18168 0.1926 0.20368 0.2148 0.22585 0.23672 0.24732 0.25758 0.26743 0.27684 0.28576 0.29418 0.30209 0.30948 0.31634
0.87718 0.9608 0.80755 0.52147 0.40044 0.38428 0.42124 0.37614 0.29703 0.21742 0.19019 0.22201 0.25365 0.26503 0.25726 0.23604 0.2087 0.18155 0.15884 0.14172 0.1296 0.12161 0.11698 0.11511 0.11551 0.1178 0.12167 0.12695 0.13349 0.14121 0.14998 0.15967 0.17015 0.18126 0.19283 0.2047 0.21672 0.22875 0.24063 0.25226 0.26352 0.27434 0.28464 0.29436 0.30347 0.31192 0.31971 0.32678 0.33311
0.59901 0.41605 0.34166 0.28211 0.17242 0.20611 0.29884 0.32202 0.31534 0.29249 0.27459 0.27893 0.28407 0.28236 0.26995 0.24771 0.22028 0.19289 0.16956 0.15159 0.13855 0.12971 0.12439 0.12202 0.12209 0.12421 0.12807 0.13349 0.14034 0.14853 0.15792 0.16838 0.17972 0.19177 0.20432 0.21718 0.23016 0.24308 0.2558 0.26816 0.28006 0.2914 0.3021 0.3121 0.32134 0.32979 0.3374 0.34413 0.34992
0.28533 0.20017 0.15125 0.19518 0.065297 0.067752 0.15374 0.20796 0.26514 0.30103 0.31129 0.3141 0.30398 0.28966 0.27094 0.24683 0.2196 0.1929 0.17013 0.15254 0.13984 0.13144 0.12667 0.12494 0.12569 0.12848 0.133 0.13908 0.14664 0.15559 0.16583 0.17722 0.18956 0.20263 0.21622 0.23009 0.24404 0.25786 0.27139 0.28447 0.29697 0.30879 0.31986 0.33009 0.33943 0.34784 0.35527 0.36165 0.3669
0.090281 0.17492 0.24853 0.1769 0.089444 0.035549 0.026397 0.10217 0.2059 0.27891 0.31123 0.3193 0.30315 0.28114 0.25804 0.23307 0.20693 0.18191 0.16076 0.1447 0.13359 0.12692 0.124 0.12408 0.1265 0.13075 0.13656 0.14379 0.15244 0.16246 0.17379 0.18627 0.19973 0.21391 0.22859 0.2435 0.25842 0.27313 0.28745 0.30121 0.31428 0.32655 0.33794 0.34837 0.3578 0.36615 0.37338 0.37943 0.38419
0.10404 0.19691 0.25108 0.14699 0.098922 0.079438 0.098335 0.13169 0.19787 0.25885 0.29138 0.29947 0.28081 0.2559 0.23179 0.2079 0.18392 0.16129 0.14248 0.12885 0.1205 0.11689 0.11709 0.12008 0.12503 0.13143 0.13904 0.14785 0.15792 0.16928 0.1819 0.19565 0.21033 0.22571 0.24151 0.25747 0.27335 0.28893 0.304 0.31841 0.33201 0.34469 0.35638 0.36699 0.37647 0.38476 0.39181 0.39755 0.40188
0.38437 0.29811 0.14703 0.072359 0.15043 0.17685 0.19555 0.19639 0.21606 0.24466 0.26216 0.26321 0.24235 0.21793 0.19593 0.1748 0.15346 0.13324 0.11689 0.1063 0.10184 0.10265 0.10721 0.11403 0.12216 0.13115 0.14093 0.15161 0.16335 0.17627 0.19036 0.2055 0.2215 0.2381 0.25505 0.27206 0.28889 0.3053 0.32109 0.33609 0.35018 0.36324 0.37518 0.38595 0.39548 0.40372 0.41061 0.41609 0.42005
0.41464 0.30513 0.16921 0.15043 0.21109 0.22937 0.22916 0.21303 0.21761 0.22733 0.22878 0.21953 0.19639 0.17468 0.1568 0.13896 0.11957 0.10059 0.085936 0.07872 0.079532 0.08631 0.096245 0.10742 0.11896 0.1307 0.14278 0.15548 0.16906 0.18368 0.19935 0.21597 0.23334 0.2512 0.26929 0.28733 0.30506 0.32226 0.33872 0.35428 0.3688 0.3822 0.39437 0.40527 0.41484 0.42303 0.42979 0.43507 0.43876
0.42032 0.18495 0.2306 0.29894 0.26643 0.22042 0.19195 0.18608 0.2019 0.20756 0.19671 0.17697 0.1522 0.13501 0.12232 0.10719 0.087812 0.067297 0.051822 0.048181 0.056761 0.07113 0.086751 0.10201 0.11665 0.1309 0.14519 0.15992 0.17539 0.19178 0.2091 0.22724 0.24599 0.2651 0.28431 0.30333 0.32191 0.33983 0.3569 0.37296 0.38788 0.40157 0.41394 0.42496 0.43456 0.44272 0.44938 0.45451 0.45801
0.56561 0.50532 0.45572 0.38318 0.27678 0.15784 0.10198 0.14434 0.18596 0.19215 0.17033 0.14068 0.11609 0.10626 0.1002 0.087738 0.067293 0.042229 0.018528 0.019301 0.040628 0.062003 0.081586 0.099507 0.11629 0.13251 0.14873 0.16536 0.18269 0.20085 0.21981 0.23946 0.25957 0.27989 0.30015 0.32008 0.33945 0.35803 0.37565 0.39214 0.4074 0.42133 0.43388 0.44498 0.45462 0.46276 0.46936 0.4744 0.4778
0.35697 0.40948 0.43893 0.41195 0.28221 0.11868 0.032487 0.12916 0.18244 0.18256 0.14733 0.10757 0.087314 0.090763 0.094412 0.086909 0.068911 0.045658 0.025155 0.024989 0.043086 0.063359 0.082693 0.10095 0.11858 0.13607 0.15385 0.1722 0.19128 0.21114 0.23169 0.25278 0.27418 0.29562 0.31686 0.33763 0.35769 0.37685 0.39493 0.4118 0.42734 0.44147 0.45415 0.46533 0.475 0.48313 0.48971 0.49471 0.4981
0.1421 0.088505 0.27417 0.46005 0.33678 0.18623 0.1331 0.16152 0.19251 0.17418 0.12044 0.067296 0.061646 0.0876 0.10298 0.10212 0.089317 0.071877 0.057899 0.054001 0.060969 0.074123 0.089717 0.10634 0.12371 0.14186 0.16087 0.18073 0.20143 0.22286 0.24489 0.26732 0.28989 0.31236 0.33446 0.35596 0.37663 0.39627 0.41474 0.4319 0.44766 0.46195 0.47473 0.48597 0.49566 0.5038 0.51038 0.5154 0.51883
0.11163 0.33555 0.52249 0.54265 0.36172 0.21503 0.2006 0.21153 0.21146 0.16812 0.094174 0.014887 0.054446 0.099762 0.12259 0.12628 0.1169 0.10204 0.088861 0.081885 0.082409 0.089239 0.10047 0.11477 0.13141 0.14993 0.16995 0.19117 0.21332 0.23619 0.25955 0.28316 0.30677 0.33012 0.35297 0.37507 0.39623 0.41627 0.43504 0.45242 0.46834 0.48273 0.49557 0.50684 0.51655 0.5247 0.53131 0.53639 0.53994
0.55753 0.64285 0.78075 0.58113 0.2867 0.14468 0.24089 0.2685 0.2461 0.18574 0.11151 0.069051 0.094567 0.1306 0.1512 0.15463 0.14531 0.13007 0.11552 0.10569 0.10206 0.10461 0.11259 0.12509 0.14124 0.16019 0.1812 0.20366 0.22711 0.25123 0.27574 0.30036 0.32484 0.34892 0.37236 0.39494 0.41648 0.4368 0.45578 0.4733 0.48931 0.50376 0.51662 0.5279 0.53762 0.54578 0.55244 0.55761 0.56133
0.47133 0.59177 0.84608 0.60612 0.23017 0.11384 0.31398 0.35062 0.31475 0.24954 0.18734 0.15749 0.15971 0.17543 0.1858 0.1839 0.17123 0.15333 0.13631 0.12393 0.11769 0.11796 0.12444 0.13638 0.15279 0.17254 0.19464 0.21827 0.24287 0.26805 0.2935 0.31893 0.34409 0.36872 0.39261 0.41553 0.43732 0.45781 0.4769 0.49449 0.51053 0.52497 0.53782 0.54909 0.55879 0.56698 0.5737 0.57899 0.58291
0.048635 0.3748 0.84384 0.7172 0.42367 0.33598 0.45922 0.46733 0.41506 0.34337 0.28164 0.24697 0.22938 0.22504 0.2216 0.21074 0.19201 0.16984 0.14983 0.13548 0.12819 0.12826 0.13526 0.14821 0.16587 0.18694 0.21028 0.23504 0.26063 0.28666 0.31283 0.33885 0.36449 0.38949 0.41365 0.43677 0.45869 0.47925 0.49836 0.51594 0.53193 0.54632 0.55912 0.57034 0.58002 0.58822 0.595 0.60043 0.60458
0.47605 0.52916 0.81642 0.87325 0.71331 0.60951 0.64368 0.59149 0.51403 0.43158 0.36491 0.32382 0.29154 0.27064 0.25313 0.23155 0.20511 0.17777 0.15483 0.13959 0.13317 0.13539 0.14508 0.16066 0.18057 0.20343 0.22815 0.25397 0.28037 0.30702 0.33367 0.36007 0.38597 0.41117 0.43544 0.45861 0.48052 0.50105 0.52008 0.53756 0.55345 0.56774 0.58043 0.59158 0.60122 0.60942 0.61627 0.62184 0.62624
0.41706 0.25186 0.67522 0.97594 0.93436 0.82056 0.7843 0.67044 0.57065 0.48355 0.41822 0.37753 0.33824 0.3057 0.27567 0.24305 0.20822 0.17552 0.15035 0.13598 0.13305 0.14012 0.15465 0.17426 0.19717 0.22214 0.24828 0.27502 0.30203 0.32907 0.35596 0.3825 0.40846 0.43366 0.45788 0.48096 0.50275 0.52312 0.54199 0.5593 0.57502 0.58915 0.60171 0.61274 0.62232 0.63051 0.63741 0.64313 0.64778
0.45653 0.33272 0.68644 0.99785 0.99631 0.88291 0.80618 0.6603 0.55769 0.48257 0.43288 0.40374 0.36597 0.32672 0.28618 0.24295 0.19966 0.16189 0.13585 0.1252 0.12935 0.14419 0.1653 0.1898 0.21609 0.24322 0.27068 0.29815 0.32552 0.3527 0.37959 0.40603 0.43186 0.45687 0.48088 0.50373 0.52527 0.5454 0.56402 0.58108 0.59657 0.61049 0.62287 0.63377 0.64325 0.65142 0.65837 0.66422 0.66911
0.20669 0.41972 0.79494 0.92857 0.89937 0.7893 0.69586 0.55436 0.47285 0.42912 0.41174 0.40532 0.37592 0.33347 0.28396 0.23054 0.17875 0.1362 0.11145 0.10935 0.12522 0.15021 0.1787 0.20821 0.23772 0.26682 0.29533 0.32327 0.35072 0.37777 0.40441 0.43055 0.45604 0.48069 0.50434 0.52683 0.54802 0.56779 0.58607 0.60282 0.61802 0.63168 0.64384 0.65457 0.66394 0.67206 0.67904 0.68502 0.69014
0.27987 0.40804 0.71625 0.76868 0.72335 0.61637 0.51082 0.38777 0.33711 0.33902 0.36806 0.39136 0.37327 0.329 0.27123 0.20768 0.14662 0.098476 0.078846 0.093985 0.12577 0.16126 0.19644 0.23024 0.2624 0.29298 0.32217 0.35023 0.37748 0.40414 0.43029 0.45591 0.48087 0.50501 0.52816 0.55016 0.57088 0.59022 0.60809 0.62446 0.63931 0.65267 0.66457 0.6751 0.68433 0.69237 0.69936 0.70544 0.71078
0.35488 0.35473 0.48852 0.57454 0.55613 0.46068 0.34309 0.2214 0.18217 0.23917 0.32218 0.3744 0.36605 0.31969 0.25416 0.18071 0.1088 0.049989 0.046864 0.090679 0.13671 0.17983 0.21966 0.25638 0.29028 0.3217 0.35108 0.37889 0.40561 0.43161 0.45706 0.48196 0.50622 0.52969 0.55221 0.57362 0.59378 0.61259 0.62998 0.64591 0.66036 0.67337 0.68498 0.69527 0.70433 0.71229 0.71926 0.72542 0.73094
0.23554 0.10335 0.22801 0.39309 0.42231 0.35527 0.25192 0.13126 0.035029 0.1702 0.29625 0.36701 0.3639 0.31522 0.24404 0.16405 0.085492 0.02046 0.055436 0.11066 0.16109 0.20698 0.24876 0.28676 0.32132 0.35284 0.38187 0.40903 0.43493 0.46001 0.48453 0.50853 0.53194 0.55461 0.57638 0.59709 0.61661 0.63483 0.65167 0.6671 0.68111 0.69373 0.70502 0.71504 0.72391 0.73174 0.73868 0.74489 0.75056
0.20811 0.15695 0.14377 0.25171 0.30993 0.26661 0.20319 0.15038 0.09443 0.18233 0.30583 0.37915 0.37666 0.32703 0.25524 0.17794 0.11193 0.083634 0.10736 0.15147 0.19788 0.24228 0.2835 0.32117 0.3553 0.38617 0.41433 0.44044 0.4652 0.48913 0.51253 0.53547 0.55789 0.57964 0.60056 0.62049 0.63929 0.65684 0.67308 0.68797 0.7015 0.71369 0.72461 0.73434 0.74299 0.75067 0.75755 0.76379 0.76958
0.081311 0.14702 0.097303 0.16576 0.22446 0.17066 0.14282 0.19801 0.20979 0.26183 0.35344 0.41686 0.41181 0.36337 0.29616 0.22831 0.17758 0.15887 0.17264 0.20496 0.24412 0.28439 0.32314 0.35912 0.39185 0.42138 0.44815 0.47285 0.49619 0.51876 0.54087 0.56261 0.58392 0.60465 0.62464 0.64371 0.66172 0.67856 0.69415 0.70844 0.72145 0.73319 0.74372 0.75313 0.76153 0.76904 0.77582 0.78205 0.78793
0.17436 0.12371 0.030845 0.14284 0.18467 0.09396 0.10442 0.26161 0.326 0.37131 0.43332 0.48152 0.47145 0.4246 0.36306 0.30304 0.25878 0.23898 0.24365 0.26564 0.29686 0.33169 0.36672 0.39998 0.43052 0.4581 0.48304 0.50598 0.52767 0.54869 0.56936 0.58978 0.60988 0.62951 0.64849 0.66665 0.68382 0.69989 0.71479 0.72846 0.74091 0.75217 0.76228 0.77135 0.77947 0.78679 0.79345 0.79964 0.80556
0.22005 0.18438 0.13337 0.17989 0.20774 0.15503 0.20724 0.36481 0.45564 0.49872 0.53745 0.56928 0.55151 0.50431 0.44609 0.38954 0.34569 0.32118 0.31732 0.33018 0.35368 0.3826 0.41319 0.44303 0.47076 0.49591 0.51865 0.53957 0.55939 0.5787 0.59782 0.61683 0.63565 0.65411 0.67203 0.68922 0.70551 0.72078 0.73495 0.74797 0.75984 0.77058 0.78026 0.78896 0.79679 0.80388 0.81039 0.81652 0.82245
0.26875 0.16616 0.18858 0.26004 0.28987 0.30266 0.38964 0.51245 0.60104 0.63635 0.65546 0.67149 0.64371 0.59342 0.53564 0.47936 0.43316 0.40297 0.39139 0.39626 0.41264 0.43567 0.46153 0.48752 0.51203 0.53438 0.55463 0.57331 0.59111 0.60859 0.62607 0.6436 0.66108 0.67833 0.69515 0.71133 0.7267 0.74115 0.75456 0.76691 0.77818 0.78839 0.79761 0.80592 0.81343 0.82028 0.82662 0.83264 0.83854
0.24824 0.058646 0.25974 0.36251 0.40061 0.47136 0.59748 0.6849 0.75102 0.77166 0.77404 0.77643 0.73794 0.68287 0.62387 0.56658 0.5175 0.48211 0.46401 0.46212 0.47218 0.48966 0.51077 0.53272 0.55376 0.57308 0.59064 0.60692 0.62258 0.63816 0.65394 0.66994 0.68605 0.70206 0.71775 0.7329 0.74734 0.76093 0.77358 0.78523 0.79588 0.80555 0.8143 0.8222 0.82938 0.83597 0.84211 0.848 0.85383
0.28368 0.29934 0.41203 0.42989 0.49868 0.63191 0.79366 0.84798 0.88364 0.88787 0.8785 0.87152 0.82407 0.76452 0.70447 0.64673 0.59583 0.5567 0.53362 0.52633 0.53103 0.54348 0.56004 0.57795 0.59542 0.61158 0.62634 0.64013 0.6536 0.66723 0.68127 0.69574 0.71045 0.72521 0.73975 0.75387 0.76736 0.78009 0.79195 0.8029 0.81292 0.82203 0.83029 0.83778 0.84461 0.85091 0.85683 0.86256 0.86829
0.28893 0.42885 0.44132 0.3823 0.56275 0.75722 0.93864 0.96343 0.97333 0.96805 0.9555 0.94545 0.89312 0.83158 0.77256 0.71652 0.666 0.62522 0.599 0.58777 0.58814 0.59622 0.60857 0.62258 0.63651 0.64948 0.66141 0.67269 0.68394 0.69561 0.70793 0.72085 0.73418 0.74768 0.76108 0.77415 0.78669 0.79856 0.80963 0.81987 0.82926 0.8378 0.84557 0.85263 0.8591 0.8651 0.87078 0.87632 0.88191
0.26362 0.37362 0.21194 0.28356 0.61227 0.82411 0.99759 0.99947 0.99932 0.99979 0.99547 0.98961 0.93807 0.87893 0.82467 0.77373 0.72658 0.68668 0.65929 0.64559 0.6427 0.64711 0.6557 0.66605 0.67656 0.68642 0.69555 0.70435 0.71341 0.72316 0.73377 0.74517 0.75713 0.76939 0.78166 0.7937 0.8053 0.8163 0.82659 0.83612 0.84487 0.85285 0.86011 0.86674 0.87283 0.87852 0.88393 0.88926 0.89468
0.32444 0.43677 0.39836 0.43918 0.6583 0.81425 0.95038 0.93978 0.95277 0.97879 0.99408 0.99894 0.95447 0.9034 0.85888 0.81728 0.77694 0.74054 0.71394 0.69921 0.69409 0.69555 0.70086 0.70788 0.71518 0.72207 0.7285 0.7349 0.74184 0.74972 0.75868 0.7686 0.77924 0.79028 0.80144 0.81246 0.82313 0.83327 0.84279 0.85161 0.85972 0.86714 0.8739 0.88009 0.8858 0.89116 0.8963 0.90139 0.90662
0.45767 0.61016 0.76588 0.64385 0.65956 0.72135 0.79925 0.78838 0.84057 0.9102 0.95239 0.97199 0.94052 0.90395 0.87491 0.84725 0.81718 0.78677 0.76274 0.74825 0.74184 0.74106 0.7436 0.74765 0.75202 0.75613 0.76002 0.76415 0.76908 0.77518 0.78256 0.79106 0.80041 0.81028 0.82037 0.8304 0.84015 0.84945 0.8582 0.86633 0.87381 0.88067 0.88693 0.89268 0.89801 0.90302 0.90787 0.91271 0.91771
0.26332 0.63928 0.88435 0.69273 0.58867 0.56773 0.57221 0.56929 0.68532 0.80717 0.87565 0.91045 0.89714 0.88177 0.87415 0.86487 0.84809 0.82576 0.80575 0.79255 0.78566 0.78327 0.78354 0.78503 0.78677 0.78836 0.78992 0.79194 0.79499 0.79943 0.80531 0.81247 0.8206 0.82934 0.83839 0.84746 0.85632 0.86481 0.87281 0.88026 0.88713 0.89342 0.89919 0.9045 0.90944 0.91411 0.91866 0.92323 0.92798
0.40347 0.60599 0.8148 0.62462 0.49186 0.41878 0.32605 0.32257 0.52216 0.68665 0.77114 0.81836 0.82778 0.84032 0.85963 0.87234 0.87108 0.85822 0.84322 0.8321 0.82537 0.82192 0.8204 0.81973 0.8192 0.81855 0.81803 0.81814 0.81947 0.82237 0.82688 0.83278 0.83975 0.84743 0.85548 0.86363 0.87163 0.87933 0.8866 0.89338 0.89965 0.9054 0.91068 0.91556 0.92011 0.92444 0.92867 0.93296 0.93744
0.47098 0.51475 0.66965 0.5262 0.43574 0.36478 0.19547 0.11731 0.39132 0.56334 0.64599 0.70149 0.73851 0.78537 0.8359 0.87272 0.88793 0.88512 0.87558 0.86698 0.86088 0.85683 0.85397 0.85155 0.84911 0.84655 0.8442 0.84263 0.84243 0.84395 0.84719 0.85193 0.85782 0.8645 0.87161 0.87887 0.88606 0.89299 0.89956 0.9057 0.91138 0.9166 0.92141 0.92585 0.93002 0.934 0.93792 0.94191 0.94611
0.21088 0.32244 0.44352 0.39195 0.40826 0.40545 0.29749 0.16573 0.31723 0.44385 0.50556 0.56722 0.63844 0.72509 0.80869 0.86952 0.90064 0.90749 0.90332 0.89738 0.89217 0.8879 0.8841 0.88034 0.87637 0.87223 0.86835 0.86534 0.86381 0.8641 0.86621 0.86989 0.87479 0.88053 0.88676 0.89318 0.89959 0.90579 0.91169 0.91721 0.92232 0.92703 0.93137 0.9354 0.93918 0.94282 0.94642 0.9501 0.95401
0.12085 0.19842 0.17901 0.2176 0.36953 0.45652 0.41622 0.27634 0.27942 0.32515 0.35337 0.42628 0.54117 0.66984 0.78434 0.86629 0.91112 0.92633 0.92693 0.92348 0.9193 0.91508 0.91071 0.906 0.90087 0.89551 0.8904 0.88621 0.88356 0.88279 0.8839 0.88664 0.89063 0.8955 0.90091 0.90655 0.91221 0.91773 0.92298 0.9279 0.93247 0.93669 0.94058 0.9442 0.94762 0.95091 0.95419 0.95757 0.96117
0.29448 0.27214 0.16528 0.10763 0.33622 0.48234 0.47599 0.32239 0.2364 0.20062 0.19318 0.29997 0.46661 0.63114 0.76884 0.86613 0.92101 0.94249 0.94685 0.94551 0.94234 0.93837 0.93375 0.92846 0.92257 0.91634 0.91032 0.90521 0.90165 0.9 0.90026 0.90216 0.90534 0.90942 0.91406 0.91897 0.92393 0.92879 0.93343 0.93779 0.94184 0.94559 0.94905 0.95227 0.95533 0.95829 0.96125 0.96432 0.96761
0.46563 0.3689 0.18945 0.16596 0.34541 0.49016 0.48764 0.31941 0.18505 0.086941 0.055946 0.24029 0.43842 0.61859 0.76646 0.87116 0.93141 0.95661 0.96342 0.96363 0.96136 0.9578 0.95323 0.94773 0.94146 0.93471 0.92809 0.92233 0.91809 0.91573 0.91527 0.91645 0.9189 0.92227 0.9262 0.93043 0.93475 0.93899 0.94306 0.94688 0.95045 0.95374 0.95679 0.95964 0.96234 0.96498 0.96762 0.97038 0.97336
0.45105 0.36714 0.019415 0.26042 0.39711 0.50322 0.49569 0.32869 0.20127 0.15047 0.16989 0.2969 0.46771 0.63565 0.77869 0.88218 0.94284 0.96901 0.97686 0.978 0.97647 0.97343 0.96919 0.96384 0.95754 0.95064 0.94373 0.93758 0.93287 0.92998 0.92894 0.92951 0.93133 0.93405 0.93735 0.94095 0.94467 0.94834 0.95186 0.95519 0.95829 0.96115 0.96381 0.9663 0.96868 0.971 0.97334 0.97579 0.97845
0.51186 0.46174 0.25399 0.38718 0.47907 0.548 0.55124 0.41391 0.32673 0.31261 0.33747 0.41929 0.54075 0.67784 0.80396 0.89867 0.95519 0.97974 0.98728 0.98874 0.98777 0.98536 0.9817 0.97684 0.97088 0.96416 0.95728 0.95099 0.94602 0.94277 0.94128 0.94135 0.94263 0.94479 0.94751 0.95054 0.9537 0.95684 0.95986 0.96272 0.96539 0.96785 0.97015 0.9723 0.97435 0.97637 0.97841 0.98057 0.98291
0.60203 0.6349 0.55279 0.55018 0.58591 0.63149 0.66231 0.5605 0.49416 0.48037 0.49749 0.55438 0.63415 0.7358 0.83839 0.91903 0.96784 0.98861 0.99467 0.99589 0.99535 0.99368 0.99087 0.98682 0.98156 0.97535 0.96878 0.9626 0.95757 0.95412 0.95233 0.952 0.95282 0.95448 0.95669 0.95921 0.96186 0.96451 0.96707 0.96949 0.97176 0.97385 0.9758 0.97763 0.97939 0.98112 0.98288 0.98475 0.98678
0.65317 0.76555 0.79836 0.71226 0.69228 0.72708 0.79011 0.71562 0.65628 0.63292 0.63962 0.68089 0.73004 0.79961 0.87715 0.94101 0.9798 0.99525 0.99893 0.99952 0.99931 0.99851 0.99681 0.9939 0.98968 0.9843 0.97831 0.97248 0.96758 0.96409 0.9621 0.96147 0.96192 0.96316 0.96492 0.96697 0.96916 0.97137 0.9735 0.97553 0.97742 0.97917 0.9808 0.98234 0.98381 0.98527 0.98676 0.98835 0.99008
0.56323 0.72804 0.88197 0.80207 0.75221 0.79413 0.89002 0.83902 0.78596 0.75625 0.75647 0.78931 0.81754 0.86117 0.91548 0.96215 0.9899 0.99916 0.99993 0.99963 0.99976 1 0.99967 0.99823 0.99536 0.99111 0.98597 0.9807 0.97611 0.9727 0.97064 0.9698 0.96996 0.97084 0.9722 0.97385 0.97563 0.97743 0.97918 0.98084 0.98239 0.98383 0.98517 0.98643 0.98765 0.98885 0.99009 0.99141 0.99285
0.29971 0.47419 0.76266 0.76274 0.72919 0.80327 0.93279 0.90691 0.86663 0.84085 0.84315 0.87485 0.89044 0.91477 0.94943 0.98014 0.99698 0.99983 0.99749 0.99626 0.99681 0.99829 0.99963 0.99996 0.99874 0.9959 0.99184 0.98733 0.9832 0.98001 0.97798 0.97703 0.97696 0.97755 0.97858 0.97986 0.98127 0.98271 0.98412 0.98545 0.9867 0.98785 0.98892 0.98994 0.99091 0.99188 0.99288 0.99395 0.99512
0.13686 0.12741 0.54675 0.59355 0.6207 0.74743 0.90744 0.90915 0.89066 0.88241 0.8977 0.93549 0.94549 0.95671 0.976 0.99307 0.99998 0.99677 0.99147 0.98942 0.99059 0.99357 0.99686 0.99926 0.99999 0.9988 0.99604 0.99246 0.98894 0.98609 0.98417 0.98318 0.98296 0.98332 0.98406 0.98503 0.98612 0.98725 0.98834 0.98938 0.99036 0.99126 0.99209 0.99288 0.99364 0.9944 0.99518 0.99601 0.99692
0.25785 0.14388 0.37687 0.34703 0.46113 0.64011 0.81855 0.84688 0.8587 0.88211 0.9212 0.97131 0.98144 0.98494 0.9932 0.99948 0.99804 0.98958 0.98174 0.97917 0.98124 0.98601 0.99157 0.99634 0.99928 0.99997 0.99869 0.99619 0.99339 0.99097 0.98926 0.98831 0.988 0.98817 0.98868 0.98939 0.9902 0.99105 0.99188 0.99266 0.99339 0.99407 0.99469 0.99528 0.99584 0.99641 0.99699 0.99762 0.99828
0.4103 0.31606 0.32613 0.10562 0.30521 0.50595 0.68125 0.72967 0.77854 0.84622 0.91747 0.984 0.99838 0.99863 0.99992 0.99844 0.99056 0.97795 0.96823 0.96559 0.96893 0.97584 0.98397 0.99139 0.99677 0.99953 0.9999 0.99861 0.99664 0.99474 0.9933 0.99244 0.99209 0.99214 0.99247 0.99296 0.99354 0.99414 0.99474 0.9953 0.99583 0.9963 0.99674 0.99716 0.99756 0.99795 0.99836 0.99879 0.99922
0.5903 0.52044 0.41654 0.10609 0.19886 0.36982 0.5156 0.57236 0.664 0.78514 0.89226 0.97632 0.99737 0.99786 0.99578 0.98947 0.97719 0.96173 0.95095 0.94881 0.95386 0.96328 0.9743 0.98463 0.99266 0.99766 0.99979 0.99982 0.99876 0.99745 0.99635 0.99563 0.9953 0.99527 0.99545 0.99576 0.99615 0.99655 0.99696 0.99733 0.99768 0.99799 0.99828 0.99855 0.9988 0.99905 0.9993 0.99955 0.99979
0.74003 0.69847 0.51589 0.18889 0.14606 0.25164 0.34281 0.3922 0.53417 0.71206 0.85224 0.95158 0.9801 0.9834 0.98096 0.97251 0.95783 0.94089 0.92997 0.929 0.93625 0.94858 0.96281 0.97627 0.98714 0.99451 0.9985 0.99992 0.99983 0.99916 0.99844 0.99792 0.99764 0.99757 0.99766 0.99784 0.99807 0.99831 0.99855 0.99877 0.99898 0.99916 0.99932 0.99946 0.9996 0.99972 0.99984 0.99994 1
0.74034 0.76166 0.55403 0.21243 0.12403 0.17211 0.18921 0.2077 0.41459 0.64087 0.80373 0.91313 0.9486 0.95649 0.95612 0.94781 0.93258 0.91553 0.90546 0.90636 0.91637 0.93201 0.94974 0.96656 0.98039 0.99022 0.99615 0.999 0.99993 0.99994 0.99964 0.99935 0.99917 0.9991 0.99912 0.9992 0.99932 0.99944 0.99955 0.99965 0.99974 0.99982 0.99988 0.99993 0.99997 0.99999 1 0.99997 0.99988
0.68977 0.76132 0.57705 0.23483 0.13152 0.15766 0.12918 0.065242 0.33829 0.583 0.75163 0.86398 0.90507 0.91868 0.92221 0.91591 0.90172 0.88586 0.87763 0.88117 0.8945 0.91386 0.93536 0.9557 0.9726 0.98496 0.99285 0.99717 0.99914 0.99985 1 0.99997 0.99991 0.99988 0.99988 0.9999 0.99993 0.99996 0.99998 0.99999 1 1 0.99999 0.99997 0.99994 0.99989 0.99981 0.99968 0.99945
0.60257 0.70719 0.57831 0.25049 0.1538 0.19721 0.21162 0.16208 0.32931 0.54354 0.6986 0.80655 0.85172 0.87172 0.88043 0.8775 0.8657 0.85219 0.84679 0.85373 0.87095 0.89443 0.91994 0.94394 0.96397 0.97887 0.98873 0.99451 0.99753 0.99895 0.99956 0.99981 0.99991 0.99994 0.99995 0.99994 0.99992 0.9999 0.99986 0.99982 0.99977 0.99972 0.99966 0.9996 0.99952 0.99942 0.99928 0.99907 0.99874
0.45019 0.56649 0.50322 0.20818 0.16653 0.25262 0.31797 0.29441 0.36926 0.5192 0.64499 0.74269 0.79072 0.81744 0.83204 0.83341 0.82502 0.81493 0.81328 0.82439 0.84606 0.87402 0.90376 0.93149 0.95467 0.97209 0.9839 0.99111 0.99516 0.9973 0.99838 0.99893 0.99921 0.99933 0.99938 0.99937 0.99934 0.99928 0.99922 0.99915 0.99908 0.999 0.99893 0.99885 0.99875 0.99862 0.99844 0.99818 0.99776
0.30583 0.39778 0.38453 0.097482 0.17617 0.30727 0.40945 0.39962 0.41902 0.50067 0.58949 0.67381 0.72416 0.75769 0.77841 0.78453 0.78031 0.77453 0.77754 0.79355 0.82022 0.85298 0.88708 0.91859 0.94487 0.96476 0.97846 0.98707 0.99212 0.99495 0.99651 0.99737 0.99783 0.99807 0.99818 0.99821 0.99819 0.99814 0.99808 0.99801 0.99794 0.99787 0.9978 0.99773 0.99763 0.9975 0.99731 0.99701 0.99655
0.19756 0.28209 0.33487 0.084448 0.20954 0.35664 0.47919 0.47243 0.45399 0.47778 0.5301 0.60112 0.65406 0.69425 0.72081 0.73175 0.73219 0.73152 0.74003 0.76166 0.7938 0.83162 0.87017 0.90542 0.93474 0.95701 0.9725 0.98245 0.98846 0.99196 0.99399 0.99516 0.99583 0.9962 0.9964 0.99648 0.99651 0.99649 0.99646 0.99642 0.99639 0.99635 0.99631 0.99626 0.99619 0.99608 0.9959 0.9956 0.99511
0.079981 0.1999 0.37514 0.2316 0.26674 0.39824 0.52623 0.513 0.46446 0.44334 0.46525 0.52588 0.58237 0.62877 0.66046 0.67593 0.68132 0.68647 0.70128 0.7292 0.76723 0.81029 0.8533 0.89221 0.92443 0.94894 0.96613 0.97733 0.98424 0.98838 0.99086 0.99234 0.99323 0.99375 0.99406 0.99423 0.99432 0.99437 0.99439 0.99441 0.99443 0.99445 0.99447 0.99447 0.99445 0.99438 0.99424 0.99396 0.99347
0.051457 0.14095 0.42794 0.34116 0.32225 0.4299 0.55255 0.52507 0.44948 0.39435 0.39447 0.44964 0.51098 0.56276 0.59844 0.61787 0.62839 0.64001 0.66188 0.69668 0.74093 0.78933 0.83672 0.87913 0.91408 0.94067 0.95942 0.97177 0.97951 0.98426 0.98716 0.98895 0.99006 0.99075 0.99119 0.99146 0.99165 0.99178 0.99189 0.99199 0.9921 0.99219 0.99229 0.99237 0.99242 0.99242 0.99233 0.9921 0.99164
0.060539 0.19089 0.46154 0.3882 0.35762 0.45154 0.56315 0.51587 0.41387 0.33181 0.31862 0.37434 0.44168 0.49749 0.53566 0.5583 0.57406 0.5928 0.62247 0.66465 0.71535 0.76905 0.82067 0.86635 0.90381 0.93229 0.95245 0.96583 0.97434 0.97964 0.98294 0.98503 0.98636 0.98723 0.98782 0.98822 0.98853 0.98877 0.98899 0.98919 0.9894 0.9896 0.9898 0.98998 0.99012 0.99021 0.9902 0.99004 0.98964
0.15073 0.30184 0.46438 0.37353 0.37009 0.46668 0.56611 0.49624 0.36733 0.26029 0.23987 0.30235 0.37606 0.43393 0.47284 0.49788 0.51904 0.54559 0.58375 0.63372 0.69091 0.74977 0.80534 0.85402 0.89372 0.92388 0.94528 0.95958 0.96876 0.97456 0.97824 0.98061 0.98217 0.98323 0.98397 0.98453 0.98497 0.98535 0.9857 0.98603 0.98637 0.98669 0.98701 0.98731 0.98757 0.98776 0.98786 0.98779 0.98747
0.28895 0.40262 0.42694 0.31154 0.36848 0.48195 0.57152 0.47965 0.32434 0.18863 0.16131 0.23648 0.31547 0.37278 0.4105 0.43721 0.46409 0.49925 0.54651 0.60447 0.66806 0.73177 0.79095 0.84228 0.88392 0.9155 0.93796 0.95304 0.96281 0.96905 0.97307 0.97572 0.97751 0.97876 0.97968 0.9804 0.981 0.98154 0.98204 0.98253 0.98301 0.98348 0.98394 0.98438 0.98477 0.9851 0.98531 0.98537 0.98516
0.45946 0.47518 0.35304 0.22186 0.36667 0.50452 0.58857 0.47863 0.30188 0.1342 0.086848 0.1799 0.2608 0.31435 0.34897 0.37684 0.41008 0.45475 0.51161 0.57755 0.64719 0.71531 0.77764 0.83122 0.87447 0.90723 0.93055 0.94628 0.95654 0.96316 0.96749 0.97039 0.9724 0.97386 0.97497 0.97587 0.97665 0.97736 0.97804 0.9787 0.97935 0.97999 0.98061 0.9812 0.98175 0.98222 0.98259 0.98278 0.98271
0.58981 0.5174 0.27275 0.13824 0.37807 0.53895 0.62169 0.49904 0.31006 0.12483 0.024336 0.13593 0.21233 0.25866 0.28845 0.31742 0.35812 0.41329 0.47998 0.55355 0.62868 0.70061 0.76556 0.82093 0.86544 0.89909 0.92307 0.93931 0.94997 0.95692 0.96152 0.96466 0.96688 0.96855 0.96986 0.97096 0.97194 0.97285 0.97372 0.97457 0.9754 0.97622 0.97702 0.97779 0.97851 0.97916 0.97969 0.98005 0.98014
0.64003 0.54509 0.26882 0.15395 0.41137 0.58533 0.66856 0.53699 0.34288 0.15852 0.044403 0.10688 0.16963 0.20538 0.229 0.2598 0.30973 0.3763 0.45259 0.53306 0.61284 0.68784 0.75478 0.81147 0.85686 0.89113 0.91557 0.93217 0.94313 0.95034 0.95518 0.95854 0.96098 0.96286 0.96438 0.96569 0.96688 0.96801 0.96909 0.97014 0.97119 0.97221 0.97321 0.97417 0.97508 0.97591 0.97662 0.97717 0.97744
0.649 0.58304 0.36646 0.26389 0.46706 0.6397 0.72191 0.58242 0.38501 0.20261 0.087308 0.091171 0.13152 0.15395 0.1707 0.20549 0.26712 0.34547 0.43041 0.51656 0.59992 0.67711 0.74538 0.80286 0.84875 0.88336 0.90807 0.92489 0.93606 0.94347 0.94851 0.95207 0.95472 0.95681 0.95855 0.96009 0.96151 0.96286 0.96417 0.96545 0.96672 0.96796 0.96917 0.97034 0.97145 0.97249 0.97341 0.97416 0.97464
0.60739 0.60346 0.45846 0.3831 0.5376 0.69575 0.77305 0.62485 0.42325 0.23913 0.11695 0.082094 0.096395 0.10374 0.11396 0.15766 0.2335 0.32259 0.41427 0.50441 0.59006 0.66848 0.73737 0.79513 0.84114 0.87581 0.90057 0.91748 0.92876 0.93632 0.94152 0.94527 0.94812 0.95043 0.9524 0.95417 0.95584 0.95743 0.95898 0.96051 0.96201 0.96348 0.96492 0.96631 0.96765 0.9689 0.97005 0.97102 0.97173
0.46697 0.5459 0.46702 0.48238 0.61151 0.74676 0.81471 0.6568 0.45 0.262 0.13184 0.072118 0.063222 0.05443 0.061353 0.12348 0.21291 0.30926 0.40475 0.49683 0.58332 0.66196 0.73075 0.78826 0.834 0.86846 0.8931 0.90996 0.92127 0.92891 0.93424 0.93816 0.94121 0.94373 0.94594 0.94796 0.94988 0.95173 0.95355 0.95533 0.95708 0.9588 0.96047 0.96211 0.96368 0.96517 0.96655 0.96777 0.96873
0.32889 0.3978 0.3827 0.55621 0.67796 0.78724 0.84261 0.67475 0.46267 0.27042 0.13301 0.057582 0.03606 0.015021 0.036646 0.11501 0.20875 0.30639 0.40207 0.49379 0.57963 0.65749 0.72545 0.78221 0.82733 0.86132 0.88565 0.90234 0.91359 0.92126 0.92669 0.93076 0.934 0.93675 0.9392 0.94148 0.94366 0.94579 0.94787 0.94992 0.95194 0.95391 0.95585 0.95773 0.95955 0.96129 0.96293 0.96441 0.96564
0.30623 0.24255 0.28298 0.61128 0.72948 0.81415 0.85593 0.67908 0.46271 0.26709 0.1241 0.042668 0.041193 0.052496 0.075357 0.13631 0.22128 0.31375 0.40597 0.49511 0.57886 0.65495 0.72141 0.77694 0.82109 0.85438 0.87822 0.89463 0.90574 0.91339 0.91889 0.9231 0.92652 0.92949 0.93219 0.93474 0.9372 0.93961 0.94198 0.94431 0.9466 0.94885 0.95105 0.95319 0.95528 0.95728 0.95918 0.96094 0.96247
0.40276 0.28431 0.3246 0.65636 0.76276 0.8274 0.85705 0.67344 0.45486 0.25799 0.11339 0.048563 0.078414 0.1047 0.12951 0.17622 0.24721 0.33004 0.41581 0.50042 0.58077 0.65419 0.71853 0.77238 0.81525 0.84761 0.87082 0.88683 0.89773 0.90532 0.91086 0.91519 0.91879 0.92198 0.92494 0.92776 0.93052 0.93322 0.93588 0.9385 0.94109 0.94361 0.94609 0.94851 0.95086 0.95314 0.95532 0.95737 0.95921
0.53539 0.4246 0.47244 0.69413 0.778 0.82947 0.85065 0.66364 0.44621 0.25218 0.11544 0.084365 0.12604 0.15921 0.18608 0.22435 0.28208 0.35336 0.43066 0.50919 0.58504 0.65501 0.71667 0.76846 0.80977 0.84099 0.86342 0.87894 0.88958 0.89706 0.90262 0.90705 0.91083 0.91424 0.91746 0.92057 0.92362 0.92663 0.92959 0.93252 0.9354 0.93822 0.94098 0.94368 0.94631 0.94888 0.95136 0.95371 0.95588
0.55357 0.49531 0.6051 0.72024 0.77754 0.82425 0.8421 0.65601 0.44443 0.25956 0.14228 0.13567 0.17938 0.21542 0.24328 0.27576 0.3222 0.38172 0.44948 0.52086 0.59133 0.65721 0.71571 0.76508 0.80458 0.83449 0.85603 0.87097 0.88128 0.88861 0.89417 0.8987 0.90265 0.90629 0.90977 0.91317 0.91653 0.91985 0.92313 0.92637 0.92955 0.93267 0.93573 0.93872 0.94165 0.94451 0.94729 0.94997 0.95247
0.42327 0.47364 0.68397 0.72747 0.76413 0.81535 0.83557 0.65516 0.45492 0.28583 0.191 0.19556 0.23691 0.27295 0.3005 0.32822 0.36505 0.41336 0.47122 0.53479 0.59927 0.66053 0.7155 0.76217 0.79965 0.8281 0.84862 0.86291 0.87284 0.88 0.88553 0.89015 0.89427 0.89814 0.90189 0.90559 0.90926 0.9129 0.9165 0.92006 0.92356 0.92698 0.93034 0.93363 0.93686 0.94003 0.94312 0.94614 0.949
0.197 0.39961 0.70661 0.70889 0.73964 0.80469 0.83237 0.66217 0.47844 0.3292 0.25264 0.26082 0.29746 0.33135 0.35736 0.38058 0.40898 0.44688 0.49493 0.55039 0.60847 0.66476 0.71588 0.75961 0.7949 0.82176 0.84119 0.85477 0.86428 0.87124 0.87673 0.88142 0.88571 0.88981 0.89384 0.89784 0.90183 0.90579 0.90973 0.91361 0.91743 0.92117 0.92484 0.92843 0.93197 0.93545 0.93887 0.94222 0.94545
0.058582 0.34156 0.67954 0.65924 0.70496 0.792 0.8305 0.67419 0.51114 0.38328 0.32045 0.32916 0.3599 0.39009 0.41346 0.43216 0.45291 0.48121 0.51979 0.5671 0.61858 0.66965 0.71671 0.75733 0.79029 0.81547 0.83372 0.84653 0.85559 0.86232 0.86776 0.87253 0.87698 0.88131 0.88562 0.88993 0.89424 0.89855 0.90282 0.90703 0.91118 0.91524 0.91922 0.92313 0.92697 0.93077 0.93453 0.93823 0.94185
0.24554 0.33584 0.6083 0.57627 0.66103 0.77536 0.82539 0.68567 0.5468 0.44128 0.39005 0.39861 0.4231 0.44857 0.46845 0.48247 0.49611 0.51553 0.54512 0.58443 0.62925 0.67498 0.71784 0.75522 0.78575 0.80917 0.8262 0.83821 0.84678 0.85327 0.85864 0.86348 0.8681 0.87267 0.87725 0.88188 0.88652 0.89117 0.89578 0.90033 0.90481 0.90919 0.91349 0.91772 0.92188 0.92601 0.9301 0.93417 0.93817
0.31373 0.34268 0.49779 0.46325 0.61048 0.75225 0.8115 0.69032 0.57924 0.49792 0.45838 0.46748 0.48598 0.50618 0.52194 0.53112 0.53805 0.54924 0.57034 0.60192 0.64017 0.68053 0.71912 0.7532 0.78124 0.80284 0.81861 0.82978 0.83785 0.84409 0.84939 0.8543 0.85908 0.86388 0.86876 0.8737 0.87868 0.88367 0.88863 0.89352 0.89833 0.90305 0.90767 0.91221 0.9167 0.92115 0.92559 0.93003 0.93444
0.26528 0.32606 0.36082 0.33222 0.55829 0.72056 0.78371 0.68271 0.60375 0.54959 0.52327 0.53431 0.54754 0.56232 0.57358 0.57781 0.57834 0.58186 0.59502 0.61922 0.65107 0.68612 0.72044 0.75119 0.7767 0.79646 0.81093 0.82125 0.82881 0.83478 0.84001 0.84498 0.84993 0.85498 0.86014 0.8654 0.87073 0.87607 0.88137 0.88661 0.89176 0.89681 0.90175 0.90662 0.91144 0.91622 0.92101 0.92583 0.93064
0.18454 0.30401 0.23923 0.21147 0.51082 0.679 0.73834 0.65922 0.61753 0.59416 0.58323 0.59791 0.60688 0.61641 0.62302 0.62225 0.61668 0.61304 0.61878 0.63601 0.6617 0.69156 0.72166 0.7491 0.77209 0.78999 0.80316 0.81262 0.81965 0.82537 0.83052 0.83555 0.84067 0.84596 0.85142 0.85701 0.86268 0.86837 0.87403 0.87961 0.8851 0.89048 0.89576 0.90095 0.90609 0.91122 0.91636 0.92156 0.92679
0.15971 0.31877 0.22937 0.16679 0.47296 0.62721 0.67351 0.61834 0.61974 0.63071 0.63731 0.65731 0.66323 0.66794 0.66993 0.66423 0.65282 0.64251 0.64136 0.65203 0.67186 0.6967 0.72269 0.74686 0.76735 0.7834 0.79528 0.80388 0.81039 0.81584 0.82092 0.82602 0.83131 0.83685 0.8426 0.84852 0.85454 0.86058 0.8666 0.87253 0.87837 0.88408 0.88968 0.8952 0.90067 0.90614 0.91164 0.91722 0.92287
0.21967 0.3743 0.3235 0.22466 0.44543 0.5658 0.58921 0.56081 0.61138 0.6593 0.68499 0.71182 0.71595 0.71646 0.71404 0.70355 0.6866 0.67007 0.66252 0.66708 0.68137 0.70142 0.72343 0.74441 0.76245 0.77669 0.78728 0.79503 0.80103 0.80621 0.81123 0.8164 0.82187 0.82765 0.8337 0.83995 0.84632 0.85272 0.85909 0.86538 0.87156 0.8776 0.88354 0.88938 0.89519 0.90099 0.90686 0.91282 0.9189
0.3239 0.43148 0.41472 0.30231 0.4249 0.49674 0.4872 0.48965 0.59502 0.68073 0.72616 0.76096 0.76453 0.76158 0.75509 0.74003 0.71785 0.69554 0.68209 0.68099 0.69008 0.7056 0.72379 0.7417 0.75735 0.76981 0.77915 0.78607 0.79156 0.79649 0.80144 0.80669 0.81234 0.81837 0.82473 0.83131 0.83803 0.8448 0.85153 0.85816 0.86468 0.87106 0.87733 0.8835 0.88963 0.89578 0.90201 0.90836 0.91488
0.40617 0.45317 0.46178 0.3611 0.40772 0.42446 0.37089 0.4106 0.57451 0.69627 0.76097 0.80444 0.80861 0.80303 0.7929 0.77356 0.74649 0.71883 0.69995 0.69362 0.6979 0.70914 0.72371 0.73867 0.75202 0.76277 0.77089 0.77699 0.782 0.78669 0.79158 0.79691 0.80274 0.80903 0.8157 0.82262 0.82969 0.83682 0.8439 0.85089 0.85775 0.86447 0.87106 0.87756 0.88402 0.89051 0.8971 0.90384 0.91079
0.42617 0.42462 0.46209 0.39786 0.39409 0.35773 0.24567 0.33329 0.55448 0.70743 0.78976 0.84215 0.84794 0.84056 0.8273 0.80403 0.77242 0.73985 0.716 0.70489 0.70471 0.71197 0.72313 0.7353 0.74644 0.75553 0.76248 0.7678 0.77234 0.7768 0.78165 0.78707 0.79309 0.79964 0.80661 0.81388 0.82131 0.82879 0.83623 0.84357 0.85077 0.85782 0.86474 0.87156 0.87835 0.88518 0.89213 0.89927 0.90665
0.38795 0.35415 0.43057 0.42192 0.38955 0.31176 0.1231 0.27378 0.53952 0.71568 0.81298 0.8741 0.88239 0.87405 0.85818 0.83137 0.7956 0.75855 0.73019 0.71472 0.71046 0.71403 0.72201 0.73153 0.74058 0.7481 0.75392 0.7585 0.76259 0.76684 0.77165 0.77717 0.78339 0.7902 0.79749 0.80509 0.81288 0.82072 0.82852 0.83621 0.84375 0.85113 0.85837 0.86551 0.87263 0.8798 0.88711 0.89464 0.90246
0.32359 0.26023 0.38792 0.44581 0.40186 0.30411 0.079612 0.2534 0.53315 0.72221 0.83108 0.90043 0.91193 0.90341 0.88549 0.85554 0.81601 0.7749 0.74247 0.72307 0.71509 0.71528 0.7203 0.72735 0.73444 0.74046 0.74522 0.74909 0.75276 0.75682 0.76161 0.76723 0.77365 0.78073 0.78833 0.79628 0.80442 0.81262 0.82078 0.82881 0.83669 0.84439 0.85196 0.85942 0.86686 0.87437 0.88203 0.88995 0.89821
0.25202 0.15488 0.3537 0.47841 0.43439 0.33832 0.18001 0.28028 0.53676 0.72781 0.84453 0.92136 0.93663 0.92863 0.90921 0.87653 0.83364 0.78891 0.75284 0.72991 0.71858 0.71569 0.71799 0.72274 0.72798 0.73261 0.73636 0.73957 0.74285 0.74673 0.75151 0.75725 0.76388 0.77124 0.77915 0.78744 0.79594 0.8045 0.81301 0.82139 0.8296 0.83763 0.84551 0.85329 0.86105 0.86889 0.87691 0.88522 0.89391
0.18763 0.045975 0.34625 0.52121 0.48245 0.39851 0.29375 0.33728 0.5493 0.73277 0.85371 0.93715 0.95661 0.94977 0.92935 0.89437 0.84851 0.80057 0.7613 0.73524 0.72092 0.71524 0.71505 0.71769 0.72122 0.72453 0.72735 0.72994 0.73286 0.7366 0.74138 0.74725 0.75409 0.76173 0.76996 0.77859 0.78745 0.79636 0.80522 0.81394 0.82248 0.83083 0.83902 0.84712 0.8552 0.86336 0.87173 0.88043 0.88955
0.17408 0.087503 0.37935 0.56921 0.53595 0.46548 0.39591 0.40328 0.56782 0.73691 0.85892 0.94813 0.97207 0.96692 0.94595 0.90908 0.86067 0.80993 0.76786 0.73906 0.72209 0.71392 0.71148 0.71218 0.71413 0.71624 0.71818 0.72021 0.72281 0.72641 0.73122 0.73722 0.74429 0.7522 0.76076 0.76974 0.77894 0.78821 0.79742 0.80648 0.81535 0.82401 0.83251 0.84091 0.8493 0.8578 0.86651 0.87559 0.88514
0.20591 0.19508 0.44886 0.61414 0.58428 0.52567 0.48013 0.4653 0.58851 0.73972 0.86044 0.95463 0.98326 0.98021 0.95912 0.92073 0.87015 0.81703 0.77256 0.74139 0.72211 0.71173 0.70727 0.70622 0.70673 0.70773 0.70887 0.71037 0.71269 0.71619 0.72103 0.72719 0.73448 0.74268 0.75156 0.76088 0.77044 0.78006 0.78962 0.79901 0.80819 0.81717 0.82598 0.83468 0.84338 0.85219 0.86125 0.87071 0.88068
0.2003 0.28538 0.53277 0.64707 0.61904 0.57077 0.543 0.51651 0.60768 0.74048 0.85845 0.95703 0.99044 0.98982 0.96893 0.9294 0.87704 0.82193 0.77544 0.74227 0.72099 0.70868 0.70243 0.69981 0.69901 0.699 0.69942 0.70045 0.70251 0.70593 0.71083 0.71715 0.72467 0.73317 0.74237 0.75204 0.76195 0.77192 0.78181 0.79153 0.80103 0.81032 0.81942 0.82842 0.83742 0.84655 0.85595 0.86577 0.87617
0.13613 0.35694 0.6054 0.66029 0.63499 0.59609 0.58273 0.55343 0.62232 0.73842 0.85314 0.95571 0.99393 0.99593 0.97554 0.93518 0.88141 0.8247 0.77657 0.74174 0.71877 0.70479 0.69697 0.69295 0.69098 0.69005 0.68982 0.69044 0.69228 0.69565 0.70062 0.70711 0.71488 0.72366 0.7332 0.74321 0.75346 0.76378 0.77401 0.78405 0.79387 0.80345 0.81285 0.82214 0.83143 0.84087 0.8506 0.86079 0.8716
0.16002 0.41472 0.64665 0.6489 0.63002 0.5996 0.59899 0.57465 0.63031 0.73288 0.8447 0.95107 0.99405 0.99877 0.97906 0.93818 0.88335 0.82541 0.776 0.73984 0.71548 0.70009 0.69091 0.68565 0.68265 0.6809 0.68009 0.68034 0.682 0.68534 0.69041 0.69708 0.7051 0.71418 0.72404 0.73439 0.745 0.75566 0.76622 0.77658 0.7867 0.79658 0.80626 0.81584 0.82542 0.83516 0.84522 0.85577 0.86699
0.27585 0.45789 0.64538 0.61198 0.60488 0.58137 0.59271 0.58011 0.6304 0.72338 0.83335 0.94351 0.99111 0.99854 0.97967 0.93853 0.88297 0.82416 0.77381 0.73662 0.71115 0.6946 0.68426 0.67793 0.67402 0.67156 0.67023 0.67017 0.67169 0.67503 0.6802 0.68706 0.69534 0.70473 0.71492 0.72561 0.73656 0.74756 0.75844 0.76912 0.77954 0.78971 0.79967 0.80952 0.81939 0.82942 0.83979 0.8507 0.86233
0.35123 0.48002 0.60036 0.55306 0.56264 0.54318 0.566 0.57078 0.6221 0.7097 0.81938 0.93344 0.98545 0.99548 0.97753 0.93635 0.88037 0.82103 0.77007 0.73216 0.70584 0.68835 0.67705 0.66981 0.6651 0.66202 0.66025 0.65993 0.66134 0.6647 0.67 0.67707 0.68561 0.69531 0.70582 0.71686 0.72815 0.73948 0.75069 0.76167 0.77239 0.78283 0.79307 0.80319 0.81333 0.82365 0.83434 0.8456 0.85762
0.36874 0.47937 0.51961 0.47958 0.50805 0.4881 0.52191 0.54839 0.60554 0.69187 0.80313 0.92126 0.97738 0.98981 0.97279 0.93177 0.87567 0.81612 0.76487 0.72651 0.69959 0.68138 0.66929 0.6613 0.65592 0.6523 0.65016 0.64963 0.65097 0.65438 0.65982 0.66711 0.67592 0.68593 0.69677 0.70814 0.71977 0.73143 0.74296 0.75424 0.76524 0.77596 0.78646 0.79685 0.80726 0.81786 0.82885 0.84045 0.85286
0.3601 0.46502 0.41796 0.40153 0.44698 0.42016 0.46422 0.51514 0.58137 0.67023 0.78503 0.90739 0.96721 0.98175 0.96564 0.92494 0.86899 0.80954 0.75828 0.71974 0.69246 0.67372 0.66103 0.65241 0.64648 0.64241 0.63997 0.63927 0.64058 0.64406 0.64967 0.65718 0.66627 0.67659 0.68776 0.69947 0.71143 0.72342 0.73525 0.74683 0.75811 0.7691 0.77986 0.7905 0.80117 0.81205 0.82333 0.83526 0.84806
0.3636 0.45159 0.3128 0.32949 0.38591 0.34411 0.39721 0.47353 0.55058 0.64534 0.76557 0.8922 0.95521 0.97152 0.95624 0.91601 0.86045 0.80138 0.75039 0.71193 0.68449 0.66543 0.65229 0.64318 0.63679 0.63237 0.62969 0.62887 0.63018 0.63376 0.63954 0.64729 0.65667 0.6673 0.67881 0.69085 0.70314 0.71544 0.72758 0.73945 0.751 0.76225 0.77326 0.78415 0.79507 0.80621 0.81779 0.83004 0.84321
0.39433 0.44737 0.2196 0.27274 0.33176 0.26536 0.32542 0.42614 0.51443 0.61802 0.7453 0.87607 0.94166 0.95932 0.94476 0.9051 0.85018 0.79176 0.7413 0.70313 0.67576 0.65653 0.64309 0.63363 0.62689 0.62218 0.61932 0.61843 0.61977 0.62347 0.62945 0.63745 0.64712 0.65807 0.6699 0.68228 0.69489 0.70751 0.71995 0.7321 0.74392 0.75541 0.76667 0.7778 0.78896 0.80036 0.81221 0.82478 0.83831
0.43973 0.44959 0.15178 0.23789 0.29141 0.19057 0.25355 0.37544 0.4744 0.58928 0.72479 0.85933 0.92677 0.94533 0.93137 0.89238 0.8383 0.78078 0.73109 0.69343 0.6663 0.64708 0.63348 0.62377 0.61677 0.61186 0.60887 0.60796 0.60936 0.61321 0.6194 0.62766 0.63763 0.64889 0.66106 0.67376 0.6867 0.69962 0.71235 0.72478 0.73685 0.74859 0.76008 0.77144 0.78284 0.79449 0.80661 0.81949 0.83337
0.48052 0.45327 0.13199 0.22797 0.27016 0.13016 0.18645 0.32367 0.43213 0.56027 0.70462 0.84227 0.91076 0.92974 0.91622 0.87798 0.82493 0.76855 0.71985 0.68291 0.65618 0.63712 0.62349 0.61363 0.60647 0.60142 0.59836 0.59746 0.59896 0.60298 0.60939 0.61793 0.6282 0.63978 0.65227 0.6653 0.67856 0.69179 0.7048 0.71749 0.72982 0.7418 0.75351 0.76509 0.77672 0.7886 0.80099 0.81416 0.82839
0.51235 0.46042 0.17571 0.24189 0.26877 0.10264 0.12953 0.27273 0.38947 0.53229 0.68534 0.82515 0.8938 0.9127 0.89948 0.86205 0.81021 0.75518 0.70767 0.67162 0.64546 0.62669 0.61314 0.60324 0.59599 0.59087 0.5878 0.58695 0.58858 0.59279 0.59944 0.60826 0.61883 0.63074 0.64356 0.65691 0.67048 0.684 0.69729 0.71024 0.72281 0.73502 0.74695 0.75875 0.77059 0.7827 0.79535 0.8088 0.82337
0.54411 0.47651 0.25638 0.27472 0.28229 0.11641 0.089785 0.22418 0.34851 0.50665 0.66744 0.80815 0.87602 0.89437 0.88128 0.84473 0.79426 0.74078 0.69465 0.65964 0.63419 0.61583 0.60247 0.59262 0.58536 0.58023 0.57719 0.57644 0.57822 0.58263 0.58955 0.59865 0.60954 0.62177 0.63491 0.64859 0.66246 0.67627 0.68984 0.70304 0.71584 0.72827 0.74041 0.75241 0.76446 0.7768 0.78968 0.80342 0.8183
0.57618 0.49851 0.34759 0.31929 0.30311 0.14702 0.073794 0.17945 0.31174 0.48462 0.6513 0.79142 0.85756 0.87487 0.86178 0.82614 0.77721 0.72544 0.68086 0.64705 0.62244 0.60459 0.59152 0.5818 0.5746 0.56952 0.56655 0.56593 0.56789 0.57253 0.57971 0.58911 0.60032 0.61287 0.62634 0.64033 0.65451 0.6686 0.68243 0.69588 0.7089 0.72154 0.73388 0.74608 0.75833 0.77088 0.784 0.798 0.8132
0.58643 0.51178 0.43295 0.36791 0.32442 0.1746 0.075606 0.1404 0.28205 0.46728 0.63717 0.77502 0.83849 0.85433 0.8411 0.80643 0.75916 0.70928 0.6664 0.63392 0.61025 0.59302 0.58031 0.5708 0.56371 0.55873 0.55589 0.55543 0.5576 0.56248 0.56995 0.57965 0.59118 0.60406 0.61785 0.63215 0.64662 0.66099 0.67508 0.68876 0.702 0.71484 0.72738 0.73976 0.75221 0.76496 0.7783 0.79256 0.80806
0.54524 0.50003 0.50172 0.41385 0.34158 0.19197 0.079504 0.11063 0.26244 0.45537 0.62517 0.75898 0.81888 0.83286 0.81939 0.78573 0.74024 0.69239 0.65134 0.62031 0.59768 0.58115 0.56888 0.55964 0.55273 0.5479 0.54521 0.54494 0.54734 0.55249 0.56025 0.57027 0.58212 0.59532 0.60944 0.62404 0.63881 0.65345 0.66778 0.68169 0.69515 0.70818 0.7209 0.73346 0.74609 0.75903 0.77258 0.78709 0.80289
0.44266 0.45588 0.54869 0.45221 0.35214 0.19716 0.076292 0.096836 0.25525 0.4492 0.61524 0.74327 0.79878 0.81057 0.79675 0.76415 0.72055 0.67487 0.63577 0.60628 0.58478 0.56902 0.55726 0.54834 0.54166 0.53702 0.53453 0.53448 0.53713 0.54257 0.55063 0.56097 0.57314 0.58667 0.60111 0.61602 0.63107 0.64597 0.66055 0.67467 0.68833 0.70155 0.71444 0.72718 0.73997 0.75309 0.76685 0.78159 0.79767
0.29831 0.38425 0.57426 0.48047 0.35561 0.19069 0.063661 0.10472 0.26096 0.44857 0.60721 0.72782 0.77823 0.78754 0.77332 0.74183 0.70022 0.65681 0.61977 0.5919 0.5716 0.55668 0.54548 0.53694 0.53053 0.52612 0.52386 0.52406 0.52698 0.53271 0.54109 0.55175 0.56426 0.57811 0.59286 0.60807 0.6234 0.63856 0.65337 0.66771 0.68156 0.69495 0.70801 0.72091 0.73386 0.74716 0.76111 0.77608 0.79243
0.14993 0.30059 0.5831 0.49861 0.35339 0.1752 0.045018 0.13066 0.27786 0.4528 0.60077 0.71252 0.75724 0.76386 0.7492 0.71886 0.67934 0.6383 0.60341 0.57724 0.55819 0.54416 0.53356 0.52545 0.51935 0.5152 0.5132 0.51367 0.51689 0.52293 0.53163 0.54263 0.55546 0.56965 0.5847 0.60021 0.61581 0.63122 0.64625 0.6608 0.67483 0.6884 0.70161 0.71466 0.72777 0.74123 0.75536 0.77054 0.78715
0.048104 0.22855 0.58213 0.50873 0.3486 0.15617 0.040105 0.16707 0.30295 0.46091 0.59554 0.69725 0.73583 0.73963 0.7245 0.69537 0.65802 0.61944 0.58676 0.56235 0.5446 0.5315 0.52155 0.51389 0.50814 0.50428 0.50257 0.50333 0.50686 0.51322 0.52226 0.53359 0.54676 0.56127 0.57664 0.59243 0.6083 0.62395 0.6392 0.65395 0.66815 0.68188 0.69524 0.70843 0.72168 0.7353 0.7496 0.76499 0.78185
0.078978 0.1971 0.57809 0.51425 0.34568 0.14353 0.07135 0.20911 0.33313 0.47172 0.59108 0.68187 0.71401 0.7149 0.69933 0.67146 0.63635 0.6003 0.5699 0.54728 0.53087 0.51873 0.50945 0.50228 0.4969 0.49337 0.49196 0.49304 0.4969 0.5036 0.51298 0.52465 0.53816 0.55299 0.56866 0.58474 0.60087 0.61676 0.63222 0.64715 0.66152 0.6754 0.6889 0.70222 0.71561 0.72937 0.74384 0.75942 0.77651
0.11837 0.21781 0.57575 0.51889 0.34935 0.14998 0.12143 0.25425 0.36583 0.48409 0.58697 0.66626 0.69179 0.68977 0.67377 0.64722 0.61443 0.58096 0.55288 0.53209 0.51705 0.50588 0.49731 0.49064 0.48567 0.48248 0.4814 0.48282 0.48701 0.49406 0.50379 0.51581 0.52966 0.54481 0.56078 0.57714 0.59352 0.60964 0.6253 0.64041 0.65495 0.66896 0.68259 0.69604 0.70955 0.72344 0.73807 0.75383 0.77115
0.14098 0.26871 0.57695 0.52544 0.3631 0.18095 0.18003 0.30094 0.39913 0.49694 0.58277 0.65029 0.66919 0.66431 0.64794 0.62276 0.59233 0.5615 0.53576 0.51683 0.50316 0.493 0.48514 0.479 0.47444 0.47162 0.47089 0.47266 0.47721 0.48462 0.4947 0.50707 0.52125 0.53673 0.553 0.56963 0.58626 0.6026 0.61846 0.63373 0.64842 0.66257 0.67632 0.68988 0.70351 0.71752 0.73229 0.74822 0.76576
0.17085 0.32746 0.58042 0.53497 0.38788 0.23048 0.24336 0.34803 0.43164 0.50937 0.57812 0.63387 0.64624 0.63858 0.62191 0.59816 0.57015 0.54199 0.51862 0.50155 0.48926 0.4801 0.47296 0.46736 0.46324 0.4608 0.46044 0.46257 0.46749 0.47527 0.48571 0.49844 0.51296 0.52875 0.54531 0.56221 0.57908 0.59563 0.61168 0.62712 0.64194 0.65622 0.67008 0.68375 0.69749 0.71162 0.72651 0.74261 0.76034
0.22487 0.38234 0.5824 0.54674 0.42199 0.29036 0.30896 0.39448 0.46237 0.52065 0.57271 0.61692 0.62297 0.61266 0.59578 0.57352 0.54795 0.52249 0.5015 0.48629 0.47538 0.46721 0.4608 0.45575 0.45207 0.45003 0.45005 0.45256 0.45786 0.46601 0.47682 0.48991 0.50476 0.52087 0.53773 0.55489 0.57199 0.58874 0.60497 0.62057 0.63553 0.64991 0.66388 0.67765 0.69148 0.70571 0.72074 0.73698 0.7549
